0 0.182479 0.428245 0.062393 0.084375
0 0.241239 0.429447 0.060256 0.081971
0 0.314530 0.434014 0.053846 0.074279
0 0.451496 0.440745 0.028632 0.058894
0 0.664957 0.513462 0.034188 0.046154
0 0.058547 0.430889 0.057265 0.084856
0 0.636111 0.773317 0.073932 0.045673
0 0.836538 0.774519 0.086752 0.040865
0 0.986111 0.773197 0.027778 0.049760
0 0.946581 0.776923 0.042735 0.052885
0 0.483761 0.438582 0.025641 0.056971
0 0.741880 0.521635 0.051282 0.024038
0 0.792094 0.520673 0.044872 0.022115
0 0.839316 0.517788 0.050427 0.023558
0 0.891026 0.514904 0.051282 0.025000
0 0.122222 0.434014 0.052991 0.074279
0 0.580342 0.524519 0.064957 0.027404
0 0.434402 0.529567 0.041453 0.030288
0 0.401709 0.514423 0.023077 0.057692
0 0.372222 0.516587 0.036752 0.059615
0 0.077564 0.536418 0.048291 0.065625
0 0.126496 0.532572 0.048718 0.065144
0 0.171795 0.539543 0.041026 0.050240
0 0.224359 0.527524 0.047863 0.074279
0 0.272009 0.531851 0.044872 0.061298
0 0.318376 0.541226 0.040171 0.048798
0 0.521795 0.529327 0.041880 0.022596
0 0.523932 0.451803 0.037607 0.032933
0 0.356838 0.360457 0.035897 0.022837
0 0.570940 0.459615 0.033333 0.017788
0 0.097650 0.353726 0.032906 0.018990
0 0.102350 0.367308 0.038034 0.010577
0 0.147863 0.352284 0.044444 0.037740
0 0.198718 0.354928 0.056410 0.031010
0 0.259615 0.354928 0.045726 0.033413
0 0.971581 0.293750 0.041453 0.057692
0 0.882479 0.277524 0.059829 0.070433
0 0.772222 0.276082 0.043590 0.074760
0 0.727350 0.276562 0.047863 0.073317
0 0.052137 0.346755 0.044444 0.050721
0 0.682051 0.273678 0.042735 0.077163
0 0.196581 0.277284 0.124786 0.069952
0 0.280983 0.282933 0.041453 0.057692
0 0.311966 0.278486 0.027350 0.067548
0 0.360256 0.257091 0.072650 0.070433
0 0.422863 0.256130 0.052564 0.068510
0 0.479060 0.241466 0.058974 0.092067
0 0.534188 0.274038 0.045299 0.035096
0 0.581624 0.276923 0.050427 0.033654
0 0.633120 0.275000 0.055128 0.027404
0 0.068590 0.269832 0.132906 0.081490
0 0.561538 0.433053 0.044444 0.033894
0 0.302564 0.361779 0.038462 0.018750
0 0.576068 0.350601 0.039316 0.039183
0 0.613034 0.458534 0.032051 0.019952
0 0.607051 0.434856 0.032906 0.023077
0 0.664957 0.433774 0.038462 0.064183
0 0.798932 0.439063 0.037179 0.053125
0 0.849145 0.452524 0.052991 0.027163
0 0.851282 0.424760 0.048718 0.029327
0 0.900427 0.420913 0.052991 0.026442
0 0.902991 0.452284 0.049573 0.026683
0 0.946581 0.426923 0.029915 0.024038
0 0.617735 0.350120 0.037179 0.040625
0 0.981410 0.431010 0.035470 0.022596
0 0.807906 0.355889 0.059402 0.030529
0 0.752137 0.355168 0.052137 0.032933
0 0.577350 0.318510 0.041880 0.025481
0 0.352137 0.333413 0.035043 0.026442
0 0.550855 0.779808 0.091453 0.037019
0 0.397436 0.343630 0.031624 0.054087
0 0.434402 0.342187 0.032906 0.058413
0 0.491453 0.350120 0.041026 0.043029
0 0.535043 0.349639 0.038462 0.039663
0 0.864103 0.353486 0.048718 0.030529
0 0.466880 0.780529 0.072222 0.033654
0 0.409402 0.441466 0.047009 0.055529
0 0.286966 0.783654 0.079060 0.030288
0 0.841026 0.718510 0.045299 0.022115
0 0.890171 0.709615 0.045299 0.028365
0 0.887607 0.678125 0.044444 0.037500
0 0.951923 0.699038 0.053419 0.057692
0 0.990171 0.690385 0.019658 0.066827
0 0.026923 0.599519 0.048718 0.069712
0 0.116026 0.609615 0.095299 0.051442
0 0.196154 0.618510 0.038462 0.040385
0 0.231624 0.611058 0.032479 0.054327
0 0.269017 0.625962 0.038889 0.021635
0 0.269872 0.601202 0.040598 0.025000
0 0.323932 0.626923 0.042735 0.025962
0 0.323932 0.600481 0.042735 0.028365
0 0.382906 0.613942 0.041026 0.048077
0 0.383333 0.576442 0.037607 0.025962
0 0.840598 0.691587 0.044444 0.025962
0 0.796795 0.694471 0.045726 0.026923
0 0.796368 0.719471 0.044872 0.019231
0 0.750427 0.719231 0.047009 0.021154
0 0.378205 0.770192 0.070085 0.037019
0 0.211538 0.703606 0.039316 0.071635
0 0.253205 0.707933 0.037179 0.049038
0 0.297863 0.708413 0.033333 0.057212
0 0.331624 0.710817 0.032479 0.059615
0 0.376496 0.708654 0.053846 0.057692
0 0.434402 0.706490 0.058547 0.058173
0 0.429274 0.607452 0.048291 0.054327
0 0.485470 0.720913 0.041880 0.022115
0 0.527350 0.702885 0.035897 0.024519
0 0.565385 0.680529 0.039316 0.025481
0 0.567949 0.723077 0.035897 0.014423
0 0.604060 0.695673 0.039744 0.067788
0 0.642308 0.693269 0.035897 0.067788
0 0.696581 0.688582 0.050427 0.079567
0 0.748718 0.694712 0.052137 0.027404
0 0.526496 0.722115 0.042735 0.017308
0 0.469658 0.609135 0.027350 0.052885
0 0.568376 0.705048 0.036752 0.021635
0 0.504701 0.598558 0.037607 0.031731
0 0.891453 0.544591 0.047863 0.026683
0 0.842308 0.544832 0.047863 0.024760
0 0.792949 0.544351 0.046581 0.023798
0 0.743590 0.545553 0.046154 0.026202
0 0.170085 0.704808 0.037607 0.064423
0 0.129060 0.714423 0.036752 0.042788
0 0.084829 0.703365 0.041453 0.068750
0 0.038889 0.681490 0.052137 0.041827
0 0.135043 0.774038 0.074359 0.008654
0 0.211111 0.762500 0.081197 0.021635
0 0.127137 0.760817 0.079060 0.015865
0 0.135897 0.788702 0.071795 0.025962
0 0.211538 0.787981 0.069231 0.026923
0 0.506410 0.624519 0.041026 0.021154
0 0.302778 0.762019 0.085043 0.015865
0 0.963462 0.498077 0.050855 0.075481
0 0.952778 0.607933 0.063675 0.024038
0 0.041026 0.789183 0.080342 0.038942
0 0.843590 0.589423 0.046154 0.025481
0 0.547863 0.626442 0.038462 0.015385
0 0.892735 0.588702 0.046154 0.026442
0 0.546154 0.599279 0.043590 0.033173
0 0.590598 0.624760 0.042735 0.016827
0 0.591026 0.604567 0.039316 0.017308
0 0.588034 0.585096 0.033333 0.019231
0 0.658974 0.621394 0.047863 0.022115
0 0.656838 0.597356 0.052137 0.024519
0 0.585470 0.568269 0.041026 0.016827
0 0.751709 0.620913 0.045299 0.023558
0 0.894444 0.617067 0.045299 0.025481
0 0.751709 0.595192 0.045299 0.027404
0 0.797222 0.595192 0.042308 0.025000
0 0.846581 0.615865 0.043590 0.027885
0 0.705983 0.622596 0.047863 0.022115
0 0.801496 0.619952 0.042308 0.024038
