0 0.619281 0.907169 0.049837 0.030025
0 0.975899 0.562960 0.048203 0.113664
0 0.576593 0.335018 0.036356 0.123468
0 0.604984 0.336857 0.021242 0.129596
0 0.644199 0.337776 0.051471 0.131434
0 0.684436 0.342831 0.021650 0.146446
0 0.722631 0.348039 0.041667 0.139706
0 0.756127 0.348499 0.022876 0.140012
0 0.791054 0.348499 0.042075 0.145527
0 0.845180 0.353707 0.062092 0.163297
0 0.899714 0.361366 0.045343 0.183517
0 0.960172 0.366575 0.068219 0.174326
0 0.405229 0.180760 0.059641 0.140931
0 0.459763 0.175245 0.033088 0.140931
0 0.491830 0.176471 0.033497 0.139706
0 0.587010 0.137868 0.107843 0.199142
0 0.691585 0.123775 0.090686 0.196078
0 0.803513 0.107690 0.097222 0.205576
0 0.571691 0.811121 0.042892 0.037071
0 0.570261 0.864277 0.042484 0.037990
0 0.570670 0.914062 0.038399 0.034620
0 0.539216 0.721967 0.040850 0.038909
0 0.530842 0.776808 0.034722 0.035846
0 0.528391 0.832261 0.033905 0.031556
0 0.531454 0.878983 0.030229 0.036152
0 0.929126 0.549479 0.041258 0.140625
0 0.874183 0.539675 0.051471 0.113051
0 0.819036 0.534007 0.056373 0.121324
0 0.762459 0.513480 0.054330 0.106005
0 0.674632 0.956189 0.067402 0.037377
0 0.684028 0.890931 0.060866 0.052696
0 0.692810 0.836857 0.049837 0.038297
0 0.753472 0.954504 0.072304 0.035846
0 0.764502 0.879902 0.066585 0.066789
0 0.855188 0.938879 0.080474 0.048100
0 0.477124 0.610600 0.036765 0.031863
0 0.490809 0.555147 0.037990 0.047794
0 0.520425 0.632506 0.040033 0.046875
0 0.529412 0.573376 0.031863 0.046262
0 0.557190 0.648591 0.030229 0.045343
0 0.566381 0.587469 0.035539 0.049939
0 0.604371 0.676011 0.064134 0.049939
0 0.612337 0.608303 0.048203 0.063419
0 0.668505 0.715227 0.051062 0.037071
0 0.673815 0.638480 0.055964 0.072917
0 0.734681 0.746170 0.059232 0.058517
0 0.748979 0.666820 0.072304 0.062806
0 0.806168 0.795037 0.078840 0.052696
0 0.842729 0.700980 0.111111 0.085172
0 0.912786 0.825980 0.112337 0.117034
0 0.551062 0.459559 0.026961 0.082108
0 0.580270 0.752604 0.042075 0.040135
0 0.608456 0.469669 0.029820 0.080882
0 0.642361 0.485447 0.035539 0.113051
0 0.683007 0.496477 0.037582 0.093444
0 0.716708 0.508272 0.030637 0.115196
0 0.624387 0.852022 0.046160 0.034926
0 0.580065 0.465686 0.022876 0.090074
0 0.633578 0.796109 0.047386 0.050551
