0 0.808449 0.140408 0.045139 0.078125
0 0.359182 0.882487 0.045525 0.053168
0 0.404514 0.884332 0.036651 0.056858
0 0.456019 0.884440 0.043981 0.054470
0 0.097994 0.163845 0.048611 0.078559
0 0.546875 0.884549 0.038966 0.059896
0 0.595486 0.884766 0.040509 0.057726
0 0.639660 0.882487 0.036265 0.057943
0 0.682099 0.881836 0.040123 0.059245
0 0.723380 0.881836 0.035494 0.059245
0 0.767747 0.882921 0.042438 0.058811
0 0.146219 0.161675 0.036265 0.076823
0 0.502315 0.884983 0.040895 0.060764
0 0.847994 0.123047 0.028549 0.038628
0 0.260417 0.883681 0.043210 0.058160
0 0.208912 0.444336 0.044367 0.075304
0 0.259066 0.443359 0.040509 0.075955
0 0.306134 0.442925 0.043596 0.077691
0 0.352431 0.442383 0.045139 0.076606
0 0.400077 0.443902 0.040123 0.074436
0 0.450424 0.442057 0.049769 0.083333
0 0.161651 0.444770 0.045525 0.076172
0 0.499807 0.443034 0.044367 0.075304
0 0.591628 0.441189 0.041281 0.081597
0 0.638696 0.441623 0.044367 0.077257
0 0.687307 0.442383 0.045910 0.076606
0 0.735725 0.440213 0.047840 0.077040
0 0.784144 0.440213 0.038966 0.074436
0 0.308256 0.885417 0.043210 0.059028
0 0.547261 0.443034 0.039738 0.077908
0 0.108218 0.445095 0.055941 0.079427
0 0.027392 0.403971 0.054012 0.073568
0 0.015239 0.498264 0.030478 0.058594
0 0.691358 0.530382 0.045525 0.074219
0 0.644676 0.531467 0.039352 0.076389
0 0.596644 0.531467 0.042824 0.076389
0 0.550347 0.531576 0.041281 0.074002
0 0.501929 0.529622 0.040123 0.072700
0 0.458912 0.530382 0.040509 0.071615
0 0.410494 0.530056 0.043981 0.070964
0 0.365934 0.530490 0.037423 0.069661
0 0.322338 0.531141 0.045910 0.070964
0 0.276042 0.531467 0.039738 0.073785
0 0.225116 0.530707 0.046682 0.074870
0 0.178819 0.531684 0.036651 0.072049
0 0.132716 0.533203 0.039352 0.069878
0 0.050733 0.552192 0.062114 0.048394
0 0.059414 0.496853 0.049383 0.055773
0 0.888310 0.439236 0.057485 0.072483
0 0.980710 0.321832 0.038580 0.082031
0 0.896798 0.348741 0.035108 0.074653
0 0.855710 0.347656 0.037809 0.079861
0 0.565008 0.351237 0.032022 0.074870
0 0.529900 0.352105 0.031250 0.076606
0 0.494792 0.351454 0.030478 0.072700
0 0.452739 0.347656 0.043596 0.078125
0 0.411651 0.349392 0.033179 0.073785
0 0.369406 0.346463 0.045910 0.075304
0 0.320409 0.345595 0.045910 0.075738
0 0.259259 0.347005 0.036265 0.071181
0 0.220679 0.347331 0.028549 0.071832
0 0.184992 0.349284 0.031250 0.075738
0 0.145062 0.351128 0.042438 0.077257
0 0.030478 0.312826 0.043210 0.078776
0 0.985147 0.157986 0.029707 0.071615
0 0.947724 0.158529 0.032793 0.075304
0 0.903549 0.162109 0.048611 0.070312
0 0.601273 0.352214 0.030478 0.076823
0 0.738426 0.531793 0.040123 0.077040
0 0.638503 0.351020 0.035494 0.079210
0 0.708140 0.351237 0.031250 0.079644
0 0.818673 0.349067 0.030864 0.077908
0 0.781829 0.348633 0.035880 0.081814
0 0.186728 0.162652 0.039352 0.080946
0 0.235725 0.162109 0.050154 0.085069
0 0.282600 0.164062 0.039738 0.086372
0 0.329090 0.161892 0.046296 0.084635
0 0.378472 0.161675 0.049383 0.086372
0 0.429784 0.160699 0.047840 0.089193
0 0.479360 0.159071 0.046682 0.085938
0 0.527971 0.157010 0.044367 0.084418
0 0.576968 0.158529 0.055941 0.087457
0 0.628279 0.161458 0.036651 0.085938
0 0.675540 0.161133 0.048611 0.083116
0 0.726852 0.161350 0.042438 0.083550
0 0.744599 0.348199 0.034722 0.080946
0 0.673418 0.351780 0.027392 0.080729
0 0.783758 0.531141 0.039738 0.075738
0 0.829861 0.439562 0.049383 0.073134
0 0.882716 0.530056 0.041667 0.076172
0 0.455633 0.805230 0.033951 0.067057
0 0.415509 0.803277 0.036265 0.070530
0 0.379051 0.805556 0.032793 0.065538
0 0.339892 0.803494 0.034722 0.068359
0 0.303627 0.802843 0.033951 0.067057
0 0.264275 0.804362 0.033951 0.070095
0 0.226852 0.803819 0.037037 0.069010
0 0.186343 0.802300 0.038580 0.071181
0 0.146605 0.801107 0.037037 0.070964
0 0.092978 0.766710 0.029321 0.080295
0 0.140046 0.705621 0.032407 0.063151
0 0.179977 0.707248 0.034336 0.066406
0 0.875772 0.703234 0.037037 0.068359
0 0.835069 0.705295 0.033565 0.067274
0 0.492670 0.806641 0.034722 0.065104
0 0.797647 0.705838 0.032793 0.068359
0 0.721258 0.705621 0.031250 0.067925
0 0.638696 0.704536 0.035880 0.070964
0 0.600887 0.704861 0.029707 0.069010
0 0.564236 0.706163 0.035880 0.066840
0 0.525077 0.703885 0.033951 0.069661
0 0.487076 0.704970 0.032022 0.069227
0 0.447917 0.706055 0.040895 0.068793
0 0.214699 0.708225 0.029707 0.068359
0 0.255594 0.711806 0.033565 0.070747
0 0.292245 0.707791 0.032793 0.070530
0 0.330247 0.708225 0.030864 0.068359
0 0.369985 0.707791 0.037037 0.067491
0 0.409722 0.706055 0.029321 0.074002
0 0.831790 0.528971 0.053241 0.074002
0 0.757330 0.703885 0.030093 0.069661
0 0.530285 0.806641 0.035880 0.062500
0 0.681327 0.704861 0.038580 0.069010
0 0.609568 0.799913 0.040123 0.074653
0 0.045525 0.674262 0.060957 0.061632
0 0.924961 0.531250 0.031250 0.068576
0 0.130208 0.622504 0.038966 0.070530
0 0.175347 0.621636 0.043596 0.070964
0 0.569252 0.804796 0.036651 0.064887
0 0.224730 0.621636 0.049769 0.070964
0 0.273534 0.620985 0.039352 0.074870
0 0.316358 0.621202 0.037809 0.077474
0 0.026620 0.869141 0.044753 0.080295
0 0.081983 0.870009 0.049769 0.086806
0 0.401813 0.620660 0.039738 0.078993
0 0.448110 0.620334 0.045139 0.073568
0 0.983796 0.871528 0.032407 0.070312
0 0.988426 0.780056 0.023148 0.070530
0 0.912037 0.800998 0.038580 0.065972
0 0.360532 0.621636 0.035108 0.080946
0 0.836227 0.801758 0.031250 0.064887
0 0.818673 0.621094 0.043981 0.077257
0 0.874807 0.801866 0.030478 0.062934
0 0.866319 0.622396 0.048225 0.075087
0 0.943480 0.696506 0.096065 0.076606
0 0.754823 0.802626 0.033565 0.064453
0 0.721644 0.620660 0.041281 0.078993
0 0.675733 0.620334 0.041281 0.077474
0 0.769869 0.620009 0.050540 0.070312
0 0.631366 0.621311 0.042824 0.080295
0 0.586034 0.619358 0.043210 0.081163
0 0.542438 0.618490 0.038580 0.076823
0 0.495563 0.618924 0.044367 0.072917
0 0.796296 0.802734 0.038580 0.064670
0 0.717400 0.802300 0.036651 0.063802
