0 0.172852 0.799740 0.057422 0.049479
0 0.673828 0.413802 0.020313 0.033854
0 0.722656 0.449740 0.030469 0.047396
0 0.719922 0.379167 0.029687 0.050000
0 0.723047 0.324219 0.033594 0.057813
0 0.406445 0.581510 0.044922 0.048438
0 0.397656 0.530990 0.053125 0.048438
0 0.260742 0.621354 0.061328 0.066667
0 0.184375 0.556250 0.071094 0.050000
0 0.127148 0.656250 0.077734 0.068750
0 0.022852 0.633594 0.044922 0.116146
0 0.625977 0.802604 0.033203 0.052083
0 0.591602 0.824479 0.029297 0.043750
0 0.554492 0.854948 0.044922 0.046354
0 0.514258 0.872917 0.033984 0.047917
0 0.651563 0.417187 0.021875 0.033333
0 0.467773 0.909635 0.056641 0.042188
0 0.678320 0.592187 0.023828 0.026042
0 0.654297 0.602865 0.022656 0.026562
0 0.679492 0.558333 0.021484 0.027083
0 0.620313 0.614323 0.044531 0.019271
0 0.618750 0.578646 0.046875 0.022917
0 0.174219 0.416406 0.064844 0.066146
0 0.170313 0.485417 0.064844 0.056250
0 0.057031 0.479167 0.080469 0.078125
0 0.094141 0.579948 0.092969 0.057813
0 0.058594 0.333073 0.085938 0.078646
0 0.357617 0.967187 0.050391 0.058333
0 0.166602 0.320312 0.088672 0.063542
0 0.242773 0.321875 0.060547 0.059375
0 0.299414 0.322396 0.052734 0.057292
0 0.411328 0.926042 0.054688 0.082292
0 0.628516 0.420573 0.022656 0.033854
0 0.603125 0.425781 0.025781 0.036979
0 0.673438 0.503906 0.029687 0.028646
0 0.108008 0.804427 0.071484 0.086979
0 0.309961 0.460938 0.048047 0.045833
0 0.309375 0.409115 0.049219 0.045312
0 0.232227 0.476823 0.059766 0.053646
0 0.513477 0.549219 0.029297 0.036979
0 0.511719 0.509375 0.031250 0.035417
0 0.543164 0.542969 0.029297 0.034896
0 0.541797 0.500521 0.026562 0.035417
0 0.640820 0.515104 0.019141 0.033333
0 0.620703 0.519531 0.019531 0.035937
0 0.598047 0.527344 0.023438 0.030729
0 0.571484 0.536979 0.027344 0.041667
0 0.570312 0.492708 0.029687 0.036458
0 0.670898 0.375521 0.021484 0.035417
0 0.648438 0.378646 0.021094 0.035417
0 0.463867 0.393229 0.030859 0.043750
0 0.428516 0.396094 0.035156 0.043229
0 0.668945 0.470052 0.023828 0.032813
0 0.316797 0.607552 0.048438 0.065104
0 0.445703 0.569531 0.031250 0.049479
0 0.476367 0.511198 0.037891 0.046354
0 0.479883 0.560937 0.034766 0.042708
0 0.386914 0.454427 0.044141 0.049479
0 0.346875 0.267188 0.046875 0.053125
0 0.431836 0.448177 0.038672 0.047396
0 0.533203 0.435937 0.028125 0.043750
0 0.503711 0.439063 0.030859 0.042708
0 0.360547 0.402083 0.038281 0.047917
0 0.396094 0.400260 0.028125 0.048438
0 0.569531 0.429948 0.041406 0.044271
0 0.530664 0.388802 0.030078 0.039062
0 0.469336 0.443750 0.033984 0.045833
0 0.349219 0.323437 0.046094 0.056250
0 0.654883 0.566406 0.026172 0.026562
0 0.542578 0.757031 0.025781 0.032813
0 0.105469 0.144271 0.069531 0.071875
0 0.174219 0.083594 0.062500 0.067187
0 0.173242 0.153385 0.060547 0.066146
0 0.020703 0.094271 0.041406 0.116667
0 0.237305 0.160156 0.062109 0.063021
0 0.294922 0.169271 0.051562 0.060417
0 0.344531 0.178385 0.044531 0.054688
0 0.285352 0.105469 0.052734 0.046354
0 0.385937 0.126823 0.045312 0.047396
0 0.389258 0.185156 0.044141 0.053646
0 0.468359 0.144531 0.039844 0.048438
0 0.451953 0.196094 0.078906 0.051562
0 0.307617 0.960417 0.032422 0.047917
0 0.096094 0.070573 0.071094 0.072396
0 0.544531 0.155729 0.027344 0.043750
0 0.422461 0.697917 0.037891 0.031250
0 0.378906 0.712500 0.046094 0.036458
0 0.378125 0.665104 0.044531 0.038542
0 0.231250 0.775781 0.057813 0.039062
0 0.542188 0.203385 0.025000 0.046354
0 0.571094 0.204948 0.028906 0.039062
0 0.599805 0.208594 0.026953 0.039062
0 0.627734 0.211979 0.025781 0.039583
0 0.650586 0.216667 0.017578 0.041667
0 0.672461 0.217708 0.023047 0.043750
0 0.694336 0.225000 0.017578 0.047917
0 0.579492 0.590104 0.027734 0.029167
0 0.033203 0.897917 0.066406 0.118750
0 0.510742 0.198177 0.037109 0.049479
0 0.726758 0.489844 0.019141 0.032813
0 0.509766 0.145313 0.039844 0.050000
0 0.762500 0.322396 0.019531 0.033333
0 0.511719 0.767969 0.035937 0.030729
0 0.705469 0.496615 0.021875 0.027604
0 0.473828 0.786198 0.030469 0.029687
0 0.439648 0.810417 0.039453 0.030208
0 0.401367 0.834635 0.040234 0.033854
0 0.359180 0.854948 0.043359 0.040104
0 0.311328 0.876302 0.050781 0.038021
0 0.218359 0.917448 0.042188 0.072396
0 0.387500 0.309896 0.027344 0.080208
0 0.448437 0.322917 0.035937 0.047917
0 0.482812 0.323958 0.029687 0.050000
0 0.514453 0.323437 0.031250 0.048958
0 0.543945 0.278125 0.030859 0.043750
0 0.545312 0.322135 0.028906 0.043229
0 0.415625 0.310417 0.027344 0.078125
0 0.573047 0.322135 0.025000 0.039062
0 0.651563 0.321094 0.025000 0.036979
0 0.573242 0.280990 0.025391 0.043229
0 0.626172 0.321875 0.023438 0.037500
0 0.622852 0.282813 0.021484 0.036458
0 0.600000 0.321875 0.027344 0.035417
0 0.460352 0.679167 0.037109 0.028125
0 0.598437 0.282031 0.025000 0.042188
0 0.582812 0.630469 0.028906 0.030729
0 0.541602 0.642708 0.051953 0.037500
0 0.130859 0.961458 0.045312 0.073958
0 0.176563 0.935417 0.041406 0.069792
0 0.494336 0.666406 0.030078 0.033854
0 0.682422 0.320833 0.035156 0.033333
