0 0.049679 0.352780 0.040385 0.126188
0 0.653045 0.625713 0.023397 0.079848
0 0.534615 0.777448 0.017949 0.029230
0 0.555769 0.776260 0.012179 0.029705
0 0.574840 0.775071 0.016346 0.029705
0 0.611058 0.817609 0.015705 0.047291
0 0.628846 0.813688 0.014744 0.048479
0 0.647276 0.812975 0.017628 0.043726
0 0.678846 0.820342 0.018590 0.027091
0 0.703686 0.816540 0.011859 0.026141
0 0.484936 0.784102 0.019872 0.045390
0 0.718590 0.815589 0.010897 0.028042
0 0.771314 0.806440 0.015064 0.046340
0 0.790385 0.808817 0.016667 0.043964
0 0.814263 0.809767 0.016346 0.045865
0 0.832853 0.806559 0.013782 0.039924
0 0.850641 0.806440 0.018590 0.040162
0 0.912981 0.811906 0.024679 0.041587
0 0.932212 0.806440 0.011859 0.033983
0 0.949359 0.798717 0.009615 0.038973
0 0.750962 0.807391 0.019231 0.046816
0 0.463942 0.784933 0.017628 0.049905
0 0.446955 0.785171 0.020192 0.047053
0 0.422756 0.787429 0.022436 0.052994
0 0.127083 0.795509 0.014423 0.033032
0 0.186378 0.826283 0.015064 0.023289
0 0.204968 0.825333 0.018269 0.027567
0 0.229167 0.824026 0.018590 0.025903
0 0.259135 0.823907 0.016346 0.028042
0 0.277885 0.823313 0.020513 0.027329
0 0.297436 0.823788 0.014103 0.032557
0 0.315545 0.823669 0.013782 0.032795
0 0.338782 0.826283 0.020513 0.027567
0 0.359776 0.825927 0.017628 0.026378
0 0.379327 0.824501 0.014423 0.026854
0 0.396474 0.823550 0.017949 0.026854
0 0.339423 0.792894 0.016667 0.031606
0 0.358654 0.791944 0.018590 0.031606
0 0.377244 0.791350 0.018590 0.030894
0 0.396955 0.789567 0.015705 0.030181
0 0.428205 0.828541 0.016667 0.027329
0 0.447917 0.826046 0.013782 0.026141
0 0.464263 0.824026 0.009936 0.027804
0 0.649519 0.766397 0.013782 0.042776
0 0.631410 0.623337 0.019872 0.078422
0 0.629968 0.767942 0.013782 0.042063
0 0.087019 0.793013 0.013141 0.035646
0 0.761538 0.678470 0.015385 0.034221
0 0.728686 0.688688 0.014423 0.052281
0 0.708173 0.687262 0.012500 0.049430
0 0.687019 0.686787 0.015705 0.052757
0 0.650481 0.704016 0.013141 0.072481
0 0.632532 0.702353 0.013782 0.072481
0 0.612179 0.702234 0.023718 0.073194
0 0.951603 0.621317 0.017308 0.082462
0 0.782212 0.678232 0.016987 0.031369
0 0.929167 0.622980 0.017949 0.081036
0 0.883173 0.619891 0.015705 0.082937
0 0.860417 0.620010 0.018269 0.082700
0 0.839263 0.620366 0.018269 0.084363
0 0.816346 0.616801 0.020513 0.087215
0 0.793750 0.617514 0.017628 0.081511
0 0.726122 0.618940 0.020192 0.081036
0 0.706090 0.620010 0.014103 0.078897
0 0.683974 0.618702 0.023718 0.079135
0 0.907532 0.621911 0.022115 0.087452
0 0.802564 0.677281 0.015385 0.031844
0 0.757853 0.721958 0.016346 0.049905
0 0.777404 0.721483 0.015705 0.047053
0 0.682853 0.777567 0.021474 0.049905
0 0.702724 0.776141 0.013141 0.046578
0 0.722276 0.776260 0.018269 0.048241
0 0.752083 0.766873 0.015705 0.027567
0 0.773718 0.766516 0.016667 0.028279
0 0.793269 0.766397 0.013462 0.028517
0 0.824038 0.759149 0.016026 0.044914
0 0.843269 0.759506 0.017949 0.046103
0 0.862500 0.759981 0.016667 0.045152
0 0.887179 0.765803 0.018590 0.046340
0 0.907372 0.763427 0.013462 0.044914
0 0.928045 0.763783 0.018269 0.044202
0 0.935897 0.700333 0.017308 0.071293
0 0.917468 0.701640 0.013782 0.072006
0 0.899038 0.701996 0.014103 0.072719
0 0.872756 0.696768 0.014744 0.068441
0 0.853365 0.696055 0.015705 0.069392
0 0.833173 0.696649 0.014423 0.070580
0 0.799038 0.722671 0.014103 0.053707
0 0.607532 0.766397 0.022756 0.047053
0 0.768429 0.616920 0.025962 0.086977
0 0.105769 0.794558 0.019872 0.032557
0 0.578846 0.718394 0.019231 0.078422
0 0.137500 0.749049 0.021154 0.050380
0 0.168109 0.774358 0.020833 0.064876
0 0.187500 0.772933 0.017308 0.063451
0 0.207372 0.773527 0.017308 0.062262
0 0.228365 0.772457 0.016987 0.066302
0 0.250160 0.682272 0.024038 0.031369
0 0.272115 0.682866 0.014103 0.030181
0 0.291026 0.683698 0.012821 0.028517
0 0.248718 0.718988 0.023718 0.029230
0 0.271154 0.717799 0.012179 0.029230
0 0.292308 0.719344 0.017949 0.030418
0 0.257212 0.771744 0.024038 0.070105
0 0.279968 0.771982 0.015705 0.067253
0 0.297436 0.771982 0.017308 0.065352
0 0.315224 0.773051 0.015705 0.063213
0 0.119231 0.747861 0.016026 0.052757
0 0.342147 0.692134 0.016346 0.049192
0 0.100481 0.745604 0.015064 0.049192
0 0.221635 0.700689 0.015064 0.072006
0 0.079006 0.673123 0.025321 0.085314
0 0.100641 0.675261 0.017949 0.085314
0 0.118429 0.674786 0.016987 0.088165
0 0.138622 0.673360 0.020833 0.093394
0 0.241827 0.612643 0.029808 0.099810
0 0.268590 0.622029 0.018590 0.081036
0 0.289904 0.622742 0.016346 0.081511
0 0.309135 0.620722 0.020833 0.085551
0 0.340224 0.623574 0.026603 0.082224
0 0.363141 0.617514 0.016026 0.075333
0 0.381891 0.618346 0.016987 0.073669
0 0.400481 0.615257 0.014423 0.073669
0 0.165064 0.697956 0.017308 0.079373
0 0.183974 0.697006 0.015385 0.077471
0 0.203365 0.698669 0.015064 0.077947
0 0.076763 0.745247 0.026603 0.049905
0 0.362821 0.689758 0.015385 0.050143
0 0.382692 0.689995 0.012821 0.051568
0 0.781410 0.484197 0.111538 0.091017
0 0.687981 0.375356 0.113141 0.091492
0 0.803526 0.376069 0.110256 0.091968
0 0.914744 0.379278 0.110256 0.092205
0 0.900321 0.484316 0.123718 0.093156
0 0.143109 0.353612 0.122756 0.118346
0 0.672276 0.483721 0.103526 0.090067
0 0.563942 0.482058 0.113141 0.089116
0 0.439103 0.474810 0.111538 0.105989
0 0.325962 0.474335 0.113462 0.098384
0 0.208494 0.474453 0.112500 0.102424
0 0.092468 0.475523 0.111859 0.102186
0 0.185256 0.610741 0.035256 0.093156
0 0.400641 0.689758 0.012179 0.053945
0 0.423077 0.714116 0.020513 0.080798
0 0.446154 0.717087 0.018590 0.078660
0 0.465545 0.716730 0.015064 0.081274
0 0.608494 0.625119 0.024679 0.074857
0 0.569872 0.372624 0.119231 0.092681
0 0.559615 0.716849 0.017308 0.081511
0 0.537179 0.716255 0.019872 0.080323
0 0.401923 0.744891 0.011538 0.046340
0 0.272276 0.350166 0.127244 0.122861
0 0.364583 0.745722 0.016346 0.049430
0 0.345673 0.744891 0.017628 0.047766
0 0.484936 0.715423 0.014103 0.078660
0 0.384135 0.743227 0.015705 0.047291
