0 0.938317 0.790901 0.033497 0.047488
0 0.761438 0.787224 0.034314 0.048100
0 0.979167 0.783395 0.035948 0.062500
0 0.857843 0.780178 0.025327 0.038909
0 0.829453 0.789216 0.020833 0.046569
0 0.800041 0.790748 0.031454 0.047794
0 0.723243 0.781403 0.033905 0.050551
0 0.172590 0.794577 0.070670 0.056679
0 0.653186 0.786612 0.036765 0.053615
0 0.611724 0.783854 0.039624 0.054841
0 0.563521 0.783548 0.034722 0.055453
0 0.113358 0.776195 0.025735 0.035846
0 0.033701 0.791667 0.057598 0.048407
0 0.899306 0.790288 0.037990 0.048713
0 0.691176 0.772365 0.018791 0.036765
0 0.962418 0.711397 0.066993 0.048407
0 0.612132 0.643229 0.061683 0.049939
0 0.821078 0.712010 0.064542 0.052083
0 0.463644 0.645067 0.063725 0.050551
0 0.233660 0.789062 0.040850 0.060355
0 0.543505 0.643995 0.070670 0.048407
0 0.678717 0.642157 0.064134 0.045343
0 0.750408 0.641850 0.066993 0.048407
0 0.822304 0.642157 0.064542 0.047794
0 0.890727 0.711857 0.066585 0.049939
0 0.027982 0.715227 0.055964 0.052390
0 0.168709 0.721201 0.068627 0.052083
0 0.386029 0.715993 0.066993 0.057598
0 0.462010 0.713235 0.072712 0.052083
0 0.614379 0.713388 0.066176 0.051777
0 0.683619 0.712010 0.064134 0.047181
0 0.751021 0.711550 0.061683 0.048100
0 0.094158 0.720588 0.069036 0.050858
0 0.282067 0.788143 0.040441 0.060355
0 0.156454 0.198223 0.038399 0.049632
0 0.375000 0.785080 0.040850 0.060355
0 0.898489 0.876225 0.036356 0.060049
0 0.941993 0.873468 0.038399 0.068015
0 0.981005 0.875306 0.036356 0.068627
0 0.510212 0.178002 0.062092 0.106005
0 0.436887 0.178922 0.080474 0.093137
0 0.370711 0.202206 0.036356 0.053309
0 0.861315 0.876225 0.035539 0.060049
0 0.318015 0.198836 0.043709 0.053309
0 0.269199 0.200368 0.044118 0.052083
0 0.214869 0.200214 0.048203 0.052390
0 0.159518 0.142004 0.047794 0.056679
0 0.110090 0.139246 0.042892 0.053615
0 0.110294 0.195619 0.043301 0.050551
0 0.391544 0.646293 0.065768 0.055453
0 0.266340 0.141238 0.044118 0.053922
0 0.331495 0.786305 0.040441 0.060355
0 0.814747 0.867034 0.037173 0.071691
0 0.729984 0.872702 0.028595 0.064645
0 0.426062 0.789982 0.040850 0.060355
0 0.468954 0.791820 0.040850 0.060355
0 0.518382 0.790288 0.040850 0.060355
0 0.061683 0.897825 0.065359 0.037071
0 0.137868 0.884804 0.064951 0.049632
0 0.025123 0.846967 0.050245 0.035846
0 0.771650 0.868873 0.035948 0.069853
0 0.213848 0.882966 0.077206 0.055760
0 0.441993 0.898897 0.081699 0.037377
0 0.441381 0.858150 0.084559 0.036765
0 0.505923 0.869792 0.035539 0.072917
0 0.554534 0.872855 0.044526 0.077819
0 0.637868 0.871170 0.040441 0.067708
0 0.687296 0.872855 0.037990 0.064338
0 0.363766 0.882812 0.059232 0.053615
0 0.893382 0.643689 0.068627 0.049020
0 0.445057 0.337316 0.069036 0.034926
0 0.746324 0.571998 0.067810 0.048407
0 0.675858 0.334865 0.067402 0.034926
0 0.670956 0.298866 0.064951 0.029105
0 0.676675 0.272978 0.056781 0.014706
0 0.771855 0.322151 0.112337 0.053615
0 0.868668 0.339001 0.071487 0.033395
0 0.853554 0.302543 0.044526 0.030944
0 0.610294 0.266544 0.066993 0.018382
0 0.950572 0.320772 0.089052 0.068015
0 0.854167 0.414216 0.075980 0.068627
0 0.739788 0.414216 0.146242 0.071078
0 0.616830 0.431679 0.062092 0.031250
0 0.617239 0.398131 0.053922 0.027267
0 0.025735 0.412224 0.049020 0.060968
0 0.104575 0.413909 0.071895 0.055760
0 0.957108 0.408854 0.080882 0.074449
0 0.204453 0.419884 0.069853 0.048100
0 0.600082 0.296722 0.071895 0.031556
0 0.520425 0.336244 0.070261 0.034620
0 0.929943 0.205729 0.035539 0.055453
0 0.978350 0.208640 0.043301 0.053922
0 0.022059 0.282475 0.035131 0.034314
0 0.133987 0.270680 0.072712 0.044424
0 0.102124 0.322304 0.058007 0.046569
0 0.175245 0.321538 0.069444 0.050551
0 0.597631 0.338082 0.075163 0.040135
0 0.254085 0.322610 0.075163 0.052696
0 0.349673 0.318781 0.107026 0.065257
0 0.051266 0.187500 0.062500 0.073529
0 0.447100 0.303156 0.060866 0.020527
0 0.438521 0.271446 0.071487 0.022059
0 0.522467 0.299786 0.071895 0.032169
0 0.518587 0.270374 0.067402 0.019914
0 0.272263 0.263940 0.062500 0.027880
0 0.314542 0.409007 0.125817 0.069853
0 0.425041 0.409314 0.074755 0.069240
0 0.511438 0.409007 0.089052 0.072304
0 0.292688 0.640319 0.075572 0.049020
0 0.387663 0.575827 0.061275 0.045037
0 0.826389 0.196844 0.069444 0.070772
0 0.753676 0.194547 0.064542 0.071078
0 0.829657 0.122855 0.066993 0.069853
0 0.757353 0.122549 0.065359 0.068627
0 0.173407 0.643995 0.069036 0.050858
0 0.687092 0.118107 0.068627 0.077512
0 0.623775 0.176624 0.042484 0.108762
0 0.573529 0.175398 0.042484 0.113664
0 0.456291 0.574449 0.067810 0.050245
0 0.530025 0.573376 0.068219 0.054841
0 0.604371 0.571691 0.067402 0.055760
0 0.673407 0.572151 0.062500 0.052390
0 0.681985 0.195312 0.067402 0.069547
0 0.099877 0.644455 0.065768 0.045037
0 0.263072 0.573376 0.071895 0.049939
0 0.188521 0.572763 0.065768 0.048713
0 0.036560 0.500153 0.073121 0.049939
0 0.111724 0.503983 0.068219 0.049020
0 0.210172 0.496170 0.109069 0.062806
0 0.306373 0.513021 0.069444 0.029105
0 0.306577 0.473499 0.073121 0.034620
0 0.425449 0.495098 0.143382 0.062500
0 0.549428 0.489737 0.082516 0.059130
0 0.636642 0.504749 0.083742 0.034007
0 0.747345 0.509804 0.069853 0.037377
0 0.825776 0.499694 0.073938 0.057598
0 0.946487 0.495098 0.102124 0.066789
0 0.968137 0.571232 0.062908 0.054228
0 0.966299 0.644914 0.064951 0.050858
0 0.039828 0.574142 0.064134 0.053309
0 0.115196 0.574295 0.068627 0.054841
0 0.820057 0.573070 0.065768 0.048100
0 0.887868 0.151195 0.042892 0.056679
0 0.882966 0.207108 0.036356 0.050245
