0 0.255787 0.247287 0.071759 0.044922
0 0.284529 0.765734 0.119985 0.076172
0 0.411458 0.763021 0.106867 0.058160
0 0.534144 0.752062 0.073688 0.041884
0 0.633295 0.793186 0.076003 0.056424
0 0.637731 0.748372 0.061728 0.026693
0 0.726273 0.752279 0.080633 0.038845
0 0.723380 0.801215 0.084877 0.055990
0 0.118634 0.593099 0.068287 0.059028
0 0.060764 0.691732 0.072917 0.031467
0 0.134645 0.690430 0.073302 0.029731
0 0.150077 0.648438 0.080247 0.024306
0 0.331983 0.246853 0.082176 0.045356
0 0.236883 0.695855 0.060185 0.034071
0 0.307870 0.681424 0.053241 0.031684
0 0.473380 0.589735 0.074074 0.018880
0 0.588927 0.244032 0.094522 0.048828
0 0.903549 0.242188 0.123457 0.049913
0 0.295525 0.177083 0.097994 0.042101
0 0.200231 0.177517 0.090278 0.043837
0 0.100694 0.180556 0.083333 0.047309
0 0.030285 0.181424 0.049769 0.048611
0 0.042824 0.136936 0.081790 0.035590
0 0.195216 0.129123 0.098765 0.049479
0 0.412809 0.245226 0.071759 0.049913
0 0.472608 0.567491 0.070216 0.017795
0 0.170139 0.777778 0.100309 0.098958
0 0.557870 0.580295 0.084105 0.032118
0 0.068480 0.782335 0.099151 0.093750
0 0.253279 0.592122 0.076775 0.051866
0 0.814429 0.802951 0.071759 0.047743
0 0.893326 0.812391 0.074460 0.028429
0 0.892168 0.773655 0.066744 0.039931
0 0.970872 0.807292 0.058256 0.034288
0 0.968943 0.764431 0.062114 0.037543
0 0.968943 0.670139 0.052083 0.031250
0 0.968943 0.702799 0.062114 0.030165
0 0.828511 0.690647 0.063657 0.034939
0 0.900270 0.692708 0.066744 0.034288
0 0.902778 0.654514 0.072531 0.040799
0 0.831404 0.651801 0.068673 0.035807
0 0.759645 0.692491 0.054784 0.040799
0 0.759259 0.645182 0.054784 0.028646
0 0.693866 0.675022 0.066744 0.042318
0 0.377508 0.694227 0.064429 0.033420
0 0.447338 0.694010 0.067515 0.030382
0 0.514853 0.694661 0.062886 0.032552
0 0.579475 0.691298 0.060185 0.038411
0 0.579861 0.646376 0.059414 0.029731
0 0.515432 0.656684 0.060185 0.038194
0 0.443673 0.659180 0.067901 0.034071
0 0.377122 0.656250 0.061343 0.038628
0 0.476273 0.610786 0.066744 0.019748
0 0.328511 0.590061 0.064429 0.056424
0 0.398341 0.591580 0.063657 0.055556
0 0.186343 0.595161 0.055556 0.057509
0 0.560571 0.607313 0.089506 0.021484
0 0.234182 0.664497 0.072531 0.026042
0 0.660108 0.577799 0.094907 0.027995
0 0.548418 0.024306 0.126157 0.047743
0 0.643519 0.025391 0.059414 0.048611
0 0.742477 0.024523 0.131559 0.047309
0 0.880787 0.022895 0.138889 0.043620
0 0.660880 0.604818 0.098765 0.023872
0 0.775656 0.170247 0.095293 0.051866
0 0.484375 0.175022 0.082948 0.049696
0 0.392940 0.177517 0.094522 0.048611
0 0.296489 0.128472 0.096065 0.050347
0 0.450039 0.413303 0.106867 0.056207
0 0.538194 0.420030 0.060957 0.044054
0 0.601659 0.419271 0.064429 0.042101
0 0.412616 0.024740 0.136188 0.047309
0 0.674383 0.419271 0.074074 0.040365
0 0.837577 0.418620 0.082562 0.041233
0 0.925926 0.416016 0.074074 0.039497
0 0.892168 0.324002 0.120756 0.065104
0 0.769869 0.325521 0.112269 0.065972
0 0.651427 0.325412 0.120756 0.067057
0 0.523148 0.328885 0.116512 0.059245
0 0.382909 0.327040 0.089120 0.063802
0 0.289931 0.328234 0.082176 0.060113
0 0.188850 0.326389 0.092207 0.067274
0 0.026042 0.247396 0.049769 0.048611
0 0.092207 0.248155 0.076389 0.046658
0 0.174576 0.246311 0.079090 0.046441
0 0.755208 0.417860 0.079861 0.042752
0 0.278742 0.026150 0.121528 0.048828
0 0.773534 0.243056 0.128858 0.048177
0 0.042052 0.026150 0.075617 0.050998
0 0.287809 0.498155 0.029321 0.060547
0 0.148920 0.025391 0.130401 0.048611
0 0.371721 0.519857 0.034336 0.044488
0 0.410301 0.519097 0.033565 0.049045
0 0.449460 0.506944 0.042438 0.073351
0 0.503472 0.510742 0.040895 0.066623
0 0.540509 0.507378 0.029321 0.066840
0 0.597222 0.504774 0.073302 0.024740
0 0.223380 0.473199 0.071759 0.026259
0 0.600309 0.530707 0.071759 0.022352
0 0.782986 0.527995 0.106096 0.023872
0 0.892168 0.528754 0.096065 0.020616
0 0.886574 0.507595 0.098765 0.016927
0 0.895062 0.484158 0.097994 0.026910
0 0.884066 0.577691 0.108410 0.025608
0 0.972029 0.581814 0.055941 0.040365
0 0.971644 0.621094 0.051312 0.033420
0 0.881173 0.602539 0.104938 0.019748
0 0.681327 0.527344 0.082562 0.023438
0 0.202160 0.528212 0.086420 0.039931
0 0.331790 0.507595 0.043981 0.072049
0 0.068094 0.517578 0.055170 0.040365
0 0.130015 0.418620 0.102623 0.055122
0 0.235918 0.418294 0.106867 0.053168
0 0.343364 0.417969 0.096451 0.055990
0 0.124807 0.513997 0.053627 0.062283
