0 0.778039 0.709615 0.041524 0.062981
0 0.090967 0.810457 0.031250 0.042067
0 0.059717 0.812740 0.031250 0.046154
0 0.023759 0.812500 0.037243 0.041346
0 0.982449 0.710096 0.035103 0.063462
0 0.934075 0.709976 0.056507 0.060817
0 0.827483 0.708173 0.051370 0.062500
0 0.090111 0.777644 0.038955 0.025000
0 0.596533 0.716587 0.037243 0.045192
0 0.692423 0.707212 0.040668 0.065865
0 0.646832 0.708053 0.047089 0.065144
0 0.140625 0.813702 0.050086 0.035577
0 0.547089 0.728125 0.041952 0.017788
0 0.550942 0.709495 0.045377 0.017548
0 0.537671 0.688341 0.047089 0.017548
0 0.493365 0.735457 0.053510 0.018029
0 0.492295 0.707212 0.050514 0.021154
0 0.734803 0.713101 0.041524 0.054087
0 0.183005 0.806370 0.031250 0.053606
0 0.434503 0.787380 0.034247 0.051683
0 0.277397 0.798918 0.064212 0.071875
0 0.407962 0.709135 0.037671 0.064423
0 0.013057 0.511899 0.026113 0.032933
0 0.010702 0.554447 0.021404 0.027644
0 0.014127 0.635817 0.028253 0.047596
0 0.977740 0.796154 0.044521 0.065865
0 0.926370 0.795192 0.050514 0.065385
0 0.875856 0.821394 0.035959 0.018269
0 0.879709 0.796154 0.037671 0.023558
0 0.827697 0.797476 0.046661 0.068510
0 0.727954 0.797356 0.055223 0.066346
0 0.676370 0.796394 0.046233 0.073558
0 0.623074 0.798678 0.047517 0.071394
0 0.571062 0.799038 0.047945 0.068269
0 0.517123 0.792668 0.055651 0.062260
0 0.471961 0.800962 0.034675 0.075481
0 0.394264 0.800120 0.045377 0.068029
0 0.339469 0.798438 0.060788 0.070913
0 0.220462 0.809255 0.040240 0.055529
0 0.781036 0.793870 0.047517 0.065144
0 0.445634 0.709135 0.037671 0.064423
0 0.166310 0.621755 0.050942 0.067548
0 0.438142 0.445192 0.036387 0.061058
0 0.473673 0.456130 0.029538 0.040625
0 0.506849 0.456370 0.032534 0.041106
0 0.544521 0.449159 0.036815 0.053125
0 0.582834 0.447716 0.033818 0.053125
0 0.627140 0.448678 0.046233 0.055048
0 0.674443 0.449038 0.046661 0.050481
0 0.721961 0.445793 0.043236 0.056971
0 0.767123 0.454808 0.034247 0.046154
0 0.801798 0.455288 0.028253 0.044231
0 0.838613 0.441346 0.035959 0.068269
0 0.877783 0.442188 0.034675 0.068510
0 0.913527 0.425481 0.031678 0.052404
0 0.944991 0.425721 0.030394 0.051923
0 0.399401 0.439183 0.034247 0.073077
0 0.982449 0.407332 0.035103 0.019952
0 0.982877 0.447837 0.034247 0.022115
0 0.061002 0.542067 0.074914 0.050962
0 0.121147 0.530769 0.048801 0.068269
0 0.163955 0.542067 0.030822 0.050962
0 0.195420 0.542308 0.027825 0.049038
0 0.232449 0.539784 0.040240 0.017548
0 0.234161 0.560337 0.047089 0.019231
0 0.271618 0.555529 0.028682 0.016827
0 0.310788 0.555168 0.046233 0.016106
0 0.360873 0.525841 0.042808 0.013221
0 0.411815 0.526082 0.045377 0.011298
0 0.357663 0.542668 0.033818 0.014663
0 0.409247 0.544351 0.040240 0.016587
0 0.465539 0.532091 0.039812 0.036298
0 0.980950 0.427764 0.038099 0.016587
0 0.363442 0.438582 0.038527 0.074279
0 0.315497 0.444111 0.036815 0.058894
0 0.274401 0.445553 0.039384 0.061779
0 0.466610 0.349159 0.039384 0.053125
0 0.428082 0.350120 0.035103 0.048798
0 0.367080 0.340264 0.043236 0.073317
0 0.324914 0.339423 0.041096 0.072115
0 0.278467 0.362019 0.048373 0.024519
0 0.278682 0.335817 0.052226 0.027885
0 0.228810 0.341827 0.042380 0.063942
0 0.190497 0.340865 0.031678 0.067308
0 0.128639 0.338822 0.054366 0.066587
0 0.081978 0.336899 0.036387 0.068029
0 0.031678 0.336779 0.059075 0.068269
0 0.596318 0.348438 0.035959 0.061298
0 0.632491 0.348798 0.028682 0.059135
0 0.666310 0.346995 0.032106 0.063702
0 0.700771 0.346514 0.033390 0.062740
0 0.737586 0.349760 0.035959 0.058654
0 0.815497 0.366587 0.053082 0.024519
0 0.235445 0.438582 0.032534 0.076683
0 0.198416 0.438462 0.037243 0.076923
0 0.156250 0.448197 0.043664 0.054087
0 0.110017 0.447837 0.035959 0.054808
0 0.074058 0.453846 0.029110 0.042788
0 0.036173 0.442188 0.046661 0.061779
0 0.503211 0.535817 0.034675 0.027885
0 0.989512 0.244591 0.020976 0.049279
0 0.968322 0.329447 0.035103 0.062740
0 0.930223 0.329567 0.035959 0.063942
0 0.876712 0.368510 0.054795 0.024519
0 0.880137 0.342187 0.057363 0.024760
0 0.772688 0.349159 0.029966 0.059375
0 0.820205 0.340986 0.055651 0.025240
0 0.953767 0.244351 0.044521 0.053606
0 0.513057 0.349399 0.045805 0.055048
0 0.543236 0.536418 0.039384 0.063702
0 0.632063 0.532813 0.051798 0.074760
0 0.260488 0.709615 0.050086 0.065385
0 0.211045 0.710096 0.040240 0.066346
0 0.582406 0.534014 0.038955 0.071875
0 0.113442 0.710096 0.047945 0.063942
0 0.066353 0.718990 0.042808 0.044712
0 0.018408 0.706851 0.033390 0.026202
0 0.021832 0.734135 0.041096 0.025962
0 0.952911 0.615625 0.042808 0.078846
0 0.904538 0.616947 0.046233 0.081490
0 0.847817 0.623077 0.063784 0.070192
0 0.783818 0.623197 0.062500 0.062260
0 0.714683 0.624760 0.066353 0.057692
0 0.654538 0.625120 0.049658 0.058413
0 0.592038 0.625000 0.052226 0.058173
0 0.535745 0.624519 0.062072 0.059615
0 0.483519 0.622476 0.023545 0.050240
0 0.439640 0.621635 0.057363 0.067308
0 0.387414 0.620673 0.047945 0.064423
0 0.334332 0.621514 0.050514 0.067067
0 0.315497 0.708293 0.055651 0.062740
0 0.366438 0.708654 0.044521 0.061058
0 0.164598 0.709495 0.050942 0.065144
0 0.854666 0.535937 0.044092 0.073317
0 0.675086 0.532933 0.034247 0.069712
0 0.714041 0.533654 0.041096 0.071154
0 0.759204 0.534495 0.037243 0.072837
0 0.805223 0.534255 0.044521 0.069952
0 0.914384 0.515505 0.054795 0.071875
0 0.972817 0.516947 0.054366 0.069471
0 0.057577 0.636538 0.034675 0.036058
0 0.090325 0.635697 0.024829 0.036779
0 0.119221 0.634495 0.031250 0.039663
0 0.203767 0.628245 0.025685 0.053606
0 0.235445 0.625721 0.037671 0.054327
0 0.282748 0.621995 0.050942 0.068029
0 0.556507 0.349519 0.041952 0.055288
