0 0.796773 0.064185 0.106618 0.121017
0 0.221814 0.095435 0.089052 0.094669
0 0.966912 0.576900 0.066176 0.053309
0 0.899714 0.571385 0.056781 0.053922
0 0.835580 0.497396 0.050245 0.045037
0 0.783497 0.500919 0.048203 0.047181
0 0.727737 0.503217 0.048611 0.049326
0 0.665441 0.498775 0.052288 0.050245
0 0.610907 0.502604 0.051879 0.041360
0 0.834355 0.594056 0.047794 0.056373
0 0.556168 0.503983 0.051062 0.046569
0 0.433007 0.503676 0.044118 0.045956
0 0.370915 0.500153 0.060458 0.048100
0 0.302083 0.503983 0.060866 0.046569
0 0.261642 0.516391 0.015114 0.020527
0 0.243464 0.515319 0.013889 0.023284
0 0.226716 0.515931 0.012255 0.022059
0 0.207516 0.518229 0.015523 0.022365
0 0.493464 0.501991 0.059641 0.049326
0 0.785131 0.594822 0.041667 0.055453
0 0.738358 0.594822 0.047794 0.053002
0 0.690155 0.592678 0.043709 0.053615
0 0.485090 0.679075 0.068219 0.072610
0 0.405637 0.679228 0.069444 0.066176
0 0.327002 0.679381 0.065768 0.061581
0 0.248775 0.686121 0.059641 0.051164
0 0.187296 0.652727 0.032271 0.065870
0 0.153391 0.653186 0.029003 0.066789
0 0.127859 0.626379 0.015523 0.053615
0 0.100286 0.626225 0.024918 0.053309
0 0.075163 0.626685 0.019608 0.054228
0 0.043913 0.633272 0.039624 0.055760
0 0.375613 0.591299 0.057598 0.060049
0 0.316789 0.590380 0.045343 0.063113
0 0.109069 0.096661 0.087418 0.097120
0 0.458333 0.568168 0.044118 0.040135
0 0.545139 0.598192 0.041258 0.052390
0 0.594975 0.598958 0.045343 0.049020
0 0.642974 0.594516 0.042484 0.054841
0 0.176675 0.543964 0.042892 0.061581
0 0.565564 0.678922 0.075572 0.069853
0 0.131944 0.543811 0.040033 0.063725
0 0.058619 0.534161 0.050245 0.082414
0 0.957516 0.449449 0.073529 0.056985
0 0.985907 0.238971 0.027369 0.048407
0 0.962010 0.303462 0.050654 0.071998
0 0.941176 0.224571 0.031046 0.065564
0 0.892565 0.222426 0.049020 0.056373
0 0.892361 0.297794 0.042075 0.091912
0 0.834355 0.274969 0.041258 0.135110
0 0.888889 0.436581 0.048203 0.079657
0 0.783292 0.275735 0.044526 0.131740
0 0.675654 0.279871 0.046569 0.135110
0 0.626225 0.280331 0.044118 0.133578
0 0.573529 0.282016 0.040850 0.132659
0 0.480392 0.234069 0.036765 0.106005
0 0.524918 0.284467 0.042484 0.127757
0 0.460376 0.321691 0.031863 0.063113
0 0.430964 0.322457 0.024510 0.059743
0 0.726920 0.277267 0.046977 0.132353
0 0.805351 0.405944 0.024918 0.027574
0 0.832925 0.403952 0.028595 0.026042
0 0.827614 0.436887 0.059641 0.022672
0 0.169118 0.447457 0.082516 0.017463
0 0.173815 0.427083 0.066585 0.009804
0 0.165033 0.408701 0.071078 0.009191
0 0.099877 0.433058 0.049428 0.043811
0 0.048815 0.427696 0.040441 0.061887
0 0.258987 0.420190 0.031863 0.065870
0 0.337010 0.420190 0.034314 0.065870
0 0.299837 0.419577 0.026961 0.067096
0 0.390114 0.430300 0.044935 0.042586
0 0.465686 0.422794 0.064542 0.056373
0 0.602328 0.446078 0.056781 0.012255
0 0.539011 0.426471 0.060866 0.049632
0 0.750408 0.436734 0.065359 0.026654
0 0.762868 0.405790 0.035539 0.024816
0 0.726920 0.408548 0.024918 0.027880
0 0.671160 0.439185 0.069444 0.027267
0 0.658497 0.405637 0.035131 0.026961
0 0.101511 0.554381 0.014297 0.043811
0 0.649101 0.661765 0.076797 0.018995
0 0.256332 0.597273 0.058415 0.043199
0 0.647467 0.705882 0.073529 0.020833
0 0.682394 0.898897 0.104984 0.037377
0 0.676879 0.857230 0.116013 0.035539
0 0.550654 0.868873 0.120098 0.090074
0 0.645016 0.683824 0.071895 0.020221
0 0.327614 0.858915 0.127451 0.092218
0 0.158905 0.880055 0.119281 0.050551
0 0.165441 0.839308 0.129085 0.028493
0 0.782475 0.847580 0.081291 0.042586
0 0.038399 0.869179 0.063725 0.071691
0 0.401144 0.321998 0.025327 0.058824
0 0.141340 0.746630 0.030229 0.052083
0 0.110294 0.745251 0.028595 0.049326
0 0.072100 0.745711 0.045343 0.047794
0 0.033905 0.746936 0.026144 0.047794
0 0.008783 0.745711 0.017565 0.050245
0 0.276757 0.748621 0.042075 0.032169
0 0.208333 0.744332 0.032680 0.049939
0 0.782271 0.897365 0.077614 0.049020
0 0.921569 0.870098 0.155229 0.090074
0 0.360498 0.312653 0.042892 0.078738
0 0.340686 0.087010 0.115196 0.102328
0 0.438725 0.085784 0.068627 0.099877
0 0.544730 0.081648 0.113971 0.094056
0 0.672386 0.077819 0.081699 0.098039
0 0.893791 0.088388 0.076797 0.068934
0 0.975694 0.083180 0.048611 0.072610
0 0.010621 0.232384 0.021242 0.042586
0 0.048815 0.238051 0.037173 0.037377
0 0.091503 0.227022 0.045752 0.058211
0 0.140319 0.232690 0.046977 0.040748
0 0.049224 0.330576 0.050245 0.052083
0 0.103350 0.340380 0.046569 0.035539
0 0.155637 0.341299 0.049020 0.042279
0 0.216912 0.320159 0.056373 0.067402
0 0.257557 0.327512 0.022467 0.053309
0 0.280433 0.326287 0.020833 0.053309
0 0.316381 0.313419 0.037990 0.077819
0 0.328023 0.780178 0.042484 0.030331
0 0.327614 0.746936 0.050654 0.031250
0 0.442402 0.888787 0.059641 0.048407
0 0.393178 0.769301 0.025735 0.061275
0 0.716095 0.693474 0.044118 0.046262
0 0.366830 0.766238 0.020425 0.064951
0 0.772672 0.689951 0.058415 0.044118
0 0.831699 0.689951 0.032680 0.039216
0 0.930147 0.781097 0.139706 0.053615
0 0.808211 0.774357 0.052696 0.059743
0 0.747549 0.775276 0.056373 0.059130
0 0.174837 0.747243 0.023693 0.055760
0 0.614583 0.772518 0.055964 0.060355
0 0.679126 0.774510 0.050245 0.052696
0 0.433007 0.774969 0.047386 0.046262
0 0.489175 0.776195 0.047794 0.053615
0 0.547181 0.769301 0.061683 0.066176
