0 0.763276 0.395067 0.008578 0.098958
0 0.474469 0.895527 0.018382 0.110907
0 0.752247 0.240349 0.008578 0.098958
0 0.784926 0.238971 0.008578 0.099265
0 0.793505 0.238664 0.008578 0.099265
0 0.812704 0.236213 0.008578 0.099265
0 0.822917 0.238358 0.008578 0.099265
0 0.840482 0.235294 0.008578 0.099265
0 0.851103 0.236213 0.008578 0.099265
0 0.849060 0.383272 0.008578 0.099265
0 0.840074 0.387868 0.008578 0.099265
0 0.819649 0.385723 0.008578 0.099265
0 0.808619 0.391238 0.008578 0.099265
0 0.794322 0.392463 0.008578 0.099265
0 0.785335 0.398591 0.008578 0.099265
0 0.753881 0.395221 0.008578 0.099265
0 0.742443 0.399816 0.008578 0.099265
0 0.731822 0.404718 0.008578 0.099265
0 0.710172 0.402267 0.008578 0.099265
0 0.699959 0.404105 0.008578 0.099265
0 0.671773 0.409007 0.008578 0.099265
0 0.659109 0.410539 0.008578 0.099265
0 0.570466 0.382966 0.128676 0.020221
0 0.582721 0.442708 0.118873 0.031250
0 0.422794 0.558670 0.129085 0.025429
0 0.732435 0.241728 0.008987 0.102941
0 0.722018 0.242034 0.009395 0.105392
0 0.707721 0.242494 0.008578 0.106311
0 0.695261 0.241575 0.011438 0.106924
0 0.510825 0.903033 0.039624 0.046875
0 0.281250 0.202512 0.042892 0.077206
0 0.287786 0.285386 0.040441 0.075061
0 0.403391 0.186428 0.167892 0.026042
0 0.413399 0.260570 0.172386 0.030331
0 0.577410 0.186581 0.149101 0.031250
0 0.577206 0.257506 0.136438 0.026654
0 0.309436 0.427849 0.046977 0.066483
0 0.321283 0.500613 0.040441 0.068015
0 0.327410 0.603860 0.040441 0.058824
0 0.333333 0.670496 0.040033 0.051777
0 0.426471 0.621170 0.112745 0.025429
0 0.360498 0.779105 0.066585 0.104167
0 0.767770 0.635110 0.011029 0.079657
0 0.837214 0.615656 0.010212 0.069547
0 0.404412 0.926164 0.053105 0.099877
0 0.451185 0.906403 0.018382 0.111213
0 0.551675 0.862592 0.017565 0.108150
0 0.646650 0.819853 0.014706 0.098652
0 0.723856 0.785846 0.013072 0.090074
0 0.790850 0.754289 0.013072 0.084559
0 0.850082 0.731771 0.010621 0.079350
0 0.659314 0.240196 0.009804 0.106618
0 0.670956 0.240656 0.011846 0.107537
0 0.695670 0.662837 0.012255 0.080576
0 0.426266 0.589920 0.102533 0.021140
0 0.742851 0.240196 0.008578 0.099265
0 0.418505 0.296722 0.154820 0.034007
0 0.424837 0.767157 0.017974 0.098652
0 0.449755 0.760570 0.022059 0.094669
0 0.485294 0.752757 0.037582 0.083333
0 0.521242 0.726103 0.012255 0.087623
0 0.543096 0.719975 0.019199 0.082108
0 0.574959 0.724265 0.039624 0.040441
0 0.612541 0.693781 0.011029 0.084865
0 0.630719 0.687347 0.017157 0.081189
0 0.659926 0.697917 0.026552 0.042892
0 0.712010 0.660692 0.012255 0.080576
0 0.735907 0.667892 0.025735 0.037377
0 0.782067 0.633425 0.011029 0.079963
0 0.806168 0.645527 0.024918 0.038603
0 0.849877 0.613051 0.010212 0.069853
0 0.872345 0.623621 0.023284 0.036458
0 0.859477 0.723499 0.010621 0.079350
0 0.882966 0.735294 0.025735 0.034926
0 0.805147 0.752298 0.013072 0.084252
0 0.829453 0.763174 0.025735 0.030637
0 0.737541 0.783241 0.013480 0.089767
0 0.761029 0.792586 0.026961 0.034926
0 0.662173 0.811887 0.014706 0.098652
0 0.689951 0.825368 0.031046 0.036152
0 0.408905 0.221814 0.166667 0.037377
0 0.608864 0.865196 0.040441 0.042279
0 0.836806 0.507047 0.008578 0.099265
0 0.826593 0.506127 0.008578 0.099265
0 0.573325 0.852788 0.017565 0.108150
0 0.579044 0.221507 0.142565 0.032475
0 0.813113 0.515931 0.008578 0.099265
0 0.581291 0.290748 0.132353 0.031250
0 0.419935 0.397825 0.157680 0.024816
0 0.420547 0.429075 0.146650 0.026654
0 0.429330 0.464461 0.148693 0.027574
0 0.434436 0.495098 0.146650 0.025735
0 0.577206 0.413756 0.124183 0.022365
0 0.583538 0.476103 0.118056 0.023284
0 0.571895 0.537990 0.119281 0.016544
0 0.575163 0.559130 0.113562 0.022672
0 0.573325 0.590074 0.116422 0.022059
0 0.437908 0.649203 0.129085 0.018382
0 0.648897 0.550245 0.008578 0.099265
0 0.803717 0.517157 0.008578 0.099265
0 0.572304 0.619485 0.114379 0.020833
0 0.768995 0.526961 0.008578 0.099265
0 0.748570 0.531250 0.008578 0.099265
0 0.739583 0.534773 0.008578 0.098958
0 0.720384 0.540441 0.008578 0.099265
0 0.780025 0.523284 0.008578 0.099265
0 0.690155 0.544424 0.008578 0.099265
0 0.680760 0.548713 0.008578 0.099265
0 0.658292 0.554534 0.008578 0.099265
0 0.710580 0.538909 0.008578 0.099265
