0 0.189542 0.516238 0.049837 0.066176
0 0.113154 0.611520 0.047386 0.071691
0 0.039011 0.703278 0.042892 0.073223
0 0.088848 0.700521 0.037173 0.067708
0 0.138480 0.697151 0.040033 0.065870
0 0.186683 0.701134 0.040850 0.068934
0 0.437908 0.696691 0.050654 0.031250
0 0.283905 0.699908 0.043301 0.071385
0 0.333742 0.699295 0.050654 0.072610
0 0.385825 0.697151 0.039624 0.079963
0 0.440768 0.725950 0.049837 0.022365
0 0.062908 0.612592 0.049020 0.071998
0 0.245915 0.516238 0.047386 0.068627
0 0.235907 0.700214 0.046160 0.069547
0 0.015931 0.612592 0.031863 0.073836
0 0.386029 0.604933 0.049837 0.073223
0 0.215686 0.612439 0.047386 0.073529
0 0.976307 0.602175 0.046569 0.070159
0 0.753881 0.587623 0.052696 0.014706
0 0.755923 0.607996 0.053513 0.014400
0 0.756944 0.627145 0.049837 0.014706
0 0.814134 0.630362 0.045752 0.021140
0 0.808007 0.601562 0.042484 0.018689
0 0.702002 0.628523 0.048611 0.034007
0 0.691176 0.567555 0.045752 0.019914
0 0.599265 0.577359 0.040850 0.018076
0 0.641953 0.562194 0.030637 0.011642
0 0.595180 0.598192 0.035948 0.014400
0 0.164828 0.612132 0.042075 0.068627
0 0.594158 0.615809 0.040441 0.013480
0 0.646855 0.635876 0.046977 0.017463
0 0.645425 0.603248 0.040850 0.017157
0 0.490400 0.630974 0.043709 0.024816
0 0.543709 0.638327 0.048203 0.010723
0 0.542484 0.620098 0.039216 0.012255
0 0.542484 0.604933 0.045752 0.010723
0 0.542688 0.592371 0.046160 0.007047
0 0.438725 0.632047 0.040033 0.022059
0 0.444036 0.586703 0.034314 0.020221
0 0.332721 0.610600 0.045343 0.069853
0 0.268995 0.612132 0.045343 0.072917
0 0.594975 0.633732 0.045343 0.015625
0 0.296569 0.515319 0.040033 0.066789
0 0.349265 0.540748 0.036765 0.009804
0 0.347426 0.529412 0.042892 0.008578
0 0.478962 0.389553 0.043709 0.088542
0 0.526144 0.390472 0.044935 0.090380
0 0.432802 0.397059 0.040441 0.084559
0 0.387868 0.400429 0.043709 0.076593
0 0.334355 0.403799 0.038807 0.075980
0 0.607639 0.522365 0.025735 0.037377
0 0.641544 0.524816 0.033088 0.039828
0 0.677083 0.523438 0.030637 0.039522
0 0.715278 0.522825 0.030229 0.040748
0 0.750000 0.522825 0.035948 0.043199
0 0.795752 0.524816 0.047386 0.037377
0 0.842116 0.518842 0.031454 0.045037
0 0.623366 0.399203 0.041667 0.071691
0 0.888889 0.511642 0.038399 0.061887
0 0.287582 0.407169 0.040850 0.075980
0 0.237337 0.406403 0.049020 0.071998
0 0.179534 0.407475 0.039624 0.076593
0 0.123775 0.409773 0.043301 0.081189
0 0.024101 0.410539 0.044935 0.080270
0 0.073529 0.411458 0.051471 0.079657
0 0.025940 0.521446 0.051879 0.066789
0 0.078636 0.522365 0.042075 0.071078
0 0.130923 0.518382 0.047794 0.063113
0 0.983660 0.505974 0.020425 0.059743
0 0.871324 0.604779 0.041667 0.070466
0 0.923203 0.602635 0.049837 0.071078
0 0.945466 0.509344 0.049428 0.061581
0 0.577002 0.398131 0.037990 0.084252
0 0.713644 0.401348 0.033497 0.068627
0 0.672386 0.400123 0.043301 0.068627
0 0.399918 0.495558 0.048203 0.012561
0 0.397059 0.511029 0.045752 0.009804
0 0.399306 0.523131 0.043709 0.007659
0 0.400327 0.541207 0.052288 0.015012
0 0.451797 0.523131 0.049837 0.010110
0 0.455065 0.539062 0.046569 0.010723
0 0.534109 0.526042 0.035539 0.044730
0 0.027574 0.307598 0.042075 0.058824
0 0.174020 0.293352 0.044118 0.087929
0 0.225899 0.289369 0.042484 0.079963
0 0.318423 0.284467 0.087010 0.082414
0 0.430351 0.279871 0.109069 0.092218
0 0.516136 0.290901 0.044526 0.061581
0 0.576797 0.290441 0.047386 0.060662
0 0.631740 0.288450 0.042075 0.059130
0 0.701593 0.283701 0.047794 0.063725
0 0.755106 0.283088 0.039624 0.060049
0 0.800654 0.283701 0.025327 0.058824
0 0.848448 0.280025 0.031046 0.056373
0 0.947100 0.253523 0.071487 0.102022
0 0.885212 0.398438 0.031046 0.058517
0 0.928309 0.397212 0.030637 0.056066
0 0.966095 0.397978 0.026144 0.055147
0 0.844771 0.396140 0.036765 0.070466
0 0.571283 0.524050 0.029820 0.038297
0 0.774510 0.401195 0.026961 0.059130
0 0.805760 0.399357 0.025735 0.060355
0 0.345588 0.516850 0.042484 0.009804
0 0.747958 0.403033 0.022059 0.060355
0 0.083742 0.306526 0.045752 0.059130
0 0.493056 0.671262 0.036765 0.018995
0 0.453636 0.771752 0.034722 0.020833
0 0.496936 0.774816 0.041258 0.022059
0 0.405637 0.815717 0.037582 0.019914
0 0.449346 0.815870 0.041667 0.022672
0 0.498570 0.817708 0.041258 0.021446
0 0.544730 0.771446 0.040441 0.020221
0 0.589052 0.772059 0.033497 0.018995
0 0.546364 0.818474 0.034722 0.018076
0 0.592320 0.818474 0.036765 0.018076
0 0.544118 0.804381 0.039216 0.007047
0 0.588031 0.803615 0.041258 0.007966
0 0.543096 0.785386 0.033905 0.007047
0 0.587827 0.786765 0.037582 0.007353
0 0.543913 0.795190 0.038807 0.007659
0 0.658292 0.758272 0.043709 0.017770
0 0.632761 0.780178 0.040850 0.018689
0 0.678309 0.779565 0.039624 0.017463
0 0.131332 0.295803 0.029003 0.083027
0 0.776757 0.820006 0.044526 0.028493
0 0.730801 0.817862 0.041667 0.029105
0 0.976307 0.791207 0.031046 0.047488
0 0.938317 0.806219 0.025327 0.043811
0 0.874387 0.823070 0.044526 0.020527
0 0.413399 0.771752 0.040033 0.023284
0 0.823938 0.822763 0.042484 0.021752
0 0.818015 0.784161 0.043709 0.019301
0 0.820057 0.759957 0.041258 0.018689
0 0.679943 0.815104 0.036356 0.021140
0 0.635825 0.813879 0.037173 0.021140
0 0.676675 0.793811 0.036356 0.007353
0 0.636234 0.795496 0.037990 0.008272
0 0.874796 0.791360 0.045343 0.023897
0 0.341912 0.786458 0.050654 0.035539
0 0.443832 0.662224 0.050245 0.019914
0 0.824551 0.723192 0.050245 0.021752
0 0.598652 0.722426 0.042892 0.025123
0 0.652982 0.723346 0.052696 0.026961
0 0.708129 0.723958 0.051062 0.023284
0 0.766340 0.666360 0.049020 0.020833
0 0.766340 0.701900 0.052288 0.022672
0 0.767770 0.725643 0.051879 0.021752
0 0.817402 0.662224 0.045752 0.012561
0 0.819649 0.681832 0.040441 0.020527
0 0.878472 0.727022 0.042892 0.020221
0 0.920547 0.700214 0.011846 0.069547
0 0.936887 0.700214 0.015931 0.069547
0 0.956087 0.698070 0.012663 0.072610
0 0.020425 0.798713 0.040850 0.072304
0 0.068219 0.800398 0.037582 0.075674
0 0.543913 0.678615 0.055147 0.028799
0 0.120302 0.803002 0.055147 0.056985
0 0.254289 0.787224 0.070670 0.018076
0 0.183415 0.801317 0.050654 0.056066
0 0.492851 0.723499 0.045343 0.022365
0 0.541667 0.722273 0.037582 0.029718
0 0.347835 0.756587 0.065768 0.019301
0 0.257353 0.817708 0.073529 0.018995
