0 0.582051 0.374159 0.049573 0.055048
0 0.537179 0.377043 0.018803 0.052644
0 0.532051 0.427043 0.019658 0.012260
0 0.426496 0.547356 0.052991 0.050481
0 0.494017 0.380889 0.044444 0.041587
0 0.641880 0.381010 0.058120 0.044712
0 0.708761 0.382812 0.052564 0.037740
0 0.851709 0.455409 0.018803 0.033894
0 0.846795 0.373317 0.041453 0.053846
0 0.540812 0.445072 0.032906 0.012260
0 0.540812 0.470673 0.031197 0.027404
0 0.497436 0.458654 0.041026 0.054327
0 0.446154 0.463702 0.039316 0.041346
0 0.399145 0.465144 0.035897 0.038462
0 0.336752 0.436779 0.039316 0.025962
0 0.347436 0.475240 0.034188 0.029808
0 0.305128 0.473558 0.040171 0.027404
0 0.213248 0.469591 0.047863 0.041106
0 0.164103 0.468990 0.029915 0.027404
0 0.089530 0.478966 0.040598 0.091587
0 0.039103 0.476202 0.040598 0.094231
0 0.782906 0.384615 0.073504 0.028365
0 0.626923 0.460337 0.028205 0.050962
0 0.169658 0.549038 0.046154 0.032212
0 0.229915 0.557572 0.059829 0.024279
0 0.236966 0.521995 0.059402 0.026683
0 0.307051 0.540865 0.049145 0.036538
0 0.366453 0.544471 0.039744 0.047596
0 0.744872 0.460817 0.023932 0.050000
0 0.825427 0.456130 0.020085 0.041106
0 0.583974 0.463702 0.032906 0.044231
0 0.893590 0.458173 0.028205 0.043269
0 0.958761 0.472236 0.062821 0.027163
0 0.974573 0.377644 0.040598 0.042308
0 0.922222 0.367909 0.058974 0.064663
0 0.698718 0.463822 0.032479 0.043990
0 0.662393 0.463341 0.023932 0.044952
0 0.600641 0.089183 0.050000 0.034615
0 0.251496 0.091707 0.050000 0.038702
0 0.552991 0.232572 0.018803 0.041587
0 0.579060 0.231370 0.018803 0.041587
0 0.607051 0.232572 0.020085 0.038702
0 0.633974 0.231490 0.020940 0.037981
0 0.662393 0.231370 0.018803 0.038221
0 0.685043 0.231851 0.021368 0.040144
0 0.715598 0.234736 0.029487 0.031490
0 0.752991 0.232692 0.029060 0.032212
0 0.785256 0.231250 0.024359 0.035096
0 0.812179 0.230288 0.025214 0.034135
0 0.842308 0.232933 0.026496 0.031731
0 0.872222 0.230529 0.033333 0.033654
0 0.134188 0.324279 0.065812 0.032212
0 0.119231 0.297957 0.076068 0.012740
0 0.200427 0.318269 0.054701 0.029327
0 0.275000 0.323197 0.064530 0.019471
0 0.280128 0.290986 0.057692 0.026683
0 0.491026 0.547837 0.049573 0.037981
0 0.970513 0.299279 0.032479 0.049038
0 0.938462 0.300361 0.022222 0.049760
0 0.900855 0.298438 0.031624 0.044952
0 0.858761 0.300601 0.022650 0.052644
0 0.823932 0.293990 0.022222 0.044712
0 0.401496 0.223558 0.088462 0.059615
0 0.798932 0.297596 0.025214 0.043269
0 0.682051 0.313221 0.058120 0.027404
0 0.613034 0.315865 0.069658 0.022115
0 0.533333 0.317308 0.075214 0.025000
0 0.442094 0.290865 0.091026 0.017788
0 0.446581 0.319952 0.088034 0.025962
0 0.356197 0.317668 0.078205 0.030529
0 0.749786 0.310697 0.065385 0.029087
0 0.194872 0.094832 0.043590 0.035337
0 0.331838 0.239904 0.024359 0.029808
0 0.250214 0.386418 0.079060 0.042548
0 0.267094 0.062139 0.038462 0.019471
0 0.316880 0.060337 0.047436 0.020192
0 0.298504 0.092788 0.037179 0.039423
0 0.360470 0.090264 0.060256 0.035337
0 0.420299 0.092788 0.046581 0.036538
0 0.414530 0.050361 0.061538 0.040144
0 0.478205 0.086058 0.044444 0.043750
0 0.519017 0.084976 0.025214 0.043029
0 0.548718 0.086058 0.025641 0.043750
0 0.594872 0.048558 0.048718 0.037981
0 0.653846 0.072596 0.039316 0.067788
0 0.709615 0.069832 0.049145 0.067067
0 0.764316 0.071274 0.046581 0.067548
0 0.822222 0.066707 0.045299 0.067548
0 0.882265 0.072115 0.053419 0.059615
0 0.938675 0.071755 0.038034 0.057452
0 0.982479 0.037139 0.035043 0.039663
0 0.337821 0.392548 0.073077 0.030288
0 0.424359 0.393990 0.081197 0.030769
0 0.267949 0.232332 0.040171 0.054087
0 0.220085 0.218750 0.045299 0.081250
0 0.133761 0.220072 0.048718 0.075721
0 0.024145 0.057933 0.047436 0.037019
0 0.155983 0.390625 0.082906 0.040385
0 0.086111 0.057933 0.050000 0.034135
0 0.201923 0.057452 0.046581 0.028846
0 0.030769 0.100000 0.040171 0.033654
0 0.047650 0.207452 0.052564 0.094712
0 0.922222 0.228846 0.037607 0.034135
0 0.958974 0.228846 0.030769 0.031250
0 0.985043 0.080168 0.029915 0.034375
0 0.148932 0.056611 0.042308 0.030529
0 0.544017 0.551202 0.048718 0.037019
0 0.985043 0.859856 0.029915 0.040385
0 0.607479 0.549880 0.047436 0.033894
0 0.567735 0.773197 0.063675 0.048798
0 0.640385 0.777404 0.060256 0.028365
0 0.636538 0.748558 0.064530 0.029327
0 0.708333 0.762380 0.062821 0.067548
0 0.764530 0.765024 0.036752 0.074279
0 0.837607 0.759255 0.054701 0.058894
0 0.900214 0.761058 0.036325 0.067308
0 0.956410 0.762740 0.041880 0.060577
0 0.057906 0.838101 0.046581 0.090144
0 0.123077 0.839423 0.053846 0.081250
0 0.219872 0.837740 0.034615 0.045673
0 0.261538 0.846394 0.032479 0.061538
0 0.477350 0.757933 0.091453 0.052404
0 0.317521 0.842788 0.043590 0.047596
0 0.421581 0.850841 0.038034 0.067548
0 0.465812 0.858173 0.035897 0.067788
0 0.532906 0.865986 0.063248 0.040144
0 0.591667 0.853365 0.037179 0.056250
0 0.648077 0.849519 0.032906 0.055288
0 0.713248 0.859255 0.067521 0.035817
0 0.779274 0.846635 0.044872 0.057692
0 0.824359 0.852524 0.033333 0.061298
0 0.864103 0.843630 0.033333 0.039663
0 0.922436 0.846875 0.064530 0.051442
0 0.083120 0.099159 0.044017 0.032452
0 0.551709 0.515144 0.047863 0.022115
0 0.372009 0.854207 0.040598 0.063702
0 0.349145 0.764784 0.106838 0.062740
0 0.137179 0.096875 0.045299 0.034135
0 0.550641 0.684856 0.078205 0.030769
0 0.673718 0.539543 0.062821 0.048317
0 0.951282 0.686538 0.084615 0.027404
0 0.741453 0.540865 0.048718 0.045673
0 0.849573 0.532572 0.047009 0.053125
0 0.898718 0.531250 0.027350 0.052885
0 0.963675 0.551202 0.072650 0.025000
0 0.958974 0.621755 0.057265 0.015625
0 0.895513 0.624639 0.042308 0.025240
0 0.835684 0.627764 0.050855 0.024760
0 0.775855 0.623197 0.038034 0.040144
0 0.720940 0.625361 0.040171 0.041587
0 0.600000 0.602764 0.032479 0.020913
0 0.644658 0.605048 0.036325 0.025481
0 0.962179 0.639303 0.063675 0.007933
0 0.547863 0.626202 0.045299 0.034135
0 0.608333 0.633654 0.060256 0.012981
0 0.407692 0.688341 0.085470 0.038702
0 0.110043 0.704087 0.044017 0.082212
0 0.305769 0.685817 0.089316 0.037500
0 0.376282 0.606490 0.043162 0.025481
0 0.048291 0.712861 0.052991 0.091587
0 0.307479 0.611178 0.033761 0.031010
0 0.240385 0.615986 0.038034 0.036298
0 0.181624 0.621034 0.048718 0.050240
0 0.097650 0.610216 0.078205 0.054087
0 0.544017 0.592788 0.043590 0.016827
0 0.209402 0.687380 0.094017 0.040625
