0 0.493490 0.631641 0.048438 0.110156
0 0.602604 0.630859 0.042708 0.108594
0 0.651563 0.632812 0.040625 0.106250
0 0.696354 0.628516 0.036458 0.100000
0 0.870573 0.632031 0.039062 0.114062
0 0.755469 0.630469 0.039062 0.101562
0 0.813802 0.633984 0.058854 0.108594
0 0.546615 0.632227 0.045312 0.108984
0 0.921875 0.635156 0.047917 0.101562
0 0.505990 0.748633 0.060937 0.084766
0 0.976562 0.752930 0.046875 0.091016
0 0.917188 0.749023 0.059375 0.083203
0 0.857552 0.766016 0.040104 0.050781
0 0.806771 0.768750 0.045833 0.042969
0 0.748177 0.748437 0.058854 0.087500
0 0.679427 0.747852 0.057813 0.088672
0 0.622135 0.764844 0.039062 0.052344
0 0.573438 0.769531 0.044792 0.046875
0 0.439063 0.629297 0.048958 0.108594
0 0.439063 0.748828 0.061458 0.082812
0 0.974219 0.634180 0.046354 0.111328
0 0.385156 0.629492 0.043229 0.112891
0 0.434635 0.500586 0.052604 0.116797
0 0.269010 0.630273 0.052604 0.108984
0 0.912240 0.503516 0.046354 0.120313
0 0.973177 0.506250 0.051562 0.122656
0 0.970052 0.367578 0.052604 0.114062
0 0.909115 0.367578 0.045312 0.115625
0 0.856771 0.366797 0.048958 0.116406
0 0.796094 0.364063 0.051562 0.116406
0 0.740365 0.363672 0.056771 0.115625
0 0.680208 0.364258 0.038542 0.112891
0 0.627865 0.364453 0.044271 0.117188
0 0.573177 0.362695 0.057813 0.113672
0 0.516406 0.364063 0.050521 0.117969
0 0.459635 0.364453 0.050521 0.117188
0 0.399479 0.362500 0.041667 0.121094
0 0.345052 0.362891 0.052604 0.114062
0 0.381510 0.766602 0.050521 0.044922
0 0.848958 0.504883 0.054167 0.113672
0 0.328646 0.629687 0.050000 0.107813
0 0.784896 0.502148 0.048958 0.116016
0 0.667448 0.505273 0.046354 0.114453
0 0.214323 0.630078 0.041146 0.110156
0 0.165365 0.627930 0.038021 0.109766
0 0.127604 0.629687 0.028125 0.111719
0 0.076042 0.630469 0.047917 0.110937
0 0.023958 0.631641 0.047917 0.111719
0 0.045573 0.497266 0.038021 0.123438
0 0.096354 0.497461 0.041667 0.121484
0 0.155990 0.501367 0.041146 0.123828
0 0.207813 0.502734 0.043750 0.115625
0 0.267188 0.500195 0.051042 0.119922
0 0.325260 0.501367 0.044271 0.118359
0 0.383594 0.498828 0.050521 0.122656
0 0.498698 0.499414 0.040104 0.114453
0 0.553906 0.500781 0.048438 0.114844
0 0.608333 0.502539 0.045833 0.115234
0 0.726302 0.498047 0.049479 0.111719
0 0.332552 0.765234 0.042188 0.047656
0 0.582552 0.222070 0.031771 0.106641
0 0.198958 0.747070 0.064583 0.084766
0 0.475521 0.219141 0.033333 0.110937
0 0.441146 0.218555 0.032292 0.111328
0 0.408333 0.222852 0.032292 0.101172
0 0.368229 0.217773 0.033333 0.109766
0 0.336198 0.220898 0.024479 0.104297
0 0.305208 0.219727 0.036458 0.104297
0 0.267708 0.232617 0.028125 0.078516
0 0.233073 0.230078 0.041146 0.079687
0 0.171615 0.206445 0.066146 0.132422
0 0.094792 0.203516 0.062500 0.135937
0 0.027344 0.210156 0.053646 0.128906
0 0.019271 0.367969 0.037500 0.116406
0 0.065104 0.359766 0.031250 0.119531
0 0.111458 0.358398 0.037500 0.118359
0 0.165104 0.355664 0.048958 0.120703
0 0.898438 0.855859 0.091667 0.078906
0 0.807031 0.854883 0.082812 0.083203
0 0.720833 0.856250 0.086458 0.082031
0 0.624479 0.855078 0.084375 0.085156
0 0.534896 0.855664 0.086458 0.080859
0 0.444531 0.852539 0.088021 0.083984
0 0.356250 0.853711 0.087500 0.083984
0 0.258594 0.856055 0.089063 0.085547
0 0.164583 0.847656 0.077083 0.079687
0 0.065365 0.854688 0.085938 0.088281
0 0.025521 0.763281 0.050000 0.058594
0 0.086979 0.764453 0.053125 0.053906
0 0.511458 0.220312 0.032292 0.109375
0 0.270833 0.747656 0.069792 0.080469
0 0.548698 0.220508 0.031771 0.111328
0 0.654427 0.218945 0.034896 0.112109
0 0.143750 0.770117 0.033333 0.041797
0 0.287500 0.361328 0.045833 0.118750
0 0.016406 0.063867 0.030729 0.116016
0 0.075521 0.058398 0.048958 0.111328
0 0.126562 0.061328 0.044792 0.114844
0 0.186198 0.057422 0.056771 0.114844
0 0.241667 0.058203 0.041667 0.112500
0 0.301823 0.058984 0.047396 0.110156
0 0.365625 0.057617 0.043750 0.109766
0 0.420312 0.058789 0.047917 0.113672
0 0.479427 0.060352 0.041146 0.112891
0 0.531771 0.059570 0.057292 0.115234
0 0.588281 0.056641 0.035937 0.111719
0 0.640104 0.059570 0.055208 0.109766
0 0.703385 0.058984 0.043229 0.116406
0 0.753125 0.058008 0.046875 0.114453
0 0.807813 0.059961 0.053125 0.116016
0 0.862760 0.060352 0.054688 0.116797
0 0.908073 0.066211 0.032813 0.107422
0 0.968490 0.061719 0.063021 0.117969
0 0.927865 0.221875 0.032813 0.106250
0 0.971615 0.217578 0.046354 0.121094
0 0.857292 0.219922 0.028125 0.114062
0 0.820052 0.220312 0.039062 0.120313
0 0.773958 0.217969 0.040625 0.115625
0 0.730469 0.216797 0.036979 0.117188
0 0.689063 0.221094 0.031250 0.108594
0 0.618750 0.221289 0.030208 0.108984
0 0.226042 0.358398 0.055208 0.119922
