0 0.670515 0.283886 0.036479 0.080572
0 0.617303 0.286992 0.048527 0.070971
0 0.095884 0.782380 0.041834 0.057229
0 0.159137 0.495294 0.040495 0.084714
0 0.658133 0.500094 0.038487 0.066077
0 0.116466 0.496611 0.040161 0.083208
0 0.075301 0.495858 0.036145 0.085843
0 0.032129 0.494447 0.047523 0.088667
0 0.016232 0.397590 0.032463 0.072289
0 0.709337 0.284168 0.036479 0.080761
0 0.753012 0.288686 0.030120 0.070971
0 0.390395 0.500188 0.045850 0.070783
0 0.213688 0.497176 0.048527 0.079819
0 0.343876 0.499812 0.041834 0.071160
0 0.439424 0.498306 0.046854 0.073419
0 0.485609 0.498306 0.037483 0.072666
0 0.570281 0.495482 0.040161 0.077560
0 0.614123 0.494823 0.042169 0.075113
0 0.059906 0.398155 0.048862 0.071913
0 0.842537 0.498212 0.045850 0.063818
0 0.788655 0.498776 0.053213 0.063818
0 0.740462 0.500000 0.039157 0.064759
0 0.700301 0.500000 0.039157 0.064759
0 0.803715 0.288404 0.045181 0.069277
0 0.111780 0.397873 0.048193 0.071348
0 0.051539 0.783415 0.041499 0.060429
0 0.218876 0.391284 0.037483 0.081514
0 0.570950 0.288874 0.043507 0.070595
0 0.524598 0.287368 0.043173 0.073607
0 0.478581 0.287933 0.043507 0.073607
0 0.432396 0.284544 0.043507 0.077372
0 0.386714 0.285109 0.043173 0.076619
0 0.340194 0.289627 0.043842 0.069465
0 0.294846 0.290380 0.042169 0.067959
0 0.251841 0.287556 0.040495 0.071724
0 0.212349 0.286898 0.036479 0.073042
0 0.164993 0.288592 0.049531 0.070030
0 0.110274 0.288874 0.056560 0.068336
0 0.043842 0.288121 0.050201 0.069842
0 0.847892 0.288309 0.040495 0.067206
0 0.988788 0.393637 0.022423 0.067395
0 0.164659 0.394767 0.050201 0.079066
0 0.953481 0.393637 0.039491 0.067395
0 0.882028 0.394578 0.034471 0.067771
0 0.840529 0.393919 0.042503 0.069842
0 0.795181 0.394672 0.039491 0.067206
0 0.754016 0.394955 0.037483 0.065889
0 0.713353 0.395049 0.038487 0.067959
0 0.667671 0.394202 0.038822 0.070783
0 0.622323 0.394202 0.035810 0.075678
0 0.576640 0.393166 0.044846 0.075866
0 0.524598 0.393919 0.040495 0.075113
0 0.485274 0.393166 0.032798 0.075866
0 0.388220 0.394296 0.046854 0.073607
0 0.336513 0.394014 0.047858 0.075301
0 0.292503 0.391660 0.034806 0.080008
0 0.256024 0.390813 0.032798 0.080572
0 0.915663 0.393637 0.026774 0.065136
0 0.440428 0.394484 0.047523 0.076242
0 0.528614 0.497176 0.039157 0.072289
0 0.924197 0.495011 0.043842 0.067583
0 0.940596 0.764684 0.034471 0.064006
0 0.982430 0.761860 0.035141 0.065512
0 0.942938 0.686747 0.037149 0.063630
0 0.981426 0.685241 0.037149 0.063630
0 0.902945 0.686935 0.036814 0.063630
0 0.859772 0.686653 0.040161 0.063441
0 0.819110 0.686465 0.036479 0.064571
0 0.777778 0.687406 0.036814 0.064194
0 0.737115 0.687782 0.039157 0.064194
0 0.696452 0.686935 0.032798 0.060994
0 0.655120 0.686370 0.039157 0.064383
0 0.598059 0.710467 0.054217 0.021084
0 0.601238 0.669992 0.039826 0.054970
0 0.882697 0.496329 0.031124 0.067206
0 0.516399 0.685617 0.026774 0.070030
0 0.485107 0.689194 0.031794 0.066265
0 0.446452 0.686935 0.038153 0.067771
0 0.899598 0.765531 0.036145 0.070218
0 0.974398 0.288027 0.043842 0.064759
0 0.930723 0.287462 0.040161 0.068524
0 0.889391 0.288309 0.040495 0.067206
0 0.014558 0.784733 0.029116 0.062312
0 0.144244 0.780309 0.046854 0.057605
0 0.199799 0.774755 0.045515 0.058170
0 0.257865 0.775320 0.040495 0.057041
0 0.300870 0.773814 0.038822 0.058923
0 0.344043 0.771837 0.042169 0.059488
0 0.388052 0.769484 0.038487 0.054782
0 0.427878 0.772120 0.034471 0.057794
0 0.405288 0.690606 0.034806 0.071348
0 0.472724 0.770237 0.036479 0.063441
0 0.559070 0.763084 0.034471 0.063065
0 0.601238 0.760072 0.039826 0.064194
0 0.646252 0.768072 0.038153 0.065889
0 0.691098 0.766849 0.036145 0.066077
0 0.733434 0.766943 0.037149 0.066265
0 0.774264 0.766284 0.035141 0.067206
0 0.817269 0.766096 0.038153 0.066830
0 0.859270 0.766002 0.034471 0.066642
0 0.520750 0.766660 0.036814 0.058547
0 0.367135 0.691453 0.034806 0.071536
0 0.549197 0.689571 0.035475 0.074548
0 0.289157 0.696536 0.040830 0.065889
0 0.411981 0.595821 0.044177 0.073419
0 0.481593 0.597044 0.038153 0.073230
0 0.546519 0.594503 0.042838 0.070783
0 0.593708 0.595350 0.032798 0.072477
0 0.329317 0.693806 0.033467 0.069842
0 0.280622 0.600715 0.035810 0.068901
0 0.639558 0.590550 0.045515 0.069654
0 0.690930 0.591397 0.043842 0.069089
0 0.739625 0.593750 0.045515 0.064383
0 0.787651 0.593468 0.045850 0.063818
0 0.835174 0.593373 0.040495 0.063630
0 0.881861 0.590832 0.042169 0.065700
0 0.927376 0.591114 0.037483 0.064006
0 0.368641 0.596574 0.037149 0.072289
0 0.974063 0.590079 0.051874 0.066453
0 0.987617 0.496611 0.024766 0.064759
0 0.203983 0.694936 0.046519 0.070971
0 0.154618 0.691642 0.045515 0.077184
0 0.113956 0.695124 0.035141 0.076995
0 0.077477 0.694936 0.035141 0.078125
0 0.034639 0.694559 0.044511 0.078502
0 0.028614 0.601092 0.049197 0.076807
0 0.959505 0.496988 0.023427 0.065889
0 0.079150 0.597986 0.041834 0.058923
0 0.182396 0.596574 0.043507 0.062877
0 0.232932 0.597139 0.044846 0.076054
0 0.128179 0.597327 0.048193 0.059864
0 0.323293 0.596574 0.042169 0.072289
