0 0.525735 0.493107 0.035948 0.039522
0 0.238358 0.385723 0.041258 0.052083
0 0.285131 0.396599 0.053105 0.034007
0 0.347835 0.393995 0.062500 0.041667
0 0.408497 0.398131 0.058824 0.034620
0 0.469567 0.392463 0.049428 0.048407
0 0.529820 0.393076 0.044118 0.042279
0 0.577002 0.393689 0.052696 0.043505
0 0.633170 0.401961 0.053105 0.032475
0 0.824142 0.409314 0.052696 0.087010
0 0.684232 0.390165 0.049837 0.055453
0 0.328023 0.471201 0.029412 0.064951
0 0.366830 0.480239 0.041667 0.075674
0 0.412377 0.481464 0.040441 0.065257
0 0.451593 0.483150 0.036356 0.068627
0 0.489583 0.484835 0.033088 0.066483
0 0.559641 0.483915 0.028595 0.057904
0 0.584150 0.494638 0.021242 0.047488
0 0.603350 0.496783 0.020425 0.045037
0 0.629902 0.493719 0.023693 0.060355
0 0.730801 0.388174 0.037582 0.059436
0 0.953636 0.608303 0.087827 0.098346
0 0.862541 0.605086 0.093546 0.107843
0 0.975490 0.514246 0.049020 0.044424
0 0.604167 0.308517 0.022059 0.016544
0 0.603145 0.294118 0.026552 0.017157
0 0.603350 0.280178 0.020425 0.021140
0 0.576593 0.276195 0.025735 0.015625
0 0.577206 0.294424 0.023693 0.017770
0 0.662173 0.278186 0.071895 0.012255
0 0.656863 0.295956 0.080882 0.013480
0 0.656250 0.310968 0.069853 0.016544
0 0.730188 0.287224 0.046160 0.060355
0 0.775327 0.286765 0.034314 0.061887
0 0.813930 0.285080 0.038807 0.062806
0 0.910131 0.344363 0.083333 0.031250
0 0.901757 0.378983 0.079657 0.028799
0 0.902165 0.415288 0.083742 0.032169
0 0.899918 0.448376 0.082516 0.026654
0 0.897263 0.477635 0.073938 0.025735
0 0.893995 0.512561 0.077206 0.031250
0 0.321283 0.081342 0.029820 0.138787
0 0.978758 0.467218 0.042484 0.044730
0 0.652165 0.489583 0.022467 0.061887
0 0.681985 0.503370 0.038807 0.030025
0 0.729575 0.499081 0.054739 0.036765
0 0.789420 0.499694 0.055964 0.030025
0 0.171160 0.212623 0.071895 0.039828
0 0.975286 0.109069 0.032271 0.084559
0 0.907680 0.121630 0.088235 0.052696
0 0.844771 0.093597 0.028595 0.109375
0 0.820466 0.095129 0.015931 0.106311
0 0.802083 0.094210 0.018382 0.103248
0 0.780842 0.095435 0.025735 0.099571
0 0.743260 0.106771 0.039624 0.084865
0 0.672386 0.081801 0.066176 0.135417
0 0.607230 0.083180 0.060866 0.132047
0 0.540645 0.083333 0.065768 0.129902
0 0.473856 0.087316 0.067810 0.120098
0 0.420139 0.111673 0.033088 0.070159
0 0.387663 0.087776 0.023693 0.118566
0 0.151757 0.092218 0.033088 0.117647
0 0.180351 0.090227 0.024101 0.121017
0 0.208538 0.085784 0.028186 0.119485
0 0.239992 0.081495 0.031454 0.128676
0 0.282680 0.083180 0.044935 0.139400
0 0.350490 0.213235 0.054739 0.041054
0 0.408701 0.214308 0.049428 0.040748
0 0.468342 0.213542 0.060049 0.041667
0 0.529820 0.215686 0.057190 0.041054
0 0.776961 0.580116 0.057190 0.060355
0 0.710376 0.590686 0.072712 0.046569
0 0.634395 0.566789 0.042484 0.013480
0 0.633783 0.579810 0.044526 0.012561
0 0.631536 0.591452 0.043301 0.011336
0 0.629698 0.603707 0.039624 0.010723
0 0.587623 0.580882 0.037990 0.009804
0 0.589052 0.592371 0.037582 0.008272
0 0.589869 0.602941 0.035948 0.009191
0 0.576797 0.309130 0.026144 0.012868
0 0.530842 0.583180 0.066585 0.036458
0 0.367034 0.585018 0.064951 0.040135
0 0.301471 0.582261 0.058824 0.039522
0 0.250204 0.576440 0.029003 0.053002
0 0.218546 0.576440 0.028595 0.050551
0 0.186887 0.577053 0.030637 0.043811
0 0.213031 0.643076 0.060049 0.030025
0 0.730801 0.201746 0.057190 0.067096
0 0.674428 0.206648 0.049837 0.059743
0 0.602328 0.220129 0.070670 0.027267
0 0.449755 0.585631 0.081699 0.038909
0 0.546569 0.306219 0.028595 0.016850
0 0.883374 0.542739 0.069036 0.024816
0 0.444444 0.291054 0.051471 0.045956
0 0.591503 0.876532 0.022876 0.010417
0 0.591299 0.862286 0.022467 0.011336
0 0.595792 0.849112 0.024918 0.011949
0 0.600899 0.836550 0.028595 0.011949
0 0.558619 0.870251 0.039624 0.049326
0 0.516748 0.869026 0.038399 0.046875
0 0.477328 0.864890 0.037990 0.050858
0 0.438113 0.874694 0.032271 0.043505
0 0.407067 0.854626 0.020016 0.062806
0 0.383783 0.859835 0.019199 0.063419
0 0.363562 0.862286 0.018791 0.070159
0 0.337214 0.864737 0.034722 0.068321
0 0.303309 0.871477 0.033088 0.041973
0 0.265931 0.863971 0.044118 0.052083
0 0.208333 0.861060 0.047386 0.048713
0 0.207108 0.772365 0.038399 0.041667
0 0.243056 0.775123 0.031046 0.039828
0 0.591299 0.888174 0.029003 0.013480
0 0.626430 0.846354 0.023284 0.013787
0 0.616422 0.863205 0.022876 0.013174
0 0.616830 0.877298 0.023693 0.009498
0 0.785131 0.205270 0.040850 0.064338
0 0.824755 0.201287 0.037582 0.056373
0 0.857435 0.242953 0.020425 0.098039
0 0.884395 0.239737 0.031863 0.096507
0 0.962214 0.235294 0.075572 0.018382
0 0.960172 0.256434 0.078023 0.023284
0 0.960580 0.279259 0.078840 0.021752
0 0.186479 0.272212 0.063317 0.022978
0 0.274510 0.779105 0.024510 0.028186
0 0.185866 0.300551 0.062092 0.025123
0 0.844363 0.857384 0.037582 0.075674
0 0.805351 0.855392 0.028186 0.076593
0 0.769404 0.863051 0.029003 0.067402
0 0.737949 0.870404 0.032271 0.064951
0 0.707108 0.867494 0.029412 0.066483
0 0.664828 0.867188 0.044526 0.070772
0 0.494690 0.294577 0.043301 0.052390
0 0.617851 0.890319 0.022467 0.010417
0 0.889093 0.859069 0.051062 0.091299
0 0.271650 0.749081 0.029412 0.024510
0 0.356209 0.081036 0.036765 0.132659
0 0.786765 0.676624 0.044118 0.045650
0 0.738358 0.674020 0.039624 0.040441
0 0.692198 0.668811 0.049428 0.052083
0 0.633987 0.684283 0.058007 0.026042
0 0.569036 0.682138 0.050654 0.026654
0 0.570670 0.653646 0.053922 0.021752
0 0.510212 0.642923 0.048203 0.032169
0 0.511642 0.675551 0.057598 0.031250
0 0.456087 0.678768 0.045343 0.024816
0 0.458538 0.651348 0.043709 0.026961
0 0.302696 0.768842 0.028595 0.054228
0 0.401961 0.653186 0.068627 0.028186
0 0.397876 0.290594 0.040850 0.047488
0 0.334559 0.273591 0.069444 0.025735
0 0.331904 0.302543 0.070670 0.024203
0 0.256127 0.301164 0.070261 0.023897
0 0.215278 0.674786 0.061275 0.032169
0 0.275123 0.667892 0.033088 0.037990
0 0.326185 0.675551 0.062500 0.031250
0 0.820261 0.733303 0.018791 0.094669
0 0.397876 0.678002 0.066993 0.025735
0 0.898080 0.730392 0.046160 0.098652
0 0.337010 0.766391 0.031046 0.051777
0 0.376225 0.777267 0.033497 0.034314
0 0.417892 0.771906 0.044935 0.053002
0 0.463031 0.783548 0.036356 0.029105
0 0.463235 0.753983 0.036765 0.026961
0 0.507353 0.773284 0.042484 0.053309
0 0.549020 0.771140 0.036765 0.056373
0 0.595180 0.766544 0.040033 0.064338
0 0.666462 0.797794 0.030637 0.011029
0 0.663603 0.785539 0.024918 0.011029
0 0.665850 0.773591 0.026144 0.014706
0 0.665850 0.759651 0.022876 0.013787
0 0.715891 0.796109 0.070670 0.017463
0 0.714869 0.777727 0.075163 0.017463
0 0.774714 0.774816 0.039624 0.068627
0 0.989583 0.734835 0.020833 0.100184
0 0.944853 0.731924 0.040850 0.106618
0 0.851920 0.733150 0.039624 0.096814
