0 0.203023 0.834099 0.031046 0.101409
0 0.323121 0.141391 0.049837 0.090993
0 0.369281 0.155331 0.042484 0.061887
0 0.411560 0.157322 0.039624 0.066483
0 0.454044 0.156403 0.046160 0.071385
0 0.497345 0.154259 0.036356 0.071998
0 0.536152 0.158241 0.042075 0.065257
0 0.574142 0.159773 0.036356 0.073223
0 0.619894 0.159773 0.043709 0.066483
0 0.663194 0.159161 0.042892 0.075061
0 0.708946 0.123009 0.043709 0.035233
0 0.710989 0.171415 0.042075 0.054841
0 0.923407 0.786305 0.048611 0.113664
0 0.978554 0.787684 0.042892 0.125613
0 0.263276 0.137714 0.070670 0.085478
0 0.851920 0.278952 0.033088 0.033395
0 0.753676 0.173560 0.036765 0.047488
0 0.798611 0.162990 0.044935 0.075368
0 0.842320 0.164062 0.042484 0.074449
0 0.881332 0.169271 0.035539 0.067096
0 0.920343 0.172794 0.042484 0.059436
0 0.974673 0.170956 0.050654 0.074755
0 0.161969 0.278646 0.099265 0.098346
0 0.231005 0.292279 0.040441 0.071078
0 0.277369 0.293199 0.045752 0.073529
0 0.320466 0.294424 0.037990 0.071691
0 0.359273 0.293658 0.041258 0.069547
0 0.400940 0.293658 0.042892 0.070772
0 0.574959 0.822917 0.029003 0.095588
0 0.747549 0.134651 0.030229 0.026042
0 0.171160 0.131127 0.111111 0.100490
0 0.328636 0.708180 0.023284 0.037684
0 0.352533 0.712469 0.024510 0.045650
0 0.608660 0.815257 0.036765 0.099877
0 0.680760 0.818934 0.053513 0.104167
0 0.732639 0.815411 0.047794 0.098958
0 0.780842 0.811428 0.041258 0.103248
0 0.827206 0.809283 0.043301 0.098958
0 0.860498 0.776042 0.019199 0.091912
0 0.498775 0.823836 0.029412 0.109069
0 0.468546 0.822151 0.028595 0.109988
0 0.431985 0.828278 0.039624 0.108762
0 0.393791 0.824295 0.031863 0.112439
0 0.346609 0.848805 0.043709 0.084252
0 0.303513 0.831648 0.026144 0.100184
0 0.273080 0.831495 0.033905 0.112745
0 0.236111 0.829963 0.031863 0.116422
0 0.165850 0.820466 0.038399 0.102328
0 0.806168 0.691176 0.032271 0.042892
0 0.771855 0.682904 0.026552 0.042892
0 0.737745 0.693934 0.020425 0.039216
0 0.711397 0.695312 0.027369 0.041973
0 0.676266 0.697304 0.019199 0.050245
0 0.653391 0.686887 0.017565 0.041054
0 0.633170 0.694853 0.023693 0.041054
0 0.603758 0.686428 0.026961 0.040135
0 0.523693 0.681526 0.063725 0.072610
0 0.475286 0.705576 0.023284 0.038603
0 0.449142 0.690411 0.014297 0.036458
0 0.426471 0.710018 0.025327 0.038909
0 0.402982 0.709712 0.022467 0.037684
0 0.378064 0.713235 0.025735 0.044118
0 0.464052 0.294118 0.072712 0.072917
0 0.541462 0.295343 0.083742 0.069853
0 0.536356 0.810662 0.035948 0.104779
0 0.704861 0.308977 0.069853 0.045037
0 0.525531 0.490809 0.048611 0.075368
0 0.476920 0.495251 0.038807 0.084252
0 0.417484 0.506434 0.063725 0.061887
0 0.363766 0.501991 0.047794 0.074449
0 0.296569 0.508119 0.075163 0.060968
0 0.226716 0.506740 0.062908 0.058824
0 0.159314 0.498621 0.065359 0.074449
0 0.978554 0.372549 0.042892 0.063725
0 0.987949 0.269148 0.024101 0.056679
0 0.865809 0.386949 0.045343 0.050245
0 0.809641 0.392616 0.064542 0.068321
0 0.722426 0.390472 0.033088 0.062194
0 0.777778 0.291820 0.025327 0.073223
0 0.573325 0.492034 0.041258 0.072304
0 0.678105 0.387102 0.048203 0.062194
0 0.591912 0.390778 0.034314 0.074449
0 0.805760 0.294577 0.024918 0.066483
0 0.892361 0.265472 0.029820 0.060355
0 0.539216 0.392310 0.048203 0.072610
0 0.496528 0.393229 0.037173 0.069547
0 0.449959 0.392463 0.053513 0.064951
0 0.398693 0.390625 0.048203 0.069240
0 0.354779 0.391238 0.041258 0.069853
0 0.309232 0.387561 0.049837 0.077206
0 0.254289 0.388021 0.043709 0.057292
0 0.626021 0.296262 0.081291 0.070466
0 0.921569 0.264553 0.028595 0.060968
0 0.956495 0.265319 0.039624 0.062500
0 0.631127 0.390319 0.044118 0.069240
0 0.621732 0.493260 0.047386 0.080270
0 0.919322 0.372396 0.052696 0.075061
0 0.729371 0.485907 0.056781 0.068015
0 0.754085 0.589001 0.037582 0.058517
0 0.672386 0.492647 0.045752 0.077819
0 0.787786 0.587316 0.026552 0.059436
0 0.814542 0.583333 0.021242 0.054534
0 0.860703 0.640931 0.044935 0.082721
0 0.904208 0.637561 0.037990 0.083333
0 0.715891 0.588695 0.033088 0.056679
0 0.958333 0.636336 0.055556 0.085172
0 0.202206 0.716912 0.027778 0.042892
0 0.229575 0.710018 0.022059 0.038297
0 0.252859 0.712623 0.022059 0.036765
0 0.275735 0.712010 0.023693 0.037377
0 0.303717 0.710784 0.023284 0.034926
0 0.735090 0.246170 0.052696 0.073223
0 0.165237 0.717218 0.046160 0.045956
0 0.665441 0.590686 0.047386 0.056985
0 0.182598 0.397672 0.075163 0.055147
0 0.186070 0.597733 0.087827 0.071078
0 0.619281 0.592678 0.042484 0.057904
0 0.792484 0.495711 0.058007 0.061887
0 0.863562 0.433211 0.050654 0.016544
0 0.859069 0.454504 0.053922 0.019301
0 0.864992 0.505515 0.046977 0.081495
0 0.907884 0.501685 0.035539 0.087929
0 0.957516 0.504289 0.050654 0.083333
0 0.566993 0.592984 0.053922 0.061581
0 0.268178 0.587776 0.068219 0.067708
0 0.329657 0.589614 0.053922 0.066483
0 0.389297 0.590533 0.063725 0.068934
0 0.510212 0.593290 0.052288 0.067096
0 0.448734 0.590686 0.051062 0.071691
