0 0.585677 0.840234 0.102604 0.041406
0 0.053646 0.884375 0.107292 0.154688
0 0.490365 0.853906 0.079687 0.044531
0 0.491406 0.795508 0.081771 0.055859
0 0.194531 0.900391 0.111979 0.074219
0 0.190885 0.824414 0.116146 0.057422
0 0.306771 0.883594 0.104167 0.071094
0 0.356510 0.067969 0.065104 0.050000
0 0.405990 0.873437 0.085938 0.057031
0 0.404167 0.812109 0.086458 0.067187
0 0.583854 0.782617 0.103125 0.057422
0 0.688021 0.817773 0.091667 0.063672
0 0.854688 0.677148 0.041667 0.073047
0 0.847656 0.772461 0.048438 0.092578
0 0.901823 0.766016 0.054688 0.092188
0 0.953906 0.757812 0.048438 0.089844
0 0.819010 0.679297 0.027604 0.078906
0 0.895052 0.670703 0.032813 0.074219
0 0.930469 0.668359 0.038021 0.067969
0 0.971354 0.662695 0.038542 0.072266
0 0.092708 0.717383 0.038542 0.152734
0 0.149479 0.717969 0.066667 0.111719
0 0.215625 0.714258 0.060417 0.112891
0 0.280208 0.708789 0.062500 0.111328
0 0.341927 0.705859 0.055729 0.110937
0 0.788542 0.775195 0.064583 0.109766
0 0.433594 0.253516 0.055729 0.049219
0 0.127865 0.187305 0.068229 0.044141
0 0.563281 0.259570 0.061979 0.046484
0 0.287240 0.059375 0.069271 0.051562
0 0.212500 0.049414 0.073958 0.055859
0 0.132812 0.041211 0.082292 0.055078
0 0.816927 0.125586 0.055729 0.039453
0 0.808854 0.164453 0.056250 0.038281
0 0.955208 0.138477 0.059375 0.117578
0 0.889844 0.131055 0.063021 0.116797
0 0.555208 0.222070 0.054167 0.030078
0 0.633073 0.227930 0.063021 0.026953
0 0.691146 0.269922 0.061458 0.035156
0 0.399219 0.697852 0.052604 0.108984
0 0.437760 0.127539 0.068229 0.050391
0 0.489323 0.256250 0.052604 0.046875
0 0.124740 0.098437 0.078646 0.056250
0 0.288281 0.113672 0.071354 0.056250
0 0.361719 0.120508 0.067187 0.051172
0 0.570052 0.140430 0.064062 0.046484
0 0.573958 0.094336 0.059375 0.046484
0 0.634896 0.146094 0.058333 0.050000
0 0.696094 0.151953 0.054688 0.044531
0 0.751823 0.159766 0.051562 0.041406
0 0.758594 0.119727 0.057813 0.038672
0 0.697656 0.108203 0.057813 0.043750
0 0.639323 0.087500 0.055729 0.042188
0 0.033333 0.725000 0.066667 0.152344
0 0.621615 0.264062 0.052604 0.042188
0 0.212500 0.105469 0.073958 0.054688
0 0.453125 0.695117 0.050000 0.108203
0 0.306250 0.812109 0.103125 0.070312
0 0.552344 0.683008 0.048438 0.101953
0 0.765365 0.336328 0.054688 0.039844
0 0.759896 0.376367 0.052083 0.039453
0 0.708333 0.334766 0.055208 0.039844
0 0.684635 0.376172 0.048438 0.042969
0 0.635417 0.333789 0.052083 0.041797
0 0.633333 0.375977 0.047917 0.043359
0 0.738802 0.665820 0.042188 0.093359
0 0.696094 0.669336 0.042188 0.095703
0 0.580469 0.371094 0.055729 0.046875
0 0.687500 0.570117 0.065625 0.073828
0 0.591146 0.570117 0.085417 0.083203
0 0.492969 0.330859 0.053646 0.044531
0 0.498698 0.374023 0.059896 0.041016
0 0.428125 0.372266 0.053125 0.041406
0 0.816146 0.336523 0.045833 0.040234
0 0.367969 0.325781 0.058854 0.045312
0 0.240885 0.327930 0.066146 0.041016
0 0.441667 0.077930 0.062500 0.045703
0 0.506510 0.134180 0.063021 0.048047
0 0.508594 0.086133 0.067187 0.044141
0 0.450000 0.027734 0.076042 0.051562
0 0.238802 0.369336 0.057813 0.041016
0 0.172396 0.274805 0.076042 0.062109
0 0.171094 0.363281 0.069271 0.053906
0 0.407031 0.578320 0.096354 0.097266
0 0.900781 0.575391 0.052604 0.087500
0 0.489323 0.562891 0.065104 0.088281
0 0.502865 0.686914 0.046354 0.104297
0 0.782292 0.661133 0.043750 0.093359
0 0.842448 0.579492 0.057813 0.091797
0 0.371094 0.370703 0.056771 0.044531
0 0.886458 0.261914 0.056250 0.094141
0 0.811198 0.376367 0.048438 0.040234
0 0.203125 0.458203 0.125000 0.078125
0 0.752604 0.563086 0.053125 0.075391
0 0.651823 0.674023 0.040104 0.098047
0 0.604688 0.679297 0.051042 0.100000
0 0.939323 0.263086 0.051562 0.098047
0 0.819010 0.274414 0.042188 0.038672
0 0.767708 0.271875 0.059375 0.035937
0 0.087240 0.331641 0.084896 0.073438
0 0.951823 0.574414 0.048438 0.083203
0 0.304167 0.584180 0.103125 0.103516
0 0.359115 0.202539 0.066146 0.035547
0 0.371354 0.250195 0.065625 0.047266
0 0.303646 0.247656 0.064583 0.051562
0 0.280208 0.198633 0.066667 0.037109
0 0.236458 0.243750 0.053125 0.053906
0 0.195573 0.590234 0.109896 0.107031
0 0.979948 0.375391 0.039062 0.084375
0 0.087500 0.250977 0.085417 0.079297
0 0.933854 0.374219 0.053125 0.085156
0 0.327865 0.458203 0.113021 0.080469
0 0.440104 0.457031 0.101042 0.076563
0 0.514844 0.469141 0.047396 0.043750
0 0.206250 0.195117 0.065625 0.041797
0 0.661458 0.465234 0.051042 0.042188
0 0.712760 0.462891 0.047396 0.040625
0 0.909115 0.478320 0.065104 0.086328
0 0.593490 0.460742 0.053646 0.041797
0 0.968750 0.477930 0.050000 0.083984
0 0.754948 0.462305 0.038021 0.041797
0 0.804688 0.463867 0.052083 0.035547
0 0.807813 0.427734 0.043750 0.037500
0 0.654167 0.427734 0.044792 0.034375
0 0.874740 0.373828 0.060937 0.087500
