0 0.797386 0.190717 0.047386 0.098346
0 0.020221 0.867341 0.040441 0.063113
0 0.305760 0.898284 0.176879 0.064951
0 0.491626 0.919884 0.184232 0.075061
0 0.844771 0.189185 0.040033 0.091605
0 0.604167 0.643382 0.044118 0.078431
0 0.541054 0.646752 0.068219 0.066176
0 0.107026 0.320312 0.031863 0.076287
0 0.142361 0.319547 0.029003 0.077819
0 0.176471 0.316176 0.032680 0.079657
0 0.212827 0.319240 0.032680 0.079657
0 0.247753 0.317096 0.032271 0.079657
0 0.284926 0.318627 0.032271 0.079657
0 0.327819 0.317555 0.032271 0.079963
0 0.364583 0.320006 0.032271 0.079963
0 0.403391 0.319700 0.032271 0.079963
0 0.443423 0.318627 0.032271 0.079657
0 0.481005 0.318321 0.032271 0.079657
0 0.518178 0.318934 0.032271 0.079657
0 0.558211 0.319240 0.032271 0.079657
0 0.600082 0.314951 0.041667 0.084559
0 0.834763 0.946998 0.090278 0.075980
0 0.735294 0.941023 0.082516 0.062806
0 0.643382 0.932292 0.087418 0.075368
0 0.842320 0.853248 0.092320 0.073529
0 0.741830 0.649203 0.048203 0.080270
0 0.791258 0.651501 0.044935 0.084865
0 0.841095 0.652727 0.035131 0.089767
0 0.887663 0.656250 0.042484 0.085784
0 0.977941 0.738664 0.044118 0.101103
0 0.982230 0.892923 0.026552 0.105086
0 0.755106 0.762714 0.093546 0.074449
0 0.640931 0.747855 0.082516 0.078431
0 0.061275 0.691330 0.065359 0.041973
0 0.140727 0.712163 0.067402 0.067096
0 0.212623 0.718290 0.064134 0.067096
0 0.276961 0.721354 0.058007 0.068321
0 0.346814 0.722120 0.060458 0.071078
0 0.414624 0.730852 0.065359 0.078125
0 0.489379 0.735447 0.064542 0.070772
0 0.562500 0.737132 0.069444 0.075980
0 0.110090 0.793964 0.168709 0.065257
0 0.302900 0.809589 0.180147 0.067708
0 0.498775 0.828125 0.182190 0.068627
0 0.658905 0.839461 0.093137 0.077206
0 0.749796 0.843750 0.082925 0.073529
0 0.643587 0.316330 0.041258 0.084252
0 0.689951 0.312500 0.041667 0.084559
0 0.738154 0.312347 0.046569 0.083640
0 0.792484 0.312806 0.049837 0.083946
0 0.901348 0.541360 0.046977 0.087623
0 0.849673 0.541820 0.040033 0.083640
0 0.618056 0.537837 0.040033 0.083027
0 0.659722 0.537684 0.034314 0.080270
0 0.702614 0.537224 0.043301 0.081801
0 0.751634 0.538603 0.044935 0.080882
0 0.801062 0.539369 0.044935 0.086091
0 0.075163 0.522059 0.073529 0.072917
0 0.147059 0.521906 0.063725 0.073836
0 0.215074 0.533701 0.062500 0.067402
0 0.277778 0.534467 0.056373 0.062806
0 0.344363 0.536918 0.065359 0.068934
0 0.409314 0.535846 0.058007 0.069853
0 0.476920 0.542586 0.068219 0.068627
0 0.553717 0.542586 0.074755 0.072917
0 0.079861 0.595435 0.069853 0.044424
0 0.165441 0.592831 0.023693 0.030025
0 0.208129 0.633885 0.055147 0.068627
0 0.266953 0.635570 0.054330 0.067096
0 0.334763 0.639246 0.061683 0.070159
0 0.406454 0.643382 0.064542 0.068015
0 0.809641 0.434283 0.040033 0.083027
0 0.695466 0.648131 0.041258 0.085478
0 0.762868 0.436428 0.040441 0.083027
0 0.670956 0.436428 0.040441 0.083027
0 0.857843 0.308517 0.052288 0.087623
0 0.915033 0.306526 0.052288 0.087929
0 0.855392 0.433824 0.048203 0.090686
0 0.904412 0.433058 0.040850 0.086091
0 0.008783 0.426164 0.017565 0.075368
0 0.041462 0.425092 0.034722 0.078125
0 0.076593 0.429228 0.031454 0.081495
0 0.110294 0.428615 0.028595 0.082721
0 0.143791 0.427083 0.035131 0.079657
0 0.180147 0.428462 0.034314 0.082414
0 0.218137 0.431219 0.033497 0.079963
0 0.260212 0.426777 0.015523 0.081495
0 0.287173 0.429228 0.031046 0.081495
0 0.355188 0.431832 0.032271 0.084865
0 0.388685 0.433977 0.032271 0.084865
0 0.422998 0.430607 0.032271 0.084865
0 0.461601 0.431832 0.032680 0.084865
0 0.499592 0.429228 0.032680 0.084559
0 0.538194 0.433670 0.037173 0.084865
0 0.578636 0.432904 0.037173 0.084559
0 0.625204 0.435202 0.040441 0.083027
0 0.717116 0.436428 0.040441 0.083027
0 0.652574 0.643536 0.038807 0.077512
0 0.474265 0.646906 0.059641 0.070772
0 0.460580 0.087316 0.051062 0.090686
0 0.888276 0.059436 0.043709 0.097426
0 0.771242 0.067402 0.045752 0.103554
0 0.718750 0.072151 0.046977 0.095282
0 0.662377 0.074602 0.048611 0.094056
0 0.613562 0.075827 0.040850 0.095282
0 0.561683 0.080576 0.045752 0.091912
0 0.510621 0.082721 0.045752 0.096201
0 0.409722 0.090074 0.039216 0.098039
0 0.365809 0.095588 0.041258 0.094975
0 0.318015 0.095588 0.041258 0.090686
0 0.270425 0.097886 0.035948 0.085478
0 0.216299 0.101103 0.039624 0.083333
0 0.167892 0.104013 0.048203 0.087929
0 0.117239 0.091605 0.039216 0.116422
0 0.038194 0.107843 0.037990 0.088848
0 0.068219 0.321385 0.037582 0.079044
0 0.029412 0.321998 0.033497 0.082721
0 0.937500 0.056066 0.049020 0.103554
0 0.896038 0.185662 0.049428 0.095588
0 0.834967 0.063266 0.052288 0.106311
0 0.059436 0.225490 0.042075 0.083946
0 0.748570 0.196385 0.042075 0.093137
0 0.694240 0.197457 0.051879 0.092831
0 0.643791 0.198070 0.034314 0.097733
0 0.604984 0.206189 0.036765 0.083946
0 0.566789 0.209559 0.030637 0.080882
0 0.531250 0.210938 0.033088 0.074449
0 0.016748 0.224265 0.033497 0.088848
0 0.465074 0.211550 0.012663 0.078125
0 0.437296 0.216146 0.040441 0.075061
0 0.388685 0.215074 0.029003 0.078431
0 0.495302 0.212776 0.034722 0.078125
0 0.352124 0.215839 0.032680 0.076900
0 0.105801 0.219516 0.039216 0.081801
0 0.190768 0.219822 0.029412 0.071385
0 0.227533 0.222120 0.032680 0.069853
0 0.148284 0.218903 0.034314 0.087929
0 0.286356 0.219669 0.032680 0.074755
0 0.319240 0.217525 0.027369 0.078431
0 0.257557 0.221201 0.019199 0.071078
