0 0.126021 0.192555 0.054330 0.034007
0 0.184232 0.220282 0.053922 0.072917
0 0.251634 0.217065 0.050654 0.078125
0 0.313317 0.215686 0.070261 0.082721
0 0.380923 0.217065 0.054330 0.079963
0 0.525531 0.290288 0.056781 0.035233
0 0.501021 0.215993 0.054330 0.080270
0 0.569853 0.214308 0.071078 0.079963
0 0.561070 0.162071 0.060049 0.020833
0 0.619690 0.225031 0.022059 0.064032
0 0.100490 0.235907 0.064542 0.045956
0 0.444853 0.216452 0.056373 0.080576
0 0.030433 0.232537 0.060049 0.050858
0 0.331699 0.763940 0.037582 0.049326
0 0.909722 0.328431 0.077614 0.079657
0 0.646446 0.755208 0.063317 0.063113
0 0.554739 0.748775 0.077614 0.044730
0 0.492443 0.753064 0.046977 0.052083
0 0.681577 0.219363 0.059232 0.079044
0 0.294730 0.766697 0.035539 0.054841
0 0.064134 0.882966 0.126634 0.071078
0 0.170547 0.891391 0.083742 0.046262
0 0.243668 0.868260 0.046977 0.096201
0 0.290645 0.867341 0.046977 0.094363
0 0.335989 0.866422 0.043709 0.096201
0 0.380515 0.865962 0.043709 0.095282
0 0.973856 0.327206 0.050654 0.077206
0 0.685662 0.159926 0.053513 0.032475
0 0.566381 0.868566 0.039624 0.077206
0 0.811479 0.203278 0.060866 0.103860
0 0.606209 0.868260 0.040033 0.077819
0 0.657475 0.861213 0.048611 0.079044
0 0.704248 0.861060 0.045752 0.078125
0 0.749183 0.852788 0.036765 0.083027
0 0.397059 0.028952 0.091503 0.030331
0 0.330270 0.061428 0.042075 0.095895
0 0.279820 0.056526 0.057190 0.105699
0 0.226103 0.057598 0.051062 0.107230
0 0.176062 0.081801 0.032680 0.060662
0 0.979371 0.200214 0.041258 0.111826
0 0.929330 0.203585 0.058007 0.104473
0 0.780433 0.852482 0.024918 0.083640
0 0.814134 0.854167 0.042484 0.080270
0 0.869690 0.857384 0.042484 0.076287
0 0.905842 0.855699 0.030637 0.080882
0 0.940564 0.853248 0.037990 0.077819
0 0.979167 0.842831 0.038399 0.099265
0 0.060049 0.791667 0.120098 0.064338
0 0.168709 0.778952 0.062908 0.050551
0 0.219975 0.769914 0.036356 0.050245
0 0.257966 0.769455 0.038807 0.049326
0 0.433619 0.857077 0.043709 0.103860
0 0.477737 0.848346 0.037990 0.086397
0 0.789624 0.334099 0.058007 0.070772
0 0.871732 0.202665 0.056373 0.101409
0 0.746528 0.206036 0.060866 0.109375
0 0.593954 0.320772 0.071895 0.101716
0 0.709967 0.753676 0.062092 0.060049
0 0.827410 0.750153 0.051879 0.053002
0 0.550654 0.558058 0.052288 0.089767
0 0.605596 0.554688 0.058415 0.083640
0 0.664624 0.555607 0.058007 0.089154
0 0.723243 0.554534 0.058415 0.087010
0 0.777574 0.551011 0.048611 0.087316
0 0.832516 0.551164 0.056373 0.087623
0 0.902778 0.549786 0.076797 0.087929
0 0.972426 0.553768 0.055147 0.087316
0 0.965482 0.435662 0.055147 0.094975
0 0.870507 0.435049 0.084967 0.107843
0 0.780433 0.433824 0.073938 0.101716
0 0.713440 0.449755 0.060049 0.071078
0 0.642565 0.436275 0.060458 0.103554
0 0.575163 0.457874 0.054739 0.064032
0 0.485907 0.556526 0.076389 0.092831
0 0.516953 0.439032 0.061683 0.101716
0 0.443832 0.411612 0.044526 0.028493
0 0.399306 0.456495 0.047794 0.068627
0 0.338644 0.443321 0.064542 0.102328
0 0.272876 0.458180 0.053105 0.068934
0 0.217116 0.442096 0.050245 0.101103
0 0.131127 0.429228 0.089052 0.041054
0 0.042484 0.403493 0.083333 0.077819
0 0.144608 0.386642 0.071895 0.033701
0 0.210989 0.327665 0.073121 0.083027
0 0.278799 0.340074 0.055147 0.068015
0 0.341708 0.325521 0.069853 0.096507
0 0.405229 0.324755 0.053105 0.099877
0 0.462623 0.323836 0.061683 0.098652
0 0.523489 0.341146 0.060049 0.065257
0 0.454248 0.458793 0.056373 0.062194
0 0.418096 0.556526 0.059232 0.092831
0 0.361724 0.553922 0.052696 0.096814
0 0.313113 0.556066 0.044526 0.101103
0 0.868464 0.753830 0.027778 0.039522
0 0.902369 0.754749 0.031046 0.040135
0 0.978758 0.746170 0.042484 0.049326
0 0.977328 0.666054 0.045343 0.068627
0 0.922590 0.666820 0.061683 0.067096
0 0.857435 0.668199 0.068627 0.069240
0 0.803105 0.659314 0.039216 0.087623
0 0.761234 0.661765 0.043709 0.093750
0 0.714665 0.673254 0.047794 0.059743
0 0.634804 0.660386 0.041667 0.089154
0 0.593546 0.661765 0.040033 0.091912
0 0.554330 0.661918 0.039216 0.091605
0 0.518791 0.665901 0.028595 0.079963
0 0.722631 0.318474 0.062092 0.101409
0 0.455065 0.669730 0.032680 0.081495
0 0.421773 0.670650 0.034722 0.083333
0 0.386029 0.670190 0.036765 0.084252
0 0.263685 0.564798 0.055147 0.084865
0 0.216095 0.570466 0.036765 0.075980
0 0.146242 0.492188 0.085784 0.043199
0 0.147059 0.537837 0.091503 0.045037
0 0.044526 0.519761 0.089052 0.086091
0 0.150940 0.592218 0.078840 0.039828
0 0.772672 0.748775 0.058415 0.051471
0 0.151552 0.632659 0.077614 0.041054
0 0.060866 0.708180 0.120915 0.071385
0 0.215686 0.672028 0.031046 0.097120
0 0.250817 0.670496 0.032680 0.095282
0 0.282067 0.669271 0.029820 0.097120
0 0.658497 0.331342 0.058007 0.079350
0 0.353350 0.670190 0.030229 0.084252
0 0.054943 0.616881 0.109886 0.072610
0 0.488154 0.667586 0.032680 0.084559
0 0.314338 0.669577 0.036356 0.098958
0 0.405637 0.095741 0.086601 0.030331
0 0.485703 0.064185 0.077614 0.023591
0 0.483864 0.037377 0.074755 0.031250
0 0.552492 0.042586 0.055964 0.045956
0 0.553922 0.087010 0.052288 0.044118
0 0.601103 0.061428 0.037173 0.097733
0 0.657271 0.026808 0.070261 0.033395
0 0.658088 0.061121 0.069444 0.035233
0 0.655025 0.093290 0.063317 0.029105
0 0.715074 0.059283 0.042075 0.102022
0 0.757557 0.058977 0.042892 0.101409
0 0.823734 0.090533 0.073938 0.037684
0 0.912173 0.097580 0.084967 0.027267
0 0.906250 0.063266 0.096814 0.042586
0 0.402778 0.061887 0.080065 0.036765
0 0.900531 0.025735 0.087010 0.031863
0 0.487541 0.093290 0.072304 0.034007
