0 0.704657 0.570466 0.017157 0.025735
0 0.141136 0.648591 0.024918 0.027574
0 0.745915 0.542892 0.019608 0.024510
0 0.726307 0.543199 0.017157 0.026961
0 0.706699 0.543658 0.017974 0.026042
0 0.881332 0.529871 0.019199 0.019301
0 0.861724 0.529259 0.016748 0.020527
0 0.843546 0.534161 0.013889 0.021752
0 0.825163 0.534314 0.017157 0.023897
0 0.804330 0.535233 0.017974 0.023897
0 0.912990 0.563725 0.013889 0.025735
0 0.896650 0.564951 0.017974 0.028186
0 0.877655 0.565257 0.017565 0.026348
0 0.085376 0.257353 0.021242 0.063113
0 0.106822 0.257659 0.020833 0.065564
0 0.129289 0.256893 0.020833 0.064645
0 0.152165 0.259038 0.020833 0.064645
0 0.175041 0.258425 0.020833 0.064645
0 0.198325 0.259344 0.020833 0.064645
0 0.222222 0.259344 0.022059 0.064645
0 0.246119 0.260110 0.022467 0.064951
0 0.270221 0.260723 0.020833 0.064338
0 0.291258 0.260570 0.019608 0.062806
0 0.311683 0.260570 0.019608 0.062806
0 0.332925 0.261795 0.021242 0.060968
0 0.354984 0.261642 0.021242 0.061275
0 0.177288 0.670190 0.043301 0.030331
0 0.220997 0.670496 0.042484 0.029105
0 0.264093 0.667892 0.038807 0.028186
0 0.305760 0.665441 0.042892 0.028799
0 0.860090 0.620098 0.035539 0.025735
0 0.824959 0.621170 0.033905 0.027880
0 0.786560 0.620864 0.038807 0.025429
0 0.738358 0.623162 0.038807 0.025735
0 0.688113 0.621477 0.034722 0.028493
0 0.894199 0.646293 0.035948 0.024816
0 0.856005 0.646906 0.036356 0.024203
0 0.820261 0.649357 0.032680 0.024816
0 0.783701 0.648744 0.035539 0.025429
0 0.060866 0.257200 0.021242 0.062806
0 0.038399 0.258119 0.021242 0.062806
0 0.016340 0.257506 0.021242 0.062806
0 0.377042 0.262868 0.021242 0.061275
0 0.714052 0.650888 0.032680 0.026042
0 0.724060 0.571078 0.018382 0.025123
0 0.600490 0.653033 0.037582 0.030331
0 0.556577 0.627298 0.040441 0.025429
0 0.514297 0.626838 0.037582 0.026348
0 0.558824 0.655178 0.036765 0.025429
0 0.519199 0.657016 0.036765 0.025429
0 0.479575 0.654565 0.036765 0.025429
0 0.432190 0.633119 0.040033 0.026654
0 0.389910 0.634651 0.040441 0.026654
0 0.434845 0.660999 0.040441 0.026654
0 0.391748 0.663143 0.040033 0.026654
0 0.349060 0.664982 0.040441 0.028493
0 0.676471 0.651195 0.033497 0.028493
0 0.856209 0.564951 0.013889 0.028186
0 0.398693 0.263021 0.021242 0.060968
0 0.444036 0.264553 0.021242 0.060968
0 0.360703 0.347426 0.017974 0.056985
0 0.340482 0.345741 0.020016 0.058517
0 0.319240 0.346354 0.020016 0.058517
0 0.297590 0.345129 0.018382 0.059130
0 0.277574 0.346048 0.018382 0.059130
0 0.256127 0.345741 0.022059 0.059743
0 0.232843 0.346354 0.022059 0.059743
0 0.209150 0.345741 0.022059 0.059743
0 0.065768 0.345435 0.024510 0.058517
0 0.041258 0.344669 0.020425 0.057598
0 0.020016 0.346201 0.020425 0.057598
0 0.939542 0.263327 0.017157 0.058517
0 0.921569 0.262102 0.017157 0.058517
0 0.685662 0.263787 0.015931 0.063113
0 0.704453 0.258578 0.018382 0.072304
0 0.905025 0.263327 0.015931 0.057904
0 0.884395 0.261949 0.019608 0.059436
0 0.863562 0.262868 0.019608 0.059436
0 0.844567 0.262561 0.016748 0.061275
0 0.824551 0.262408 0.020016 0.061581
0 0.783701 0.266238 0.013480 0.055147
0 0.803105 0.263327 0.021242 0.061581
0 0.766340 0.258272 0.017974 0.072917
0 0.745302 0.258732 0.018382 0.071998
0 0.724877 0.257200 0.018382 0.071998
0 0.379698 0.346814 0.017565 0.056985
0 0.401144 0.348039 0.017974 0.056985
0 0.422181 0.345129 0.019199 0.059130
0 0.447917 0.348192 0.017565 0.056066
0 0.470588 0.263327 0.021242 0.060968
0 0.491830 0.264093 0.018791 0.058824
0 0.512255 0.264553 0.018791 0.059130
0 0.532067 0.264400 0.016748 0.060049
0 0.551062 0.264553 0.017974 0.059743
0 0.569853 0.265165 0.015523 0.059130
0 0.586806 0.263480 0.017565 0.060662
0 0.606005 0.264246 0.017565 0.060355
0 0.625817 0.264400 0.017974 0.060662
0 0.647672 0.263634 0.017565 0.060355
0 0.667279 0.263021 0.017565 0.060355
0 0.861928 0.352941 0.017157 0.039216
0 0.421569 0.263634 0.021242 0.060968
0 0.841708 0.353401 0.015931 0.038297
0 0.767770 0.346201 0.016748 0.051471
0 0.747345 0.347426 0.016748 0.051471
0 0.729167 0.347426 0.016340 0.051471
0 0.638889 0.345895 0.020425 0.056985
0 0.602328 0.345588 0.017565 0.056985
0 0.582925 0.345741 0.017157 0.057292
0 0.563725 0.347426 0.017157 0.056985
0 0.544730 0.347120 0.017565 0.056985
0 0.525735 0.346507 0.013072 0.055760
0 0.508374 0.345741 0.018382 0.055453
0 0.488358 0.346048 0.018382 0.055453
0 0.466912 0.347886 0.017974 0.055453
0 0.824346 0.355239 0.015523 0.037684
0 0.822304 0.566176 0.013889 0.028186
0 0.639706 0.651808 0.033497 0.027880
0 0.802900 0.570925 0.020833 0.027267
0 0.274101 0.494179 0.037582 0.055760
0 0.235294 0.494792 0.036765 0.059436
0 0.192402 0.495711 0.044935 0.056985
0 0.144199 0.498621 0.044935 0.056679
0 0.919526 0.416973 0.036765 0.047181
0 0.880923 0.417739 0.034722 0.046875
0 0.843750 0.418811 0.034722 0.047181
0 0.806168 0.420190 0.034722 0.046875
0 0.768995 0.420496 0.034722 0.046875
0 0.730392 0.420037 0.036765 0.048407
0 0.689951 0.420956 0.040033 0.048407
0 0.648897 0.421415 0.037173 0.049939
0 0.610498 0.421262 0.037173 0.049632
0 0.569649 0.421875 0.036356 0.052696
0 0.531046 0.422488 0.035948 0.052696
0 0.492034 0.423560 0.039624 0.052390
0 0.449959 0.422794 0.039624 0.052083
0 0.839257 0.565411 0.014297 0.026654
0 0.913603 0.351716 0.015931 0.039828
0 0.931577 0.351103 0.015931 0.039828
0 0.956087 0.398284 0.029820 0.038603
0 0.013685 0.427849 0.027369 0.053002
0 0.052492 0.427543 0.045343 0.052390
0 0.314747 0.494792 0.037990 0.055760
0 0.100082 0.427696 0.042484 0.052696
0 0.191993 0.426777 0.042484 0.052696
0 0.236520 0.426471 0.042484 0.052696
0 0.281046 0.425858 0.042484 0.052696
0 0.325163 0.426011 0.041667 0.051777
0 0.367034 0.424479 0.039624 0.052390
0 0.408292 0.424173 0.039624 0.052390
0 0.145221 0.425858 0.045343 0.052083
0 0.356005 0.494485 0.037990 0.055760
0 0.398080 0.492341 0.037990 0.055760
0 0.438113 0.496017 0.038807 0.047794
0 0.255719 0.573529 0.039216 0.055147
0 0.296977 0.572917 0.039216 0.055147
0 0.339461 0.571078 0.039216 0.055147
0 0.381127 0.569853 0.039216 0.055147
0 0.421569 0.566789 0.036765 0.052696
0 0.461193 0.567096 0.036765 0.052696
0 0.214461 0.573529 0.039216 0.055147
0 0.501021 0.565870 0.037173 0.052696
0 0.587418 0.572917 0.017157 0.026961
0 0.606413 0.572457 0.018382 0.026042
0 0.626021 0.571844 0.018382 0.026042
0 0.645221 0.571998 0.016748 0.025123
0 0.666871 0.570159 0.018382 0.024510
0 0.686479 0.570619 0.018382 0.024816
0 0.542075 0.566176 0.036765 0.052696
0 0.896038 0.351103 0.015931 0.039828
0 0.170752 0.574908 0.043301 0.056679
0 0.080678 0.576440 0.046977 0.057904
0 0.479371 0.495404 0.038807 0.047794
0 0.520221 0.495711 0.038807 0.047794
0 0.559028 0.494332 0.036356 0.047488
0 0.597631 0.494179 0.037582 0.045343
0 0.637868 0.492494 0.036356 0.047488
0 0.677492 0.492494 0.036356 0.047488
0 0.126021 0.576287 0.040441 0.057598
0 0.719567 0.485447 0.037990 0.051777
0 0.836397 0.484069 0.037990 0.051471
0 0.875000 0.481464 0.037582 0.051777
0 0.914420 0.482690 0.037990 0.051777
0 0.787582 0.485600 0.015523 0.052083
0 0.805147 0.484069 0.015523 0.052083
0 0.029208 0.578891 0.046977 0.057904
0 0.759191 0.484528 0.037990 0.051777
0 0.879289 0.352941 0.015931 0.039828
0 0.749592 0.650123 0.032680 0.026348
0 0.782884 0.569853 0.017565 0.026961
0 0.763276 0.570772 0.017565 0.024510
0 0.743260 0.571691 0.017565 0.024510
