0 0.849060 0.367953 0.037173 0.034926
0 0.447304 0.362898 0.022876 0.044424
0 0.477533 0.363051 0.031863 0.044730
0 0.517974 0.367494 0.035948 0.049326
0 0.550654 0.364890 0.027778 0.054534
0 0.779820 0.360447 0.017974 0.051164
0 0.585172 0.360754 0.038807 0.058517
0 0.622753 0.368260 0.034722 0.041054
0 0.650531 0.370711 0.016748 0.034926
0 0.667279 0.370404 0.016748 0.034314
0 0.796977 0.365502 0.013072 0.041667
0 0.723039 0.365043 0.033497 0.041973
0 0.755515 0.366268 0.030637 0.040135
0 0.435662 0.157322 0.036356 0.089767
0 0.904412 0.396906 0.026144 0.027880
0 0.891136 0.341912 0.020833 0.034926
0 0.818219 0.362439 0.022059 0.043505
0 0.690972 0.358150 0.028186 0.058211
0 0.623775 0.568015 0.017974 0.056373
0 0.724673 0.561428 0.021242 0.056066
0 0.286765 0.365656 0.022876 0.045650
0 0.308211 0.368413 0.020016 0.040748
0 0.330270 0.368566 0.024101 0.039828
0 0.358252 0.369179 0.031863 0.036765
0 0.387663 0.361979 0.026961 0.049939
0 0.410743 0.369945 0.019199 0.030944
0 0.428309 0.370098 0.015931 0.031863
0 0.276348 0.443321 0.023284 0.030637
0 0.300245 0.436275 0.022876 0.044730
0 0.504085 0.570466 0.018791 0.051471
0 0.543913 0.570312 0.018382 0.051164
0 0.563930 0.569393 0.017565 0.051777
0 0.581699 0.568781 0.016340 0.050551
0 0.602124 0.569853 0.023693 0.052696
0 0.643791 0.569393 0.018791 0.049326
0 0.661969 0.568781 0.018382 0.050551
0 0.683211 0.564338 0.020833 0.052696
0 0.703636 0.564185 0.019199 0.057292
0 0.524101 0.571691 0.017974 0.053922
0 0.403799 0.156250 0.024918 0.091299
0 0.372345 0.159007 0.029003 0.083946
0 0.339257 0.176317 0.033088 0.046262
0 0.404208 0.677696 0.037990 0.084559
0 0.357026 0.694087 0.038399 0.064645
0 0.347835 0.640778 0.032271 0.038297
0 0.310049 0.678462 0.035948 0.095282
0 0.248775 0.644608 0.035948 0.032475
0 0.209355 0.702512 0.039624 0.061275
0 0.259600 0.698529 0.042075 0.069240
0 0.167075 0.705423 0.040850 0.062194
0 0.119690 0.716759 0.034314 0.045650
0 0.513072 0.431832 0.026144 0.044424
0 0.487745 0.431373 0.021242 0.044118
0 0.463235 0.433058 0.021242 0.042586
0 0.986520 0.388940 0.026961 0.035233
0 0.027574 0.421875 0.024918 0.045343
0 0.063930 0.442096 0.024101 0.042279
0 0.084355 0.443168 0.015931 0.037684
0 0.106618 0.443015 0.026961 0.037377
0 0.131536 0.441483 0.021242 0.037377
0 0.154208 0.441176 0.024101 0.036152
0 0.176471 0.440411 0.019608 0.038909
0 0.198938 0.439951 0.024510 0.037990
0 0.221814 0.439951 0.021242 0.037377
0 0.249796 0.440411 0.025735 0.034620
0 0.497549 0.698529 0.037582 0.053309
0 0.323529 0.436275 0.022876 0.044730
0 0.543505 0.697457 0.042075 0.048713
0 0.674224 0.691636 0.076389 0.050551
0 0.299632 0.167892 0.039624 0.067402
0 0.260621 0.161152 0.031863 0.072304
0 0.220180 0.161458 0.040033 0.068627
0 0.181373 0.165748 0.035131 0.063113
0 0.139502 0.157782 0.040441 0.079044
0 0.097222 0.149969 0.038399 0.089767
0 0.057190 0.151348 0.040033 0.087010
0 0.746119 0.561428 0.015114 0.056066
0 0.763072 0.560968 0.018791 0.057598
0 0.784109 0.557904 0.020833 0.056373
0 0.350490 0.430913 0.031046 0.049939
0 0.820670 0.555300 0.020425 0.059130
0 0.851103 0.566023 0.026552 0.033395
0 0.876838 0.564645 0.025735 0.033701
0 0.380515 0.431526 0.027369 0.047488
0 0.414420 0.435202 0.027369 0.040135
0 0.440972 0.431832 0.022467 0.044424
0 0.931985 0.400123 0.023284 0.020833
0 0.959355 0.396906 0.025735 0.022978
0 0.982843 0.669424 0.034314 0.061275
0 0.935253 0.673100 0.060049 0.059436
0 0.844771 0.677237 0.084150 0.054228
0 0.763276 0.682138 0.070670 0.054841
0 0.592116 0.698836 0.055964 0.046569
0 0.802288 0.557292 0.011438 0.056985
0 0.975490 0.174326 0.049020 0.059436
0 0.571895 0.433058 0.031046 0.037684
0 0.810866 0.488664 0.031863 0.041667
0 0.843546 0.488971 0.032680 0.040441
0 0.879085 0.488971 0.033497 0.035539
0 0.085989 0.592218 0.022467 0.044730
0 0.108047 0.592218 0.020016 0.044730
0 0.132353 0.591452 0.026144 0.038297
0 0.154208 0.588082 0.017565 0.046262
0 0.172998 0.590074 0.015931 0.042279
0 0.200368 0.582108 0.030637 0.017157
0 0.540237 0.432598 0.028186 0.037377
0 0.244690 0.586091 0.040033 0.041667
0 0.777778 0.492034 0.023693 0.036765
0 0.283088 0.593750 0.034314 0.022059
0 0.336397 0.583946 0.018382 0.039216
0 0.358047 0.582108 0.024918 0.042892
0 0.381332 0.580882 0.019199 0.040441
0 0.402369 0.575827 0.018791 0.053002
0 0.422386 0.574295 0.018791 0.052390
0 0.452206 0.592065 0.035948 0.016850
0 0.482026 0.571538 0.022059 0.054228
0 0.409926 0.501225 0.021650 0.043505
0 0.382149 0.499694 0.018382 0.046569
0 0.363971 0.503523 0.015523 0.043811
0 0.350899 0.502451 0.010621 0.043505
0 0.312296 0.584099 0.022467 0.046875
0 0.332925 0.503064 0.023693 0.042892
0 0.749592 0.491115 0.031046 0.037377
0 0.682598 0.494485 0.031863 0.038603
0 0.262663 0.368260 0.023693 0.043505
0 0.236520 0.363205 0.026961 0.054228
0 0.205678 0.371630 0.029003 0.038603
0 0.175858 0.372855 0.027369 0.036765
0 0.131536 0.361213 0.052288 0.059436
0 0.076389 0.361213 0.058007 0.059436
0 0.934845 0.267923 0.037990 0.015012
0 0.977737 0.266697 0.044526 0.019914
0 0.984681 0.296875 0.030637 0.018382
0 0.941585 0.295803 0.051471 0.020527
0 0.894199 0.276961 0.039216 0.058211
0 0.717320 0.490656 0.031046 0.043199
0 0.852328 0.276808 0.041258 0.057904
0 0.762051 0.280331 0.053513 0.058824
0 0.718546 0.280331 0.033497 0.058211
0 0.679739 0.277420 0.044118 0.059743
0 0.632557 0.276501 0.044526 0.059743
0 0.434436 0.500460 0.021650 0.040135
0 0.467525 0.500306 0.036356 0.039828
0 0.508374 0.498775 0.032271 0.041054
0 0.545547 0.501838 0.033088 0.033701
0 0.579453 0.496017 0.033905 0.039216
0 0.614788 0.496783 0.031046 0.037071
0 0.649306 0.495711 0.029820 0.037377
0 0.809232 0.277114 0.037582 0.056679
0 0.309845 0.502298 0.014297 0.043811
0 0.202002 0.600797 0.033905 0.015931
0 0.947508 0.474112 0.029820 0.044424
0 0.491422 0.274357 0.068627 0.056679
0 0.434845 0.279412 0.037990 0.045343
0 0.093342 0.269455 0.095180 0.066483
0 0.883783 0.434283 0.033905 0.034007
0 0.847426 0.423866 0.028186 0.041973
0 0.813725 0.425245 0.031046 0.038603
0 0.780025 0.432292 0.033905 0.030025
0 0.746528 0.427696 0.031454 0.039216
0 0.397467 0.280178 0.033497 0.047488
0 0.551675 0.281250 0.038807 0.046569
0 0.360090 0.278646 0.035539 0.050551
0 0.222018 0.271599 0.077206 0.059130
0 0.527574 0.164675 0.037173 0.076900
0 0.574142 0.164522 0.050245 0.074755
0 0.621732 0.164675 0.044935 0.076900
0 0.705474 0.147212 0.050654 0.111826
0 0.744077 0.155944 0.026552 0.094363
0 0.795956 0.151042 0.069036 0.111520
0 0.290237 0.503370 0.020833 0.041054
0 0.855596 0.151808 0.044526 0.109375
0 0.027574 0.310355 0.037173 0.086397
0 0.896650 0.155637 0.037582 0.102328
0 0.587623 0.283395 0.031454 0.047794
0 0.976716 0.477175 0.026961 0.036458
0 0.158905 0.279718 0.036765 0.045956
0 0.608456 0.435968 0.032271 0.032475
0 0.645425 0.435202 0.036765 0.030944
0 0.680351 0.429534 0.033088 0.037990
0 0.714257 0.427543 0.033905 0.040748
0 0.479167 0.178615 0.047386 0.049020
0 0.248570 0.504596 0.023284 0.039216
0 0.229371 0.507200 0.015114 0.040748
0 0.270833 0.503830 0.018791 0.042586
0 0.190564 0.507047 0.017565 0.041054
0 0.172386 0.516085 0.017157 0.025429
0 0.148284 0.507812 0.021242 0.039522
0 0.125408 0.506740 0.021242 0.041054
0 0.099265 0.508119 0.024510 0.048100
0 0.074551 0.509651 0.024101 0.044424
0 0.914420 0.477022 0.037173 0.038603
0 0.210784 0.507506 0.017974 0.040135
0 0.933007 0.178002 0.034314 0.056985
