0 0.788582 0.114103 0.050240 0.076923
0 0.144351 0.089744 0.034856 0.034188
0 0.144471 0.046795 0.026923 0.042308
0 0.147716 0.124145 0.027644 0.035470
0 0.116707 0.127778 0.035337 0.028205
0 0.110937 0.089957 0.025721 0.029487
0 0.109014 0.056624 0.028606 0.035470
0 0.105889 0.022009 0.022837 0.033761
0 0.055288 0.067094 0.030769 0.124786
0 0.024159 0.082051 0.026202 0.094017
0 0.206010 0.264957 0.028846 0.117094
0 0.170913 0.261325 0.037500 0.122650
0 0.133654 0.260897 0.035577 0.121795
0 0.093630 0.260684 0.044952 0.120513
0 0.055288 0.261325 0.029808 0.122650
0 0.020553 0.259615 0.037260 0.119231
0 0.180529 0.064530 0.023558 0.061538
0 0.214784 0.438034 0.025721 0.111966
0 0.145072 0.436111 0.023798 0.104701
0 0.113221 0.433974 0.038462 0.109829
0 0.073798 0.429060 0.023077 0.106838
0 0.025120 0.422436 0.050240 0.112393
0 0.954447 0.458120 0.047356 0.061538
0 0.904087 0.466453 0.053365 0.054274
0 0.900361 0.398291 0.045913 0.054701
0 0.852043 0.457906 0.039663 0.061111
0 0.803125 0.454060 0.039423 0.046581
0 0.815986 0.387607 0.044471 0.046154
0 0.761178 0.463889 0.043510 0.050000
0 0.769351 0.396154 0.043510 0.056410
0 0.697837 0.427991 0.070673 0.117521
0 0.635337 0.401923 0.037500 0.074786
0 0.181130 0.438462 0.031490 0.110256
0 0.487380 0.415812 0.033894 0.111966
0 0.178726 0.124145 0.023798 0.035470
0 0.242668 0.102991 0.048317 0.064957
0 0.831490 0.228419 0.048077 0.065385
0 0.771154 0.297650 0.039904 0.068803
0 0.773077 0.219231 0.049038 0.058120
0 0.713702 0.269872 0.047596 0.114957
0 0.711418 0.141453 0.043510 0.104274
0 0.583173 0.269444 0.047596 0.102991
0 0.587861 0.178632 0.050721 0.042735
0 0.585817 0.132906 0.045673 0.033333
0 0.566106 0.091667 0.039904 0.028632
0 0.534375 0.291880 0.045192 0.058120
0 0.534014 0.223932 0.048317 0.055556
0 0.490264 0.298718 0.039183 0.051282
0 0.449038 0.299359 0.037981 0.053419
0 0.491587 0.232906 0.031250 0.059829
0 0.199279 0.125000 0.015385 0.027778
0 0.452885 0.227137 0.036058 0.063675
0 0.408413 0.232479 0.033173 0.044444
0 0.412620 0.166453 0.022356 0.079915
0 0.368149 0.298077 0.036779 0.058547
0 0.327043 0.294872 0.031971 0.053846
0 0.369952 0.235897 0.033173 0.044444
0 0.328846 0.236752 0.035577 0.044444
0 0.371154 0.173291 0.032692 0.066239
0 0.326202 0.170940 0.038942 0.051282
0 0.327284 0.102991 0.042067 0.055556
0 0.288462 0.295299 0.041827 0.054701
0 0.243750 0.290598 0.035096 0.058974
0 0.287500 0.217949 0.038462 0.073504
0 0.243029 0.234402 0.040385 0.046581
0 0.243269 0.170940 0.043269 0.051282
0 0.409856 0.295726 0.033173 0.059829
0 0.406490 0.421368 0.026923 0.110256
0 0.370072 0.423077 0.043510 0.108547
0 0.324880 0.445726 0.034375 0.078632
0 0.075000 0.585256 0.033173 0.109829
0 0.038582 0.584829 0.024279 0.111538
0 0.986538 0.764957 0.024519 0.113675
0 0.959375 0.775855 0.024519 0.090171
0 0.931010 0.773504 0.030288 0.114530
0 0.865385 0.808120 0.031250 0.032479
0 0.867909 0.779487 0.037260 0.018803
0 0.872236 0.744444 0.030048 0.043590
0 0.833774 0.814530 0.027163 0.025641
0 0.833534 0.788462 0.026683 0.026496
0 0.833654 0.758333 0.024038 0.032051
0 0.837500 0.722863 0.031250 0.038034
0 0.810337 0.769658 0.015865 0.071795
0 0.796154 0.769872 0.010096 0.073077
0 0.104087 0.585897 0.025962 0.110256
0 0.772356 0.771581 0.028365 0.126923
0 0.036058 0.763675 0.029327 0.121368
0 0.061538 0.760256 0.020673 0.127350
0 0.088462 0.758974 0.031731 0.123932
0 0.118149 0.755342 0.023317 0.123504
0 0.139423 0.752564 0.020673 0.111966
0 0.170192 0.783547 0.031731 0.092735
0 0.204567 0.784829 0.031731 0.081624
0 0.230288 0.771154 0.014904 0.106410
0 0.272716 0.703205 0.035337 0.055128
0 0.319351 0.697863 0.048798 0.047009
0 0.269351 0.778846 0.052644 0.077350
0 0.322716 0.759615 0.040625 0.061111
0 0.450481 0.735256 0.048077 0.092735
0 0.521875 0.752350 0.079327 0.146581
0 0.010457 0.768376 0.017067 0.129915
0 0.136418 0.587821 0.031971 0.111538
0 0.165865 0.588889 0.025962 0.113675
0 0.198918 0.590598 0.035817 0.109402
0 0.284856 0.422863 0.032692 0.120085
0 0.972957 0.587393 0.037260 0.107265
0 0.915505 0.589316 0.037740 0.091453
0 0.881731 0.592521 0.018269 0.036325
0 0.862260 0.595085 0.019231 0.032051
0 0.843149 0.595085 0.017548 0.032051
0 0.823678 0.595299 0.019952 0.026496
0 0.834736 0.562179 0.019952 0.031197
0 0.775601 0.565812 0.018510 0.028205
0 0.752163 0.558974 0.023558 0.024786
0 0.760216 0.597863 0.019952 0.028205
0 0.779567 0.598718 0.015865 0.029915
0 0.797476 0.592949 0.016106 0.034615
0 0.701803 0.613675 0.028125 0.059829
0 0.661779 0.560897 0.026442 0.063675
0 0.629567 0.561325 0.027404 0.067949
0 0.594351 0.566026 0.021394 0.080769
0 0.230288 0.588889 0.024038 0.110256
0 0.259014 0.556838 0.024279 0.052137
0 0.294231 0.554274 0.030288 0.052991
0 0.262019 0.609829 0.029327 0.048718
0 0.294832 0.613248 0.031010 0.047863
0 0.342909 0.562607 0.059856 0.049145
0 0.831370 0.295940 0.046394 0.059402
0 0.341587 0.616453 0.057212 0.044872
0 0.406370 0.610043 0.059856 0.050855
0 0.453846 0.581838 0.021154 0.083333
0 0.480288 0.597650 0.027885 0.083333
0 0.511178 0.598504 0.026202 0.087607
0 0.539904 0.593162 0.026923 0.082906
0 0.566346 0.580983 0.023077 0.087607
0 0.406130 0.556624 0.055529 0.048291
0 0.608173 0.751709 0.077404 0.132479
0 0.865385 0.285684 0.020192 0.084188
0 0.739543 0.768803 0.032452 0.126496
0 0.973558 0.098077 0.019712 0.099573
0 0.949519 0.095299 0.018750 0.112821
0 0.924279 0.093803 0.024038 0.116667
0 0.902885 0.095513 0.017788 0.112393
0 0.875120 0.098291 0.024279 0.122222
0 0.838341 0.113889 0.039663 0.066239
0 0.970673 0.271368 0.025481 0.106838
0 0.944351 0.282051 0.025721 0.094017
0 0.916106 0.270085 0.022115 0.091453
