0 0.985090 0.576440 0.029003 0.054841
0 0.225899 0.690564 0.042484 0.036152
0 0.947304 0.586857 0.043301 0.051164
0 0.069444 0.660386 0.040033 0.040135
0 0.107639 0.685509 0.036356 0.037684
0 0.145629 0.689032 0.038807 0.031863
0 0.187500 0.693474 0.032680 0.029718
0 0.312296 0.690717 0.103350 0.038297
0 0.593342 0.671875 0.042075 0.080882
0 0.440768 0.669577 0.047386 0.079963
0 0.482435 0.685355 0.027778 0.051471
0 0.513276 0.679075 0.035539 0.064032
0 0.552696 0.679534 0.040850 0.064338
0 0.698121 0.672181 0.040850 0.044730
0 0.902778 0.587010 0.044118 0.049020
0 0.650940 0.672181 0.060866 0.082721
0 0.392974 0.677390 0.040850 0.047794
0 0.860498 0.588082 0.038807 0.046875
0 0.227737 0.565717 0.042892 0.017463
0 0.766136 0.591759 0.051879 0.039522
0 0.754289 0.675858 0.034722 0.039828
0 0.117851 0.594363 0.031454 0.015931
0 0.183415 0.565870 0.047386 0.016544
0 0.189338 0.578738 0.049428 0.013480
0 0.233047 0.579810 0.037990 0.013174
0 0.193423 0.592678 0.047794 0.015012
0 0.235703 0.594975 0.033497 0.014706
0 0.195466 0.607537 0.048611 0.015931
0 0.242647 0.611213 0.037582 0.014093
0 0.313521 0.587163 0.060866 0.018689
0 0.315768 0.603860 0.055556 0.015931
0 0.371324 0.604473 0.039216 0.019608
0 0.456495 0.550092 0.087827 0.045037
0 0.447304 0.594056 0.106209 0.044118
0 0.533701 0.589308 0.066585 0.044424
0 0.610090 0.576593 0.082108 0.066789
0 0.695057 0.573989 0.088644 0.076287
0 0.817606 0.592218 0.049428 0.038603
0 0.805147 0.675705 0.034314 0.041973
0 0.488562 0.847733 0.097222 0.026348
0 0.892770 0.662224 0.024101 0.046262
0 0.680964 0.753064 0.028595 0.042892
0 0.713440 0.752298 0.036356 0.044424
0 0.747141 0.751838 0.030229 0.045343
0 0.784518 0.752757 0.040441 0.045343
0 0.848856 0.754289 0.038399 0.043505
0 0.887868 0.754136 0.039624 0.043199
0 0.926062 0.754442 0.035948 0.043811
0 0.965686 0.754442 0.041667 0.045037
0 0.104167 0.827206 0.048203 0.064338
0 0.161969 0.830882 0.051879 0.066789
0 0.313725 0.847273 0.240196 0.097120
0 0.487949 0.819240 0.100082 0.029412
0 0.125408 0.578891 0.043301 0.013787
0 0.567606 0.839920 0.054330 0.056066
0 0.607639 0.837929 0.025735 0.058211
0 0.685662 0.837469 0.127859 0.060968
0 0.813113 0.843597 0.117239 0.025429
0 0.646446 0.752604 0.039624 0.042586
0 0.863154 0.680607 0.035131 0.064032
0 0.610907 0.748621 0.032271 0.043811
0 0.489379 0.754442 0.029412 0.030944
0 0.925449 0.661918 0.041258 0.045650
0 0.964869 0.661918 0.036765 0.045650
0 0.016544 0.739430 0.030637 0.034620
0 0.043709 0.742647 0.030229 0.039216
0 0.078431 0.745558 0.038399 0.036458
0 0.113562 0.746324 0.031863 0.039216
0 0.157680 0.754596 0.027778 0.046569
0 0.188317 0.760263 0.027778 0.043199
0 0.217320 0.759498 0.028595 0.044730
0 0.250817 0.748162 0.025327 0.031250
0 0.278799 0.750000 0.029820 0.030025
0 0.307394 0.750153 0.026552 0.030331
0 0.335784 0.750153 0.031863 0.029718
0 0.364379 0.750153 0.025327 0.030331
0 0.402982 0.752757 0.025735 0.030637
0 0.430760 0.753064 0.029820 0.028799
0 0.460376 0.754289 0.028595 0.031250
0 0.520221 0.753676 0.033088 0.032475
0 0.121324 0.563419 0.050654 0.018995
0 0.420752 0.403033 0.042484 0.041360
0 0.990809 0.482996 0.018382 0.035233
0 0.358252 0.314338 0.041667 0.048407
0 0.403391 0.305760 0.036356 0.055147
0 0.442606 0.310509 0.037990 0.045650
0 0.488971 0.303002 0.037582 0.056985
0 0.527982 0.308824 0.042075 0.046569
0 0.570670 0.303462 0.044935 0.045650
0 0.621324 0.296569 0.043301 0.058211
0 0.317606 0.309436 0.037173 0.057598
0 0.666871 0.299939 0.048611 0.052696
0 0.757557 0.306066 0.037990 0.034314
0 0.800245 0.301471 0.046569 0.034314
0 0.843342 0.300551 0.037173 0.034926
0 0.888276 0.294884 0.043709 0.043199
0 0.939338 0.298407 0.043709 0.030637
0 0.982843 0.291360 0.034314 0.052696
0 0.060049 0.406250 0.040033 0.056985
0 0.715278 0.298560 0.042484 0.050551
0 0.279003 0.316636 0.040033 0.043199
0 0.237541 0.313113 0.033905 0.056985
0 0.199959 0.320159 0.038807 0.045343
0 0.815564 0.873162 0.111520 0.034314
0 0.047794 0.218290 0.053922 0.081801
0 0.111928 0.214001 0.063725 0.082414
0 0.175449 0.207414 0.060049 0.091299
0 0.234069 0.210018 0.055556 0.086091
0 0.284314 0.205270 0.044118 0.082108
0 0.351307 0.204504 0.069444 0.078125
0 0.413807 0.195006 0.057190 0.096507
0 0.493668 0.206801 0.076389 0.056373
0 0.567198 0.190717 0.066585 0.086703
0 0.640319 0.172335 0.069036 0.119179
0 0.736315 0.185049 0.087827 0.072917
0 0.847835 0.180147 0.090278 0.077206
0 0.031454 0.321232 0.044118 0.057292
0 0.070874 0.320772 0.033088 0.058824
0 0.118260 0.323529 0.044526 0.042892
0 0.159314 0.315257 0.037582 0.057598
0 0.031454 0.419577 0.024510 0.033395
0 0.105392 0.412990 0.035131 0.041667
0 0.136029 0.405484 0.022876 0.057292
0 0.166871 0.407935 0.042892 0.046262
0 0.202206 0.492953 0.020425 0.045343
0 0.232639 0.481771 0.037173 0.066483
0 0.266748 0.485907 0.031863 0.059436
0 0.301471 0.487592 0.030229 0.049326
0 0.337214 0.479933 0.037990 0.065257
0 0.370302 0.484069 0.027369 0.055760
0 0.402574 0.490809 0.028186 0.046569
0 0.434641 0.478860 0.035131 0.071078
0 0.471609 0.483303 0.032271 0.053002
0 0.502042 0.487286 0.028595 0.044424
0 0.537786 0.478401 0.033088 0.057292
0 0.574755 0.473192 0.040033 0.067708
0 0.639910 0.477635 0.074755 0.055760
0 0.716299 0.478094 0.077206 0.049939
0 0.774918 0.475643 0.037582 0.056066
0 0.857435 0.480086 0.042484 0.044118
0 0.957108 0.482690 0.037582 0.037071
0 0.175449 0.487592 0.034722 0.054228
0 0.045956 0.575214 0.082108 0.083027
0 0.130106 0.483762 0.033088 0.068627
0 0.027574 0.494792 0.026552 0.041667
0 0.209967 0.401348 0.035948 0.056985
0 0.247141 0.405178 0.036765 0.048100
0 0.291462 0.398438 0.042892 0.058517
0 0.330882 0.402880 0.035131 0.050245
0 0.371936 0.393995 0.037173 0.063725
0 0.486315 0.401808 0.083742 0.038909
0 0.551471 0.388940 0.044935 0.065870
0 0.594567 0.390012 0.041258 0.064338
0 0.648897 0.398591 0.051062 0.039216
0 0.710784 0.386336 0.043301 0.060662
0 0.754902 0.384957 0.045752 0.062194
0 0.806168 0.378830 0.051879 0.069547
0 0.855392 0.383578 0.048203 0.060049
0 0.906658 0.386029 0.048611 0.047794
0 0.955882 0.377604 0.047386 0.067096
0 0.989175 0.381893 0.021650 0.058517
0 0.008578 0.491115 0.013889 0.049632
0 0.096201 0.490349 0.032271 0.054841
0 0.914011 0.832721 0.088644 0.039828
0 0.908497 0.484069 0.055556 0.035539
