0 0.480288 0.837380 0.108013 0.016106
0 0.966667 0.702885 0.066667 0.009135
0 0.109295 0.807212 0.123718 0.028365
0 0.105609 0.833534 0.127885 0.024760
0 0.236538 0.827764 0.130128 0.035337
0 0.363141 0.835938 0.118590 0.018990
0 0.364423 0.815385 0.116026 0.018269
0 0.486058 0.795192 0.113782 0.016827
0 0.600481 0.798197 0.111218 0.017067
0 0.966506 0.717909 0.066346 0.014663
0 0.482212 0.815745 0.111859 0.019471
0 0.364904 0.794471 0.119551 0.018269
0 0.965865 0.734976 0.067628 0.018029
0 0.790064 0.711779 0.019872 0.016346
0 0.863622 0.753005 0.122115 0.019471
0 0.866667 0.731370 0.122436 0.018990
0 0.867468 0.706971 0.127244 0.021635
0 0.788141 0.751803 0.018590 0.018029
0 0.767147 0.751923 0.015705 0.017788
0 0.790385 0.731971 0.017308 0.019712
0 0.769231 0.730769 0.019872 0.018269
0 0.768590 0.711538 0.016026 0.016827
0 0.703365 0.750000 0.102885 0.015385
0 0.703365 0.731010 0.102885 0.015385
0 0.599679 0.818510 0.112821 0.015865
0 0.705449 0.711538 0.103846 0.014904
0 0.591026 0.749399 0.112179 0.018510
0 0.963942 0.753726 0.072115 0.018029
0 0.597596 0.839303 0.113782 0.018510
0 0.724679 0.884856 0.108974 0.014904
0 0.728686 0.820913 0.116987 0.017308
0 0.368109 0.247957 0.123397 0.018029
0 0.589744 0.729808 0.112179 0.017788
0 0.240064 0.878966 0.095513 0.022837
0 0.352083 0.904928 0.124679 0.045913
0 0.481891 0.878846 0.133654 0.012500
0 0.480449 0.909736 0.130769 0.047356
0 0.605128 0.921274 0.109615 0.017548
0 0.606571 0.901803 0.109936 0.016587
0 0.609455 0.882452 0.109936 0.019712
0 0.715545 0.923918 0.110577 0.018510
0 0.717308 0.903606 0.108333 0.017308
0 0.784455 0.924279 0.022115 0.017788
0 0.786699 0.907091 0.018269 0.014663
0 0.727885 0.798558 0.117949 0.022596
0 0.847596 0.923317 0.106731 0.017308
0 0.837340 0.881490 0.100321 0.013462
0 0.951282 0.923918 0.096795 0.018510
0 0.953526 0.903245 0.092949 0.019952
0 0.963141 0.843510 0.073077 0.018269
0 0.965224 0.824639 0.068910 0.018510
0 0.965385 0.805649 0.069231 0.014663
0 0.868429 0.842909 0.109295 0.017548
0 0.867949 0.823798 0.105769 0.017788
0 0.867147 0.802524 0.101603 0.018990
0 0.795833 0.844712 0.014744 0.013942
0 0.798397 0.824880 0.016667 0.015625
0 0.800801 0.805048 0.021474 0.017788
0 0.727885 0.840865 0.115385 0.017308
0 0.848237 0.904327 0.105449 0.020192
0 0.590224 0.709856 0.113141 0.020192
0 0.365224 0.226082 0.122756 0.018029
0 0.364744 0.750481 0.110897 0.020673
0 0.870513 0.431490 0.100000 0.018750
0 0.872917 0.452043 0.104808 0.019471
0 0.870833 0.475000 0.103205 0.017788
0 0.738462 0.471394 0.136538 0.016346
0 0.738301 0.451322 0.138782 0.017067
0 0.756250 0.431731 0.085577 0.010096
0 0.598397 0.424399 0.146154 0.016587
0 0.595994 0.457452 0.138782 0.043269
0 0.469071 0.422716 0.108013 0.021875
0 0.358173 0.422716 0.108654 0.021875
0 0.362019 0.446274 0.108013 0.020913
0 0.469712 0.446034 0.103526 0.022356
0 0.360577 0.469591 0.108333 0.019952
0 0.470513 0.469832 0.102564 0.019471
0 0.233814 0.446154 0.140064 0.021154
0 0.235577 0.468750 0.141026 0.022596
0 0.100321 0.467788 0.122436 0.019712
0 0.597276 0.552524 0.138782 0.042067
0 0.600321 0.520433 0.141667 0.020673
0 0.469391 0.563942 0.102885 0.023558
0 0.469551 0.540865 0.105769 0.021635
0 0.470994 0.518990 0.108654 0.021635
0 0.350641 0.563702 0.124359 0.024038
0 0.962500 0.476923 0.075000 0.020192
0 0.346474 0.540625 0.124359 0.022115
0 0.201923 0.544111 0.075000 0.019471
0 0.224038 0.564663 0.113462 0.022115
0 0.062821 0.565385 0.100641 0.018750
0 0.066186 0.543990 0.109295 0.021635
0 0.070673 0.521514 0.122115 0.022837
0 0.091827 0.444832 0.102885 0.023798
0 0.345192 0.518149 0.127564 0.023317
0 0.965224 0.378486 0.068910 0.018510
0 0.964263 0.355889 0.071474 0.020433
0 0.863622 0.376683 0.119551 0.021154
0 0.090385 0.241466 0.127564 0.022837
0 0.096314 0.218389 0.134295 0.022837
0 0.243429 0.267909 0.118910 0.018029
0 0.242468 0.245673 0.120192 0.022596
0 0.240705 0.220433 0.121795 0.025000
0 0.363622 0.268990 0.116987 0.017788
0 0.098077 0.265505 0.132051 0.022837
0 0.761218 0.255889 0.132051 0.052644
0 0.624199 0.249399 0.133654 0.017548
0 0.624038 0.270192 0.130769 0.019712
0 0.491667 0.225601 0.127564 0.020913
0 0.493109 0.248918 0.122115 0.020433
0 0.490545 0.271635 0.120192 0.018750
0 0.475801 0.749399 0.107372 0.020433
0 0.622756 0.224279 0.128205 0.019712
0 0.733494 0.558534 0.124038 0.036298
0 0.093590 0.324279 0.123077 0.020192
0 0.100641 0.367909 0.126282 0.018510
0 0.862340 0.353966 0.116987 0.019471
0 0.876282 0.333534 0.116667 0.018510
0 0.730609 0.330649 0.126603 0.018029
0 0.734615 0.364063 0.126282 0.038702
0 0.600962 0.360817 0.128846 0.038942
0 0.464103 0.371514 0.106410 0.019952
0 0.097436 0.346635 0.128205 0.019231
0 0.460417 0.346514 0.095833 0.021875
0 0.351763 0.371394 0.109936 0.020192
0 0.351923 0.346875 0.107692 0.018750
0 0.353526 0.324159 0.110897 0.022356
0 0.230449 0.370673 0.126282 0.019231
0 0.231090 0.350361 0.125000 0.022356
0 0.232212 0.328125 0.124679 0.014423
0 0.463782 0.324639 0.102564 0.019471
0 0.852244 0.529207 0.124359 0.015625
0 0.863301 0.571034 0.118910 0.013702
0 0.962500 0.520793 0.075000 0.019952
0 0.359295 0.143630 0.122436 0.018029
0 0.362500 0.165144 0.120513 0.016827
0 0.489583 0.099159 0.120833 0.017067
0 0.487019 0.121635 0.124038 0.022115
0 0.488462 0.145793 0.124359 0.019952
0 0.487340 0.167668 0.122115 0.015625
0 0.358654 0.119832 0.121154 0.021394
0 0.618910 0.123438 0.126282 0.020433
0 0.623237 0.168990 0.126603 0.017308
0 0.757051 0.171635 0.126282 0.016346
0 0.887981 0.153606 0.120833 0.020673
0 0.888462 0.176803 0.116026 0.018510
0 0.967308 0.238101 0.064744 0.017067
0 0.971474 0.260817 0.056410 0.019712
0 0.620192 0.146034 0.123077 0.021394
0 0.970032 0.280288 0.059295 0.016346
0 0.360737 0.097596 0.125321 0.015865
0 0.231410 0.144712 0.128205 0.022115
0 0.475641 0.728966 0.107051 0.019471
0 0.860417 0.549760 0.121474 0.018750
0 0.365545 0.729928 0.109936 0.019952
0 0.474199 0.709014 0.106731 0.019952
0 0.364904 0.708293 0.108654 0.021394
0 0.239583 0.741707 0.133654 0.040144
0 0.233654 0.165625 0.121795 0.017788
0 0.219071 0.658053 0.123397 0.023317
0 0.345353 0.634135 0.125321 0.023077
0 0.075321 0.092308 0.131410 0.020192
0 0.081571 0.139423 0.132372 0.020192
0 0.081571 0.160938 0.126603 0.018990
0 0.226763 0.099399 0.127244 0.020433
0 0.229968 0.122236 0.128526 0.020913
0 0.344712 0.657212 0.126603 0.023077
0 0.882532 0.278245 0.112500 0.014183
0 0.078846 0.115745 0.130128 0.021394
0 0.601282 0.656490 0.121154 0.020192
0 0.600000 0.637500 0.118590 0.016346
0 0.459455 0.609135 0.122115 0.023077
0 0.467949 0.632812 0.122436 0.023798
0 0.470673 0.656130 0.124679 0.023317
0 0.333814 0.610817 0.124038 0.024038
0 0.967468 0.623558 0.065064 0.017308
0 0.597917 0.618029 0.122756 0.015865
0 0.966346 0.644231 0.066026 0.017788
0 0.868109 0.639303 0.125321 0.021394
0 0.867788 0.661899 0.124679 0.021875
0 0.962500 0.545673 0.075000 0.024519
0 0.966026 0.665024 0.067949 0.018029
0 0.739583 0.620192 0.133013 0.013462
0 0.963622 0.571034 0.071474 0.021875
0 0.740545 0.641226 0.126603 0.013221
0 0.871955 0.613341 0.124679 0.020913
0 0.738942 0.660817 0.123397 0.017788
