0 0.341503 0.408241 0.026144 0.085478
0 0.697917 0.079044 0.038807 0.103554
0 0.228350 0.395987 0.024510 0.079350
0 0.262255 0.395987 0.039216 0.085478
0 0.309436 0.404718 0.027369 0.084559
0 0.369485 0.410846 0.025735 0.081495
0 0.748979 0.078738 0.054330 0.099265
0 0.420547 0.415748 0.021650 0.079044
0 0.453431 0.521293 0.035131 0.087929
0 0.418709 0.514093 0.030229 0.095588
0 0.383783 0.509191 0.033905 0.088848
0 0.349469 0.505055 0.026552 0.087929
0 0.319444 0.498621 0.031046 0.086091
0 0.275327 0.489890 0.028595 0.085172
0 0.491830 0.520680 0.040033 0.097120
0 0.216299 0.500153 0.029003 0.037071
0 0.246936 0.305607 0.024918 0.070159
0 0.283701 0.304381 0.033088 0.073836
0 0.312092 0.309896 0.016340 0.075674
0 0.335172 0.307292 0.021650 0.076593
0 0.362132 0.305300 0.027369 0.075674
0 0.387255 0.309283 0.020425 0.081189
0 0.222018 0.306066 0.020016 0.071078
0 0.541054 0.527267 0.033905 0.097426
0 0.580882 0.541973 0.044935 0.087010
0 0.630515 0.545650 0.037990 0.091299
0 0.264910 0.594210 0.018382 0.071998
0 0.291871 0.601562 0.029003 0.068321
0 0.327206 0.606005 0.031863 0.072304
0 0.354779 0.611213 0.021650 0.074142
0 0.382149 0.618260 0.029003 0.077206
0 0.412377 0.621936 0.026552 0.071078
0 0.444649 0.629442 0.024918 0.075674
0 0.477328 0.634344 0.037173 0.079350
0 0.616422 0.667126 0.038399 0.089767
0 0.661356 0.673560 0.042484 0.090380
0 0.701593 0.681679 0.029003 0.094363
0 0.737337 0.692402 0.039216 0.100490
0 0.787786 0.707108 0.050245 0.114583
0 0.787786 0.570772 0.046160 0.095588
0 0.687908 0.555760 0.046569 0.090074
0 0.414828 0.310355 0.030637 0.076593
0 0.218137 0.584099 0.036765 0.070159
0 0.446895 0.311734 0.029412 0.082414
0 0.514502 0.313266 0.029003 0.087316
0 0.312704 0.215227 0.025735 0.075674
0 0.280842 0.217831 0.027369 0.074755
0 0.252042 0.217371 0.022876 0.070772
0 0.221609 0.218137 0.027369 0.069240
0 0.395425 0.414828 0.020425 0.074142
0 0.260008 0.115502 0.038807 0.087010
0 0.341503 0.214461 0.025327 0.077819
0 0.320057 0.119332 0.028186 0.079350
0 0.393995 0.110141 0.031454 0.085478
0 0.456291 0.104933 0.049020 0.086703
0 0.512255 0.108456 0.041667 0.072917
0 0.561070 0.094210 0.045343 0.096507
0 0.606005 0.087010 0.033905 0.097426
0 0.652574 0.085784 0.045343 0.101103
0 0.354167 0.113817 0.033497 0.083640
0 0.373162 0.212929 0.033088 0.077206
0 0.409314 0.211550 0.035948 0.083640
0 0.444649 0.212316 0.029003 0.079044
0 0.549428 0.312194 0.030229 0.088235
0 0.586806 0.312806 0.036356 0.087623
0 0.634600 0.316023 0.037990 0.084865
0 0.676879 0.314798 0.036765 0.091605
0 0.726920 0.314338 0.051062 0.099877
0 0.887255 0.190717 0.059641 0.106311
0 0.832312 0.195006 0.046160 0.105699
0 0.786765 0.199142 0.040033 0.101716
0 0.739788 0.198836 0.048203 0.101103
0 0.690359 0.201287 0.043301 0.099877
0 0.649101 0.208946 0.034314 0.087623
0 0.596405 0.205576 0.043301 0.093137
0 0.555964 0.207108 0.035131 0.087010
0 0.517974 0.208487 0.034314 0.089154
0 0.481005 0.207414 0.032271 0.087623
0 0.481005 0.311581 0.032271 0.085784
0 0.261438 0.672028 0.017157 0.062806
0 0.222426 0.117647 0.033088 0.091299
0 0.348652 0.724571 0.040441 0.072917
0 0.298203 0.715380 0.041667 0.075980
0 0.076797 0.264246 0.047386 0.048100
0 0.024714 0.264400 0.045343 0.042279
0 0.125817 0.188879 0.027778 0.059743
0 0.076797 0.193934 0.039216 0.054534
0 0.037173 0.195159 0.029412 0.050858
0 0.174428 0.667739 0.014706 0.054228
0 0.797794 0.069393 0.038399 0.108150
0 0.907475 0.061887 0.057598 0.120711
0 0.809641 0.453891 0.037582 0.081801
0 0.771855 0.451134 0.033905 0.084252
0 0.733047 0.448836 0.030637 0.083946
0 0.693832 0.446538 0.040441 0.079350
0 0.658497 0.441023 0.028595 0.077512
0 0.847835 0.062653 0.056781 0.113051
0 0.152574 0.663450 0.020016 0.053002
0 0.101511 0.636949 0.023284 0.088235
0 0.077819 0.638174 0.020833 0.087010
0 0.056781 0.328125 0.040033 0.047794
0 0.107843 0.332108 0.048203 0.052696
0 0.018178 0.393229 0.032271 0.055453
0 0.043913 0.391850 0.010212 0.049632
0 0.058415 0.393995 0.014706 0.047794
0 0.095384 0.395833 0.027369 0.054534
0 0.016748 0.462469 0.031863 0.047488
0 0.089869 0.472733 0.105392 0.039216
0 0.022263 0.543199 0.020016 0.058824
0 0.053309 0.550092 0.016748 0.069547
0 0.086193 0.557138 0.025327 0.071385
0 0.151757 0.532475 0.067402 0.071078
0 0.147876 0.605699 0.063725 0.061275
0 0.013276 0.622396 0.022467 0.076900
0 0.043913 0.632200 0.030637 0.084252
0 0.186070 0.264553 0.033905 0.048713
0 0.452819 0.418658 0.029003 0.075674
0 0.628881 0.438879 0.026552 0.076287
0 0.486928 0.909314 0.031863 0.084559
0 0.553922 0.925551 0.035131 0.086397
0 0.592933 0.937806 0.040441 0.089461
0 0.629493 0.952512 0.027778 0.091299
0 0.672998 0.959406 0.049428 0.081189
0 0.743260 0.836091 0.042892 0.100490
0 0.698529 0.818781 0.037582 0.097733
0 0.659314 0.813725 0.030229 0.090686
0 0.520221 0.911152 0.020833 0.088235
0 0.628472 0.801164 0.025735 0.082721
0 0.595997 0.801317 0.030229 0.083027
0 0.561479 0.794424 0.029820 0.081495
0 0.527165 0.774663 0.030637 0.084252
0 0.494690 0.765319 0.026961 0.080882
0 0.463235 0.755974 0.029412 0.083640
0 0.433211 0.748928 0.026552 0.078738
0 0.400123 0.738817 0.021650 0.076900
0 0.587418 0.742800 0.033497 0.026654
0 0.501634 0.424939 0.020425 0.082108
0 0.131332 0.266544 0.054330 0.046569
0 0.408497 0.887868 0.046569 0.072304
0 0.361315 0.868719 0.042075 0.067708
0 0.529412 0.425245 0.031046 0.082721
0 0.563317 0.427390 0.017157 0.083946
0 0.594363 0.435968 0.035131 0.076593
0 0.316789 0.848958 0.042075 0.071078
0 0.144608 0.757353 0.080882 0.110907
0 0.070466 0.742494 0.059232 0.105699
0 0.206904 0.673560 0.030637 0.059743
0 0.450368 0.894761 0.032271 0.079963
