0 0.560897 0.553726 0.026923 0.077644
0 0.627564 0.445673 0.019872 0.090865
0 0.654968 0.443990 0.019551 0.085096
0 0.688622 0.447115 0.019551 0.075481
0 0.707532 0.448798 0.008654 0.069712
0 0.715545 0.448798 0.009295 0.070192
0 0.511378 0.578606 0.083654 0.037981
0 0.732853 0.447716 0.009936 0.065144
0 0.743429 0.447356 0.009936 0.066346
0 0.185897 0.591466 0.038462 0.086779
0 0.225000 0.591346 0.040385 0.087981
0 0.257853 0.588341 0.023397 0.082452
0 0.286218 0.585817 0.033974 0.087500
0 0.314103 0.584014 0.022436 0.082933
0 0.341827 0.582091 0.032372 0.085817
0 0.367788 0.578005 0.020192 0.078125
0 0.391987 0.577284 0.028846 0.079567
0 0.420513 0.577885 0.027564 0.080288
0 0.452244 0.572115 0.030128 0.070673
0 0.584135 0.551442 0.021474 0.080769
0 0.521474 0.305048 0.015385 0.098558
0 0.636058 0.545913 0.021474 0.068750
0 0.506731 0.300601 0.013462 0.106010
0 0.550641 0.309856 0.012821 0.098077
0 0.483974 0.298678 0.014103 0.113702
0 0.574359 0.314303 0.010256 0.101202
0 0.591026 0.318750 0.016667 0.092308
0 0.619391 0.325240 0.015705 0.081731
0 0.645994 0.331490 0.010577 0.080288
0 0.656891 0.332452 0.011218 0.078365
0 0.674359 0.335938 0.008974 0.080048
0 0.609776 0.547716 0.029808 0.072356
0 0.684455 0.338582 0.011218 0.075240
0 0.713462 0.341466 0.010897 0.073798
0 0.468750 0.296154 0.016987 0.119712
0 0.439103 0.291707 0.016026 0.118510
0 0.422917 0.290625 0.016987 0.120192
0 0.589904 0.443269 0.014423 0.083654
0 0.403686 0.279808 0.018269 0.110096
0 0.387500 0.275721 0.013462 0.117788
0 0.537500 0.310817 0.014103 0.098558
0 0.653526 0.544231 0.013462 0.072115
0 0.703526 0.340865 0.009615 0.076442
0 0.565064 0.438462 0.019872 0.087981
0 0.515064 0.175962 0.011538 0.108654
0 0.519712 0.436779 0.008654 0.088942
0 0.599359 0.199159 0.008974 0.093510
0 0.608654 0.202764 0.009615 0.087740
0 0.630929 0.211418 0.008013 0.090144
0 0.641506 0.210938 0.010577 0.089663
0 0.678846 0.216707 0.012179 0.084856
0 0.690385 0.229687 0.007692 0.083413
0 0.699679 0.232212 0.010897 0.079327
0 0.723718 0.240865 0.010256 0.082692
0 0.733494 0.241827 0.008013 0.080769
0 0.750801 0.245312 0.009295 0.077644
0 0.759455 0.247115 0.008013 0.074519
0 0.359615 0.277043 0.019231 0.113221
0 0.340705 0.272716 0.017949 0.120913
0 0.317147 0.267428 0.019551 0.120913
0 0.298718 0.265625 0.016667 0.127404
0 0.269391 0.254688 0.018910 0.114663
0 0.380449 0.705288 0.023718 0.080288
0 0.784615 0.255048 0.012821 0.076442
0 0.176282 0.421755 0.029487 0.120913
0 0.241667 0.451082 0.024359 0.113221
0 0.289423 0.428726 0.016026 0.112260
0 0.305449 0.430048 0.014744 0.107692
0 0.328526 0.429207 0.014744 0.106010
0 0.772756 0.348558 0.007051 0.071154
0 0.530769 0.437981 0.012821 0.087500
0 0.762500 0.348077 0.011538 0.072115
0 0.732372 0.345553 0.008974 0.074279
0 0.505769 0.436538 0.014744 0.087981
0 0.491186 0.433894 0.013141 0.092788
0 0.449359 0.435937 0.020513 0.094471
0 0.405609 0.433894 0.022115 0.094712
0 0.381090 0.438221 0.016026 0.108173
0 0.343750 0.432332 0.014423 0.100721
0 0.222596 0.078606 0.022756 0.132212
0 0.247436 0.080529 0.024359 0.119712
0 0.284135 0.101683 0.017628 0.129808
0 0.301763 0.105048 0.019551 0.125000
0 0.333654 0.118149 0.016026 0.126202
0 0.372756 0.132332 0.011538 0.118029
0 0.387179 0.134495 0.019231 0.114183
0 0.427885 0.143029 0.014744 0.121154
0 0.444071 0.150481 0.019551 0.107212
0 0.469551 0.159495 0.012179 0.105529
0 0.486859 0.161538 0.022436 0.101442
0 0.529647 0.179087 0.016346 0.102885
0 0.547115 0.188702 0.011538 0.102404
0 0.560256 0.191226 0.013462 0.096875
0 0.181090 0.244231 0.016667 0.128365
0 0.204968 0.250240 0.030449 0.116346
0 0.247596 0.248918 0.021474 0.126202
0 0.743269 0.345673 0.009615 0.074519
0 0.404808 0.700962 0.023718 0.071635
0 0.349840 0.122236 0.014423 0.118029
0 0.737340 0.725240 0.018910 0.065385
0 0.705128 0.730649 0.016026 0.066106
0 0.690385 0.735938 0.014103 0.054567
0 0.674038 0.740385 0.017949 0.062981
0 0.655609 0.743870 0.017628 0.056490
0 0.641346 0.749038 0.013462 0.068269
0 0.627564 0.752764 0.013462 0.060337
0 0.608814 0.759615 0.022115 0.072596
0 0.586538 0.763822 0.023077 0.064183
0 0.562340 0.769952 0.024038 0.076923
0 0.538141 0.772236 0.024359 0.071875
0 0.482853 0.805048 0.081731 0.051923
0 0.429006 0.818149 0.016987 0.067548
0 0.405609 0.821755 0.031090 0.074279
0 0.381250 0.825240 0.019551 0.065385
0 0.333333 0.839423 0.024359 0.066346
0 0.305449 0.849159 0.030128 0.086298
0 0.277244 0.855048 0.025641 0.075000
0 0.719872 0.727764 0.014744 0.060817
0 0.029968 0.079327 0.023397 0.119712
0 0.052885 0.081010 0.023077 0.117788
0 0.071474 0.082332 0.014744 0.120913
0 0.301603 0.721635 0.028205 0.080769
0 0.329968 0.716587 0.026603 0.089904
0 0.355449 0.709014 0.025641 0.073798
0 0.087500 0.557572 0.016026 0.105048
0 0.070032 0.556250 0.017628 0.107692
0 0.048397 0.557813 0.026282 0.109375
0 0.024840 0.557572 0.022115 0.110337
0 0.087179 0.386418 0.018590 0.112260
0 0.250321 0.863822 0.026923 0.093510
0 0.071474 0.385216 0.014744 0.114663
0 0.037500 0.385337 0.014103 0.116827
0 0.097276 0.241346 0.023397 0.120673
0 0.077244 0.238822 0.014103 0.126683
0 0.060417 0.234135 0.020192 0.118750
0 0.041667 0.233413 0.016026 0.120673
0 0.018910 0.233293 0.022436 0.124760
0 0.106571 0.086659 0.020192 0.125240
0 0.088301 0.083053 0.017628 0.118510
0 0.054968 0.385216 0.018269 0.114663
0 0.222596 0.872236 0.029167 0.077163
0 0.358333 0.832332 0.025641 0.080529
0 0.145513 0.888101 0.037179 0.085817
0 0.173878 0.743389 0.033013 0.082933
0 0.210096 0.738341 0.038141 0.092067
0 0.272436 0.726562 0.031410 0.092548
0 0.243109 0.733173 0.027244 0.081250
0 0.749519 0.538582 0.015705 0.065144
0 0.733654 0.539423 0.017949 0.062981
0 0.718269 0.541707 0.011538 0.068029
0 0.689263 0.540865 0.011859 0.069712
0 0.426603 0.696995 0.021154 0.078606
0 0.446955 0.692788 0.019551 0.069231
0 0.468429 0.691346 0.022756 0.071635
0 0.185897 0.882572 0.044872 0.097356
0 0.523878 0.692187 0.078526 0.045433
0 0.604006 0.663101 0.024679 0.072837
0 0.623878 0.659255 0.015064 0.066106
0 0.642468 0.654808 0.018910 0.073558
0 0.659615 0.647716 0.016667 0.059375
0 0.678365 0.646755 0.020192 0.061779
0 0.696635 0.646755 0.016987 0.061779
0 0.711859 0.644471 0.014103 0.066346
0 0.703686 0.540865 0.018910 0.070192
0 0.725641 0.640865 0.010897 0.059135
0 0.737500 0.637380 0.013462 0.064663
0 0.752564 0.634856 0.016026 0.058654
0 0.580929 0.662380 0.021474 0.072356
0 0.671635 0.541707 0.022115 0.067548
