0 0.903906 0.630273 0.052604 0.033203
0 0.910937 0.846094 0.027083 0.027344
0 0.881510 0.860938 0.023438 0.052344
0 0.894792 0.799219 0.028125 0.064062
0 0.907813 0.753711 0.041667 0.021484
0 0.738542 0.474023 0.052083 0.044922
0 0.790104 0.458008 0.051042 0.078516
0 0.843750 0.466992 0.057292 0.059766
0 0.885938 0.470508 0.019792 0.049609
0 0.901563 0.725781 0.054167 0.022656
0 0.907552 0.885352 0.029687 0.038672
0 0.918229 0.503320 0.044792 0.082422
0 0.905208 0.694922 0.048958 0.032031
0 0.925000 0.663867 0.045833 0.024609
0 0.910156 0.578125 0.058854 0.062500
0 0.031510 0.429492 0.053646 0.088672
0 0.763802 0.037891 0.047396 0.075781
0 0.223177 0.413281 0.042188 0.014844
0 0.729427 0.562695 0.049479 0.040234
0 0.673958 0.561719 0.060417 0.039062
0 0.615885 0.562500 0.048438 0.039844
0 0.553385 0.561328 0.064062 0.039844
0 0.490625 0.556250 0.054167 0.055469
0 0.430729 0.556055 0.060417 0.052734
0 0.365104 0.555664 0.057292 0.054297
0 0.296354 0.555469 0.069792 0.050000
0 0.230990 0.560937 0.049479 0.041406
0 0.685417 0.473242 0.050000 0.047266
0 0.817448 0.038477 0.047396 0.074609
0 0.252083 0.643359 0.061458 0.080469
0 0.179948 0.561328 0.050521 0.042188
0 0.122396 0.557227 0.058333 0.050391
0 0.047917 0.559375 0.071875 0.084375
0 0.074479 0.402539 0.030208 0.020703
0 0.721875 0.039258 0.034375 0.073828
0 0.641146 0.449414 0.034375 0.094141
0 0.558854 0.451562 0.038542 0.085156
0 0.085156 0.309570 0.035937 0.059766
0 0.026562 0.297070 0.053125 0.101172
0 0.925260 0.207617 0.040104 0.034766
0 0.928646 0.166406 0.043750 0.041406
0 0.884375 0.171484 0.034375 0.110937
0 0.843229 0.171875 0.041667 0.110156
0 0.795052 0.203516 0.045312 0.042188
0 0.796875 0.157422 0.045833 0.044531
0 0.754687 0.167969 0.034375 0.113281
0 0.719010 0.169336 0.036979 0.111328
0 0.684115 0.176953 0.028646 0.096875
0 0.650781 0.168750 0.039062 0.110156
0 0.605990 0.169141 0.044271 0.108594
0 0.558594 0.170898 0.040104 0.105859
0 0.507552 0.202734 0.057813 0.040625
0 0.507552 0.155859 0.057813 0.047656
0 0.450260 0.202539 0.053646 0.042578
0 0.451302 0.153320 0.055729 0.049609
0 0.401823 0.172070 0.042188 0.103516
0 0.359115 0.170898 0.044271 0.105078
0 0.313802 0.168945 0.043229 0.108203
0 0.249740 0.204297 0.068229 0.034375
0 0.249219 0.163281 0.073438 0.044531
0 0.189323 0.180664 0.042188 0.081641
0 0.142187 0.172070 0.048958 0.096484
0 0.092448 0.170508 0.046354 0.094922
0 0.028385 0.151953 0.056771 0.103125
0 0.157292 0.326953 0.052083 0.092188
0 0.213542 0.317383 0.054167 0.038672
0 0.215625 0.357422 0.058333 0.035937
0 0.268490 0.315625 0.049479 0.119531
0 0.516667 0.452344 0.042708 0.083594
0 0.473177 0.451953 0.041146 0.082031
0 0.423958 0.451758 0.053125 0.084766
0 0.365885 0.452930 0.052604 0.082422
0 0.308073 0.475391 0.054688 0.035937
0 0.306771 0.437891 0.057292 0.034375
0 0.108594 0.379688 0.027604 0.057813
0 0.078646 0.364844 0.019792 0.048438
0 0.245052 0.474414 0.065104 0.036328
0 0.243490 0.438086 0.065104 0.032422
0 0.169271 0.473242 0.069792 0.035547
0 0.167448 0.433203 0.069271 0.040625
0 0.107552 0.454102 0.049479 0.080078
0 0.604688 0.452148 0.038542 0.090234
0 0.908854 0.361328 0.053125 0.039062
0 0.847396 0.316602 0.064583 0.121484
0 0.783594 0.316406 0.054688 0.121094
0 0.724219 0.319727 0.050521 0.119141
0 0.674479 0.326367 0.037500 0.101953
0 0.627344 0.319336 0.049479 0.118359
0 0.577083 0.317773 0.041667 0.121484
0 0.535156 0.321680 0.036979 0.113672
0 0.483333 0.360742 0.061458 0.037891
0 0.483073 0.315234 0.064062 0.050000
0 0.430990 0.315625 0.039062 0.124219
0 0.386198 0.313086 0.044271 0.126172
0 0.326562 0.351172 0.065625 0.053125
0 0.328385 0.299609 0.070312 0.050781
0 0.909896 0.320703 0.055208 0.038281
0 0.684896 0.037695 0.036458 0.073047
0 0.188542 0.641211 0.059375 0.075391
0 0.605208 0.038086 0.036458 0.073828
0 0.170573 0.034180 0.038021 0.068359
0 0.129948 0.033789 0.043229 0.067578
0 0.080469 0.035352 0.050521 0.066016
0 0.025000 0.026172 0.050000 0.052344
0 0.839063 0.857031 0.051042 0.051562
0 0.766667 0.856445 0.083333 0.046484
0 0.686719 0.857227 0.073438 0.044922
0 0.208594 0.035352 0.038021 0.068359
0 0.616406 0.855078 0.061979 0.056250
0 0.478125 0.849219 0.060417 0.063281
0 0.413542 0.849805 0.062500 0.062109
0 0.227865 0.833398 0.033854 0.086328
0 0.348958 0.848437 0.064583 0.064062
0 0.197917 0.736719 0.056250 0.053906
0 0.137500 0.737305 0.063542 0.055078
0 0.867188 0.665234 0.021875 0.041406
0 0.542708 0.836133 0.063542 0.089453
0 0.829948 0.663281 0.048438 0.046875
0 0.190104 0.832617 0.034375 0.082422
0 0.074219 0.826953 0.066146 0.082031
0 0.644531 0.038086 0.038021 0.071484
0 0.879167 0.038281 0.048958 0.075000
0 0.933333 0.039062 0.043750 0.073438
0 0.261719 0.737695 0.065104 0.055859
0 0.334635 0.739062 0.073438 0.051562
0 0.409635 0.737109 0.067187 0.054688
0 0.479167 0.734961 0.068750 0.057422
0 0.139583 0.832812 0.043750 0.087500
0 0.538802 0.742773 0.041146 0.049609
0 0.635156 0.749609 0.044271 0.028125
0 0.683073 0.725977 0.042188 0.025391
0 0.683594 0.752148 0.040104 0.022266
0 0.726302 0.742578 0.036979 0.038281
0 0.771875 0.742773 0.051042 0.044922
0 0.826302 0.741211 0.044271 0.048828
0 0.016667 0.831836 0.033333 0.078516
0 0.585417 0.740039 0.045833 0.048828
0 0.778385 0.662500 0.049479 0.044531
0 0.244792 0.035937 0.034375 0.069531
0 0.664583 0.656641 0.054167 0.046875
0 0.787240 0.559961 0.054688 0.044922
0 0.844531 0.558594 0.055729 0.046094
0 0.059635 0.694531 0.057813 0.084375
0 0.124740 0.642383 0.063021 0.073828
0 0.565625 0.036914 0.042708 0.073828
0 0.729948 0.659375 0.047396 0.048438
0 0.360417 0.036914 0.041667 0.071484
0 0.316406 0.035937 0.039062 0.069531
0 0.400000 0.036914 0.032292 0.071484
0 0.301563 0.648633 0.031250 0.063672
0 0.332552 0.652930 0.028646 0.058984
0 0.276823 0.035937 0.030729 0.071875
0 0.279167 0.847070 0.068750 0.063672
0 0.612240 0.665039 0.044271 0.033984
0 0.613542 0.629883 0.043750 0.034766
0 0.564063 0.666016 0.045833 0.033594
0 0.563542 0.628906 0.051042 0.037500
0 0.520312 0.036523 0.040625 0.073047
0 0.380208 0.656641 0.060417 0.051562
0 0.475260 0.036914 0.042188 0.071484
0 0.433854 0.036523 0.035417 0.073047
0 0.506250 0.657227 0.061458 0.046484
0 0.444010 0.656055 0.058854 0.048047
