0 0.879067 0.618510 0.097175 0.062019
0 0.462971 0.621875 0.095462 0.055288
0 0.570420 0.622957 0.089469 0.070913
0 0.257277 0.628245 0.106164 0.056971
0 0.669949 0.620793 0.096747 0.066587
0 0.776541 0.620673 0.098459 0.063462
0 0.361301 0.623317 0.098459 0.063942
0 0.425300 0.716827 0.097175 0.029327
0 0.117295 0.726442 0.076199 0.029808
0 0.222389 0.716947 0.089469 0.029567
0 0.319991 0.714423 0.097175 0.037500
0 0.523116 0.715865 0.086473 0.016827
0 0.614298 0.708534 0.047945 0.042548
0 0.157534 0.652284 0.075342 0.010817
0 0.658818 0.702885 0.041096 0.055288
0 0.041096 0.727764 0.072774 0.027163
0 0.159889 0.630529 0.080051 0.026442
0 0.394692 0.557212 0.083904 0.036058
0 0.079195 0.631851 0.081336 0.026683
0 0.705265 0.699880 0.042380 0.054567
0 0.215967 0.552764 0.086045 0.038221
0 0.167808 0.519591 0.124144 0.022837
0 0.306293 0.557692 0.084332 0.037019
0 0.391481 0.522236 0.086901 0.031010
0 0.481592 0.523197 0.084760 0.032933
0 0.564854 0.519832 0.083476 0.029087
0 0.072774 0.653846 0.078767 0.013942
0 0.484375 0.557212 0.080908 0.033654
0 0.665882 0.554087 0.083476 0.035577
0 0.758562 0.535216 0.082192 0.024760
0 0.752140 0.561058 0.078767 0.025000
0 0.849101 0.535697 0.085188 0.028125
0 0.847175 0.562260 0.086473 0.025000
0 0.930223 0.526923 0.070205 0.026923
0 0.930009 0.558534 0.074058 0.031010
0 0.569349 0.552284 0.077911 0.034375
0 0.748288 0.695913 0.041952 0.052885
0 0.503425 0.872716 0.047089 0.079567
0 0.936216 0.696995 0.058219 0.058894
0 0.152611 0.887740 0.041524 0.062981
0 0.207406 0.889663 0.044949 0.059615
0 0.252997 0.887861 0.042808 0.062740
0 0.339897 0.893149 0.051370 0.056010
0 0.391481 0.882091 0.053510 0.066106
0 0.449486 0.882212 0.050514 0.069712
0 0.126284 0.553606 0.089041 0.037019
0 0.101027 0.885938 0.048801 0.065625
0 0.557363 0.873317 0.044521 0.078365
0 0.663741 0.878606 0.040668 0.069712
0 0.714897 0.879207 0.047089 0.066587
0 0.767123 0.878245 0.051370 0.063702
0 0.818493 0.901803 0.038527 0.021875
0 0.811858 0.851803 0.034675 0.056490
0 0.884846 0.877524 0.041952 0.067548
0 0.940497 0.872957 0.051370 0.070913
0 0.605308 0.871394 0.044521 0.082212
0 0.034461 0.891587 0.050086 0.068750
0 0.931935 0.777644 0.064212 0.043269
0 0.872432 0.775240 0.053082 0.046635
0 0.041096 0.778486 0.043664 0.044952
0 0.089897 0.784014 0.050514 0.057452
0 0.141053 0.772837 0.051798 0.036058
0 0.185360 0.780048 0.035103 0.045192
0 0.225385 0.784856 0.038955 0.052404
0 0.276327 0.784014 0.053510 0.056010
0 0.324700 0.779447 0.039812 0.046875
0 0.362800 0.772476 0.029538 0.041106
0 0.394478 0.770793 0.035531 0.043510
0 0.458904 0.775481 0.039384 0.057692
0 0.525471 0.771755 0.043236 0.042067
0 0.573844 0.773558 0.053510 0.056731
0 0.625000 0.774159 0.040240 0.057933
0 0.668878 0.773918 0.046661 0.056010
0 0.715539 0.772716 0.044092 0.052163
0 0.759846 0.773678 0.046233 0.051202
0 0.816353 0.782813 0.060788 0.040144
0 0.877568 0.703846 0.060788 0.049038
0 0.034461 0.557813 0.068921 0.033894
0 0.971318 0.631250 0.051370 0.029808
0 0.725385 0.466947 0.037243 0.039183
0 0.617723 0.303125 0.035103 0.054327
0 0.587543 0.303245 0.022688 0.054087
0 0.558861 0.301442 0.032962 0.054808
0 0.528896 0.303726 0.026113 0.055048
0 0.485445 0.308173 0.035103 0.044231
0 0.449914 0.308293 0.035959 0.044952
0 0.391053 0.307332 0.047517 0.043029
0 0.340111 0.306971 0.046661 0.045192
0 0.286815 0.307091 0.045377 0.038221
0 0.238442 0.306010 0.046233 0.039423
0 0.245505 0.274159 0.049229 0.025240
0 0.176156 0.301803 0.035531 0.045433
0 0.106592 0.294952 0.054795 0.056250
0 0.044949 0.300361 0.035103 0.050240
0 0.704195 0.323317 0.040240 0.024038
0 0.014555 0.298558 0.023973 0.052404
0 0.977526 0.204327 0.044949 0.071154
0 0.925728 0.203606 0.046661 0.073077
0 0.816567 0.222476 0.082620 0.030048
0 0.726884 0.223197 0.085616 0.028606
0 0.820848 0.199519 0.091182 0.018750
0 0.726241 0.197716 0.089469 0.020913
0 0.626070 0.219952 0.090325 0.029327
0 0.532320 0.217428 0.088613 0.035337
0 0.435360 0.213942 0.100171 0.033173
0 0.335402 0.211538 0.099743 0.035096
0 0.241438 0.190505 0.079623 0.021394
0 0.238442 0.216106 0.082192 0.027404
0 0.150899 0.211178 0.086045 0.034375
0 0.043022 0.517668 0.080908 0.030048
0 0.978810 0.156611 0.042380 0.022356
0 0.781250 0.311298 0.035959 0.053846
0 0.055437 0.203365 0.086901 0.042788
0 0.925300 0.326442 0.040668 0.016827
0 0.885060 0.308654 0.037243 0.056731
0 0.921019 0.472716 0.064640 0.027163
0 0.778253 0.469351 0.063356 0.029087
0 0.674229 0.467067 0.052226 0.041827
0 0.603596 0.461058 0.030822 0.013942
0 0.606807 0.478365 0.056935 0.015865
0 0.544521 0.462500 0.052226 0.040865
0 0.479452 0.467909 0.071062 0.043510
0 0.410531 0.463462 0.062500 0.040865
0 0.345248 0.460216 0.056935 0.047356
0 0.238228 0.460096 0.063784 0.041346
0 0.146832 0.466466 0.058219 0.038221
0 0.081122 0.465505 0.061216 0.042067
0 0.024401 0.464543 0.043664 0.034375
0 0.978810 0.414543 0.042380 0.020433
0 0.980094 0.472716 0.039812 0.027644
0 0.841824 0.409375 0.070634 0.031731
0 0.980094 0.318389 0.039812 0.032933
0 0.023116 0.394471 0.046233 0.052885
0 0.093964 0.392308 0.077483 0.051442
0 0.168022 0.392548 0.063784 0.038462
0 0.919521 0.409014 0.072774 0.031010
0 0.285531 0.396394 0.053082 0.043269
0 0.348673 0.396995 0.063784 0.044471
0 0.227740 0.395072 0.054795 0.040144
0 0.492723 0.398798 0.053938 0.040865
0 0.554795 0.398918 0.058219 0.043029
0 0.623716 0.397957 0.066781 0.042548
0 0.689426 0.406130 0.058647 0.033413
0 0.760488 0.406971 0.071490 0.029808
0 0.829623 0.374880 0.070205 0.030048
0 0.429580 0.397957 0.072346 0.042548
