0 0.433211 0.405025 0.022467 0.018995
0 0.408497 0.405025 0.026144 0.020833
0 0.408292 0.318627 0.025735 0.020221
0 0.570466 0.320772 0.028186 0.023897
0 0.603962 0.323223 0.037990 0.020221
0 0.514093 0.344210 0.029003 0.021752
0 0.542688 0.343903 0.029003 0.021752
0 0.571691 0.345129 0.030637 0.023591
0 0.600899 0.344669 0.027778 0.023284
0 0.632761 0.344822 0.034314 0.022978
0 0.541054 0.320925 0.029820 0.021752
0 0.540850 0.367341 0.086601 0.022059
0 0.512051 0.388940 0.029003 0.019301
0 0.541462 0.390012 0.026552 0.018382
0 0.569649 0.390472 0.026552 0.022365
0 0.598039 0.393076 0.030229 0.018382
0 0.629902 0.394914 0.032680 0.022059
0 0.661969 0.395680 0.031454 0.019301
0 0.629902 0.419424 0.093954 0.022059
0 0.633783 0.370864 0.097631 0.022978
0 0.357230 0.420803 0.025735 0.018689
0 0.513072 0.320159 0.026961 0.022672
0 0.544118 0.297335 0.027778 0.019914
0 0.432190 0.225797 0.028595 0.020221
0 0.459967 0.226103 0.026961 0.022059
0 0.490809 0.225031 0.031454 0.024816
0 0.434028 0.251532 0.028186 0.022672
0 0.461806 0.249540 0.026552 0.023591
0 0.491013 0.248775 0.031863 0.020221
0 0.356413 0.274663 0.028186 0.023591
0 0.572712 0.295803 0.028595 0.026042
0 0.383170 0.274203 0.024510 0.023284
0 0.434436 0.272518 0.029003 0.023591
0 0.463644 0.271906 0.026144 0.024203
0 0.517565 0.273131 0.027778 0.026654
0 0.547181 0.273897 0.029820 0.023897
0 0.576389 0.269761 0.031863 0.022978
0 0.485090 0.296722 0.028186 0.021752
0 0.515114 0.298100 0.031046 0.021446
0 0.407475 0.273591 0.024101 0.021446
0 0.463440 0.196538 0.082925 0.029105
0 0.486111 0.408088 0.026144 0.015931
0 0.383170 0.422947 0.024510 0.016238
0 0.360090 0.338695 0.027369 0.016850
0 0.386846 0.339614 0.023693 0.021752
0 0.410335 0.338848 0.025735 0.022672
0 0.435049 0.340839 0.026144 0.024203
0 0.460989 0.342984 0.024918 0.020527
0 0.485703 0.342371 0.025327 0.021140
0 0.310662 0.355852 0.070670 0.020527
0 0.334967 0.336703 0.021242 0.018995
0 0.290237 0.377451 0.025735 0.017770
0 0.335784 0.377298 0.018791 0.020527
0 0.357639 0.380055 0.022467 0.016850
0 0.381127 0.382353 0.024510 0.021446
0 0.404820 0.383272 0.022876 0.019608
0 0.456699 0.383578 0.077614 0.020833
0 0.358047 0.399969 0.023284 0.016850
0 0.382353 0.402727 0.022876 0.014400
0 0.315359 0.377145 0.022876 0.019608
0 0.458538 0.406097 0.028186 0.019914
0 0.311275 0.336244 0.022876 0.018689
0 0.484273 0.319547 0.022467 0.024510
0 0.407884 0.425551 0.024918 0.022059
0 0.431781 0.426011 0.023693 0.019301
0 0.458742 0.427849 0.028595 0.023591
0 0.383987 0.360754 0.075163 0.021140
0 0.460784 0.363817 0.077614 0.021140
0 0.356413 0.294730 0.024101 0.017770
0 0.384804 0.296415 0.027778 0.018689
0 0.287173 0.335784 0.023693 0.020221
0 0.408497 0.297794 0.022059 0.020833
0 0.285948 0.315564 0.021242 0.019608
0 0.308619 0.316176 0.025735 0.018995
0 0.334355 0.315564 0.024101 0.019608
0 0.358252 0.316942 0.023693 0.017463
0 0.383170 0.318627 0.024510 0.019608
0 0.434028 0.317402 0.024101 0.020221
0 0.458538 0.320312 0.028186 0.022978
0 0.442810 0.296262 0.045752 0.022059
0 0.402574 0.479473 0.030637 0.020221
0 0.491013 0.272518 0.023693 0.023591
0 0.349060 0.474112 0.025735 0.021752
0 0.434436 0.547794 0.086193 0.022059
0 0.463235 0.527420 0.029412 0.018689
0 0.433007 0.523591 0.030229 0.025735
0 0.401757 0.520987 0.029003 0.019301
0 0.374592 0.518229 0.027778 0.024203
0 0.346609 0.515625 0.028186 0.017770
0 0.318627 0.512255 0.025327 0.024510
0 0.288603 0.507353 0.022467 0.023284
0 0.265727 0.503676 0.025735 0.020221
0 0.238766 0.502604 0.024918 0.023591
0 0.532884 0.430607 0.037990 0.019301
0 0.499592 0.428462 0.032680 0.024816
0 0.528391 0.483762 0.102533 0.025735
0 0.528799 0.508272 0.099265 0.025735
0 0.524510 0.535233 0.086601 0.024510
0 0.525327 0.560662 0.092320 0.023284
0 0.527778 0.586397 0.097222 0.028799
0 0.433007 0.574602 0.087418 0.029718
0 0.374387 0.476869 0.027369 0.015625
0 0.271855 0.554841 0.074755 0.026961
0 0.350899 0.567096 0.081699 0.026961
0 0.529820 0.456189 0.109477 0.028799
0 0.346201 0.539522 0.076389 0.023897
0 0.301266 0.470282 0.023284 0.020221
0 0.461193 0.460172 0.025327 0.021446
0 0.435049 0.460784 0.026144 0.020221
0 0.406454 0.457874 0.030229 0.026042
0 0.323529 0.471814 0.022876 0.019608
0 0.378676 0.455576 0.023693 0.021446
0 0.353350 0.453738 0.026144 0.023897
0 0.302900 0.448836 0.026552 0.023284
0 0.191585 0.541513 0.069444 0.024816
0 0.328840 0.452206 0.025327 0.018995
0 0.188521 0.494792 0.075572 0.020221
0 0.186887 0.471661 0.076389 0.016850
0 0.184436 0.453278 0.071487 0.019914
0 0.183007 0.432598 0.076797 0.018382
0 0.208129 0.408088 0.029003 0.020833
0 0.177900 0.408701 0.025735 0.022059
0 0.152778 0.404565 0.024510 0.022978
0 0.188930 0.517157 0.072304 0.018995
0 0.263685 0.530637 0.074755 0.024510
