0 0.897656 0.502148 0.068229 0.091016
0 0.969792 0.530273 0.060417 0.103516
0 0.660156 0.505664 0.051562 0.046484
0 0.613802 0.508984 0.030729 0.043750
0 0.813542 0.505078 0.087500 0.095312
0 0.558073 0.495703 0.048438 0.057031
0 0.273698 0.466016 0.029687 0.064062
0 0.422135 0.484961 0.029687 0.062891
0 0.345052 0.473828 0.047396 0.072656
0 0.302344 0.471680 0.024479 0.073047
0 0.236979 0.466797 0.032292 0.063281
0 0.202604 0.460742 0.022917 0.058984
0 0.035937 0.521875 0.012500 0.030469
0 0.135937 0.462891 0.040625 0.040625
0 0.471615 0.486914 0.053646 0.057422
0 0.050000 0.522070 0.014583 0.031641
0 0.357552 0.556250 0.026562 0.057031
0 0.086458 0.524414 0.020833 0.033984
0 0.552083 0.587891 0.026042 0.058594
0 0.519010 0.580469 0.029687 0.060156
0 0.486198 0.578125 0.035937 0.063281
0 0.447135 0.573047 0.036979 0.055469
0 0.413802 0.572656 0.029687 0.057813
0 0.383333 0.560937 0.025000 0.047656
0 0.096354 0.465820 0.031250 0.033984
0 0.325260 0.549219 0.027604 0.048438
0 0.294531 0.549219 0.031771 0.050000
0 0.258594 0.546484 0.032813 0.044531
0 0.230729 0.546484 0.022917 0.046875
0 0.200781 0.540625 0.035937 0.043750
0 0.162760 0.538281 0.035937 0.045312
0 0.131250 0.532227 0.021875 0.033203
0 0.106771 0.528320 0.018750 0.040234
0 0.066667 0.524609 0.017708 0.035937
0 0.059115 0.452539 0.022396 0.051953
0 0.223958 0.384375 0.029167 0.061719
0 0.965625 0.382422 0.068750 0.097656
0 0.728906 0.224023 0.102604 0.133203
0 0.628125 0.237891 0.082292 0.107813
0 0.570312 0.254883 0.033333 0.076953
0 0.541406 0.256836 0.024479 0.084766
0 0.469531 0.266211 0.032813 0.075391
0 0.429167 0.273242 0.037500 0.071484
0 0.395573 0.273828 0.026562 0.072656
0 0.367969 0.278906 0.020313 0.065625
0 0.345313 0.276953 0.021875 0.071875
0 0.317969 0.278516 0.029687 0.067187
0 0.288281 0.278711 0.026562 0.068359
0 0.246354 0.283203 0.044792 0.061719
0 0.186198 0.279883 0.043229 0.080859
0 0.144531 0.284375 0.031771 0.078906
0 0.588021 0.597070 0.038542 0.039453
0 0.815104 0.232422 0.051042 0.091406
0 0.032813 0.456055 0.019792 0.046484
0 0.860417 0.229492 0.036458 0.094922
0 0.961458 0.233008 0.077083 0.070703
0 0.882552 0.380469 0.086979 0.089844
0 0.800781 0.381445 0.065104 0.087891
0 0.729167 0.381445 0.073958 0.082422
0 0.651823 0.384961 0.071354 0.075391
0 0.563802 0.383008 0.069271 0.073828
0 0.477604 0.376953 0.094792 0.071875
0 0.415365 0.378516 0.023438 0.069531
0 0.382031 0.381055 0.035937 0.073828
0 0.342969 0.382617 0.036979 0.068359
0 0.257812 0.382422 0.031250 0.065625
0 0.203906 0.382422 0.011979 0.058594
0 0.163802 0.385547 0.047396 0.053906
0 0.081771 0.384961 0.038542 0.052734
0 0.052604 0.381641 0.016667 0.052344
0 0.029687 0.383008 0.019792 0.048828
0 0.898698 0.226758 0.033854 0.090234
0 0.505729 0.265625 0.035417 0.074219
0 0.670833 0.609570 0.033333 0.044141
0 0.718490 0.617188 0.035937 0.052344
0 0.388281 0.794922 0.031771 0.044531
0 0.364844 0.791992 0.010937 0.048828
0 0.334115 0.780273 0.025521 0.048828
0 0.311719 0.775977 0.020313 0.058984
0 0.286198 0.764648 0.018229 0.043359
0 0.269271 0.761523 0.011458 0.049609
0 0.194531 0.732031 0.029687 0.052344
0 0.168750 0.727930 0.020833 0.044922
0 0.147396 0.718555 0.014583 0.057422
0 0.127865 0.712305 0.011979 0.046484
0 0.113542 0.709961 0.015625 0.050391
0 0.097656 0.701758 0.014063 0.040234
0 0.080469 0.700586 0.016146 0.044141
0 0.065625 0.694336 0.012500 0.040234
0 0.523958 0.751758 0.044792 0.052734
0 0.485156 0.816797 0.083854 0.039062
0 0.481771 0.744922 0.034375 0.045312
0 0.633854 0.606250 0.038542 0.048438
0 0.597135 0.772852 0.040104 0.048828
0 0.073698 0.306445 0.101562 0.054297
0 0.973958 0.967383 0.052083 0.060547
0 0.923698 0.950391 0.044271 0.044531
0 0.866146 0.946875 0.037500 0.069531
0 0.828646 0.916797 0.029167 0.028125
0 0.786979 0.905273 0.044792 0.045703
0 0.746615 0.895703 0.032813 0.028125
0 0.708073 0.887305 0.038021 0.041797
0 0.959115 0.871094 0.081771 0.066406
0 0.883333 0.853320 0.045833 0.068359
0 0.833854 0.840820 0.042708 0.087109
0 0.783594 0.827734 0.044271 0.067969
0 0.739062 0.820508 0.037500 0.080859
0 0.702083 0.806445 0.033333 0.055859
0 0.662240 0.796094 0.035937 0.064062
0 0.560417 0.758594 0.019792 0.039062
0 0.447917 0.738672 0.026042 0.053125
0 0.011458 0.306445 0.016667 0.054297
0 0.391927 0.716406 0.022396 0.032813
0 0.913802 0.638867 0.050521 0.058984
0 0.062760 0.591211 0.056771 0.033203
0 0.119531 0.599805 0.034896 0.027734
0 0.153385 0.608984 0.029687 0.024219
0 0.194792 0.622070 0.040625 0.030078
0 0.231510 0.624023 0.027604 0.025391
0 0.276562 0.631445 0.026042 0.032422
0 0.303906 0.640625 0.024479 0.032813
0 0.333333 0.642578 0.030208 0.032813
0 0.369010 0.650195 0.039062 0.044141
0 0.063281 0.642578 0.027604 0.039062
0 0.094531 0.651758 0.024479 0.042578
0 0.125521 0.655859 0.033333 0.035937
0 0.418750 0.720508 0.027083 0.039453
0 0.166927 0.657617 0.027604 0.034766
0 0.856771 0.632422 0.052083 0.053125
0 0.803906 0.632812 0.042188 0.053906
0 0.254167 0.630664 0.013542 0.030078
0 0.199479 0.666016 0.022917 0.032813
0 0.327865 0.705273 0.022396 0.055859
0 0.759896 0.620898 0.046875 0.046484
0 0.368229 0.712695 0.020833 0.036328
0 0.303385 0.698047 0.026562 0.047656
0 0.279427 0.695703 0.018229 0.051562
0 0.256250 0.686523 0.025000 0.043359
0 0.891146 0.746289 0.052083 0.069922
0 0.835156 0.739453 0.054688 0.084375
0 0.232292 0.683008 0.022917 0.051172
0 0.711458 0.716211 0.047917 0.053516
0 0.660417 0.716211 0.048958 0.058203
0 0.613021 0.700586 0.039583 0.044922
0 0.575000 0.697852 0.035417 0.051172
0 0.528385 0.679102 0.041146 0.060547
0 0.472396 0.668750 0.041667 0.039844
0 0.429688 0.666602 0.032292 0.044922
0 0.767708 0.723828 0.058333 0.075781
