0 0.852533 0.450980 0.049837 0.047181
0 0.552900 0.426164 0.064134 0.055760
0 0.621119 0.420956 0.060866 0.058211
0 0.549224 0.483150 0.071487 0.043505
0 0.617034 0.478707 0.060866 0.051164
0 0.683619 0.413909 0.056781 0.050245
0 0.743056 0.408854 0.062092 0.040135
0 0.801062 0.404259 0.053922 0.050551
0 0.682394 0.469669 0.059232 0.041054
0 0.907271 0.445772 0.056373 0.034314
0 0.958333 0.439491 0.049020 0.046875
0 0.919935 0.392157 0.044118 0.041667
0 0.965686 0.388787 0.047386 0.048407
0 0.061275 0.246783 0.053922 0.083640
0 0.742239 0.462469 0.059641 0.054228
0 0.869485 0.397825 0.059232 0.053615
0 0.801062 0.454504 0.053922 0.042586
0 0.430351 0.319853 0.037990 0.112132
0 0.164828 0.248162 0.044526 0.090074
0 0.927492 0.299479 0.029003 0.092218
0 0.954861 0.298100 0.025735 0.087623
0 0.982435 0.298407 0.026144 0.087010
0 0.099265 0.094056 0.111111 0.182598
0 0.195466 0.095895 0.078023 0.178922
0 0.475899 0.493873 0.062908 0.055760
0 0.278391 0.093137 0.083742 0.178309
0 0.356618 0.092678 0.069444 0.178615
0 0.901552 0.301624 0.024510 0.090380
0 0.430760 0.101562 0.065768 0.174939
0 0.572100 0.103248 0.060049 0.167892
0 0.634191 0.109988 0.060866 0.174632
0 0.689338 0.110294 0.049428 0.172794
0 0.743056 0.114737 0.058007 0.161458
0 0.799837 0.112132 0.052288 0.156250
0 0.857843 0.118566 0.065359 0.140319
0 0.912582 0.123009 0.045752 0.147365
0 0.959967 0.123315 0.045752 0.146752
0 0.505106 0.099265 0.069036 0.175858
0 0.114379 0.248468 0.054739 0.087010
0 0.872753 0.305607 0.030637 0.098346
0 0.815768 0.305147 0.025327 0.098039
0 0.022672 0.348499 0.045343 0.103248
0 0.070261 0.347733 0.044118 0.105392
0 0.126225 0.342984 0.061275 0.094669
0 0.175654 0.345895 0.035948 0.088848
0 0.314134 0.323376 0.029412 0.117953
0 0.348039 0.324449 0.039216 0.118873
0 0.391953 0.325674 0.037990 0.122549
0 0.465074 0.319240 0.033088 0.109681
0 0.842116 0.304688 0.027369 0.097120
0 0.501021 0.317862 0.038807 0.112439
0 0.561070 0.316789 0.034722 0.108456
0 0.593342 0.317555 0.030637 0.106924
0 0.627655 0.315104 0.034722 0.098958
0 0.662377 0.311581 0.031454 0.100490
0 0.694036 0.310509 0.031046 0.098346
0 0.724265 0.309896 0.026961 0.100184
0 0.757149 0.307598 0.033905 0.095588
0 0.788194 0.306679 0.028186 0.093137
0 0.532475 0.317555 0.023284 0.112439
0 0.400327 0.502145 0.072712 0.058824
0 0.829044 0.715533 0.049428 0.037684
0 0.401144 0.439032 0.075163 0.055760
0 0.610090 0.816023 0.057598 0.041973
0 0.541054 0.787684 0.061683 0.039828
0 0.607026 0.767310 0.050654 0.034620
0 0.537173 0.739124 0.065359 0.042586
0 0.605596 0.725031 0.061683 0.037071
0 0.537173 0.684896 0.074346 0.041360
0 0.605392 0.675398 0.058007 0.047488
0 0.664011 0.704810 0.052696 0.051777
0 0.663399 0.757353 0.053922 0.053309
0 0.667075 0.805147 0.050654 0.028186
0 0.771038 0.638634 0.062500 0.041973
0 0.720384 0.696691 0.051879 0.048407
0 0.775531 0.690717 0.053513 0.036458
0 0.779412 0.731311 0.040850 0.039828
0 0.722018 0.744638 0.050245 0.043199
0 0.723652 0.787990 0.058415 0.030637
0 0.780025 0.778646 0.052696 0.050551
0 0.830882 0.764093 0.045752 0.050858
0 0.830270 0.674939 0.051062 0.040441
0 0.542688 0.838235 0.058415 0.047181
0 0.882353 0.751225 0.045752 0.037990
0 0.477941 0.850031 0.058824 0.051777
0 0.472018 0.749694 0.058415 0.044730
0 0.063317 0.893076 0.088235 0.060049
0 0.082721 0.958793 0.083742 0.068934
0 0.131536 0.760723 0.093954 0.044118
0 0.149306 0.821078 0.071487 0.042279
0 0.165645 0.872089 0.060049 0.044424
0 0.172386 0.929841 0.072712 0.063113
0 0.234886 0.740962 0.084967 0.053002
0 0.240196 0.797028 0.074346 0.048713
0 0.244894 0.852482 0.078023 0.046875
0 0.253268 0.908854 0.074346 0.053002
0 0.319240 0.726103 0.071487 0.052083
0 0.324959 0.782629 0.072304 0.049326
0 0.327002 0.834712 0.068219 0.049939
0 0.329861 0.893229 0.075572 0.057292
0 0.398489 0.710478 0.059232 0.050245
0 0.396855 0.767616 0.066585 0.048100
0 0.401144 0.818015 0.071078 0.045956
0 0.408292 0.872855 0.064951 0.055147
0 0.470588 0.695619 0.061275 0.049326
0 0.476716 0.799479 0.066176 0.040748
0 0.481822 0.430913 0.060049 0.061581
0 0.924224 0.744945 0.035539 0.026042
0 0.880106 0.709712 0.050245 0.038909
0 0.614788 0.552696 0.056373 0.056985
0 0.678513 0.539062 0.053922 0.042586
0 0.735907 0.583180 0.051062 0.049939
0 0.789011 0.577053 0.051879 0.041360
0 0.841912 0.567862 0.044935 0.045650
0 0.890523 0.562806 0.046569 0.038603
0 0.980392 0.547181 0.035131 0.036152
0 0.735294 0.530484 0.049837 0.041360
0 0.788807 0.525276 0.057190 0.053615
0 0.850490 0.518842 0.053922 0.043199
0 0.902165 0.513940 0.049428 0.053615
0 0.952206 0.505821 0.044118 0.036765
0 0.986928 0.499540 0.026144 0.047488
0 0.263276 0.381893 0.067402 0.095895
0 0.291871 0.490962 0.065768 0.107537
0 0.039011 0.464308 0.073938 0.070772
0 0.044526 0.539982 0.083333 0.067096
0 0.135621 0.529565 0.093954 0.059130
0 0.129085 0.460018 0.094771 0.065257
0 0.549632 0.559896 0.061683 0.048713
0 0.966708 0.735600 0.049428 0.039216
0 0.681985 0.598039 0.064134 0.053922
0 0.541462 0.619638 0.073938 0.048713
0 0.931168 0.698529 0.042892 0.031863
0 0.969975 0.694700 0.033905 0.034620
0 0.881740 0.666513 0.046977 0.036458
0 0.929534 0.661612 0.046160 0.025429
0 0.972222 0.656863 0.038399 0.033088
0 0.883374 0.619945 0.056781 0.053002
0 0.937908 0.614737 0.051471 0.041360
0 0.975899 0.609988 0.026961 0.052083
0 0.051062 0.694700 0.095588 0.053615
0 0.042279 0.627145 0.074755 0.057598
0 0.147059 0.680607 0.084150 0.054841
0 0.136846 0.615809 0.096405 0.063725
0 0.240196 0.662071 0.083333 0.053309
0 0.319853 0.651654 0.074346 0.051471
0 0.273693 0.591759 0.162582 0.054228
0 0.397467 0.635263 0.073529 0.060968
0 0.473856 0.625613 0.058824 0.051471
0 0.399306 0.575368 0.074755 0.050858
0 0.476920 0.570772 0.065768 0.057598
0 0.605801 0.607843 0.061275 0.041667
0 0.941585 0.556219 0.044118 0.022978
