0 0.852328 0.715380 0.032271 0.054534
0 0.451797 0.666054 0.022876 0.053922
0 0.430351 0.667586 0.020833 0.056373
0 0.405637 0.668199 0.025327 0.055147
0 0.324551 0.674939 0.029003 0.056985
0 0.240605 0.684436 0.040850 0.034926
0 0.481618 0.668045 0.025327 0.058517
0 0.195466 0.688113 0.044526 0.030637
0 0.148693 0.692555 0.044935 0.037071
0 0.060662 0.688879 0.068219 0.081189
0 0.055964 0.765165 0.092320 0.071385
0 0.275940 0.674939 0.025735 0.056373
0 0.506332 0.666667 0.021650 0.055147
0 0.561070 0.681219 0.073938 0.019914
0 0.647263 0.683824 0.087827 0.018995
0 0.705678 0.667433 0.029003 0.050551
0 0.735090 0.667739 0.030637 0.051164
0 0.765319 0.672028 0.025735 0.041360
0 0.962827 0.839614 0.048203 0.064645
0 0.910131 0.828431 0.047386 0.094363
0 0.856005 0.833640 0.049428 0.089461
0 0.781250 0.842984 0.051879 0.095895
0 0.732843 0.846048 0.043301 0.090993
0 0.690564 0.861979 0.021650 0.063419
0 0.606005 0.899663 0.127042 0.020527
0 0.607026 0.884651 0.127451 0.007659
0 0.605801 0.876072 0.126634 0.009498
0 0.165441 0.750460 0.113562 0.049326
0 0.280433 0.735754 0.107435 0.040135
0 0.481413 0.743873 0.060866 0.037990
0 0.925654 0.718903 0.040850 0.057904
0 0.816176 0.721967 0.035131 0.055453
0 0.782475 0.725031 0.029003 0.051164
0 0.749796 0.728860 0.029820 0.017157
0 0.747549 0.745404 0.026961 0.013480
0 0.704861 0.740962 0.037990 0.031556
0 0.652165 0.744638 0.065768 0.030331
0 0.593954 0.744945 0.047386 0.029718
0 0.958333 0.713695 0.020425 0.060355
0 0.970588 0.605699 0.040850 0.060662
0 0.876021 0.598805 0.047794 0.059743
0 0.834967 0.610447 0.026961 0.041973
0 0.779412 0.598499 0.025327 0.059130
0 0.753676 0.579504 0.026961 0.097733
0 0.728962 0.594669 0.018382 0.069853
0 0.700368 0.601256 0.034722 0.057292
0 0.668709 0.594975 0.028595 0.070466
0 0.634600 0.597580 0.037990 0.061581
0 0.597426 0.598499 0.037173 0.059130
0 0.606822 0.862745 0.123775 0.014706
0 0.558007 0.600490 0.035131 0.061887
0 0.566176 0.113817 0.031046 0.108150
0 0.097222 0.066789 0.067810 0.123162
0 0.152778 0.085172 0.040850 0.092525
0 0.210172 0.072763 0.061683 0.126532
0 0.265114 0.083793 0.044935 0.121630
0 0.311070 0.083946 0.042892 0.119485
0 0.354575 0.112286 0.036765 0.086703
0 0.399714 0.127298 0.049428 0.054228
0 0.541871 0.745864 0.057598 0.035846
0 0.387051 0.760417 0.053513 0.064951
0 0.483456 0.887714 0.109886 0.056679
0 0.881944 0.289062 0.083333 0.100797
0 0.268995 0.899357 0.078023 0.067708
0 0.475286 0.576440 0.053513 0.109988
0 0.425041 0.575061 0.046977 0.116422
0 0.372753 0.596354 0.048611 0.079350
0 0.333333 0.586857 0.030229 0.100184
0 0.299837 0.587316 0.032680 0.094363
0 0.264706 0.577972 0.035948 0.116115
0 0.226307 0.577053 0.040850 0.114890
0 0.192810 0.594210 0.026961 0.081189
0 0.156454 0.570312 0.040033 0.131434
0 0.110090 0.576287 0.040441 0.118873
0 0.065359 0.583180 0.049020 0.090380
0 0.837214 0.525276 0.037990 0.062806
0 0.873570 0.529259 0.029820 0.052390
0 0.520221 0.600950 0.033088 0.060968
0 0.917892 0.520680 0.052288 0.071998
0 0.959763 0.419271 0.047794 0.064645
0 0.876430 0.413143 0.056781 0.060355
0 0.699959 0.431679 0.070670 0.099877
0 0.629085 0.434283 0.071895 0.094669
0 0.573529 0.434589 0.037582 0.094056
0 0.526144 0.434743 0.053105 0.093750
0 0.479575 0.435815 0.033497 0.088542
0 0.439542 0.435968 0.047386 0.088235
0 0.392361 0.435662 0.042892 0.088235
0 0.343137 0.434436 0.053922 0.082108
0 0.294322 0.450214 0.042075 0.059743
0 0.505923 0.112132 0.078023 0.093750
0 0.250817 0.435509 0.040850 0.086091
0 0.971609 0.511029 0.055147 0.092525
0 0.365605 0.890931 0.112745 0.047181
0 0.195670 0.438266 0.065359 0.075061
0 0.097631 0.413450 0.039216 0.117953
0 0.201389 0.874234 0.058007 0.104473
0 0.130923 0.882659 0.072304 0.095588
0 0.045139 0.833333 0.090278 0.058211
0 0.046160 0.893382 0.092320 0.061887
0 0.607026 0.143229 0.048203 0.049939
0 0.609886 0.103094 0.040033 0.029105
0 0.658292 0.122396 0.036356 0.097733
0 0.690972 0.123928 0.028186 0.100797
0 0.833946 0.147212 0.041258 0.075674
0 0.908497 0.130821 0.043301 0.108456
0 0.968342 0.291207 0.063317 0.092831
0 0.799428 0.304534 0.031863 0.068015
0 0.762459 0.300092 0.036356 0.078738
0 0.141136 0.423866 0.042075 0.097120
0 0.711806 0.276195 0.052696 0.127145
0 0.654208 0.292739 0.056781 0.032169
0 0.610090 0.276808 0.027369 0.113051
0 0.573529 0.286152 0.043301 0.091299
0 0.519199 0.278493 0.050654 0.104167
0 0.463031 0.265319 0.060866 0.129902
0 0.396855 0.260723 0.070670 0.130515
0 0.338440 0.275888 0.044526 0.092831
0 0.285948 0.257200 0.060458 0.130821
0 0.229575 0.268689 0.042484 0.098652
0 0.181168 0.266238 0.053513 0.098039
0 0.111315 0.257812 0.086193 0.114277
0 0.032680 0.236213 0.065359 0.148284
0 0.039216 0.404259 0.074346 0.135723
0 0.655637 0.322610 0.054739 0.027574
0 0.446487 0.129596 0.040850 0.051471
