0 0.518229 0.480078 0.040625 0.103906
0 0.862240 0.454492 0.034896 0.094141
0 0.827083 0.456641 0.036458 0.101562
0 0.790885 0.461914 0.034896 0.093359
0 0.762240 0.464844 0.024479 0.092188
0 0.734635 0.466016 0.028646 0.094531
0 0.701823 0.465820 0.038021 0.094141
0 0.667969 0.469922 0.031771 0.100781
0 0.633594 0.470117 0.038021 0.102734
0 0.595833 0.472266 0.037500 0.107813
0 0.558594 0.476758 0.036979 0.099609
0 0.130208 0.352148 0.048958 0.120703
0 0.482812 0.480469 0.032292 0.102344
0 0.446875 0.483789 0.038542 0.108203
0 0.547396 0.732422 0.042708 0.107813
0 0.587500 0.725391 0.036458 0.096875
0 0.624479 0.716602 0.029167 0.095703
0 0.656510 0.714648 0.033854 0.091797
0 0.689583 0.716016 0.035417 0.089844
0 0.720313 0.709766 0.025000 0.079687
0 0.745573 0.701562 0.028646 0.095312
0 0.777865 0.691406 0.033854 0.087500
0 0.894271 0.455078 0.027083 0.092969
0 0.920312 0.450195 0.026042 0.083203
0 0.941667 0.450195 0.019792 0.082422
0 0.967448 0.447070 0.030729 0.081641
0 0.425260 0.885352 0.044271 0.092578
0 0.376042 0.899219 0.045833 0.096875
0 0.337500 0.911719 0.034375 0.103906
0 0.303385 0.919727 0.033854 0.089453
0 0.267708 0.929297 0.037500 0.106250
0 0.231771 0.937500 0.034375 0.089844
0 0.189844 0.945312 0.043229 0.091406
0 0.138802 0.954492 0.047396 0.088672
0 0.097135 0.961328 0.039062 0.076563
0 0.048177 0.968555 0.055729 0.062891
0 0.811719 0.682227 0.033854 0.091797
0 0.962500 0.657227 0.030208 0.073047
0 0.907552 0.664062 0.031771 0.082031
0 0.871615 0.674609 0.038021 0.090625
0 0.840104 0.678516 0.025000 0.082812
0 0.345573 0.774805 0.038021 0.107422
0 0.382552 0.768750 0.036979 0.095312
0 0.422135 0.759570 0.041146 0.114453
0 0.467708 0.747266 0.041667 0.103906
0 0.508594 0.742969 0.036979 0.107813
0 0.070573 0.676367 0.050521 0.124609
0 0.022396 0.678516 0.044792 0.120313
0 0.935156 0.663281 0.025521 0.082812
0 0.464062 0.875977 0.035417 0.112891
0 0.402604 0.490625 0.043750 0.028906
0 0.356510 0.498633 0.041146 0.087109
0 0.795833 0.347070 0.029167 0.089453
0 0.763542 0.357227 0.027083 0.072266
0 0.735417 0.351758 0.027083 0.084766
0 0.703906 0.349609 0.035937 0.089844
0 0.670573 0.347852 0.030729 0.093359
0 0.641927 0.350000 0.023438 0.096094
0 0.615625 0.348047 0.027083 0.098437
0 0.584896 0.351758 0.034375 0.099609
0 0.552865 0.351758 0.028646 0.098828
0 0.522396 0.357227 0.027083 0.091016
0 0.493229 0.360156 0.037500 0.085156
0 0.457031 0.359766 0.035937 0.085938
0 0.427604 0.364648 0.023958 0.080859
0 0.395833 0.358398 0.038542 0.093359
0 0.355729 0.359570 0.039583 0.095703
0 0.313281 0.350391 0.047396 0.112500
0 0.267188 0.352539 0.042708 0.116016
0 0.221875 0.362109 0.048958 0.096094
0 0.989844 0.234570 0.019271 0.098047
0 0.035156 0.371289 0.042188 0.087109
0 0.080990 0.353125 0.049479 0.121875
0 0.824740 0.346875 0.028646 0.090625
0 0.862240 0.343750 0.044271 0.089844
0 0.894792 0.344531 0.021875 0.088281
0 0.923958 0.345508 0.030208 0.088672
0 0.317188 0.503320 0.036458 0.094922
0 0.661719 0.216016 0.022396 0.109375
0 0.687760 0.216211 0.028646 0.108203
0 0.712240 0.218945 0.024479 0.106641
0 0.754427 0.227734 0.030729 0.093750
0 0.780208 0.227539 0.022917 0.093359
0 0.803906 0.228516 0.024479 0.097656
0 0.826562 0.230469 0.022917 0.089844
0 0.847396 0.233203 0.014583 0.084375
0 0.866667 0.234766 0.025000 0.093750
0 0.400521 0.524414 0.047917 0.036328
0 0.888542 0.233789 0.018750 0.094922
0 0.929427 0.234180 0.020313 0.096484
0 0.949219 0.234375 0.022396 0.095312
0 0.969531 0.232617 0.019271 0.094922
0 0.280990 0.513086 0.039062 0.076172
0 0.234635 0.500586 0.049479 0.116797
0 0.180208 0.500195 0.061458 0.118359
0 0.122656 0.503906 0.052604 0.126562
0 0.061198 0.531055 0.066146 0.081641
0 0.978385 0.347852 0.024479 0.074609
0 0.952865 0.348438 0.026562 0.075781
0 0.908073 0.233789 0.020313 0.098828
0 0.505729 0.866797 0.046875 0.097656
0 0.175260 0.350586 0.039062 0.122266
0 0.200781 0.187109 0.040104 0.157812
0 0.793750 0.575000 0.037500 0.085938
0 0.754687 0.582031 0.034375 0.091406
0 0.726042 0.587305 0.023958 0.080078
0 0.696875 0.597266 0.034375 0.084375
0 0.665885 0.595898 0.027604 0.085547
0 0.632552 0.600391 0.039062 0.094531
0 0.829948 0.574219 0.035937 0.088281
0 0.602083 0.616211 0.025000 0.065234
0 0.494010 0.616016 0.042188 0.117188
0 0.448698 0.619141 0.048438 0.110937
0 0.409896 0.625781 0.029167 0.117969
0 0.371094 0.638672 0.048438 0.092188
0 0.328646 0.645312 0.035417 0.104688
0 0.228646 0.652734 0.059375 0.103906
0 0.536458 0.608008 0.036458 0.100391
0 0.067708 0.196094 0.085417 0.144531
0 0.147135 0.199805 0.067187 0.133203
0 0.245312 0.186523 0.048958 0.155859
0 0.902865 0.768945 0.019271 0.083984
0 0.926042 0.761133 0.029167 0.070703
0 0.953385 0.758594 0.024479 0.076563
0 0.428646 0.205664 0.041667 0.126953
0 0.880208 0.773242 0.023958 0.073828
0 0.852604 0.778711 0.031250 0.077734
0 0.823698 0.786914 0.026562 0.094922
0 0.654167 0.828906 0.035417 0.085156
0 0.617708 0.839648 0.037500 0.101172
0 0.580208 0.845898 0.028125 0.092578
0 0.546094 0.860938 0.036979 0.103125
0 0.390885 0.208203 0.028646 0.120313
0 0.361458 0.208008 0.032292 0.120703
0 0.322656 0.198828 0.047396 0.138281
0 0.282552 0.197070 0.026562 0.133203
0 0.173437 0.659766 0.051042 0.115625
0 0.122135 0.664844 0.051562 0.107031
0 0.286198 0.646680 0.052604 0.101172
0 0.070573 0.832227 0.044271 0.108203
0 0.687240 0.824219 0.030729 0.094531
0 0.718750 0.817969 0.031250 0.082031
0 0.191927 0.810547 0.050521 0.099219
0 0.148698 0.819922 0.042188 0.103906
0 0.108854 0.830859 0.037500 0.109375
0 0.754948 0.807031 0.038021 0.101562
0 0.023438 0.837891 0.046875 0.124219
0 0.964844 0.554102 0.028646 0.076953
0 0.978906 0.751367 0.025521 0.062891
0 0.937760 0.559961 0.027604 0.086328
0 0.909375 0.562891 0.029167 0.082812
0 0.883073 0.567969 0.023438 0.089063
0 0.859896 0.569336 0.023958 0.086328
0 0.635156 0.216602 0.028646 0.106641
0 0.792448 0.796680 0.034896 0.080859
0 0.233073 0.801367 0.033854 0.112891
0 0.609375 0.216992 0.023958 0.105078
0 0.268750 0.796289 0.036458 0.101172
0 0.578385 0.210352 0.036979 0.122266
0 0.539844 0.209180 0.030729 0.123047
0 0.502604 0.198437 0.043750 0.144531
0 0.304167 0.791992 0.035417 0.110547
0 0.465104 0.204297 0.031250 0.128125
