0 0.464257 0.569393 0.040441 0.077512
0 0.504289 0.570312 0.037173 0.078738
0 0.540850 0.571538 0.036765 0.079963
0 0.576389 0.569853 0.034314 0.077206
0 0.612949 0.570006 0.037990 0.076900
0 0.688317 0.572457 0.045752 0.078125
0 0.729779 0.571998 0.037173 0.079044
0 0.039011 0.676930 0.078023 0.059743
0 0.329657 0.579963 0.035131 0.060662
0 0.919322 0.539369 0.038807 0.078738
0 0.294322 0.577972 0.029003 0.059743
0 0.613562 0.659773 0.034314 0.054228
0 0.579453 0.659620 0.030637 0.053309
0 0.541462 0.658241 0.031454 0.051164
0 0.496732 0.657322 0.055556 0.057904
0 0.442198 0.657016 0.051879 0.062194
0 0.388685 0.657322 0.055147 0.060968
0 0.031250 0.604626 0.062500 0.041973
0 0.333333 0.657782 0.053105 0.060049
0 0.196895 0.657935 0.074346 0.062806
0 0.119281 0.659007 0.082516 0.055147
0 0.106209 0.577512 0.065359 0.065564
0 0.185253 0.578125 0.054330 0.060049
0 0.235498 0.579350 0.033088 0.059436
0 0.265114 0.578278 0.026961 0.059743
0 0.282884 0.657935 0.051062 0.060355
0 0.040033 0.774203 0.080065 0.058824
0 0.689747 0.736366 0.109069 0.057904
0 0.306985 0.736520 0.080474 0.064951
0 0.872549 0.528799 0.049837 0.094975
0 0.839257 0.852788 0.049428 0.073223
0 0.784722 0.852788 0.061275 0.076287
0 0.704657 0.837776 0.053105 0.098346
0 0.654412 0.833333 0.048203 0.099265
0 0.608047 0.832261 0.045343 0.097120
0 0.552696 0.827206 0.046569 0.091299
0 0.501838 0.825980 0.045343 0.087623
0 0.457721 0.826746 0.042892 0.086091
0 0.411969 0.832108 0.047794 0.093750
0 0.339052 0.851256 0.080882 0.076287
0 0.257557 0.845588 0.082925 0.074755
0 0.179126 0.844669 0.075572 0.076593
0 0.101103 0.848346 0.079657 0.069240
0 0.029820 0.849724 0.059641 0.067096
0 0.031658 0.032169 0.062500 0.062500
0 0.877859 0.831495 0.027778 0.075368
0 0.924020 0.844363 0.049837 0.077206
0 0.969567 0.843903 0.042075 0.075061
0 0.885008 0.740043 0.113971 0.057904
0 0.784109 0.741881 0.081291 0.053002
0 0.653186 0.660386 0.033497 0.054841
0 0.546569 0.734375 0.078431 0.060662
0 0.467933 0.734069 0.081291 0.060049
0 0.388276 0.734835 0.078840 0.058517
0 0.223652 0.738817 0.087010 0.066483
0 0.084967 0.031863 0.048203 0.063113
0 0.030842 0.560968 0.061683 0.045343
0 0.184436 0.032475 0.047794 0.061887
0 0.800858 0.417586 0.072304 0.098039
0 0.719567 0.376685 0.087010 0.069547
0 0.626225 0.376072 0.100490 0.065870
0 0.537786 0.373621 0.073121 0.062806
0 0.455882 0.374694 0.089869 0.066176
0 0.367851 0.373928 0.087827 0.068321
0 0.277778 0.374081 0.090686 0.068627
0 0.184232 0.372549 0.095588 0.068015
0 0.092525 0.371783 0.087827 0.070159
0 0.023897 0.388021 0.047794 0.034620
0 0.074142 0.487898 0.087827 0.058517
0 0.164216 0.492188 0.089869 0.049939
0 0.239583 0.483456 0.058415 0.063113
0 0.311887 0.482690 0.086193 0.067708
0 0.873366 0.426624 0.068627 0.079350
0 0.401757 0.482384 0.087827 0.070159
0 0.570057 0.479013 0.078023 0.070159
0 0.709355 0.482843 0.082925 0.071078
0 0.772467 0.544730 0.043301 0.064951
0 0.820057 0.535692 0.053513 0.086091
0 0.695670 0.661765 0.031046 0.052696
0 0.731005 0.663143 0.037990 0.056066
0 0.771446 0.643536 0.039624 0.093444
0 0.805351 0.643076 0.028186 0.096201
0 0.134804 0.032475 0.053105 0.062500
0 0.870711 0.642770 0.027369 0.093137
0 0.898489 0.648744 0.028186 0.081189
0 0.929330 0.650582 0.031863 0.077512
0 0.960172 0.646446 0.029820 0.079657
0 0.969363 0.537224 0.061275 0.089154
0 0.487745 0.479933 0.086601 0.074449
0 0.877247 0.319087 0.045343 0.065870
0 0.839257 0.645680 0.038807 0.094669
0 0.811683 0.309283 0.084150 0.092831
0 0.231209 0.032782 0.044935 0.064338
0 0.811479 0.245098 0.094363 0.034926
0 0.277982 0.032169 0.051062 0.062500
0 0.327002 0.033088 0.046977 0.063725
0 0.388480 0.052237 0.072712 0.026654
0 0.468750 0.042279 0.087827 0.045343
0 0.538807 0.052237 0.053922 0.026654
0 0.538603 0.024357 0.055964 0.026042
0 0.610294 0.033241 0.089869 0.065870
0 0.695261 0.047947 0.083333 0.034007
0 0.695874 0.015931 0.082108 0.029412
0 0.756944 0.033241 0.038399 0.065870
0 0.809232 0.022825 0.068627 0.029105
0 0.816789 0.053002 0.083742 0.031250
0 0.902778 0.052390 0.084150 0.030025
0 0.388480 0.020067 0.072712 0.037684
0 0.973652 0.166973 0.052696 0.087010
0 0.527982 0.282782 0.088644 0.068015
0 0.895629 0.019148 0.086193 0.036458
0 0.080065 0.167279 0.091503 0.075368
0 0.284518 0.117647 0.090278 0.028186
0 0.266953 0.168964 0.099265 0.075061
0 0.368260 0.172488 0.091912 0.071078
0 0.170752 0.168505 0.089869 0.070466
0 0.648284 0.126532 0.086601 0.018995
0 0.908292 0.164369 0.078023 0.087316
0 0.785948 0.171722 0.062908 0.079350
0 0.472222 0.172641 0.096405 0.071998
0 0.679126 0.172488 0.094363 0.072917
0 0.436887 0.281250 0.093546 0.071691
0 0.582721 0.172794 0.100899 0.072304
