0 0.743490 0.436719 0.032813 0.065625
0 0.871354 0.440625 0.038542 0.063281
0 0.833333 0.441602 0.034375 0.062891
0 0.794792 0.440625 0.033333 0.060156
0 0.704167 0.437500 0.038542 0.066406
0 0.494010 0.432227 0.038021 0.066016
0 0.626563 0.435352 0.040625 0.067578
0 0.582292 0.435156 0.036458 0.065625
0 0.540625 0.434180 0.042708 0.066797
0 0.910417 0.440039 0.036458 0.069141
0 0.455469 0.431641 0.038021 0.064844
0 0.415365 0.430469 0.038021 0.066406
0 0.666927 0.433789 0.032813 0.069141
0 0.961198 0.438477 0.044271 0.070703
0 0.811719 0.543164 0.038021 0.067578
0 0.933594 0.548047 0.035937 0.062500
0 0.299740 0.535156 0.041146 0.074219
0 0.345573 0.535547 0.046354 0.072656
0 0.391146 0.534570 0.044792 0.072266
0 0.437760 0.534961 0.044271 0.071484
0 0.478385 0.536523 0.039062 0.071484
0 0.521875 0.538281 0.041667 0.065625
0 0.560937 0.538867 0.035417 0.069922
0 0.601562 0.540039 0.043750 0.066016
0 0.646615 0.540625 0.042188 0.066406
0 0.689063 0.540625 0.037500 0.064062
0 0.730729 0.541406 0.035417 0.067969
0 0.771875 0.542773 0.041667 0.065234
0 0.371615 0.428711 0.043229 0.064453
0 0.854688 0.544336 0.041667 0.064453
0 0.892969 0.547070 0.036979 0.066797
0 0.973698 0.545312 0.040104 0.063281
0 0.326042 0.428125 0.037500 0.067969
0 0.155208 0.423828 0.039583 0.068750
0 0.242969 0.425977 0.036979 0.066797
0 0.797917 0.332031 0.040625 0.073438
0 0.840885 0.331250 0.043229 0.071094
0 0.887760 0.331445 0.043229 0.074609
0 0.934375 0.335742 0.043750 0.067578
0 0.979167 0.332813 0.041667 0.071875
0 0.986458 0.200977 0.027083 0.094141
0 0.951823 0.197266 0.029687 0.098437
0 0.918750 0.195898 0.031250 0.098047
0 0.883854 0.195508 0.032292 0.101953
0 0.848437 0.194531 0.035417 0.097656
0 0.810677 0.197070 0.035937 0.089453
0 0.921615 0.875000 0.036979 0.061719
0 0.736198 0.194336 0.034896 0.092578
0 0.693229 0.192578 0.030208 0.088281
0 0.654167 0.192969 0.036458 0.093750
0 0.754948 0.329688 0.042188 0.071094
0 0.285417 0.427344 0.040625 0.067187
0 0.709896 0.328906 0.038542 0.070312
0 0.621875 0.326367 0.040625 0.075391
0 0.199479 0.424805 0.042708 0.069141
0 0.254948 0.532813 0.041146 0.075781
0 0.111979 0.420898 0.041667 0.067578
0 0.058854 0.378125 0.041667 0.096094
0 0.055990 0.260156 0.052604 0.100000
0 0.111979 0.306445 0.052083 0.083203
0 0.166146 0.311914 0.053125 0.067578
0 0.217448 0.311523 0.048438 0.073047
0 0.271615 0.314258 0.050521 0.066016
0 0.323177 0.317188 0.052604 0.067969
0 0.378125 0.318750 0.053125 0.064844
0 0.429167 0.323047 0.048958 0.072656
0 0.480729 0.324805 0.052083 0.067578
0 0.531510 0.325977 0.047396 0.069922
0 0.578906 0.324023 0.042188 0.072266
0 0.667188 0.327539 0.043750 0.066797
0 0.209375 0.532617 0.043750 0.076172
0 0.149479 0.640430 0.036458 0.072266
0 0.116667 0.531250 0.046875 0.073438
0 0.290885 0.759180 0.036979 0.074609
0 0.249219 0.759180 0.048438 0.071484
0 0.204427 0.758789 0.035937 0.072266
0 0.158073 0.760547 0.048438 0.065625
0 0.108333 0.761914 0.050000 0.067578
0 0.057292 0.737695 0.046875 0.082422
0 0.331510 0.756836 0.041146 0.076172
0 0.049219 0.881836 0.039062 0.105859
0 0.138542 0.870313 0.039583 0.087500
0 0.181510 0.870508 0.036979 0.083984
0 0.219010 0.867578 0.034896 0.089844
0 0.257812 0.868945 0.036458 0.083984
0 0.293229 0.868359 0.031250 0.083594
0 0.327865 0.868359 0.032813 0.082031
0 0.094271 0.870703 0.044792 0.089844
0 0.371094 0.757812 0.038021 0.074219
0 0.411719 0.757422 0.041146 0.074219
0 0.451302 0.758203 0.033854 0.076563
0 0.937240 0.648242 0.039062 0.067578
0 0.977865 0.646680 0.039062 0.070703
0 0.980990 0.763867 0.036979 0.058984
0 0.942187 0.767773 0.036458 0.057422
0 0.901302 0.765625 0.041146 0.059375
0 0.857292 0.765234 0.040625 0.065625
0 0.816927 0.764844 0.036979 0.064062
0 0.778385 0.766016 0.036979 0.060937
0 0.736458 0.765625 0.040625 0.059375
0 0.693750 0.766211 0.037500 0.063672
0 0.654948 0.766992 0.038021 0.058984
0 0.616406 0.765234 0.039062 0.062500
0 0.575000 0.765234 0.041667 0.061719
0 0.536719 0.759570 0.041146 0.073828
0 0.493229 0.759180 0.039583 0.074609
0 0.365104 0.869531 0.035417 0.085938
0 0.163281 0.532617 0.046354 0.076172
0 0.406250 0.869141 0.036458 0.086719
0 0.476823 0.867188 0.033854 0.087500
0 0.615365 0.642969 0.039062 0.068750
0 0.574740 0.641211 0.034896 0.073828
0 0.533854 0.641016 0.041667 0.072656
0 0.493750 0.642383 0.033333 0.069922
0 0.452083 0.641992 0.043750 0.070703
0 0.406510 0.642578 0.041146 0.070312
0 0.654427 0.643750 0.036979 0.069531
0 0.361198 0.642188 0.044271 0.070312
0 0.275000 0.641211 0.041667 0.075391
0 0.230729 0.641211 0.041667 0.073828
0 0.190104 0.641406 0.040625 0.071875
0 0.108594 0.639258 0.039062 0.076172
0 0.053646 0.633984 0.052083 0.086719
0 0.062500 0.501758 0.048958 0.087109
0 0.317188 0.641406 0.036458 0.074219
0 0.696094 0.643555 0.035937 0.070703
0 0.734635 0.645898 0.035937 0.069141
0 0.776823 0.644922 0.035937 0.071875
0 0.518490 0.873828 0.041146 0.068750
0 0.616406 0.191211 0.032813 0.087891
0 0.563542 0.874023 0.041667 0.070703
0 0.603125 0.873242 0.032292 0.070703
0 0.629167 0.845703 0.016667 0.057031
0 0.656510 0.872461 0.032813 0.069141
0 0.692708 0.874414 0.033333 0.069922
0 0.728125 0.873437 0.031250 0.071094
0 0.767448 0.876563 0.038021 0.065625
0 0.803385 0.875195 0.033854 0.071484
0 0.841927 0.874414 0.034896 0.069922
0 0.883073 0.875781 0.035937 0.060937
0 0.897135 0.648242 0.034896 0.069141
0 0.859896 0.647070 0.036458 0.066797
0 0.819271 0.646484 0.040625 0.071094
0 0.440885 0.866992 0.029687 0.090234
0 0.576302 0.195508 0.038021 0.079297
0 0.772917 0.195703 0.032292 0.092188
0 0.479948 0.197070 0.048438 0.066797
0 0.529167 0.196094 0.044792 0.068750
0 0.058333 0.132227 0.057292 0.094922
0 0.113021 0.176953 0.052083 0.075000
0 0.168490 0.181836 0.052604 0.065234
0 0.221094 0.184961 0.052604 0.069141
0 0.960677 0.876367 0.034896 0.059766
0 0.326302 0.185352 0.050521 0.074609
0 0.273177 0.177539 0.050521 0.090234
0 0.465104 0.154883 0.043750 0.011328
0 0.428385 0.194922 0.051562 0.067969
0 0.377604 0.186523 0.051042 0.075391
