0 0.556679 0.685253 0.031250 0.049428
0 0.521446 0.704044 0.031250 0.047794
0 0.554075 0.637051 0.030331 0.046977
0 0.304075 0.716299 0.055453 0.050245
0 0.487132 0.657680 0.031863 0.060458
0 0.447151 0.666871 0.038909 0.049428
0 0.309589 0.388889 0.034620 0.187908
0 0.518842 0.649510 0.027880 0.051471
0 0.270833 0.390523 0.032475 0.182190
0 0.500000 0.227124 0.020833 0.163399
0 0.187653 0.389910 0.045037 0.204657
0 0.126379 0.386029 0.055453 0.209150
0 0.561275 0.239788 0.023897 0.161765
0 0.537837 0.232230 0.018076 0.147467
0 0.519914 0.221405 0.017157 0.167484
0 0.402727 0.822712 0.036458 0.073529
0 0.477941 0.215686 0.022672 0.180556
0 0.451440 0.211193 0.024203 0.167484
0 0.232996 0.383170 0.032782 0.197712
0 0.404871 0.752655 0.029718 0.061683
0 0.308211 0.792075 0.053309 0.079248
0 0.363051 0.771855 0.042279 0.052696
0 0.250460 0.823121 0.054228 0.050654
0 0.246324 0.899510 0.052083 0.084967
0 0.182904 0.918301 0.065564 0.075163
0 0.182598 0.838235 0.066176 0.074346
0 0.181679 0.760212 0.064951 0.071078
0 0.544118 0.533701 0.039828 0.113154
0 0.488511 0.540033 0.064032 0.107843
0 0.429381 0.552900 0.051164 0.117239
0 0.360141 0.558007 0.075674 0.116013
0 0.276348 0.586397 0.080270 0.145016
0 0.358609 0.704044 0.040748 0.072304
0 0.177237 0.593546 0.113664 0.144608
0 0.523897 0.388889 0.017770 0.135621
0 0.504289 0.390523 0.017770 0.133170
0 0.481771 0.387459 0.021140 0.148284
0 0.456036 0.388889 0.026654 0.138889
0 0.428002 0.385008 0.026961 0.157271
0 0.401654 0.387868 0.028186 0.151552
0 0.368107 0.392974 0.034620 0.152778
0 0.246324 0.745507 0.052083 0.093137
0 0.306679 0.866626 0.051471 0.060866
0 0.358303 0.850286 0.044424 0.078840
0 0.543199 0.392157 0.012868 0.133170
0 0.558670 0.389297 0.014400 0.127451
0 0.127451 0.148693 0.050858 0.232843
0 0.223805 0.162786 0.037071 0.224265
0 0.178922 0.159109 0.041054 0.220180
0 0.024050 0.824755 0.041360 0.203431
0 0.328891 0.181781 0.036458 0.211601
0 0.362132 0.197100 0.029412 0.195670
0 0.394455 0.205678 0.032169 0.178513
0 0.424786 0.206291 0.023591 0.177288
0 0.016544 0.564134 0.028799 0.226307
0 0.558364 0.982435 0.022978 0.035131
0 0.485141 0.977737 0.029718 0.034722
0 0.522978 0.952614 0.030025 0.049020
0 0.446538 0.947712 0.040135 0.060458
0 0.485600 0.933007 0.028799 0.052288
0 0.553002 0.935662 0.026961 0.051879
0 0.556066 0.882149 0.025735 0.039624
0 0.261183 0.170343 0.031556 0.209967
0 0.521599 0.846814 0.032782 0.037582
0 0.551317 0.830678 0.021140 0.061683
0 0.555300 0.754698 0.021140 0.053513
0 0.524663 0.765319 0.028493 0.044526
0 0.293811 0.172386 0.028186 0.216503
0 0.487439 0.718954 0.034314 0.052288
0 0.522825 0.896242 0.030331 0.046569
0 0.447917 0.730392 0.037377 0.056373
0 0.485907 0.788603 0.036152 0.073938
0 0.447457 0.796569 0.032782 0.070261
