0 0.617824 0.464583 0.067130 0.021354
0 0.685185 0.463932 0.059259 0.020052
0 0.403472 0.462370 0.068981 0.016927
0 0.475694 0.463802 0.065278 0.022917
0 0.546296 0.465365 0.062963 0.020313
0 0.419444 0.714714 0.040741 0.022135
0 0.249306 0.457682 0.073611 0.024740
0 0.226157 0.348047 0.062500 0.027344
0 0.164583 0.347135 0.047685 0.025521
0 0.110880 0.346745 0.042130 0.030469
0 0.882407 0.281250 0.069444 0.060937
0 0.844444 0.694271 0.038889 0.019792
0 0.715046 0.280599 0.077315 0.059635
0 0.758565 0.465885 0.062500 0.015104
0 0.632407 0.276432 0.075926 0.060156
0 0.536806 0.276823 0.090278 0.066667
0 0.445370 0.275130 0.075926 0.065885
0 0.289120 0.349740 0.056019 0.028125
0 0.363657 0.274870 0.081944 0.065365
0 0.268287 0.282552 0.029167 0.049479
0 0.234028 0.278385 0.027315 0.058333
0 0.199306 0.276953 0.030093 0.055469
0 0.163657 0.276172 0.030093 0.056510
0 0.126389 0.272656 0.037963 0.052604
0 0.931481 0.091536 0.079630 0.021615
0 0.932176 0.112109 0.070833 0.011198
0 0.932639 0.129948 0.077315 0.020833
0 0.930556 0.188411 0.077778 0.088802
0 0.840741 0.185156 0.073148 0.090625
0 0.301389 0.283073 0.028704 0.050521
0 0.345833 0.351953 0.046296 0.026823
0 0.395833 0.350000 0.043519 0.025521
0 0.481019 0.346224 0.050000 0.038281
0 0.184722 0.455469 0.051852 0.023438
0 0.123611 0.455729 0.047222 0.026562
0 0.873611 0.410938 0.066667 0.023438
0 0.800000 0.408724 0.068519 0.024740
0 0.725231 0.408984 0.067130 0.022656
0 0.647454 0.408724 0.075463 0.027865
0 0.576157 0.405859 0.050463 0.027865
0 0.510648 0.412370 0.068519 0.017969
0 0.508796 0.393359 0.069444 0.014323
0 0.435417 0.392708 0.061574 0.013021
0 0.432176 0.412370 0.065278 0.014844
0 0.361343 0.405859 0.067130 0.019010
0 0.286111 0.405469 0.075000 0.023958
0 0.199537 0.404687 0.081481 0.025521
0 0.125694 0.404687 0.056944 0.025521
0 0.902083 0.348307 0.026389 0.030990
0 0.862963 0.350521 0.040741 0.032292
0 0.776620 0.352474 0.046759 0.033594
0 0.724306 0.349479 0.039352 0.035937
0 0.678472 0.347135 0.040278 0.034375
0 0.631250 0.348958 0.043981 0.032813
0 0.581481 0.348958 0.040741 0.034896
0 0.535417 0.348177 0.041204 0.033333
0 0.325000 0.459375 0.071296 0.022396
0 0.832176 0.466406 0.070833 0.016146
0 0.461574 0.691276 0.041667 0.019531
0 0.513657 0.442057 0.064352 0.010677
0 0.503009 0.779557 0.037500 0.031510
0 0.553472 0.779427 0.046759 0.037500
0 0.671759 0.779818 0.047222 0.038281
0 0.721528 0.783724 0.043981 0.037240
0 0.776389 0.782161 0.041667 0.036719
0 0.831250 0.782161 0.058796 0.036719
0 0.932407 0.773698 0.036111 0.057292
0 0.972222 0.766276 0.033333 0.053906
0 0.928241 0.474740 0.052778 0.030208
0 0.937269 0.444141 0.056019 0.026823
0 0.944444 0.412630 0.060185 0.026823
0 0.949537 0.378516 0.054630 0.030990
0 0.957870 0.345964 0.055556 0.032031
0 0.159491 0.576302 0.042130 0.019792
0 0.215972 0.594531 0.053241 0.025000
0 0.279630 0.593620 0.062037 0.025781
0 0.412731 0.588932 0.031019 0.036719
0 0.449537 0.590625 0.033333 0.036979
0 0.485648 0.591146 0.028704 0.035417
0 0.518056 0.590234 0.032407 0.033594
0 0.553241 0.591536 0.025926 0.038802
0 0.588194 0.593229 0.029167 0.039583
0 0.621528 0.593750 0.033796 0.037500
0 0.657407 0.594922 0.028704 0.037240
0 0.691667 0.593750 0.030556 0.034896
0 0.733333 0.594401 0.037037 0.033073
0 0.788657 0.694271 0.045833 0.019792
0 0.458102 0.781120 0.040278 0.032031
0 0.416667 0.780729 0.038889 0.031250
0 0.373380 0.781120 0.034722 0.032031
0 0.333796 0.779948 0.037037 0.032292
0 0.891435 0.696615 0.041204 0.018750
0 0.883102 0.716406 0.039352 0.017708
0 0.950463 0.696615 0.066667 0.044271
0 0.050926 0.769922 0.065741 0.052865
0 0.249074 0.507552 0.042593 0.020833
0 0.301389 0.507031 0.038889 0.019792
0 0.347917 0.505208 0.040278 0.021875
0 0.396991 0.506120 0.041204 0.021094
0 0.440509 0.504297 0.030093 0.020052
0 0.485648 0.506901 0.038889 0.019531
0 0.529630 0.507552 0.034259 0.020833
0 0.583102 0.509245 0.043981 0.021615
0 0.108333 0.781120 0.037037 0.032031
0 0.740972 0.691146 0.037500 0.025000
0 0.187731 0.775521 0.057870 0.041146
0 0.290972 0.783333 0.043981 0.033333
0 0.627778 0.506641 0.041667 0.022135
0 0.674074 0.509505 0.041667 0.022135
0 0.720602 0.509766 0.042130 0.019531
0 0.771991 0.509896 0.037500 0.019792
0 0.816898 0.510807 0.040278 0.021615
0 0.868287 0.511589 0.041204 0.020052
0 0.056713 0.597917 0.036574 0.048958
0 0.115741 0.598698 0.041667 0.024479
0 0.162037 0.599609 0.047222 0.020573
0 0.113194 0.574740 0.042130 0.019792
0 0.247454 0.754036 0.049537 0.012240
0 0.190509 0.750391 0.053241 0.008073
0 0.243750 0.778906 0.036574 0.036458
0 0.786574 0.715755 0.041667 0.019531
0 0.741204 0.716797 0.037963 0.021615
0 0.966667 0.308984 0.052778 0.029948
0 0.978704 0.563151 0.031481 0.030990
0 0.920139 0.538672 0.056944 0.028385
0 0.128241 0.644922 0.051852 0.019010
0 0.179861 0.640885 0.042130 0.016667
0 0.227778 0.644141 0.045370 0.020052
0 0.278241 0.644271 0.044444 0.017708
0 0.331713 0.646094 0.048611 0.018229
0 0.384259 0.645964 0.046296 0.017969
0 0.439583 0.639714 0.039352 0.020052
0 0.483102 0.644010 0.043981 0.019792
0 0.377546 0.713802 0.037500 0.018229
0 0.755787 0.189062 0.071759 0.075521
0 0.418519 0.692448 0.037963 0.018750
0 0.900926 0.595313 0.029630 0.038021
0 0.374074 0.691016 0.040741 0.019010
0 0.549769 0.716016 0.039352 0.022656
0 0.507176 0.714193 0.041204 0.022135
0 0.464583 0.713411 0.040278 0.022135
0 0.150000 0.531510 0.043519 0.019792
0 0.056019 0.304688 0.065741 0.032813
0 0.050463 0.340234 0.060185 0.032031
0 0.056944 0.376172 0.057407 0.032031
0 0.057407 0.408594 0.048148 0.024479
0 0.059954 0.440104 0.053241 0.027083
0 0.066667 0.470833 0.056481 0.028125
0 0.067824 0.502604 0.058796 0.028125
0 0.070833 0.536328 0.049074 0.032552
0 0.422454 0.440885 0.066204 0.011458
0 0.596528 0.717057 0.045833 0.024740
0 0.671759 0.443750 0.067593 0.011458
0 0.866204 0.596224 0.031481 0.036719
0 0.781019 0.596354 0.045370 0.031250
0 0.981019 0.484375 0.036111 0.026562
0 0.015046 0.465885 0.024537 0.046875
0 0.863194 0.536979 0.031019 0.021875
0 0.817593 0.534375 0.041667 0.021354
0 0.770139 0.535677 0.039352 0.025000
0 0.721759 0.534896 0.039815 0.020833
0 0.676389 0.534635 0.046296 0.020313
0 0.628472 0.532292 0.040278 0.021354
0 0.584722 0.531510 0.042593 0.019792
0 0.535185 0.532031 0.045370 0.023958
0 0.489120 0.533333 0.040278 0.023438
0 0.443750 0.532552 0.042130 0.021875
0 0.396065 0.531771 0.039352 0.023438
0 0.826620 0.595833 0.034722 0.035937
0 0.349074 0.531771 0.042593 0.023438
0 0.252083 0.532813 0.043056 0.022396
0 0.203241 0.532552 0.048148 0.025000
0 0.156019 0.505729 0.045370 0.022917
0 0.115046 0.532552 0.019907 0.021875
0 0.693287 0.695182 0.039352 0.021615
0 0.649537 0.696224 0.043519 0.020573
0 0.689120 0.717969 0.041204 0.020833
0 0.203009 0.506641 0.037500 0.022135
0 0.114815 0.506510 0.025000 0.018750
0 0.645370 0.717187 0.035185 0.013542
0 0.597917 0.691797 0.043056 0.020573
0 0.551389 0.691667 0.042593 0.022917
0 0.505324 0.690104 0.042130 0.019792
0 0.301620 0.530859 0.044907 0.021615
0 0.694213 0.194010 0.025463 0.065104
0 0.805324 0.281510 0.079167 0.064583
0 0.634722 0.203646 0.024074 0.052604
0 0.312269 0.700130 0.056019 0.042969
0 0.661343 0.202083 0.021759 0.052604
0 0.253241 0.701302 0.055556 0.047917
0 0.191667 0.699870 0.055556 0.042448
0 0.133333 0.707552 0.056481 0.037500
0 0.950463 0.626953 0.056481 0.032031
0 0.861574 0.646094 0.032407 0.018229
0 0.816667 0.653646 0.039815 0.019271
0 0.768519 0.648698 0.036111 0.020833
0 0.724306 0.649870 0.044907 0.023177
0 0.673380 0.642057 0.040278 0.021615
0 0.628241 0.642057 0.037037 0.024740
0 0.583565 0.646094 0.040278 0.018229
0 0.536806 0.648568 0.048611 0.017448
0 0.026389 0.202734 0.047222 0.045052
0 0.836574 0.718099 0.043519 0.024219
0 0.409028 0.196224 0.033796 0.063802
0 0.582639 0.194401 0.063426 0.030990
0 0.492824 0.196745 0.089352 0.038802
0 0.375000 0.196484 0.022222 0.061719
0 0.340278 0.194922 0.035185 0.066927
0 0.303009 0.194141 0.031944 0.068490
0 0.211574 0.152083 0.141667 0.013021
0 0.022222 0.162630 0.038889 0.025781
0 0.233565 0.192969 0.030093 0.063021
0 0.202315 0.197917 0.025926 0.053125
0 0.160185 0.203125 0.043519 0.048958
0 0.215741 0.120964 0.160185 0.034635
0 0.067593 0.193099 0.022222 0.059115
0 0.266898 0.192578 0.031944 0.065365
0 0.103935 0.193490 0.038426 0.058333
