0 0.749387 0.546875 0.039624 0.099877
0 0.793709 0.562194 0.044118 0.063113
0 0.849673 0.569240 0.040033 0.058211
0 0.778799 0.121783 0.037990 0.125306
0 0.095180 0.099112 0.038399 0.110600
0 0.908497 0.566942 0.058007 0.057292
0 0.132761 0.098805 0.033497 0.110600
0 0.183415 0.108609 0.050654 0.100797
0 0.238154 0.116115 0.044118 0.094363
0 0.287173 0.110447 0.042484 0.105699
0 0.322712 0.129749 0.022059 0.079350
0 0.356209 0.154412 0.028595 0.030025
0 0.457925 0.128217 0.028595 0.091605
0 0.487132 0.146293 0.022467 0.058517
0 0.051879 0.102175 0.035948 0.108150
0 0.843137 0.481005 0.039216 0.062500
0 0.355392 0.670650 0.051471 0.107230
0 0.939542 0.489737 0.031863 0.067708
0 0.885621 0.794730 0.060458 0.096201
0 0.823121 0.790748 0.022876 0.073529
0 0.789216 0.795343 0.035131 0.103554
0 0.754493 0.805147 0.029412 0.093137
0 0.719567 0.795956 0.028186 0.113358
0 0.678513 0.799173 0.041667 0.110600
0 0.637459 0.807138 0.031454 0.094669
0 0.969158 0.292126 0.051062 0.062806
0 0.594567 0.805760 0.042075 0.094363
0 0.466299 0.809436 0.060866 0.101716
0 0.402574 0.807598 0.045343 0.106005
0 0.345588 0.801164 0.051471 0.118260
0 0.288603 0.803615 0.049428 0.123162
0 0.225286 0.806373 0.058415 0.125613
0 0.146650 0.786918 0.061275 0.057292
0 0.156046 0.840839 0.060458 0.047488
0 0.534926 0.805760 0.066585 0.103554
0 0.897672 0.485141 0.044526 0.057904
0 0.888685 0.186581 0.062500 0.070466
0 0.976511 0.665135 0.046160 0.099877
0 0.977533 0.481618 0.031863 0.074142
0 0.050041 0.692555 0.068219 0.065870
0 0.127247 0.692402 0.070670 0.066176
0 0.196283 0.669730 0.044526 0.104167
0 0.245302 0.670190 0.042892 0.098958
0 0.301266 0.669884 0.051062 0.107537
0 0.516136 0.154259 0.029003 0.044424
0 0.952206 0.190104 0.049020 0.063419
0 0.412173 0.667892 0.049020 0.103554
0 0.504493 0.666973 0.037582 0.101716
0 0.546569 0.667739 0.037582 0.100797
0 0.588031 0.667739 0.040441 0.100184
0 0.630310 0.669577 0.040850 0.097120
0 0.678922 0.666820 0.046569 0.095282
0 0.776961 0.664216 0.046569 0.104779
0 0.820261 0.664675 0.037582 0.100797
0 0.460784 0.670803 0.041667 0.100797
0 0.544322 0.142616 0.024918 0.071385
0 0.034722 0.815870 0.069444 0.096814
0 0.662377 0.125613 0.065768 0.114583
0 0.049632 0.413603 0.035539 0.089461
0 0.089461 0.421109 0.039216 0.078125
0 0.135212 0.421722 0.042484 0.081801
0 0.186683 0.425398 0.033497 0.075674
0 0.237745 0.404259 0.051471 0.118566
0 0.302900 0.408241 0.050245 0.116115
0 0.361111 0.412224 0.046569 0.110600
0 0.456495 0.414369 0.049428 0.106924
0 0.508578 0.408854 0.037582 0.125306
0 0.560049 0.412224 0.049020 0.119792
0 0.614992 0.408241 0.054330 0.126532
0 0.685458 0.397059 0.059641 0.096201
0 0.734477 0.420496 0.031046 0.103248
0 0.779208 0.413450 0.046977 0.116115
0 0.864583 0.380821 0.046160 0.060049
0 0.906658 0.285846 0.029820 0.068015
0 0.917075 0.387102 0.050654 0.056679
0 0.867851 0.286765 0.040441 0.068015
0 0.787990 0.295650 0.040850 0.056373
0 0.824346 0.129902 0.037582 0.109681
0 0.065972 0.213848 0.039624 0.068015
0 0.052492 0.278493 0.045343 0.056373
0 0.150735 0.258732 0.045752 0.103860
0 0.207312 0.281556 0.046977 0.060662
0 0.250408 0.281710 0.036765 0.062806
0 0.289011 0.265165 0.033905 0.093444
0 0.337623 0.272212 0.043709 0.085478
0 0.392361 0.256893 0.052696 0.119179
0 0.454453 0.257506 0.053513 0.123468
0 0.515319 0.261029 0.055147 0.120098
0 0.574551 0.260417 0.053513 0.123775
0 0.636438 0.262255 0.053105 0.122549
0 0.688725 0.269914 0.049837 0.107843
0 0.739992 0.268382 0.044526 0.110907
0 0.830474 0.279105 0.026144 0.090686
0 0.596814 0.149357 0.049837 0.059130
0 0.967933 0.391697 0.040441 0.048713
0 0.125000 0.562500 0.106209 0.068627
0 0.031046 0.563879 0.062092 0.057292
0 0.099265 0.844516 0.046569 0.041360
0 0.605392 0.544424 0.043301 0.102328
0 0.726511 0.122855 0.049428 0.119485
0 0.703431 0.548866 0.047386 0.096507
0 0.557394 0.546875 0.046977 0.102941
0 0.649510 0.545803 0.035948 0.098958
0 0.457516 0.543045 0.051471 0.107537
0 0.407680 0.542279 0.040033 0.110294
0 0.354984 0.542433 0.050654 0.108762
0 0.302083 0.542126 0.044526 0.100797
0 0.253472 0.545190 0.042892 0.103248
0 0.202206 0.545037 0.048203 0.106618
0 0.510212 0.547028 0.040850 0.101409
