0 0.339665 0.284773 0.043709 0.095895
0 0.946895 0.835172 0.053922 0.071078
0 0.940564 0.517463 0.058415 0.080882
0 0.113971 0.565257 0.049837 0.090686
0 0.949346 0.959406 0.088235 0.081189
0 0.410743 0.101256 0.048611 0.136336
0 0.464052 0.101256 0.047386 0.137561
0 0.510212 0.101409 0.043301 0.134191
0 0.568423 0.109222 0.064134 0.118566
0 0.629085 0.100490 0.049837 0.136029
0 0.168913 0.566023 0.053513 0.089154
0 0.227737 0.567096 0.056781 0.091299
0 0.283701 0.568168 0.050245 0.090380
0 0.337623 0.567096 0.055964 0.093137
0 0.396855 0.568168 0.055964 0.093444
0 0.457312 0.570312 0.058415 0.089767
0 0.521242 0.573529 0.062908 0.094363
0 0.602737 0.580882 0.060866 0.080882
0 0.670139 0.580729 0.068219 0.081801
0 0.737337 0.584099 0.062908 0.083640
0 0.798407 0.587469 0.053513 0.078125
0 0.125817 0.711397 0.052288 0.087623
0 0.179126 0.713082 0.048611 0.087316
0 0.738358 0.090380 0.056781 0.153186
0 0.681373 0.091605 0.048203 0.150735
0 0.948325 0.187653 0.066585 0.114277
0 0.847222 0.126225 0.062092 0.081495
0 0.944444 0.350950 0.057190 0.116728
0 0.743873 0.439491 0.067810 0.084252
0 0.895016 0.817555 0.043301 0.103860
0 0.918709 0.665135 0.040033 0.118873
0 0.235907 0.107230 0.055964 0.128676
0 0.072100 0.102941 0.046977 0.132966
0 0.123366 0.101409 0.051471 0.136029
0 0.176471 0.100031 0.052288 0.133272
0 0.100490 0.298100 0.065359 0.068627
0 0.158905 0.284467 0.038399 0.098958
0 0.202614 0.285386 0.040850 0.097120
0 0.244690 0.287837 0.035948 0.092218
0 0.290237 0.283548 0.042075 0.096507
0 0.104984 0.432445 0.057190 0.089154
0 0.165033 0.433364 0.054739 0.087929
0 0.223652 0.434283 0.057598 0.086091
0 0.283292 0.434283 0.057598 0.085478
0 0.970384 0.655178 0.058415 0.045037
0 0.972631 0.703738 0.054739 0.043505
0 0.347018 0.432445 0.058415 0.089154
0 0.409926 0.433977 0.060866 0.089154
0 0.474060 0.438572 0.061683 0.085478
0 0.292075 0.105392 0.049837 0.128064
0 0.350899 0.103248 0.061275 0.133578
0 0.678513 0.438266 0.059641 0.087929
0 0.809028 0.440717 0.057598 0.086703
0 0.791667 0.118873 0.040033 0.094363
0 0.542688 0.435662 0.059232 0.082721
0 0.445261 0.298100 0.051471 0.068627
0 0.416871 0.821691 0.028186 0.060049
0 0.377655 0.818781 0.025735 0.054228
0 0.343137 0.818168 0.029412 0.053002
0 0.306577 0.815104 0.028186 0.049939
0 0.268995 0.811121 0.029003 0.051777
0 0.235907 0.813113 0.030637 0.055760
0 0.194444 0.810509 0.028595 0.050551
0 0.162377 0.810509 0.028186 0.050551
0 0.130515 0.810815 0.028186 0.054228
0 0.235703 0.717065 0.055556 0.092218
0 0.287786 0.712469 0.037173 0.101409
0 0.327002 0.705116 0.030637 0.097120
0 0.355188 0.729933 0.023284 0.067096
0 0.382149 0.735907 0.022467 0.066176
0 0.407475 0.731618 0.022467 0.054534
0 0.434845 0.744945 0.025735 0.059130
0 0.477737 0.718444 0.048611 0.057598
0 0.532067 0.740656 0.046977 0.072610
0 0.575163 0.747855 0.026961 0.058211
0 0.650123 0.751838 0.058415 0.056985
0 0.706904 0.758425 0.044526 0.044424
0 0.494485 0.297947 0.043709 0.068934
0 0.856618 0.830576 0.030229 0.077819
0 0.448121 0.819547 0.026961 0.055760
0 0.524918 0.824908 0.032680 0.053615
0 0.762868 0.723958 0.050245 0.045956
0 0.595180 0.828278 0.032680 0.057292
0 0.391136 0.289216 0.048611 0.082108
0 0.837827 0.271140 0.043301 0.125613
0 0.558211 0.826134 0.031454 0.056679
0 0.782475 0.282322 0.046977 0.100184
0 0.730801 0.288143 0.049837 0.089767
0 0.680556 0.284926 0.042484 0.093137
0 0.636438 0.284161 0.039216 0.091605
0 0.580678 0.280484 0.059232 0.096507
0 0.534722 0.284773 0.022059 0.092831
0 0.863358 0.973805 0.073121 0.052390
0 0.679534 0.955116 0.049428 0.084865
0 0.626634 0.951287 0.044935 0.083946
0 0.578431 0.949908 0.045752 0.084252
0 0.736111 0.969822 0.047386 0.054228
0 0.668913 0.830116 0.028186 0.054228
0 0.478350 0.953891 0.044935 0.086091
0 0.422386 0.949908 0.047386 0.097120
0 0.335784 0.930760 0.111928 0.125613
0 0.240605 0.926164 0.070261 0.081495
0 0.149510 0.937653 0.103758 0.113664
0 0.742443 0.834712 0.034722 0.057292
0 0.705882 0.833487 0.029412 0.051777
0 0.529820 0.956648 0.042484 0.081801
0 0.629289 0.830729 0.028186 0.055453
