0 0.914583 0.096875 0.046875 0.130469
0 0.919792 0.548438 0.037500 0.103125
0 0.876563 0.549414 0.044792 0.097266
0 0.822656 0.545508 0.058854 0.106641
0 0.761458 0.545117 0.063542 0.105859
0 0.658854 0.547656 0.050000 0.100781
0 0.608333 0.545117 0.050000 0.102734
0 0.557031 0.529687 0.044271 0.050781
0 0.554427 0.577930 0.048438 0.045703
0 0.500260 0.548633 0.050521 0.103516
0 0.450521 0.550000 0.048958 0.101562
0 0.403646 0.561523 0.036458 0.075391
0 0.350000 0.546875 0.059375 0.107813
0 0.964323 0.550000 0.052604 0.101562
0 0.287500 0.547461 0.065625 0.107422
0 0.160156 0.549805 0.063021 0.112109
0 0.101302 0.550586 0.051562 0.109766
0 0.050000 0.550391 0.051042 0.110156
0 0.029948 0.418164 0.059896 0.117578
0 0.089323 0.418164 0.053646 0.117578
0 0.144531 0.421484 0.053646 0.110937
0 0.195052 0.418164 0.046354 0.114453
0 0.959375 0.096875 0.042708 0.129688
0 0.367188 0.416992 0.064583 0.113672
0 0.421615 0.425586 0.041146 0.095703
0 0.477604 0.418945 0.056250 0.107422
0 0.533073 0.418359 0.051562 0.108594
0 0.224219 0.550000 0.060937 0.110937
0 0.583854 0.418945 0.051042 0.107422
0 0.969792 0.688086 0.045833 0.094922
0 0.869010 0.687500 0.040104 0.093750
0 0.575781 0.861914 0.046354 0.048047
0 0.524479 0.862891 0.050000 0.050781
0 0.472656 0.832422 0.045312 0.103125
0 0.425781 0.838867 0.048438 0.108203
0 0.369010 0.837891 0.056771 0.110156
0 0.312240 0.838477 0.057813 0.112109
0 0.253646 0.841406 0.058333 0.104688
0 0.195312 0.842969 0.043750 0.109375
0 0.147656 0.847266 0.050521 0.101562
0 0.096615 0.853125 0.046354 0.097656
0 0.050260 0.850000 0.043229 0.103906
0 0.038021 0.700781 0.047917 0.098437
0 0.918229 0.702930 0.055208 0.065234
0 0.088021 0.697852 0.047917 0.102734
0 0.191927 0.694336 0.052604 0.103516
0 0.248438 0.693945 0.057292 0.103516
0 0.311458 0.687109 0.069792 0.108594
0 0.419792 0.705664 0.044792 0.069141
0 0.467969 0.689648 0.045312 0.100391
0 0.517969 0.690820 0.048438 0.098828
0 0.570573 0.685156 0.053646 0.101562
0 0.627083 0.678906 0.058333 0.116406
0 0.678125 0.712109 0.042708 0.048438
0 0.728125 0.689453 0.043750 0.092188
0 0.775260 0.689063 0.051562 0.093750
0 0.826823 0.688867 0.046354 0.093359
0 0.138542 0.693750 0.053125 0.109375
0 0.639323 0.418359 0.058854 0.105469
0 0.245573 0.418555 0.055729 0.113672
0 0.726823 0.418750 0.046354 0.105469
0 0.460677 0.082031 0.038021 0.139063
0 0.422917 0.080664 0.038542 0.138672
0 0.382552 0.092773 0.033854 0.115234
0 0.338021 0.088477 0.050000 0.123047
0 0.294010 0.082422 0.040104 0.131250
0 0.252083 0.081055 0.042708 0.134766
0 0.203906 0.078125 0.048438 0.138281
0 0.152344 0.076758 0.053646 0.139453
0 0.685677 0.421680 0.031771 0.101953
0 0.101302 0.073047 0.046354 0.144531
0 0.026823 0.256445 0.053646 0.125391
0 0.082812 0.258984 0.055208 0.120313
0 0.139844 0.259180 0.055729 0.117578
0 0.188021 0.258789 0.037500 0.115234
0 0.231510 0.259180 0.047396 0.117578
0 0.276562 0.259961 0.043750 0.119141
0 0.323437 0.259570 0.047917 0.119922
0 0.369271 0.259180 0.037500 0.120703
0 0.047917 0.076367 0.055208 0.139453
0 0.416406 0.263086 0.053646 0.116016
0 0.538542 0.083594 0.040625 0.135937
0 0.937760 0.832227 0.032813 0.090234
0 0.866406 0.149414 0.048438 0.023828
0 0.867188 0.124219 0.047917 0.026562
0 0.817969 0.099414 0.048438 0.122266
0 0.762500 0.097266 0.061458 0.121094
0 0.716406 0.096289 0.030729 0.116016
0 0.686719 0.105273 0.025521 0.098047
0 0.653125 0.108398 0.035417 0.094141
0 0.614844 0.088477 0.033854 0.134766
0 0.979167 0.837891 0.041667 0.085938
0 0.579427 0.092969 0.035937 0.118750
0 0.564844 0.793750 0.036979 0.039844
0 0.637500 0.834766 0.052083 0.100781
0 0.686719 0.835938 0.044271 0.103125
0 0.726562 0.841602 0.030208 0.084766
0 0.754687 0.841797 0.025000 0.084375
0 0.794792 0.833203 0.052083 0.098437
0 0.847135 0.833203 0.048438 0.098437
0 0.897656 0.830273 0.042188 0.094922
0 0.519531 0.789258 0.044271 0.039453
0 0.471094 0.262695 0.053646 0.115234
0 0.499740 0.081445 0.035937 0.138672
0 0.597396 0.264453 0.057292 0.119531
0 0.529167 0.299219 0.063542 0.043750
0 0.777344 0.419531 0.051562 0.108594
0 0.830729 0.420703 0.055208 0.107813
0 0.874479 0.421875 0.029167 0.103906
0 0.906250 0.421875 0.034375 0.103906
0 0.943229 0.420508 0.041667 0.101172
0 0.982552 0.423438 0.034896 0.094531
0 0.303646 0.410156 0.057292 0.121875
0 0.780469 0.262891 0.056771 0.118750
0 0.941146 0.269336 0.051042 0.109766
0 0.894010 0.272656 0.039062 0.101562
0 0.984896 0.268555 0.030208 0.115234
0 0.658854 0.265039 0.057292 0.114453
0 0.719531 0.264258 0.060937 0.116797
0 0.842187 0.266406 0.065625 0.115625
