0 0.991626 0.552543 0.016748 0.065870
0 0.010825 0.791820 0.021650 0.095895
0 0.054330 0.785999 0.056373 0.101409
0 0.111520 0.775888 0.049837 0.086091
0 0.169935 0.769914 0.058007 0.092525
0 0.777574 0.254289 0.036356 0.055147
0 0.227941 0.761029 0.052288 0.083946
0 0.279412 0.756281 0.049020 0.094056
0 0.334355 0.749694 0.050245 0.072917
0 0.985907 0.673560 0.020016 0.053615
0 0.612541 0.466912 0.030637 0.067402
0 0.969363 0.551624 0.022876 0.064032
0 0.960376 0.672947 0.031046 0.051164
0 0.674020 0.706648 0.049020 0.059130
0 0.897672 0.682292 0.036356 0.060049
0 0.775123 0.694853 0.041258 0.057598
0 0.648284 0.468750 0.035131 0.069240
0 0.866013 0.560202 0.025327 0.068321
0 0.514502 0.733456 0.035539 0.058211
0 0.470792 0.732690 0.048611 0.075674
0 0.382557 0.745251 0.045343 0.083027
0 0.577410 0.470129 0.038807 0.072610
0 0.536356 0.474571 0.029412 0.078431
0 0.502042 0.475031 0.036765 0.074449
0 0.463031 0.475643 0.035539 0.076287
0 0.421160 0.477635 0.040850 0.074142
0 0.810049 0.254136 0.026961 0.057292
0 0.378268 0.473499 0.042484 0.075061
0 0.681577 0.468137 0.027369 0.069240
0 0.745302 0.463848 0.029003 0.070466
0 0.839052 0.561428 0.027778 0.070159
0 0.811275 0.564185 0.023693 0.076287
0 0.780637 0.564338 0.036765 0.075368
0 0.743668 0.564032 0.035539 0.079657
0 0.709355 0.568168 0.028186 0.078125
0 0.679739 0.566789 0.028595 0.081495
0 0.644199 0.568934 0.039216 0.086397
0 0.606005 0.570006 0.032271 0.086091
0 0.571078 0.572763 0.036765 0.092218
0 0.536765 0.578431 0.031863 0.080882
0 0.500408 0.584252 0.035948 0.083946
0 0.463440 0.584559 0.036356 0.083946
0 0.427083 0.588695 0.035539 0.091605
0 0.391748 0.590533 0.031863 0.086703
0 0.353962 0.590380 0.038807 0.097426
0 0.314542 0.593444 0.039216 0.102328
0 0.273693 0.600337 0.040033 0.100184
0 0.769404 0.470435 0.020833 0.054841
0 0.805147 0.469210 0.029412 0.053615
0 0.836397 0.468903 0.027369 0.053002
0 0.863766 0.469516 0.020833 0.054228
0 0.887868 0.468290 0.024101 0.054228
0 0.909314 0.452665 0.020425 0.068321
0 0.715074 0.464920 0.029820 0.070772
0 0.939951 0.454044 0.029412 0.073529
0 0.989788 0.450827 0.020425 0.072610
0 0.015523 0.632659 0.031046 0.074142
0 0.100899 0.614890 0.049837 0.106005
0 0.148284 0.611060 0.045752 0.097120
0 0.192810 0.610447 0.044118 0.098346
0 0.233864 0.600643 0.036356 0.100184
0 0.968342 0.453278 0.021650 0.069547
0 0.342116 0.475490 0.028186 0.072917
0 0.929943 0.681526 0.026552 0.057292
0 0.259600 0.481771 0.042075 0.080576
0 0.250613 0.350337 0.038807 0.086091
0 0.154412 0.350031 0.049020 0.086703
0 0.102533 0.349265 0.051471 0.088235
0 0.053513 0.348192 0.040033 0.086703
0 0.572712 0.229626 0.035131 0.094056
0 0.534314 0.226103 0.039216 0.096201
0 0.495507 0.225184 0.038399 0.094975
0 0.451593 0.224265 0.042075 0.098039
0 0.413194 0.221507 0.032271 0.093137
0 0.374592 0.218750 0.044118 0.099877
0 0.329248 0.217371 0.042484 0.097733
0 0.280433 0.213542 0.046160 0.102328
0 0.237745 0.210478 0.037582 0.098652
0 0.192606 0.206189 0.051062 0.107843
0 0.142974 0.205116 0.043301 0.105699
0 0.093546 0.200368 0.050654 0.111520
0 0.037377 0.196232 0.052696 0.110600
0 0.893587 0.558670 0.023284 0.071998
0 0.917484 0.556832 0.026961 0.067096
0 0.945261 0.556066 0.026144 0.071078
0 0.837418 0.260570 0.019608 0.051777
0 0.861724 0.258119 0.024101 0.055453
0 0.889093 0.257966 0.024101 0.055760
0 0.921569 0.258732 0.035131 0.056066
0 0.950776 0.261642 0.021650 0.052083
0 0.978350 0.265012 0.026961 0.045343
0 0.304739 0.479473 0.043301 0.083946
0 0.297794 0.348805 0.046569 0.089154
0 0.346814 0.351869 0.040850 0.079350
0 0.204044 0.349418 0.046977 0.086703
0 0.428922 0.352022 0.036765 0.079044
0 0.208742 0.483150 0.049020 0.081495
0 0.157884 0.481158 0.038807 0.087929
0 0.113562 0.483303 0.044118 0.083640
0 0.069649 0.485447 0.040441 0.088542
0 0.022672 0.488205 0.045343 0.091605
0 0.975286 0.354473 0.033088 0.064951
0 0.717116 0.237898 0.031454 0.086091
0 0.680760 0.233303 0.035539 0.087929
0 0.646038 0.231771 0.033088 0.090380
0 0.389910 0.352482 0.040441 0.079963
0 0.944444 0.354933 0.023693 0.065870
0 0.913807 0.354933 0.029412 0.065870
0 0.880719 0.356618 0.032680 0.061887
0 0.610090 0.232384 0.035539 0.089767
0 0.817606 0.354473 0.029820 0.066789
0 0.469363 0.352635 0.035948 0.080270
0 0.508578 0.353554 0.037582 0.077819
0 0.848652 0.356924 0.029820 0.063725
0 0.589461 0.351716 0.038399 0.075980
0 0.625000 0.350797 0.030229 0.074755
0 0.547794 0.353707 0.039216 0.076900
0 0.659926 0.352175 0.038807 0.073223
0 0.692810 0.351409 0.027778 0.075980
0 0.726103 0.352022 0.034722 0.073529
0 0.757557 0.352788 0.028186 0.075061
0 0.788807 0.356005 0.026961 0.069240
0 0.014706 0.347273 0.029412 0.087929
