0 0.135470 0.108053 0.045299 0.092067
0 0.182692 0.647957 0.052564 0.056490
0 0.239957 0.647716 0.049145 0.061779
0 0.302778 0.632812 0.047436 0.060817
0 0.398291 0.646875 0.053846 0.062981
0 0.449786 0.645913 0.044017 0.061058
0 0.554915 0.648077 0.044017 0.062500
0 0.605342 0.648317 0.047436 0.062981
0 0.714957 0.647356 0.041880 0.063942
0 0.033547 0.110577 0.061966 0.085577
0 0.086538 0.122115 0.039744 0.065385
0 0.503419 0.647716 0.048718 0.061779
0 0.663248 0.650601 0.050427 0.064663
0 0.610684 0.202043 0.078632 0.041106
0 0.269231 0.131851 0.082906 0.044471
0 0.793162 0.546274 0.049573 0.078125
0 0.858547 0.548317 0.057265 0.079327
0 0.921154 0.549519 0.054274 0.075962
0 0.976068 0.548077 0.046154 0.078846
0 0.028419 0.660216 0.051709 0.038221
0 0.102564 0.657933 0.076923 0.036538
0 0.420940 0.824760 0.099145 0.012500
0 0.532479 0.866226 0.111966 0.031971
0 0.658974 0.869591 0.113675 0.030048
0 0.782479 0.871635 0.115385 0.037019
0 0.970085 0.853005 0.059829 0.060337
0 0.607265 0.520192 0.071795 0.014423
0 0.614957 0.541587 0.066667 0.016827
0 0.610684 0.558173 0.068376 0.012500
0 0.613889 0.574279 0.069658 0.015865
0 0.549573 0.559135 0.043590 0.046154
0 0.488889 0.534014 0.070940 0.027644
0 0.472650 0.570793 0.074359 0.043510
0 0.382265 0.564183 0.078205 0.041827
0 0.296368 0.568510 0.080769 0.044712
0 0.221581 0.559615 0.058547 0.047115
0 0.148291 0.559856 0.059829 0.041827
0 0.084188 0.555529 0.060684 0.044712
0 0.736966 0.549399 0.050000 0.072837
0 0.023291 0.556370 0.041453 0.040625
0 0.683333 0.548077 0.049573 0.070192
0 0.050855 0.737861 0.055556 0.060817
0 0.624573 0.746394 0.065385 0.060577
0 0.699145 0.749399 0.065812 0.063702
0 0.776709 0.749279 0.073077 0.063462
0 0.852350 0.751082 0.065385 0.058413
0 0.933974 0.756250 0.074786 0.062981
0 0.927350 0.710577 0.071795 0.012019
0 0.029487 0.831490 0.058974 0.083654
0 0.107265 0.840625 0.065812 0.058654
0 0.314103 0.850721 0.075214 0.055769
0 0.418803 0.856130 0.105128 0.017548
0 0.549573 0.743510 0.069231 0.054808
0 0.476709 0.740385 0.061966 0.057212
0 0.413462 0.740986 0.048291 0.049760
0 0.360897 0.720793 0.040598 0.012260
0 0.360897 0.745433 0.049145 0.029808
0 0.311111 0.708534 0.043590 0.010817
0 0.312393 0.741707 0.041026 0.048317
0 0.267308 0.735697 0.027778 0.056490
0 0.233547 0.737019 0.031197 0.056250
0 0.195726 0.736659 0.037607 0.058413
0 0.159615 0.736058 0.026923 0.054327
0 0.419658 0.840625 0.106838 0.015385
0 0.112821 0.736779 0.051282 0.050000
0 0.956410 0.646875 0.058120 0.077404
0 0.194444 0.107692 0.050427 0.088462
0 0.891026 0.427163 0.096581 0.033173
0 0.800427 0.422716 0.074359 0.027163
0 0.907051 0.258774 0.041453 0.047837
0 0.823932 0.268389 0.100855 0.029567
0 0.819658 0.212019 0.097436 0.026442
0 0.826709 0.239303 0.106410 0.023317
0 0.712607 0.238462 0.108120 0.027404
0 0.711325 0.267067 0.115812 0.026923
0 0.611752 0.254688 0.075641 0.059856
0 0.528419 0.208894 0.057692 0.025962
0 0.527778 0.253966 0.076923 0.055529
0 0.445085 0.252163 0.075641 0.051923
0 0.360470 0.255168 0.085897 0.066587
0 0.268162 0.253726 0.080769 0.060817
0 0.196581 0.243630 0.046154 0.083894
0 0.145085 0.248558 0.049145 0.073558
0 0.092308 0.237740 0.035897 0.083654
0 0.035897 0.231731 0.066667 0.091827
0 0.824573 0.129688 0.076496 0.054567
0 0.743803 0.126442 0.068803 0.050962
0 0.653205 0.135697 0.091880 0.049279
0 0.560684 0.134976 0.086325 0.044952
0 0.463034 0.139784 0.085897 0.037260
0 0.366026 0.133293 0.091880 0.041587
0 0.274359 0.090144 0.082906 0.036058
0 0.949359 0.258053 0.038889 0.052163
0 0.897863 0.468149 0.110256 0.040144
0 0.041239 0.341707 0.056838 0.060817
0 0.178846 0.354447 0.085897 0.045913
0 0.798932 0.463101 0.081624 0.058894
0 0.713034 0.461298 0.079060 0.061058
0 0.627564 0.416947 0.081624 0.027163
0 0.628846 0.459495 0.079060 0.054567
0 0.543376 0.459255 0.072222 0.054087
0 0.461752 0.459495 0.078205 0.054567
0 0.377778 0.459135 0.074359 0.059615
0 0.307692 0.417788 0.067521 0.020192
0 0.293590 0.461418 0.075214 0.064183
0 0.220940 0.427764 0.062393 0.034375
0 0.153205 0.427043 0.060256 0.032933
0 0.096368 0.418029 0.044017 0.035096
0 0.214316 0.472957 0.059402 0.049760
0 0.147436 0.472115 0.064103 0.050962
0 0.082051 0.471755 0.061538 0.050240
0 0.918590 0.359014 0.090171 0.040625
0 0.824573 0.356971 0.086752 0.039423
0 0.732906 0.358413 0.088034 0.045192
0 0.637607 0.356611 0.081197 0.041587
0 0.549573 0.357572 0.084615 0.040625
0 0.458547 0.356971 0.092308 0.042308
0 0.366239 0.356851 0.087179 0.042067
0 0.270726 0.356971 0.091026 0.042308
0 0.101282 0.341947 0.058974 0.055529
0 0.011538 0.734615 0.017949 0.060096
0 0.892094 0.646514 0.047436 0.076683
0 0.798291 0.662380 0.095726 0.031010
