0 0.779820 0.210325 0.022059 0.090380
0 0.813317 0.378217 0.022059 0.078125
0 0.791054 0.384957 0.012663 0.060968
0 0.515114 0.135263 0.040850 0.114890
0 0.552288 0.141850 0.031046 0.117647
0 0.585989 0.149510 0.037173 0.119485
0 0.637051 0.166973 0.037173 0.101716
0 0.678922 0.173100 0.040033 0.113358
0 0.774306 0.376072 0.010212 0.071385
0 0.761438 0.380515 0.011438 0.063113
0 0.738766 0.371936 0.015931 0.083333
0 0.717525 0.382353 0.016748 0.060049
0 0.821895 0.453125 0.009804 0.044118
0 0.840686 0.449755 0.021242 0.041667
0 0.745915 0.206036 0.024510 0.079350
0 0.802288 0.458793 0.026144 0.062194
0 0.717933 0.193168 0.026552 0.092831
0 0.833538 0.380055 0.015931 0.073223
0 0.903595 0.246630 0.009804 0.071078
0 0.890114 0.246783 0.012255 0.068934
0 0.874387 0.236520 0.014297 0.077819
0 0.855801 0.231464 0.022059 0.082414
0 0.826797 0.227941 0.022876 0.070466
0 0.800245 0.220282 0.017974 0.075980
0 0.695261 0.379902 0.016340 0.066176
0 0.851103 0.396599 0.012663 0.040748
0 0.618668 0.397672 0.025735 0.100490
0 0.260621 0.409467 0.107026 0.090380
0 0.459150 0.140319 0.034314 0.072917
0 0.426879 0.114277 0.026144 0.109681
0 0.387868 0.113358 0.049428 0.097426
0 0.339257 0.080423 0.039624 0.143076
0 0.297590 0.085172 0.040441 0.113358
0 0.241830 0.069547 0.054739 0.136642
0 0.166054 0.075980 0.092729 0.129902
0 0.055964 0.062500 0.108660 0.120711
0 0.672998 0.526961 0.042075 0.053922
0 0.633374 0.510110 0.026552 0.092525
0 0.602737 0.510263 0.029820 0.099571
0 0.567402 0.513480 0.035131 0.103554
0 0.896038 0.382353 0.020833 0.071078
0 0.515319 0.515472 0.061683 0.106924
0 0.383783 0.528799 0.053513 0.128676
0 0.324755 0.532016 0.059641 0.132047
0 0.261846 0.572457 0.053922 0.066483
0 0.673611 0.399050 0.023693 0.100797
0 0.647059 0.398591 0.023693 0.100490
0 0.920956 0.245711 0.018382 0.075368
0 0.593750 0.400735 0.021650 0.095588
0 0.569649 0.411765 0.023284 0.077206
0 0.536152 0.398591 0.040441 0.114583
0 0.494077 0.394608 0.040441 0.114583
0 0.449551 0.393076 0.045343 0.120098
0 0.395221 0.392770 0.058415 0.125000
0 0.435866 0.525123 0.044935 0.118260
0 0.029820 0.182138 0.059641 0.106311
0 0.632557 0.287377 0.021650 0.095588
0 0.183824 0.201593 0.077614 0.094363
0 0.830270 0.554534 0.009395 0.039216
0 0.102737 0.191942 0.082108 0.093444
0 0.842933 0.565104 0.014297 0.010110
0 0.863971 0.560355 0.012255 0.015931
0 0.881536 0.555300 0.012255 0.011949
0 0.748775 0.459712 0.047386 0.075061
0 0.699755 0.463695 0.013889 0.045650
0 0.714257 0.464001 0.010212 0.048100
0 0.816789 0.554228 0.014297 0.038603
0 0.333742 0.683977 0.043301 0.133885
0 0.852533 0.680760 0.024510 0.052696
0 0.818832 0.695619 0.035539 0.051777
0 0.778595 0.720895 0.033497 0.049020
0 0.748979 0.732690 0.021650 0.062806
0 0.717729 0.739430 0.031863 0.060968
0 0.678922 0.751379 0.039216 0.071385
0 0.638685 0.751225 0.034722 0.104167
0 0.601716 0.763940 0.036765 0.105699
0 0.885212 0.666207 0.028595 0.067708
0 0.794730 0.559283 0.011029 0.039522
0 0.781046 0.559130 0.012255 0.045956
0 0.764910 0.561734 0.015931 0.046875
0 0.375408 0.676011 0.039216 0.126532
0 0.422386 0.668352 0.042484 0.126532
0 0.457108 0.657169 0.018791 0.115196
0 0.488358 0.654105 0.037173 0.113358
0 0.541054 0.650276 0.064134 0.097120
0 0.611928 0.624694 0.065359 0.107230
0 0.695057 0.639246 0.056781 0.046262
0 0.741830 0.630974 0.033497 0.036458
0 0.783905 0.619792 0.039216 0.036152
0 0.811887 0.621324 0.010212 0.021446
0 0.830270 0.615196 0.017565 0.022672
0 0.850286 0.607996 0.016748 0.025429
0 0.873979 0.602328 0.023284 0.025123
0 0.678922 0.590533 0.013072 0.027880
0 0.696078 0.593903 0.012255 0.016850
0 0.720792 0.588082 0.023284 0.010110
0 0.717116 0.575214 0.024918 0.010110
0 0.739992 0.583027 0.009395 0.012868
0 0.743668 0.558670 0.014297 0.032169
0 0.562704 0.777114 0.037173 0.105699
0 0.520425 0.794730 0.034314 0.112132
0 0.841708 0.552390 0.011029 0.012868
0 0.433415 0.822763 0.040033 0.111213
0 0.853554 0.305453 0.009395 0.054534
0 0.843342 0.306219 0.009395 0.054228
0 0.830065 0.303002 0.011438 0.054534
0 0.809436 0.301317 0.025735 0.053615
0 0.787990 0.307445 0.012255 0.035233
0 0.773284 0.298254 0.008987 0.051777
0 0.760417 0.294730 0.012663 0.053309
0 0.733252 0.305300 0.031046 0.024203
0 0.686070 0.292279 0.026552 0.096201
0 0.658497 0.287531 0.026961 0.095895
0 0.608864 0.284926 0.022467 0.095588
0 0.588031 0.292279 0.017565 0.075980
0 0.558824 0.271140 0.032680 0.113358
0 0.525531 0.265778 0.027369 0.120404
0 0.483660 0.260876 0.048203 0.125919
0 0.404820 0.249234 0.018791 0.126532
0 0.478145 0.808517 0.045343 0.113358
0 0.305147 0.261949 0.053105 0.094975
0 0.252451 0.236213 0.046569 0.109069
0 0.886029 0.316942 0.039216 0.051777
0 0.913603 0.321998 0.012663 0.039828
0 0.366217 0.238051 0.055964 0.143382
0 0.117034 0.327512 0.033088 0.081495
0 0.059436 0.315870 0.074755 0.084559
0 0.392157 0.839767 0.037582 0.121324
0 0.352124 0.853248 0.040033 0.132966
0 0.306168 0.869945 0.047794 0.135723
0 0.253881 0.883732 0.052696 0.139400
0 0.188317 0.901808 0.070261 0.149203
0 0.111520 0.926624 0.080065 0.146752
0 0.031250 0.938113 0.062500 0.123775
0 0.262868 0.698529 0.055964 0.147672
0 0.205678 0.717371 0.046977 0.135110
0 0.653595 0.617953 0.014706 0.089461
0 0.098243 0.740043 0.053513 0.149816
0 0.030637 0.755668 0.061275 0.152267
0 0.205065 0.567402 0.053922 0.101716
0 0.134600 0.575521 0.068219 0.092218
0 0.072508 0.597580 0.042892 0.070159
0 0.023693 0.605239 0.047386 0.072610
0 0.169118 0.441942 0.066993 0.087316
0 0.080474 0.444393 0.075980 0.081189
0 0.155025 0.729933 0.047794 0.144914
0 0.159518 0.329657 0.047794 0.072917
