0 0.115430 0.884635 0.088672 0.102604
0 0.242383 0.889583 0.083203 0.066667
0 0.321680 0.403906 0.044922 0.100521
0 0.369336 0.399740 0.048047 0.105729
0 0.325781 0.519010 0.043750 0.102604
0 0.373633 0.518490 0.048047 0.097396
0 0.323437 0.631250 0.046094 0.097917
0 0.794531 0.394792 0.023438 0.057292
0 0.770312 0.393750 0.024219 0.057292
0 0.749414 0.392969 0.015234 0.043229
0 0.730078 0.390885 0.017188 0.050521
0 0.708203 0.392188 0.024219 0.053125
0 0.683984 0.388802 0.021875 0.054688
0 0.658984 0.387760 0.021875 0.053646
0 0.923633 0.381771 0.016797 0.046875
0 0.906641 0.329948 0.021875 0.046354
0 0.883984 0.331510 0.020313 0.046354
0 0.859961 0.330990 0.020703 0.044271
0 0.242188 0.825521 0.085156 0.055208
0 0.237500 0.771615 0.089844 0.047396
0 0.233008 0.715365 0.090234 0.058854
0 0.233594 0.654167 0.091406 0.052083
0 0.681836 0.447135 0.024609 0.053646
0 0.657227 0.446615 0.020703 0.051562
0 0.902148 0.391927 0.019922 0.056771
0 0.880078 0.392188 0.019531 0.048958
0 0.859375 0.391927 0.019531 0.052604
0 0.839258 0.391406 0.017578 0.055729
0 0.817773 0.395573 0.020703 0.053646
0 0.148438 0.289844 0.081250 0.120313
0 0.839063 0.330208 0.017188 0.042708
0 0.066602 0.400521 0.044141 0.094792
0 0.076758 0.522656 0.038672 0.092188
0 0.139453 0.523958 0.079687 0.105208
0 0.101953 0.652604 0.089844 0.108333
0 0.112305 0.766406 0.084766 0.109896
0 0.593359 0.738542 0.095312 0.113542
0 0.258203 0.436198 0.071094 0.072396
0 0.261914 0.515104 0.076953 0.057292
0 0.230664 0.594792 0.089453 0.055208
0 0.132227 0.401042 0.085547 0.090625
0 0.819531 0.332292 0.017188 0.044792
0 0.371094 0.633073 0.045312 0.100521
0 0.350391 0.751302 0.092969 0.115104
0 0.989648 0.487240 0.020703 0.028646
0 0.966406 0.485938 0.017969 0.028125
0 0.990820 0.444271 0.018359 0.046875
0 0.968359 0.445312 0.021875 0.044792
0 0.991797 0.387760 0.015625 0.053646
0 0.970508 0.388021 0.021484 0.056250
0 0.994336 0.328906 0.011328 0.054688
0 0.972852 0.329167 0.023828 0.054167
0 0.616992 0.616667 0.041016 0.090625
0 0.908789 0.271354 0.019922 0.055208
0 0.864648 0.268229 0.019922 0.055208
0 0.841602 0.273177 0.019922 0.055729
0 0.820312 0.269792 0.020313 0.055208
0 0.798828 0.271354 0.020313 0.055208
0 0.775977 0.270313 0.019922 0.055208
0 0.752734 0.272396 0.021875 0.057292
0 0.588867 0.847656 0.083984 0.102604
0 0.496289 0.846615 0.093359 0.104688
0 0.887305 0.270833 0.019922 0.055208
0 0.704492 0.449219 0.019141 0.049479
0 0.570117 0.618750 0.046484 0.086458
0 0.685742 0.330469 0.020703 0.054688
0 0.354687 0.869271 0.089844 0.098958
0 0.512305 0.300260 0.073047 0.105729
0 0.609961 0.292448 0.068359 0.108854
0 0.477344 0.408333 0.048438 0.107292
0 0.525391 0.406510 0.043750 0.101562
0 0.577148 0.401823 0.046484 0.101562
0 0.623437 0.402604 0.042969 0.100000
0 0.471094 0.516927 0.045312 0.088021
0 0.660937 0.330990 0.023438 0.053646
0 0.517969 0.515885 0.045312 0.090104
0 0.620898 0.515104 0.046484 0.091667
0 0.471094 0.622656 0.045312 0.088021
0 0.516602 0.622396 0.040234 0.088542
0 0.797852 0.332813 0.022266 0.043750
0 0.774023 0.332813 0.020703 0.046875
0 0.752148 0.332292 0.013672 0.051042
0 0.732812 0.334635 0.020313 0.052604
0 0.708594 0.331510 0.022656 0.052604
0 0.572266 0.515625 0.046094 0.093750
0 0.727148 0.448437 0.023047 0.051042
0 0.493359 0.734635 0.092188 0.105729
0 0.857031 0.543750 0.017188 0.029167
0 0.943945 0.596615 0.020703 0.023438
0 0.899609 0.601562 0.014844 0.022917
0 0.879297 0.601302 0.025000 0.023438
0 0.856836 0.601562 0.018359 0.026042
0 0.726562 0.553906 0.019531 0.026562
0 0.748437 0.550260 0.013281 0.024479
0 0.770117 0.549479 0.019922 0.029167
0 0.791016 0.547135 0.020313 0.027604
0 0.813281 0.548438 0.023438 0.031250
0 0.836133 0.545312 0.016016 0.031250
0 0.838281 0.602865 0.014063 0.026562
0 0.879687 0.543750 0.018750 0.026042
0 0.903711 0.541927 0.020703 0.032813
0 0.925195 0.540104 0.012891 0.030208
0 0.945703 0.540365 0.019531 0.032813
0 0.968359 0.538802 0.017188 0.035937
0 0.990820 0.540885 0.018359 0.028646
0 0.650781 0.611979 0.017188 0.033333
0 0.674805 0.611458 0.023828 0.028125
0 0.697852 0.611198 0.015234 0.028646
0 0.717969 0.613802 0.016406 0.029687
0 0.748437 0.607812 0.014844 0.026042
0 0.816016 0.607812 0.024219 0.029167
0 0.871289 0.753906 0.081641 0.220312
0 0.957617 0.756250 0.084766 0.239583
0 0.793945 0.607292 0.014453 0.023958
0 0.771484 0.605990 0.022656 0.029687
0 0.984375 0.595313 0.014844 0.029167
0 0.687695 0.781771 0.095703 0.234375
0 0.964453 0.596875 0.016406 0.022917
0 0.678906 0.491927 0.018750 0.028646
0 0.770898 0.453125 0.026172 0.052083
0 0.794141 0.450781 0.016406 0.053646
0 0.813867 0.452865 0.017578 0.050521
0 0.836719 0.449740 0.019531 0.049479
0 0.857617 0.448437 0.022266 0.054167
0 0.880664 0.447917 0.020703 0.054167
0 0.902539 0.449219 0.018359 0.054688
0 0.923438 0.443229 0.016406 0.045833
0 0.943555 0.441667 0.022266 0.048958
0 0.657813 0.493229 0.019531 0.029167
0 0.783203 0.766927 0.086719 0.230729
0 0.701562 0.494010 0.022656 0.030729
0 0.726953 0.492708 0.022656 0.027083
0 0.747852 0.491667 0.017578 0.023958
0 0.769336 0.492708 0.020703 0.027083
0 0.792383 0.492969 0.020703 0.023438
0 0.817187 0.492969 0.021875 0.020313
0 0.836914 0.491667 0.012891 0.022917
0 0.857812 0.489844 0.020313 0.020313
0 0.882422 0.490625 0.019531 0.021875
0 0.902148 0.492708 0.017578 0.017708
0 0.925586 0.486458 0.016016 0.020833
0 0.943945 0.487240 0.018359 0.022396
0 0.657422 0.551042 0.018750 0.029167
0 0.678906 0.553125 0.020313 0.028125
0 0.701562 0.552865 0.022656 0.028646
0 0.748437 0.448437 0.014844 0.047917
