0 0.026144 0.123468 0.051471 0.109681
0 0.967525 0.814338 0.061683 0.065564
0 0.543301 0.803615 0.069444 0.013480
0 0.543709 0.815104 0.073529 0.008272
0 0.542688 0.841759 0.068219 0.011949
0 0.541871 0.853707 0.066585 0.009498
0 0.609069 0.813879 0.044118 0.017463
0 0.668709 0.779718 0.058824 0.043505
0 0.762459 0.781403 0.060866 0.051777
0 0.844363 0.822610 0.044935 0.068015
0 0.900327 0.816789 0.062908 0.065564
0 0.542688 0.790288 0.068219 0.010110
0 0.113154 0.130821 0.071895 0.089461
0 0.547590 0.777267 0.065768 0.010417
0 0.262868 0.141544 0.063317 0.080270
0 0.323938 0.549020 0.056373 0.071078
0 0.383783 0.575674 0.055964 0.069853
0 0.435049 0.565411 0.048203 0.089767
0 0.487337 0.560049 0.049020 0.067402
0 0.551471 0.571844 0.054739 0.067096
0 0.597631 0.559130 0.036765 0.093137
0 0.531454 0.668352 0.049020 0.070772
0 0.590278 0.677083 0.050654 0.088235
0 0.646855 0.672335 0.056781 0.081189
0 0.640319 0.560509 0.033905 0.089154
0 0.915850 0.409620 0.058824 0.085172
0 0.031658 0.433824 0.053513 0.093137
0 0.082516 0.436734 0.048203 0.087316
0 0.131332 0.438879 0.045343 0.094056
0 0.173815 0.437347 0.035539 0.093444
0 0.219363 0.436121 0.051471 0.090380
0 0.046364 0.700521 0.060866 0.069547
0 0.122345 0.697763 0.055964 0.068321
0 0.296569 0.697457 0.054739 0.079963
0 0.262868 0.439798 0.034722 0.083640
0 0.297794 0.436581 0.035131 0.084559
0 0.360294 0.715993 0.065359 0.041054
0 0.426471 0.669884 0.062908 0.064645
0 0.256740 0.556526 0.053513 0.086091
0 0.484273 0.701746 0.042892 0.029105
0 0.201389 0.561275 0.044118 0.098039
0 0.493668 0.166054 0.051879 0.038603
0 0.854167 0.563113 0.064542 0.080270
0 0.796569 0.562653 0.047386 0.078738
0 0.742443 0.563572 0.055147 0.083640
0 0.686479 0.566942 0.056781 0.077512
0 0.828840 0.300245 0.049020 0.088235
0 0.491013 0.285080 0.125817 0.116728
0 0.595588 0.423560 0.102124 0.105699
0 0.680556 0.450214 0.054739 0.062194
0 0.742239 0.439645 0.052288 0.074755
0 0.370915 0.444547 0.036765 0.086397
0 0.421977 0.431526 0.062908 0.109988
0 0.488562 0.449908 0.054739 0.054228
0 0.023897 0.580882 0.033905 0.063725
0 0.079248 0.562500 0.054739 0.095588
0 0.771038 0.302237 0.052696 0.084865
0 0.718750 0.302696 0.058415 0.085784
0 0.956495 0.237439 0.055964 0.143995
0 0.908292 0.168964 0.034722 0.073223
0 0.865605 0.168964 0.046569 0.073223
0 0.781658 0.181373 0.061683 0.041054
0 0.723856 0.177543 0.053105 0.048100
0 0.650735 0.138174 0.086601 0.110907
0 0.569240 0.131434 0.077206 0.123775
0 0.143178 0.562653 0.072304 0.095282
0 0.901144 0.540748 0.032680 0.080270
0 0.941381 0.533548 0.043709 0.087316
0 0.188930 0.139553 0.078840 0.072610
0 0.141953 0.877145 0.066585 0.011642
0 0.233252 0.799326 0.063725 0.011642
0 0.258783 0.770527 0.057598 0.013480
0 0.469771 0.807445 0.076797 0.009498
0 0.325776 0.779105 0.069036 0.011642
0 0.239175 0.811121 0.065768 0.007047
0 0.240605 0.821232 0.063725 0.013174
0 0.233252 0.834406 0.063725 0.008885
0 0.231618 0.846814 0.069444 0.012255
0 0.145629 0.865502 0.064951 0.014093
0 0.232435 0.859681 0.066993 0.014706
0 0.310662 0.801471 0.064134 0.014093
0 0.313521 0.814951 0.066585 0.009804
0 0.310458 0.829197 0.066993 0.012561
0 0.309232 0.841452 0.070261 0.006434
0 0.312296 0.854320 0.060866 0.013174
0 0.313317 0.867647 0.062908 0.009191
0 0.383783 0.813419 0.065768 0.011642
0 0.388480 0.849724 0.062092 0.008885
0 0.389093 0.859988 0.069853 0.010417
0 0.235090 0.873468 0.070670 0.009191
0 0.479779 0.777267 0.068219 0.010417
0 0.145221 0.851256 0.066585 0.009498
0 0.145629 0.821078 0.064951 0.010417
0 0.331904 0.435202 0.033905 0.088542
0 0.158292 0.295956 0.046160 0.090686
0 0.204657 0.293811 0.044118 0.087010
0 0.253881 0.295803 0.051062 0.083640
0 0.310253 0.280178 0.053513 0.116728
0 0.436683 0.164982 0.061275 0.039522
0 0.354779 0.123775 0.101716 0.126838
0 0.380923 0.282935 0.082108 0.109375
0 0.468954 0.856005 0.068627 0.010417
0 0.149101 0.838695 0.068627 0.010110
0 0.467116 0.844363 0.068219 0.010417
0 0.877451 0.307598 0.048203 0.074142
0 0.029820 0.289828 0.047386 0.093137
0 0.070874 0.288756 0.034722 0.095282
0 0.112745 0.290901 0.045752 0.100184
0 0.759395 0.678922 0.076797 0.082721
0 0.828636 0.675398 0.051879 0.070772
0 0.953840 0.647518 0.047386 0.086091
0 0.779208 0.673560 0.019199 0.081189
0 0.063113 0.877757 0.066585 0.015319
0 0.468137 0.821538 0.073529 0.013787
0 0.470384 0.796262 0.071487 0.010417
