0 0.672135 0.727539 0.049479 0.030859
0 0.759896 0.394141 0.045833 0.047656
0 0.723698 0.692187 0.050521 0.029687
0 0.777083 0.692969 0.047917 0.026562
0 0.670573 0.693945 0.046354 0.030859
0 0.816667 0.394336 0.054167 0.048047
0 0.873698 0.662109 0.043229 0.021875
0 0.823438 0.663672 0.047917 0.025000
0 0.137500 0.449805 0.060417 0.024609
0 0.069531 0.481445 0.049479 0.032422
0 0.887500 0.725195 0.055208 0.037891
0 0.832552 0.724219 0.044271 0.035937
0 0.781771 0.726172 0.047917 0.032813
0 0.727865 0.726758 0.048438 0.031641
0 0.771615 0.665234 0.046354 0.023438
0 0.719271 0.663867 0.051042 0.023047
0 0.827083 0.691602 0.042708 0.026172
0 0.879167 0.689648 0.051042 0.029297
0 0.235677 0.449023 0.065104 0.025391
0 0.877604 0.393164 0.054167 0.045703
0 0.493229 0.727539 0.075000 0.042578
0 0.576562 0.723437 0.079167 0.039062
0 0.187500 0.482031 0.055208 0.031250
0 0.257031 0.481641 0.053646 0.032813
0 0.312760 0.479883 0.049479 0.033984
0 0.068490 0.519531 0.053646 0.032031
0 0.132552 0.521289 0.056771 0.040234
0 0.195833 0.519922 0.050000 0.039844
0 0.252344 0.520508 0.053646 0.041016
0 0.313542 0.521289 0.058333 0.044922
0 0.089583 0.588867 0.041667 0.029297
0 0.081771 0.626953 0.044792 0.042969
0 0.139323 0.625586 0.045312 0.037891
0 0.140625 0.589844 0.047917 0.031250
0 0.204427 0.560937 0.044271 0.023438
0 0.198437 0.591797 0.055208 0.025000
0 0.194792 0.627539 0.054167 0.041797
0 0.256510 0.588086 0.049479 0.027734
0 0.254688 0.625781 0.052083 0.038281
0 0.861458 0.560937 0.066667 0.025781
0 0.795833 0.562891 0.057292 0.027344
0 0.732812 0.561523 0.061458 0.022266
0 0.736198 0.591797 0.049479 0.030469
0 0.682552 0.624414 0.050521 0.033203
0 0.680469 0.589844 0.053646 0.031250
0 0.127344 0.482422 0.053646 0.032031
0 0.586719 0.621484 0.073438 0.039062
0 0.501042 0.625000 0.075000 0.041406
0 0.497917 0.582031 0.075000 0.029687
0 0.415625 0.624805 0.073958 0.045703
0 0.411979 0.583008 0.079167 0.031641
0 0.311458 0.626172 0.054167 0.043750
0 0.313281 0.587695 0.050521 0.029297
0 0.582292 0.581055 0.073958 0.030078
0 0.668229 0.666602 0.041667 0.021484
0 0.738542 0.626367 0.054167 0.034766
0 0.842969 0.594336 0.048438 0.030078
0 0.575521 0.684766 0.077083 0.033594
0 0.704948 0.392383 0.050521 0.038672
0 0.496094 0.686133 0.074479 0.033984
0 0.402344 0.725391 0.078646 0.040625
0 0.400781 0.685937 0.081771 0.031250
0 0.313021 0.711523 0.046875 0.070703
0 0.233854 0.732812 0.093750 0.041406
0 0.234115 0.690625 0.094271 0.031250
0 0.135417 0.734570 0.088542 0.040234
0 0.125521 0.694727 0.097917 0.024609
0 0.913281 0.469922 0.048438 0.028906
0 0.923698 0.511133 0.047396 0.048828
0 0.871354 0.514453 0.044792 0.048438
0 0.864583 0.473242 0.043750 0.030078
0 0.818490 0.519727 0.051562 0.041797
0 0.762240 0.519922 0.047396 0.044531
0 0.811979 0.477148 0.051042 0.035547
0 0.897135 0.592773 0.051562 0.032422
0 0.795052 0.625391 0.052604 0.032813
0 0.846094 0.625391 0.042188 0.030469
0 0.900000 0.627539 0.054167 0.032422
0 0.396354 0.467969 0.072917 0.032031
0 0.395052 0.506055 0.080729 0.038672
0 0.790365 0.592773 0.049479 0.026953
0 0.475260 0.468164 0.074479 0.034766
0 0.558333 0.469141 0.080208 0.034375
0 0.558594 0.511719 0.071354 0.047656
0 0.625781 0.503906 0.049479 0.063281
0 0.695833 0.477344 0.067708 0.038281
0 0.698438 0.515820 0.069792 0.036328
0 0.757812 0.478125 0.047917 0.037500
0 0.478906 0.508398 0.072396 0.038672
0 0.751563 0.355859 0.047917 0.023438
0 0.070312 0.298242 0.057292 0.016016
0 0.938802 0.406641 0.054688 0.041406
0 0.066146 0.394727 0.055208 0.029297
0 0.701302 0.354297 0.043229 0.027344
0 0.184635 0.395703 0.061979 0.031250
0 0.427865 0.276367 0.059896 0.027734
0 0.495833 0.277344 0.067708 0.022656
0 0.573177 0.279687 0.065104 0.021875
0 0.392708 0.312109 0.056250 0.032031
0 0.462240 0.310352 0.070312 0.030859
0 0.533073 0.309180 0.058854 0.028516
0 0.605990 0.308203 0.067187 0.028906
0 0.390885 0.337891 0.061979 0.016406
0 0.466406 0.337305 0.063021 0.015234
0 0.536719 0.338086 0.063021 0.021484
0 0.610156 0.339258 0.059896 0.021484
0 0.616146 0.366797 0.065625 0.028906
0 0.608594 0.407227 0.069271 0.044922
0 0.539062 0.366602 0.064583 0.030859
0 0.538281 0.407227 0.066146 0.042578
0 0.389062 0.364453 0.068750 0.031250
0 0.190625 0.361914 0.055208 0.030859
0 0.131771 0.361719 0.052083 0.032813
0 0.123177 0.396484 0.054688 0.030469
0 0.305469 0.388672 0.048438 0.043750
0 0.940625 0.362109 0.055208 0.038281
0 0.862760 0.348242 0.046354 0.032422
0 0.809635 0.349414 0.052604 0.039453
0 0.867448 0.317969 0.046354 0.024219
0 0.809896 0.316797 0.059375 0.024219
0 0.748177 0.323437 0.047396 0.037500
0 0.697656 0.322070 0.046354 0.034766
0 0.393750 0.407617 0.073958 0.045703
0 0.468750 0.407227 0.067708 0.044922
0 0.466406 0.364844 0.069271 0.034375
0 0.126562 0.298242 0.048958 0.018359
0 0.176042 0.299023 0.044792 0.015234
0 0.071875 0.360156 0.060417 0.032031
0 0.067708 0.326172 0.055208 0.031250
0 0.181510 0.326953 0.058854 0.028125
0 0.259375 0.306445 0.042708 0.037109
0 0.307812 0.306250 0.046875 0.036719
0 0.253385 0.347461 0.043229 0.037891
0 0.305990 0.345508 0.046354 0.033984
0 0.250000 0.389453 0.045833 0.042969
0 0.124479 0.326953 0.047917 0.030469
