0 0.701593 0.841759 0.033905 0.076287
0 0.732639 0.841759 0.032271 0.076287
0 0.885621 0.271752 0.063725 0.126838
0 0.843954 0.825827 0.049837 0.122855
0 0.669935 0.831801 0.023693 0.094363
0 0.786765 0.818015 0.052288 0.128064
0 0.639297 0.832721 0.022876 0.093750
0 0.496732 0.824142 0.024510 0.098039
0 0.582108 0.830729 0.025327 0.097120
0 0.553922 0.831342 0.022059 0.100797
0 0.524510 0.828125 0.020425 0.094363
0 0.608456 0.402880 0.036356 0.041054
0 0.464869 0.828278 0.026961 0.094669
0 0.608864 0.829504 0.021650 0.097120
0 0.975694 0.681219 0.048611 0.119792
0 0.734886 0.701593 0.040033 0.053922
0 0.880719 0.676624 0.050654 0.109988
0 0.833538 0.676777 0.038807 0.108456
0 0.782884 0.682598 0.037990 0.101103
0 0.437908 0.814185 0.023693 0.094669
0 0.687296 0.696232 0.049428 0.067096
0 0.633374 0.700214 0.045343 0.058517
0 0.588440 0.691483 0.034722 0.074142
0 0.548203 0.687194 0.032680 0.079657
0 0.505310 0.692555 0.032680 0.073836
0 0.463848 0.690411 0.037990 0.074449
0 0.425449 0.693781 0.036356 0.068934
0 0.389502 0.695159 0.028186 0.062500
0 0.349469 0.685049 0.017565 0.080270
0 0.927083 0.673560 0.039624 0.109375
0 0.406250 0.828278 0.026552 0.084865
0 0.257557 0.820466 0.029003 0.109681
0 0.351920 0.813113 0.022467 0.087623
0 0.955678 0.273744 0.061683 0.121630
0 0.318627 0.498162 0.020425 0.045343
0 0.297386 0.497089 0.020425 0.045650
0 0.272876 0.498928 0.017974 0.045650
0 0.248570 0.492647 0.018382 0.045343
0 0.227737 0.496936 0.018382 0.045343
0 0.209763 0.495404 0.018382 0.045343
0 0.188725 0.494792 0.024510 0.048407
0 0.162173 0.495098 0.024510 0.048407
0 0.142565 0.494638 0.018791 0.046875
0 0.118668 0.497089 0.028186 0.056066
0 0.030637 0.411305 0.035948 0.098346
0 0.068832 0.411152 0.052696 0.117034
0 0.378268 0.829963 0.027778 0.093137
0 0.118668 0.382353 0.044526 0.068627
0 0.216095 0.377145 0.050654 0.077206
0 0.264706 0.384957 0.031046 0.073836
0 0.301879 0.385110 0.035948 0.062500
0 0.348039 0.373468 0.052288 0.091299
0 0.399101 0.375613 0.044118 0.081495
0 0.447917 0.374387 0.040441 0.074142
0 0.563317 0.397365 0.047386 0.056373
0 0.123979 0.812806 0.033088 0.113358
0 0.160335 0.818627 0.033088 0.094363
0 0.222222 0.831648 0.034314 0.084865
0 0.308824 0.687960 0.043301 0.081189
0 0.293301 0.806066 0.024510 0.097426
0 0.323325 0.810815 0.031454 0.090380
0 0.166871 0.382966 0.062500 0.072304
0 0.246528 0.684743 0.035539 0.068015
0 0.901757 0.833487 0.048611 0.100184
0 0.149101 0.668658 0.058007 0.099571
0 0.871324 0.150123 0.031863 0.070466
0 0.833946 0.126685 0.033088 0.111213
0 0.781454 0.120251 0.063725 0.127145
0 0.710989 0.126379 0.061683 0.117953
0 0.657475 0.126685 0.027369 0.113664
0 0.600694 0.124847 0.068219 0.117341
0 0.920139 0.130515 0.062500 0.109681
0 0.530229 0.126379 0.066176 0.110600
0 0.401757 0.124540 0.064951 0.111826
0 0.340482 0.122549 0.049428 0.117034
0 0.276552 0.124234 0.070261 0.111213
0 0.225490 0.125153 0.031046 0.110600
0 0.183415 0.132353 0.038399 0.106005
0 0.127655 0.137868 0.056781 0.083946
0 0.460376 0.124234 0.053105 0.113664
0 0.976103 0.124540 0.042892 0.048100
0 0.972426 0.168045 0.035539 0.040135
0 0.106822 0.264859 0.037173 0.070772
0 0.207516 0.678002 0.030229 0.066176
0 0.271650 0.264553 0.038399 0.065257
0 0.359477 0.262255 0.046569 0.074755
0 0.423203 0.267004 0.073529 0.070159
0 0.479984 0.270374 0.038399 0.071998
0 0.517157 0.266544 0.034314 0.071691
0 0.555964 0.269608 0.035948 0.068015
0 0.596609 0.267157 0.034722 0.070466
0 0.633374 0.267463 0.038807 0.063725
0 0.672590 0.269148 0.025735 0.069547
0 0.733864 0.258272 0.082108 0.099877
0 0.820874 0.288756 0.054330 0.087316
0 0.234681 0.267463 0.037173 0.075980
0 0.192402 0.263634 0.028595 0.068321
0 0.151961 0.261029 0.039216 0.079657
0 0.020221 0.129902 0.040441 0.091912
0 0.068423 0.131281 0.038807 0.087316
0 0.049224 0.299479 0.057598 0.073223
0 0.918301 0.410692 0.037582 0.125306
0 0.681781 0.588388 0.047386 0.071385
0 0.608252 0.586244 0.010621 0.015012
0 0.632761 0.592831 0.037582 0.047181
0 0.585172 0.587316 0.046977 0.064338
0 0.529208 0.587776 0.055147 0.060968
0 0.415850 0.586397 0.055556 0.060662
0 0.786356 0.546722 0.034314 0.103860
0 0.350899 0.580116 0.061275 0.068934
0 0.242239 0.576900 0.042484 0.069853
0 0.194853 0.593444 0.039216 0.039216
0 0.142770 0.578738 0.055147 0.063725
0 0.965074 0.413450 0.046160 0.116728
0 0.053513 0.665441 0.097222 0.107230
0 0.044526 0.567555 0.089052 0.075061
0 0.288603 0.577053 0.040441 0.070159
0 0.872549 0.554381 0.044118 0.093444
0 0.473243 0.587776 0.050245 0.058517
0 0.486520 0.504902 0.022876 0.041667
0 0.654208 0.402420 0.049428 0.040135
0 0.981005 0.550551 0.037173 0.107230
0 0.359886 0.485907 0.057190 0.071078
0 0.418913 0.488051 0.053513 0.071691
0 0.462418 0.506281 0.025327 0.039522
0 0.509600 0.506127 0.019199 0.041667
0 0.532680 0.505668 0.023693 0.040748
0 0.720384 0.379136 0.083742 0.081189
0 0.578227 0.491422 0.051879 0.074142
0 0.622753 0.491575 0.030637 0.074449
0 0.655025 0.492034 0.025735 0.075368
0 0.689542 0.492034 0.028595 0.077819
0 0.720180 0.492800 0.026961 0.081189
0 0.754085 0.493107 0.031046 0.077512
0 0.939951 0.548560 0.036765 0.114890
0 0.860703 0.410692 0.061275 0.125306
