0 0.475260 0.342578 0.024479 0.097656
0 0.436979 0.343555 0.045833 0.094141
0 0.397656 0.349805 0.024479 0.104297
0 0.976302 0.479297 0.020313 0.068750
0 0.317448 0.396484 0.040104 0.035937
0 0.295833 0.358984 0.053125 0.032813
0 0.993229 0.473828 0.012500 0.064062
0 0.230469 0.367578 0.032813 0.114844
0 0.361198 0.352344 0.041146 0.099219
0 0.281250 0.399414 0.032292 0.030859
0 0.983854 0.644531 0.014583 0.028906
0 0.933333 0.650195 0.019792 0.016016
0 0.527344 0.808789 0.030729 0.091797
0 0.490104 0.823047 0.034375 0.080469
0 0.457552 0.844727 0.026562 0.080859
0 0.409896 0.858984 0.045833 0.135156
0 0.354427 0.881250 0.052604 0.117188
0 0.289323 0.917773 0.060937 0.113672
0 0.819010 0.296094 0.019271 0.083594
0 0.799479 0.297656 0.016667 0.081250
0 0.737760 0.306836 0.031771 0.078516
0 0.713542 0.307031 0.016667 0.085938
0 0.689844 0.314648 0.025521 0.078516
0 0.617969 0.308594 0.036979 0.115625
0 0.587240 0.337109 0.020313 0.068750
0 0.562500 0.337109 0.028125 0.068750
0 0.533854 0.325391 0.019792 0.104688
0 0.504687 0.328516 0.034375 0.103125
0 0.937760 0.672070 0.016146 0.023047
0 0.960156 0.656641 0.020313 0.022656
0 0.188802 0.368750 0.051562 0.113281
0 0.950000 0.197852 0.016667 0.044922
0 0.967187 0.197656 0.013542 0.050000
0 0.613802 0.199609 0.041146 0.050000
0 0.569531 0.201953 0.042188 0.046094
0 0.479687 0.207227 0.031250 0.041016
0 0.519271 0.210547 0.050000 0.035937
0 0.510677 0.169727 0.072396 0.030859
0 0.386458 0.182617 0.038542 0.090234
0 0.437500 0.181641 0.046875 0.089844
0 0.319271 0.219141 0.031250 0.028125
0 0.741927 0.081250 0.048438 0.055469
0 0.790625 0.072070 0.039583 0.082422
0 0.838802 0.080859 0.041146 0.074219
0 0.877344 0.086914 0.021354 0.073047
0 0.898438 0.102148 0.014583 0.043359
0 0.150260 0.197852 0.035937 0.071484
0 0.190104 0.199414 0.037500 0.069141
0 0.682031 0.035156 0.046354 0.054688
0 0.683333 0.083984 0.054167 0.039844
0 0.604427 0.056250 0.091146 0.078906
0 0.496875 0.058594 0.105208 0.059375
0 0.567969 0.768555 0.030729 0.115234
0 0.935156 0.196484 0.010937 0.047656
0 0.922135 0.198047 0.013021 0.044531
0 0.907031 0.196484 0.011979 0.047656
0 0.889844 0.197266 0.018229 0.049219
0 0.867969 0.196484 0.015104 0.050781
0 0.848698 0.192383 0.017188 0.052734
0 0.982812 0.199609 0.012500 0.044531
0 0.827865 0.196875 0.019271 0.051562
0 0.774479 0.205859 0.023958 0.032813
0 0.748958 0.205859 0.021875 0.034375
0 0.724219 0.203320 0.021354 0.036328
0 0.702865 0.204883 0.019271 0.036328
0 0.657552 0.198633 0.043229 0.048828
0 0.216667 0.034766 0.152083 0.053906
0 0.369271 0.040820 0.139583 0.068359
0 0.802083 0.195703 0.021875 0.052344
0 0.235937 0.199219 0.035417 0.067969
0 0.598698 0.761914 0.019271 0.112109
0 0.665365 0.735547 0.025521 0.082812
0 0.410417 0.516016 0.037500 0.121094
0 0.367708 0.531445 0.042708 0.123828
0 0.319792 0.547852 0.047917 0.113672
0 0.270313 0.555664 0.042708 0.123828
0 0.224219 0.568359 0.041146 0.112500
0 0.948698 0.285156 0.010937 0.064062
0 0.933073 0.282813 0.010937 0.064062
0 0.448437 0.508398 0.032292 0.126953
0 0.921354 0.294141 0.011458 0.057031
0 0.891667 0.288477 0.013542 0.066016
0 0.876042 0.287500 0.011458 0.073438
0 0.863802 0.288477 0.010937 0.078516
0 0.850000 0.292187 0.011458 0.085156
0 0.835677 0.293555 0.011979 0.082422
0 0.070833 0.941797 0.105208 0.028906
0 0.088802 0.900195 0.103646 0.044922
0 0.907552 0.286719 0.013021 0.068750
0 0.485156 0.499805 0.032813 0.122266
0 0.519792 0.488086 0.032292 0.123047
0 0.553646 0.497461 0.031250 0.092578
0 0.176042 0.876172 0.038542 0.116406
0 0.219531 0.856836 0.043229 0.108203
0 0.069792 0.815625 0.121875 0.068750
0 0.176302 0.742969 0.075521 0.103906
0 0.894792 0.400195 0.015625 0.083203
0 0.876302 0.418359 0.015104 0.050781
0 0.854948 0.408398 0.021354 0.088672
0 0.828906 0.423438 0.022396 0.064062
0 0.804427 0.417578 0.026562 0.098437
0 0.775260 0.426563 0.025521 0.100781
0 0.747396 0.433789 0.027083 0.099609
0 0.720833 0.446875 0.018750 0.083594
0 0.697917 0.451953 0.021875 0.081250
0 0.672135 0.457422 0.023438 0.095312
0 0.641927 0.476172 0.023438 0.077344
0 0.613021 0.482031 0.022917 0.083594
0 0.584115 0.487500 0.026562 0.088281
0 0.630208 0.743164 0.033333 0.091797
0 0.410417 0.700000 0.062500 0.094531
0 0.339323 0.720703 0.067187 0.114062
0 0.534115 0.660937 0.060937 0.080469
0 0.929427 0.589258 0.011979 0.069141
0 0.947396 0.582617 0.018750 0.061328
0 0.631771 0.841406 0.032292 0.019531
0 0.636719 0.867969 0.035937 0.026562
0 0.666667 0.819727 0.032292 0.021484
0 0.670052 0.845703 0.029687 0.025000
0 0.708073 0.799023 0.029687 0.023047
0 0.705990 0.825000 0.031771 0.023438
0 0.742188 0.801367 0.025000 0.024609
0 0.872135 0.712695 0.023438 0.021484
0 0.892969 0.696680 0.020313 0.019922
0 0.915885 0.684180 0.021354 0.019922
0 0.823177 0.656836 0.040104 0.075391
0 0.780729 0.672656 0.023958 0.079687
0 0.755729 0.676367 0.027083 0.083984
0 0.725260 0.696680 0.027604 0.105078
0 0.691927 0.716016 0.026562 0.083594
0 0.905990 0.600000 0.029687 0.065625
0 0.465365 0.680273 0.042188 0.109766
0 0.867969 0.623828 0.044271 0.064062
0 0.777083 0.554883 0.025000 0.085547
0 0.591146 0.584180 0.077083 0.040234
0 0.598177 0.624805 0.043229 0.032422
0 0.588021 0.665234 0.042708 0.027344
0 0.669792 0.594531 0.046875 0.091406
0 0.711979 0.583203 0.033333 0.083594
0 0.746875 0.563672 0.021875 0.104688
0 0.804688 0.547070 0.022917 0.092578
0 0.273958 0.198047 0.034375 0.071875
0 0.873698 0.536133 0.018229 0.038672
0 0.916406 0.500781 0.021354 0.081250
0 0.892969 0.535156 0.020313 0.030469
0 0.940365 0.496875 0.021354 0.067187
0 0.959115 0.484961 0.014063 0.073828
0 0.837240 0.540430 0.032813 0.071484
