0 0.190925 0.866587 0.083904 0.026923
0 0.099315 0.859375 0.076199 0.028365
0 0.352740 0.483053 0.084760 0.037260
0 0.027825 0.888221 0.051370 0.026442
0 0.027397 0.854928 0.051370 0.031010
0 0.102954 0.893870 0.079195 0.020913
0 0.886772 0.548438 0.113442 0.063702
0 0.349957 0.534375 0.091182 0.050481
0 0.257920 0.530048 0.082620 0.050962
0 0.072560 0.532692 0.087757 0.035577
0 0.170591 0.534014 0.087757 0.033413
0 0.196490 0.902524 0.074486 0.030048
0 0.169521 0.498317 0.069349 0.024038
0 0.259418 0.483534 0.082192 0.038221
0 0.618793 0.246274 0.098031 0.043029
0 0.773330 0.491106 0.104880 0.041827
0 0.465539 0.387139 0.102312 0.035817
0 0.465325 0.424159 0.102740 0.033894
0 0.586045 0.411178 0.101884 0.056490
0 0.695205 0.411178 0.112158 0.056010
0 0.813142 0.415385 0.119435 0.060096
0 0.787885 0.358534 0.119435 0.044471
0 0.928724 0.361899 0.117723 0.035817
0 0.931293 0.414663 0.110017 0.061058
0 0.450557 0.483894 0.096318 0.041346
0 0.552440 0.485938 0.104024 0.038221
0 0.662457 0.488582 0.111729 0.034375
0 0.888485 0.494591 0.118579 0.043990
0 0.075771 0.493029 0.086473 0.031731
0 0.899401 0.259856 0.079623 0.019712
0 0.689212 0.360577 0.059075 0.028365
0 0.607663 0.141106 0.100599 0.057212
0 0.357235 0.412740 0.089469 0.052404
0 0.771190 0.542668 0.107449 0.061298
0 0.750214 0.141587 0.174229 0.051923
0 0.754923 0.080529 0.181079 0.059135
0 0.609589 0.091827 0.100171 0.034615
0 0.488870 0.095192 0.103596 0.027404
0 0.507063 0.146514 0.095462 0.054567
0 0.375856 0.157812 0.119007 0.040625
0 0.050086 0.165625 0.091610 0.033654
0 0.045591 0.120673 0.088613 0.043269
0 0.164598 0.119231 0.108305 0.038942
0 0.173159 0.162861 0.129709 0.036779
0 0.885060 0.289062 0.132277 0.039183
0 0.744649 0.241947 0.139983 0.043510
0 0.744007 0.290625 0.119863 0.039904
0 0.600813 0.364183 0.098887 0.035577
0 0.611301 0.290144 0.121575 0.038942
0 0.501712 0.250000 0.109589 0.036538
0 0.357235 0.235337 0.101455 0.032692
0 0.368793 0.284255 0.087757 0.056971
0 0.266481 0.285938 0.099743 0.056490
0 0.182149 0.233654 0.101455 0.039423
0 0.167380 0.285817 0.089897 0.055769
0 0.073844 0.256611 0.090325 0.036298
0 0.069777 0.295433 0.095034 0.033654
0 0.072346 0.415024 0.100171 0.032452
0 0.167594 0.378966 0.094606 0.032933
0 0.172945 0.417187 0.088185 0.031490
0 0.264983 0.365385 0.089041 0.037981
0 0.264983 0.409976 0.076199 0.049279
0 0.371147 0.363582 0.080479 0.034375
0 0.479238 0.296394 0.119435 0.042308
0 0.659033 0.538101 0.103168 0.061298
0 0.213827 0.798558 0.088613 0.032692
0 0.554795 0.533654 0.101027 0.054327
0 0.895548 0.831010 0.095890 0.051923
0 0.284675 0.855889 0.091610 0.032933
0 0.285959 0.900240 0.085616 0.052885
0 0.379067 0.863341 0.092038 0.031490
0 0.381635 0.906130 0.089469 0.050721
0 0.474743 0.869591 0.095890 0.030529
0 0.476027 0.913341 0.089897 0.053606
0 0.036173 0.787740 0.063784 0.029808
0 0.572560 0.873798 0.091182 0.029808
0 0.572346 0.920312 0.095034 0.058413
0 0.670377 0.883053 0.095034 0.031971
0 0.670163 0.928846 0.090325 0.057212
0 0.773116 0.892308 0.095890 0.034615
0 0.770120 0.939904 0.098459 0.061058
0 0.898973 0.776683 0.095034 0.053365
0 0.870933 0.905529 0.087757 0.028846
0 0.962543 0.908173 0.074914 0.029808
0 0.963399 0.952524 0.072346 0.056490
0 0.029752 0.660216 0.058647 0.034856
0 0.029110 0.627163 0.056507 0.027404
0 0.020120 0.593630 0.037671 0.033413
0 0.055865 0.365986 0.099743 0.055529
0 0.400685 0.748678 0.090753 0.056971
0 0.307577 0.743149 0.088613 0.057452
0 0.118365 0.792067 0.090325 0.030769
0 0.216824 0.765745 0.090325 0.029087
0 0.120291 0.760817 0.093322 0.030769
0 0.213827 0.732091 0.088613 0.032933
0 0.118793 0.724519 0.090325 0.038462
0 0.924872 0.138582 0.150257 0.056971
0 0.870933 0.950481 0.095462 0.056731
0 0.450771 0.533413 0.101027 0.055288
0 0.792380 0.828486 0.089897 0.051683
0 0.694777 0.825000 0.095034 0.055769
0 0.975813 0.547957 0.048373 0.063702
0 0.974529 0.494712 0.045805 0.039904
0 0.086473 0.594231 0.087329 0.037019
0 0.184289 0.599279 0.098887 0.026442
0 0.200342 0.633413 0.094178 0.032692
0 0.294092 0.607812 0.089897 0.055048
0 0.394050 0.609615 0.093750 0.054327
0 0.492937 0.614303 0.099743 0.058894
0 0.591396 0.617067 0.094606 0.057692
0 0.688142 0.627885 0.093750 0.056250
0 0.792594 0.632091 0.098031 0.062260
0 0.899829 0.638702 0.104452 0.062019
0 0.295591 0.661899 0.088613 0.053125
0 0.388699 0.667308 0.091610 0.057212
0 0.797945 0.772957 0.096747 0.052644
0 0.487158 0.673558 0.100171 0.055769
0 0.689854 0.684615 0.092894 0.057212
0 0.791524 0.692788 0.100171 0.057692
0 0.893408 0.699880 0.095890 0.060337
0 0.972603 0.701923 0.053938 0.059615
0 0.103168 0.629447 0.091610 0.031971
0 0.103596 0.662019 0.084760 0.032692
0 0.199058 0.667188 0.100171 0.029567
0 0.032534 0.721274 0.056507 0.034375
0 0.036173 0.755769 0.063784 0.032212
0 0.398973 0.803486 0.091610 0.049760
0 0.493793 0.809615 0.092894 0.052885
0 0.597603 0.758173 0.096747 0.060096
0 0.591824 0.816346 0.092894 0.052404
0 0.699058 0.765865 0.095034 0.054808
0 0.589897 0.678245 0.097603 0.062740
0 0.928510 0.075481 0.142979 0.060577
0 0.497646 0.753245 0.096318 0.056971
0 0.307791 0.798798 0.084760 0.053846
