0 0.193832 0.282782 0.028186 0.051471
0 0.224877 0.285233 0.028186 0.051471
0 0.253676 0.299786 0.020425 0.018076
0 0.285948 0.289522 0.025327 0.050245
0 0.313113 0.292126 0.025735 0.050551
0 0.342320 0.294118 0.025327 0.050245
0 0.373366 0.295496 0.025327 0.050551
0 0.216299 0.363511 0.026552 0.047488
0 0.430147 0.300092 0.025327 0.050551
0 0.186070 0.359375 0.026552 0.047794
0 0.247753 0.363051 0.026552 0.047794
0 0.277165 0.364430 0.026552 0.047488
0 0.305760 0.365196 0.026552 0.047794
0 0.100286 0.726256 0.044526 0.093444
0 0.400123 0.297488 0.025735 0.050245
0 0.035743 0.753370 0.060049 0.028799
0 0.012051 0.478554 0.021650 0.025123
0 0.019404 0.636029 0.038807 0.049020
0 0.335989 0.367341 0.026552 0.047794
0 0.010008 0.288603 0.020016 0.059436
0 0.039011 0.291820 0.025735 0.059130
0 0.102941 0.293658 0.029412 0.059130
0 0.019404 0.381434 0.038807 0.051471
0 0.091299 0.380055 0.078023 0.055453
0 0.037377 0.480239 0.020833 0.024203
0 0.060458 0.479779 0.022059 0.023284
0 0.012255 0.451134 0.018791 0.027267
0 0.036356 0.451440 0.022876 0.030944
0 0.058824 0.452512 0.021242 0.028186
0 0.085172 0.470895 0.023284 0.039216
0 0.111928 0.473805 0.022876 0.034620
0 0.053922 0.549173 0.073529 0.053615
0 0.110498 0.543505 0.033905 0.068015
0 0.086193 0.626072 0.079248 0.063419
0 0.364992 0.369792 0.026552 0.047794
0 0.797386 0.621936 0.020425 0.044118
0 0.422998 0.373468 0.026552 0.047794
0 0.783497 0.306373 0.028595 0.063113
0 0.809232 0.319547 0.022059 0.033701
0 0.836397 0.311887 0.024918 0.052696
0 0.861928 0.309743 0.022876 0.061275
0 0.887051 0.310662 0.022467 0.061275
0 0.910948 0.309436 0.022876 0.061275
0 0.934641 0.310968 0.022876 0.061275
0 0.961193 0.311581 0.026961 0.061887
0 0.775735 0.390319 0.022876 0.052696
0 0.802696 0.392157 0.022876 0.052696
0 0.828840 0.391850 0.022876 0.052696
0 0.853758 0.393382 0.022876 0.052696
0 0.878064 0.391850 0.023284 0.060662
0 0.903799 0.389859 0.023284 0.060968
0 0.928922 0.389093 0.023693 0.064338
0 0.955065 0.388480 0.023693 0.064338
0 0.766136 0.445159 0.017565 0.032475
0 0.659109 0.737898 0.026552 0.051164
0 0.629902 0.736060 0.022876 0.054841
0 0.603758 0.730852 0.016340 0.048713
0 0.582516 0.737132 0.023693 0.053309
0 0.557598 0.586244 0.022876 0.055453
0 0.592116 0.585631 0.022467 0.055453
0 0.617851 0.587776 0.022467 0.055453
0 0.642157 0.587163 0.022876 0.055453
0 0.670752 0.588388 0.025327 0.053615
0 0.472222 0.662071 0.024510 0.054534
0 0.500408 0.662990 0.024510 0.054534
0 0.525940 0.663143 0.021650 0.054841
0 0.785335 0.445006 0.017565 0.032169
0 0.551062 0.661305 0.024510 0.054228
0 0.601103 0.661765 0.021650 0.055147
0 0.626838 0.661458 0.025735 0.054534
0 0.652778 0.662071 0.023693 0.051471
0 0.456495 0.740502 0.021650 0.050245
0 0.482843 0.740502 0.026144 0.050245
0 0.510417 0.740043 0.024918 0.049939
0 0.531658 0.726103 0.015931 0.050858
0 0.551062 0.725184 0.019608 0.052083
0 0.575776 0.662837 0.021650 0.054841
0 0.530842 0.585018 0.022467 0.055453
0 0.804330 0.446078 0.017974 0.032475
0 0.844363 0.446538 0.015523 0.033395
0 0.861315 0.623775 0.018382 0.041667
0 0.881127 0.624540 0.020425 0.040748
0 0.902982 0.623315 0.020016 0.040748
0 0.740400 0.689338 0.020016 0.053922
0 0.764502 0.690564 0.023284 0.052083
0 0.838440 0.692862 0.023284 0.050551
0 0.858456 0.681373 0.015931 0.052696
0 0.877859 0.682751 0.020425 0.049326
0 0.903799 0.680760 0.024101 0.050245
0 0.393995 0.370711 0.026552 0.047794
0 0.896855 0.737745 0.024101 0.054534
0 0.867443 0.737439 0.031454 0.053922
0 0.837010 0.744026 0.025327 0.046875
0 0.807802 0.742800 0.024101 0.046262
0 0.781863 0.742341 0.024510 0.046569
0 0.755310 0.740809 0.024510 0.046569
0 0.732435 0.741575 0.017974 0.048100
0 0.840891 0.623162 0.018382 0.044730
0 0.820261 0.622243 0.021242 0.044730
0 0.775327 0.622089 0.018791 0.042586
0 0.752655 0.621017 0.019199 0.042279
0 0.863154 0.446844 0.015523 0.033395
0 0.881536 0.448683 0.016340 0.030944
0 0.901552 0.447610 0.017157 0.031250
0 0.928717 0.448070 0.031454 0.032169
0 0.804739 0.498621 0.019608 0.035846
0 0.827002 0.498315 0.020833 0.037071
0 0.846814 0.500460 0.017974 0.037071
0 0.867443 0.500613 0.019199 0.037377
0 0.823938 0.447610 0.017974 0.032475
0 0.890114 0.501532 0.022059 0.036765
0 0.747345 0.555760 0.016748 0.037377
0 0.765727 0.557292 0.016748 0.037990
0 0.807802 0.557751 0.015931 0.037071
0 0.827614 0.557598 0.018791 0.036765
0 0.848652 0.557904 0.018382 0.037377
0 0.870302 0.558670 0.019199 0.034620
0 0.889910 0.558364 0.015114 0.034007
0 0.908905 0.558517 0.017157 0.034314
0 0.913194 0.500919 0.020016 0.035539
0 0.505515 0.588082 0.023284 0.029718
0 0.787377 0.557598 0.020833 0.036765
0 0.411152 0.577359 0.024918 0.058517
0 0.407884 0.657782 0.023284 0.057598
0 0.196283 0.734835 0.033088 0.066483
0 0.232026 0.734069 0.033497 0.066176
0 0.267770 0.733915 0.033088 0.066483
0 0.300449 0.734681 0.029820 0.064951
0 0.331904 0.734375 0.029820 0.064951
0 0.397672 0.723192 0.029820 0.065257
0 0.485090 0.306526 0.015931 0.035846
0 0.380515 0.657935 0.028186 0.059130
0 0.504698 0.308058 0.022467 0.036458
0 0.528186 0.310509 0.022876 0.036458
0 0.552492 0.311734 0.020833 0.033395
0 0.577002 0.312806 0.020833 0.033701
0 0.600490 0.313266 0.021242 0.033395
0 0.623366 0.313879 0.021242 0.033395
0 0.649101 0.316636 0.021242 0.033395
0 0.672590 0.315411 0.020833 0.033395
0 0.695261 0.317249 0.021242 0.033395
0 0.237132 0.498162 0.026552 0.062500
0 0.351716 0.657169 0.027778 0.058824
0 0.320261 0.658701 0.027778 0.058824
0 0.292279 0.657782 0.025735 0.059436
0 0.267770 0.497243 0.026552 0.062500
0 0.296773 0.501991 0.026552 0.062194
0 0.328227 0.503217 0.026552 0.062194
0 0.356005 0.503983 0.026552 0.062500
0 0.383783 0.505974 0.026552 0.062194
0 0.413399 0.507506 0.026144 0.062194
0 0.182190 0.496783 0.024510 0.061581
0 0.422590 0.436275 0.023284 0.061275
0 0.395425 0.435968 0.026961 0.064338
0 0.268791 0.572763 0.025327 0.058517
0 0.296569 0.572457 0.025327 0.058517
0 0.328023 0.573376 0.025327 0.058517
0 0.355596 0.573070 0.024918 0.058517
0 0.383374 0.576134 0.024918 0.058517
0 0.176879 0.657169 0.025327 0.059436
0 0.206904 0.655944 0.025735 0.059436
0 0.235703 0.656556 0.025327 0.059436
0 0.366626 0.434283 0.027369 0.064032
0 0.264706 0.658088 0.025327 0.059436
0 0.492034 0.374694 0.021650 0.044730
0 0.515727 0.376991 0.021650 0.044424
0 0.337214 0.434896 0.027369 0.064032
0 0.564747 0.379289 0.021650 0.044730
0 0.541871 0.377298 0.021650 0.044424
0 0.186275 0.426011 0.026961 0.064032
0 0.217320 0.425398 0.026961 0.064032
0 0.247345 0.427696 0.027369 0.064338
0 0.276552 0.430300 0.026961 0.064032
0 0.305760 0.432598 0.027369 0.064338
0 0.479575 0.584712 0.022059 0.050551
0 0.667075 0.509804 0.009804 0.028186
0 0.650735 0.522518 0.019608 0.035233
0 0.627859 0.513174 0.024510 0.057598
0 0.600899 0.512255 0.024510 0.057598
0 0.573529 0.511489 0.026144 0.059130
0 0.547181 0.509804 0.025735 0.059436
0 0.520221 0.509651 0.026552 0.059130
0 0.490400 0.507200 0.026552 0.059130
0 0.208742 0.499540 0.024510 0.061581
0 0.687092 0.442708 0.026144 0.060049
0 0.467320 0.511795 0.014706 0.040748
0 0.588848 0.379289 0.021650 0.044730
0 0.611315 0.380974 0.021650 0.044424
0 0.636234 0.381587 0.023284 0.043199
0 0.684436 0.384038 0.022467 0.041973
0 0.475694 0.437500 0.017565 0.059436
0 0.660131 0.382812 0.022059 0.041973
0 0.522263 0.436581 0.027369 0.060049
0 0.549020 0.437653 0.023693 0.059743
0 0.574755 0.437653 0.023693 0.059743
0 0.602124 0.437960 0.023693 0.059743
0 0.628268 0.439491 0.023693 0.059743
0 0.658905 0.441483 0.026144 0.060049
0 0.496324 0.435509 0.021242 0.059743
