0 0.474877 0.713542 0.047794 0.064338
0 0.524306 0.727635 0.043709 0.055760
0 0.575572 0.722120 0.044935 0.060662
0 0.627859 0.721354 0.049020 0.054841
0 0.347222 0.200827 0.042484 0.130821
0 0.278391 0.201440 0.042892 0.132047
0 0.276757 0.869485 0.028186 0.040441
0 0.720588 0.833487 0.022876 0.075061
0 0.306373 0.852941 0.028595 0.066176
0 0.333742 0.853860 0.022876 0.068627
0 0.361520 0.851562 0.022876 0.067096
0 0.391340 0.850950 0.022876 0.070159
0 0.419526 0.851256 0.025327 0.067708
0 0.823938 0.842371 0.026144 0.076287
0 0.785743 0.833333 0.020833 0.073529
0 0.756740 0.841759 0.028186 0.075061
0 0.681577 0.721048 0.043709 0.056679
0 0.199142 0.183517 0.064134 0.162377
0 0.721609 0.720129 0.025735 0.060968
0 0.918096 0.611826 0.024101 0.061275
0 0.783905 0.716912 0.025327 0.064338
0 0.689542 0.833027 0.022059 0.074755
0 0.660539 0.845588 0.022059 0.079044
0 0.629493 0.846967 0.027778 0.075674
0 0.593546 0.825521 0.023693 0.076900
0 0.563930 0.811121 0.021650 0.068934
0 0.536765 0.824755 0.024510 0.069240
0 0.510621 0.826287 0.022059 0.072304
0 0.849469 0.832414 0.017565 0.075368
0 0.481005 0.845895 0.026552 0.078431
0 0.449959 0.851716 0.024918 0.071078
0 0.885621 0.836703 0.029412 0.080882
0 0.918301 0.836091 0.026961 0.083946
0 0.950776 0.846814 0.024101 0.063113
0 0.753472 0.719516 0.029820 0.064645
0 0.982843 0.845895 0.030229 0.060049
0 0.163807 0.863051 0.044935 0.049632
0 0.114175 0.864277 0.045343 0.057598
0 0.031658 0.817096 0.063317 0.074142
0 0.983456 0.606618 0.017565 0.051471
0 0.955474 0.611060 0.026961 0.058517
0 0.890114 0.609069 0.023693 0.058824
0 0.864992 0.608915 0.017565 0.056066
0 0.835580 0.616728 0.031454 0.064951
0 0.952206 0.718597 0.028595 0.056679
0 0.920139 0.716912 0.020833 0.063113
0 0.895833 0.716912 0.020425 0.061887
0 0.867239 0.722273 0.026961 0.053615
0 0.821283 0.717065 0.042075 0.047488
0 0.212010 0.860907 0.043301 0.050858
0 0.396242 0.200827 0.044118 0.122243
0 0.181781 0.617494 0.039216 0.061581
0 0.525123 0.207414 0.052696 0.099877
0 0.666667 0.530025 0.031863 0.060049
0 0.694444 0.529412 0.016340 0.050245
0 0.722018 0.520987 0.027369 0.067708
0 0.761029 0.529412 0.040850 0.058824
0 0.810253 0.522978 0.048611 0.062500
0 0.862337 0.523897 0.045752 0.060662
0 0.923815 0.527114 0.051062 0.051777
0 0.966503 0.517004 0.020425 0.071998
0 0.989788 0.517310 0.019608 0.070159
0 0.026961 0.614124 0.053922 0.065870
0 0.084967 0.617953 0.058007 0.057598
0 0.419118 0.726562 0.040033 0.060968
0 0.372549 0.731158 0.040033 0.045650
0 0.323734 0.734069 0.043709 0.053922
0 0.271242 0.733762 0.043301 0.049020
0 0.172181 0.717218 0.047794 0.059436
0 0.121732 0.717065 0.046569 0.054841
0 0.271446 0.625613 0.051062 0.056373
0 0.322508 0.627757 0.047794 0.055760
0 0.377247 0.622243 0.042892 0.061275
0 0.430147 0.624540 0.047386 0.062194
0 0.480392 0.622549 0.049837 0.060662
0 0.533292 0.621783 0.047794 0.056066
0 0.634191 0.528952 0.023284 0.053002
0 0.585989 0.620251 0.049428 0.059130
0 0.694036 0.626225 0.031863 0.048407
0 0.731209 0.620864 0.031046 0.054841
0 0.767974 0.619332 0.031863 0.056679
0 0.801062 0.615656 0.027778 0.060355
0 0.025531 0.716146 0.048611 0.055453
0 0.074755 0.716452 0.042484 0.056679
0 0.647263 0.617341 0.054330 0.060662
0 0.605596 0.531863 0.027369 0.056985
0 0.573121 0.534467 0.031863 0.050551
0 0.539420 0.535233 0.029820 0.051471
0 0.302083 0.396140 0.061683 0.094975
0 0.238358 0.395527 0.060049 0.098652
0 0.152982 0.382200 0.035539 0.066483
0 0.109273 0.403339 0.047794 0.057292
0 0.060049 0.406250 0.044118 0.061887
0 0.017565 0.395067 0.035131 0.080576
0 0.399306 0.394608 0.104167 0.098039
0 0.073529 0.261336 0.065359 0.077206
0 0.866626 0.197610 0.056781 0.126838
0 0.797386 0.194240 0.044935 0.124387
0 0.745915 0.189338 0.038399 0.136029
0 0.691381 0.192862 0.038807 0.132047
0 0.641340 0.196078 0.040033 0.133578
0 0.584559 0.209865 0.052288 0.109069
0 0.939951 0.210172 0.053922 0.102941
0 0.463440 0.204504 0.055147 0.116115
0 0.514297 0.394608 0.106209 0.090686
0 0.657475 0.402574 0.043709 0.066789
0 0.507557 0.534467 0.028186 0.052390
0 0.473652 0.548407 0.031454 0.026348
0 0.436887 0.539062 0.031454 0.046875
0 0.399918 0.535233 0.032680 0.055147
0 0.319444 0.539828 0.040033 0.047794
0 0.254902 0.526501 0.066993 0.083027
0 0.602533 0.403186 0.055556 0.069853
0 0.172794 0.520987 0.028595 0.064032
0 0.071078 0.522212 0.053922 0.068934
0 0.019812 0.520374 0.039624 0.068934
0 0.924632 0.388634 0.104984 0.089154
0 0.834355 0.400276 0.051062 0.069547
0 0.772059 0.402574 0.048203 0.073529
0 0.716095 0.404565 0.050654 0.066483
0 0.129085 0.521752 0.057190 0.068627
0 0.980801 0.715839 0.019608 0.053615
