0 0.307394 0.630055 0.058415 0.063419
0 0.236315 0.641238 0.053513 0.072917
0 0.183824 0.642004 0.040033 0.068934
0 0.785539 0.506434 0.063725 0.062500
0 0.065155 0.571232 0.042075 0.103860
0 0.860907 0.504442 0.062500 0.060355
0 0.373366 0.633885 0.056373 0.061275
0 0.719771 0.505668 0.062092 0.060355
0 0.506944 0.516238 0.062908 0.066789
0 0.438317 0.520221 0.062908 0.081495
0 0.113562 0.585172 0.036765 0.068627
0 0.442810 0.637255 0.064542 0.074755
0 0.701593 0.627604 0.054330 0.055453
0 0.573325 0.624694 0.058415 0.049632
0 0.761642 0.761949 0.043709 0.106005
0 0.709763 0.773897 0.042075 0.131740
0 0.654208 0.777114 0.057598 0.140625
0 0.587010 0.775123 0.060458 0.143382
0 0.510008 0.779565 0.079657 0.143076
0 0.435458 0.780637 0.046569 0.126838
0 0.511846 0.632506 0.058824 0.058517
0 0.369690 0.777880 0.066176 0.126225
0 0.218546 0.802083 0.077614 0.164216
0 0.878268 0.627911 0.054739 0.067708
0 0.810458 0.615809 0.049837 0.042892
0 0.757761 0.632812 0.043301 0.063419
0 0.369485 0.524203 0.055964 0.079657
0 0.643995 0.626379 0.055147 0.052390
0 0.294118 0.796262 0.066993 0.145833
0 0.306168 0.522212 0.059232 0.083027
0 0.646038 0.372549 0.073121 0.087010
0 0.176879 0.522365 0.075163 0.085784
0 0.157271 0.249234 0.061275 0.059743
0 0.213440 0.229779 0.039624 0.094975
0 0.255310 0.241115 0.035131 0.072917
0 0.295956 0.239430 0.042075 0.078738
0 0.342729 0.238817 0.040850 0.078738
0 0.387255 0.235141 0.041667 0.081801
0 0.437092 0.226716 0.049837 0.099265
0 0.477328 0.235447 0.024918 0.081189
0 0.512051 0.237745 0.037990 0.084559
0 0.555760 0.235600 0.044526 0.080882
0 0.597426 0.232996 0.032271 0.083027
0 0.640727 0.228401 0.048611 0.097733
0 0.694036 0.228554 0.045752 0.094975
0 0.750408 0.246630 0.056373 0.061275
0 0.242034 0.521293 0.046977 0.085478
0 0.798203 0.228554 0.035948 0.100490
0 0.886234 0.220282 0.039624 0.115809
0 0.925858 0.221661 0.033905 0.108762
0 0.026961 0.405790 0.035948 0.071998
0 0.080270 0.399969 0.069036 0.074449
0 0.174837 0.378676 0.060458 0.091299
0 0.254493 0.369945 0.061275 0.071385
0 0.323529 0.373621 0.062092 0.089154
0 0.401552 0.378217 0.077614 0.102022
0 0.484069 0.365656 0.066176 0.078738
0 0.564747 0.363817 0.069036 0.083640
0 0.818832 0.761183 0.048611 0.108762
0 0.723856 0.370864 0.059641 0.082414
0 0.804330 0.370251 0.083333 0.090380
0 0.888480 0.365196 0.064542 0.091299
0 0.846609 0.222733 0.037173 0.112132
0 0.877451 0.758272 0.049837 0.113358
0 0.577819 0.508885 0.063317 0.061275
0 0.985907 0.844975 0.027369 0.120098
0 0.310458 0.055913 0.046569 0.085478
0 0.357230 0.055300 0.037990 0.095282
0 0.453023 0.089001 0.081699 0.027880
0 0.536152 0.088848 0.078840 0.024510
0 0.614583 0.052390 0.038807 0.098652
0 0.669118 0.051317 0.038399 0.094669
0 0.713440 0.051624 0.042075 0.094669
0 0.757966 0.053156 0.036356 0.087929
0 0.804943 0.050705 0.038807 0.094056
0 0.852124 0.050858 0.044935 0.096201
0 0.898080 0.050551 0.042075 0.090686
0 0.945261 0.049020 0.044935 0.091912
0 0.053105 0.731771 0.039216 0.068321
0 0.119281 0.736520 0.058824 0.053922
0 0.945874 0.844669 0.038807 0.122549
0 0.242239 0.053002 0.051471 0.094975
0 0.185458 0.054534 0.050654 0.090686
0 0.394404 0.053002 0.028186 0.098039
0 0.072712 0.063879 0.050654 0.083027
0 0.097426 0.919884 0.078840 0.016850
0 0.087010 0.945772 0.075163 0.018382
0 0.213235 0.929841 0.077614 0.049632
0 0.350286 0.920803 0.083742 0.073836
0 0.452614 0.907629 0.059641 0.097733
0 0.128064 0.055760 0.041258 0.091912
0 0.612745 0.900429 0.066176 0.014706
0 0.611111 0.918199 0.070261 0.015931
0 0.538194 0.903799 0.058415 0.099877
0 0.698529 0.891238 0.075980 0.012255
0 0.696078 0.904105 0.067810 0.014093
0 0.693219 0.917279 0.075163 0.009191
0 0.693015 0.928156 0.064951 0.009498
0 0.691176 0.944393 0.072712 0.013174
0 0.864379 0.898438 0.076797 0.013787
0 0.606005 0.938725 0.063317 0.020221
0 0.864583 0.914369 0.074755 0.013787
