0 0.259115 0.855078 0.067187 0.046094
0 0.821875 0.744336 0.035417 0.064453
0 0.858073 0.744922 0.033854 0.065625
0 0.910677 0.743750 0.069271 0.063281
0 0.247396 0.640625 0.076042 0.075000
0 0.315104 0.651367 0.058333 0.053516
0 0.375000 0.650977 0.059375 0.052734
0 0.776302 0.751367 0.052604 0.054297
0 0.439323 0.644531 0.063021 0.073438
0 0.229167 0.552734 0.061458 0.047656
0 0.296354 0.551367 0.068750 0.047266
0 0.661979 0.313281 0.054167 0.084375
0 0.606510 0.320312 0.052604 0.067187
0 0.552083 0.311914 0.052083 0.083984
0 0.497656 0.316602 0.051562 0.081641
0 0.982031 0.654687 0.035937 0.071875
0 0.711198 0.730859 0.067187 0.025000
0 0.716406 0.761328 0.064062 0.026562
0 0.936719 0.655273 0.038021 0.068359
0 0.650781 0.758984 0.064062 0.031250
0 0.373177 0.082031 0.103646 0.056250
0 0.219271 0.075977 0.086458 0.075391
0 0.990885 0.200781 0.018229 0.056250
0 0.940625 0.204102 0.075000 0.055859
0 0.749479 0.201367 0.102083 0.062109
0 0.646875 0.201953 0.101042 0.060937
0 0.543490 0.205078 0.099479 0.062500
0 0.566406 0.648047 0.065104 0.073438
0 0.630729 0.657227 0.062500 0.048047
0 0.692187 0.649023 0.057292 0.072266
0 0.757812 0.655078 0.066667 0.063281
0 0.813802 0.652539 0.038021 0.072266
0 0.854427 0.652930 0.040104 0.070703
0 0.895833 0.655469 0.039583 0.066406
0 0.441406 0.312695 0.054688 0.087891
0 0.586458 0.740234 0.057292 0.065625
0 0.385156 0.313477 0.053646 0.084766
0 0.276562 0.313672 0.057292 0.085156
0 0.264583 0.452148 0.039583 0.057422
0 0.310156 0.450977 0.044271 0.067578
0 0.358594 0.449219 0.048438 0.066406
0 0.426042 0.432812 0.078125 0.103125
0 0.499219 0.438281 0.065104 0.092188
0 0.559375 0.447852 0.051042 0.073047
0 0.222396 0.450781 0.041667 0.064844
0 0.606510 0.452344 0.043229 0.067969
0 0.748958 0.437695 0.071875 0.098047
0 0.818750 0.439258 0.064583 0.089453
0 0.872396 0.459570 0.043750 0.053516
0 0.918750 0.466602 0.046875 0.031641
0 0.972396 0.440625 0.055208 0.032031
0 0.972396 0.473047 0.055208 0.027344
0 0.670312 0.434570 0.081250 0.108203
0 0.980729 0.549219 0.038542 0.064844
0 0.932552 0.550586 0.052604 0.065234
0 0.880729 0.551758 0.051042 0.065234
0 0.218229 0.315625 0.059375 0.077344
0 0.363021 0.542578 0.061458 0.068750
0 0.716927 0.311914 0.052604 0.083984
0 0.769792 0.314844 0.053125 0.078125
0 0.825000 0.313867 0.057292 0.078516
0 0.880729 0.314258 0.054167 0.079297
0 0.936458 0.313867 0.053125 0.080859
0 0.982031 0.311719 0.035937 0.085938
0 0.422656 0.541797 0.055729 0.067187
0 0.481510 0.548633 0.060937 0.058984
0 0.548958 0.550000 0.071875 0.057031
0 0.639323 0.551562 0.092188 0.060156
0 0.745833 0.533789 0.071875 0.033984
0 0.747135 0.566406 0.071354 0.032031
0 0.819531 0.549219 0.069271 0.069531
0 0.332031 0.316602 0.050521 0.076953
0 0.522135 0.748437 0.066146 0.050781
0 0.851302 0.201953 0.100521 0.060937
0 0.327865 0.743555 0.073438 0.048047
0 0.910156 0.080664 0.103646 0.053516
0 0.072917 0.269727 0.082292 0.247266
0 0.152344 0.265820 0.077604 0.246484
0 0.501042 0.645508 0.058333 0.070703
0 0.398438 0.744141 0.061458 0.049219
0 0.112240 0.528125 0.185938 0.269531
0 0.648177 0.858398 0.049479 0.055078
0 0.592969 0.854102 0.053646 0.060547
0 0.534115 0.870508 0.057813 0.028516
0 0.536458 0.825977 0.059375 0.026172
0 0.485417 0.837891 0.031250 0.085938
0 0.452344 0.845508 0.031771 0.067578
0 0.419271 0.844336 0.032292 0.067578
0 0.374740 0.856445 0.052604 0.048828
0 0.319271 0.855859 0.050000 0.047656
0 0.722656 0.086133 0.105729 0.052734
0 0.622396 0.090820 0.093750 0.037891
0 0.110677 0.860938 0.220312 0.275781
0 0.696875 0.860547 0.044792 0.054688
0 0.382031 0.205078 0.070312 0.062500
0 0.306510 0.205664 0.072396 0.061328
0 0.463021 0.091602 0.071875 0.037109
0 0.536458 0.072656 0.075000 0.075000
0 0.852604 0.855859 0.061458 0.025781
0 0.851302 0.879687 0.061979 0.018750
0 0.234635 0.203906 0.069271 0.062500
0 0.914323 0.858398 0.056771 0.023828
0 0.744792 0.858789 0.047917 0.053516
0 0.912240 0.879687 0.059896 0.018750
0 0.794010 0.848437 0.046354 0.022656
0 0.455990 0.205664 0.071354 0.061328
0 0.793750 0.875977 0.050000 0.030078
0 0.253385 0.743555 0.075521 0.045703
0 0.972396 0.859375 0.055208 0.061719
