0 0.458129 0.316636 0.060866 0.037071
0 0.502859 0.242800 0.043301 0.027880
0 0.557802 0.242188 0.055964 0.031556
0 0.616626 0.243413 0.049428 0.031556
0 0.672386 0.244638 0.049837 0.031556
0 0.727533 0.243873 0.049837 0.034926
0 0.809436 0.241422 0.095997 0.045343
0 0.908497 0.196385 0.099673 0.042892
0 0.910948 0.240962 0.100490 0.043811
0 0.110907 0.304994 0.081291 0.043811
0 0.186887 0.306373 0.064951 0.038603
0 0.255923 0.308211 0.065768 0.040441
0 0.031454 0.346201 0.062908 0.043505
0 0.449959 0.242188 0.047794 0.029105
0 0.106618 0.349112 0.072712 0.038909
0 0.253472 0.348805 0.067402 0.037071
0 0.393995 0.313879 0.060049 0.036458
0 0.381944 0.770987 0.059641 0.040135
0 0.524510 0.317862 0.059641 0.035846
0 0.393791 0.354779 0.066176 0.042892
0 0.459559 0.356924 0.063725 0.041054
0 0.527574 0.358303 0.069036 0.045037
0 0.592729 0.316176 0.054739 0.039216
0 0.656658 0.317862 0.065768 0.039522
0 0.593954 0.359069 0.057190 0.038603
0 0.655229 0.361060 0.055556 0.035233
0 0.719975 0.318168 0.054330 0.038297
0 0.180760 0.347886 0.069853 0.038909
0 0.396446 0.241268 0.044526 0.029718
0 0.723856 0.207721 0.055556 0.033088
0 0.663399 0.212316 0.042484 0.025735
0 0.558619 0.083946 0.050245 0.038603
0 0.614379 0.086550 0.054739 0.042586
0 0.678717 0.088082 0.046160 0.032782
0 0.734886 0.086550 0.058007 0.034620
0 0.622345 0.124540 0.053513 0.027880
0 0.677288 0.122549 0.049837 0.031863
0 0.740605 0.124847 0.049020 0.032169
0 0.818219 0.075214 0.097222 0.039522
0 0.818627 0.119026 0.093954 0.041973
0 0.913399 0.068474 0.072712 0.023591
0 0.919730 0.118873 0.091912 0.041667
0 0.914624 0.089308 0.075980 0.015012
0 0.058415 0.183977 0.046569 0.043199
0 0.054126 0.228401 0.084559 0.038909
0 0.157271 0.189798 0.093137 0.035233
0 0.250000 0.190411 0.084150 0.034007
0 0.258578 0.157169 0.071078 0.022672
0 0.151757 0.229013 0.095180 0.040135
0 0.245915 0.230239 0.089052 0.037684
0 0.396242 0.170496 0.044118 0.031556
0 0.508374 0.173713 0.051062 0.033088
0 0.563930 0.175092 0.054330 0.032169
0 0.397467 0.206342 0.050654 0.035233
0 0.451593 0.207414 0.054330 0.033088
0 0.504902 0.208946 0.047386 0.035539
0 0.558007 0.208793 0.049020 0.030331
0 0.615196 0.209559 0.046569 0.031863
0 0.780025 0.322610 0.057598 0.031250
0 0.852941 0.357537 0.075980 0.041054
0 0.930760 0.313879 0.083742 0.038909
0 0.930760 0.359375 0.073938 0.044730
0 0.379493 0.589614 0.058007 0.032169
0 0.238358 0.531863 0.070670 0.032475
0 0.036560 0.657016 0.073121 0.043811
0 0.036765 0.701134 0.073529 0.041360
0 0.119690 0.659314 0.084967 0.042279
0 0.207312 0.659007 0.078840 0.039828
0 0.120915 0.702359 0.084150 0.038909
0 0.208742 0.701440 0.081699 0.038909
0 0.296569 0.703738 0.083333 0.039216
0 0.285948 0.663143 0.065359 0.040748
0 0.380310 0.636489 0.059641 0.019914
0 0.442606 0.636336 0.060049 0.020221
0 0.373162 0.665288 0.055147 0.035233
0 0.433824 0.665594 0.062908 0.034620
0 0.495711 0.664522 0.055964 0.033701
0 0.556577 0.662377 0.056781 0.038603
0 0.626430 0.662837 0.061683 0.040135
0 0.734069 0.657935 0.136438 0.040135
0 0.372141 0.700980 0.056373 0.036152
0 0.437092 0.700674 0.066176 0.034926
0 0.503268 0.701287 0.060458 0.036765
0 0.569649 0.701746 0.065768 0.035233
0 0.633783 0.703738 0.063317 0.039216
0 0.731413 0.702819 0.121324 0.044730
0 0.317402 0.772365 0.064542 0.045343
0 0.917075 0.704350 0.076797 0.045343
0 0.839257 0.695619 0.071487 0.057904
0 0.775940 0.552237 0.062500 0.042586
0 0.565359 0.121477 0.053922 0.028493
0 0.712623 0.553922 0.060049 0.038603
0 0.444036 0.552237 0.062908 0.042586
0 0.031454 0.422028 0.062908 0.041360
0 0.174837 0.426471 0.074346 0.033088
0 0.124183 0.397365 0.066993 0.019608
0 0.257557 0.428768 0.059232 0.029718
0 0.111724 0.426930 0.049428 0.034007
0 0.024510 0.463695 0.049020 0.039522
0 0.088644 0.464308 0.073529 0.037684
0 0.162786 0.464920 0.067402 0.036458
0 0.233864 0.466912 0.064951 0.039828
0 0.378676 0.430453 0.059641 0.041054
0 0.440768 0.432904 0.062908 0.037377
0 0.506740 0.433670 0.064134 0.039522
0 0.575980 0.431526 0.068627 0.042586
0 0.640319 0.433058 0.055964 0.040748
0 0.710172 0.434130 0.075572 0.039828
0 0.781863 0.433211 0.061275 0.036152
0 0.379289 0.472273 0.060866 0.038909
0 0.445057 0.472120 0.064951 0.039216
0 0.510417 0.474265 0.061683 0.035539
0 0.576185 0.474112 0.062500 0.035233
0 0.641136 0.474112 0.057598 0.037684
0 0.707721 0.474724 0.070670 0.036458
0 0.778391 0.476562 0.064134 0.040135
0 0.929739 0.436275 0.075163 0.026961
0 0.934436 0.475490 0.087827 0.042892
0 0.195466 0.580729 0.085376 0.044424
0 0.378268 0.550551 0.062092 0.044730
0 0.512255 0.553156 0.065359 0.044424
0 0.501838 0.119638 0.051062 0.030331
0 0.452206 0.172641 0.055556 0.032169
0 0.395221 0.118107 0.049428 0.029718
0 0.873775 0.798254 0.097222 0.064645
0 0.314134 0.815870 0.061275 0.039216
0 0.378881 0.814338 0.056781 0.044118
0 0.441993 0.816176 0.058824 0.037377
0 0.506332 0.816023 0.060049 0.039522
0 0.567606 0.816483 0.061683 0.037377
0 0.633578 0.817555 0.062908 0.037684
0 0.700368 0.818321 0.069036 0.041054
0 0.770221 0.820466 0.064951 0.038603
0 0.304943 0.882966 0.046160 0.042892
0 0.303513 0.928922 0.057190 0.041667
0 0.380719 0.881127 0.090686 0.041667
0 0.482435 0.879442 0.099673 0.035233
0 0.774510 0.780178 0.062908 0.038297
0 0.287990 0.856464 0.094771 0.095895
0 0.465686 0.927696 0.089052 0.046569
0 0.553105 0.926471 0.080065 0.053922
0 0.643178 0.880515 0.091912 0.037990
0 0.758170 0.888787 0.117647 0.039216
0 0.858252 0.591605 0.075980 0.043505
0 0.754698 0.931219 0.123775 0.037071
0 0.962010 0.909314 0.075980 0.072917
0 0.965482 0.794577 0.069036 0.079963
0 0.447917 0.117494 0.050245 0.031556
0 0.516544 0.520221 0.063317 0.021446
0 0.450572 0.519761 0.062908 0.019301
0 0.384600 0.519148 0.064951 0.019301
0 0.947100 0.581801 0.089461 0.051471
0 0.375817 0.928768 0.080882 0.043811
0 0.704044 0.777880 0.066585 0.039216
0 0.642974 0.927390 0.088235 0.050858
0 0.784926 0.753523 0.067402 0.015012
0 0.328840 0.105545 0.074346 0.037684
0 0.637051 0.777574 0.060049 0.037990
0 0.393587 0.082108 0.052696 0.038603
0 0.448529 0.081189 0.051471 0.038603
0 0.446487 0.772212 0.063725 0.043811
0 0.139297 0.104167 0.090686 0.033088
0 0.512868 0.771446 0.063317 0.044730
0 0.572100 0.774663 0.051062 0.042586
0 0.045343 0.103554 0.090686 0.033701
0 0.314338 0.069547 0.078840 0.024510
0 0.225286 0.073070 0.091912 0.025429
0 0.133374 0.073836 0.082108 0.023284
0 0.043505 0.073223 0.087010 0.023284
0 0.242239 0.105852 0.095588 0.035846
0 0.823529 0.020680 0.100490 0.038909
0 0.923815 0.022978 0.090278 0.041054
0 0.710784 0.750153 0.073529 0.014400
0 0.119690 0.018076 0.091503 0.031863
0 0.384804 0.018689 0.054739 0.030637
0 0.443832 0.018689 0.059232 0.032475
0 0.210580 0.019301 0.085376 0.033701
0 0.503881 0.017004 0.055147 0.034007
0 0.557802 0.018689 0.042075 0.032475
0 0.614379 0.019761 0.058007 0.033395
0 0.673815 0.020680 0.052696 0.031556
0 0.731209 0.022518 0.053922 0.030331
0 0.502247 0.081036 0.048611 0.038909
0 0.634804 0.749540 0.068627 0.015012
