0 0.043096 0.842678 0.074755 0.019301
0 0.143995 0.422488 0.065768 0.020221
0 0.037173 0.883732 0.064542 0.019301
0 0.252042 0.323070 0.150327 0.025429
0 0.252042 0.293352 0.150327 0.034620
0 0.408088 0.300398 0.156863 0.067708
0 0.565972 0.275429 0.144199 0.022672
0 0.565972 0.299020 0.152369 0.020221
0 0.568015 0.322610 0.153186 0.020833
0 0.731618 0.277574 0.116830 0.015931
0 0.732026 0.298407 0.119281 0.021446
0 0.860090 0.276195 0.125408 0.023591
0 0.859273 0.299939 0.126225 0.023284
0 0.854984 0.323376 0.119281 0.021752
0 0.043301 0.255208 0.086601 0.093137
0 0.045139 0.328278 0.083742 0.045037
0 0.043505 0.375460 0.087010 0.047488
0 0.131944 0.376532 0.086601 0.022059
0 0.130106 0.399663 0.090278 0.020527
0 0.082721 0.579963 0.074755 0.079657
0 0.718546 0.323529 0.146242 0.023284
0 0.517361 0.898897 0.121324 0.024510
0 0.035539 0.920956 0.064542 0.018382
0 0.571283 0.113817 0.146650 0.026042
0 0.736928 0.091912 0.102941 0.012868
0 0.713235 0.068627 0.140523 0.030637
0 0.410131 0.102328 0.159314 0.052696
0 0.245098 0.111060 0.160948 0.029105
0 0.244690 0.082108 0.160948 0.030025
0 0.713848 0.112592 0.139297 0.023591
0 0.100490 0.111213 0.118464 0.028799
0 0.770629 0.917279 0.123775 0.018382
0 0.774306 0.899510 0.130310 0.018382
0 0.774714 0.880668 0.128676 0.018076
0 0.766953 0.860141 0.131127 0.021140
0 0.769199 0.838848 0.126634 0.021446
0 0.643791 0.918964 0.121732 0.017463
0 0.100286 0.078891 0.118056 0.034007
0 0.644608 0.900123 0.123366 0.019608
0 0.855596 0.087776 0.127859 0.030331
0 0.163603 0.511795 0.077206 0.023591
0 0.267565 0.489737 0.120915 0.022978
0 0.270833 0.466605 0.115196 0.023897
0 0.833129 0.370404 0.131127 0.025123
0 0.827206 0.397365 0.134804 0.022672
0 0.826797 0.422794 0.125000 0.020833
0 0.684641 0.422488 0.134804 0.020221
0 0.855596 0.114277 0.131127 0.022672
0 0.686479 0.398131 0.137663 0.023591
0 0.552900 0.372702 0.122958 0.018076
0 0.549020 0.395833 0.125000 0.016544
0 0.549020 0.420650 0.130719 0.026348
0 0.401961 0.399357 0.152778 0.066483
0 0.256740 0.395374 0.127859 0.018076
0 0.249183 0.421415 0.138072 0.022978
0 0.690972 0.369179 0.140931 0.025123
0 0.645221 0.880668 0.122141 0.018076
0 0.641544 0.862132 0.113971 0.019608
0 0.640114 0.840686 0.116013 0.022672
0 0.658088 0.794884 0.124183 0.019301
0 0.658497 0.775123 0.125817 0.018382
0 0.659314 0.754136 0.125000 0.022365
0 0.660335 0.730699 0.119690 0.013480
0 0.531454 0.794884 0.118464 0.019301
0 0.533701 0.774510 0.122958 0.022059
0 0.784518 0.732996 0.123775 0.022978
0 0.536560 0.752451 0.118056 0.021446
0 0.407884 0.775429 0.120507 0.022672
0 0.411152 0.753983 0.116422 0.020221
0 0.413807 0.731924 0.120098 0.022059
0 0.273080 0.793964 0.142565 0.018689
0 0.164624 0.486979 0.079248 0.026042
0 0.069649 0.468903 0.082108 0.079963
0 0.407475 0.795956 0.120507 0.017157
0 0.787582 0.755974 0.125000 0.021140
0 0.786560 0.777114 0.129493 0.019301
0 0.783497 0.795956 0.123366 0.019608
0 0.518382 0.878217 0.119281 0.016238
0 0.518178 0.859528 0.119690 0.018076
0 0.517770 0.840993 0.120507 0.017157
0 0.393178 0.921569 0.120507 0.017157
0 0.391748 0.904259 0.116830 0.018689
0 0.393791 0.883272 0.112745 0.022672
0 0.394812 0.862439 0.116422 0.018995
0 0.396855 0.842678 0.113154 0.018689
0 0.265931 0.920190 0.125000 0.017463
0 0.267361 0.904259 0.127042 0.013787
0 0.264502 0.889553 0.125408 0.015012
0 0.265523 0.869638 0.126634 0.021140
0 0.271038 0.839920 0.127859 0.014400
0 0.140523 0.918045 0.126634 0.021752
0 0.138889 0.895833 0.129085 0.020833
0 0.269199 0.511029 0.121732 0.018382
0 0.408701 0.469210 0.149101 0.018689
0 0.521446 0.920037 0.122958 0.015319
0 0.406454 0.514706 0.147876 0.022672
0 0.089052 0.664369 0.071895 0.056066
0 0.795139 0.604320 0.122141 0.018689
0 0.792075 0.587316 0.118464 0.017157
0 0.789624 0.567096 0.126634 0.022059
0 0.667075 0.602482 0.122549 0.018076
0 0.659926 0.570466 0.120507 0.022672
0 0.172998 0.645527 0.077206 0.017157
0 0.538807 0.579350 0.116830 0.023897
0 0.407067 0.603554 0.136846 0.020221
0 0.406046 0.580270 0.135621 0.026961
0 0.415033 0.557138 0.130719 0.018689
0 0.268178 0.605086 0.136846 0.022059
0 0.266136 0.581648 0.134395 0.024203
0 0.162377 0.602175 0.073121 0.025429
0 0.541667 0.604626 0.123366 0.020527
0 0.132149 0.290288 0.081291 0.026042
0 0.850899 0.222273 0.120915 0.024816
0 0.857843 0.194547 0.126634 0.023284
0 0.408701 0.491268 0.150735 0.022365
0 0.113154 0.161458 0.116013 0.026961
0 0.112949 0.189798 0.121324 0.030331
0 0.134395 0.219822 0.084967 0.027267
0 0.249592 0.164216 0.151961 0.024510
0 0.251838 0.192249 0.149918 0.027880
0 0.253064 0.220282 0.154003 0.028799
0 0.740400 0.155331 0.102533 0.012255
0 0.720180 0.178309 0.142974 0.025123
0 0.739583 0.198683 0.097631 0.012561
0 0.566381 0.195772 0.140931 0.024510
0 0.410743 0.196078 0.161356 0.077206
0 0.564338 0.222273 0.145016 0.024816
0 0.714257 0.222733 0.141748 0.026348
0 0.861520 0.170803 0.119281 0.023591
0 0.161152 0.577972 0.069853 0.024203
0 0.160539 0.556373 0.071078 0.017770
0 0.134191 0.321232 0.085376 0.027880
0 0.802696 0.513021 0.113562 0.018689
0 0.407475 0.692249 0.119690 0.021752
0 0.281454 0.688419 0.125817 0.018995
0 0.281658 0.669118 0.123775 0.019608
0 0.279003 0.650123 0.120915 0.019608
0 0.036152 0.901961 0.065768 0.018382
0 0.173815 0.666207 0.075572 0.022978
0 0.806985 0.492800 0.119690 0.021752
0 0.805351 0.469669 0.120507 0.022672
0 0.676062 0.513787 0.133170 0.024510
0 0.675449 0.489430 0.131127 0.021140
0 0.673815 0.468137 0.134395 0.020833
0 0.547181 0.514706 0.122141 0.020221
0 0.544730 0.491268 0.116422 0.024816
0 0.258783 0.560355 0.109886 0.014093
0 0.546773 0.467525 0.107435 0.022059
0 0.407475 0.667433 0.120507 0.022365
0 0.408292 0.646906 0.118056 0.018689
0 0.177492 0.687806 0.081291 0.020221
0 0.942606 0.623775 0.020016 0.067402
0 0.530842 0.648438 0.122958 0.015625
0 0.273489 0.750306 0.135212 0.020833
0 0.109069 0.816483 0.075980 0.018995
0 0.096814 0.786765 0.083333 0.035539
0 0.089869 0.729933 0.081699 0.073836
0 0.885825 0.656710 0.064134 0.050551
0 0.271855 0.772825 0.139297 0.022978
0 0.777369 0.688879 0.125817 0.024816
0 0.775940 0.647365 0.126225 0.020221
0 0.652369 0.690717 0.107843 0.021140
0 0.656046 0.668658 0.111111 0.022978
0 0.652574 0.646906 0.113154 0.021140
0 0.530433 0.690717 0.120507 0.019301
0 0.531046 0.669271 0.123366 0.024203
0 0.776757 0.667126 0.125408 0.018689
