0 0.715939 0.316799 0.085317 0.123016
0 0.625496 0.314980 0.087632 0.126653
0 0.509259 0.335979 0.054233 0.082011
0 0.444610 0.334491 0.054563 0.086310
0 0.386409 0.312169 0.060516 0.130291
0 0.322255 0.311343 0.064484 0.127976
0 0.270668 0.312004 0.035384 0.127315
0 0.126157 0.329365 0.060516 0.082011
0 0.064319 0.306217 0.061177 0.130291
0 0.821429 0.183201 0.031085 0.095238
0 0.916997 0.108135 0.097884 0.031746
0 0.772983 0.328208 0.025463 0.102183
0 0.766038 0.180390 0.073743 0.101521
0 0.656581 0.586806 0.071098 0.106812
0 0.908730 0.589947 0.044974 0.093254
0 0.853671 0.587136 0.059854 0.096892
0 0.787037 0.588294 0.070767 0.104497
0 0.720569 0.587632 0.057540 0.101190
0 0.921958 0.180060 0.078704 0.106151
0 0.807209 0.335648 0.041005 0.088624
0 0.866898 0.462302 0.059854 0.106481
0 0.979001 0.330853 0.041997 0.105489
0 0.340112 0.582011 0.049272 0.109127
0 0.276786 0.579861 0.074074 0.106812
0 0.212798 0.583995 0.051257 0.100529
0 0.160714 0.582672 0.050265 0.100529
0 0.106647 0.582341 0.055225 0.101190
0 0.051753 0.581019 0.048611 0.104497
0 0.962963 0.588790 0.055556 0.098214
0 0.811343 0.461640 0.051918 0.105820
0 0.756283 0.460648 0.052249 0.103836
0 0.910549 0.323082 0.092262 0.140212
0 0.697586 0.461806 0.059193 0.100198
0 0.572751 0.467593 0.035053 0.083995
0 0.523975 0.467262 0.055225 0.082011
0 0.469577 0.466601 0.049603 0.089286
0 0.410384 0.451554 0.062831 0.116071
0 0.357804 0.470569 0.037037 0.075397
0 0.293485 0.447917 0.064484 0.106812
0 0.182209 0.466766 0.050265 0.079696
0 0.122024 0.448578 0.066799 0.107474
0 0.054233 0.462632 0.062831 0.076058
0 0.628968 0.456349 0.073413 0.109127
0 0.050926 0.697586 0.034392 0.090939
0 0.378803 0.712136 0.040675 0.074405
0 0.124173 0.700066 0.037368 0.090608
0 0.815311 0.825397 0.024140 0.080026
0 0.855655 0.835648 0.047288 0.088624
0 0.928406 0.837798 0.041336 0.088294
0 0.768188 0.106978 0.080688 0.038690
0 0.701389 0.177745 0.052910 0.102844
0 0.648975 0.184193 0.048611 0.099868
0 0.597718 0.180886 0.051257 0.093915
0 0.968419 0.839120 0.037368 0.085648
0 0.076058 0.977183 0.078042 0.045635
0 0.275298 0.950893 0.034722 0.093585
0 0.320271 0.951389 0.047950 0.094577
0 0.421958 0.948909 0.045635 0.092262
0 0.645668 0.938327 0.063823 0.065807
0 0.782903 0.836971 0.040675 0.088624
0 0.711640 0.952050 0.070767 0.095899
0 0.864583 0.948909 0.040675 0.080357
0 0.928075 0.954365 0.064484 0.091270
0 0.028604 0.103836 0.056548 0.033730
0 0.022817 0.174603 0.042989 0.092593
0 0.071429 0.171792 0.051587 0.100198
0 0.126819 0.172454 0.057209 0.100198
0 0.213459 0.182044 0.052579 0.085648
0 0.270007 0.178571 0.055886 0.091270
0 0.334987 0.174272 0.056217 0.106481
0 0.388889 0.180060 0.048942 0.092923
0 0.437831 0.182870 0.043651 0.092593
0 0.486938 0.181052 0.053241 0.090939
0 0.542659 0.182374 0.054233 0.098876
0 0.812335 0.952712 0.063823 0.094577
0 0.738261 0.835648 0.042659 0.091270
0 0.688657 0.818948 0.039352 0.088955
0 0.625165 0.829200 0.039352 0.108796
0 0.177249 0.702216 0.059524 0.084987
0 0.241237 0.709160 0.053241 0.075066
0 0.288690 0.710317 0.028439 0.063492
0 0.325397 0.710979 0.034392 0.064815
0 0.431217 0.713955 0.051587 0.065476
0 0.484623 0.725694 0.053241 0.042659
0 0.539848 0.726852 0.055886 0.043651
0 0.605324 0.697090 0.054563 0.037037
0 0.658234 0.692130 0.047950 0.036376
0 0.603836 0.732308 0.051587 0.030754
0 0.656746 0.726190 0.047619 0.030423
0 0.712963 0.683366 0.049603 0.043320
0 0.713128 0.731647 0.047288 0.050595
0 0.754464 0.711144 0.031415 0.047950
0 0.817626 0.718089 0.061839 0.069114
0 0.878803 0.716766 0.059854 0.073743
0 0.929067 0.716601 0.038029 0.070767
0 0.972222 0.713624 0.044974 0.076058
0 0.051091 0.822586 0.032738 0.108135
0 0.081184 0.822090 0.025463 0.106481
0 0.109623 0.821759 0.032077 0.106481
0 0.146660 0.822421 0.034061 0.108466
0 0.187831 0.818122 0.042328 0.099206
0 0.236938 0.805225 0.049272 0.078042
0 0.293816 0.845238 0.062500 0.076720
0 0.336640 0.815972 0.021164 0.068452
0 0.425926 0.847222 0.058201 0.070767
0 0.484458 0.846230 0.060185 0.074074
0 0.586806 0.830522 0.036706 0.097553
0 0.086310 0.699570 0.033730 0.087632
0 0.233300 0.950893 0.046627 0.098214
0 0.460979 0.583168 0.053571 0.104167
0 0.402282 0.582176 0.063823 0.104167
0 0.596396 0.585648 0.048611 0.106481
0 0.530093 0.585317 0.082011 0.105159
