0 0.493359 0.883854 0.027344 0.083333
0 0.463281 0.895573 0.032031 0.061979
0 0.416797 0.901563 0.052344 0.044792
0 0.370508 0.887500 0.030859 0.082292
0 0.337305 0.888802 0.036328 0.079687
0 0.292969 0.882031 0.048438 0.083854
0 0.235156 0.883594 0.061719 0.090104
0 0.086914 0.880729 0.060547 0.104167
0 0.038281 0.878385 0.032031 0.097396
0 0.417187 0.861719 0.053125 0.034896
0 0.142773 0.888802 0.048047 0.088021
0 0.186328 0.882552 0.035156 0.092188
0 0.520508 0.048177 0.021484 0.025521
0 0.322070 0.153646 0.036328 0.086458
0 0.364844 0.153385 0.047656 0.088021
0 0.421484 0.149740 0.057031 0.097396
0 0.477930 0.150260 0.055859 0.092188
0 0.531641 0.153385 0.050000 0.094271
0 0.582031 0.154427 0.048438 0.093229
0 0.632227 0.157552 0.052734 0.091146
0 0.676953 0.140885 0.037500 0.124479
0 0.270898 0.148177 0.064453 0.031771
0 0.718555 0.139323 0.047266 0.120313
0 0.813672 0.140625 0.055469 0.115625
0 0.864062 0.150000 0.044531 0.096875
0 0.908203 0.152344 0.043750 0.101562
0 0.951953 0.148698 0.042188 0.108854
0 0.534961 0.434115 0.030078 0.026562
0 0.505664 0.479167 0.027734 0.084375
0 0.470508 0.473698 0.038672 0.094271
0 0.429102 0.475781 0.041797 0.097396
0 0.762305 0.163542 0.040234 0.070833
0 0.265820 0.184115 0.068359 0.030729
0 0.204102 0.142708 0.062891 0.029167
0 0.196289 0.180208 0.066797 0.042708
0 0.225391 0.036198 0.017969 0.056771
0 0.207617 0.032292 0.015234 0.052083
0 0.189258 0.034635 0.019922 0.058854
0 0.171680 0.034635 0.015234 0.059896
0 0.155859 0.037240 0.016406 0.058854
0 0.125586 0.039844 0.024609 0.046354
0 0.030078 0.077604 0.014063 0.037500
0 0.041992 0.078646 0.012891 0.037500
0 0.057031 0.078906 0.015625 0.038021
0 0.073047 0.079427 0.015625 0.036979
0 0.088477 0.080990 0.013672 0.044271
0 0.100586 0.081771 0.010547 0.043750
0 0.027734 0.149479 0.028125 0.060417
0 0.052344 0.148958 0.021094 0.058333
0 0.070898 0.147656 0.014453 0.058854
0 0.088281 0.149740 0.019531 0.060937
0 0.106641 0.148177 0.017188 0.063021
0 0.234766 0.098698 0.046875 0.050521
0 0.136719 0.148698 0.042969 0.094271
0 0.384766 0.477604 0.048438 0.094792
0 0.241016 0.035937 0.014844 0.057292
0 0.343164 0.477604 0.033984 0.093750
0 0.258789 0.477344 0.039453 0.093229
0 0.289648 0.747656 0.037891 0.092188
0 0.242188 0.753646 0.051562 0.072917
0 0.174023 0.748177 0.063672 0.088021
0 0.124219 0.747917 0.032031 0.085417
0 0.076367 0.750000 0.060547 0.083333
0 0.022656 0.750260 0.042188 0.084896
0 0.976758 0.889323 0.041797 0.066146
0 0.928125 0.899479 0.051562 0.054167
0 0.329492 0.760417 0.030859 0.057292
0 0.858008 0.887500 0.030078 0.092708
0 0.761328 0.884115 0.043750 0.086979
0 0.710938 0.879948 0.053125 0.079687
0 0.663867 0.882552 0.037109 0.084896
0 0.627539 0.889062 0.031641 0.075000
0 0.594531 0.880729 0.032813 0.086458
0 0.560937 0.884115 0.035156 0.081771
0 0.526172 0.885938 0.034375 0.087500
0 0.498242 0.049479 0.020703 0.030208
0 0.812500 0.887240 0.056250 0.079687
0 0.358789 0.757031 0.025391 0.061979
0 0.388477 0.752083 0.027734 0.072917
0 0.418555 0.746615 0.030859 0.092188
0 0.218555 0.467708 0.033984 0.109375
0 0.176367 0.466146 0.045703 0.109375
0 0.122070 0.497396 0.058984 0.044792
0 0.061523 0.485417 0.062109 0.076042
0 0.973047 0.757031 0.030469 0.070312
0 0.942969 0.754687 0.029687 0.073958
0 0.912500 0.754427 0.027344 0.073438
0 0.884180 0.758073 0.029297 0.069271
0 0.830078 0.755208 0.025000 0.067708
0 0.801367 0.756510 0.032422 0.069271
0 0.769531 0.758854 0.029687 0.065625
0 0.733789 0.760156 0.040234 0.069271
0 0.692578 0.753646 0.042188 0.081250
0 0.651563 0.752083 0.036719 0.078125
0 0.612891 0.747396 0.037500 0.079167
0 0.569141 0.741406 0.049219 0.093229
0 0.525000 0.739062 0.038281 0.088542
0 0.487695 0.741667 0.036328 0.082292
0 0.452539 0.746094 0.032422 0.094271
0 0.302734 0.476823 0.046094 0.096354
0 0.259180 0.037240 0.019141 0.056771
0 0.855859 0.755729 0.026562 0.067708
0 0.292773 0.036198 0.017578 0.056771
0 0.698438 0.321875 0.036719 0.071875
0 0.659961 0.321094 0.038672 0.069271
0 0.618359 0.310417 0.040625 0.107292
0 0.569336 0.310677 0.039453 0.105729
0 0.520703 0.315885 0.052344 0.090104
0 0.473047 0.321615 0.042969 0.078646
0 0.426367 0.326042 0.043359 0.075000
0 0.381445 0.329688 0.044922 0.069792
0 0.334570 0.322656 0.043359 0.076563
0 0.287695 0.311719 0.049609 0.098437
0 0.238086 0.310677 0.044141 0.105729
0 0.185352 0.323437 0.062109 0.077083
0 0.118164 0.323958 0.068359 0.070833
0 0.064062 0.320833 0.029687 0.080208
0 0.025000 0.317969 0.037500 0.070312
0 0.972852 0.487240 0.032422 0.074479
0 0.937695 0.473438 0.037891 0.103125
0 0.899023 0.488281 0.033203 0.076563
0 0.866797 0.488802 0.031250 0.072396
0 0.730859 0.323958 0.026562 0.076042
0 0.834766 0.495312 0.028906 0.060417
0 0.763477 0.324219 0.037891 0.076563
0 0.840625 0.325000 0.030469 0.072917
0 0.478320 0.048698 0.019141 0.031771
0 0.277539 0.036458 0.013672 0.056250
0 0.543359 0.077344 0.019531 0.052604
0 0.566797 0.077604 0.026562 0.053125
0 0.592578 0.081510 0.022656 0.043229
0 0.617969 0.071615 0.023438 0.069271
0 0.641602 0.071875 0.023047 0.064583
0 0.678125 0.053646 0.021875 0.043750
0 0.699609 0.052865 0.019531 0.049479
0 0.720117 0.053646 0.022266 0.043750
0 0.784570 0.041146 0.044141 0.071875
0 0.826367 0.053385 0.034766 0.050521
0 0.864844 0.059635 0.029687 0.076563
0 0.894922 0.058854 0.030469 0.077083
0 0.943555 0.036979 0.021484 0.058333
0 0.970703 0.038021 0.021875 0.060417
0 0.976758 0.324219 0.034766 0.076563
0 0.938086 0.315104 0.041016 0.093750
0 0.899219 0.315625 0.036719 0.094792
0 0.805273 0.314323 0.040234 0.093229
0 0.805859 0.487500 0.027344 0.075000
0 0.868164 0.323698 0.022266 0.076563
0 0.750391 0.482292 0.029687 0.080208
0 0.985156 0.626823 0.025000 0.067187
0 0.961523 0.624479 0.020703 0.072917
0 0.932617 0.625000 0.037109 0.072917
0 0.897656 0.623177 0.032813 0.075521
0 0.863672 0.623698 0.024219 0.078646
0 0.836914 0.625000 0.030078 0.076042
0 0.806250 0.624740 0.030469 0.075521
0 0.774609 0.620573 0.032813 0.082812
0 0.702344 0.613281 0.042188 0.090104
0 0.662891 0.615365 0.036719 0.094271
0 0.629492 0.629167 0.027734 0.061458
0 0.600586 0.618229 0.030078 0.082292
0 0.455469 0.050521 0.022656 0.023958
0 0.437109 0.050000 0.012500 0.026042
0 0.404687 0.048438 0.028125 0.028125
0 0.377930 0.049479 0.023828 0.030208
0 0.779687 0.486458 0.026562 0.072917
0 0.352930 0.050260 0.023828 0.024479
0 0.329297 0.048958 0.024219 0.027083
0 0.061523 0.642708 0.063672 0.037500
0 0.058984 0.597396 0.063281 0.048958
0 0.741016 0.618490 0.035156 0.078646
0 0.132227 0.646094 0.066797 0.033854
0 0.656055 0.488281 0.030078 0.071354
0 0.133008 0.601823 0.062109 0.044271
0 0.717578 0.481510 0.034375 0.080729
0 0.626563 0.481771 0.029687 0.086458
0 0.574414 0.509635 0.013672 0.066146
0 0.581250 0.416667 0.025000 0.078125
0 0.686523 0.487760 0.027734 0.074479
0 0.532227 0.546354 0.027734 0.045833
0 0.533398 0.620573 0.035547 0.090104
0 0.563477 0.630469 0.020703 0.081771
0 0.225977 0.620573 0.036328 0.090104
0 0.455859 0.617188 0.039062 0.084375
0 0.417187 0.618229 0.032813 0.085417
0 0.382227 0.618490 0.037891 0.084896
0 0.343359 0.619792 0.039844 0.085417
0 0.303711 0.612240 0.038672 0.096354
0 0.264258 0.618229 0.039453 0.085417
0 0.494531 0.617188 0.036719 0.085417
0 0.187695 0.621094 0.040234 0.086979
