0 0.916667 0.610447 0.066176 0.036458
0 0.801675 0.529871 0.052696 0.028493
0 0.863971 0.412684 0.024510 0.098039
0 0.897467 0.417586 0.040033 0.089461
0 0.513889 0.676624 0.078431 0.027880
0 0.620915 0.714154 0.090686 0.030025
0 0.624592 0.673866 0.075980 0.030944
0 0.636642 0.640778 0.073938 0.025429
0 0.633783 0.606005 0.082108 0.034314
0 0.750000 0.776348 0.089052 0.030025
0 0.767770 0.737132 0.095180 0.033088
0 0.774510 0.699908 0.100490 0.027880
0 0.777982 0.650582 0.103350 0.037071
0 0.897263 0.839154 0.063317 0.033088
0 0.914624 0.801011 0.073529 0.033395
0 0.923407 0.755668 0.087827 0.026654
0 0.860294 0.547028 0.057190 0.034007
0 0.925449 0.705882 0.093546 0.025735
0 0.559436 0.514706 0.038807 0.034314
0 0.599265 0.521906 0.035948 0.022365
0 0.640319 0.537224 0.039624 0.033395
0 0.686070 0.550551 0.047794 0.029412
0 0.737745 0.561734 0.049837 0.027267
0 0.793505 0.576440 0.056781 0.027880
0 0.850286 0.591605 0.045343 0.031863
0 0.472222 0.458333 0.036765 0.029412
0 0.525123 0.469363 0.030637 0.034926
0 0.564338 0.479013 0.041258 0.022978
0 0.608456 0.485294 0.042892 0.028186
0 0.655637 0.500919 0.035131 0.030637
0 0.695874 0.510263 0.040441 0.032782
0 0.748366 0.519608 0.044118 0.034314
0 0.467320 0.491115 0.037582 0.030025
0 0.518995 0.505821 0.036356 0.030637
0 0.773693 0.405178 0.028595 0.088542
0 0.927900 0.558211 0.065768 0.032475
0 0.437296 0.636642 0.055964 0.021446
0 0.445261 0.607537 0.049837 0.022059
0 0.446078 0.578738 0.038399 0.024510
0 0.451593 0.541513 0.059232 0.022365
0 0.971814 0.427543 0.041667 0.099571
0 0.822917 0.244485 0.045343 0.136642
0 0.885417 0.243260 0.061683 0.139093
0 0.943832 0.241422 0.053513 0.142157
0 0.517770 0.570466 0.060049 0.022059
0 0.774918 0.248928 0.044118 0.130208
0 0.685049 0.253370 0.036765 0.114583
0 0.646855 0.250153 0.040441 0.121630
0 0.931985 0.422794 0.029003 0.101716
0 0.572100 0.249540 0.034722 0.115502
0 0.536969 0.248928 0.034722 0.113664
0 0.506740 0.252298 0.025735 0.106311
0 0.479371 0.249234 0.031454 0.100797
0 0.450163 0.249540 0.027778 0.096507
0 0.726307 0.254596 0.045752 0.118260
0 0.521855 0.604013 0.064951 0.022365
0 0.608252 0.246477 0.036765 0.116115
0 0.689338 0.397825 0.024918 0.077512
0 0.638685 0.393536 0.024101 0.066483
0 0.664624 0.393382 0.026144 0.067402
0 0.716095 0.398438 0.029412 0.077512
0 0.743873 0.403646 0.024510 0.087316
0 0.555147 0.379749 0.024510 0.064032
0 0.799632 0.407169 0.024918 0.091912
0 0.832721 0.407475 0.038807 0.088235
0 0.609477 0.389246 0.034314 0.059130
0 0.536356 0.379442 0.014706 0.060968
0 0.517157 0.635417 0.062092 0.021446
0 0.579453 0.382659 0.024101 0.071691
