0 0.915237 0.545496 0.051062 0.021752
0 0.487337 0.587776 0.036765 0.043199
0 0.530637 0.589308 0.037582 0.043199
0 0.569649 0.587776 0.037990 0.046262
0 0.585580 0.407629 0.027369 0.018689
0 0.536765 0.428309 0.045752 0.020833
0 0.608252 0.587316 0.038399 0.055147
0 0.650735 0.585938 0.040850 0.055453
0 0.691789 0.586550 0.041258 0.056066
0 0.732639 0.584712 0.037173 0.049939
0 0.553513 0.405637 0.027778 0.020833
0 0.520833 0.406403 0.026961 0.019301
0 0.480596 0.405944 0.028186 0.021446
0 0.465074 0.427237 0.052696 0.018689
0 0.394199 0.425398 0.049020 0.021752
0 0.612745 0.403033 0.017157 0.022365
0 0.795752 0.535233 0.064542 0.067402
0 0.335172 0.425705 0.051062 0.019301
0 0.324142 0.404871 0.024918 0.019301
0 0.294526 0.410080 0.030229 0.059130
0 0.863154 0.564951 0.044935 0.017770
0 0.510212 0.515931 0.022876 0.015931
0 0.354779 0.491115 0.021650 0.017770
0 0.554330 0.517463 0.020425 0.015319
0 0.960580 0.261029 0.020016 0.015319
0 0.903799 0.249847 0.018382 0.012561
0 0.880106 0.248775 0.018382 0.013480
0 0.887663 0.354013 0.050654 0.046875
0 0.800858 0.351869 0.044526 0.045650
0 0.845792 0.349265 0.035539 0.056373
0 0.734681 0.422028 0.050245 0.037684
0 0.662377 0.426624 0.051879 0.021140
0 0.601307 0.429688 0.049837 0.020527
0 0.985907 0.356158 0.027369 0.048100
0 0.533292 0.517004 0.021650 0.014400
0 0.982843 0.441483 0.030229 0.050858
0 0.895016 0.445159 0.022059 0.032475
0 0.866013 0.441330 0.033497 0.046875
0 0.794322 0.439645 0.044526 0.047181
0 0.738971 0.508119 0.041667 0.032169
0 0.688317 0.508272 0.039216 0.032475
0 0.638480 0.471967 0.042484 0.027880
0 0.641544 0.509344 0.040441 0.025429
0 0.447100 0.568321 0.037990 0.049632
0 0.592729 0.505974 0.041667 0.031556
0 0.554126 0.485600 0.020016 0.016544
0 0.943832 0.431219 0.037990 0.059130
0 0.404616 0.572610 0.047794 0.045343
0 0.104167 0.578278 0.035948 0.049939
0 0.287786 0.583027 0.051062 0.056373
0 0.855596 0.246477 0.020833 0.015625
0 0.857843 0.261336 0.012255 0.009804
0 0.100694 0.498009 0.059232 0.041360
0 0.178309 0.485294 0.051062 0.060662
0 0.208946 0.505055 0.013480 0.022978
0 0.424020 0.323223 0.022059 0.052696
0 0.448938 0.323836 0.029412 0.050858
0 0.476103 0.327665 0.023284 0.045650
0 0.983456 0.240196 0.018382 0.016544
0 0.499183 0.322917 0.022059 0.055760
0 0.482843 0.248775 0.044935 0.091299
0 0.531454 0.296262 0.048203 0.108456
0 0.574755 0.292739 0.040033 0.114277
0 0.619690 0.294424 0.039216 0.114583
0 0.661560 0.295956 0.033088 0.111520
0 0.701389 0.296569 0.035131 0.109069
0 0.747549 0.296109 0.041667 0.111826
0 0.789216 0.251072 0.017157 0.008885
0 0.812500 0.268076 0.012255 0.010417
0 0.223652 0.507200 0.012663 0.027267
0 0.814747 0.251991 0.016748 0.013787
0 0.262663 0.508732 0.039216 0.024203
0 0.311275 0.506127 0.037582 0.028186
0 0.386029 0.507506 0.019608 0.018076
0 0.355596 0.512408 0.023284 0.018076
0 0.399101 0.325061 0.023693 0.053309
0 0.342320 0.583027 0.052288 0.053309
0 0.363154 0.315564 0.038399 0.069853
0 0.380106 0.487286 0.020833 0.019914
0 0.239583 0.569393 0.044526 0.029105
0 0.016748 0.587469 0.033497 0.036458
0 0.065155 0.578431 0.035539 0.056985
0 0.153186 0.584099 0.057190 0.038909
0 0.898693 0.265625 0.021242 0.015319
0 0.016544 0.498009 0.029003 0.047488
0 0.266953 0.409314 0.026552 0.060662
0 0.243056 0.409620 0.021242 0.051471
0 0.209967 0.406556 0.032680 0.055147
0 0.011642 0.400276 0.023284 0.019914
0 0.034722 0.399050 0.017974 0.020527
0 0.086193 0.390165 0.052288 0.035233
0 0.152778 0.393689 0.064542 0.042279
0 0.025735 0.275888 0.047386 0.019301
0 0.025327 0.302390 0.050654 0.027574
0 0.029208 0.327819 0.049428 0.023284
0 0.106822 0.251685 0.071487 0.071385
0 0.217525 0.318781 0.043709 0.056679
0 0.531658 0.485600 0.022467 0.016544
0 0.511642 0.485447 0.020833 0.016238
0 0.471814 0.505055 0.040033 0.035846
0 0.053309 0.488358 0.038807 0.060662
0 0.422386 0.504749 0.040850 0.032169
0 0.257761 0.323070 0.028595 0.049326
0 0.283088 0.324142 0.015523 0.045343
0 0.319240 0.314951 0.049428 0.071691
0 0.957721 0.242647 0.023284 0.017770
0 0.954861 0.359069 0.025735 0.034314
0 0.902369 0.127911 0.022876 0.137561
0 0.768587 0.788297 0.031454 0.025123
0 0.877042 0.824142 0.042484 0.009804
0 0.874592 0.797641 0.054739 0.046875
0 0.966912 0.740349 0.024510 0.022365
0 0.933415 0.713542 0.022059 0.023897
0 0.966095 0.715839 0.022876 0.025429
0 0.938930 0.739124 0.024101 0.026654
0 0.781454 0.834406 0.042484 0.061581
0 0.903186 0.737745 0.038399 0.036765
0 0.815359 0.733609 0.035131 0.040748
0 0.716095 0.742953 0.047386 0.060049
0 0.614379 0.741422 0.045752 0.063725
0 0.552900 0.740962 0.043709 0.056066
0 0.497141 0.746783 0.052288 0.048100
0 0.442606 0.746783 0.051062 0.045037
0 0.396038 0.748928 0.043709 0.046262
0 0.856822 0.734069 0.044526 0.045343
0 0.821487 0.849724 0.017157 0.025429
0 0.931985 0.815870 0.048611 0.028799
0 0.876021 0.852022 0.040441 0.010417
0 0.058824 0.770680 0.079248 0.038297
0 0.931577 0.152574 0.018382 0.095588
0 0.142361 0.835631 0.013480 0.058517
0 0.114379 0.844669 0.037582 0.055760
0 0.174632 0.843597 0.047794 0.057904
0 0.271242 0.829350 0.131536 0.086397
0 0.406454 0.835478 0.107843 0.083946
0 0.503268 0.825827 0.077614 0.077512
0 0.589052 0.855545 0.059641 0.043199
0 0.586601 0.811887 0.071895 0.046569
0 0.699551 0.848652 0.035539 0.044118
0 0.666258 0.869945 0.020425 0.007659
0 0.641544 0.870404 0.018382 0.008578
0 0.666258 0.861673 0.020425 0.010723
0 0.639297 0.860294 0.020425 0.009804
0 0.647876 0.836703 0.040033 0.034926
0 0.875817 0.860294 0.040033 0.011029
0 0.358660 0.737592 0.020425 0.056066
0 0.335989 0.739583 0.026552 0.056373
0 0.669118 0.742800 0.046569 0.059743
0 0.259395 0.758425 0.019608 0.023591
0 0.660743 0.668964 0.069853 0.041360
0 0.291462 0.131587 0.066585 0.076287
0 0.368668 0.124234 0.074755 0.080576
0 0.300449 0.745558 0.046160 0.049326
0 0.861111 0.126685 0.055556 0.131434
0 0.804739 0.127911 0.053922 0.131434
0 0.447712 0.113205 0.073529 0.113664
0 0.730188 0.661458 0.049428 0.055147
0 0.781658 0.638021 0.036356 0.059743
0 0.838235 0.648744 0.054739 0.036458
0 0.909722 0.647059 0.038399 0.045956
0 0.950163 0.649969 0.029412 0.041973
0 0.964052 0.563113 0.040033 0.016544
0 0.913807 0.564951 0.042484 0.013480
0 0.533292 0.123621 0.090278 0.092218
0 0.623366 0.129442 0.080882 0.090993
0 0.713031 0.108609 0.083742 0.120404
0 0.587827 0.650276 0.063725 0.039522
0 0.649510 0.638634 0.051471 0.019301
0 0.923203 0.359375 0.018791 0.037990
0 0.218750 0.133885 0.063317 0.068015
0 0.241830 0.760110 0.018791 0.017157
0 0.218546 0.761795 0.019608 0.016850
0 0.159518 0.761489 0.088644 0.048713
0 0.055964 0.655484 0.043301 0.046262
0 0.137663 0.677237 0.098856 0.064032
0 0.249183 0.634957 0.046569 0.008885
0 0.226511 0.684436 0.052696 0.011029
0 0.226920 0.675551 0.062500 0.009191
0 0.226307 0.659926 0.061275 0.019608
0 0.589869 0.681985 0.065359 0.022059
0 0.370507 0.662071 0.065359 0.014706
0 0.429126 0.681066 0.054330 0.017157
0 0.434436 0.663909 0.060049 0.017157
0 0.398284 0.640012 0.061275 0.028186
0 0.512663 0.671262 0.066176 0.045956
0 0.043301 0.104626 0.082516 0.115502
0 0.127451 0.130362 0.061275 0.073836
0 0.368056 0.680453 0.060458 0.015931
