0 0.344606 0.540745 0.044521 0.069471
0 0.392337 0.538822 0.045805 0.068029
0 0.517765 0.537861 0.066353 0.075721
0 0.585188 0.537981 0.055651 0.075000
0 0.639341 0.537139 0.052654 0.071875
0 0.802440 0.449038 0.062928 0.063462
0 0.695205 0.543870 0.049658 0.070913
0 0.744649 0.546034 0.050086 0.066106
0 0.805437 0.542428 0.051798 0.068029
0 0.855094 0.543630 0.044949 0.063702
0 0.905180 0.541947 0.042380 0.069471
0 0.954409 0.543149 0.050942 0.059856
0 0.930651 0.729567 0.084760 0.044231
0 0.871789 0.726322 0.035531 0.052163
0 0.295163 0.540745 0.052654 0.069471
0 0.239512 0.540865 0.056079 0.069231
0 0.055009 0.547596 0.054366 0.062981
0 0.149615 0.546755 0.043236 0.064663
0 0.105308 0.548438 0.043664 0.063221
0 0.836045 0.726683 0.032534 0.052404
0 0.014983 0.548558 0.025685 0.061058
0 0.958690 0.456971 0.046661 0.047596
0 0.907534 0.448317 0.055651 0.064423
0 0.541310 0.239063 0.113442 0.084856
0 0.676798 0.239303 0.136130 0.084856
0 0.765197 0.242909 0.039812 0.080529
0 0.811858 0.244231 0.043236 0.077404
0 0.855308 0.243149 0.036815 0.081010
0 0.895976 0.243029 0.036815 0.077404
0 0.932149 0.245192 0.032106 0.077885
0 0.965753 0.251923 0.030822 0.061538
0 0.194777 0.545673 0.035103 0.062500
0 0.989940 0.252524 0.020120 0.061298
0 0.802654 0.726322 0.033390 0.052163
0 0.741438 0.711178 0.047945 0.029087
0 0.661387 0.635938 0.029110 0.068029
0 0.620291 0.635337 0.053082 0.062019
0 0.567637 0.633774 0.041952 0.060817
0 0.517551 0.636659 0.053082 0.059856
0 0.455908 0.633413 0.035959 0.070192
0 0.422517 0.632812 0.029110 0.067548
0 0.386558 0.634014 0.029966 0.068990
0 0.283818 0.632933 0.050514 0.071635
0 0.244649 0.633413 0.027825 0.071154
0 0.216182 0.635096 0.030822 0.068750
0 0.154966 0.635938 0.028253 0.066106
0 0.126712 0.634255 0.031678 0.074279
0 0.092252 0.634736 0.034675 0.075721
0 0.059289 0.636058 0.028682 0.073077
0 0.012628 0.637740 0.025257 0.064904
0 0.856807 0.449279 0.044092 0.062981
0 0.652397 0.451442 0.041096 0.058654
0 0.702483 0.632332 0.047089 0.070913
0 0.749144 0.741346 0.054795 0.029327
0 0.753211 0.630409 0.045805 0.066587
0 0.867295 0.630048 0.052226 0.070673
0 0.690925 0.732692 0.049658 0.050000
0 0.636772 0.726923 0.056079 0.065385
0 0.575128 0.724880 0.039812 0.065625
0 0.526755 0.725000 0.054366 0.066346
0 0.469178 0.721635 0.046233 0.069231
0 0.419949 0.722716 0.036815 0.072356
0 0.382705 0.726562 0.039384 0.064663
0 0.335402 0.723918 0.043236 0.066587
0 0.291952 0.724279 0.033390 0.064423
0 0.251498 0.725721 0.041524 0.067788
0 0.199914 0.721995 0.045377 0.065144
0 0.155608 0.724279 0.042380 0.069231
0 0.110659 0.727404 0.045805 0.068750
0 0.061216 0.725841 0.045377 0.066106
0 0.020334 0.727404 0.036387 0.066346
0 0.977312 0.629928 0.045377 0.068029
0 0.923159 0.630769 0.056935 0.069231
0 0.806507 0.629327 0.062500 0.067308
0 0.508348 0.373558 0.043236 0.053846
0 0.553296 0.370553 0.047517 0.059856
0 0.599315 0.369952 0.041096 0.068269
0 0.170805 0.852043 0.038527 0.066106
0 0.217252 0.853245 0.045805 0.063702
0 0.268408 0.850000 0.041096 0.074038
0 0.309075 0.849639 0.029110 0.068029
0 0.339041 0.852885 0.033390 0.075000
0 0.375856 0.850000 0.038527 0.076923
0 0.419949 0.846875 0.045377 0.072596
0 0.460830 0.847837 0.037243 0.071635
0 0.514983 0.845793 0.060788 0.065625
0 0.596104 0.830889 0.077483 0.091106
0 0.700128 0.836418 0.106592 0.080529
0 0.828553 0.838582 0.089469 0.072837
0 0.914170 0.836538 0.080908 0.070192
0 0.746575 0.448678 0.045377 0.064183
0 0.977312 0.836298 0.045377 0.058654
0 0.544949 0.162861 0.133562 0.059375
0 0.675300 0.162620 0.120291 0.058413
0 0.127568 0.845673 0.041952 0.072596
0 0.072132 0.849279 0.050086 0.067788
0 0.698630 0.450120 0.047945 0.060817
0 0.941995 0.694832 0.090325 0.018029
0 0.019692 0.852524 0.030822 0.071875
0 0.793878 0.362620 0.041524 0.077644
0 0.745719 0.365144 0.043664 0.075481
0 0.702269 0.363221 0.042380 0.081250
0 0.651113 0.368990 0.051370 0.070192
0 0.842038 0.360938 0.048801 0.076683
0 0.933647 0.365144 0.056507 0.070673
0 0.981592 0.367668 0.036815 0.075721
0 0.022902 0.450841 0.041524 0.067067
0 0.885916 0.362019 0.038099 0.078846
0 0.134632 0.449639 0.060360 0.069471
0 0.190497 0.448918 0.052226 0.068029
0 0.334974 0.445192 0.055223 0.067788
0 0.395548 0.448798 0.056507 0.067788
0 0.458476 0.448317 0.062500 0.064904
0 0.512200 0.452404 0.038099 0.062981
0 0.606164 0.449519 0.050514 0.062019
0 0.077911 0.451202 0.053082 0.067788
0 0.554580 0.450240 0.045805 0.065865
