0 0.752655 0.420190 0.050245 0.089767
0 0.601307 0.419424 0.026961 0.064951
0 0.452410 0.410692 0.027369 0.062806
0 0.526552 0.415594 0.028595 0.062806
0 0.487132 0.415901 0.026552 0.062194
0 0.417484 0.408854 0.028595 0.064032
0 0.349060 0.409620 0.023284 0.057598
0 0.075368 0.711397 0.015931 0.075980
0 0.984886 0.670650 0.029412 0.097426
0 0.939747 0.664982 0.054330 0.091605
0 0.562092 0.417279 0.035131 0.066789
0 0.811479 0.414216 0.055147 0.087010
0 0.442810 0.222580 0.024510 0.068321
0 0.921773 0.423713 0.051062 0.094975
0 0.029208 0.223499 0.020016 0.097733
0 0.053105 0.223499 0.019608 0.102635
0 0.075163 0.225490 0.018791 0.096201
0 0.100490 0.241268 0.024510 0.059743
0 0.125817 0.240043 0.023693 0.064645
0 0.150940 0.238051 0.025735 0.066176
0 0.178513 0.240656 0.026144 0.063419
0 0.210784 0.238971 0.032680 0.066789
0 0.411765 0.220282 0.030229 0.070466
0 0.100694 0.710478 0.028186 0.072917
0 0.475082 0.220741 0.027778 0.069547
0 0.508374 0.214767 0.030637 0.076593
0 0.549224 0.218444 0.037990 0.074142
0 0.868056 0.420650 0.043301 0.091299
0 0.129902 0.717984 0.022059 0.070159
0 0.696691 0.828891 0.037173 0.081801
0 0.184641 0.723039 0.031863 0.086397
0 0.885417 0.859069 0.042075 0.084559
0 0.835376 0.849571 0.041667 0.076593
0 0.790850 0.841605 0.033497 0.075980
0 0.738766 0.831955 0.041258 0.073223
0 0.590074 0.217831 0.039624 0.072917
0 0.597018 0.805300 0.033905 0.068934
0 0.558824 0.800858 0.028595 0.068015
0 0.522672 0.796569 0.026552 0.067402
0 0.491422 0.785692 0.025327 0.074449
0 0.456904 0.777880 0.033088 0.068627
0 0.425449 0.774050 0.024918 0.068934
0 0.393587 0.767923 0.025735 0.071385
0 0.364992 0.766085 0.026552 0.067708
0 0.986724 0.773897 0.026552 0.076593
0 0.944853 0.770833 0.039216 0.077819
0 0.896446 0.759498 0.048611 0.080882
0 0.238766 0.431526 0.030637 0.064645
0 0.796364 0.746477 0.044526 0.080576
0 0.750408 0.738817 0.039216 0.083640
0 0.700368 0.733303 0.042075 0.080576
0 0.595997 0.704350 0.038399 0.087623
0 0.548611 0.698989 0.036765 0.079350
0 0.507557 0.692249 0.035539 0.083027
0 0.469975 0.687653 0.027369 0.082414
0 0.432802 0.682292 0.036356 0.081495
0 0.395833 0.677849 0.030229 0.083027
0 0.356005 0.675092 0.033905 0.076287
0 0.252655 0.736673 0.026552 0.064032
0 0.219975 0.726409 0.029003 0.082108
0 0.156658 0.722426 0.020833 0.072917
0 0.733047 0.187040 0.033088 0.088542
0 0.552083 0.603248 0.028186 0.077819
0 0.813521 0.186121 0.036356 0.087929
0 0.603554 0.523284 0.031454 0.064338
0 0.714461 0.528186 0.037582 0.100490
0 0.759395 0.530178 0.034314 0.105699
0 0.798815 0.537990 0.039624 0.099877
0 0.843342 0.547641 0.038807 0.083027
0 0.894608 0.552083 0.041667 0.079044
0 0.566993 0.515472 0.035131 0.065257
0 0.062296 0.616881 0.024918 0.074449
0 0.124796 0.624847 0.028186 0.068321
0 0.155025 0.630055 0.020833 0.070159
0 0.179739 0.633119 0.022059 0.066483
0 0.206904 0.629749 0.021650 0.075674
0 0.244894 0.633885 0.039624 0.069853
0 0.352533 0.584099 0.023693 0.070159
0 0.094158 0.622702 0.024101 0.070159
0 0.386642 0.585172 0.028186 0.070466
0 0.528595 0.501225 0.029412 0.082108
0 0.459355 0.498621 0.029003 0.084865
0 0.190972 0.525735 0.019199 0.073529
0 0.215686 0.528339 0.023693 0.075674
0 0.248570 0.531250 0.031454 0.072304
0 0.937296 0.865962 0.046160 0.084865
0 0.166054 0.519761 0.023284 0.076287
0 0.137663 0.520833 0.024510 0.081495
0 0.493464 0.501072 0.032680 0.077512
0 0.111724 0.520527 0.024101 0.077206
0 0.180556 0.430607 0.023693 0.068934
0 0.083742 0.517157 0.022876 0.079044
0 0.052492 0.517616 0.033905 0.078125
0 0.360294 0.491575 0.032680 0.070159
0 0.392157 0.496630 0.019608 0.074142
0 0.425245 0.497243 0.027778 0.075368
0 0.155637 0.429381 0.022059 0.066483
0 0.419322 0.588542 0.029003 0.075980
0 0.448529 0.588235 0.019608 0.076593
0 0.483047 0.593597 0.024918 0.082414
0 0.422181 0.320159 0.028186 0.072917
0 0.456495 0.319700 0.029820 0.076287
0 0.492443 0.318321 0.030637 0.088848
0 0.530637 0.323529 0.036765 0.080882
0 0.571691 0.321232 0.031454 0.080576
0 0.612132 0.322763 0.038807 0.084865
0 0.387255 0.319547 0.029412 0.079044
0 0.764297 0.303768 0.050654 0.098346
0 0.878064 0.299939 0.043709 0.101103
0 0.933619 0.303156 0.058415 0.102022
0 0.985907 0.307598 0.028186 0.102941
0 0.982026 0.181219 0.033497 0.090380
0 0.899510 0.179228 0.044935 0.099265
0 0.856413 0.185049 0.038807 0.092525
0 0.824959 0.299326 0.050245 0.099877
0 0.879902 0.655331 0.047386 0.089461
0 0.829248 0.649816 0.039216 0.088235
0 0.353145 0.316176 0.024918 0.075980
0 0.943423 0.555300 0.039624 0.077512
0 0.983456 0.556219 0.033088 0.094669
0 0.977124 0.422794 0.045752 0.101103
0 0.520629 0.593137 0.025735 0.076593
0 0.588440 0.606311 0.029820 0.074142
0 0.630923 0.612439 0.028186 0.059436
0 0.727941 0.639553 0.039216 0.082414
0 0.779208 0.644301 0.048611 0.082721
0 0.127655 0.432138 0.027369 0.063419
0 0.098652 0.432292 0.024101 0.063113
0 0.073325 0.429994 0.021650 0.065257
0 0.040645 0.426317 0.033088 0.075061
0 0.218750 0.342065 0.038807 0.070159
0 0.180147 0.345588 0.022876 0.065564
0 0.040237 0.346048 0.073938 0.033395
0 0.773284 0.189645 0.036765 0.083333
0 0.982435 0.878983 0.034314 0.085172
0 0.846814 0.753217 0.042484 0.081801
0 0.207721 0.431679 0.026552 0.074142
