0 0.072863 0.656370 0.047436 0.022356
0 0.023932 0.658053 0.046154 0.018510
0 0.120085 0.857332 0.035897 0.040625
0 0.613462 0.538101 0.032906 0.073798
0 0.663675 0.531611 0.065812 0.075240
0 0.720940 0.532091 0.039316 0.073798
0 0.762821 0.536418 0.041880 0.077644
0 0.819444 0.534495 0.044017 0.073798
0 0.861966 0.536659 0.035897 0.073317
0 0.157692 0.835216 0.047009 0.030048
0 0.168376 0.866587 0.047009 0.025962
0 0.230342 0.852043 0.038462 0.061298
0 0.278846 0.845313 0.045726 0.071875
0 0.334188 0.840505 0.063248 0.081490
0 0.398718 0.839784 0.059829 0.084856
0 0.454487 0.843630 0.051709 0.082933
0 0.578632 0.542668 0.031624 0.063702
0 0.911966 0.533053 0.046154 0.078125
0 0.032906 0.436178 0.061538 0.030529
0 0.041026 0.465745 0.054701 0.031971
0 0.086111 0.446514 0.044017 0.068029
0 0.127778 0.447716 0.038462 0.066106
0 0.176068 0.457572 0.032479 0.044471
0 0.213248 0.452524 0.038462 0.053606
0 0.249786 0.452764 0.034615 0.053606
0 0.078419 0.856851 0.037179 0.046875
0 0.285256 0.439303 0.037179 0.077644
0 0.321368 0.439303 0.037607 0.078125
0 0.358974 0.439543 0.035897 0.078125
0 0.394872 0.440024 0.035043 0.076683
0 0.438675 0.444832 0.041453 0.064663
0 0.027991 0.405769 0.055128 0.027404
0 0.483761 0.445553 0.047009 0.063221
0 0.544017 0.541947 0.030769 0.033413
0 0.398291 0.564183 0.054701 0.020673
0 0.217949 0.653726 0.086325 0.019471
0 0.281410 0.629687 0.046581 0.072356
0 0.972863 0.345072 0.031197 0.054567
0 0.347009 0.638582 0.029060 0.056490
0 0.386325 0.631611 0.047863 0.071394
0 0.430128 0.630409 0.045726 0.073798
0 0.465812 0.630168 0.028205 0.078125
0 0.506410 0.630168 0.049573 0.075721
0 0.552137 0.638582 0.042735 0.066106
0 0.604915 0.635938 0.054274 0.068029
0 0.652564 0.634014 0.035043 0.071394
0 0.698718 0.637139 0.058974 0.065625
0 0.760256 0.628005 0.062393 0.073798
0 0.504701 0.539062 0.041880 0.032452
0 0.827564 0.628005 0.073077 0.078606
0 0.971154 0.628966 0.053419 0.078125
0 0.975427 0.533053 0.049145 0.073317
0 0.048718 0.558053 0.063248 0.034375
0 0.119658 0.546995 0.060684 0.062740
0 0.170513 0.540505 0.042735 0.076202
0 0.208974 0.547957 0.025641 0.059856
0 0.238462 0.548197 0.024786 0.057933
0 0.273291 0.542909 0.043162 0.023317
0 0.275427 0.564663 0.043162 0.019231
0 0.316239 0.551322 0.031624 0.047356
0 0.349573 0.553966 0.034188 0.040625
0 0.396154 0.541226 0.058974 0.022356
0 0.452350 0.559736 0.051709 0.030529
0 0.900855 0.630889 0.079487 0.079567
0 0.160256 0.642188 0.030769 0.037260
0 0.532479 0.455649 0.033333 0.043029
0 0.598718 0.440986 0.046154 0.068990
0 0.533333 0.719471 0.056410 0.031250
0 0.472650 0.723197 0.033333 0.072356
0 0.439957 0.720313 0.035470 0.071394
0 0.360684 0.726082 0.056410 0.073317
0 0.298718 0.725361 0.052137 0.071875
0 0.957906 0.858053 0.044017 0.025240
0 0.957051 0.829567 0.046581 0.035577
0 0.913675 0.836418 0.041026 0.085337
0 0.861966 0.833774 0.052991 0.080048
0 0.808761 0.834736 0.056838 0.079567
0 0.726068 0.841707 0.049573 0.069471
0 0.690598 0.866106 0.034188 0.027404
0 0.646368 0.837620 0.055983 0.082933
0 0.536752 0.749159 0.050427 0.028125
0 0.587607 0.839303 0.058120 0.083894
0 0.523077 0.842909 0.031624 0.076683
0 0.485470 0.341466 0.029060 0.068990
0 0.511538 0.343870 0.021368 0.065144
0 0.542735 0.352043 0.036752 0.049279
0 0.613034 0.330889 0.070513 0.081490
0 0.668803 0.346755 0.041880 0.055529
0 0.709402 0.345313 0.037607 0.057452
0 0.765385 0.342187 0.042735 0.065625
0 0.828632 0.342668 0.037607 0.061779
0 0.873077 0.359495 0.053846 0.026683
0 0.875641 0.333413 0.047863 0.026442
0 0.494017 0.837139 0.024786 0.074760
0 0.926068 0.334135 0.057265 0.025481
0 0.548718 0.838101 0.014530 0.074279
0 0.564957 0.453726 0.025641 0.043990
0 0.593162 0.720192 0.056410 0.032692
0 0.648291 0.718510 0.052137 0.034135
0 0.647009 0.441226 0.041026 0.069471
0 0.685470 0.443870 0.032479 0.062740
0 0.743162 0.435937 0.075214 0.080529
0 0.795085 0.450120 0.029487 0.046394
0 0.829915 0.451082 0.040171 0.044952
0 0.862393 0.444111 0.036752 0.060817
0 0.900855 0.437139 0.036752 0.075240
0 0.938462 0.436659 0.039316 0.074760
0 0.979274 0.442428 0.035470 0.064663
0 0.027991 0.359736 0.055128 0.031010
0 0.104060 0.344591 0.054274 0.063221
0 0.158547 0.344832 0.052991 0.063221
0 0.211966 0.344351 0.057265 0.062740
0 0.591026 0.747957 0.052137 0.025721
0 0.266026 0.342909 0.050000 0.064663
0 0.363248 0.346034 0.031624 0.065625
0 0.409829 0.313702 0.047863 0.025481
0 0.416667 0.339543 0.053846 0.024279
0 0.416239 0.364904 0.052137 0.025000
0 0.456197 0.341707 0.029487 0.069471
0 0.075855 0.633413 0.049145 0.024519
0 0.025641 0.632933 0.051282 0.025962
0 0.964316 0.720313 0.052564 0.071394
0 0.887179 0.723437 0.060684 0.072837
0 0.804487 0.721514 0.052564 0.073798
0 0.756838 0.722716 0.047009 0.076202
0 0.714103 0.726082 0.038462 0.054087
0 0.647222 0.746995 0.053419 0.026202
0 0.324786 0.343870 0.044444 0.068990
0 0.123932 0.645312 0.039316 0.036298
0 0.320085 0.637139 0.030769 0.058413
0 0.927778 0.357572 0.041880 0.024279
0 0.040171 0.856851 0.037607 0.046875
0 0.012393 0.853486 0.022222 0.059375
0 0.210684 0.721995 0.054701 0.069952
0 0.129487 0.735457 0.037607 0.058413
0 0.059829 0.746514 0.051282 0.046875
0 0.047863 0.605769 0.044444 0.017308
