0 0.343954 0.670190 0.035948 0.067096
0 0.775531 0.648131 0.051062 0.058517
0 0.646038 0.653646 0.025735 0.059743
0 0.311887 0.664982 0.032271 0.053615
0 0.729984 0.648897 0.034314 0.060662
0 0.699755 0.658854 0.027778 0.056679
0 0.671977 0.654871 0.026961 0.062806
0 0.518587 0.809283 0.109886 0.079350
0 0.618260 0.656863 0.028186 0.054534
0 0.515319 0.657322 0.029820 0.055453
0 0.547998 0.655637 0.034722 0.058211
0 0.484681 0.655637 0.020016 0.050858
0 0.635008 0.795190 0.122141 0.053002
0 0.726920 0.776501 0.060049 0.032169
0 0.806373 0.774510 0.097222 0.026348
0 0.461806 0.652727 0.024918 0.056066
0 0.376225 0.663143 0.026961 0.069547
0 0.402778 0.659314 0.025327 0.061887
0 0.434232 0.653033 0.031046 0.056066
0 0.584967 0.657322 0.038399 0.062806
0 0.513480 0.412837 0.026144 0.060968
0 0.325776 0.416513 0.043709 0.058517
0 0.842525 0.638174 0.032271 0.044730
0 0.539011 0.410999 0.025735 0.064032
0 0.568832 0.410386 0.034722 0.064032
0 0.599673 0.410692 0.026144 0.063419
0 0.625000 0.406403 0.025327 0.071998
0 0.650327 0.404105 0.024510 0.067402
0 0.681781 0.407935 0.040033 0.059130
0 0.729371 0.404105 0.026552 0.057598
0 0.757353 0.399510 0.027778 0.066789
0 0.792484 0.396446 0.040850 0.058824
0 0.827410 0.399357 0.037173 0.059743
0 0.483456 0.411458 0.029820 0.059436
0 0.448529 0.409926 0.040033 0.061887
0 0.814338 0.639553 0.026552 0.041973
0 0.412582 0.410233 0.031863 0.061887
0 0.422386 0.813113 0.080882 0.069853
0 0.325163 0.811275 0.093954 0.061275
0 0.815359 0.705423 0.125000 0.034620
0 0.700163 0.709099 0.108660 0.040135
0 0.583129 0.714920 0.123775 0.027267
0 0.378268 0.412684 0.034314 0.058211
0 0.355392 0.413756 0.013889 0.062194
0 0.287173 0.415594 0.031046 0.058517
0 0.256127 0.417433 0.032680 0.055453
0 0.468750 0.719363 0.105801 0.036152
0 0.347222 0.742800 0.121732 0.051777
0 0.875817 0.640931 0.034314 0.051471
0 0.281863 0.665748 0.023693 0.050858
0 0.865196 0.570006 0.032680 0.064032
0 0.415850 0.586857 0.026144 0.056679
0 0.803513 0.567862 0.017974 0.059130
0 0.892157 0.312040 0.031863 0.062806
0 0.385212 0.335478 0.031863 0.064338
0 0.351511 0.333487 0.034722 0.062194
0 0.318832 0.331189 0.029820 0.067402
0 0.286152 0.330882 0.035539 0.067402
0 0.251838 0.331495 0.033905 0.068015
0 0.727941 0.492494 0.045752 0.056679
0 0.365196 0.508425 0.040033 0.071998
0 0.331087 0.508272 0.025735 0.074142
0 0.860498 0.316176 0.033088 0.070466
0 0.832312 0.568934 0.030637 0.066176
0 0.894404 0.400582 0.029820 0.064645
0 0.864379 0.402420 0.031046 0.061581
0 0.760212 0.490502 0.020425 0.060049
0 0.785131 0.487745 0.029412 0.054534
0 0.842933 0.498775 0.083742 0.033701
0 0.273693 0.596661 0.035948 0.061581
0 0.306985 0.596507 0.032271 0.063725
0 0.337623 0.592678 0.029003 0.056066
0 0.364379 0.587316 0.022059 0.064951
0 0.269199 0.509651 0.030229 0.057904
0 0.827410 0.318015 0.030637 0.067402
0 0.796569 0.316330 0.032680 0.062806
0 0.765319 0.316789 0.033905 0.060662
0 0.683211 0.489430 0.026552 0.066483
0 0.652982 0.489583 0.033088 0.065564
0 0.616830 0.489890 0.040850 0.065564
0 0.579044 0.496477 0.032271 0.053002
0 0.549428 0.499540 0.027778 0.058517
0 0.521855 0.500000 0.029820 0.057598
0 0.492647 0.499694 0.029412 0.058211
0 0.461193 0.502298 0.033497 0.052390
0 0.425245 0.506740 0.038399 0.060662
0 0.395221 0.504902 0.020016 0.064951
0 0.418096 0.332721 0.033905 0.068627
0 0.448938 0.328891 0.027778 0.060355
0 0.478554 0.330729 0.033088 0.055453
0 0.510008 0.329963 0.029003 0.062500
0 0.539011 0.329810 0.025735 0.062194
0 0.569853 0.326593 0.036765 0.055760
0 0.600286 0.323836 0.024101 0.061887
0 0.630923 0.322151 0.037173 0.059130
0 0.665441 0.318321 0.035948 0.068627
0 0.702206 0.317096 0.035948 0.068015
0 0.733864 0.320006 0.029003 0.065257
0 0.388480 0.585018 0.028595 0.059743
0 0.438113 0.585478 0.015931 0.060662
0 0.300654 0.504289 0.035131 0.068015
0 0.560662 0.576746 0.033905 0.069547
0 0.533292 0.579350 0.020833 0.064951
0 0.511438 0.583640 0.035131 0.063113
0 0.480801 0.582414 0.024510 0.064338
0 0.457721 0.583793 0.023284 0.065257
0 0.611724 0.578278 0.015114 0.066483
0 0.590686 0.578585 0.026961 0.065870
0 0.655025 0.573223 0.033905 0.074142
0 0.680147 0.571385 0.013889 0.073529
0 0.703636 0.568474 0.038807 0.078738
0 0.738766 0.568781 0.032271 0.079963
0 0.774918 0.572610 0.040850 0.070466
0 0.628268 0.577665 0.018791 0.066483
