0 0.271354 0.783008 0.065625 0.098047
0 0.693229 0.982617 0.068750 0.034766
0 0.112240 0.346094 0.050521 0.085156
0 0.167708 0.347461 0.054167 0.082422
0 0.306510 0.341211 0.068229 0.091797
0 0.379167 0.348828 0.070833 0.074219
0 0.447656 0.348633 0.064062 0.072266
0 0.503906 0.344727 0.045312 0.080078
0 0.555990 0.343750 0.044271 0.079687
0 0.605990 0.340234 0.051562 0.075781
0 0.666146 0.344141 0.050000 0.076563
0 0.714844 0.344336 0.042188 0.076172
0 0.765625 0.341602 0.054167 0.078516
0 0.814844 0.352344 0.036979 0.052344
0 0.904687 0.350977 0.031250 0.054297
0 0.940365 0.352344 0.035937 0.052344
0 0.983854 0.481250 0.027083 0.072656
0 0.935156 0.451367 0.033854 0.061328
0 0.895833 0.459961 0.036458 0.042578
0 0.159896 0.490234 0.051042 0.096094
0 0.301042 0.476953 0.064583 0.061719
0 0.368490 0.485547 0.049479 0.035937
0 0.431510 0.465820 0.056771 0.084766
0 0.488802 0.458594 0.054688 0.095312
0 0.546354 0.458008 0.053125 0.091016
0 0.053646 0.352344 0.062500 0.076563
0 0.588802 0.467187 0.026562 0.064062
0 0.666406 0.461914 0.041146 0.062891
0 0.710156 0.456250 0.042188 0.068750
0 0.751302 0.456836 0.038021 0.062109
0 0.792969 0.457031 0.041146 0.057813
0 0.826302 0.459570 0.022396 0.051172
0 0.858333 0.454883 0.034375 0.055859
0 0.624479 0.464258 0.040625 0.065234
0 0.211198 0.420508 0.032813 0.037891
0 0.217969 0.295312 0.029687 0.041406
0 0.098177 0.201758 0.080729 0.087109
0 0.761458 0.122852 0.045833 0.068359
0 0.803906 0.040039 0.054688 0.075391
0 0.753385 0.051953 0.042188 0.070312
0 0.670312 0.117578 0.052083 0.064844
0 0.614323 0.111914 0.054688 0.065234
0 0.500260 0.092578 0.050521 0.084375
0 0.805729 0.127148 0.038542 0.067578
0 0.450781 0.090234 0.043229 0.077344
0 0.340104 0.081055 0.056250 0.085547
0 0.286198 0.076563 0.051562 0.088281
0 0.221354 0.068555 0.075000 0.093359
0 0.139583 0.060352 0.081250 0.101172
0 0.047656 0.050391 0.095312 0.100781
0 0.622917 0.982617 0.062500 0.034766
0 0.402344 0.085156 0.050521 0.078906
0 0.092969 0.487109 0.066146 0.117188
0 0.844792 0.120898 0.036458 0.080078
0 0.932813 0.139844 0.027083 0.056250
0 0.184115 0.205273 0.086979 0.084766
0 0.268490 0.203320 0.079687 0.099609
0 0.348177 0.205859 0.076563 0.095312
0 0.423438 0.210938 0.069792 0.090625
0 0.494792 0.217188 0.068750 0.082031
0 0.565365 0.226367 0.065104 0.074609
0 0.899740 0.142969 0.034896 0.050781
0 0.617969 0.228711 0.036979 0.066797
0 0.741146 0.228711 0.050000 0.080859
0 0.796875 0.229687 0.052083 0.079687
0 0.853385 0.232617 0.050521 0.074609
0 0.903125 0.235742 0.044792 0.073047
0 0.959375 0.238086 0.054167 0.073047
0 0.973958 0.134766 0.045833 0.080469
0 0.683594 0.229102 0.059896 0.076953
0 0.029687 0.488086 0.059375 0.117578
0 0.556510 0.098047 0.057813 0.081250
0 0.103906 0.619727 0.073438 0.073828
0 0.707292 0.877344 0.095833 0.021094
0 0.803646 0.877734 0.095833 0.021875
0 0.802604 0.855859 0.092708 0.020313
0 0.870313 0.849609 0.037500 0.044531
0 0.922396 0.840039 0.067708 0.034766
0 0.967448 0.836133 0.025521 0.075391
0 0.706250 0.898828 0.096875 0.019531
0 0.990365 0.835742 0.019271 0.079297
0 0.928125 0.765430 0.063542 0.016797
0 0.926823 0.785547 0.061979 0.019531
0 0.856771 0.778516 0.071875 0.021875
0 0.857552 0.799414 0.071354 0.019141
0 0.768750 0.812891 0.098958 0.023438
0 0.768750 0.785937 0.103125 0.025000
0 0.980729 0.744336 0.038542 0.073828
0 0.662760 0.834375 0.106771 0.023438
0 0.610156 0.917188 0.095312 0.020313
0 0.521354 0.915430 0.057292 0.051172
0 0.033073 0.627148 0.063021 0.082422
0 0.857031 0.959180 0.066146 0.059766
0 0.921615 0.949414 0.058854 0.035547
0 0.921875 0.913281 0.061458 0.034375
0 0.964063 0.912695 0.018750 0.072266
0 0.063542 0.981055 0.058333 0.035547
0 0.609896 0.895117 0.092708 0.023047
0 0.068750 0.947852 0.059375 0.026953
0 0.781250 0.971875 0.082292 0.051562
0 0.192969 0.974805 0.059896 0.050391
0 0.257031 0.971875 0.063021 0.056250
0 0.331771 0.961719 0.073958 0.055469
0 0.403385 0.940625 0.063021 0.070312
0 0.463542 0.926172 0.054167 0.053906
0 0.128385 0.980859 0.067187 0.037500
0 0.661719 0.808789 0.108854 0.024609
0 0.986458 0.909766 0.025000 0.066406
0 0.471615 0.867773 0.095312 0.029297
0 0.776042 0.693750 0.065625 0.102344
0 0.832812 0.685937 0.044792 0.098437
0 0.878646 0.677539 0.042708 0.095703
0 0.930208 0.674609 0.058333 0.095312
0 0.917708 0.557617 0.077083 0.103516
0 0.838802 0.565234 0.077604 0.106250
0 0.685937 0.705469 0.053125 0.103125
0 0.766667 0.575391 0.062500 0.097656
0 0.611719 0.590039 0.053646 0.091016
0 0.518229 0.598633 0.083333 0.084766
0 0.235156 0.634180 0.070312 0.102734
0 0.378125 0.626563 0.062500 0.078125
0 0.295312 0.624414 0.046875 0.108203
0 0.569531 0.850195 0.072396 0.030078
0 0.703646 0.581836 0.060417 0.105859
0 0.626302 0.713867 0.065104 0.113672
0 0.442708 0.610352 0.063542 0.086328
0 0.505469 0.708398 0.041146 0.076172
0 0.559115 0.714063 0.061979 0.099219
0 0.324219 0.873242 0.045312 0.065234
0 0.187240 0.861914 0.067187 0.048047
0 0.108073 0.875391 0.072396 0.050000
0 0.034115 0.871289 0.065104 0.070703
0 0.052604 0.757031 0.047917 0.075000
0 0.261458 0.894336 0.075000 0.064453
0 0.150521 0.757422 0.037500 0.054688
0 0.458073 0.715234 0.017188 0.078125
0 0.099740 0.751172 0.040104 0.073438
0 0.407552 0.746094 0.076563 0.132812
0 0.390365 0.866016 0.047396 0.055469
0 0.194271 0.750781 0.039583 0.051562
0 0.336458 0.754492 0.059375 0.127734
