0 0.519608 0.358915 0.021242 0.053002
0 0.546160 0.358303 0.025327 0.049326
0 0.415033 0.289982 0.027778 0.052390
0 0.388276 0.289522 0.023284 0.052696
0 0.362541 0.290135 0.023284 0.052696
0 0.573121 0.359681 0.024510 0.049020
0 0.217933 0.290288 0.023284 0.053002
0 0.241217 0.291360 0.023284 0.052696
0 0.263276 0.292279 0.023284 0.052696
0 0.664828 0.365043 0.017565 0.035846
0 0.644608 0.363971 0.020425 0.037990
0 0.622141 0.365656 0.017974 0.034620
0 0.492034 0.367953 0.017565 0.032475
0 0.338031 0.289216 0.023284 0.052696
0 0.313521 0.289216 0.023284 0.052696
0 0.289011 0.289522 0.023284 0.052696
0 0.599469 0.359835 0.021650 0.046262
0 0.472222 0.366268 0.014706 0.035846
0 0.296160 0.358303 0.020425 0.051777
0 0.425041 0.360141 0.024101 0.048100
0 0.440155 0.290748 0.023284 0.051471
0 0.467525 0.289828 0.028186 0.049020
0 0.495711 0.289828 0.028186 0.049020
0 0.522059 0.298713 0.022876 0.034926
0 0.547794 0.297335 0.022876 0.035233
0 0.573121 0.295650 0.022876 0.034926
0 0.600082 0.296109 0.022876 0.035233
0 0.623979 0.286458 0.024101 0.053922
0 0.655637 0.282016 0.026144 0.057904
0 0.682802 0.283548 0.025735 0.054841
0 0.708129 0.282322 0.025735 0.054841
0 0.735498 0.282322 0.025735 0.054841
0 0.451593 0.359528 0.019199 0.049326
0 0.762868 0.281556 0.025735 0.054534
0 0.814338 0.279871 0.028186 0.056066
0 0.787173 0.195619 0.026961 0.065257
0 0.817198 0.193934 0.025735 0.061887
0 0.849060 0.190411 0.031454 0.064032
0 0.202819 0.357996 0.020016 0.049939
0 0.227533 0.357996 0.020425 0.047488
0 0.250204 0.357537 0.017565 0.048407
0 0.272467 0.357537 0.018791 0.046569
0 0.319649 0.363664 0.021650 0.041054
0 0.343954 0.366115 0.021242 0.036152
0 0.371936 0.356464 0.028186 0.053002
0 0.399306 0.358609 0.021650 0.048713
0 0.787786 0.279718 0.024918 0.052696
0 0.214665 0.222273 0.025735 0.056679
0 0.187092 0.221661 0.025327 0.056679
0 0.268178 0.217371 0.025735 0.056679
0 0.518995 0.207567 0.026552 0.054228
0 0.545547 0.206648 0.026552 0.054228
0 0.573938 0.205270 0.025327 0.058824
0 0.602941 0.202512 0.025327 0.058824
0 0.630923 0.201593 0.026552 0.060049
0 0.664011 0.200368 0.028186 0.062500
0 0.534722 0.426164 0.023693 0.049020
0 0.491626 0.208640 0.029820 0.055147
0 0.558824 0.426777 0.022876 0.047794
0 0.615809 0.426930 0.017565 0.049939
0 0.638480 0.426471 0.026144 0.050858
0 0.664828 0.427083 0.024101 0.052083
0 0.692402 0.426624 0.026961 0.053002
0 0.721609 0.426777 0.027369 0.054534
0 0.748775 0.425551 0.023693 0.052696
0 0.776757 0.425398 0.024101 0.050551
0 0.241217 0.219822 0.025735 0.056679
0 0.806373 0.426930 0.025327 0.052390
0 0.463644 0.209712 0.027778 0.054841
0 0.258987 0.503983 0.031863 0.065564
0 0.406658 0.214308 0.025735 0.056679
0 0.381332 0.214767 0.025735 0.056985
0 0.353554 0.214001 0.025735 0.056679
0 0.509600 0.425858 0.022467 0.047181
0 0.485498 0.425705 0.023284 0.047488
0 0.466503 0.424632 0.015523 0.047794
0 0.439951 0.425551 0.023693 0.047794
0 0.435662 0.212163 0.025735 0.056679
0 0.415033 0.423407 0.022876 0.047794
0 0.367443 0.424939 0.022467 0.049020
0 0.347835 0.423407 0.016748 0.047794
0 0.285743 0.422641 0.036356 0.046875
0 0.248162 0.424939 0.031454 0.044730
0 0.213440 0.422794 0.032271 0.042279
0 0.178717 0.424326 0.033088 0.041054
0 0.208333 0.497702 0.055556 0.064032
0 0.390931 0.424479 0.023693 0.049939
0 0.836601 0.426164 0.027778 0.051471
0 0.586397 0.426930 0.023284 0.047488
0 0.813725 0.365043 0.027778 0.035846
0 0.295956 0.217831 0.025735 0.056985
0 0.834150 0.517004 0.041667 0.067096
0 0.788807 0.510417 0.023693 0.071078
0 0.843546 0.368107 0.026144 0.029718
0 0.699551 0.510110 0.044526 0.071691
0 0.622753 0.511336 0.034722 0.069240
0 0.580882 0.509191 0.042484 0.066176
0 0.325572 0.217984 0.025327 0.056679
0 0.538807 0.509191 0.037582 0.066176
0 0.485090 0.507812 0.059232 0.068934
0 0.380106 0.501838 0.069036 0.064951
0 0.308211 0.501685 0.051062 0.070159
0 0.751838 0.511183 0.045343 0.071385
0 0.193015 0.289828 0.026552 0.053309
0 0.780842 0.364430 0.026552 0.037071
0 0.717729 0.364890 0.022876 0.036152
0 0.689542 0.365962 0.024510 0.036458
0 0.694444 0.198683 0.025327 0.061581
0 0.725694 0.198376 0.029003 0.062194
0 0.757557 0.195466 0.029003 0.063113
0 0.751225 0.364124 0.025327 0.037684
