0 0.043301 0.604779 0.025327 0.077819
0 0.071895 0.604626 0.032680 0.076900
0 0.147672 0.636336 0.023284 0.063113
0 0.138480 0.809436 0.058824 0.018995
0 0.138889 0.828891 0.062908 0.015625
0 0.053309 0.847580 0.035539 0.069547
0 0.117851 0.633885 0.035539 0.068015
0 0.479167 0.583027 0.061275 0.030637
0 0.232639 0.629442 0.020833 0.065257
0 0.262051 0.635723 0.034722 0.055147
0 0.330065 0.644608 0.071078 0.047181
0 0.408292 0.619026 0.073938 0.025429
0 0.477124 0.618107 0.056373 0.029718
0 0.414011 0.584406 0.070670 0.027880
0 0.460376 0.179534 0.055556 0.076593
0 0.179739 0.629442 0.023693 0.065257
0 0.508170 0.182904 0.037582 0.072304
0 0.937908 0.757353 0.025327 0.017770
0 0.593342 0.178002 0.030637 0.085172
0 0.060866 0.731771 0.050654 0.095895
0 0.014706 0.731618 0.029412 0.082721
0 0.879493 0.848652 0.068627 0.042279
0 0.565564 0.820925 0.055964 0.054841
0 0.489788 0.819087 0.052288 0.048100
0 0.398897 0.831036 0.049428 0.078125
0 0.350490 0.825827 0.044935 0.057292
0 0.198529 0.827206 0.054739 0.013480
0 0.195874 0.810815 0.047794 0.016850
0 0.817198 0.193781 0.029820 0.060968
0 0.778595 0.189951 0.047386 0.063725
0 0.147263 0.741115 0.070670 0.046569
0 0.226307 0.728248 0.063725 0.056373
0 0.562296 0.176011 0.028186 0.089767
0 0.312704 0.746477 0.071487 0.058517
0 0.452002 0.732230 0.064951 0.012868
0 0.453227 0.712623 0.065768 0.022059
0 0.513072 0.716299 0.049020 0.039216
0 0.583742 0.707874 0.058007 0.022978
0 0.645425 0.708180 0.063725 0.022978
0 0.738154 0.755055 0.080882 0.041360
0 0.801062 0.747396 0.044935 0.059130
0 0.912990 0.706342 0.023693 0.051164
0 0.879493 0.742800 0.034314 0.059743
0 0.976307 0.737286 0.030229 0.071385
0 0.012459 0.608762 0.022467 0.075368
0 0.725286 0.188113 0.059232 0.069240
0 0.650327 0.201134 0.062908 0.040748
0 0.383170 0.747702 0.067810 0.053615
0 0.845588 0.194700 0.025327 0.057292
0 0.017565 0.134651 0.029412 0.098346
0 0.612541 0.617647 0.056781 0.035539
0 0.709967 0.513021 0.038399 0.067708
0 0.688930 0.657782 0.041258 0.028186
0 0.766340 0.514706 0.049837 0.061887
0 0.811479 0.516544 0.041258 0.063725
0 0.854371 0.515319 0.042075 0.066176
0 0.916258 0.513480 0.051471 0.036765
0 0.968137 0.500000 0.037582 0.064338
0 0.049428 0.389706 0.034314 0.075980
0 0.099877 0.392616 0.054330 0.072610
0 0.152982 0.392310 0.051062 0.075061
0 0.202410 0.425092 0.037990 0.014400
0 0.295752 0.388174 0.135621 0.085784
0 0.407475 0.410233 0.070670 0.052696
0 0.473243 0.392923 0.042892 0.079350
0 0.518587 0.400123 0.051062 0.070466
0 0.656658 0.509498 0.037173 0.064338
0 0.595588 0.407322 0.030229 0.059743
0 0.621732 0.503676 0.025327 0.068627
0 0.574755 0.517004 0.037582 0.053615
0 0.731618 0.648438 0.042484 0.029105
0 0.787990 0.630055 0.053922 0.079350
0 0.972018 0.634191 0.029820 0.058824
0 0.013889 0.507047 0.023693 0.078431
0 0.048407 0.507047 0.036356 0.075368
0 0.104371 0.500919 0.036356 0.082721
0 0.150123 0.500460 0.035539 0.084865
0 0.218342 0.508272 0.049428 0.068015
0 0.268587 0.498315 0.030637 0.080576
0 0.305964 0.506434 0.041667 0.066176
0 0.356005 0.486060 0.019199 0.046262
0 0.357026 0.528186 0.034314 0.014706
0 0.389093 0.498009 0.030637 0.067096
0 0.433211 0.494945 0.024101 0.064032
0 0.528799 0.502604 0.043709 0.073223
0 0.600286 0.500613 0.016748 0.069853
0 0.612541 0.656403 0.055147 0.032169
0 0.633578 0.404259 0.044935 0.063419
0 0.720384 0.411305 0.038807 0.057904
0 0.750204 0.287224 0.043709 0.067708
0 0.810866 0.287531 0.047386 0.068321
0 0.862745 0.296875 0.020425 0.057598
0 0.889502 0.294730 0.031454 0.060662
0 0.947304 0.288297 0.062092 0.037990
0 0.960989 0.252604 0.060866 0.021140
0 0.052288 0.140319 0.032680 0.074142
0 0.092525 0.180607 0.038807 0.064645
0 0.129085 0.177849 0.034314 0.068321
0 0.173407 0.173560 0.048611 0.084865
0 0.221814 0.174173 0.042484 0.074449
0 0.276961 0.196691 0.057190 0.038603
0 0.322712 0.202972 0.034314 0.028493
0 0.365400 0.181373 0.047794 0.069240
0 0.409926 0.180300 0.040441 0.070159
0 0.715482 0.290594 0.027369 0.060968
0 0.680351 0.403033 0.041258 0.074449
0 0.686070 0.286612 0.029820 0.060355
0 0.595180 0.285080 0.044118 0.063419
0 0.765727 0.400735 0.042892 0.066176
0 0.859477 0.402880 0.049020 0.073529
0 0.899306 0.386795 0.016748 0.062194
0 0.918505 0.388480 0.020833 0.057598
0 0.034722 0.269608 0.059641 0.074755
0 0.098652 0.274203 0.051879 0.074142
0 0.156454 0.279259 0.052288 0.067096
0 0.211601 0.275582 0.058824 0.076900
0 0.292075 0.257047 0.084967 0.034314
0 0.290850 0.294424 0.084967 0.040441
0 0.359681 0.279871 0.046160 0.069547
0 0.406046 0.283088 0.044118 0.075980
0 0.450980 0.282782 0.048203 0.075368
0 0.495915 0.284314 0.040033 0.076593
0 0.537582 0.284773 0.043301 0.072610
0 0.651961 0.285539 0.038399 0.064338
0 0.560049 0.403339 0.032680 0.061581
0 0.660131 0.630208 0.030229 0.060662
