0 0.455678 0.753523 0.051062 0.051164
0 0.510621 0.757966 0.047386 0.052696
0 0.350082 0.763940 0.053922 0.036458
0 0.402165 0.764706 0.051062 0.039216
0 0.922794 0.756740 0.049837 0.066176
0 0.284109 0.751838 0.020833 0.056373
0 0.028799 0.100184 0.057598 0.118260
0 0.021855 0.698376 0.020833 0.254596
0 0.043505 0.697304 0.020833 0.254289
0 0.066381 0.701900 0.020833 0.254289
0 0.094567 0.698376 0.020833 0.254596
0 0.132557 0.692555 0.026552 0.266238
0 0.817402 0.819547 0.066993 0.014093
0 0.824551 0.831801 0.064134 0.009191
0 0.833742 0.877757 0.077614 0.062500
0 0.920343 0.881281 0.083333 0.066483
0 0.978758 0.760570 0.041667 0.065257
0 0.803513 0.747702 0.117647 0.027880
0 0.801471 0.776042 0.121732 0.029412
0 0.760008 0.881740 0.054330 0.017770
0 0.200163 0.757659 0.058824 0.033701
0 0.252247 0.731464 0.038807 0.027880
0 0.251021 0.762255 0.041258 0.026961
0 0.309436 0.751379 0.025735 0.057292
0 0.564542 0.761949 0.049837 0.057598
0 0.589052 0.605699 0.040850 0.052083
0 0.151552 0.299020 0.026144 0.052083
0 0.532271 0.496017 0.047386 0.037377
0 0.583129 0.488817 0.044526 0.032169
0 0.637051 0.460018 0.046160 0.040135
0 0.640114 0.498775 0.043301 0.036152
0 0.697304 0.490349 0.049837 0.040135
0 0.946487 0.538756 0.045752 0.100184
0 0.890114 0.541820 0.045752 0.100184
0 0.834967 0.546262 0.058007 0.090686
0 0.763072 0.543045 0.068627 0.084252
0 0.973039 0.436121 0.047386 0.065870
0 0.920547 0.424479 0.048611 0.087316
0 0.866830 0.445312 0.049020 0.045650
0 0.818219 0.438572 0.036765 0.063419
0 0.767361 0.446844 0.051062 0.046875
0 0.939542 0.340227 0.053922 0.049939
0 0.880719 0.331342 0.064542 0.063419
0 0.827002 0.332108 0.042075 0.063725
0 0.775531 0.339920 0.064134 0.052390
0 0.020425 0.341146 0.040033 0.024203
0 0.027574 0.314338 0.040441 0.023284
0 0.062704 0.315257 0.019199 0.023897
0 0.064951 0.339920 0.026144 0.030944
0 0.043301 0.229013 0.080882 0.070772
0 0.618668 0.770987 0.048611 0.053002
0 0.178922 0.298100 0.026144 0.051471
0 0.202206 0.296875 0.022876 0.053922
0 0.231413 0.285846 0.033905 0.074142
0 0.269199 0.284926 0.042484 0.077819
0 0.313930 0.283701 0.045343 0.078431
0 0.535335 0.458487 0.041258 0.040748
0 0.380515 0.292433 0.024918 0.058517
0 0.483660 0.455270 0.044118 0.034314
0 0.424632 0.490809 0.040441 0.036765
0 0.043709 0.407322 0.013889 0.021752
0 0.029003 0.403033 0.011438 0.023591
0 0.012868 0.418045 0.008578 0.028493
0 0.006740 0.443474 0.012663 0.012561
0 0.408905 0.405178 0.031863 0.026042
0 0.473039 0.402267 0.059641 0.029412
0 0.539420 0.402574 0.059232 0.028799
0 0.625613 0.400888 0.066585 0.030331
0 0.700572 0.405484 0.063725 0.025429
0 0.690155 0.376225 0.032271 0.030025
0 0.721201 0.374694 0.028186 0.030637
0 0.764093 0.403033 0.046160 0.038909
0 0.394404 0.378676 0.029003 0.026961
0 0.420547 0.378217 0.028186 0.030331
0 0.032680 0.440104 0.015523 0.027880
0 0.048611 0.446691 0.009804 0.025123
0 0.071283 0.428922 0.010212 0.056373
0 0.094771 0.427390 0.024510 0.063725
0 0.093342 0.527267 0.035539 0.020221
0 0.021855 0.521599 0.042892 0.027267
0 0.050449 0.491422 0.098448 0.024510
0 0.120507 0.494792 0.027778 0.035539
0 0.153391 0.491728 0.016748 0.033088
0 0.169935 0.494179 0.018791 0.032475
0 0.200572 0.484528 0.029412 0.047488
0 0.226307 0.488358 0.021242 0.045956
0 0.272467 0.487745 0.038399 0.049632
0 0.322917 0.495098 0.038807 0.036765
0 0.377859 0.490349 0.047386 0.041973
0 0.472631 0.492188 0.042484 0.032169
0 0.407475 0.291207 0.029003 0.063419
0 0.352124 0.291973 0.029412 0.059436
0 0.466095 0.288297 0.024510 0.060662
0 0.294118 0.588082 0.044118 0.060968
0 0.437908 0.291054 0.025327 0.061275
0 0.171569 0.603401 0.055556 0.030331
0 0.220384 0.546569 0.061683 0.033701
0 0.774714 0.655944 0.060049 0.085784
0 0.834355 0.659007 0.050245 0.086397
0 0.908292 0.657169 0.069036 0.088235
0 0.967116 0.681066 0.044526 0.052696
0 0.700368 0.690564 0.043709 0.037990
0 0.651348 0.692249 0.040441 0.038909
0 0.599060 0.683517 0.055964 0.069853
0 0.528595 0.681679 0.063725 0.066789
0 0.454044 0.680760 0.073938 0.070466
0 0.378472 0.677390 0.066585 0.071078
0 0.312500 0.674326 0.065359 0.070466
0 0.248979 0.671875 0.053513 0.066789
0 0.183007 0.666820 0.053105 0.065870
0 0.513889 0.861060 0.072712 0.071998
0 0.415441 0.874081 0.093954 0.026348
0 0.422794 0.834559 0.104575 0.047181
0 0.326185 0.862439 0.060866 0.043505
0 0.267974 0.818474 0.114379 0.038297
0 0.572304 0.862439 0.034314 0.071691
0 0.611724 0.866268 0.042075 0.070159
0 0.652778 0.868260 0.029412 0.077206
0 0.695057 0.871936 0.039624 0.071691
0 0.677492 0.765778 0.046160 0.059130
0 0.334559 0.601716 0.038399 0.044730
0 0.376430 0.601716 0.041258 0.046569
0 0.241217 0.598039 0.063317 0.047794
0 0.462623 0.601103 0.037173 0.056985
0 0.505310 0.246170 0.052288 0.142463
0 0.556577 0.245864 0.048611 0.136949
0 0.606413 0.248162 0.049428 0.129902
0 0.659314 0.247243 0.050654 0.134191
0 0.710172 0.245098 0.050245 0.136029
0 0.968750 0.218750 0.062500 0.071078
0 0.888276 0.218903 0.095997 0.067096
0 0.792279 0.221507 0.088644 0.068627
0 0.969975 0.069393 0.055964 0.130208
0 0.422181 0.593137 0.033905 0.049020
0 0.786356 0.070466 0.050654 0.138480
0 0.682394 0.062653 0.094363 0.124081
0 0.584355 0.063113 0.073938 0.125000
0 0.872141 0.074295 0.049837 0.126532
0 0.375408 0.080882 0.110294 0.107230
0 0.505310 0.601409 0.040850 0.056373
0 0.488766 0.075827 0.105801 0.103860
0 0.644404 0.599571 0.048611 0.061887
0 0.699142 0.604320 0.051879 0.065257
0 0.274510 0.386489 0.022876 0.067708
0 0.246528 0.400276 0.027369 0.040135
0 0.546364 0.604167 0.039624 0.048407
0 0.319036 0.405944 0.049837 0.022059
0 0.367851 0.405025 0.029820 0.028799
0 0.090891 0.128523 0.064134 0.070159
0 0.165237 0.104320 0.079657 0.079350
0 0.277165 0.104013 0.078023 0.079963
0 0.185253 0.388327 0.031454 0.064032
