0 0.517383 0.230469 0.031641 0.176563
0 0.304297 0.659896 0.021094 0.111458
0 0.941406 0.412240 0.085938 0.196354
0 0.342578 0.243229 0.028906 0.128125
0 0.372656 0.235417 0.028125 0.137500
0 0.399023 0.238021 0.024609 0.142708
0 0.429883 0.239323 0.026953 0.146354
0 0.982617 0.141406 0.034766 0.241146
0 0.861719 0.412240 0.065625 0.196354
0 0.934375 0.144010 0.055469 0.235937
0 0.806055 0.175521 0.067578 0.190625
0 0.732422 0.188542 0.074219 0.191667
0 0.459570 0.241406 0.030859 0.144271
0 0.622070 0.215104 0.041016 0.172917
0 0.583594 0.215104 0.032813 0.178125
0 0.552148 0.217448 0.032422 0.180729
0 0.877539 0.147135 0.058203 0.242188
0 0.804102 0.406771 0.047266 0.185417
0 0.764453 0.413281 0.030469 0.169271
0 0.971484 0.662500 0.057031 0.227083
0 0.338672 0.670312 0.045312 0.114583
0 0.398633 0.700260 0.038672 0.127604
0 0.492773 0.733073 0.028516 0.121354
0 0.531055 0.738021 0.037109 0.126042
0 0.563086 0.757552 0.026953 0.155729
0 0.600586 0.768229 0.042578 0.137500
0 0.665625 0.795312 0.040625 0.159375
0 0.729102 0.829427 0.047266 0.160938
0 0.786133 0.845573 0.062891 0.188021
0 0.901953 0.899740 0.064844 0.188021
0 0.969141 0.910937 0.061719 0.178125
0 0.680078 0.613281 0.045312 0.175521
0 0.731836 0.617448 0.047266 0.174479
0 0.786719 0.634115 0.060156 0.197396
0 0.886719 0.668229 0.082812 0.211458
0 0.489844 0.235417 0.021094 0.152083
0 0.669336 0.252865 0.038672 0.068229
0 0.269141 0.258333 0.018750 0.120833
0 0.278906 0.652865 0.021875 0.119271
0 0.425781 0.563281 0.021094 0.132812
0 0.370508 0.481250 0.034766 0.089583
0 0.400391 0.550260 0.024219 0.128646
0 0.364453 0.567448 0.035156 0.076563
0 0.328125 0.539844 0.027344 0.120313
0 0.294727 0.525781 0.029297 0.117188
0 0.270703 0.522396 0.018750 0.109375
0 0.250391 0.519010 0.018750 0.110937
0 0.232422 0.514062 0.017969 0.107292
0 0.214648 0.508333 0.016016 0.095833
0 0.195508 0.507812 0.018359 0.098958
0 0.180469 0.509896 0.012500 0.075000
0 0.166211 0.511458 0.015234 0.068750
0 0.147070 0.504687 0.016016 0.063542
0 0.131445 0.502344 0.010547 0.057813
0 0.232422 0.263802 0.016406 0.115104
0 0.194141 0.719010 0.014063 0.093229
0 0.455469 0.564063 0.032031 0.137500
0 0.494141 0.569792 0.042969 0.145833
0 0.529687 0.579167 0.022656 0.146875
0 0.556055 0.578906 0.029297 0.154688
0 0.417383 0.413542 0.013672 0.107292
0 0.250391 0.262760 0.018750 0.115104
0 0.323633 0.395313 0.027734 0.123958
0 0.297461 0.396615 0.022266 0.123438
0 0.274414 0.392188 0.022266 0.115625
0 0.252930 0.396354 0.016016 0.108333
0 0.234570 0.393229 0.020703 0.101042
0 0.214062 0.395313 0.020313 0.095833
0 0.181055 0.709375 0.013672 0.077083
0 0.141016 0.404167 0.009375 0.059375
0 0.159180 0.406250 0.010547 0.068750
0 0.131641 0.401042 0.009375 0.058333
0 0.121484 0.403906 0.009375 0.067187
0 0.103906 0.400260 0.009375 0.057813
0 0.087695 0.401562 0.016016 0.056250
0 0.063672 0.448958 0.028906 0.138542
0 0.633203 0.595573 0.042969 0.158854
0 0.592187 0.588802 0.038281 0.171354
0 0.149219 0.404687 0.009375 0.065625
0 0.165820 0.704948 0.012891 0.084896
0 0.155664 0.694792 0.008984 0.073958
0 0.144141 0.692708 0.011719 0.075000
0 0.067578 0.728125 0.009375 0.081250
0 0.056250 0.718490 0.010156 0.068229
0 0.044727 0.717708 0.009766 0.070833
0 0.025391 0.694531 0.019531 0.071354
0 0.010352 0.683333 0.011328 0.059375
0 0.034375 0.628385 0.013281 0.055729
0 0.019531 0.632812 0.014844 0.041667
0 0.007617 0.626823 0.009766 0.029687
0 0.078906 0.737240 0.010937 0.072396
0 0.011914 0.581771 0.016797 0.029167
0 0.021875 0.393490 0.008594 0.063021
0 0.040234 0.473177 0.011719 0.067187
0 0.027539 0.475521 0.008984 0.063542
0 0.012891 0.514323 0.014844 0.031771
0 0.015625 0.455729 0.012500 0.030208
0 0.010547 0.391406 0.011719 0.030729
0 0.313477 0.249740 0.024609 0.130729
0 0.289453 0.257031 0.021094 0.118229
0 0.033203 0.392708 0.012500 0.064583
0 0.430859 0.410938 0.012500 0.112500
0 0.090625 0.747135 0.010937 0.075521
0 0.048438 0.635938 0.011719 0.062500
0 0.190820 0.616927 0.008984 0.089063
0 0.181445 0.610677 0.008984 0.081771
0 0.169531 0.609375 0.012500 0.081250
0 0.146680 0.597396 0.009766 0.081250
0 0.157812 0.595833 0.011719 0.077083
0 0.137109 0.590365 0.010937 0.078646
0 0.126758 0.586458 0.008984 0.070833
0 0.106445 0.579167 0.022266 0.080208
0 0.103906 0.756250 0.014844 0.078125
0 0.089453 0.569531 0.010156 0.065104
0 0.067773 0.568229 0.009766 0.055208
0 0.046484 0.557552 0.029687 0.059896
0 0.127930 0.680208 0.016016 0.076042
0 0.112695 0.668750 0.013672 0.064583
0 0.096875 0.663281 0.014063 0.075521
0 0.083008 0.653646 0.012109 0.062500
0 0.071875 0.648438 0.010156 0.072917
0 0.058984 0.639583 0.010156 0.058333
0 0.078711 0.570833 0.011328 0.061458
0 0.447070 0.414062 0.019141 0.118750
0 0.396289 0.386198 0.024609 0.092188
0 0.402734 0.967187 0.030469 0.065625
0 0.735156 0.969010 0.040625 0.061979
0 0.680469 0.952344 0.048438 0.095312
0 0.615625 0.935156 0.044531 0.129688
0 0.567383 0.928125 0.048047 0.126042
0 0.524219 0.906250 0.025000 0.158333
0 0.491797 0.882552 0.039844 0.116146
0 0.440820 0.870052 0.048828 0.135937
0 0.400977 0.845313 0.032422 0.111458
0 0.365430 0.829688 0.031641 0.129167
0 0.333594 0.800260 0.027344 0.093229
0 0.306641 0.785417 0.023438 0.121875
0 0.281250 0.771354 0.022656 0.098958
0 0.259180 0.763802 0.016016 0.110937
0 0.242383 0.744792 0.012109 0.100000
0 0.227930 0.739062 0.016797 0.096875
0 0.209766 0.732552 0.013281 0.093229
0 0.364844 0.954167 0.034375 0.091667
0 0.202734 0.621615 0.010156 0.093229
0 0.334180 0.941927 0.021484 0.116146
0 0.218164 0.629687 0.015234 0.090625
0 0.256836 0.635938 0.022266 0.094792
0 0.014844 0.313281 0.016406 0.060937
0 0.028711 0.310417 0.008984 0.066667
0 0.042188 0.307812 0.014063 0.061458
0 0.056641 0.301042 0.009375 0.075000
0 0.067969 0.298438 0.011719 0.067708
0 0.090234 0.297917 0.010156 0.068750
0 0.079883 0.300000 0.009766 0.070833
0 0.100391 0.295833 0.010156 0.076042
0 0.112109 0.296094 0.012500 0.077604
0 0.122070 0.291406 0.008984 0.084896
0 0.133008 0.294531 0.012109 0.086979
0 0.145898 0.290885 0.013672 0.095312
0 0.159375 0.286458 0.012500 0.085417
0 0.172852 0.281510 0.012109 0.084896
0 0.185547 0.280990 0.009375 0.084896
0 0.197852 0.274219 0.012109 0.094271
0 0.212500 0.271875 0.017188 0.098958
0 0.233789 0.633594 0.016797 0.095312
0 0.304492 0.931510 0.032422 0.127604
0 0.100977 0.480469 0.034766 0.073438
0 0.230078 0.840365 0.026562 0.089063
0 0.265625 0.887240 0.034375 0.103646
0 0.464258 0.416406 0.014453 0.111979
0 0.494336 0.416146 0.013672 0.119792
0 0.510938 0.409375 0.020313 0.141667
0 0.534180 0.405208 0.024609 0.148958
0 0.556055 0.406771 0.018359 0.148958
0 0.575586 0.404687 0.019922 0.142708
0 0.602148 0.412240 0.030859 0.159896
0 0.480078 0.418490 0.014844 0.115104
0 0.670703 0.406250 0.026562 0.161458
0 0.700977 0.409635 0.033984 0.169271
0 0.135352 0.783073 0.023828 0.082812
0 0.157812 0.802865 0.009375 0.093229
0 0.172461 0.812500 0.015234 0.081250
0 0.187305 0.824740 0.012891 0.104688
0 0.638086 0.405208 0.033984 0.160417
0 0.205273 0.833854 0.023047 0.085417
