0 0.667708 0.600195 0.040625 0.044141
0 0.613802 0.610938 0.060937 0.027344
0 0.545833 0.617578 0.071875 0.031250
0 0.472396 0.621875 0.075000 0.039062
0 0.710677 0.599414 0.043229 0.033203
0 0.797135 0.602930 0.056771 0.008984
0 0.379948 0.728125 0.033854 0.068750
0 0.340104 0.731055 0.046875 0.063672
0 0.287760 0.731641 0.048438 0.081250
0 0.241927 0.731445 0.042188 0.080859
0 0.190365 0.749023 0.057813 0.060547
0 0.132031 0.753320 0.059896 0.060547
0 0.279948 0.433008 0.047396 0.061328
0 0.325260 0.432422 0.043229 0.059375
0 0.007292 0.451562 0.014583 0.049219
0 0.058073 0.536914 0.039062 0.074609
0 0.750000 0.596094 0.035417 0.040625
0 0.099740 0.534961 0.042188 0.070703
0 0.190365 0.527930 0.051562 0.080859
0 0.925521 0.323047 0.046875 0.179688
0 0.030208 0.352148 0.047917 0.042578
0 0.071354 0.771484 0.053125 0.058594
0 0.021875 0.776563 0.043750 0.049219
0 0.756510 0.686328 0.034896 0.059375
0 0.796615 0.678711 0.044271 0.055078
0 0.835417 0.675781 0.033333 0.049219
0 0.866406 0.679492 0.028646 0.033203
0 0.851042 0.597070 0.052083 0.019141
0 0.142708 0.534375 0.042708 0.068750
0 0.396094 0.627344 0.075521 0.038281
0 0.019792 0.543164 0.036458 0.062109
0 0.319010 0.597656 0.043229 0.027344
0 0.296094 0.353906 0.039062 0.032813
0 0.248438 0.344922 0.052083 0.049219
0 0.195833 0.346875 0.053125 0.052344
0 0.140625 0.347461 0.057292 0.049609
0 0.081250 0.347656 0.054167 0.050781
0 0.239583 0.522852 0.047917 0.072266
0 0.285938 0.532031 0.044792 0.055469
0 0.330469 0.529687 0.044271 0.052344
0 0.366406 0.496680 0.026562 0.055859
0 0.393229 0.495312 0.025000 0.057031
0 0.423438 0.497461 0.028125 0.050391
0 0.450781 0.503711 0.025521 0.035547
0 0.485938 0.501367 0.044792 0.029297
0 0.333854 0.636133 0.047917 0.034766
0 0.531250 0.506055 0.045833 0.019141
0 0.611979 0.493945 0.040625 0.028516
0 0.642969 0.493555 0.019271 0.029297
0 0.677083 0.489453 0.050000 0.028906
0 0.724740 0.487695 0.045312 0.031641
0 0.765885 0.486328 0.034896 0.028125
0 0.798958 0.484766 0.031250 0.030469
0 0.835677 0.482812 0.041146 0.025781
0 0.874479 0.471484 0.035417 0.050000
0 0.021875 0.644141 0.043750 0.077344
0 0.072917 0.642969 0.056250 0.081250
0 0.130208 0.632812 0.058333 0.081250
0 0.412760 0.722656 0.029687 0.064062
0 0.188281 0.631641 0.056771 0.082031
0 0.572917 0.494727 0.037500 0.033984
0 0.442188 0.719727 0.030208 0.069141
0 0.471875 0.714648 0.029167 0.059766
0 0.589323 0.259375 0.049479 0.071094
0 0.816927 0.409570 0.030729 0.037109
0 0.884896 0.413867 0.027083 0.026953
0 0.816927 0.261914 0.034896 0.058984
0 0.780990 0.262305 0.036979 0.056641
0 0.741406 0.261914 0.043229 0.058984
0 0.692708 0.258594 0.045833 0.067969
0 0.642969 0.258789 0.054688 0.069141
0 0.501823 0.724414 0.028646 0.042578
0 0.536719 0.260352 0.056771 0.069922
0 0.473177 0.254297 0.067187 0.078906
0 0.399219 0.258789 0.078646 0.071484
0 0.338281 0.265234 0.043229 0.059375
0 0.295573 0.264844 0.041146 0.059375
0 0.782813 0.415234 0.034375 0.027344
0 0.243750 0.262891 0.059375 0.060937
0 0.128385 0.261523 0.058854 0.060547
0 0.070312 0.261523 0.057292 0.064453
0 0.020313 0.261719 0.040625 0.063281
0 0.653385 0.347266 0.024479 0.025781
0 0.719271 0.341602 0.021875 0.033203
0 0.741406 0.343359 0.021354 0.028125
0 0.766406 0.339453 0.023438 0.035937
0 0.789062 0.341016 0.020833 0.032813
0 0.814323 0.342383 0.023438 0.027734
0 0.863021 0.342383 0.018750 0.025391
0 0.883333 0.338086 0.020833 0.033984
0 0.038542 0.441797 0.047917 0.060937
0 0.087500 0.438086 0.050000 0.068359
0 0.187500 0.267578 0.055208 0.048438
0 0.334896 0.350000 0.033333 0.038281
0 0.850781 0.412305 0.035937 0.029297
0 0.416927 0.351562 0.041146 0.028906
0 0.539844 0.699805 0.047396 0.078516
0 0.579688 0.704102 0.034375 0.069141
0 0.614323 0.700977 0.032813 0.063672
0 0.646094 0.699805 0.032813 0.068359
0 0.677083 0.692578 0.030208 0.061719
0 0.713021 0.687891 0.038542 0.059375
0 0.377344 0.433398 0.045312 0.027734
0 0.421094 0.432422 0.043229 0.029687
0 0.465625 0.429102 0.042708 0.028516
0 0.507812 0.427734 0.040625 0.029687
0 0.550000 0.426367 0.044792 0.025391
0 0.372917 0.353125 0.045833 0.032031
0 0.591667 0.424023 0.038542 0.029297
0 0.629687 0.422266 0.037500 0.026562
0 0.232292 0.433008 0.042708 0.062891
0 0.550000 0.353516 0.041667 0.024219
0 0.136458 0.436523 0.048958 0.065234
0 0.884635 0.271289 0.032813 0.042578
0 0.851562 0.271484 0.031250 0.036719
0 0.619271 0.354883 0.040625 0.013672
0 0.618490 0.340234 0.043229 0.015625
0 0.611979 0.323047 0.040625 0.017969
0 0.584896 0.349023 0.025000 0.026953
0 0.186198 0.434766 0.049479 0.067969
0 0.508333 0.352734 0.041667 0.024219
0 0.461979 0.352930 0.047917 0.025391
0 0.667448 0.421484 0.036979 0.029687
0 0.710156 0.417383 0.042188 0.029297
0 0.747917 0.416602 0.034375 0.030078
