0 0.208129 0.671109 0.114788 0.018076
0 0.202002 0.703125 0.118873 0.026961
0 0.198734 0.741881 0.140931 0.037071
0 0.103554 0.723652 0.039624 0.083333
0 0.060458 0.722120 0.039216 0.083333
0 0.019404 0.720741 0.038807 0.083640
0 0.959559 0.609835 0.080882 0.019914
0 0.952819 0.537531 0.094363 0.018689
0 0.962214 0.585018 0.075572 0.024203
0 0.868260 0.858456 0.126225 0.019608
0 0.348652 0.698223 0.150735 0.026348
0 0.851511 0.558364 0.161356 0.021752
0 0.689338 0.618260 0.139297 0.016544
0 0.689338 0.597426 0.135212 0.017770
0 0.686683 0.575368 0.133987 0.022059
0 0.603554 0.592831 0.024918 0.023284
0 0.575368 0.593290 0.025735 0.021140
0 0.603350 0.617494 0.028595 0.024203
0 0.571691 0.617647 0.022467 0.024510
0 0.840278 0.611366 0.155229 0.024203
0 0.841299 0.584559 0.157271 0.022059
0 0.375204 0.720588 0.101716 0.015931
0 0.348448 0.741268 0.154412 0.020527
0 0.704044 0.864890 0.168709 0.038603
0 0.531863 0.829657 0.105392 0.020221
0 0.527778 0.861060 0.117647 0.018689
0 0.528391 0.882506 0.114788 0.018689
0 0.409722 0.882506 0.114379 0.018689
0 0.418709 0.839461 0.111928 0.018382
0 0.289420 0.823529 0.122141 0.017157
0 0.288807 0.842678 0.116830 0.015625
0 0.290033 0.862745 0.115196 0.018995
0 0.290237 0.885570 0.111520 0.018689
0 0.111928 0.890165 0.146242 0.021752
0 0.112337 0.868107 0.155229 0.020527
0 0.104575 0.845435 0.151961 0.021140
0 0.104167 0.823836 0.155229 0.017770
0 0.876225 0.709712 0.138072 0.021752
0 0.878676 0.681526 0.147059 0.026654
0 0.872345 0.738205 0.138480 0.023591
0 0.728758 0.718290 0.116013 0.020527
0 0.724265 0.688266 0.123366 0.027880
0 0.605596 0.737898 0.118056 0.019914
0 0.607230 0.713695 0.117239 0.020527
0 0.488562 0.727482 0.112745 0.020527
0 0.486928 0.684589 0.117647 0.017463
0 0.372753 0.673407 0.096814 0.019608
0 0.487949 0.707414 0.115605 0.017157
0 0.865809 0.877298 0.125408 0.014400
0 0.494281 0.619792 0.128268 0.022672
0 0.167075 0.432445 0.125817 0.021140
0 0.167484 0.404412 0.122549 0.025735
0 0.051471 0.457108 0.102941 0.027574
0 0.050654 0.426011 0.101307 0.034007
0 0.049428 0.391544 0.098856 0.023284
0 0.924632 0.301011 0.150735 0.083640
0 0.757149 0.306066 0.180964 0.077206
0 0.591503 0.336550 0.138889 0.024816
0 0.451593 0.340839 0.136846 0.027267
0 0.593954 0.308517 0.139706 0.023897
0 0.170139 0.456801 0.119690 0.023897
0 0.453227 0.311121 0.136029 0.022978
0 0.449551 0.282016 0.140931 0.029105
0 0.310662 0.284161 0.131944 0.024203
0 0.316993 0.341146 0.128268 0.024816
0 0.316789 0.312653 0.131944 0.022978
0 0.179739 0.315564 0.131536 0.022672
0 0.174428 0.286305 0.132353 0.025429
0 0.184232 0.343597 0.132353 0.026654
0 0.057802 0.341299 0.115605 0.028186
0 0.054534 0.310202 0.109069 0.028493
0 0.052696 0.276501 0.105392 0.030944
0 0.592320 0.277420 0.140523 0.026042
0 0.866626 0.837469 0.131944 0.017463
0 0.296364 0.456495 0.123775 0.020221
0 0.297590 0.402727 0.126225 0.028493
0 0.498775 0.569240 0.133170 0.022059
0 0.493056 0.594975 0.129902 0.022059
0 0.343546 0.596201 0.160948 0.021446
0 0.345180 0.622702 0.164216 0.025429
0 0.177288 0.626072 0.162582 0.022978
0 0.175858 0.600643 0.163807 0.024203
0 0.339052 0.574142 0.164216 0.022672
0 0.172590 0.576287 0.164624 0.020833
0 0.171773 0.550858 0.167892 0.022059
0 0.052288 0.590380 0.063725 0.088848
0 0.296569 0.429841 0.124183 0.022059
0 0.852328 0.449602 0.139297 0.018689
0 0.853350 0.406250 0.141340 0.017157
0 0.700368 0.450368 0.145016 0.023284
0 0.702002 0.423254 0.148284 0.020527
0 0.705065 0.396446 0.150327 0.025123
0 0.559232 0.398591 0.135621 0.026348
0 0.556781 0.426317 0.134804 0.023591
0 0.555760 0.452512 0.132761 0.024510
0 0.424837 0.454657 0.124183 0.025735
0 0.423203 0.427696 0.125000 0.023284
0 0.426266 0.400888 0.122958 0.024816
0 0.853350 0.427083 0.141340 0.016544
0 0.856618 0.818168 0.127451 0.018689
0 0.408905 0.861213 0.116830 0.015931
