0 0.168791 0.592593 0.026727 0.032870
0 0.353002 0.575347 0.020148 0.024769
0 0.284334 0.769907 0.032484 0.049537
0 0.323191 0.768287 0.034539 0.050000
0 0.362870 0.772106 0.034128 0.050694
0 0.396998 0.764236 0.028372 0.051157
0 0.199630 0.589815 0.018503 0.032407
0 0.178660 0.566898 0.023438 0.013426
0 0.405016 0.664352 0.023849 0.051389
0 0.544613 0.672917 0.039885 0.058333
0 0.487048 0.667014 0.049753 0.055324
0 0.439350 0.666088 0.036595 0.053472
0 0.144531 0.558565 0.035773 0.021759
0 0.446957 0.772801 0.032895 0.054398
0 0.228618 0.584838 0.028783 0.062269
0 0.267270 0.587037 0.040296 0.064352
0 0.355263 0.604630 0.024671 0.019907
0 0.333059 0.571875 0.016447 0.028472
0 0.616160 0.673495 0.051398 0.059491
0 0.381990 0.304282 0.034539 0.034954
0 0.829359 0.670370 0.054276 0.024074
0 0.543586 0.769792 0.037829 0.048380
0 0.394737 0.596528 0.046053 0.043981
0 0.851768 0.750694 0.042352 0.015278
0 0.904400 0.756481 0.043997 0.018981
0 0.946957 0.748148 0.040296 0.018056
0 0.106086 0.788889 0.050987 0.014815
0 0.805304 0.759954 0.034128 0.012500
0 0.991776 0.802199 0.016447 0.020139
0 0.957031 0.795370 0.036595 0.019907
0 0.908512 0.798611 0.040707 0.020833
0 0.860403 0.788079 0.031661 0.015972
0 0.817434 0.797917 0.049342 0.022222
0 0.757607 0.787847 0.056332 0.026157
0 0.490543 0.758796 0.044408 0.061111
0 0.756168 0.766088 0.055921 0.013657
0 0.700863 0.779167 0.046464 0.055093
0 0.671464 0.662731 0.044408 0.041204
0 0.720395 0.670602 0.047697 0.054630
0 0.770970 0.682870 0.045230 0.056944
0 0.829975 0.700810 0.055510 0.021528
0 0.888158 0.691898 0.049342 0.038889
0 0.941817 0.688542 0.048109 0.042824
0 0.984992 0.678009 0.030016 0.026852
0 0.032072 0.778009 0.062500 0.022685
0 0.138158 0.765394 0.041118 0.028935
0 0.659334 0.780440 0.034128 0.051157
0 0.618010 0.779514 0.041118 0.054398
0 0.752056 0.752083 0.050164 0.012963
0 0.428043 0.597222 0.018914 0.024074
0 0.343750 0.306481 0.023849 0.028241
0 0.475329 0.590509 0.013980 0.034722
0 0.361225 0.415972 0.020970 0.045370
0 0.337788 0.416551 0.021793 0.040972
0 0.315789 0.416551 0.019737 0.040972
0 0.293791 0.416551 0.022615 0.040972
0 0.266036 0.417708 0.026316 0.043287
0 0.185650 0.370833 0.065378 0.021296
0 0.497738 0.451505 0.021793 0.005787
0 0.219161 0.425116 0.061678 0.023843
0 0.142887 0.425347 0.077714 0.024306
0 0.141447 0.397917 0.071546 0.027778
0 0.066817 0.424421 0.071135 0.025231
0 0.067023 0.396644 0.068257 0.025694
0 0.981086 0.287963 0.037829 0.019444
0 0.980058 0.260417 0.039885 0.020370
0 0.943462 0.287269 0.028372 0.016204
0 0.386513 0.415162 0.024671 0.046065
0 0.416735 0.416435 0.030016 0.043519
0 0.447163 0.416088 0.023438 0.046065
0 0.475946 0.416204 0.034128 0.045833
0 0.813117 0.412847 0.026727 0.035417
0 0.781867 0.413773 0.030016 0.038657
0 0.749589 0.414815 0.026316 0.039352
0 0.719367 0.415509 0.026727 0.040278
0 0.680510 0.416782 0.029605 0.046065
0 0.642064 0.416551 0.026727 0.046991
0 0.611637 0.415625 0.028372 0.045602
0 0.907278 0.288773 0.026727 0.020602
0 0.578536 0.386574 0.031250 0.011574
0 0.516242 0.386574 0.025905 0.012963
0 0.575658 0.364931 0.026316 0.030324
0 0.546258 0.365394 0.024260 0.028935
0 0.518709 0.365394 0.025905 0.026157
0 0.575247 0.414005 0.030428 0.041435
0 0.541530 0.415509 0.028783 0.041667
0 0.507401 0.416319 0.031250 0.046065
0 0.546053 0.386574 0.028783 0.012963
0 0.872533 0.268750 0.032072 0.061111
0 0.819079 0.217477 0.028783 0.011343
0 0.840255 0.269329 0.022615 0.063194
0 0.890831 0.181597 0.021793 0.010880
0 0.856086 0.195718 0.027961 0.015046
0 0.889803 0.194560 0.028783 0.012731
0 0.858141 0.209954 0.027138 0.010648
0 0.892064 0.209954 0.027549 0.012037
0 0.932360 0.182176 0.034128 0.044444
0 0.968133 0.181019 0.025905 0.040741
0 0.861637 0.180324 0.029194 0.013426
0 0.068462 0.308796 0.076069 0.024074
0 0.045641 0.284954 0.053454 0.018981
0 0.218544 0.318403 0.070312 0.009028
0 0.230880 0.307870 0.076069 0.009259
0 0.237253 0.295023 0.074836 0.007176
0 0.273232 0.285995 0.066201 0.007639
0 0.269326 0.277778 0.068257 0.007407
0 0.306743 0.306481 0.029605 0.028241
0 0.141036 0.307407 0.070724 0.024074
0 0.103002 0.489236 0.069490 0.024769
0 0.890214 0.167708 0.023849 0.012269
0 0.909951 0.150810 0.022204 0.015509
0 0.778988 0.271412 0.033306 0.015509
0 0.809622 0.302083 0.033717 0.037500
0 0.772821 0.302315 0.030839 0.036574
0 0.738692 0.304167 0.028372 0.032870
0 0.708470 0.305093 0.019737 0.033333
0 0.674137 0.301273 0.039885 0.040972
0 0.641242 0.306597 0.020148 0.017361
0 0.862048 0.166319 0.025082 0.012269
0 0.616776 0.307755 0.028783 0.022917
0 0.566612 0.304398 0.023026 0.034722
0 0.531456 0.301273 0.043997 0.040972
0 0.497944 0.307870 0.017270 0.027778
0 0.474301 0.306597 0.026727 0.025231
0 0.447368 0.305440 0.018092 0.030787
0 0.426398 0.304167 0.019737 0.030093
0 0.867599 0.149884 0.027138 0.013657
0 0.590461 0.303704 0.018914 0.035185
0 0.112048 0.517593 0.073602 0.025926
0 0.035979 0.516319 0.067023 0.026157
0 0.031250 0.493634 0.057566 0.009954
0 0.932566 0.554977 0.053454 0.010417
0 0.924548 0.524537 0.044819 0.018519
0 0.964638 0.541319 0.056743 0.009954
0 0.975740 0.523611 0.046875 0.017593
0 0.832237 0.580556 0.046053 0.024537
0 0.880140 0.576505 0.041530 0.020602
0 0.931743 0.576852 0.051809 0.019907
0 0.881579 0.546875 0.041118 0.023380
0 0.980058 0.576852 0.039885 0.019907
0 0.942229 0.634375 0.039885 0.015972
0 0.024877 0.668750 0.048931 0.056019
0 0.075041 0.671528 0.041530 0.056944
0 0.122738 0.664583 0.024260 0.045833
0 0.158923 0.675000 0.044819 0.051389
0 0.206003 0.663310 0.031250 0.048380
0 0.244860 0.665046 0.038240 0.052778
0 0.875822 0.623148 0.046875 0.022685
0 0.299548 0.681481 0.043997 0.049074
0 0.835526 0.549074 0.047697 0.025463
0 0.908512 0.488426 0.034951 0.015741
0 0.501028 0.598611 0.028372 0.029167
0 0.534128 0.596065 0.032895 0.037037
0 0.569079 0.596181 0.032072 0.036806
0 0.604852 0.599306 0.028783 0.035648
0 0.645559 0.602546 0.034539 0.034722
0 0.703742 0.597801 0.033306 0.049306
0 0.750206 0.599421 0.032484 0.043750
0 0.897615 0.466551 0.016447 0.020602
0 0.787829 0.601389 0.032072 0.047685
0 0.814350 0.359954 0.062089 0.023148
0 0.894531 0.337037 0.067023 0.017130
0 0.944285 0.387269 0.090872 0.025000
0 0.839638 0.482176 0.064967 0.026389
0 0.966077 0.480440 0.063734 0.027083
0 0.947574 0.458333 0.050576 0.012037
0 0.914268 0.438194 0.054688 0.020833
0 0.848684 0.383681 0.064967 0.020139
0 0.453125 0.596644 0.026316 0.025231
0 0.367393 0.681366 0.033306 0.049306
0 0.113281 0.198727 0.043174 0.082176
0 0.754317 0.509954 0.030839 0.047685
0 0.787007 0.509838 0.030428 0.044676
0 0.598273 0.512037 0.024671 0.043981
0 0.556538 0.507639 0.021793 0.040278
0 0.532484 0.509144 0.020559 0.043287
0 0.509046 0.509028 0.020559 0.043056
0 0.483141 0.509144 0.025493 0.043287
0 0.723067 0.509028 0.025905 0.045370
0 0.430304 0.519676 0.060444 0.019444
0 0.350946 0.515625 0.076069 0.029861
0 0.284539 0.509838 0.051809 0.026157
0 0.289062 0.480671 0.055921 0.023380
0 0.238076 0.477778 0.047697 0.025926
0 0.217516 0.511574 0.072368 0.024537
0 0.014803 0.394907 0.029605 0.024074
0 0.015625 0.423380 0.029605 0.030093
0 0.422286 0.496181 0.054276 0.022917
0 0.066817 0.199421 0.043997 0.080787
0 0.694079 0.508449 0.037829 0.047454
0 0.631373 0.511111 0.025082 0.048148
0 0.329975 0.219097 0.029194 0.038194
0 0.356702 0.220255 0.021793 0.037731
0 0.379523 0.219560 0.020559 0.036343
0 0.406867 0.220602 0.027549 0.038426
0 0.433183 0.227315 0.019326 0.022685
0 0.454153 0.222338 0.020148 0.032639
0 0.483553 0.208333 0.035362 0.060185
0 0.660362 0.510648 0.028783 0.047685
0 0.523643 0.207755 0.035773 0.061343
0 0.733964 0.211343 0.046875 0.056944
0 0.661390 0.215394 0.032484 0.043287
0 0.133840 0.591204 0.032484 0.025000
0 0.097656 0.594097 0.034951 0.025231
0 0.105263 0.557755 0.036184 0.021528
0 0.052837 0.593750 0.030016 0.031019
0 0.016859 0.593750 0.032072 0.033796
0 0.568873 0.208218 0.046464 0.057639
0 0.618832 0.210185 0.046875 0.053704
