0 0.125204 0.151808 0.088644 0.046262
0 0.547590 0.259191 0.066585 0.066176
0 0.695261 0.300245 0.071895 0.034314
0 0.853758 0.262408 0.069444 0.032782
0 0.773080 0.259191 0.069036 0.038603
0 0.695670 0.259498 0.072712 0.036765
0 0.617851 0.327972 0.065768 0.060355
0 0.619077 0.260570 0.068219 0.066483
0 0.545752 0.326287 0.062908 0.059436
0 0.126225 0.104167 0.090686 0.045343
0 0.217729 0.106618 0.089052 0.047794
0 0.395425 0.328278 0.071895 0.058517
0 0.308211 0.111213 0.082108 0.047181
0 0.216912 0.154105 0.087418 0.043505
0 0.307598 0.158701 0.084150 0.042892
0 0.390931 0.143842 0.070261 0.075061
0 0.463031 0.146293 0.065768 0.075061
0 0.392974 0.079963 0.070261 0.045956
0 0.465278 0.085784 0.066993 0.042892
0 0.543505 0.070925 0.074755 0.072610
0 0.538194 0.147672 0.067402 0.072917
0 0.615809 0.151501 0.068219 0.070772
0 0.698121 0.078278 0.077614 0.047488
0 0.779616 0.080882 0.078840 0.047794
0 0.697917 0.124387 0.077206 0.038603
0 0.779616 0.127298 0.075572 0.039522
0 0.695466 0.166820 0.078840 0.041973
0 0.775735 0.169884 0.074346 0.043199
0 0.854167 0.170650 0.073529 0.042279
0 0.393382 0.259957 0.075163 0.070159
0 0.312704 0.329197 0.081291 0.065257
0 0.230801 0.326593 0.075980 0.057598
0 0.146242 0.326746 0.084967 0.062806
0 0.059232 0.326440 0.079248 0.062194
0 0.315359 0.260263 0.073529 0.065870
0 0.473039 0.327665 0.072712 0.062194
0 0.225286 0.261642 0.084559 0.066176
0 0.052492 0.260110 0.082108 0.065564
0 0.935662 0.172028 0.071487 0.040135
0 0.934436 0.130055 0.069036 0.040135
0 0.935049 0.086397 0.073529 0.039216
0 0.857435 0.083487 0.070261 0.043199
0 0.857843 0.127604 0.074346 0.042586
0 0.140114 0.259344 0.082516 0.068934
0 0.470792 0.258272 0.071487 0.069240
0 0.224265 0.614737 0.069444 0.032782
0 0.843546 0.300245 0.065359 0.034314
0 0.832108 0.637408 0.065359 0.023591
0 0.761234 0.638787 0.062500 0.023897
0 0.693832 0.644455 0.062500 0.020527
0 0.692810 0.671109 0.066993 0.027267
0 0.692198 0.699602 0.059232 0.022365
0 0.625204 0.702359 0.060866 0.025429
0 0.626430 0.672794 0.063317 0.022672
0 0.627655 0.647059 0.058415 0.018382
0 0.562704 0.656097 0.060866 0.024203
0 0.499592 0.657322 0.056373 0.026654
0 0.563725 0.685202 0.059641 0.027880
0 0.501634 0.687194 0.057190 0.026961
0 0.560662 0.713695 0.060049 0.025429
0 0.765319 0.666513 0.060866 0.025429
0 0.498570 0.717831 0.057598 0.026348
0 0.437704 0.689491 0.057598 0.029105
0 0.437704 0.660233 0.057598 0.025123
0 0.369894 0.664828 0.064134 0.029412
0 0.373775 0.695466 0.058824 0.028799
0 0.372753 0.725950 0.060049 0.025429
0 0.306781 0.729320 0.066176 0.024816
0 0.234681 0.732996 0.064134 0.024816
0 0.258374 0.670190 0.071487 0.027880
0 0.303922 0.697917 0.066993 0.026348
0 0.231618 0.704810 0.071078 0.022978
0 0.158497 0.741575 0.072712 0.024816
0 0.083742 0.742494 0.065359 0.026654
0 0.156863 0.711550 0.072712 0.021140
0 0.436479 0.721507 0.058415 0.026348
0 0.082312 0.711244 0.065768 0.025429
0 0.831495 0.664828 0.064134 0.024510
0 0.827819 0.694700 0.060049 0.024816
0 0.038807 0.150582 0.077614 0.041360
0 0.434028 0.395680 0.064134 0.024816
0 0.396855 0.435662 0.038807 0.040441
0 0.831904 0.797947 0.053513 0.025429
0 0.768382 0.803156 0.059641 0.021752
0 0.836806 0.773744 0.058415 0.022365
0 0.771855 0.776042 0.063317 0.024510
0 0.707925 0.781097 0.054739 0.027267
0 0.706904 0.807598 0.055964 0.020833
0 0.643587 0.810815 0.060866 0.022365
0 0.646242 0.785539 0.059641 0.023284
0 0.582516 0.817862 0.057190 0.023591
0 0.581699 0.785846 0.058824 0.026348
0 0.759600 0.697457 0.062500 0.025429
0 0.518587 0.821998 0.061683 0.029412
0 0.452002 0.793658 0.063317 0.024816
0 0.455270 0.824755 0.056781 0.022672
0 0.389502 0.828891 0.060049 0.026042
0 0.383374 0.799326 0.058415 0.026348
0 0.322100 0.837776 0.060866 0.029105
0 0.314338 0.805607 0.064951 0.024203
0 0.243260 0.809130 0.064951 0.026348
0 0.251838 0.846354 0.071487 0.026654
0 0.187704 0.840533 0.052696 0.029718
0 0.089461 0.810049 0.066993 0.018382
0 0.129085 0.840839 0.050654 0.022978
0 0.072100 0.848346 0.055147 0.025735
0 0.018178 0.861673 0.036356 0.029718
0 0.518995 0.791513 0.059232 0.025429
0 0.769404 0.299326 0.069036 0.034926
0 0.153186 0.678922 0.075980 0.025123
0 0.852737 0.522365 0.070670 0.026348
0 0.825980 0.396140 0.066176 0.030637
0 0.755515 0.399510 0.067402 0.037377
0 0.673815 0.473039 0.072304 0.036152
0 0.678922 0.437347 0.065359 0.031556
0 0.683211 0.401042 0.070670 0.035539
0 0.612337 0.407935 0.058007 0.051777
0 0.605392 0.464308 0.060458 0.055453
0 0.543301 0.462623 0.058007 0.057598
0 0.545343 0.407782 0.068627 0.049020
0 0.475082 0.478860 0.063725 0.033088
0 0.477124 0.440104 0.061275 0.034620
0 0.407475 0.478707 0.063317 0.040135
0 0.335580 0.417279 0.078023 0.055760
0 0.754085 0.435968 0.067810 0.031250
0 0.334763 0.470741 0.073121 0.051777
0 0.255719 0.416360 0.072712 0.049020
0 0.175041 0.415441 0.076389 0.054534
0 0.181577 0.474418 0.073121 0.059130
0 0.103350 0.477635 0.075163 0.057598
0 0.095997 0.417433 0.073529 0.056066
0 0.029412 0.491728 0.058824 0.031863
0 0.028799 0.452206 0.057598 0.034314
0 0.025735 0.413909 0.051471 0.031863
0 0.912377 0.335018 0.068219 0.034620
0 0.841299 0.338388 0.064134 0.036458
0 0.765319 0.337929 0.073938 0.033088
0 0.691585 0.338082 0.067810 0.035846
0 0.918505 0.299020 0.069853 0.031863
0 0.257966 0.472886 0.070670 0.056066
0 0.072917 0.679841 0.076389 0.026961
0 0.749796 0.472886 0.069036 0.033395
0 0.894199 0.433211 0.064542 0.030637
0 0.851511 0.553922 0.061683 0.030025
0 0.845180 0.584865 0.061275 0.027574
0 0.782680 0.587010 0.058824 0.026961
0 0.785131 0.555453 0.063725 0.025735
0 0.785539 0.523897 0.058007 0.024510
0 0.715891 0.590074 0.064134 0.028186
0 0.718954 0.558977 0.063725 0.025429
0 0.648489 0.594056 0.064134 0.028799
0 0.649510 0.561581 0.062908 0.028186
0 0.578023 0.596507 0.062092 0.028799
0 0.510417 0.599112 0.064951 0.029105
0 0.582721 0.563266 0.060866 0.029105
0 0.514706 0.565257 0.063725 0.030637
0 0.824551 0.435509 0.066585 0.030331
0 0.443627 0.602788 0.062908 0.029105
0 0.444444 0.568474 0.067810 0.032169
0 0.374183 0.572457 0.066176 0.029718
0 0.297998 0.610600 0.071487 0.031863
0 0.297998 0.573989 0.078840 0.035233
0 0.219363 0.576746 0.069444 0.035846
0 0.151348 0.621324 0.065768 0.036152
0 0.075572 0.622855 0.071895 0.031863
0 0.146855 0.581342 0.069853 0.032782
0 0.070261 0.587316 0.071078 0.032475
0 0.148489 0.538450 0.066585 0.033395
0 0.071691 0.545956 0.070670 0.031250
0 0.891748 0.467831 0.066176 0.033088
0 0.824142 0.471354 0.062500 0.030331
0 0.372345 0.606618 0.069036 0.028799
0 0.037990 0.103094 0.075980 0.048100
