0 0.749219 0.186523 0.032813 0.113672
0 0.564323 0.188477 0.028646 0.121484
0 0.711198 0.185352 0.027604 0.125391
0 0.643229 0.213477 0.016667 0.057422
0 0.615365 0.216016 0.018229 0.056250
0 0.800521 0.203125 0.020833 0.083594
0 0.519531 0.181055 0.048438 0.126953
0 0.221875 0.164844 0.051042 0.146094
0 0.416667 0.175195 0.048958 0.135547
0 0.359115 0.170898 0.048438 0.131641
0 0.277604 0.170703 0.048958 0.139063
0 0.161719 0.165039 0.045312 0.146484
0 0.872135 0.353711 0.011979 0.047266
0 0.827604 0.201758 0.017708 0.080859
0 0.470833 0.178516 0.042708 0.128125
0 0.869531 0.206250 0.020313 0.087500
0 0.922656 0.346094 0.020313 0.053125
0 0.916667 0.208984 0.018750 0.092969
0 0.932552 0.551758 0.021354 0.020703
0 0.956510 0.544141 0.017188 0.017969
0 0.955208 0.516211 0.017708 0.019141
0 0.973958 0.518359 0.013542 0.060156
0 0.847656 0.544922 0.028646 0.090625
0 0.809115 0.545703 0.024479 0.084375
0 0.785677 0.557813 0.013021 0.083594
0 0.767448 0.560742 0.011979 0.091797
0 0.743750 0.570508 0.030208 0.097266
0 0.196094 0.709180 0.046354 0.119922
0 0.251563 0.698047 0.039583 0.133594
0 0.305729 0.683594 0.050000 0.125000
0 0.353125 0.673047 0.038542 0.117969
0 0.927604 0.520508 0.021875 0.021484
0 0.407552 0.660352 0.041146 0.117578
0 0.495052 0.636719 0.042188 0.108594
0 0.539062 0.629883 0.034375 0.103516
0 0.790625 0.697070 0.022917 0.086328
0 0.819010 0.684570 0.022396 0.086328
0 0.851823 0.677344 0.023438 0.089844
0 0.880990 0.670117 0.024479 0.083984
0 0.904167 0.659961 0.021875 0.076172
0 0.928125 0.652539 0.020833 0.073047
0 0.951042 0.641016 0.016667 0.076563
0 0.973958 0.630859 0.019792 0.071094
0 0.240365 0.905859 0.045312 0.114062
0 0.301042 0.883789 0.048958 0.116797
0 0.356250 0.866406 0.042708 0.125000
0 0.452865 0.650000 0.039062 0.110937
0 0.873177 0.565625 0.017188 0.025781
0 0.875260 0.536133 0.013021 0.026172
0 0.900521 0.556641 0.028125 0.030469
0 0.892969 0.347266 0.021354 0.057031
0 0.958594 0.340430 0.021354 0.049609
0 0.951302 0.434180 0.023438 0.051172
0 0.920052 0.443164 0.015104 0.052734
0 0.895833 0.432617 0.020833 0.080859
0 0.865365 0.437891 0.028646 0.078906
0 0.840885 0.442578 0.022396 0.092188
0 0.806510 0.446484 0.027604 0.094531
0 0.762760 0.453711 0.019271 0.092578
0 0.737240 0.456445 0.020313 0.091797
0 0.703646 0.461523 0.028125 0.096484
0 0.658333 0.475781 0.022917 0.093750
0 0.609375 0.487109 0.019792 0.089844
0 0.580469 0.487305 0.029687 0.098828
0 0.547396 0.493750 0.035417 0.099219
0 0.512760 0.503320 0.027604 0.096484
0 0.476823 0.502734 0.038021 0.104688
0 0.435156 0.509961 0.039062 0.110547
0 0.370312 0.504687 0.057292 0.039062
0 0.376823 0.554102 0.053646 0.033984
0 0.327344 0.544727 0.039062 0.023047
0 0.891927 0.206250 0.019271 0.083594
0 0.276562 0.555078 0.048958 0.017188
0 0.272396 0.584180 0.045833 0.018359
0 0.216667 0.586328 0.055208 0.053125
0 0.579688 0.617578 0.023958 0.086719
0 0.653906 0.598437 0.024479 0.091406
0 0.710417 0.579492 0.029167 0.090234
0 0.899219 0.514453 0.022396 0.038281
0 0.457552 0.821680 0.038021 0.102734
0 0.509635 0.798828 0.049479 0.100000
0 0.325521 0.572656 0.038542 0.021875
0 0.642448 0.755273 0.040104 0.096484
0 0.233594 0.383203 0.050521 0.137500
0 0.290885 0.370508 0.040104 0.146484
0 0.342448 0.363281 0.052604 0.154688
0 0.589323 0.766797 0.040104 0.099219
0 0.407031 0.364453 0.040104 0.140625
0 0.453646 0.363477 0.040625 0.128516
0 0.504167 0.361523 0.030208 0.130859
0 0.579688 0.355078 0.039583 0.133594
0 0.839583 0.325977 0.026042 0.119141
0 0.774479 0.342187 0.020833 0.108594
0 0.745833 0.338281 0.026042 0.117188
0 0.611458 0.361523 0.023958 0.101953
0 0.639062 0.356836 0.022917 0.102734
0 0.676302 0.345898 0.040104 0.113672
0 0.711719 0.341602 0.023438 0.113672
0 0.180469 0.393164 0.031771 0.132422
0 0.404687 0.039648 0.037500 0.072266
0 0.971354 0.217969 0.057292 0.056250
0 0.488021 0.041992 0.029167 0.083203
0 0.684635 0.738477 0.031771 0.081641
0 0.729688 0.718164 0.029167 0.087891
0 0.969792 0.094336 0.021875 0.078516
0 0.945052 0.094141 0.019271 0.082031
0 0.924219 0.091797 0.020313 0.078125
0 0.899740 0.083398 0.017188 0.084766
0 0.696875 0.072461 0.037500 0.069141
0 0.737500 0.072070 0.028125 0.074609
0 0.765104 0.069922 0.018750 0.090625
0 0.447656 0.041016 0.039062 0.081250
0 0.796875 0.065820 0.021875 0.098828
0 0.825000 0.073828 0.018750 0.092188
0 0.848177 0.076758 0.018229 0.090234
0 0.873958 0.078711 0.018750 0.087891
0 0.629427 0.049023 0.046354 0.095703
0 0.580469 0.048633 0.040104 0.094922
0 0.523958 0.043750 0.033333 0.085938
