0 0.046354 0.052148 0.041667 0.041016
0 0.077604 0.135156 0.067708 0.068750
0 0.613021 0.105469 0.076042 0.078125
0 0.209115 0.130664 0.054688 0.073828
0 0.261198 0.126172 0.030729 0.067969
0 0.286198 0.129688 0.023438 0.054688
0 0.323698 0.127344 0.025521 0.067187
0 0.353906 0.127734 0.026562 0.056250
0 0.390885 0.128711 0.036979 0.055859
0 0.443750 0.113867 0.065625 0.077734
0 0.524479 0.110742 0.068750 0.071484
0 0.697396 0.101953 0.084375 0.082812
0 0.789583 0.096094 0.084375 0.085938
0 0.905469 0.091016 0.098437 0.072656
0 0.145573 0.130469 0.050521 0.067969
0 0.090885 0.050977 0.033854 0.032422
0 0.553906 0.591602 0.033854 0.062109
0 0.190104 0.043750 0.042708 0.032813
0 0.239844 0.663867 0.033854 0.035547
0 0.202083 0.658789 0.028125 0.037109
0 0.166146 0.652344 0.032292 0.032813
0 0.131250 0.645508 0.032292 0.037891
0 0.097656 0.638281 0.026562 0.040625
0 0.062240 0.631445 0.029687 0.037891
0 0.057031 0.536719 0.019271 0.050000
0 0.084896 0.545508 0.018750 0.041797
0 0.106771 0.547070 0.020833 0.042578
0 0.132812 0.549805 0.018750 0.046484
0 0.155469 0.550000 0.019271 0.050781
0 0.186458 0.552930 0.027083 0.054297
0 0.215365 0.555664 0.022396 0.053516
0 0.244010 0.563086 0.023438 0.042578
0 0.267448 0.565625 0.022396 0.047656
0 0.296354 0.568359 0.018750 0.053125
0 0.325000 0.568945 0.026042 0.059766
0 0.349479 0.570117 0.022917 0.062109
0 0.379427 0.571289 0.025521 0.055859
0 0.412240 0.577539 0.028646 0.054297
0 0.448958 0.584375 0.032292 0.062500
0 0.481771 0.583789 0.031250 0.061328
0 0.514323 0.586523 0.027604 0.060547
0 0.591406 0.600195 0.031771 0.053516
0 0.632812 0.604102 0.029167 0.055078
0 0.278125 0.668555 0.037500 0.040234
0 0.322917 0.674609 0.034375 0.048438
0 0.360938 0.680078 0.037500 0.046094
0 0.408073 0.685547 0.035937 0.046875
0 0.079687 0.702344 0.043750 0.050781
0 0.126562 0.713281 0.027083 0.051562
0 0.171615 0.729102 0.051562 0.055078
0 0.243750 0.736328 0.048958 0.057813
0 0.309375 0.745117 0.054167 0.051172
0 0.372656 0.761523 0.065104 0.047266
0 0.442188 0.773828 0.046875 0.049219
0 0.499479 0.780078 0.057292 0.056250
0 0.560417 0.792969 0.053125 0.057031
0 0.630729 0.806641 0.069792 0.064062
0 0.786458 0.849414 0.070833 0.044922
0 0.708073 0.827930 0.082812 0.050391
0 0.669531 0.617969 0.025521 0.039844
0 0.872656 0.857422 0.066146 0.063281
0 0.973177 0.771875 0.036979 0.050000
0 0.933333 0.766602 0.033333 0.051953
0 0.883333 0.752734 0.037500 0.062500
0 0.843490 0.741797 0.034896 0.067187
0 0.801823 0.741211 0.035937 0.070703
0 0.757292 0.722656 0.031250 0.090625
0 0.717708 0.716797 0.025000 0.088281
0 0.675521 0.712305 0.025000 0.091016
0 0.636458 0.704688 0.032292 0.071875
0 0.540104 0.704492 0.038542 0.049609
0 0.494531 0.696484 0.044271 0.039062
0 0.449219 0.691016 0.038021 0.044531
0 0.963021 0.874805 0.073958 0.054297
0 0.134896 0.044727 0.044792 0.037891
0 0.704688 0.623242 0.035417 0.036328
0 0.792188 0.635742 0.040625 0.029297
0 0.250000 0.374609 0.061458 0.040625
0 0.311979 0.376953 0.063542 0.042188
0 0.443229 0.377344 0.055208 0.048438
0 0.504167 0.381055 0.057292 0.048047
0 0.574479 0.384961 0.072917 0.040234
0 0.655469 0.389648 0.073438 0.039453
0 0.896615 0.404492 0.095312 0.041016
0 0.905469 0.256055 0.116146 0.047266
0 0.801823 0.253516 0.078646 0.054688
0 0.716927 0.256250 0.077604 0.052344
0 0.641667 0.260352 0.065625 0.047266
0 0.569792 0.259375 0.071875 0.042969
0 0.496615 0.272266 0.051562 0.025781
0 0.435937 0.272656 0.053125 0.028125
0 0.374479 0.268945 0.050000 0.023047
0 0.320833 0.263086 0.050000 0.041797
0 0.270052 0.259961 0.048438 0.041797
0 0.212760 0.269531 0.049479 0.017188
0 0.161979 0.268750 0.046875 0.021875
0 0.081250 0.260352 0.046875 0.038672
0 0.026562 0.259766 0.046875 0.035156
0 0.248958 0.031445 0.059375 0.045703
0 0.311458 0.022461 0.058333 0.038672
0 0.370312 0.023047 0.053125 0.037500
0 0.434635 0.018750 0.050521 0.034375
0 0.185938 0.371094 0.051042 0.042188
0 0.128906 0.373828 0.053646 0.029687
0 0.088021 0.356641 0.028125 0.070312
0 0.053385 0.353516 0.023438 0.070312
0 0.842448 0.639453 0.036979 0.028125
0 0.889583 0.647852 0.038542 0.027734
0 0.937240 0.647266 0.041146 0.039844
0 0.981250 0.652539 0.037500 0.037891
0 0.961979 0.542773 0.076042 0.030078
0 0.876042 0.528906 0.072917 0.046094
0 0.794010 0.518750 0.068229 0.042969
0 0.739844 0.464062 0.069271 0.020313
0 0.628906 0.451172 0.059896 0.017969
0 0.597135 0.482031 0.054688 0.024219
0 0.657813 0.489063 0.052083 0.024219
0 0.727865 0.491992 0.061979 0.026953
0 0.742969 0.633203 0.043229 0.027344
0 0.722396 0.526563 0.050000 0.024219
0 0.590104 0.514648 0.053125 0.023828
0 0.529948 0.509375 0.050521 0.021875
0 0.475260 0.504883 0.044271 0.015234
0 0.414844 0.493555 0.053646 0.044922
0 0.358594 0.486133 0.047396 0.041797
0 0.301302 0.481641 0.050521 0.046875
0 0.248177 0.478711 0.045312 0.041016
0 0.195833 0.476562 0.038542 0.036719
0 0.155469 0.479883 0.042188 0.019922
0 0.108594 0.475195 0.048438 0.022266
0 0.054167 0.458984 0.053125 0.039062
0 0.016927 0.355078 0.031771 0.067187
0 0.649479 0.517773 0.050000 0.026953
