0 0.484375 0.199414 0.076042 0.033203
0 0.931771 0.062305 0.058333 0.046484
0 0.735938 0.633203 0.071875 0.025781
0 0.736979 0.601172 0.070833 0.025781
0 0.724740 0.575586 0.084896 0.019922
0 0.664062 0.630469 0.064583 0.031250
0 0.589323 0.634570 0.067187 0.037109
0 0.585417 0.596289 0.059375 0.033203
0 0.509375 0.635352 0.075000 0.023828
0 0.507031 0.608008 0.067187 0.019141
0 0.511979 0.576172 0.064583 0.030469
0 0.186198 0.613281 0.068229 0.060937
0 0.261719 0.615430 0.067187 0.063672
0 0.340885 0.629492 0.073438 0.042578
0 0.427344 0.627539 0.078646 0.037109
0 0.128385 0.729297 0.031771 0.114062
0 0.084115 0.731641 0.031771 0.114062
0 0.031510 0.738672 0.060937 0.100000
0 0.023698 0.915625 0.044271 0.168750
0 0.105990 0.910937 0.095312 0.164062
0 0.180469 0.731445 0.056771 0.059766
0 0.257552 0.729883 0.061979 0.062891
0 0.271875 0.682422 0.046875 0.025000
0 0.207292 0.681641 0.069792 0.026562
0 0.332031 0.740430 0.074479 0.037109
0 0.814583 0.632227 0.077083 0.041797
0 0.334375 0.701953 0.075000 0.038281
0 0.889323 0.627148 0.061979 0.033203
0 0.956510 0.521484 0.069271 0.035156
0 0.131771 0.459961 0.054167 0.077734
0 0.071354 0.460742 0.054167 0.080859
0 0.020833 0.460742 0.040625 0.090234
0 0.047396 0.590234 0.063542 0.111719
0 0.114062 0.594922 0.057292 0.111719
0 0.233073 0.516211 0.085938 0.024609
0 0.250521 0.484180 0.060417 0.024609
0 0.323437 0.496680 0.064583 0.020703
0 0.333854 0.470313 0.059375 0.018750
0 0.307292 0.518750 0.035417 0.021875
0 0.365625 0.517578 0.076042 0.035937
0 0.462240 0.520117 0.072396 0.033203
0 0.458594 0.477734 0.080729 0.035156
0 0.539062 0.480664 0.070833 0.041016
0 0.543229 0.518945 0.076042 0.033203
0 0.622135 0.521484 0.078646 0.044531
0 0.625260 0.480273 0.067187 0.032422
0 0.947917 0.118164 0.062500 0.046484
0 0.709896 0.523828 0.077083 0.030469
0 0.702865 0.464258 0.078646 0.023828
0 0.794531 0.520312 0.072396 0.025781
0 0.875781 0.526367 0.073438 0.031641
0 0.847396 0.484180 0.092708 0.029297
0 0.963802 0.614258 0.068229 0.077734
0 0.049479 0.338672 0.059375 0.088281
0 0.414583 0.744727 0.071875 0.042578
0 0.495833 0.745898 0.069792 0.042578
0 0.421354 0.859375 0.069792 0.036719
0 0.342969 0.849414 0.077604 0.055078
0 0.253906 0.860547 0.068229 0.022656
0 0.264583 0.822852 0.063542 0.025391
0 0.186979 0.829102 0.063542 0.023828
0 0.191146 0.862500 0.058333 0.031250
0 0.211198 0.933984 0.068229 0.048438
0 0.286979 0.972852 0.078125 0.041016
0 0.285938 0.929297 0.077083 0.039062
0 0.363802 0.930859 0.073438 0.039844
0 0.365365 0.977539 0.079687 0.037891
0 0.448698 0.975781 0.080729 0.032031
0 0.441406 0.933203 0.079687 0.039844
0 0.523177 0.935352 0.080729 0.041797
0 0.528906 0.976367 0.075521 0.033203
0 0.607292 0.933008 0.077083 0.037109
0 0.605208 0.975391 0.078125 0.035937
0 0.690625 0.973633 0.076042 0.040234
0 0.769271 0.972852 0.080208 0.045703
0 0.814844 0.914648 0.071354 0.033203
0 0.918750 0.925977 0.071875 0.037109
0 0.926302 0.970508 0.063021 0.036328
0 0.852083 0.974219 0.063542 0.039062
0 0.497135 0.860352 0.067187 0.038672
0 0.414583 0.698828 0.071875 0.036719
0 0.572656 0.858203 0.051562 0.036719
0 0.663802 0.819531 0.067187 0.038281
0 0.491927 0.702734 0.074479 0.031250
0 0.575781 0.745313 0.068229 0.039062
0 0.571354 0.702930 0.065625 0.036328
0 0.649219 0.702539 0.069271 0.033984
0 0.654948 0.743750 0.068229 0.035156
0 0.733333 0.747070 0.076042 0.028516
0 0.728646 0.706250 0.082292 0.029687
0 0.724219 0.679102 0.067187 0.012109
0 0.820573 0.744922 0.085938 0.025781
0 0.814583 0.704297 0.077083 0.038281
0 0.902344 0.744922 0.078646 0.025781
0 0.884896 0.704688 0.053125 0.027344
0 0.964844 0.702734 0.070312 0.031250
0 0.974219 0.744141 0.051562 0.034375
0 0.979688 0.848437 0.040625 0.046875
0 0.976562 0.803906 0.046875 0.031250
0 0.911458 0.857812 0.081250 0.035156
0 0.902865 0.814258 0.079687 0.038672
0 0.820833 0.812695 0.070833 0.037109
0 0.828385 0.860352 0.067187 0.037109
0 0.748958 0.856641 0.069792 0.035156
0 0.734115 0.800977 0.055729 0.027734
0 0.665365 0.857617 0.079687 0.028516
0 0.613802 0.844531 0.020313 0.074219
0 0.105729 0.334961 0.041667 0.108984
0 0.711198 0.491602 0.073438 0.023828
0 0.487760 0.277930 0.069271 0.028516
0 0.151823 0.337109 0.044271 0.106250
0 0.561198 0.206445 0.071354 0.036328
0 0.561198 0.242578 0.090104 0.025781
0 0.567969 0.279102 0.074479 0.028516
0 0.648177 0.279492 0.073438 0.027734
0 0.652604 0.241797 0.069792 0.029687
0 0.647396 0.200586 0.071875 0.033203
0 0.729167 0.206445 0.070833 0.031641
0 0.732812 0.241797 0.078125 0.034375
0 0.730990 0.279492 0.074479 0.037109
0 0.815365 0.280664 0.072396 0.032422
0 0.893229 0.284766 0.069792 0.035937
0 0.886979 0.246875 0.076042 0.031250
0 0.884896 0.210352 0.078125 0.028516
0 0.805208 0.205078 0.077083 0.034375
0 0.813281 0.242578 0.061979 0.030469
0 0.965104 0.275000 0.069792 0.048438
0 0.960417 0.219727 0.063542 0.054297
0 0.964844 0.347266 0.067187 0.051562
0 0.959375 0.406250 0.065625 0.047656
0 0.885417 0.411719 0.076042 0.026562
0 0.880729 0.380078 0.086458 0.023438
0 0.890104 0.337109 0.076042 0.031250
0 0.796354 0.335938 0.076042 0.031250
0 0.800000 0.375195 0.080208 0.028516
0 0.805729 0.411523 0.078125 0.029297
0 0.714323 0.410156 0.073438 0.032031
0 0.403646 0.238086 0.076042 0.032422
0 0.719531 0.373047 0.077604 0.030469
0 0.405990 0.273047 0.083854 0.031250
0 0.319271 0.236133 0.075000 0.031641
0 0.869010 0.124805 0.072396 0.028516
0 0.858073 0.088281 0.078646 0.022656
0 0.858594 0.054297 0.079687 0.035937
0 0.778385 0.052148 0.074479 0.028516
0 0.783073 0.089258 0.061979 0.028516
0 0.794271 0.121484 0.075000 0.030469
0 0.708854 0.120508 0.076042 0.032422
0 0.705208 0.083789 0.077083 0.024609
0 0.698438 0.051562 0.069792 0.032031
0 0.617448 0.045898 0.078646 0.033984
0 0.623177 0.081641 0.074479 0.021875
0 0.624479 0.115625 0.077083 0.032031
0 0.308594 0.108594 0.091146 0.027344
0 0.315365 0.079492 0.073438 0.028516
0 0.319792 0.044336 0.076042 0.032422
0 0.233073 0.041602 0.084896 0.028516
0 0.230990 0.075586 0.073438 0.027734
0 0.227083 0.107617 0.068750 0.027734
0 0.049740 0.076758 0.068229 0.098828
0 0.017448 0.202148 0.034896 0.102734
0 0.058333 0.201953 0.040625 0.104688
0 0.110156 0.206055 0.043229 0.103516
0 0.161719 0.202148 0.044271 0.106641
0 0.237500 0.272070 0.076042 0.033203
0 0.232813 0.235547 0.082292 0.030469
0 0.231510 0.194922 0.079687 0.039844
0 0.316146 0.196484 0.068750 0.032031
0 0.316927 0.269727 0.073438 0.028516
0 0.715104 0.333984 0.075000 0.030469
0 0.401302 0.197070 0.077604 0.033203
0 0.390885 0.365625 0.078646 0.031250
0 0.216667 0.405078 0.071875 0.030469
0 0.629687 0.333203 0.081250 0.039062
0 0.302344 0.406055 0.091146 0.037891
0 0.313281 0.367773 0.078646 0.029297
0 0.305469 0.327539 0.072396 0.031641
0 0.389062 0.326367 0.081250 0.026953
0 0.390104 0.403516 0.077083 0.031250
0 0.473177 0.404687 0.072396 0.026562
0 0.471094 0.365820 0.068229 0.033203
0 0.475000 0.330664 0.082292 0.023047
0 0.551042 0.333594 0.076042 0.035937
0 0.554427 0.370312 0.073438 0.031250
0 0.639323 0.408398 0.072396 0.033203
0 0.637240 0.372852 0.077604 0.033203
0 0.221875 0.366797 0.088542 0.031250
0 0.223438 0.324023 0.088542 0.031641
0 0.481250 0.239844 0.059375 0.018750
0 0.557292 0.408398 0.076042 0.033203
