0 0.379948 0.652734 0.052604 0.057031
0 0.540625 0.647656 0.044792 0.064844
0 0.040104 0.037109 0.064583 0.072656
0 0.108333 0.040820 0.061458 0.079297
0 0.221875 0.042188 0.156250 0.079687
0 0.436198 0.641797 0.053646 0.076563
0 0.977865 0.866602 0.044271 0.086328
0 0.926302 0.868359 0.057813 0.090625
0 0.559635 0.747461 0.045312 0.089453
0 0.511719 0.747266 0.050521 0.092969
0 0.462500 0.748828 0.046875 0.089844
0 0.413021 0.750000 0.052083 0.092188
0 0.360677 0.750781 0.051562 0.091406
0 0.308854 0.750781 0.052083 0.092969
0 0.257812 0.752148 0.051042 0.091797
0 0.202344 0.751953 0.059896 0.092969
0 0.143750 0.753125 0.054167 0.091406
0 0.940625 0.657813 0.052083 0.060937
0 0.867188 0.645898 0.079167 0.070703
0 0.791406 0.644531 0.075521 0.073438
0 0.714844 0.643164 0.077604 0.071484
0 0.646615 0.647656 0.048438 0.062500
0 0.593229 0.646484 0.058333 0.063281
0 0.607031 0.746484 0.048438 0.089844
0 0.346094 0.042969 0.085938 0.084375
0 0.653906 0.744531 0.047396 0.085938
0 0.877604 0.756641 0.083333 0.053906
0 0.868490 0.868750 0.055729 0.094531
0 0.814583 0.869141 0.052083 0.093750
0 0.761458 0.871875 0.054167 0.097656
0 0.706771 0.869922 0.052083 0.097656
0 0.638021 0.877344 0.081250 0.086719
0 0.547917 0.877148 0.081250 0.095703
0 0.464583 0.871484 0.072917 0.110156
0 0.384896 0.871875 0.084375 0.108594
0 0.312500 0.875000 0.062500 0.114844
0 0.251563 0.875977 0.057292 0.112109
0 0.189323 0.879102 0.069271 0.116016
0 0.127083 0.876367 0.055208 0.122266
0 0.047917 0.906250 0.093750 0.066406
0 0.047396 0.839453 0.094792 0.067187
0 0.952604 0.762305 0.057292 0.059766
0 0.794271 0.752930 0.075000 0.069922
0 0.735156 0.512500 0.045312 0.096094
0 0.670052 0.518164 0.085938 0.081641
0 0.566927 0.049219 0.041146 0.098437
0 0.254427 0.644141 0.092188 0.083594
0 0.327865 0.653516 0.049479 0.055469
0 0.046875 0.468359 0.093750 0.067187
0 0.954688 0.403125 0.055208 0.076563
0 0.905469 0.401367 0.041146 0.073828
0 0.862500 0.399414 0.043750 0.076172
0 0.165885 0.644531 0.084896 0.082812
0 0.791146 0.396680 0.040625 0.078516
0 0.698438 0.394336 0.069792 0.078516
0 0.642448 0.393359 0.040104 0.080469
0 0.602344 0.392969 0.042188 0.078906
0 0.383333 0.388672 0.048958 0.080469
0 0.336198 0.387109 0.043229 0.084375
0 0.291927 0.385742 0.046354 0.083984
0 0.754687 0.394727 0.034375 0.080859
0 0.052344 0.715234 0.100521 0.063281
0 0.051302 0.652148 0.102604 0.062891
0 0.983073 0.566797 0.032813 0.055469
0 0.582812 0.517969 0.088542 0.080469
0 0.392708 0.508203 0.045833 0.099219
0 0.346094 0.508984 0.047396 0.100781
0 0.297656 0.509180 0.048438 0.098828
0 0.249479 0.509180 0.046875 0.098047
0 0.201042 0.507031 0.047917 0.099219
0 0.153125 0.508203 0.046875 0.102344
0 0.048698 0.537109 0.097396 0.067969
0 0.777865 0.511914 0.039062 0.094922
0 0.827604 0.515430 0.037500 0.087891
0 0.866146 0.516406 0.041667 0.088281
0 0.904427 0.516602 0.035937 0.090234
0 0.944271 0.482227 0.043750 0.054297
0 0.983333 0.482031 0.033333 0.053906
0 0.944792 0.566797 0.044792 0.056250
0 0.242708 0.385352 0.052083 0.085547
0 0.193750 0.385937 0.045833 0.085938
0 0.143229 0.384570 0.053125 0.088672
0 0.899479 0.307422 0.067708 0.055469
0 0.573177 0.186719 0.069271 0.067969
0 0.507031 0.184961 0.066146 0.063672
0 0.420052 0.184375 0.103646 0.063281
0 0.333594 0.189648 0.057813 0.040234
0 0.272396 0.171680 0.064583 0.071484
0 0.213021 0.176953 0.053125 0.060156
0 0.738802 0.056055 0.036979 0.105078
0 0.929427 0.059375 0.042188 0.116406
0 0.889844 0.057227 0.035937 0.112891
0 0.853906 0.057227 0.035937 0.112109
0 0.818750 0.056445 0.035417 0.109766
0 0.779427 0.055078 0.042188 0.110156
0 0.698177 0.052734 0.041146 0.103125
0 0.653646 0.051758 0.046875 0.100391
0 0.607812 0.051367 0.040625 0.100391
0 0.642448 0.191406 0.065104 0.060156
0 0.516406 0.050000 0.059896 0.096094
0 0.702083 0.207617 0.055208 0.036328
0 0.753385 0.177344 0.044271 0.031250
0 0.669531 0.297266 0.069271 0.066406
0 0.601823 0.293359 0.066146 0.072656
0 0.452865 0.271289 0.068229 0.037891
0 0.527083 0.308984 0.071875 0.033594
0 0.454688 0.307227 0.071875 0.033984
0 0.380208 0.304883 0.075000 0.034766
0 0.305208 0.302734 0.076042 0.039062
0 0.226823 0.299805 0.080729 0.033203
0 0.147656 0.296680 0.077604 0.038672
0 0.922656 0.185547 0.047396 0.036719
0 0.920833 0.218164 0.050000 0.028516
0 0.870573 0.180859 0.053646 0.034375
0 0.870052 0.214453 0.052604 0.030469
0 0.812240 0.211133 0.057813 0.032422
0 0.754687 0.142578 0.056250 0.032031
0 0.755208 0.211523 0.054167 0.029297
0 0.450000 0.048242 0.068750 0.088672
0 0.490365 0.641406 0.054688 0.076563
