0 0.609402 0.288582 0.039316 0.012740
0 0.217308 0.257692 0.127778 0.014904
0 0.056624 0.325120 0.108974 0.024279
0 0.057479 0.303125 0.110684 0.018269
0 0.052778 0.283894 0.101282 0.017788
0 0.061325 0.248317 0.121795 0.019231
0 0.041026 0.197356 0.077778 0.021635
0 0.037607 0.174279 0.070940 0.022596
0 0.140171 0.197115 0.112821 0.021154
0 0.143376 0.170913 0.106410 0.022596
0 0.378846 0.198918 0.115812 0.019952
0 0.182479 0.314423 0.135897 0.015865
0 0.185256 0.331731 0.139744 0.016346
0 0.325641 0.289303 0.109402 0.014183
0 0.318376 0.307692 0.124786 0.021635
0 0.320513 0.330529 0.120513 0.021154
0 0.452564 0.270192 0.120513 0.016346
0 0.447436 0.289423 0.126496 0.021635
0 0.447436 0.309135 0.122222 0.018269
0 0.447222 0.330889 0.121795 0.021875
0 0.580128 0.306130 0.127778 0.019471
0 0.580342 0.327885 0.129060 0.018750
0 0.712179 0.265505 0.131197 0.020913
0 0.714744 0.286538 0.134615 0.020673
0 0.715598 0.308534 0.133761 0.019471
0 0.714530 0.328966 0.131624 0.020913
0 0.838034 0.266106 0.115385 0.017308
0 0.183333 0.298197 0.135897 0.015625
0 0.190385 0.282332 0.128632 0.014663
0 0.294017 0.561659 0.126496 0.016106
0 0.846581 0.307332 0.129060 0.017067
0 0.043803 0.519952 0.084188 0.020192
0 0.043590 0.540144 0.084615 0.020673
0 0.044658 0.561058 0.089316 0.020673
0 0.189103 0.479087 0.117521 0.013462
0 0.190812 0.495192 0.120085 0.012981
0 0.187607 0.508053 0.111111 0.012740
0 0.183547 0.520433 0.102991 0.011538
0 0.165385 0.545913 0.129060 0.014904
0 0.052350 0.446755 0.102137 0.020433
0 0.162179 0.562981 0.131197 0.016346
0 0.296368 0.545192 0.126923 0.015865
0 0.565385 0.288822 0.048718 0.011298
0 0.310897 0.478846 0.109829 0.012981
0 0.313462 0.493149 0.110684 0.013221
0 0.313034 0.506490 0.109829 0.012981
0 0.426923 0.547115 0.123077 0.014904
0 0.427564 0.564303 0.124359 0.016587
0 0.556197 0.487620 0.113248 0.018990
0 0.301282 0.524639 0.115385 0.017548
0 0.053205 0.426202 0.102137 0.018750
0 0.054701 0.405649 0.092308 0.020433
0 0.164957 0.447356 0.111966 0.018750
0 0.847436 0.327404 0.133333 0.020673
0 0.960684 0.362620 0.078632 0.061779
0 0.818590 0.427284 0.117521 0.020913
0 0.820513 0.449038 0.117094 0.019712
0 0.934188 0.455769 0.058120 0.044712
0 0.665812 0.407933 0.118803 0.020192
0 0.667094 0.429567 0.125641 0.018750
0 0.672222 0.448437 0.123077 0.018510
0 0.542308 0.407572 0.114530 0.019471
0 0.539957 0.428365 0.114103 0.018269
0 0.545513 0.449038 0.125214 0.019712
0 0.416667 0.416707 0.128205 0.014183
0 0.413248 0.432933 0.129915 0.015865
0 0.413889 0.450000 0.131197 0.016827
0 0.282479 0.409495 0.117094 0.019471
0 0.286538 0.429447 0.123504 0.018510
0 0.281410 0.448798 0.121795 0.019231
0 0.167094 0.407572 0.103419 0.019471
0 0.166026 0.427764 0.105556 0.019471
0 0.848291 0.287139 0.126496 0.019471
0 0.953846 0.775601 0.092308 0.097356
0 0.423504 0.651683 0.111966 0.018750
0 0.841239 0.787981 0.112393 0.017308
0 0.785043 0.549399 0.146154 0.019471
0 0.802564 0.642308 0.118803 0.018750
0 0.795940 0.659856 0.116667 0.016827
0 0.796795 0.676803 0.115812 0.017067
0 0.927564 0.555048 0.067094 0.066346
0 0.895085 0.644712 0.056838 0.084135
0 0.964316 0.643269 0.062821 0.087019
0 0.797863 0.527524 0.122222 0.020913
0 0.067735 0.647476 0.118376 0.015144
0 0.186966 0.595192 0.117521 0.016827
0 0.181838 0.615865 0.120085 0.013942
0 0.183333 0.634736 0.111966 0.020433
0 0.186111 0.652163 0.111538 0.014904
0 0.185684 0.669712 0.110684 0.014904
0 0.312393 0.614904 0.121368 0.020673
0 0.303419 0.637139 0.115385 0.020433
0 0.065812 0.668630 0.118803 0.021875
0 0.792094 0.506971 0.114957 0.019712
0 0.799786 0.486659 0.121795 0.019471
0 0.671368 0.482212 0.104274 0.017788
0 0.969017 0.224399 0.061966 0.085337
0 0.911325 0.154327 0.046581 0.110096
0 0.856410 0.155529 0.054701 0.105769
0 0.734615 0.150962 0.061538 0.110577
0 0.675214 0.174399 0.052991 0.068029
0 0.616026 0.175481 0.061111 0.067788
0 0.495299 0.166346 0.037607 0.079808
0 0.455983 0.165745 0.035043 0.081010
0 0.381197 0.159375 0.109402 0.021154
0 0.381410 0.179327 0.112393 0.016346
0 0.556197 0.505649 0.113248 0.017067
0 0.552778 0.522957 0.114957 0.017067
0 0.541453 0.540625 0.093162 0.016827
0 0.549359 0.562861 0.112393 0.015144
0 0.650855 0.545072 0.112821 0.018510
0 0.674573 0.525361 0.114957 0.018990
0 0.669444 0.505168 0.113248 0.020913
0 0.301709 0.654447 0.111966 0.015144
0 0.841453 0.815505 0.117094 0.011298
0 0.302350 0.674639 0.113248 0.015144
0 0.433120 0.623317 0.102137 0.020673
0 0.312607 0.777764 0.029487 0.077163
0 0.349573 0.768870 0.027350 0.076202
0 0.384829 0.775361 0.034615 0.057452
0 0.399573 0.733293 0.026496 0.021394
0 0.433547 0.729447 0.027778 0.025721
0 0.416667 0.775601 0.023077 0.062260
0 0.444231 0.776563 0.032051 0.068029
0 0.279487 0.774880 0.034188 0.076202
0 0.480556 0.773798 0.033761 0.067308
0 0.572863 0.776442 0.032906 0.065385
0 0.619658 0.782452 0.030769 0.075000
0 0.657051 0.782091 0.033761 0.076683
0 0.730342 0.772716 0.105128 0.022356
0 0.729274 0.794231 0.102991 0.018269
0 0.728846 0.812861 0.097863 0.017548
0 0.841239 0.802524 0.117521 0.011298
0 0.512179 0.774880 0.029487 0.071394
0 0.213462 0.775120 0.027778 0.081490
0 0.057051 0.266226 0.108120 0.014663
0 0.179915 0.773918 0.032479 0.076683
0 0.417735 0.674159 0.104701 0.021394
0 0.546154 0.609014 0.114530 0.018510
0 0.545726 0.626202 0.109402 0.014904
0 0.542735 0.642668 0.105983 0.015144
0 0.549786 0.695913 0.113248 0.013942
0 0.668376 0.618630 0.115385 0.019952
0 0.257479 0.174279 0.115812 0.022596
0 0.255556 0.197957 0.116239 0.022837
0 0.673077 0.639784 0.124786 0.016106
0 0.672009 0.657332 0.126923 0.016106
0 0.665812 0.674399 0.114530 0.012260
0 0.547009 0.660337 0.112821 0.019712
0 0.014957 0.765505 0.029060 0.072356
0 0.048291 0.765745 0.028205 0.072356
0 0.079060 0.767188 0.032479 0.072837
0 0.112393 0.769712 0.027350 0.075481
0 0.145940 0.774038 0.031197 0.072115
0 0.434615 0.600841 0.096581 0.023317
