0 0.359273 0.670650 0.024918 0.037377
0 0.382149 0.670803 0.021650 0.035846
0 0.402778 0.669118 0.021242 0.034314
0 0.424020 0.669118 0.021242 0.034314
0 0.333538 0.674020 0.019199 0.039216
0 0.515931 0.662377 0.019608 0.033088
0 0.472426 0.666667 0.020016 0.035539
0 0.493464 0.665594 0.019608 0.034620
0 0.169526 0.592831 0.032680 0.047794
0 0.967729 0.494026 0.056373 0.053002
0 0.909722 0.496170 0.051471 0.050551
0 0.853962 0.501072 0.056781 0.052390
0 0.756944 0.478860 0.049020 0.061275
0 0.310866 0.675858 0.026144 0.037990
0 0.702410 0.482690 0.056781 0.065257
0 0.448325 0.667279 0.024101 0.033088
0 0.288399 0.676164 0.017157 0.039828
0 0.565359 0.579197 0.046569 0.045650
0 0.225694 0.678922 0.041258 0.046569
0 0.644608 0.484681 0.058824 0.065564
0 0.207516 0.590839 0.040850 0.051777
0 0.244281 0.590074 0.032680 0.049632
0 0.278186 0.590993 0.035131 0.051471
0 0.312296 0.587163 0.032271 0.046262
0 0.346201 0.587469 0.034722 0.048713
0 0.394199 0.584406 0.055556 0.048100
0 0.450163 0.583793 0.053922 0.048713
0 0.511029 0.578278 0.058007 0.048100
0 0.263685 0.675245 0.032271 0.041667
0 0.617647 0.574295 0.049837 0.047488
0 0.719158 0.569393 0.047794 0.047488
0 0.766953 0.567249 0.046160 0.048100
0 0.819240 0.604320 0.036356 0.080576
0 0.856822 0.609069 0.033905 0.068627
0 0.891544 0.606924 0.031454 0.068627
0 0.925858 0.619026 0.034722 0.043811
0 0.953227 0.595282 0.020833 0.064951
0 0.979371 0.594056 0.028186 0.066789
0 0.184028 0.679994 0.038807 0.048713
0 0.668505 0.576134 0.047794 0.044424
0 0.492034 0.483303 0.065768 0.068934
0 0.412990 0.380515 0.044935 0.066789
0 0.370915 0.490502 0.054739 0.064338
0 0.642157 0.262868 0.031046 0.071691
0 0.583333 0.267923 0.079248 0.071998
0 0.503881 0.268076 0.076389 0.072304
0 0.425654 0.265931 0.075980 0.068627
0 0.362745 0.262868 0.044935 0.069240
0 0.318627 0.262561 0.039216 0.071078
0 0.275940 0.262714 0.040441 0.067708
0 0.226716 0.262102 0.049837 0.070159
0 0.149101 0.109528 0.112745 0.111826
0 0.241422 0.115196 0.066176 0.104167
0 0.302492 0.134957 0.042075 0.079350
0 0.345792 0.141238 0.040441 0.064338
0 0.676879 0.264246 0.035131 0.069547
0 0.388889 0.138940 0.041667 0.075061
0 0.479371 0.143536 0.040441 0.076900
0 0.521242 0.147059 0.040033 0.069853
0 0.559845 0.146599 0.035539 0.073223
0 0.599265 0.146599 0.035948 0.070772
0 0.637459 0.148897 0.037990 0.077819
0 0.678922 0.151808 0.039216 0.070159
0 0.712623 0.167279 0.024918 0.044118
0 0.747753 0.169424 0.033905 0.037377
0 0.794118 0.159314 0.044935 0.060049
0 0.181577 0.261795 0.037173 0.059743
0 0.140727 0.255362 0.040441 0.071385
0 0.968954 0.131740 0.044935 0.136029
0 0.432802 0.142004 0.045343 0.067708
0 0.720384 0.265472 0.046977 0.079350
0 0.764093 0.268842 0.033905 0.072610
0 0.809845 0.268536 0.040441 0.073223
0 0.313725 0.488664 0.058007 0.066176
0 0.248979 0.492188 0.064951 0.068321
0 0.177492 0.490656 0.071487 0.070159
0 0.952410 0.378830 0.029003 0.056679
0 0.923611 0.379902 0.026961 0.055760
0 0.896446 0.380208 0.024918 0.056985
0 0.870711 0.380362 0.025735 0.054841
0 0.840278 0.380208 0.032680 0.056985
0 0.808619 0.378983 0.028186 0.055147
0 0.782271 0.379136 0.024510 0.054841
0 0.747141 0.375460 0.039216 0.069547
0 0.705474 0.376838 0.040033 0.069240
0 0.652165 0.379136 0.057598 0.067096
0 0.597835 0.381587 0.046160 0.067096
0 0.551471 0.381281 0.041667 0.068934
0 0.508987 0.381127 0.037582 0.065564
0 0.460376 0.381127 0.048203 0.068627
0 0.536356 0.662531 0.021242 0.035233
0 0.367647 0.378217 0.041667 0.070159
0 0.319853 0.381127 0.044118 0.070466
0 0.267770 0.381587 0.053513 0.069547
0 0.218342 0.382966 0.046160 0.074142
0 0.160539 0.381281 0.066993 0.076287
0 0.976103 0.270221 0.044526 0.066789
0 0.933211 0.271752 0.036356 0.069240
0 0.892974 0.269761 0.040850 0.073223
0 0.852328 0.268995 0.040441 0.069853
0 0.428922 0.484988 0.060458 0.063725
0 0.558824 0.659926 0.017157 0.033088
0 0.596405 0.646140 0.043301 0.053309
0 0.632761 0.649510 0.025327 0.039216
0 0.512663 0.759957 0.022876 0.084252
0 0.539011 0.755055 0.026552 0.081801
0 0.567810 0.753064 0.028595 0.085784
0 0.599469 0.751225 0.033088 0.085784
0 0.638276 0.752298 0.042892 0.084865
0 0.680147 0.747243 0.041667 0.075980
0 0.483456 0.759038 0.032271 0.092218
0 0.723652 0.743260 0.043709 0.083946
0 0.811887 0.727482 0.041258 0.100797
0 0.852941 0.722580 0.032680 0.094669
0 0.892361 0.719516 0.039624 0.094669
0 0.932394 0.719516 0.037990 0.095895
0 0.973243 0.716146 0.035539 0.089154
0 0.918913 0.130974 0.053513 0.126532
0 0.767565 0.731158 0.040850 0.102022
0 0.455678 0.761949 0.022467 0.094975
0 0.860090 0.159161 0.053513 0.071385
0 0.400327 0.770527 0.031863 0.087623
0 0.429943 0.765319 0.026552 0.087623
0 0.680147 0.650735 0.015523 0.031863
0 0.699755 0.650429 0.022059 0.032475
0 0.721405 0.648591 0.016340 0.032475
0 0.742034 0.647212 0.019199 0.034007
0 0.762868 0.643842 0.021650 0.032782
0 0.783497 0.643995 0.017157 0.030637
0 0.655025 0.651501 0.020833 0.035233
0 0.213235 0.788450 0.029412 0.086091
0 0.243464 0.787071 0.027778 0.087010
0 0.274714 0.783701 0.031454 0.095588
0 0.305760 0.775582 0.029003 0.081189
0 0.337827 0.774816 0.031046 0.083946
0 0.369894 0.774050 0.029820 0.085478
0 0.177083 0.788297 0.041258 0.087010
