0 0.320466 0.608762 0.033088 0.025735
0 0.255310 0.630362 0.027778 0.023591
0 0.257149 0.604320 0.029820 0.026654
0 0.227328 0.600950 0.029003 0.026654
0 0.387663 0.614737 0.033497 0.027880
0 0.161152 0.616728 0.028186 0.025123
0 0.191993 0.621324 0.031863 0.024510
0 0.226307 0.626532 0.026961 0.025123
0 0.355188 0.612132 0.029003 0.027574
0 0.286765 0.606005 0.030229 0.025123
0 0.792279 0.579657 0.043709 0.073529
0 0.318627 0.636795 0.035948 0.026654
0 0.193832 0.595588 0.033088 0.023284
0 0.748570 0.652880 0.035539 0.072917
0 0.785743 0.652574 0.039624 0.073529
0 0.468750 0.528339 0.026552 0.022978
0 0.465891 0.554381 0.024101 0.024816
0 0.709150 0.651042 0.040033 0.067402
0 0.670956 0.649357 0.033905 0.068321
0 0.634395 0.640319 0.034314 0.074142
0 0.604371 0.640165 0.025735 0.073836
0 0.566585 0.633578 0.030229 0.075368
0 0.533088 0.630974 0.036765 0.072610
0 0.495507 0.628217 0.035131 0.069547
0 0.465482 0.627604 0.025735 0.068321
0 0.286152 0.632966 0.025735 0.026348
0 0.753268 0.578431 0.032680 0.075368
0 0.639297 0.568781 0.031863 0.068934
0 0.608047 0.567402 0.029820 0.069853
0 0.582312 0.562347 0.020016 0.063419
0 0.556373 0.560355 0.028595 0.068015
0 0.793301 0.502604 0.039216 0.078738
0 0.752042 0.500766 0.036765 0.073223
0 0.715278 0.501379 0.036765 0.073836
0 0.679330 0.502451 0.031863 0.072304
0 0.646242 0.502145 0.029412 0.063113
0 0.612745 0.501379 0.032680 0.062806
0 0.418096 0.643995 0.033905 0.028799
0 0.385008 0.641238 0.025735 0.026961
0 0.352328 0.639093 0.029820 0.026348
0 0.676675 0.575980 0.029820 0.072917
0 0.163194 0.592065 0.029003 0.023591
0 0.712214 0.576134 0.036356 0.073223
0 0.354371 0.585018 0.030637 0.023591
0 0.366422 0.381893 0.026144 0.022978
0 0.339461 0.381127 0.026961 0.023897
0 0.357026 0.357843 0.023693 0.020221
0 0.281046 0.379442 0.034314 0.022978
0 0.250408 0.378676 0.027778 0.023284
0 0.835376 0.289216 0.036765 0.066789
0 0.799837 0.291667 0.032680 0.063113
0 0.766544 0.293964 0.029820 0.065257
0 0.735090 0.294118 0.031454 0.066176
0 0.705678 0.294884 0.026552 0.064645
0 0.649714 0.296569 0.026552 0.063113
0 0.617034 0.299632 0.029003 0.060049
0 0.587623 0.300245 0.030637 0.060662
0 0.558007 0.299173 0.028595 0.058517
0 0.530433 0.298100 0.024918 0.058824
0 0.493873 0.294118 0.031863 0.024510
0 0.461397 0.294577 0.029820 0.024816
0 0.430556 0.294730 0.029412 0.023284
0 0.494894 0.319087 0.030637 0.021752
0 0.461193 0.317555 0.030229 0.021752
0 0.430351 0.318627 0.029003 0.020833
0 0.397467 0.382966 0.031046 0.022672
0 0.429126 0.383885 0.033088 0.021446
0 0.460784 0.384038 0.029412 0.024816
0 0.494281 0.383885 0.032680 0.025735
0 0.493668 0.429534 0.028186 0.022059
0 0.494894 0.454810 0.029003 0.024816
0 0.524714 0.436581 0.025735 0.063113
0 0.552696 0.438419 0.027778 0.061275
0 0.580474 0.438419 0.023693 0.060662
0 0.390523 0.588388 0.032680 0.025429
0 0.301675 0.444393 0.040441 0.022978
0 0.337214 0.447304 0.025735 0.019608
0 0.337623 0.424786 0.026552 0.022365
0 0.838031 0.365809 0.032271 0.067402
0 0.397263 0.317708 0.030637 0.023897
0 0.759395 0.367034 0.031863 0.061887
0 0.696283 0.365502 0.027369 0.061887
0 0.667892 0.366115 0.027778 0.061275
0 0.637663 0.366881 0.031863 0.059743
0 0.608047 0.366115 0.026552 0.059436
0 0.580678 0.367647 0.026552 0.056373
0 0.553922 0.368413 0.026961 0.056679
0 0.528186 0.367034 0.023693 0.055147
0 0.431781 0.358609 0.031863 0.023591
0 0.461806 0.359069 0.029820 0.022672
0 0.493873 0.358762 0.031046 0.023284
0 0.727533 0.366728 0.029412 0.064338
0 0.397876 0.292739 0.028595 0.024203
0 0.677900 0.296262 0.029003 0.064338
0 0.367851 0.294271 0.029003 0.024816
0 0.258987 0.526501 0.028595 0.024203
0 0.329044 0.504596 0.031454 0.023284
0 0.364583 0.481618 0.032271 0.025735
0 0.398080 0.481924 0.035539 0.026348
0 0.361315 0.507506 0.030637 0.025429
0 0.397672 0.506587 0.034722 0.025429
0 0.292279 0.528646 0.033088 0.026042
0 0.325368 0.530025 0.030637 0.023897
0 0.357435 0.533395 0.030229 0.025735
0 0.393382 0.535080 0.035131 0.024816
0 0.227328 0.524050 0.029003 0.024203
0 0.367034 0.318627 0.029820 0.023284
0 0.291258 0.555453 0.029412 0.024510
0 0.322917 0.556219 0.032271 0.023591
0 0.356822 0.559130 0.029003 0.022059
0 0.390523 0.562194 0.032680 0.026348
0 0.161969 0.568015 0.029820 0.020833
0 0.195057 0.571078 0.029003 0.019608
0 0.226103 0.575214 0.029820 0.023591
0 0.257761 0.577665 0.029412 0.023591
0 0.289216 0.579963 0.028595 0.020833
0 0.321487 0.582874 0.031863 0.024203
0 0.260212 0.551930 0.027778 0.022365
0 0.195670 0.521752 0.026961 0.024510
0 0.196283 0.545650 0.097631 0.020221
0 0.262868 0.502911 0.026552 0.022365
0 0.249387 0.316942 0.025735 0.020527
0 0.308619 0.317555 0.029003 0.021140
0 0.337827 0.318321 0.026961 0.022672
0 0.164828 0.518689 0.025735 0.027574
0 0.336806 0.294577 0.029820 0.024816
0 0.279208 0.294577 0.027369 0.022978
0 0.607026 0.438266 0.024510 0.060968
0 0.636234 0.437347 0.031454 0.062806
0 0.212010 0.416667 0.084967 0.025123
0 0.278799 0.317555 0.030637 0.021140
0 0.205270 0.445925 0.033088 0.024203
0 0.165441 0.467218 0.031863 0.020833
0 0.231005 0.499081 0.027369 0.024510
0 0.198325 0.470741 0.029003 0.022978
0 0.236928 0.473192 0.035948 0.025429
0 0.198325 0.497089 0.029003 0.025429
0 0.169730 0.442096 0.030637 0.023284
0 0.166054 0.492953 0.028186 0.024510
