0 0.987500 0.345898 0.025000 0.041797
0 0.784375 0.772656 0.101042 0.053906
0 0.698958 0.797266 0.058333 0.071875
0 0.622135 0.825391 0.080729 0.082812
0 0.892448 0.291992 0.164062 0.063672
0 0.135677 0.303125 0.118229 0.050000
0 0.257552 0.307031 0.125521 0.042969
0 0.373437 0.313086 0.107292 0.055078
0 0.469531 0.319727 0.084896 0.041797
0 0.734896 0.417969 0.101042 0.041406
0 0.641667 0.412109 0.084375 0.052344
0 0.552604 0.401758 0.107292 0.045703
0 0.352083 0.400391 0.096875 0.048438
0 0.960156 0.347656 0.030729 0.038281
0 0.247656 0.394141 0.111979 0.061719
0 0.127083 0.386523 0.129167 0.047266
0 0.033073 0.450781 0.053646 0.096094
0 0.040625 0.330664 0.065625 0.095703
0 0.872396 0.774414 0.076042 0.050391
0 0.666667 0.335938 0.089583 0.045312
0 0.567708 0.328516 0.109375 0.060156
0 0.759635 0.341406 0.096354 0.057031
0 0.828385 0.345313 0.042188 0.050000
0 0.450521 0.400781 0.098958 0.048438
0 0.779427 0.823242 0.088021 0.037109
0 0.442969 0.829102 0.086979 0.075391
0 0.967708 0.770117 0.064583 0.046484
0 0.567708 0.192969 0.103125 0.033594
0 0.666146 0.203125 0.091667 0.053906
0 0.764323 0.206445 0.105729 0.044922
0 0.852083 0.214648 0.073958 0.050391
0 0.924740 0.207227 0.071354 0.065234
0 0.984375 0.158398 0.031250 0.088672
0 0.468750 0.187109 0.096875 0.045312
0 0.983594 0.223828 0.032813 0.057031
0 0.142187 0.248633 0.128125 0.051953
0 0.254167 0.251563 0.095833 0.057031
0 0.360417 0.258398 0.116667 0.041797
0 0.471615 0.266992 0.105729 0.056641
0 0.567969 0.275000 0.086979 0.039844
0 0.668750 0.282227 0.103125 0.058203
0 0.041406 0.224023 0.073438 0.100391
0 0.872135 0.816602 0.088021 0.048047
0 0.539062 0.091602 0.125000 0.030078
0 0.847135 0.163281 0.092188 0.048438
0 0.760156 0.292578 0.078646 0.038281
0 0.965104 0.820703 0.069792 0.039844
0 0.207031 0.062891 0.058854 0.035156
0 0.128385 0.135156 0.061979 0.107031
0 0.201563 0.138086 0.083333 0.100391
0 0.275781 0.146484 0.065104 0.115625
0 0.929167 0.146094 0.064583 0.043750
0 0.361719 0.176953 0.106771 0.053906
0 0.822135 0.415234 0.080729 0.043750
0 0.352344 0.072461 0.094271 0.034766
0 0.467708 0.134961 0.094792 0.056641
0 0.565885 0.141016 0.102604 0.046875
0 0.664583 0.145898 0.094792 0.056641
0 0.755990 0.156250 0.089063 0.035156
0 0.359375 0.119727 0.109375 0.060547
0 0.984375 0.421094 0.031250 0.050781
0 0.242708 0.461133 0.105208 0.041797
0 0.968490 0.584570 0.063021 0.044141
0 0.635938 0.588672 0.091667 0.045312
0 0.726042 0.584375 0.089583 0.036719
0 0.817708 0.584570 0.093750 0.037109
0 0.900781 0.586328 0.071354 0.040625
0 0.115885 0.668750 0.100521 0.045312
0 0.340885 0.854883 0.119271 0.050391
0 0.233073 0.861133 0.098437 0.038672
0 0.339323 0.797852 0.096354 0.063672
0 0.236979 0.802734 0.103125 0.053906
0 0.126042 0.801562 0.103125 0.060937
0 0.122135 0.859570 0.109896 0.055078
0 0.028646 0.828125 0.051042 0.107031
0 0.715885 0.706641 0.076563 0.036719
0 0.629687 0.713477 0.095833 0.050391
0 0.536198 0.717383 0.094271 0.041797
0 0.437500 0.718164 0.101042 0.043359
0 0.335938 0.717969 0.103125 0.045312
0 0.135156 0.057227 0.084896 0.044922
0 0.039583 0.086328 0.076042 0.156250
0 0.338281 0.670898 0.107813 0.041797
0 0.446615 0.660937 0.109896 0.061719
0 0.545573 0.654492 0.086979 0.049609
0 0.628646 0.656445 0.080208 0.046484
0 0.542708 0.586328 0.093750 0.050000
0 0.713542 0.657422 0.087500 0.048438
0 0.881250 0.705273 0.080208 0.049609
0 0.961198 0.699023 0.077604 0.038672
0 0.953125 0.656445 0.093750 0.053516
0 0.125260 0.728125 0.116146 0.039062
0 0.131771 0.448437 0.116667 0.067187
0 0.234375 0.720703 0.101042 0.052344
0 0.800000 0.706641 0.084375 0.048438
0 0.446875 0.586328 0.097917 0.050000
0 0.225781 0.675977 0.119271 0.031641
0 0.230469 0.586523 0.125521 0.047266
0 0.351042 0.457227 0.107292 0.046484
0 0.453906 0.451367 0.098437 0.056641
0 0.549219 0.453320 0.091146 0.059766
0 0.639583 0.458203 0.089583 0.039844
0 0.734375 0.470117 0.093750 0.050391
0 0.816406 0.469336 0.069271 0.051953
0 0.032813 0.580664 0.056250 0.098828
0 0.032031 0.666992 0.060937 0.072266
0 0.122917 0.526367 0.114583 0.050391
0 0.348177 0.585352 0.107813 0.043359
0 0.533854 0.829297 0.095833 0.075000
0 0.354167 0.536133 0.107292 0.050391
0 0.458073 0.537109 0.100521 0.048438
0 0.241146 0.531445 0.120833 0.040234
0 0.967708 0.531445 0.064583 0.049609
0 0.893750 0.537109 0.083333 0.038281
0 0.815365 0.539453 0.073438 0.043750
0 0.729427 0.537500 0.096354 0.048438
0 0.627604 0.537891 0.085417 0.041406
0 0.546354 0.535742 0.076042 0.044922
0 0.121875 0.587109 0.093750 0.046875
