0 0.135156 0.532031 0.066146 0.018750
0 0.628646 0.268359 0.095833 0.034375
0 0.715365 0.237109 0.074479 0.031250
0 0.714844 0.271094 0.070312 0.028906
0 0.794792 0.243555 0.066667 0.026953
0 0.794792 0.272656 0.069792 0.028125
0 0.878385 0.241797 0.078646 0.028125
0 0.877344 0.273242 0.076563 0.030859
0 0.961719 0.246680 0.076563 0.031641
0 0.958073 0.276562 0.075521 0.026562
0 0.022656 0.366992 0.045312 0.073828
0 0.096094 0.351172 0.096354 0.037500
0 0.097396 0.390430 0.095833 0.033203
0 0.180729 0.365234 0.058333 0.089844
0 0.242448 0.400195 0.058854 0.019922
0 0.316146 0.372656 0.083333 0.031250
0 0.315365 0.402148 0.079687 0.025391
0 0.379427 0.386914 0.034896 0.062109
0 0.071875 0.504102 0.062500 0.023828
0 0.986458 0.654687 0.027083 0.060156
0 0.953385 0.752148 0.071354 0.027734
0 0.952604 0.780664 0.072917 0.025391
0 0.878646 0.747266 0.073958 0.030469
0 0.877865 0.777539 0.072396 0.026953
0 0.804948 0.747266 0.069271 0.026562
0 0.802344 0.777930 0.070312 0.030859
0 0.629948 0.225977 0.086979 0.037891
0 0.732292 0.746289 0.066667 0.030078
0 0.532292 0.265820 0.078125 0.030859
0 0.450260 0.233203 0.074479 0.021875
0 0.251042 0.091797 0.087500 0.036719
0 0.259375 0.127734 0.084375 0.032031
0 0.345052 0.092969 0.080729 0.037500
0 0.341927 0.129883 0.076563 0.027734
0 0.435156 0.093750 0.085938 0.036719
0 0.433073 0.129688 0.083854 0.032031
0 0.525521 0.091406 0.088542 0.038281
0 0.523177 0.131445 0.092188 0.037891
0 0.635156 0.091797 0.118229 0.047656
0 0.631510 0.134180 0.119271 0.032422
0 0.808594 0.112305 0.065104 0.027734
0 0.807813 0.143359 0.069792 0.026562
0 0.885938 0.111719 0.073958 0.035156
0 0.889062 0.147070 0.077083 0.025391
0 0.963542 0.147070 0.071875 0.027734
0 0.089063 0.230859 0.061458 0.021875
0 0.151042 0.231836 0.057292 0.022266
0 0.150521 0.258008 0.056250 0.022266
0 0.216146 0.231641 0.061458 0.026562
0 0.216406 0.258594 0.065104 0.025781
0 0.283854 0.259961 0.068750 0.020703
0 0.292187 0.234375 0.056250 0.017188
0 0.362760 0.227734 0.072396 0.030469
0 0.360938 0.260742 0.077083 0.025391
0 0.443750 0.263086 0.079167 0.027734
0 0.538021 0.228906 0.081250 0.032031
0 0.167448 0.124414 0.072396 0.034766
0 0.729948 0.777148 0.065104 0.027734
0 0.661198 0.776953 0.070312 0.032813
0 0.034896 0.766016 0.069792 0.025781
0 0.062760 0.862695 0.070312 0.062109
0 0.138021 0.506836 0.063542 0.024609
0 0.213021 0.529492 0.081250 0.033203
0 0.215365 0.492969 0.083854 0.031250
0 0.301823 0.528711 0.093229 0.036328
0 0.383854 0.537500 0.067708 0.023438
0 0.452865 0.540039 0.065104 0.020703
0 0.452344 0.513477 0.067187 0.025391
0 0.521354 0.541602 0.068750 0.023828
0 0.523958 0.514062 0.070833 0.024219
0 0.593750 0.542773 0.066667 0.021484
0 0.594531 0.516016 0.068229 0.025000
0 0.655729 0.542188 0.057292 0.020313
0 0.656771 0.518750 0.053125 0.023438
0 0.796354 0.541016 0.066667 0.032031
0 0.722917 0.539648 0.065625 0.034766
0 0.723698 0.503516 0.070312 0.032031
0 0.797135 0.504297 0.071354 0.035156
0 0.864062 0.547070 0.062500 0.019922
0 0.863021 0.523633 0.063542 0.020703
0 0.934896 0.541406 0.078125 0.028906
0 0.941406 0.506641 0.085938 0.032813
0 0.978385 0.416016 0.043229 0.030469
0 0.981510 0.382617 0.036979 0.031641
0 0.036198 0.738281 0.069271 0.028906
0 0.664583 0.743945 0.068750 0.028516
0 0.112500 0.766016 0.082292 0.025781
0 0.197917 0.768555 0.083333 0.027734
0 0.590104 0.752539 0.068750 0.022266
0 0.591406 0.777734 0.068229 0.021875
0 0.515885 0.744531 0.077604 0.025000
0 0.516406 0.774609 0.078646 0.028125
0 0.435417 0.771289 0.077083 0.026172
0 0.362240 0.774609 0.056771 0.021875
0 0.361458 0.746484 0.060417 0.023438
0 0.285156 0.728125 0.085938 0.035937
0 0.285417 0.767188 0.089583 0.034375
0 0.947656 0.879687 0.069271 0.059375
0 0.878125 0.886328 0.063542 0.039062
0 0.807813 0.872070 0.069792 0.058984
0 0.729427 0.846875 0.049479 0.041406
0 0.669531 0.883008 0.078646 0.028516
0 0.596875 0.874414 0.053125 0.048047
0 0.465365 0.877734 0.064062 0.052344
0 0.406771 0.863477 0.043750 0.076172
0 0.363281 0.869531 0.038021 0.059375
0 0.321875 0.869141 0.039583 0.060156
0 0.263802 0.869336 0.060937 0.051172
0 0.197396 0.879883 0.062500 0.034766
0 0.135677 0.862500 0.055729 0.058594
0 0.917448 0.368945 0.078646 0.041016
0 0.914323 0.408203 0.075521 0.035156
0 0.198698 0.739258 0.082812 0.026953
0 0.114062 0.738477 0.079167 0.028516
0 0.099740 0.110937 0.035937 0.060156
0 0.090365 0.254883 0.052604 0.019922
0 0.621875 0.363477 0.093750 0.043359
0 0.563021 0.634961 0.072917 0.029297
0 0.562240 0.666406 0.071354 0.026562
0 0.699740 0.646289 0.069271 0.020703
0 0.630729 0.669922 0.053125 0.018750
0 0.693490 0.670898 0.074479 0.019141
0 0.778646 0.633594 0.078125 0.030469
0 0.861198 0.634766 0.076563 0.032813
0 0.773177 0.668945 0.078646 0.030078
0 0.491406 0.666797 0.052604 0.022656
0 0.857812 0.670117 0.079167 0.031641
0 0.949219 0.661523 0.028646 0.053516
0 0.701302 0.375391 0.054688 0.028125
0 0.698698 0.407813 0.057813 0.028906
0 0.769010 0.368555 0.070312 0.039453
0 0.058594 0.108984 0.038021 0.062500
0 0.766406 0.408008 0.061979 0.033203
0 0.840625 0.388477 0.062500 0.023828
0 0.837760 0.415234 0.068229 0.022656
0 0.913802 0.661133 0.027604 0.051953
0 0.494531 0.638672 0.055729 0.023438
0 0.633333 0.643750 0.058333 0.023438
0 0.416146 0.622070 0.082292 0.036328
0 0.527604 0.405273 0.081250 0.030078
0 0.531250 0.369531 0.079167 0.035937
0 0.071354 0.529492 0.058333 0.026172
0 0.444271 0.402344 0.080208 0.031250
0 0.444792 0.367188 0.084375 0.033594
0 0.417969 0.660352 0.085938 0.033984
0 0.619010 0.405859 0.091146 0.032813
0 0.022917 0.655469 0.045833 0.026562
0 0.021875 0.627734 0.043750 0.025781
0 0.079167 0.658789 0.064583 0.022266
0 0.155729 0.626172 0.084375 0.031250
0 0.156771 0.658008 0.083333 0.024609
0 0.240365 0.628125 0.077604 0.031250
0 0.238281 0.659375 0.076563 0.025781
0 0.324219 0.616406 0.084896 0.038281
0 0.326302 0.656445 0.083854 0.034766
0 0.080729 0.634180 0.059375 0.019141
