0 0.195466 0.411152 0.029003 0.082721
0 0.152982 0.313113 0.038807 0.061887
0 0.118464 0.309896 0.022059 0.059130
0 0.094158 0.310815 0.026552 0.057292
0 0.055760 0.303922 0.030637 0.079657
0 0.025327 0.302696 0.031046 0.082721
0 0.964665 0.180607 0.051062 0.102022
0 0.191993 0.310355 0.040850 0.069240
0 0.437500 0.411612 0.049837 0.104473
0 0.340891 0.407322 0.051879 0.103860
0 0.316789 0.295037 0.042892 0.086397
0 0.389093 0.300551 0.039624 0.080882
0 0.556781 0.295956 0.035131 0.102941
0 0.671773 0.332874 0.047794 0.099571
0 0.722222 0.321232 0.048203 0.120404
0 0.772059 0.323529 0.050654 0.124387
0 0.827002 0.323376 0.054330 0.124694
0 0.391748 0.407475 0.042484 0.100490
0 0.931577 0.342371 0.051879 0.092831
0 0.978554 0.346814 0.042892 0.102328
0 0.038194 0.405944 0.037173 0.085172
0 0.072304 0.404412 0.029412 0.081495
0 0.104779 0.405944 0.033905 0.080270
0 0.136234 0.407016 0.029820 0.078125
0 0.164011 0.411152 0.027369 0.082721
0 0.353962 0.298866 0.030637 0.077512
0 0.885212 0.341912 0.040033 0.092525
0 0.130719 0.594056 0.030229 0.061887
0 0.730596 0.794884 0.051062 0.073223
0 0.802288 0.585478 0.060458 0.101103
0 0.740605 0.578125 0.060458 0.093750
0 0.677083 0.574908 0.055964 0.096507
0 0.554126 0.542739 0.035539 0.082414
0 0.341095 0.529565 0.013072 0.028493
0 0.354984 0.535846 0.017157 0.033088
0 0.314542 0.543811 0.035948 0.013480
0 0.519404 0.545956 0.029820 0.032475
0 0.487337 0.543505 0.031046 0.029412
0 0.453023 0.540748 0.022876 0.032475
0 0.427696 0.539062 0.022059 0.033395
0 0.404616 0.538603 0.017565 0.034314
0 0.380106 0.537224 0.029820 0.037684
0 0.314542 0.523897 0.035131 0.024510
0 0.209150 0.508732 0.031046 0.075674
0 0.176062 0.513021 0.034314 0.064645
0 0.148489 0.513174 0.020833 0.058211
0 0.118668 0.510876 0.033905 0.062806
0 0.085172 0.506893 0.029003 0.060968
0 0.058211 0.505974 0.027369 0.059130
0 0.912786 0.180147 0.053513 0.099265
0 0.978758 0.473039 0.040033 0.099877
0 0.833333 0.446538 0.187092 0.078125
0 0.713235 0.462929 0.038399 0.087623
0 0.673815 0.461091 0.037990 0.090686
0 0.530637 0.411458 0.066176 0.104167
0 0.479984 0.412071 0.035131 0.105392
0 0.866626 0.590839 0.064134 0.093444
0 0.789420 0.812347 0.057598 0.101409
0 0.932190 0.600184 0.066993 0.111520
0 0.070057 0.587316 0.033905 0.064951
0 0.676266 0.789216 0.054330 0.083946
0 0.544526 0.765931 0.044118 0.064951
0 0.501838 0.760263 0.042075 0.074449
0 0.459763 0.751532 0.042075 0.055760
0 0.417688 0.738511 0.043709 0.081189
0 0.379493 0.728248 0.031863 0.060662
0 0.348652 0.725490 0.031454 0.065564
0 0.210172 0.693015 0.035539 0.073529
0 0.173815 0.688266 0.029820 0.076900
0 0.142770 0.682751 0.032271 0.067708
0 0.978554 0.725184 0.042892 0.096201
0 0.923203 0.720282 0.062908 0.098652
0 0.855188 0.703891 0.066585 0.088542
0 0.790033 0.697304 0.055556 0.101103
0 0.732843 0.689032 0.058824 0.087010
0 0.677083 0.683977 0.052696 0.095282
0 0.555351 0.651808 0.034722 0.102022
0 0.518382 0.648438 0.039216 0.094669
0 0.483864 0.644148 0.029003 0.098958
0 0.446691 0.637714 0.037990 0.097733
0 0.410743 0.635110 0.035539 0.101716
0 0.375408 0.629136 0.034314 0.089767
0 0.339461 0.627604 0.035131 0.093444
0 0.213235 0.600184 0.033497 0.066176
0 0.185253 0.598346 0.024918 0.070466
0 0.157475 0.597886 0.019199 0.056066
0 0.102533 0.590993 0.029412 0.059436
0 0.984069 0.607690 0.031863 0.105699
0 0.862745 0.180760 0.048203 0.098039
0 0.474469 0.293811 0.040441 0.094363
0 0.767974 0.186121 0.044935 0.083640
0 0.724060 0.057292 0.051879 0.107230
0 0.674020 0.056832 0.049837 0.107537
0 0.557802 0.050398 0.051062 0.075674
0 0.509395 0.053462 0.043301 0.081189
0 0.463848 0.053922 0.046160 0.080882
0 0.422181 0.063113 0.037173 0.064338
0 0.379902 0.063113 0.043301 0.068015
0 0.340074 0.065411 0.036356 0.073836
0 0.298407 0.061887 0.042075 0.077819
0 0.129085 0.087163 0.033497 0.079350
0 0.090482 0.086703 0.038807 0.075368
0 0.059641 0.089308 0.022059 0.084865
0 0.968750 0.838848 0.053513 0.102941
0 0.911765 0.830729 0.057190 0.110600
0 0.850490 0.819700 0.065359 0.089154
0 0.777982 0.055913 0.042892 0.099571
0 0.845180 0.049173 0.057190 0.098346
0 0.027369 0.090993 0.043301 0.081495
0 0.952206 0.052083 0.040033 0.092525
0 0.714461 0.217371 0.044118 0.029105
0 0.671569 0.189338 0.035948 0.083946
0 0.904412 0.053922 0.050654 0.099265
0 0.508783 0.173100 0.042075 0.105392
0 0.464869 0.177543 0.043301 0.097733
0 0.422181 0.177849 0.036356 0.100184
0 0.381127 0.181219 0.035131 0.094669
0 0.339257 0.177237 0.032271 0.103248
0 0.551675 0.183364 0.043709 0.082414
0 0.155229 0.190411 0.031863 0.062194
0 0.120507 0.190564 0.031863 0.061275
0 0.816789 0.185355 0.045343 0.088848
0 0.090482 0.191636 0.024918 0.064032
0 0.305147 0.179381 0.035948 0.099571
0 0.011846 0.194087 0.021242 0.060355
0 0.035948 0.192402 0.024510 0.064338
0 0.064134 0.193321 0.027778 0.060662
