0 0.545776 0.304905 0.054932 0.079427
0 0.114990 0.482205 0.028809 0.078125
0 0.158325 0.471571 0.057861 0.128038
0 0.209473 0.480035 0.043457 0.111979
0 0.291504 0.223958 0.051270 0.065972
0 0.243042 0.221571 0.045654 0.061198
0 0.197998 0.233507 0.043945 0.037326
0 0.687866 0.136502 0.058350 0.067274
0 0.630859 0.136285 0.055176 0.073785
0 0.574097 0.139540 0.056885 0.082031
0 0.516846 0.145616 0.054199 0.066406
0 0.461060 0.147352 0.057373 0.065538
0 0.406860 0.149306 0.051514 0.068576
0 0.355591 0.151910 0.046143 0.066840
0 0.307373 0.154948 0.048828 0.062500
0 0.923706 0.282335 0.018799 0.031684
0 0.904419 0.283420 0.019775 0.030382
0 0.917358 0.316189 0.020752 0.018663
0 0.898804 0.319661 0.016357 0.012587
0 0.868774 0.209201 0.015381 0.022569
0 0.869263 0.235460 0.016357 0.029948
0 0.870117 0.264540 0.015137 0.026476
0 0.850708 0.241753 0.015381 0.031250
0 0.835327 0.244141 0.014404 0.028212
0 0.820557 0.245009 0.014160 0.029948
0 0.850708 0.207682 0.011475 0.024740
0 0.840210 0.207031 0.009521 0.026910
0 0.826660 0.205512 0.014160 0.024740
0 0.800537 0.177300 0.020996 0.023003
0 0.783325 0.178168 0.014404 0.020399
0 0.083496 0.481120 0.032715 0.080295
0 0.768555 0.177734 0.014648 0.018663
0 0.060547 0.460938 0.017578 0.101562
0 0.023193 0.462457 0.017578 0.090712
0 0.509766 0.221571 0.053711 0.070747
0 0.567627 0.221137 0.059570 0.075087
0 0.628418 0.216580 0.057617 0.073785
0 0.685791 0.215278 0.057129 0.075521
0 0.137695 0.313802 0.024414 0.061632
0 0.211182 0.290148 0.054688 0.066406
0 0.264038 0.292535 0.050537 0.061632
0 0.315552 0.297092 0.052490 0.069010
0 0.368896 0.299045 0.054199 0.065104
0 0.425537 0.302517 0.052734 0.072049
0 0.483032 0.305556 0.056396 0.072917
0 0.342529 0.224392 0.049316 0.065104
0 0.610229 0.303168 0.059326 0.085503
0 0.669556 0.305122 0.057861 0.079861
0 0.100830 0.394965 0.030273 0.074653
0 0.135742 0.377170 0.028320 0.048611
0 0.177368 0.368273 0.047607 0.065538
0 0.233765 0.369575 0.057861 0.088108
0 0.288208 0.373698 0.051514 0.076389
0 0.729248 0.237847 0.022461 0.076389
0 0.753662 0.244141 0.025391 0.062066
0 0.892334 0.124566 0.034668 0.085938
0 0.926147 0.125434 0.032471 0.085938
0 0.959229 0.122396 0.034180 0.091146
0 0.714600 0.317491 0.026367 0.075955
0 0.743286 0.324436 0.025146 0.088108
0 0.772705 0.325521 0.032715 0.082465
0 0.801270 0.335503 0.023438 0.101562
0 0.842285 0.332031 0.053711 0.098090
0 0.042114 0.464410 0.019775 0.094618
0 0.453369 0.222005 0.058105 0.068142
0 0.395996 0.221354 0.050293 0.065972
0 0.532104 0.068576 0.047607 0.056424
0 0.955811 0.442057 0.026367 0.089844
0 0.428101 0.078776 0.050049 0.062934
0 0.479126 0.076172 0.051025 0.067274
0 0.322632 0.492622 0.057373 0.118056
0 0.585571 0.064670 0.053955 0.060764
0 0.628540 0.062500 0.026611 0.067708
0 0.826294 0.138889 0.022705 0.050347
0 0.656006 0.063151 0.024902 0.067274
0 0.790527 0.140191 0.047852 0.050347
0 0.596680 0.397786 0.058105 0.086372
0 0.530884 0.393446 0.063232 0.073351
0 0.467041 0.389106 0.064453 0.082031
0 0.406372 0.383681 0.056396 0.072917
0 0.346436 0.383247 0.061523 0.074653
0 0.692261 0.061198 0.017822 0.070312
0 0.075073 0.374783 0.022217 0.063802
0 0.263672 0.486545 0.060547 0.131076
0 0.656860 0.397786 0.059326 0.091580
0 0.716064 0.552083 0.060547 0.137153
0 0.779419 0.565321 0.066162 0.163628
0 0.052979 0.368707 0.021973 0.066406
0 0.845093 0.568793 0.065186 0.156684
0 0.913452 0.574002 0.070068 0.169705
0 0.972778 0.574219 0.048584 0.171875
0 0.651123 0.539062 0.069336 0.163194
0 0.582764 0.532118 0.067383 0.149306
0 0.446533 0.514757 0.069336 0.129340
0 0.383179 0.509549 0.057373 0.139757
0 0.922485 0.446398 0.026611 0.072483
0 0.892944 0.440972 0.024170 0.092014
0 0.845825 0.437934 0.066650 0.093750
0 0.780884 0.430122 0.057861 0.090278
0 0.726074 0.428168 0.043457 0.097656
0 0.516113 0.528429 0.065918 0.156684
