0 0.594531 0.618359 0.028646 0.102344
0 0.107552 0.214062 0.083854 0.107031
0 0.872396 0.612695 0.021875 0.102734
0 0.901823 0.613867 0.035937 0.101172
0 0.937500 0.612109 0.027083 0.099219
0 0.966667 0.610742 0.031250 0.101953
0 0.496615 0.723633 0.059896 0.080078
0 0.559115 0.722461 0.063021 0.082422
0 0.673177 0.721680 0.057813 0.076172
0 0.728646 0.719531 0.053125 0.078906
0 0.778385 0.718945 0.040104 0.078516
0 0.949479 0.713281 0.072917 0.074219
0 0.087760 0.760352 0.067187 0.038672
0 0.291667 0.842187 0.033333 0.094531
0 0.321354 0.840820 0.026042 0.098047
0 0.343750 0.840039 0.018750 0.097266
0 0.367708 0.839258 0.029167 0.101172
0 0.498698 0.814844 0.070312 0.056250
0 0.428125 0.856445 0.057292 0.046484
0 0.031510 0.895117 0.063021 0.058984
0 0.683333 0.855664 0.065625 0.078516
0 0.940885 0.832422 0.078646 0.055469
0 0.789062 0.837695 0.091667 0.024609
0 0.876563 0.851758 0.045833 0.032422
0 0.554167 0.807031 0.023958 0.040625
0 0.583854 0.804883 0.032292 0.036328
0 0.234115 0.850195 0.055729 0.048047
0 0.844792 0.613867 0.033333 0.103516
0 0.146354 0.878906 0.065625 0.035937
0 0.815625 0.614844 0.026042 0.100000
0 0.724219 0.616406 0.025521 0.103125
0 0.562760 0.617969 0.034896 0.102344
0 0.529948 0.618750 0.030729 0.100781
0 0.482552 0.619531 0.034896 0.104688
0 0.450781 0.620117 0.028646 0.105078
0 0.423438 0.621680 0.025000 0.101953
0 0.391927 0.621484 0.035937 0.102344
0 0.363542 0.622266 0.023958 0.100781
0 0.335156 0.623633 0.028646 0.105859
0 0.303385 0.623828 0.030729 0.106250
0 0.233594 0.624219 0.032813 0.106250
0 0.201563 0.623437 0.030208 0.107813
0 0.170052 0.622461 0.029687 0.105078
0 0.136979 0.623437 0.034375 0.103125
0 0.102344 0.624023 0.034896 0.104297
0 0.064844 0.624609 0.040104 0.103125
0 0.960938 0.505859 0.061458 0.082031
0 0.903125 0.504297 0.054167 0.085156
0 0.857292 0.502148 0.026042 0.087109
0 0.828125 0.504687 0.032292 0.081250
0 0.794271 0.506641 0.034375 0.087500
0 0.761198 0.508203 0.032813 0.085938
0 0.718750 0.506836 0.037500 0.091797
0 0.645052 0.616406 0.020313 0.103125
0 0.669010 0.616406 0.026562 0.103125
0 0.695833 0.613867 0.026042 0.098047
0 0.787500 0.615234 0.030208 0.100781
0 0.031510 0.233594 0.053646 0.088281
0 0.180990 0.806836 0.054688 0.023828
0 0.658854 0.505664 0.029167 0.091797
0 0.126562 0.423438 0.058333 0.046094
0 0.025260 0.421875 0.050521 0.059375
0 0.978646 0.350391 0.041667 0.072656
0 0.932813 0.347852 0.045833 0.076953
0 0.798698 0.353125 0.043229 0.071094
0 0.734115 0.353516 0.048438 0.074219
0 0.656771 0.349414 0.046875 0.073047
0 0.601562 0.340234 0.055208 0.083594
0 0.529948 0.348438 0.046354 0.078125
0 0.475781 0.345703 0.043229 0.079687
0 0.402865 0.350977 0.044271 0.078516
0 0.339583 0.340039 0.055208 0.061328
0 0.193750 0.353711 0.077083 0.115234
0 0.116406 0.338281 0.069271 0.091406
0 0.032292 0.341016 0.064583 0.085156
0 0.957292 0.239453 0.050000 0.080469
0 0.873177 0.245703 0.042188 0.078906
0 0.822917 0.237891 0.053125 0.087500
0 0.760677 0.233594 0.066146 0.090625
0 0.672396 0.232227 0.062500 0.090234
0 0.604688 0.230664 0.061458 0.094141
0 0.621615 0.616797 0.021354 0.104688
0 0.400781 0.229687 0.056771 0.094531
0 0.339062 0.229102 0.054167 0.101172
0 0.270833 0.219531 0.052083 0.096094
0 0.276562 0.434766 0.060417 0.046875
0 0.686458 0.507031 0.027083 0.092969
0 0.277344 0.368164 0.055729 0.045703
0 0.404687 0.428516 0.047917 0.049219
0 0.629948 0.507227 0.028646 0.088672
0 0.600000 0.506836 0.030208 0.089453
0 0.567969 0.507617 0.032813 0.089453
0 0.524740 0.508789 0.029687 0.091797
0 0.495833 0.508789 0.029167 0.092578
0 0.470313 0.508984 0.022917 0.092188
0 0.435677 0.506445 0.030729 0.091797
0 0.404687 0.505859 0.032292 0.091406
0 0.373698 0.508984 0.030729 0.085156
0 0.336458 0.508789 0.030208 0.089453
0 0.306250 0.508789 0.030208 0.090234
0 0.273438 0.509570 0.035417 0.088672
0 0.238021 0.509766 0.034375 0.088281
0 0.203385 0.509180 0.035937 0.087891
0 0.147917 0.509961 0.062500 0.092578
0 0.082552 0.511328 0.069271 0.089844
0 0.024740 0.530273 0.036979 0.080078
0 0.918490 0.426367 0.052604 0.046484
0 0.860156 0.429102 0.057813 0.042578
0 0.788021 0.429297 0.051042 0.042969
0 0.736719 0.431836 0.053646 0.038672
0 0.661198 0.428906 0.055729 0.043750
0 0.601562 0.428711 0.061458 0.044141
0 0.529687 0.429102 0.052083 0.044922
0 0.469010 0.426172 0.052604 0.044531
0 0.339323 0.422266 0.048438 0.053125
0 0.470313 0.228320 0.061458 0.089453
0 0.756250 0.615820 0.032292 0.099609
