0 0.145192 0.846514 0.079487 0.053125
0 0.184776 0.471995 0.097115 0.024279
0 0.191506 0.508293 0.085577 0.041587
0 0.071955 0.910096 0.074038 0.025000
0 0.150481 0.887500 0.081731 0.029808
0 0.228846 0.896755 0.080769 0.032452
0 0.227244 0.855889 0.078205 0.046875
0 0.307372 0.859135 0.082692 0.040865
0 0.392949 0.866947 0.088462 0.041106
0 0.110417 0.580288 0.092628 0.018269
0 0.309776 0.899639 0.078526 0.035337
0 0.391026 0.903125 0.078846 0.031250
0 0.152885 0.914663 0.076282 0.022115
0 0.105769 0.549519 0.089103 0.044231
0 0.624199 0.940865 0.074038 0.019231
0 0.092147 0.467668 0.086218 0.024760
0 0.032051 0.577764 0.064103 0.019471
0 0.794231 0.884135 0.089744 0.048077
0 0.700321 0.942909 0.075000 0.018990
0 0.701603 0.918750 0.078846 0.030288
0 0.622276 0.915385 0.073397 0.030288
0 0.704968 0.875481 0.076603 0.053846
0 0.069071 0.883413 0.077244 0.030769
0 0.626122 0.873077 0.074679 0.049038
0 0.544391 0.931490 0.070192 0.030288
0 0.973077 0.714183 0.053846 0.046635
0 0.016026 0.874279 0.025641 0.097115
0 0.067147 0.842548 0.073397 0.050000
0 0.231731 0.921755 0.078205 0.018029
0 0.097917 0.504087 0.088782 0.047115
0 0.311859 0.926683 0.080128 0.018269
0 0.061378 0.375721 0.098397 0.028846
0 0.474679 0.892909 0.068590 0.035817
0 0.468429 0.389183 0.102244 0.030769
0 0.555769 0.372716 0.065385 0.055048
0 0.652724 0.291707 0.100321 0.058413
0 0.648077 0.346635 0.097436 0.050962
0 0.643109 0.387380 0.099679 0.029567
0 0.030288 0.547476 0.057372 0.040144
0 0.027885 0.505288 0.049359 0.042788
0 0.365865 0.385937 0.098397 0.033413
0 0.804167 0.297476 0.091667 0.085817
0 0.858974 0.376322 0.097436 0.064663
0 0.956410 0.259375 0.087179 0.032692
0 0.960256 0.303726 0.079487 0.056971
0 0.195353 0.551442 0.086859 0.041827
0 0.957853 0.357692 0.083654 0.050481
0 0.954487 0.397837 0.083333 0.029808
0 0.023237 0.467428 0.043269 0.031010
0 0.759295 0.376322 0.090385 0.064663
0 0.262019 0.382572 0.102244 0.031010
0 0.162340 0.380529 0.095192 0.026923
0 0.473397 0.928606 0.069231 0.031731
0 0.545994 0.897236 0.073397 0.037740
0 0.144071 0.235817 0.113141 0.029327
0 0.252564 0.242909 0.104487 0.031490
0 0.366026 0.245913 0.110256 0.037500
0 0.475801 0.247476 0.104808 0.037260
0 0.045833 0.278846 0.088462 0.059615
0 0.151442 0.282572 0.109936 0.058413
0 0.257532 0.289062 0.099038 0.055048
0 0.361538 0.291947 0.107692 0.054087
0 0.471154 0.293149 0.107051 0.054087
0 0.564423 0.302284 0.068590 0.077163
0 0.643429 0.248798 0.109936 0.027404
0 0.055929 0.334615 0.108654 0.050000
0 0.161538 0.337260 0.093590 0.050481
0 0.261699 0.342187 0.101603 0.046875
0 0.364423 0.343870 0.105128 0.046394
0 0.469712 0.346394 0.098397 0.050481
0 0.391987 0.929567 0.077564 0.019712
0 0.202083 0.582572 0.089423 0.020433
0 0.381571 0.730529 0.084295 0.029808
0 0.282692 0.509255 0.094231 0.043510
0 0.824199 0.606611 0.100962 0.025240
0 0.826603 0.574760 0.103205 0.039904
0 0.831410 0.528966 0.107051 0.053125
0 0.720192 0.603005 0.098077 0.022356
0 0.551923 0.734375 0.076282 0.030769
0 0.629006 0.739303 0.076603 0.035337
0 0.708974 0.740024 0.078205 0.034856
0 0.048718 0.746394 0.082692 0.017788
0 0.135256 0.749519 0.077564 0.019712
0 0.219872 0.754087 0.078846 0.019712
0 0.721314 0.571154 0.100321 0.041346
0 0.724519 0.522476 0.100321 0.054087
0 0.647756 0.598678 0.035256 0.027644
0 0.647115 0.541106 0.038462 0.088942
0 0.566346 0.592428 0.091026 0.025240
0 0.472756 0.591466 0.092308 0.027163
0 0.381410 0.590264 0.092949 0.024760
0 0.575801 0.561538 0.095192 0.037981
0 0.302724 0.755048 0.082372 0.019231
0 0.942788 0.493630 0.111859 0.032933
0 0.937019 0.531851 0.102885 0.043029
0 0.928686 0.576202 0.101603 0.039904
0 0.922596 0.608894 0.095833 0.022596
0 0.294231 0.727885 0.083974 0.029327
0 0.209776 0.727885 0.077244 0.029327
0 0.125641 0.722476 0.076923 0.031971
0 0.045192 0.720313 0.081410 0.034856
0 0.715064 0.696394 0.078205 0.050000
0 0.632372 0.692909 0.075000 0.050721
0 0.552885 0.700240 0.078205 0.037981
0 0.469391 0.693990 0.082372 0.037019
0 0.381891 0.696034 0.084936 0.034375
0 0.384615 0.756611 0.081410 0.022356
0 0.291186 0.694471 0.086859 0.037981
0 0.120994 0.689303 0.086218 0.034375
0 0.039904 0.684736 0.073397 0.034375
0 0.554167 0.670192 0.080769 0.021635
0 0.466987 0.665385 0.089744 0.021154
0 0.375481 0.665745 0.090705 0.024279
0 0.287500 0.661659 0.082051 0.022837
0 0.201603 0.660817 0.082051 0.023558
0 0.116186 0.659976 0.081090 0.024760
0 0.037981 0.654447 0.069551 0.024279
0 0.205769 0.692067 0.081410 0.039904
0 0.282051 0.475841 0.096154 0.025240
0 0.470994 0.758894 0.085577 0.022596
0 0.630929 0.767668 0.075321 0.021394
0 0.155609 0.052163 0.072756 0.079327
0 0.080128 0.051803 0.074359 0.078606
0 0.021795 0.113101 0.043590 0.038221
0 0.021635 0.050962 0.041987 0.078846
0 0.959455 0.958053 0.081090 0.026202
0 0.875481 0.954567 0.087500 0.019231
0 0.784776 0.949279 0.083013 0.020192
0 0.961378 0.930288 0.077244 0.025481
0 0.876122 0.927644 0.091987 0.029808
0 0.785897 0.922716 0.089744 0.029087
0 0.967949 0.892909 0.064103 0.047356
0 0.888301 0.886058 0.088782 0.049519
0 0.480128 0.559856 0.091667 0.038462
0 0.382051 0.556731 0.094231 0.039904
0 0.577724 0.514183 0.091346 0.058173
0 0.481410 0.512380 0.094231 0.052163
0 0.386218 0.508534 0.093590 0.053606
0 0.290224 0.585577 0.088141 0.022115
0 0.286538 0.552284 0.092949 0.042548
0 0.469071 0.730649 0.084936 0.034856
0 0.156250 0.115986 0.074038 0.043029
0 0.249519 0.060457 0.104808 0.033894
0 0.250160 0.107332 0.111859 0.058894
0 0.709455 0.768750 0.076603 0.021635
0 0.806410 0.682332 0.092949 0.020433
0 0.901122 0.685096 0.100962 0.019712
0 0.800962 0.710457 0.091026 0.035817
0 0.895673 0.714423 0.091346 0.038942
0 0.796955 0.746034 0.089423 0.035817
0 0.891346 0.750841 0.094872 0.036298
0 0.791186 0.776803 0.090064 0.027163
0 0.884295 0.783053 0.092949 0.023798
0 0.553846 0.763101 0.076923 0.023798
0 0.965705 0.781851 0.068590 0.022837
0 0.043109 0.230288 0.083013 0.031731
0 0.965385 0.120192 0.069231 0.067788
0 0.868429 0.117668 0.125321 0.070913
0 0.735417 0.114784 0.125321 0.065625
0 0.606090 0.113942 0.129487 0.067308
0 0.478526 0.060096 0.116026 0.038462
0 0.360577 0.060577 0.115385 0.038462
0 0.475160 0.107933 0.115705 0.060096
0 0.361699 0.107332 0.111859 0.058413
0 0.970994 0.756010 0.058013 0.030288
0 0.083173 0.114062 0.071474 0.046875
