0 0.192810 0.970435 0.055556 0.035846
0 0.169118 0.533701 0.058007 0.015931
0 0.157067 0.476256 0.033905 0.064032
0 0.105392 0.479167 0.044118 0.068015
0 0.195261 0.475950 0.040033 0.064645
0 0.233864 0.477635 0.037173 0.069240
0 0.275327 0.477788 0.043301 0.070772
0 0.317606 0.477788 0.041258 0.071998
0 0.359069 0.480545 0.040850 0.067708
0 0.401144 0.481311 0.044935 0.069240
0 0.443627 0.480392 0.039216 0.070466
0 0.497549 0.474418 0.057190 0.072610
0 0.553309 0.474877 0.055147 0.071691
0 0.608252 0.480086 0.054739 0.081495
0 0.673611 0.480086 0.071895 0.080882
0 0.748775 0.481771 0.062092 0.079963
0 0.824959 0.497396 0.090278 0.048100
0 0.912582 0.497549 0.079248 0.049020
0 0.010212 0.572457 0.019608 0.043811
0 0.047386 0.573223 0.021242 0.039828
0 0.070466 0.577053 0.024101 0.047488
0 0.125613 0.580423 0.030637 0.039522
0 0.154208 0.581189 0.028186 0.036765
0 0.099469 0.573989 0.018382 0.038909
0 0.194240 0.577972 0.014297 0.041973
0 0.214257 0.579504 0.024918 0.040135
0 0.265319 0.575980 0.033088 0.035539
0 0.302696 0.581495 0.027778 0.044118
0 0.329453 0.581955 0.024918 0.042586
0 0.375817 0.588082 0.057190 0.034620
0 0.060458 0.478860 0.044118 0.069240
0 0.019404 0.488205 0.037990 0.045037
0 0.945874 0.343597 0.049428 0.116728
0 0.897876 0.344363 0.040033 0.117034
0 0.151552 0.114737 0.082516 0.086703
0 0.234273 0.114890 0.081291 0.085784
0 0.083333 0.200214 0.080065 0.075061
0 0.164420 0.199755 0.082108 0.075980
0 0.244485 0.201746 0.078840 0.078125
0 0.322100 0.199755 0.073121 0.080882
0 0.642565 0.173407 0.046569 0.129289
0 0.713235 0.171722 0.067810 0.135723
0 0.813113 0.172335 0.078023 0.138174
0 0.969771 0.177696 0.060458 0.122549
0 0.032884 0.369332 0.042075 0.042586
0 0.089665 0.335478 0.042892 0.120098
0 0.142157 0.346354 0.060458 0.105699
0 0.441176 0.579350 0.051471 0.030025
0 0.207516 0.346661 0.064542 0.107537
0 0.337827 0.347886 0.051471 0.095282
0 0.389297 0.346967 0.050654 0.097120
0 0.443423 0.348652 0.055964 0.099265
0 0.496119 0.336397 0.037990 0.107230
0 0.534314 0.340227 0.037582 0.100797
0 0.568423 0.342984 0.032271 0.107537
0 0.603145 0.342218 0.037990 0.109069
0 0.639910 0.342831 0.031454 0.112745
0 0.676471 0.340686 0.041667 0.117034
0 0.715891 0.361366 0.036356 0.069547
0 0.758783 0.357996 0.049428 0.075061
0 0.804330 0.345435 0.036765 0.114890
0 0.848652 0.343903 0.045343 0.117341
0 0.274714 0.350337 0.072304 0.100184
0 0.498775 0.594210 0.040033 0.074449
0 0.028799 0.572151 0.017565 0.043199
0 0.598039 0.588695 0.048203 0.081189
0 0.953840 0.720282 0.051471 0.120098
0 0.168505 0.812347 0.046977 0.049939
0 0.202002 0.850490 0.053513 0.018995
0 0.216912 0.808977 0.033497 0.033395
0 0.261029 0.831495 0.044935 0.011029
0 0.266544 0.844822 0.049428 0.010110
0 0.324755 0.845588 0.038399 0.026348
0 0.365809 0.847273 0.033905 0.024816
0 0.429534 0.833793 0.081291 0.062806
0 0.502655 0.873315 0.057598 0.049326
0 0.553309 0.874540 0.035539 0.099571
0 0.547386 0.592218 0.049837 0.077206
0 0.640114 0.856771 0.049020 0.098958
0 0.886642 0.725337 0.060866 0.119179
0 0.698121 0.837469 0.044935 0.073223
0 0.818423 0.872243 0.047794 0.122549
0 0.864992 0.868260 0.044526 0.114583
0 0.956087 0.865809 0.066585 0.099877
0 0.168301 0.894608 0.035948 0.019608
0 0.267770 0.886183 0.037990 0.017463
0 0.264093 0.908548 0.037173 0.017463
0 0.306168 0.891544 0.028186 0.015931
0 0.308007 0.905790 0.027778 0.011949
0 0.311070 0.917586 0.034722 0.010417
0 0.309845 0.931526 0.037990 0.018076
0 0.368056 0.903339 0.055556 0.019301
0 0.363358 0.926164 0.049428 0.017770
0 0.424224 0.915288 0.057598 0.058517
0 0.760621 0.870404 0.066176 0.126225
0 0.798203 0.696385 0.048203 0.091299
0 0.592729 0.875613 0.037582 0.098652
0 0.684028 0.711550 0.060049 0.119179
0 0.741422 0.709865 0.050654 0.117034
0 0.698325 0.585784 0.037990 0.090074
0 0.742647 0.585478 0.046569 0.090686
0 0.794935 0.597426 0.044935 0.066176
0 0.842525 0.596967 0.049428 0.067708
0 0.893178 0.588695 0.040441 0.088542
0 0.932598 0.587163 0.035948 0.092218
0 0.976103 0.607843 0.047794 0.060049
0 0.039011 0.644148 0.039624 0.061581
0 0.083129 0.671262 0.042892 0.036152
0 0.154616 0.656556 0.038807 0.039216
0 0.200980 0.658088 0.048203 0.064338
0 0.245711 0.654412 0.037173 0.060662
0 0.651144 0.585478 0.050654 0.085784
0 0.338644 0.655331 0.036765 0.068627
0 0.293505 0.655331 0.046160 0.066789
0 0.391953 0.749847 0.049428 0.055453
0 0.341095 0.748928 0.048203 0.054228
0 0.292688 0.750153 0.041258 0.048713
0 0.247753 0.742647 0.041258 0.043505
0 0.204248 0.736673 0.038399 0.051777
0 0.441585 0.752451 0.052288 0.049632
0 0.555147 0.715380 0.058824 0.124387
0 0.493260 0.713082 0.039624 0.124081
0 0.438521 0.664522 0.049428 0.050245
0 0.386234 0.672794 0.044526 0.041667
0 0.165033 0.732384 0.036765 0.045650
