0 0.770312 0.870508 0.045833 0.097266
0 0.724219 0.866992 0.049479 0.104297
0 0.672135 0.866992 0.052604 0.104297
0 0.622135 0.870508 0.048438 0.097266
0 0.565625 0.874805 0.050000 0.091016
0 0.519531 0.872070 0.047396 0.087109
0 0.468750 0.872461 0.055208 0.095703
0 0.320573 0.871875 0.047396 0.099219
0 0.368750 0.870117 0.052083 0.102734
0 0.269531 0.867773 0.045312 0.107422
0 0.214844 0.869336 0.050521 0.104297
0 0.164062 0.871484 0.050000 0.095312
0 0.120313 0.869727 0.043750 0.098828
0 0.071875 0.866602 0.052083 0.102734
0 0.418490 0.873828 0.047396 0.090625
0 0.813281 0.871484 0.041146 0.095312
0 0.623437 0.158008 0.029167 0.092578
0 0.895052 0.868164 0.041146 0.092578
0 0.021094 0.874023 0.042188 0.102734
0 0.019010 0.152148 0.036979 0.121484
0 0.057552 0.151562 0.041146 0.122656
0 0.093750 0.158789 0.036458 0.108984
0 0.128385 0.160742 0.033854 0.104297
0 0.163281 0.156445 0.035937 0.112891
0 0.198437 0.151562 0.027083 0.117969
0 0.227865 0.149609 0.033854 0.119531
0 0.291927 0.148242 0.035937 0.119922
0 0.328385 0.147461 0.031771 0.121484
0 0.370573 0.158594 0.061979 0.101562
0 0.422396 0.155078 0.050000 0.100781
0 0.473698 0.168750 0.041146 0.073438
0 0.983073 0.872266 0.033854 0.099219
0 0.938021 0.869922 0.042708 0.096094
0 0.854427 0.869531 0.041146 0.094531
0 0.582031 0.152930 0.056771 0.102734
0 0.706771 0.756641 0.052083 0.041406
0 0.652865 0.719727 0.052604 0.039453
0 0.329427 0.290625 0.043229 0.077344
0 0.179167 0.309570 0.038542 0.098047
0 0.132292 0.310937 0.045833 0.097656
0 0.080990 0.308008 0.050521 0.111328
0 0.028385 0.313086 0.041146 0.101172
0 0.074740 0.453320 0.049479 0.099609
0 0.123698 0.454297 0.049479 0.097656
0 0.186979 0.453125 0.043750 0.097656
0 0.380208 0.306836 0.045833 0.105859
0 0.382812 0.452148 0.050000 0.099609
0 0.485156 0.447070 0.054688 0.104297
0 0.542708 0.454688 0.050000 0.089063
0 0.596094 0.452148 0.048438 0.091797
0 0.653906 0.438477 0.056771 0.041016
0 0.654687 0.478516 0.055208 0.039062
0 0.705469 0.447852 0.048438 0.102734
0 0.751563 0.449023 0.047917 0.102734
0 0.798698 0.447852 0.048438 0.102734
0 0.429948 0.447070 0.047396 0.104297
0 0.435937 0.304883 0.061458 0.109766
0 0.491667 0.303125 0.054167 0.110937
0 0.552083 0.308984 0.054167 0.099219
0 0.655208 0.145313 0.031250 0.117969
0 0.687500 0.144922 0.031250 0.117969
0 0.718750 0.145703 0.031250 0.117969
0 0.754687 0.150391 0.034375 0.100781
0 0.791146 0.152734 0.036458 0.096094
0 0.827604 0.139063 0.038542 0.123438
0 0.867448 0.139063 0.033854 0.123438
0 0.914062 0.135547 0.038542 0.130469
0 0.950260 0.135937 0.031771 0.125000
0 0.983073 0.137695 0.031771 0.121484
0 0.962500 0.324219 0.036458 0.061719
0 0.925781 0.321289 0.041146 0.065234
0 0.890365 0.318164 0.033854 0.068359
0 0.852083 0.300195 0.045833 0.109766
0 0.805729 0.297656 0.040625 0.109375
0 0.756250 0.298438 0.057292 0.113281
0 0.701302 0.297656 0.056771 0.114844
0 0.654167 0.320508 0.036458 0.071484
0 0.608073 0.305273 0.056771 0.099609
0 0.838802 0.448242 0.039062 0.102734
0 0.706771 0.718359 0.052083 0.039062
0 0.882812 0.445703 0.045833 0.104688
0 0.965885 0.445117 0.048438 0.099609
0 0.895833 0.731055 0.045833 0.092578
0 0.853125 0.729492 0.043750 0.102734
0 0.809375 0.728516 0.045833 0.097656
0 0.760156 0.721484 0.052604 0.109375
0 0.603646 0.735352 0.052083 0.083984
0 0.552344 0.731055 0.047396 0.092578
0 0.499479 0.726953 0.052083 0.100781
0 0.444010 0.729883 0.058854 0.104297
0 0.936979 0.740039 0.032292 0.076953
0 0.390104 0.729883 0.052083 0.104297
0 0.293229 0.733398 0.043750 0.097266
0 0.247396 0.733398 0.043750 0.097266
0 0.200000 0.732812 0.043750 0.096094
0 0.155469 0.732227 0.041146 0.097266
0 0.113542 0.732812 0.043750 0.096094
0 0.066406 0.735938 0.046354 0.097656
0 0.023438 0.735938 0.044792 0.097656
0 0.655208 0.757422 0.047917 0.032031
0 0.336979 0.727734 0.043750 0.106250
0 0.974219 0.730469 0.039062 0.100781
0 0.942448 0.585547 0.041146 0.099219
0 0.894531 0.584766 0.048438 0.100781
0 0.238802 0.491797 0.041146 0.088281
0 0.288802 0.438672 0.045312 0.082031
0 0.279687 0.356445 0.086458 0.053516
0 0.088021 0.589844 0.045833 0.100781
0 0.134896 0.593750 0.050000 0.095312
0 0.186198 0.592187 0.048438 0.096094
0 0.230990 0.593164 0.041146 0.094141
0 0.274219 0.589844 0.045312 0.100781
0 0.526042 0.152930 0.061458 0.102734
0 0.369531 0.588477 0.047396 0.101172
0 0.425000 0.585938 0.063542 0.100781
0 0.485156 0.580664 0.054688 0.108984
0 0.538281 0.589453 0.052604 0.089063
0 0.589323 0.590430 0.054688 0.087109
0 0.648438 0.588281 0.047917 0.093750
0 0.701042 0.581836 0.050000 0.104297
0 0.753646 0.584766 0.053125 0.100781
0 0.801562 0.582617 0.044792 0.102734
0 0.844271 0.584766 0.047917 0.100781
0 0.923438 0.443750 0.036458 0.101562
0 0.321094 0.589258 0.043229 0.104297
