0 0.982996 0.573325 0.033395 0.133578
0 0.227022 0.747549 0.012868 0.045752
0 0.270221 0.811683 0.011029 0.039216
0 0.316483 0.806373 0.017157 0.050654
0 0.299479 0.794322 0.011336 0.043709
0 0.283701 0.784926 0.013480 0.050245
0 0.257506 0.804739 0.013787 0.044118
0 0.242494 0.794935 0.010110 0.043301
0 0.228860 0.866626 0.011029 0.039624
0 0.227328 0.826389 0.011642 0.031046
0 0.215227 0.856413 0.011949 0.040441
0 0.213542 0.819444 0.008578 0.033497
0 0.200980 0.843954 0.009191 0.039216
0 0.186734 0.831904 0.008885 0.031454
0 0.201900 0.807394 0.009191 0.025735
0 0.212010 0.739583 0.013480 0.045343
0 0.186887 0.794526 0.009191 0.029412
0 0.143689 0.794526 0.015319 0.029412
0 0.187347 0.722835 0.016238 0.041258
0 0.166207 0.778391 0.024203 0.026552
0 0.142004 0.757761 0.016238 0.035948
0 0.228094 0.792279 0.013174 0.029820
0 0.212623 0.782271 0.010417 0.031863
0 0.201287 0.776552 0.009804 0.022876
0 0.189645 0.760417 0.012868 0.030637
0 0.171722 0.747549 0.009498 0.031863
0 0.159620 0.743668 0.009191 0.024101
0 0.140625 0.722222 0.011642 0.021242
0 0.127145 0.721609 0.008578 0.017565
0 0.118719 0.709559 0.007659 0.022876
0 0.168199 0.816789 0.020221 0.038807
0 0.162837 0.705065 0.025429 0.040850
0 0.471354 0.758987 0.016238 0.106209
0 0.123621 0.682394 0.009498 0.028186
0 0.570159 0.334559 0.028799 0.163399
0 0.540901 0.338031 0.026654 0.158088
0 0.513940 0.340074 0.022978 0.152369
0 0.488511 0.342525 0.026654 0.145833
0 0.458027 0.342933 0.030025 0.138480
0 0.425551 0.347018 0.025735 0.127859
0 0.401042 0.349060 0.018995 0.118056
0 0.379442 0.351307 0.019914 0.120098
0 0.533088 0.093954 0.113971 0.177288
0 0.427237 0.130106 0.077512 0.182598
0 0.350337 0.157680 0.070772 0.138072
0 0.284926 0.182598 0.050245 0.142157
0 0.231005 0.208538 0.053309 0.122141
0 0.571232 0.803309 0.016850 0.130310
0 0.551777 0.792892 0.018382 0.116013
0 0.531863 0.784722 0.014706 0.125000
0 0.607077 0.332108 0.034007 0.162582
0 0.515165 0.777982 0.015625 0.111520
0 0.499234 0.772467 0.013787 0.108660
0 0.485447 0.764910 0.012561 0.120507
0 0.285539 0.832312 0.011642 0.034722
0 0.453585 0.727124 0.015012 0.103758
0 0.440411 0.720588 0.010723 0.089052
0 0.425858 0.717116 0.015931 0.094363
0 0.981158 0.703636 0.037684 0.115605
0 0.944393 0.704044 0.030331 0.116422
0 0.910999 0.686887 0.030331 0.122958
0 0.876532 0.677900 0.029412 0.115605
0 0.844363 0.672590 0.027574 0.109886
0 0.137868 0.688930 0.017770 0.043709
0 0.946232 0.577410 0.032169 0.121324
0 0.301777 0.839869 0.009804 0.028595
0 0.242188 0.837827 0.013174 0.035131
0 0.466146 0.512255 0.016238 0.071078
0 0.484528 0.511846 0.018689 0.073529
0 0.424786 0.581087 0.013787 0.066585
0 0.437806 0.582312 0.011642 0.064951
0 0.450521 0.584967 0.008885 0.071895
0 0.464920 0.589665 0.017463 0.069036
0 0.518995 0.512459 0.015319 0.077206
0 0.534620 0.514502 0.012255 0.079657
0 0.548713 0.515319 0.014093 0.082925
0 0.563725 0.518382 0.015931 0.080065
0 0.321844 0.855188 0.015625 0.035539
0 0.580576 0.518791 0.013480 0.081699
0 0.596661 0.524101 0.015625 0.076797
0 0.613511 0.521242 0.015012 0.086601
0 0.631127 0.524918 0.015931 0.085784
0 0.450521 0.510008 0.011336 0.074755
0 0.438419 0.508578 0.012868 0.072712
0 0.423866 0.508783 0.011949 0.069853
0 0.969975 0.325368 0.043505 0.178513
0 0.311275 0.360090 0.016544 0.117239
0 0.330423 0.358456 0.018689 0.115605
0 0.144455 0.506332 0.008885 0.064951
0 0.154105 0.505106 0.007966 0.063317
0 0.172488 0.528391 0.022672 0.028186
0 0.177083 0.497958 0.015931 0.029412
0 0.191789 0.497753 0.011029 0.027369
0 0.650735 0.528799 0.017157 0.091095
0 0.196998 0.468750 0.013480 0.029820
0 0.245098 0.513480 0.011029 0.025327
0 0.649203 0.333742 0.042279 0.151961
0 0.708640 0.342320 0.042279 0.142157
0 0.750000 0.322508 0.034314 0.184232
0 0.783701 0.315155 0.029412 0.195670
0 0.820925 0.319240 0.037071 0.196487
0 0.914982 0.302900 0.049939 0.224265
0 0.232690 0.512868 0.012561 0.024101
0 0.670803 0.533292 0.018689 0.093546
0 0.690564 0.533088 0.017770 0.091503
0 0.714767 0.541462 0.023897 0.100082
0 0.214461 0.640319 0.007966 0.069853
0 0.206648 0.634395 0.006434 0.071078
0 0.197151 0.631536 0.007659 0.073529
0 0.182445 0.623775 0.014400 0.065359
0 0.167739 0.621119 0.013174 0.071487
0 0.315564 0.557190 0.011029 0.048203
0 0.303462 0.556577 0.008885 0.046977
0 0.226716 0.646242 0.012255 0.062908
0 0.311275 0.494485 0.010417 0.065768
0 0.280331 0.509804 0.012868 0.048203
0 0.277880 0.551879 0.010417 0.032680
0 0.260263 0.549020 0.019301 0.035131
0 0.244179 0.544526 0.011029 0.027778
0 0.231464 0.543709 0.013787 0.029412
0 0.267770 0.508578 0.009804 0.043301
0 0.256434 0.509395 0.009804 0.039216
0 0.301164 0.494894 0.008578 0.064951
0 0.292279 0.361928 0.018995 0.116830
0 0.244179 0.645016 0.011029 0.076797
0 0.268689 0.651144 0.011642 0.070261
0 0.740043 0.542688 0.020527 0.098448
0 0.763480 0.543913 0.022672 0.104984
0 0.789522 0.545956 0.026961 0.100082
0 0.818168 0.552288 0.027880 0.108660
0 0.850031 0.552696 0.026654 0.107843
0 0.881893 0.558211 0.026042 0.114788
0 0.910080 0.562908 0.026042 0.109477
0 0.256127 0.648897 0.009191 0.069036
0 0.114124 0.676675 0.007047 0.037990
0 0.098039 0.426471 0.025123 0.047386
0 0.662990 0.077819 0.131740 0.147467
0 0.399816 0.694036 0.014093 0.069444
0 0.381740 0.695466 0.016544 0.073121
0 0.312500 0.679534 0.011029 0.086193
0 0.299939 0.674837 0.012255 0.080882
0 0.288297 0.673611 0.008578 0.082516
0 0.090993 0.578023 0.020833 0.052288
0 0.276348 0.364788 0.012868 0.107843
0 0.869485 0.314542 0.031863 0.199346
0 0.248775 0.363358 0.010417 0.105801
0 0.451287 0.954044 0.022672 0.042075
0 0.424939 0.932394 0.016544 0.036356
0 0.401501 0.918096 0.015625 0.037173
0 0.378523 0.899306 0.019914 0.042892
0 0.358303 0.883374 0.011949 0.040441
0 0.544271 0.953227 0.035233 0.081291
0 0.509498 0.936070 0.028186 0.078840
0 0.479320 0.912582 0.026654 0.077614
0 0.449755 0.893587 0.025735 0.069036
0 0.422488 0.871732 0.021446 0.065359
0 0.400276 0.860294 0.019301 0.066993
0 0.378523 0.843546 0.024203 0.062908
0 0.353094 0.827614 0.021752 0.060458
0 0.535539 0.590482 0.009804 0.069853
0 0.652727 0.630719 0.018689 0.091503
0 0.481464 0.975490 0.018689 0.039216
0 0.357077 0.930556 0.017463 0.043301
0 0.381740 0.948325 0.020833 0.044526
0 0.402267 0.962418 0.017157 0.045752
0 0.548560 0.594567 0.015625 0.067402
0 0.564951 0.600490 0.012255 0.078431
0 0.579197 0.601307 0.012561 0.077614
0 0.594056 0.606413 0.012255 0.079657
0 0.612898 0.624387 0.019914 0.093546
0 0.502604 0.584559 0.016850 0.073529
0 0.483915 0.587418 0.017463 0.068627
0 0.677390 0.637459 0.019608 0.091095
0 0.407169 0.571895 0.014706 0.072712
0 0.382812 0.568627 0.010723 0.067810
0 0.370558 0.565155 0.012561 0.072304
0 0.379442 0.986520 0.013787 0.026961
0 0.358915 0.976307 0.019301 0.035948
0 0.633119 0.625408 0.018076 0.096405
0 0.261949 0.363358 0.014706 0.106618
0 0.423713 0.975694 0.017770 0.042892
0 0.393536 0.571078 0.010110 0.073529
0 0.739583 0.642361 0.019608 0.090278
0 0.324755 0.950368 0.017157 0.042892
0 0.785692 0.647059 0.019301 0.093954
0 0.289369 0.875613 0.015012 0.038807
0 0.761949 0.647467 0.019608 0.087418
0 0.270527 0.858456 0.011642 0.044526
0 0.255362 0.891340 0.013174 0.037582
0 0.241575 0.879493 0.011949 0.043301
0 0.256893 0.851307 0.012561 0.032680
0 0.118873 0.255310 0.054534 0.070261
0 0.304228 0.888480 0.010417 0.040033
0 0.076593 0.268791 0.026348 0.073529
0 0.133425 0.373162 0.017463 0.088644
0 0.149050 0.371324 0.014400 0.086601
0 0.165441 0.370507 0.014706 0.085784
0 0.181832 0.368260 0.015625 0.090278
0 0.198376 0.368464 0.016238 0.092320
0 0.216146 0.368260 0.017463 0.095997
0 0.234222 0.366422 0.015625 0.099673
0 0.048254 0.280637 0.026042 0.072712
0 0.323683 0.901757 0.015012 0.042075
0 0.521752 0.591708 0.014706 0.072304
0 0.286458 0.915033 0.013480 0.036765
0 0.590074 0.811070 0.018382 0.120507
0 0.608762 0.819444 0.017770 0.135621
0 0.628983 0.828431 0.021446 0.125817
0 0.650735 0.840482 0.017157 0.142565
0 0.813419 0.669322 0.028186 0.109069
0 0.672794 0.848856 0.022672 0.148693
0 0.696844 0.856822 0.026654 0.133578
0 0.721507 0.874387 0.021446 0.156454
0 0.747549 0.880515 0.023284 0.145016
0 0.773284 0.893995 0.024510 0.163807
0 0.271599 0.904820 0.015625 0.040850
0 0.303922 0.934641 0.017770 0.038399
0 0.831648 0.917484 0.028493 0.165033
0 0.865656 0.923407 0.034007 0.150735
0 0.901042 0.930964 0.032475 0.138072
0 0.939032 0.940359 0.039828 0.119281
0 0.801471 0.909722 0.028186 0.145425
