0 0.476103 0.558058 0.046977 0.049326
0 0.896855 0.618413 0.044526 0.089154
0 0.939747 0.620711 0.034722 0.077819
0 0.981209 0.631127 0.037582 0.071078
0 0.761642 0.378830 0.036356 0.062194
0 0.717116 0.399050 0.043709 0.031556
0 0.651348 0.379442 0.033088 0.059130
0 0.295547 0.753064 0.021650 0.075368
0 0.840891 0.602022 0.026552 0.074755
0 0.601920 0.381281 0.033905 0.059743
0 0.557598 0.382506 0.034314 0.057292
0 0.514093 0.382659 0.040441 0.059436
0 0.616217 0.281097 0.068219 0.059130
0 0.680556 0.292126 0.056373 0.039522
0 0.321691 0.775735 0.026552 0.080270
0 0.800654 0.628523 0.047386 0.068934
0 0.357639 0.732843 0.024918 0.056985
0 0.473448 0.384191 0.032680 0.056373
0 0.382557 0.730392 0.016748 0.055147
0 0.723243 0.561887 0.029820 0.049020
0 0.685253 0.562500 0.037173 0.056985
0 0.644812 0.571385 0.033088 0.041667
0 0.607230 0.548713 0.019199 0.030025
0 0.583742 0.557751 0.022876 0.040135
0 0.553105 0.567249 0.028595 0.040748
0 0.522263 0.573836 0.030637 0.041667
0 0.428717 0.551471 0.042075 0.033701
0 0.376021 0.568168 0.045343 0.036458
0 0.403799 0.767923 0.021650 0.078125
0 0.432190 0.765472 0.023693 0.088542
0 0.195874 0.151348 0.033905 0.082108
0 0.767974 0.559896 0.033497 0.050551
0 0.434845 0.381434 0.037990 0.061887
0 0.344975 0.382659 0.034722 0.054534
0 0.158905 0.167126 0.023693 0.068321
0 0.192198 0.715227 0.013480 0.025429
0 0.536152 0.483456 0.046160 0.049632
0 0.477737 0.481924 0.053513 0.057598
0 0.418709 0.483915 0.044118 0.041973
0 0.350694 0.482384 0.033088 0.049326
0 0.309845 0.478248 0.041258 0.050858
0 0.203227 0.773131 0.028186 0.085478
0 0.239583 0.762561 0.024918 0.079044
0 0.272876 0.733150 0.017974 0.058824
0 0.247753 0.482537 0.054330 0.058824
0 0.265114 0.441023 0.053922 0.015012
0 0.178105 0.483150 0.062092 0.047794
0 0.169118 0.382966 0.037582 0.058824
0 0.215074 0.385110 0.033905 0.059436
0 0.387459 0.384191 0.039624 0.061275
0 0.258987 0.382353 0.028595 0.055147
0 0.930964 0.167433 0.026961 0.060968
0 0.891340 0.161458 0.043301 0.070466
0 0.986315 0.264706 0.022467 0.055760
0 0.960172 0.261642 0.027369 0.054534
0 0.930147 0.261336 0.027778 0.055147
0 0.895629 0.262868 0.023284 0.054534
0 0.863971 0.259498 0.026961 0.056373
0 0.828840 0.261795 0.030229 0.059130
0 0.985294 0.354473 0.026144 0.072917
0 0.943219 0.364124 0.044935 0.064645
0 0.872958 0.364737 0.035131 0.037684
0 0.820466 0.373315 0.055147 0.054228
0 0.754085 0.284620 0.065359 0.046569
0 0.297386 0.383732 0.041667 0.059743
0 0.961601 0.172028 0.023693 0.054228
0 0.404003 0.167279 0.040850 0.066176
0 0.329248 0.168352 0.038399 0.065870
0 0.968954 0.718903 0.035948 0.048100
0 0.492443 0.764246 0.029003 0.080576
0 0.463440 0.763634 0.024918 0.089154
0 0.859886 0.757812 0.047386 0.105699
0 0.919526 0.756740 0.058007 0.103554
0 0.977124 0.781556 0.045752 0.058211
0 0.489583 0.174326 0.035539 0.056373
0 0.627247 0.628064 0.042892 0.018995
0 0.657680 0.659007 0.021242 0.033701
0 0.680556 0.661612 0.017974 0.038909
0 0.700572 0.660692 0.016340 0.030944
0 0.723856 0.656710 0.022059 0.034007
0 0.636029 0.659007 0.017974 0.038603
0 0.614788 0.660233 0.017974 0.034314
0 0.577819 0.662837 0.029820 0.031556
0 0.487132 0.651042 0.037173 0.036152
0 0.529208 0.753523 0.032271 0.090380
0 0.407475 0.664062 0.021650 0.038909
0 0.590891 0.478248 0.050245 0.055760
0 0.704044 0.482384 0.049428 0.054228
0 0.561479 0.740502 0.028186 0.064338
0 0.556168 0.284773 0.031454 0.056066
0 0.518587 0.281403 0.033088 0.058517
0 0.479575 0.281403 0.035131 0.062806
0 0.440564 0.280944 0.033905 0.061887
0 0.404208 0.279718 0.034722 0.061887
0 0.365809 0.281403 0.031454 0.062806
0 0.330882 0.284007 0.028595 0.055760
0 0.267565 0.280637 0.055556 0.062500
0 0.971814 0.498162 0.047386 0.097426
0 0.908292 0.491115 0.048611 0.101103
0 0.837827 0.486520 0.028595 0.068627
0 0.680760 0.740043 0.046977 0.071385
0 0.807394 0.484222 0.025735 0.089154
0 0.762459 0.481924 0.051062 0.060049
0 0.643587 0.484835 0.045343 0.045650
0 0.595997 0.765472 0.028595 0.069547
0 0.632149 0.732690 0.039624 0.054228
0 0.189134 0.652727 0.029412 0.032782
0 0.730392 0.739277 0.044118 0.068015
0 0.679739 0.163603 0.058007 0.073529
0 0.789216 0.160692 0.046569 0.074449
0 0.327002 0.565564 0.040441 0.049020
0 0.291871 0.554688 0.027369 0.034620
0 0.250000 0.560662 0.033497 0.031863
0 0.179126 0.570925 0.051062 0.047488
0 0.791667 0.745558 0.051471 0.081801
0 0.254289 0.626379 0.015931 0.018076
0 0.575572 0.170496 0.038399 0.061581
0 0.253676 0.663756 0.021242 0.024816
0 0.278186 0.658701 0.022059 0.031250
0 0.300449 0.657169 0.019199 0.026348
0 0.322917 0.655331 0.019199 0.030637
0 0.351511 0.652267 0.028186 0.033701
0 0.382149 0.663143 0.019199 0.035846
0 0.842320 0.164062 0.040850 0.067708
0 0.532067 0.172181 0.034722 0.058211
0 0.233047 0.632506 0.021650 0.029718
