0 0.584406 0.927492 0.030331 0.068219
0 0.544271 0.896650 0.027880 0.052288
0 0.778339 0.766340 0.011336 0.040850
0 0.761029 0.781658 0.014706 0.046160
0 0.760263 0.736315 0.013174 0.037990
0 0.755821 0.693219 0.015319 0.037582
0 0.737745 0.704044 0.013480 0.049428
0 0.721967 0.716912 0.014400 0.048203
0 0.539369 0.835784 0.023591 0.053922
0 0.724265 0.765523 0.015319 0.042484
0 0.703585 0.727941 0.019301 0.043301
0 0.681679 0.793301 0.018995 0.044935
0 0.704504 0.778799 0.017463 0.046977
0 0.575368 0.868260 0.025123 0.049428
0 0.742341 0.754085 0.013480 0.043301
0 0.743413 0.799020 0.013787 0.040850
0 0.725490 0.812704 0.014093 0.044526
0 0.706495 0.830678 0.019608 0.049428
0 0.694393 0.165237 0.020527 0.131944
0 0.672488 0.157680 0.020221 0.130719
0 0.775429 0.725490 0.012868 0.038399
0 0.650735 0.149714 0.016544 0.139297
0 0.791973 0.712827 0.011642 0.039216
0 0.662071 0.866422 0.017770 0.050654
0 0.659161 0.810662 0.020527 0.053513
0 0.654565 0.760008 0.020527 0.043709
0 0.651961 0.707721 0.020833 0.049428
0 0.683824 0.845792 0.015931 0.043709
0 0.024510 0.074346 0.049020 0.133170
0 0.090074 0.071895 0.069853 0.142974
0 0.166054 0.078227 0.071691 0.156454
0 0.233609 0.079044 0.056679 0.157271
0 0.290441 0.083333 0.049632 0.165850
0 0.343137 0.093954 0.046569 0.180556
0 0.392004 0.094771 0.043199 0.188725
0 0.437806 0.104167 0.036765 0.177288
0 0.793811 0.755923 0.015319 0.035539
0 0.471814 0.108864 0.027574 0.167892
0 0.541054 0.122345 0.028799 0.159722
0 0.570466 0.136642 0.020221 0.145833
0 0.628217 0.721814 0.020527 0.050654
0 0.628676 0.775531 0.019608 0.051062
0 0.638327 0.887459 0.020527 0.058415
0 0.598499 0.737337 0.026042 0.053105
0 0.600797 0.793301 0.020833 0.052288
0 0.606771 0.849265 0.020527 0.050654
0 0.610754 0.906863 0.021752 0.051471
0 0.568015 0.753676 0.024510 0.056373
0 0.571078 0.814134 0.023284 0.053922
0 0.596201 0.142361 0.028799 0.144199
0 0.626685 0.150123 0.026042 0.133578
0 0.504749 0.117443 0.026654 0.167892
0 0.634038 0.828636 0.019301 0.050245
0 0.269608 0.939542 0.056985 0.089869
0 0.701134 0.618260 0.021752 0.045343
0 0.602482 0.373570 0.011949 0.072304
0 0.701440 0.294935 0.007659 0.065359
0 0.721354 0.553717 0.018689 0.054330
0 0.740962 0.548815 0.014400 0.044526
0 0.739890 0.599060 0.017770 0.040441
0 0.759344 0.540645 0.016850 0.038807
0 0.760876 0.585580 0.014400 0.042892
0 0.722580 0.608047 0.015625 0.048611
0 0.691942 0.296773 0.008885 0.061683
0 0.681066 0.296160 0.006740 0.062908
0 0.668658 0.294526 0.010723 0.071078
0 0.655331 0.294730 0.011029 0.070670
0 0.641697 0.294935 0.009498 0.075163
0 0.628983 0.299020 0.007353 0.069444
0 0.613971 0.294935 0.011642 0.075163
0 0.599265 0.296977 0.011029 0.075980
0 0.583793 0.290441 0.008885 0.081699
0 0.442096 0.387459 0.018382 0.087827
0 0.461550 0.386029 0.017463 0.085784
0 0.482996 0.385417 0.019914 0.087827
0 0.504596 0.381740 0.013480 0.087010
0 0.522825 0.379698 0.015625 0.078840
0 0.349112 0.558007 0.020527 0.142157
0 0.618107 0.376225 0.010723 0.074346
0 0.539675 0.379493 0.013174 0.081699
0 0.571998 0.378064 0.011029 0.077206
0 0.586091 0.376225 0.015319 0.066993
0 0.547028 0.295956 0.015012 0.070670
0 0.484528 0.296569 0.013174 0.066993
0 0.505668 0.295139 0.017463 0.069853
0 0.566023 0.295139 0.016850 0.079657
0 0.556373 0.378676 0.014093 0.075980
0 0.420190 0.388685 0.019914 0.087827
0 0.629749 0.376634 0.008885 0.061275
0 0.656097 0.370711 0.008885 0.058415
0 0.401195 0.541258 0.014400 0.129902
0 0.422794 0.539828 0.015931 0.122958
0 0.443168 0.532680 0.011336 0.125000
0 0.462163 0.526961 0.016850 0.121732
0 0.480239 0.524918 0.013787 0.120915
0 0.516391 0.518382 0.016850 0.115196
0 0.323223 0.562296 0.021446 0.145016
0 0.293505 0.574346 0.025123 0.147876
0 0.264400 0.577819 0.026348 0.148284
0 0.232230 0.589461 0.030637 0.156046
0 0.198683 0.600490 0.028493 0.165033
0 0.157016 0.610703 0.046262 0.166667
0 0.114277 0.614583 0.028186 0.171160
0 0.076287 0.650735 0.036765 0.139706
0 0.499081 0.522059 0.015319 0.122549
0 0.537224 0.509395 0.015625 0.113562
0 0.555453 0.507353 0.015931 0.107843
0 0.669577 0.367443 0.008885 0.064951
0 0.680300 0.365809 0.007047 0.073121
0 0.691176 0.367851 0.008578 0.054330
0 0.692862 0.471405 0.010723 0.080882
0 0.706801 0.468546 0.012868 0.082516
0 0.679994 0.471609 0.008272 0.092729
0 0.642770 0.369894 0.007966 0.067402
0 0.667433 0.477533 0.011949 0.095588
0 0.642004 0.482639 0.011949 0.095180
0 0.627757 0.484681 0.010417 0.098448
0 0.613971 0.489379 0.009804 0.095588
0 0.599265 0.489175 0.012868 0.110703
0 0.583487 0.498570 0.010110 0.094363
0 0.570772 0.499387 0.012255 0.104984
0 0.654105 0.478145 0.010417 0.096814
0 0.395374 0.393382 0.024203 0.085784
0 0.375919 0.547998 0.025123 0.132761
0 0.442708 0.297386 0.017770 0.080065
0 0.327512 0.904412 0.044118 0.082516
0 0.380055 0.957108 0.042586 0.073529
0 0.380208 0.869485 0.037377 0.080474
0 0.435662 0.972426 0.037990 0.047794
0 0.430760 0.913399 0.039216 0.062092
0 0.428768 0.844771 0.031556 0.069444
0 0.476562 0.950980 0.035233 0.049837
0 0.472120 0.890727 0.030025 0.064134
0 0.469210 0.817402 0.030944 0.075980
0 0.549173 0.959763 0.022978 0.063317
0 0.568781 0.618668 0.027880 0.051879
0 0.601869 0.604575 0.025429 0.046569
0 0.602175 0.661969 0.022365 0.054330
0 0.627757 0.651757 0.019608 0.041258
0 0.626838 0.600490 0.021446 0.049837
0 0.651808 0.579044 0.020527 0.044526
0 0.656250 0.637051 0.022059 0.051062
0 0.678156 0.626634 0.018689 0.048203
0 0.675245 0.571283 0.022059 0.047794
0 0.571691 0.679126 0.028186 0.053513
0 0.699295 0.562500 0.018076 0.050654
0 0.533548 0.626634 0.026042 0.064542
0 0.497702 0.646650 0.034007 0.065359
0 0.774816 0.677288 0.011642 0.048203
0 0.791054 0.668505 0.013480 0.041258
0 0.035846 0.939134 0.071691 0.095588
0 0.024969 0.840482 0.049939 0.095180
0 0.114737 0.910539 0.068934 0.087418
0 0.096354 0.805556 0.069547 0.109477
0 0.170803 0.773284 0.056066 0.084967
0 0.190104 0.867443 0.060355 0.089461
0 0.258578 0.840278 0.052696 0.083333
0 0.251991 0.749183 0.054228 0.089869
0 0.314491 0.806168 0.043199 0.074755
0 0.313572 0.721201 0.052390 0.080474
0 0.371170 0.782067 0.043199 0.074755
0 0.365962 0.704657 0.048713 0.072712
0 0.419884 0.679739 0.038909 0.074346
0 0.419271 0.758170 0.039522 0.069444
0 0.458793 0.735294 0.035846 0.062092
0 0.457874 0.659109 0.031556 0.078023
0 0.497089 0.714257 0.032782 0.070670
0 0.532935 0.699755 0.030331 0.060458
0 0.515931 0.975490 0.026961 0.039216
0 0.510110 0.917892 0.026348 0.060458
0 0.055913 0.346405 0.064645 0.276144
0 0.122702 0.348652 0.059130 0.259395
0 0.463082 0.299224 0.018689 0.071487
0 0.007966 0.409314 0.015931 0.157680
0 0.816789 0.189542 0.014093 0.098039
0 0.801011 0.189951 0.013174 0.099673
0 0.186275 0.347018 0.058211 0.250408
0 0.786305 0.181168 0.013174 0.100082
0 0.770374 0.182394 0.017463 0.102533
0 0.752604 0.178717 0.012561 0.102533
0 0.714920 0.170343 0.015012 0.121732
0 0.734069 0.173407 0.021446 0.115605
0 0.506893 0.794322 0.034007 0.069036
0 0.419118 0.295752 0.023284 0.088235
0 0.393842 0.290033 0.021140 0.099673
0 0.339001 0.347631 0.041973 0.203431
0 0.539982 0.771242 0.024816 0.064542
0 0.242034 0.343954 0.053922 0.216503
0 0.293199 0.343546 0.044118 0.216503
0 0.507966 0.859681 0.025735 0.051879
