0 0.323437 0.394336 0.033333 0.044922
0 0.406771 0.394141 0.039583 0.040625
0 0.364323 0.393164 0.041146 0.044141
0 0.448698 0.395508 0.039062 0.041797
0 0.011719 0.472461 0.023438 0.043359
0 0.219792 0.392773 0.057292 0.045703
0 0.155990 0.392969 0.057813 0.050781
0 0.094010 0.393359 0.056771 0.044531
0 0.279948 0.394336 0.046354 0.046484
0 0.573698 0.222656 0.054688 0.043750
0 0.700521 0.854883 0.115625 0.049609
0 0.450000 0.222656 0.058333 0.036719
0 0.498437 0.404687 0.045833 0.031250
0 0.554427 0.399805 0.057813 0.036328
0 0.925781 0.871094 0.148438 0.089063
0 0.728646 0.947656 0.168750 0.104688
0 0.921615 0.975391 0.156771 0.039844
0 0.032031 0.392383 0.057813 0.049609
0 0.051823 0.474609 0.045312 0.033594
0 0.512760 0.222461 0.055729 0.040234
0 0.487240 0.481055 0.058854 0.031641
0 0.422656 0.313867 0.048438 0.044922
0 0.376823 0.480664 0.046354 0.026953
0 0.509115 0.545508 0.048438 0.024609
0 0.326562 0.474414 0.045833 0.033984
0 0.276302 0.480078 0.042188 0.025000
0 0.045052 0.310547 0.060937 0.047656
0 0.117188 0.311133 0.080208 0.047266
0 0.185938 0.309766 0.043750 0.048438
0 0.249219 0.312500 0.065104 0.047656
0 0.311719 0.312109 0.048438 0.046094
0 0.363021 0.313477 0.051042 0.045703
0 0.426302 0.474609 0.043229 0.035937
0 0.475521 0.313867 0.044792 0.044922
0 0.575521 0.312891 0.048958 0.049219
0 0.642448 0.296289 0.048438 0.067578
0 0.689844 0.299609 0.043229 0.060937
0 0.734375 0.299023 0.035417 0.060547
0 0.781250 0.299609 0.045833 0.058594
0 0.224219 0.477930 0.053646 0.035547
0 0.165104 0.476172 0.054167 0.032813
0 0.108854 0.473828 0.054167 0.039062
0 0.374479 0.455273 0.041667 0.012109
0 0.525521 0.313477 0.042708 0.048828
0 0.456250 0.545117 0.047917 0.027734
0 0.761979 0.141016 0.055208 0.035937
0 0.347135 0.543164 0.051562 0.033203
0 0.952865 0.491016 0.019271 0.042188
0 0.978906 0.486914 0.023438 0.046484
0 0.658594 0.589844 0.048438 0.068750
0 0.775521 0.597656 0.025000 0.060156
0 0.805208 0.598828 0.030208 0.057813
0 0.854167 0.593164 0.034375 0.058984
0 0.933854 0.581836 0.087500 0.084766
0 0.709115 0.712891 0.165104 0.119531
0 0.931510 0.493555 0.019271 0.040234
0 0.883854 0.711328 0.177083 0.104688
0 0.045833 0.741016 0.027083 0.038281
0 0.071354 0.741797 0.017708 0.035156
0 0.941667 0.138672 0.048958 0.041406
0 0.100000 0.743750 0.033333 0.035156
0 0.166146 0.738672 0.020833 0.043750
0 0.195573 0.736914 0.031771 0.044141
0 0.221354 0.737500 0.015625 0.046094
0 0.252344 0.738281 0.039062 0.048438
0 0.020313 0.739062 0.020833 0.042188
0 0.309375 0.740039 0.023958 0.048828
0 0.905729 0.493750 0.018750 0.041406
0 0.805990 0.491016 0.034896 0.051562
0 0.700000 0.140625 0.051042 0.035156
0 0.579948 0.168750 0.051562 0.031250
0 0.514844 0.169336 0.049479 0.030078
0 0.454948 0.169727 0.055729 0.028516
0 0.394531 0.167578 0.047396 0.033594
0 0.335417 0.168555 0.047917 0.026172
0 0.274219 0.166211 0.053646 0.036328
0 0.214062 0.164648 0.048958 0.033203
0 0.876563 0.491211 0.034375 0.047266
0 0.150000 0.171680 0.056250 0.023047
0 0.942969 0.390430 0.054688 0.053516
0 0.613281 0.472656 0.034896 0.067969
0 0.567187 0.467578 0.035417 0.075000
0 0.570312 0.559570 0.029167 0.073047
0 0.609375 0.559570 0.039583 0.073047
0 0.659375 0.482812 0.023958 0.067187
0 0.694010 0.482227 0.031771 0.066797
0 0.770052 0.485547 0.029687 0.062500
0 0.089063 0.168750 0.050000 0.026562
0 0.332813 0.741211 0.016667 0.048047
0 0.349479 0.748242 0.011458 0.029297
0 0.367708 0.739844 0.018750 0.047656
0 0.352344 0.673828 0.043229 0.032813
0 0.402865 0.674023 0.047396 0.032422
0 0.451823 0.675000 0.042188 0.030469
0 0.500781 0.675977 0.041146 0.033984
0 0.554427 0.678125 0.051562 0.028906
0 0.029427 0.605664 0.058854 0.030859
0 0.083333 0.602539 0.038542 0.035547
0 0.133073 0.603906 0.044271 0.032031
0 0.302604 0.674609 0.045833 0.033594
0 0.178125 0.599414 0.041667 0.039453
0 0.361719 0.605664 0.048438 0.033203
0 0.416406 0.607227 0.048438 0.031641
0 0.519271 0.606250 0.042708 0.027344
0 0.575521 0.611328 0.058333 0.021094
0 0.023438 0.538477 0.046875 0.036328
0 0.096875 0.539062 0.093750 0.037500
0 0.234635 0.540820 0.054688 0.030859
0 0.290365 0.543750 0.050521 0.025781
0 0.246875 0.603711 0.063542 0.029297
0 0.251563 0.674414 0.046875 0.033984
0 0.209896 0.671680 0.025000 0.039453
0 0.133073 0.675586 0.057813 0.030859
0 0.395052 0.743555 0.028646 0.041016
0 0.436719 0.743750 0.034896 0.039844
0 0.852604 0.293164 0.092708 0.066797
0 0.701562 0.191602 0.054167 0.041016
0 0.888802 0.189648 0.052604 0.039453
0 0.021875 0.221484 0.043750 0.035937
0 0.079687 0.218164 0.069792 0.041016
0 0.150000 0.219141 0.053125 0.042969
0 0.213021 0.222266 0.056250 0.037500
0 0.271354 0.221484 0.051042 0.038281
0 0.330208 0.222656 0.056250 0.036719
0 0.390885 0.222852 0.055729 0.038672
0 0.824219 0.140234 0.054688 0.032031
0 0.477604 0.744531 0.036458 0.038281
0 0.520833 0.750000 0.039583 0.035156
0 0.560677 0.748828 0.031771 0.035156
0 0.599479 0.751172 0.039583 0.032813
0 0.021615 0.673828 0.043229 0.034375
0 0.074479 0.675000 0.048958 0.030469
0 0.401302 0.545508 0.044271 0.026953
0 0.930208 0.293555 0.055208 0.064453
0 0.024479 0.165820 0.048958 0.030078
0 0.652604 0.385547 0.058333 0.067187
0 0.887240 0.401953 0.029687 0.036719
0 0.844531 0.396094 0.034896 0.042969
0 0.727344 0.391406 0.082812 0.057813
0 0.982031 0.294922 0.035937 0.058594
