0 0.391927 0.434180 0.033854 0.119141
0 0.444010 0.295117 0.044271 0.112891
0 0.248958 0.291211 0.048958 0.126953
0 0.020573 0.262500 0.041146 0.127344
0 0.073958 0.261914 0.054167 0.126172
0 0.137240 0.264648 0.054688 0.122266
0 0.195573 0.265625 0.048438 0.121094
0 0.155469 0.545898 0.053646 0.094922
0 0.617708 0.296289 0.036458 0.100391
0 0.142448 0.104883 0.052604 0.142578
0 0.699740 0.764062 0.029687 0.029687
0 0.654427 0.759180 0.056771 0.080859
0 0.594531 0.778320 0.055729 0.076172
0 0.395833 0.296289 0.041667 0.115234
0 0.543750 0.808789 0.039583 0.045703
0 0.731250 0.751563 0.031250 0.032031
0 0.765625 0.724805 0.034375 0.070703
0 0.799219 0.734180 0.024479 0.030859
0 0.824479 0.725391 0.023958 0.032031
0 0.856510 0.699805 0.036979 0.066016
0 0.895052 0.691797 0.028646 0.062500
0 0.922396 0.700195 0.017708 0.021484
0 0.944792 0.692773 0.022917 0.023047
0 0.453906 0.834180 0.047396 0.053516
0 0.985938 0.385937 0.022917 0.083594
0 0.961979 0.390234 0.019792 0.080469
0 0.938542 0.389453 0.021875 0.082031
0 0.914583 0.392383 0.018750 0.081641
0 0.498698 0.824805 0.041146 0.050391
0 0.351302 0.296484 0.042188 0.118750
0 0.301563 0.294531 0.048958 0.117969
0 0.094792 0.553516 0.055208 0.100781
0 0.433854 0.431250 0.039583 0.110156
0 0.224219 0.586328 0.056771 0.025781
0 0.216927 0.654297 0.063021 0.030469
0 0.277344 0.642188 0.056771 0.030469
0 0.335938 0.603516 0.056250 0.100781
0 0.393229 0.593555 0.052083 0.092578
0 0.444010 0.611133 0.040104 0.026172
0 0.487760 0.603711 0.042188 0.026953
0 0.536458 0.570508 0.045833 0.080078
0 0.579948 0.564648 0.042188 0.076953
0 0.622396 0.557227 0.037500 0.077734
0 0.665104 0.548438 0.037500 0.078906
0 0.479167 0.430078 0.044792 0.104688
0 0.934896 0.484570 0.038542 0.026953
0 0.985156 0.479297 0.029687 0.028906
0 0.988281 0.509961 0.023438 0.026172
0 0.957552 0.516992 0.031771 0.030859
0 0.920573 0.520508 0.034896 0.031641
0 0.887240 0.511914 0.025521 0.020703
0 0.887240 0.534180 0.021354 0.022266
0 0.860417 0.538867 0.029167 0.025391
0 0.826823 0.542188 0.026562 0.026562
0 0.702604 0.566602 0.031250 0.023047
0 0.737760 0.560352 0.027604 0.026172
0 0.888021 0.395313 0.027083 0.081250
0 0.050260 0.433789 0.055729 0.102734
0 0.103906 0.432031 0.048438 0.099219
0 0.266146 0.469141 0.076042 0.106250
0 0.033073 0.562305 0.061979 0.103516
0 0.346615 0.436523 0.049479 0.123828
0 0.817969 0.406445 0.106771 0.066797
0 0.078646 0.101562 0.067708 0.150781
0 0.953125 0.176367 0.022917 0.089453
0 0.736458 0.291797 0.029167 0.100781
0 0.771875 0.288477 0.027083 0.096484
0 0.805990 0.287891 0.029687 0.101562
0 0.863281 0.286914 0.038021 0.093359
0 0.896615 0.286914 0.023438 0.091016
0 0.155729 0.660742 0.054167 0.089453
0 0.096875 0.669727 0.055208 0.094922
0 0.034375 0.680859 0.064583 0.092969
0 0.769531 0.555469 0.030729 0.021875
0 0.798698 0.550391 0.023438 0.024219
0 0.957812 0.565039 0.039583 0.023047
0 0.980990 0.595508 0.036979 0.026172
0 0.945052 0.606445 0.030729 0.032422
0 0.900781 0.600195 0.035937 0.062891
0 0.861458 0.608008 0.034375 0.062891
0 0.703906 0.289648 0.025521 0.101953
0 0.710938 0.665820 0.027083 0.026172
0 0.673177 0.296680 0.029687 0.094922
0 0.646354 0.160938 0.036458 0.089844
0 0.721875 0.158008 0.033333 0.101953
0 0.762500 0.159570 0.032292 0.105078
0 0.810417 0.164258 0.030208 0.101953
0 0.841406 0.167187 0.019271 0.096094
0 0.870052 0.167773 0.031771 0.097266
0 0.899219 0.171680 0.016146 0.095703
0 0.198698 0.111914 0.050521 0.137891
0 0.258854 0.110352 0.061458 0.147266
0 0.318229 0.116602 0.048958 0.141797
0 0.373698 0.121484 0.050521 0.139063
0 0.427604 0.126172 0.052083 0.135937
0 0.480729 0.146484 0.047917 0.100000
0 0.528125 0.150977 0.036458 0.097266
0 0.926562 0.174219 0.021875 0.091406
0 0.606250 0.157617 0.038542 0.091797
0 0.685677 0.165234 0.033854 0.089063
0 0.740625 0.655469 0.029167 0.026562
0 0.567969 0.153711 0.034896 0.096484
0 0.824219 0.634570 0.038021 0.030859
0 0.489063 0.291992 0.031250 0.116016
0 0.574479 0.289453 0.043750 0.114062
0 0.036458 0.933398 0.072917 0.130078
0 0.191406 0.888281 0.069271 0.107031
0 0.257031 0.907422 0.057813 0.035156
0 0.357812 0.877539 0.038542 0.023828
0 0.313542 0.888477 0.047917 0.027734
0 0.550781 0.424609 0.036979 0.103125
0 0.587240 0.421680 0.028646 0.097266
0 0.623698 0.415234 0.038021 0.102344
0 0.662240 0.413477 0.031771 0.093359
0 0.697135 0.411914 0.032813 0.092578
0 0.982552 0.178711 0.024479 0.088672
0 0.780990 0.644141 0.045312 0.031250
0 0.735938 0.410352 0.032292 0.089453
0 0.527604 0.293555 0.039583 0.111328
0 0.973177 0.288281 0.029687 0.084375
0 0.404948 0.851367 0.047396 0.051172
0 0.922917 0.288477 0.018750 0.087891
0 0.974219 0.683398 0.031771 0.024609
0 0.675000 0.652734 0.033333 0.075781
0 0.945052 0.287695 0.018229 0.086328
0 0.635417 0.662891 0.039583 0.071875
0 0.595313 0.673242 0.040625 0.071484
0 0.504687 0.715234 0.038542 0.026562
0 0.458854 0.726758 0.044792 0.028516
0 0.550000 0.685156 0.043750 0.070312
0 0.395313 0.716992 0.077083 0.085547
0 0.976302 0.652539 0.035937 0.026953
0 0.314323 0.735742 0.081771 0.089453
0 0.228385 0.757422 0.090104 0.096094
0 0.153125 0.780273 0.048958 0.080078
0 0.093750 0.794727 0.061458 0.078516
0 0.114844 0.907617 0.074479 0.112109
