0 0.635417 0.441942 0.024101 0.029718
0 0.887459 0.421109 0.035539 0.079350
0 0.966299 0.424020 0.028186 0.073529
0 0.928309 0.428309 0.042075 0.064951
0 0.824959 0.419577 0.025735 0.079963
0 0.789216 0.428462 0.040033 0.064645
0 0.744281 0.427237 0.044118 0.064645
0 0.702206 0.421262 0.031863 0.075980
0 0.667688 0.445312 0.030637 0.027880
0 0.037173 0.169271 0.045752 0.101409
0 0.298815 0.173866 0.051062 0.110600
0 0.093954 0.165594 0.044118 0.110600
0 0.149714 0.176624 0.058415 0.097120
0 0.201593 0.173713 0.043709 0.102941
0 0.250000 0.166207 0.047386 0.114277
0 0.351716 0.168811 0.053105 0.110907
0 0.401757 0.172794 0.045343 0.104779
0 0.447712 0.173713 0.043301 0.107230
0 0.489379 0.213848 0.040850 0.027574
0 0.528186 0.183977 0.028595 0.092831
0 0.615400 0.399510 0.030637 0.052083
0 0.590891 0.442708 0.053513 0.031250
0 0.649101 0.393995 0.033497 0.044118
0 0.123162 0.287071 0.045343 0.107843
0 0.560866 0.179381 0.030229 0.098958
0 0.944036 0.332414 0.033497 0.044118
0 0.907884 0.333027 0.037173 0.043505
0 0.870098 0.345435 0.036765 0.011336
0 0.863971 0.328738 0.035131 0.015931
0 0.829453 0.311734 0.034722 0.079963
0 0.795547 0.314185 0.031454 0.075061
0 0.757557 0.313879 0.037990 0.075674
0 0.719363 0.314798 0.033497 0.071385
0 0.687092 0.318627 0.030229 0.060662
0 0.660131 0.310662 0.022876 0.074142
0 0.622549 0.301317 0.048203 0.092831
0 0.573325 0.337776 0.043709 0.018076
0 0.571895 0.314338 0.044118 0.022059
0 0.531250 0.318781 0.031454 0.055453
0 0.496936 0.305453 0.030637 0.082721
0 0.460376 0.292892 0.036765 0.103554
0 0.419322 0.291513 0.037173 0.104473
0 0.175041 0.287684 0.055147 0.106618
0 0.236520 0.310509 0.056373 0.060968
0 0.372958 0.291054 0.041667 0.105392
0 0.320466 0.291207 0.051879 0.105086
0 0.983456 0.317555 0.033088 0.068321
0 0.027369 0.542586 0.054739 0.104167
0 0.032475 0.422335 0.064951 0.100797
0 0.135417 0.424632 0.040441 0.094363
0 0.591503 0.186581 0.029412 0.090686
0 0.622141 0.188572 0.026144 0.088542
0 0.663399 0.187960 0.054739 0.095895
0 0.711397 0.186428 0.036356 0.095895
0 0.756740 0.186581 0.051062 0.101103
0 0.804330 0.187040 0.041667 0.103248
0 0.855596 0.184743 0.057598 0.107843
0 0.908088 0.192249 0.040850 0.101409
0 0.951797 0.191636 0.045752 0.102022
0 0.029412 0.288143 0.048203 0.102022
0 0.074551 0.291820 0.041258 0.095895
0 0.537582 0.381127 0.036765 0.023897
0 0.543913 0.439338 0.031454 0.034926
0 0.513889 0.441483 0.025327 0.028799
0 0.485294 0.413603 0.028595 0.089461
0 0.432394 0.450674 0.060049 0.047181
0 0.375613 0.429228 0.054330 0.087623
0 0.323325 0.427849 0.050245 0.090380
0 0.277165 0.426930 0.033088 0.092218
0 0.234886 0.425551 0.049020 0.093750
0 0.185049 0.426777 0.043301 0.094975
0 0.089052 0.425092 0.044935 0.093444
0 0.083333 0.543505 0.055556 0.101716
0 0.981005 0.799632 0.024918 0.065564
0 0.205882 0.547028 0.066993 0.100184
0 0.988358 0.682445 0.021650 0.052390
0 0.953636 0.682751 0.024101 0.052390
0 0.928105 0.682904 0.026961 0.050245
0 0.894199 0.684589 0.027778 0.051164
0 0.870302 0.675398 0.022467 0.070772
0 0.844363 0.669118 0.021242 0.071691
0 0.816993 0.667739 0.031046 0.084865
0 0.781863 0.676624 0.035948 0.067096
0 0.745302 0.680453 0.031454 0.067402
0 0.715278 0.685815 0.025327 0.056066
0 0.686479 0.683824 0.029003 0.052696
0 0.656658 0.683517 0.026552 0.053309
0 0.617239 0.696385 0.044935 0.028799
0 0.580065 0.687194 0.027778 0.050858
0 0.548815 0.686121 0.030637 0.051777
0 0.514706 0.686887 0.030229 0.049632
0 0.485907 0.685815 0.026552 0.051164
0 0.416871 0.659620 0.093546 0.104779
0 0.347426 0.662224 0.029820 0.098958
0 0.015727 0.774203 0.031454 0.101103
0 0.045956 0.771752 0.023284 0.082721
0 0.082312 0.793045 0.042075 0.093444
0 0.120915 0.797794 0.033497 0.086397
0 0.142770 0.545803 0.059232 0.102635
0 0.931985 0.788143 0.024101 0.083027
0 0.904820 0.787837 0.026961 0.084865
0 0.875204 0.787224 0.025735 0.088542
0 0.841912 0.785999 0.034314 0.088542
0 0.797794 0.784467 0.053922 0.097120
0 0.756740 0.789062 0.025735 0.082414
0 0.728145 0.800245 0.029820 0.064338
0 0.691176 0.790748 0.041667 0.087010
0 0.305964 0.664062 0.051471 0.096507
0 0.645833 0.791207 0.044935 0.088542
0 0.557802 0.773744 0.033905 0.092218
0 0.520221 0.789982 0.037990 0.090993
0 0.479575 0.789369 0.040033 0.092218
0 0.437704 0.785233 0.036356 0.096201
0 0.395833 0.790748 0.043301 0.093750
0 0.305351 0.779259 0.068219 0.094669
0 0.237949 0.792739 0.059232 0.094669
0 0.182802 0.793964 0.038807 0.089154
0 0.150531 0.792126 0.024101 0.079963
0 0.606413 0.801011 0.030637 0.068934
0 0.263480 0.661765 0.031046 0.099877
0 0.356413 0.759651 0.026552 0.068934
0 0.197508 0.664062 0.032271 0.100184
0 0.984069 0.512408 0.027778 0.064032
0 0.949755 0.512561 0.031046 0.063725
0 0.912786 0.512868 0.035539 0.063725
0 0.875000 0.514706 0.035948 0.059436
0 0.839461 0.527880 0.032680 0.036152
0 0.810662 0.518229 0.025735 0.057904
0 0.773693 0.519914 0.044935 0.049020
0 0.729575 0.527880 0.039216 0.033088
0 0.685049 0.531097 0.036765 0.029718
0 0.482639 0.584099 0.020016 0.054841
0 0.647059 0.521446 0.029412 0.049020
0 0.543096 0.519914 0.022467 0.046569
0 0.521446 0.514859 0.014297 0.059130
0 0.504493 0.515472 0.017157 0.060968
0 0.484681 0.515165 0.020833 0.062806
0 0.436479 0.547488 0.060866 0.096201
0 0.379698 0.547488 0.051062 0.094975
0 0.324346 0.550398 0.052288 0.093444
0 0.231005 0.663297 0.027369 0.097426
0 0.266544 0.546722 0.055147 0.090993
0 0.618056 0.522059 0.021242 0.050245
0 0.506536 0.583180 0.021242 0.050551
0 0.568423 0.515472 0.022467 0.056066
0 0.573325 0.585938 0.014297 0.050551
0 0.127859 0.666667 0.044935 0.099265
0 0.165033 0.664675 0.027778 0.100184
0 0.553105 0.586397 0.017157 0.049020
0 0.073325 0.667126 0.056781 0.094056
0 0.021855 0.662071 0.043709 0.102941
0 0.976716 0.609222 0.019608 0.010723
0 0.910539 0.610447 0.031046 0.007659
0 0.974673 0.594363 0.022876 0.013480
0 0.940972 0.595435 0.031454 0.018076
0 0.906250 0.592831 0.022467 0.015931
0 0.944444 0.613358 0.026961 0.011029
0 0.839052 0.597426 0.039216 0.035539
0 0.779820 0.585172 0.075980 0.053309
0 0.731005 0.590074 0.020833 0.046569
0 0.707312 0.589154 0.020016 0.045956
0 0.678105 0.590227 0.022876 0.043199
0 0.656454 0.590380 0.018791 0.032475
0 0.596201 0.590227 0.020833 0.043199
0 0.879289 0.595282 0.026552 0.034314
0 0.617443 0.588082 0.020016 0.043811
0 0.638276 0.596201 0.018382 0.033088
