0 0.892157 0.807445 0.025327 0.080576
0 0.119485 0.847120 0.037990 0.078431
0 0.157271 0.848039 0.037582 0.067402
0 0.080270 0.835631 0.037990 0.100797
0 0.037786 0.837929 0.042892 0.101103
0 0.744894 0.691636 0.032271 0.067708
0 0.781658 0.691023 0.032271 0.066483
0 0.708129 0.691789 0.036356 0.069853
0 0.571487 0.695466 0.060458 0.064338
0 0.626430 0.693321 0.048611 0.066789
0 0.514706 0.694087 0.048203 0.064032
0 0.427288 0.723346 0.052288 0.017770
0 0.125408 0.781097 0.041667 0.018689
0 0.426471 0.694087 0.054739 0.038909
0 0.272876 0.702053 0.021242 0.073836
0 0.077206 0.702206 0.038399 0.071691
0 0.205065 0.704810 0.031863 0.065257
0 0.241217 0.703278 0.039624 0.069547
0 0.325980 0.698529 0.033497 0.067402
0 0.382761 0.698683 0.031046 0.067708
0 0.113358 0.701900 0.027369 0.070466
0 0.158701 0.702206 0.056781 0.068015
0 0.040033 0.704657 0.031863 0.075368
0 0.733660 0.604013 0.030229 0.074449
0 0.702819 0.604013 0.029820 0.075061
0 0.296160 0.700368 0.023693 0.071691
0 0.958742 0.803002 0.043301 0.079044
0 0.834967 0.823683 0.022059 0.057292
0 0.808619 0.823683 0.023284 0.055453
0 0.275123 0.874694 0.060866 0.011029
0 0.274510 0.858762 0.059641 0.015319
0 0.339257 0.873468 0.056781 0.011029
0 0.337827 0.859375 0.058007 0.012255
0 0.335580 0.843597 0.061683 0.014400
0 0.398284 0.868719 0.057190 0.010723
0 0.400123 0.856618 0.060049 0.008578
0 0.399918 0.840686 0.061275 0.017770
0 0.334967 0.825980 0.057190 0.016544
0 0.273693 0.803156 0.060458 0.094056
0 0.335172 0.781863 0.055147 0.064338
0 0.396038 0.782322 0.058415 0.073223
0 0.302492 0.187194 0.070670 0.150735
0 0.161969 0.804381 0.037173 0.015012
0 0.121119 0.799632 0.038807 0.014706
0 0.169118 0.783701 0.035948 0.022672
0 0.939747 0.592984 0.027369 0.060968
0 0.968954 0.593290 0.028595 0.062194
0 0.861315 0.674939 0.042075 0.085172
0 0.819240 0.680913 0.038807 0.076287
0 0.940564 0.677849 0.040441 0.079350
0 0.979371 0.677849 0.033088 0.083027
0 0.901757 0.678768 0.035539 0.079350
0 0.920752 0.804075 0.026144 0.072610
0 0.858660 0.820006 0.022059 0.053002
0 0.668913 0.603554 0.029820 0.072917
0 0.209967 0.863205 0.062908 0.011949
0 0.628472 0.613358 0.047794 0.058824
0 0.795956 0.603707 0.032271 0.073223
0 0.373979 0.506127 0.027369 0.088848
0 0.284518 0.506434 0.027369 0.088848
0 0.256536 0.506434 0.027778 0.088848
0 0.225286 0.505208 0.027369 0.088848
0 0.195670 0.504289 0.027778 0.088848
0 0.086397 0.506740 0.057598 0.082721
0 0.148489 0.513327 0.059232 0.069547
0 0.028799 0.507200 0.054330 0.081801
0 0.828840 0.384804 0.064542 0.098652
0 0.757761 0.383732 0.068627 0.097733
0 0.688317 0.382812 0.068627 0.097733
0 0.343750 0.507353 0.027369 0.088848
0 0.622753 0.388940 0.056781 0.076900
0 0.503268 0.376532 0.058007 0.100490
0 0.447304 0.382966 0.049020 0.097426
0 0.328840 0.379136 0.064542 0.086091
0 0.231413 0.364430 0.105801 0.108762
0 0.791462 0.183058 0.070670 0.192708
0 0.714461 0.177237 0.077614 0.195772
0 0.864175 0.192555 0.068219 0.176164
0 0.626225 0.185815 0.080065 0.178002
0 0.540033 0.166054 0.082516 0.209559
0 0.455882 0.172641 0.078431 0.188419
0 0.377042 0.186428 0.071895 0.154718
0 0.562704 0.379136 0.058415 0.095282
0 0.313725 0.507966 0.027778 0.088848
0 0.516340 0.513787 0.044935 0.072917
0 0.473856 0.507812 0.033497 0.081189
0 0.384804 0.608609 0.034314 0.083640
0 0.421977 0.608303 0.035131 0.080576
0 0.460784 0.605086 0.033497 0.078431
0 0.499592 0.605239 0.037582 0.075061
0 0.537990 0.605699 0.036765 0.079044
0 0.581291 0.605852 0.040033 0.076287
0 0.206087 0.607996 0.029003 0.079350
0 0.243873 0.608303 0.040033 0.077512
0 0.065972 0.160386 0.078840 0.182904
0 0.143587 0.191330 0.071487 0.125306
0 0.282475 0.606464 0.033088 0.081801
0 0.317606 0.607537 0.029820 0.077206
0 0.351920 0.607690 0.028186 0.076900
0 0.133578 0.606005 0.031863 0.079657
0 0.171160 0.605545 0.034314 0.077512
0 0.018178 0.614124 0.030637 0.066483
0 0.056373 0.609528 0.037582 0.073223
0 0.096405 0.609222 0.040850 0.071998
0 0.735294 0.504902 0.065359 0.087010
0 0.668913 0.503830 0.065768 0.094669
0 0.802083 0.505974 0.064951 0.087316
0 0.561683 0.507200 0.042484 0.094056
0 0.610907 0.507200 0.047794 0.093444
0 0.404616 0.510263 0.028186 0.075674
0 0.438930 0.511183 0.032271 0.075061
0 0.764502 0.602788 0.028186 0.074449
0 0.210784 0.876072 0.058007 0.010723
0 0.214257 0.807598 0.047794 0.096814
0 0.574959 0.818627 0.061683 0.010417
0 0.923815 0.310202 0.095997 0.057292
0 0.911765 0.369332 0.084150 0.053002
0 0.905433 0.425858 0.078840 0.054534
0 0.973039 0.427237 0.052288 0.059130
0 0.966708 0.500000 0.023284 0.033701
0 0.867239 0.500000 0.024510 0.038603
0 0.844771 0.500460 0.017974 0.037684
0 0.940564 0.500153 0.020833 0.035846
0 0.914624 0.500153 0.026961 0.036458
0 0.890319 0.500613 0.019199 0.038603
0 0.829453 0.591605 0.027369 0.059436
0 0.858252 0.592065 0.024510 0.059130
0 0.885417 0.590686 0.025735 0.060049
0 0.911356 0.592525 0.024510 0.060049
0 0.574551 0.778952 0.059232 0.067096
0 0.934436 0.227788 0.058415 0.095282
0 0.751225 0.853248 0.058007 0.010417
0 0.223039 0.169884 0.084967 0.173713
0 0.750204 0.832874 0.051062 0.009498
0 0.575572 0.862286 0.053922 0.009498
0 0.573325 0.850031 0.058415 0.009498
0 0.576593 0.840380 0.058415 0.007353
0 0.749183 0.842831 0.054739 0.006740
0 0.575776 0.830729 0.056781 0.010110
0 0.750408 0.778952 0.056373 0.075061
0 0.691585 0.774816 0.058007 0.059436
0 0.635008 0.813572 0.053513 0.009498
0 0.634191 0.775429 0.053513 0.063725
0 0.635417 0.837316 0.053513 0.009804
0 0.688930 0.855699 0.055964 0.007353
0 0.689747 0.846048 0.055964 0.007047
0 0.694036 0.835631 0.057190 0.010723
0 0.635417 0.824908 0.053513 0.009498
0 0.695261 0.824755 0.057190 0.010417
0 0.694036 0.813725 0.057190 0.010417
0 0.632353 0.852022 0.052288 0.018995
