0 0.548177 0.684375 0.014063 0.078906
0 0.404427 0.677930 0.022396 0.084766
0 0.429688 0.677734 0.028125 0.084375
0 0.456771 0.677734 0.028125 0.088281
0 0.487500 0.677734 0.031250 0.089063
0 0.514323 0.681641 0.024479 0.082812
0 0.242188 0.793555 0.012500 0.069141
0 0.534896 0.681055 0.014583 0.081641
0 0.586458 0.684961 0.028125 0.087109
0 0.230208 0.792383 0.012500 0.069141
0 0.713021 0.684961 0.012500 0.082422
0 0.562760 0.686133 0.016146 0.087109
0 0.696354 0.686328 0.017708 0.085156
0 0.678906 0.686719 0.018229 0.083594
0 0.382552 0.673828 0.017188 0.091406
0 0.657552 0.678906 0.017188 0.076563
0 0.642708 0.678516 0.012500 0.076563
0 0.621875 0.689453 0.029167 0.093750
0 0.729948 0.683984 0.021354 0.082812
0 0.366667 0.676758 0.013542 0.086328
0 0.253646 0.666602 0.014583 0.068359
0 0.327865 0.674609 0.019271 0.087500
0 0.256510 0.794141 0.017188 0.069531
0 0.695833 0.576172 0.032292 0.096875
0 0.784115 0.563867 0.071354 0.077734
0 0.845573 0.576172 0.050521 0.092188
0 0.897656 0.595313 0.042188 0.099219
0 0.937500 0.588477 0.033333 0.100391
0 0.982031 0.591016 0.035937 0.099219
0 0.103906 0.674219 0.020313 0.082031
0 0.348177 0.676367 0.021354 0.086328
0 0.130990 0.670117 0.025521 0.080078
0 0.172396 0.672656 0.018750 0.081250
0 0.728125 0.567578 0.028125 0.084375
0 0.188802 0.674023 0.016146 0.083984
0 0.220573 0.661719 0.022396 0.067187
0 0.239844 0.666016 0.011979 0.072656
0 0.286198 0.673242 0.016146 0.084766
0 0.305469 0.672266 0.022396 0.084375
0 0.266927 0.674609 0.019271 0.087500
0 0.151562 0.673438 0.015625 0.080469
0 0.271354 0.791992 0.012500 0.069141
0 0.817708 0.772852 0.027083 0.066016
0 0.347656 0.801172 0.014063 0.075000
0 0.828385 0.865625 0.039062 0.076563
0 0.868750 0.866016 0.037500 0.077344
0 0.913542 0.867969 0.042708 0.078906
0 0.964063 0.869141 0.052083 0.079687
0 0.763281 0.780469 0.026562 0.050000
0 0.790104 0.773047 0.026042 0.065625
0 0.892188 0.683008 0.022917 0.070703
0 0.867969 0.678516 0.025521 0.069531
0 0.785937 0.861523 0.040625 0.075391
0 0.841146 0.677539 0.022917 0.069922
0 0.786979 0.677930 0.022917 0.068359
0 0.757292 0.675977 0.025000 0.069141
0 0.982031 0.775391 0.024479 0.070312
0 0.947396 0.775000 0.027083 0.069531
0 0.916927 0.775000 0.030729 0.066406
0 0.884375 0.771875 0.022917 0.071094
0 0.619531 0.570508 0.033854 0.095703
0 0.855208 0.772656 0.028125 0.064062
0 0.815104 0.678516 0.027083 0.067187
0 0.313802 0.799609 0.017188 0.071875
0 0.749479 0.863281 0.034375 0.071875
0 0.498177 0.876758 0.114062 0.024609
0 0.371354 0.799023 0.026042 0.073047
0 0.402083 0.800586 0.014583 0.073828
0 0.419010 0.800977 0.019271 0.072266
0 0.437240 0.801367 0.017188 0.073047
0 0.454167 0.800781 0.016667 0.075000
0 0.471615 0.801562 0.013021 0.071094
0 0.493490 0.801367 0.021354 0.071484
0 0.519010 0.782227 0.015104 0.073047
0 0.614844 0.879102 0.110937 0.029297
0 0.558073 0.813477 0.011979 0.066016
0 0.603125 0.804688 0.019792 0.079687
0 0.637240 0.806250 0.011979 0.063281
0 0.655990 0.804102 0.023438 0.066016
0 0.681771 0.801562 0.014583 0.073438
0 0.698698 0.798633 0.019271 0.079297
0 0.717187 0.806445 0.014583 0.092578
0 0.270052 0.870117 0.111979 0.023047
0 0.384115 0.874219 0.109896 0.026562
0 0.571094 0.812305 0.011979 0.066016
0 0.556510 0.570508 0.025521 0.087891
0 0.967708 0.678711 0.026042 0.074609
0 0.515365 0.570312 0.014063 0.087500
0 0.237240 0.311914 0.032813 0.101172
0 0.272396 0.314648 0.033333 0.104297
0 0.309635 0.318945 0.036979 0.100391
0 0.347396 0.319531 0.036458 0.104688
0 0.384115 0.316797 0.039062 0.098437
0 0.428646 0.322266 0.044792 0.093750
0 0.484896 0.318555 0.042708 0.101953
0 0.527344 0.321680 0.038021 0.094922
0 0.564844 0.323047 0.039062 0.096875
0 0.605729 0.324219 0.041667 0.095312
0 0.647135 0.312891 0.041146 0.074219
0 0.690365 0.324219 0.042188 0.100000
0 0.737500 0.315820 0.042708 0.075391
0 0.798958 0.345508 0.063542 0.065234
0 0.860156 0.345898 0.057813 0.066016
0 0.923438 0.346094 0.068750 0.068750
0 0.978906 0.347070 0.042188 0.068359
0 0.208594 0.310352 0.023438 0.087109
0 0.178385 0.309570 0.036979 0.087109
0 0.133594 0.309180 0.046354 0.086328
0 0.085417 0.310547 0.045833 0.083594
0 0.054688 0.169922 0.029167 0.080469
0 0.120833 0.156641 0.101042 0.106250
0 0.207552 0.160547 0.069271 0.103125
0 0.278646 0.162695 0.070833 0.098828
0 0.357031 0.155469 0.065104 0.116406
0 0.427083 0.163672 0.070833 0.104688
0 0.494271 0.159180 0.061458 0.109766
0 0.547917 0.188867 0.034375 0.054297
0 0.081250 0.433203 0.040625 0.092188
0 0.609635 0.164453 0.055729 0.115625
0 0.686198 0.178711 0.039062 0.088672
0 0.748177 0.168945 0.073438 0.105859
0 0.796875 0.238281 0.021875 0.062500
0 0.824740 0.238086 0.032813 0.064453
0 0.856250 0.237695 0.027083 0.067578
0 0.887240 0.227930 0.028646 0.083984
0 0.930729 0.229102 0.055208 0.086328
0 0.978906 0.219141 0.042188 0.099219
0 0.917969 0.682227 0.029687 0.072266
0 0.533073 0.570312 0.020313 0.087500
0 0.123698 0.433203 0.046354 0.092969
0 0.174740 0.433008 0.020313 0.098047
0 0.102083 0.561914 0.028125 0.090234
0 0.128906 0.561719 0.021354 0.094531
0 0.146875 0.563281 0.015625 0.092969
0 0.167969 0.563086 0.022396 0.094141
0 0.197135 0.558594 0.023438 0.085938
0 0.215365 0.558789 0.011979 0.086328
0 0.234115 0.565820 0.026562 0.091016
0 0.259896 0.562500 0.023958 0.092969
0 0.967708 0.470313 0.042708 0.095312
0 0.286198 0.560547 0.028646 0.089844
0 0.349479 0.565625 0.034375 0.095312
0 0.374219 0.570898 0.016146 0.086328
0 0.392188 0.572656 0.019792 0.089844
0 0.408594 0.571680 0.015104 0.091797
0 0.424219 0.572656 0.017188 0.089844
0 0.452083 0.566992 0.031250 0.088672
0 0.480469 0.567578 0.017188 0.085156
0 0.498958 0.567969 0.019792 0.084375
0 0.315885 0.562109 0.030729 0.086719
0 0.155990 0.433594 0.018229 0.097656
0 0.932552 0.466211 0.023438 0.093359
0 0.854427 0.467578 0.026562 0.091406
0 0.195052 0.434766 0.019271 0.102344
0 0.216146 0.434766 0.022917 0.101562
0 0.245833 0.435937 0.031250 0.102344
0 0.278906 0.438477 0.033854 0.098828
0 0.305990 0.440625 0.020313 0.103906
0 0.327083 0.441016 0.020833 0.103906
0 0.356510 0.444336 0.034896 0.097266
0 0.392188 0.442773 0.036458 0.102734
0 0.891406 0.462305 0.033854 0.083984
0 0.427865 0.437891 0.033854 0.093750
0 0.487500 0.447852 0.031250 0.099609
0 0.523177 0.446484 0.035937 0.102344
0 0.599479 0.450586 0.032292 0.102734
0 0.635677 0.445312 0.033854 0.102344
0 0.670312 0.455078 0.033333 0.099219
0 0.703385 0.455078 0.031771 0.099219
0 0.736979 0.451367 0.032292 0.101953
0 0.800781 0.459766 0.073438 0.085156
0 0.459115 0.444531 0.026562 0.091406
0 0.945052 0.681055 0.019271 0.069922
