0 0.052083 0.206250 0.038542 0.021875
0 0.317188 0.640234 0.032292 0.046875
0 0.554688 0.599414 0.028125 0.036328
0 0.517969 0.596875 0.026562 0.033594
0 0.485417 0.596484 0.030208 0.035156
0 0.450521 0.591797 0.028125 0.035937
0 0.419792 0.588867 0.026042 0.037109
0 0.385937 0.589258 0.022917 0.033203
0 0.354167 0.587109 0.025000 0.031250
0 0.321354 0.583594 0.027083 0.034375
0 0.289583 0.583398 0.026042 0.033984
0 0.254167 0.582812 0.030208 0.037500
0 0.225260 0.579883 0.027604 0.031641
0 0.247656 0.507617 0.026562 0.033203
0 0.630990 0.526563 0.030729 0.035156
0 0.705729 0.531641 0.028125 0.035156
0 0.594792 0.523047 0.030208 0.035156
0 0.553906 0.519922 0.029687 0.038281
0 0.521094 0.518555 0.029687 0.033203
0 0.483073 0.517578 0.031771 0.041406
0 0.447396 0.514453 0.032292 0.037500
0 0.587760 0.601562 0.032813 0.038281
0 0.412240 0.515430 0.036979 0.034766
0 0.623698 0.601367 0.029687 0.040234
0 0.976302 0.618750 0.047396 0.050781
0 0.691667 0.248438 0.032292 0.030469
0 0.738802 0.249609 0.031771 0.035156
0 0.802604 0.336328 0.094792 0.037500
0 0.802865 0.385547 0.098437 0.048438
0 0.907552 0.389453 0.102604 0.043750
0 0.157292 0.689063 0.018750 0.054688
0 0.899740 0.461719 0.096354 0.056250
0 0.977083 0.464648 0.045833 0.052734
0 0.746875 0.527344 0.041667 0.048438
0 0.788281 0.533203 0.032813 0.035937
0 0.828646 0.527148 0.045833 0.050391
0 0.871875 0.535156 0.034375 0.039844
0 0.915625 0.533008 0.046875 0.052734
0 0.964063 0.539648 0.039583 0.044141
0 0.699219 0.609961 0.041146 0.035547
0 0.744792 0.609570 0.043750 0.041797
0 0.790365 0.612695 0.044271 0.043359
0 0.837500 0.616797 0.043750 0.042188
0 0.885417 0.616211 0.044792 0.045703
0 0.660417 0.604297 0.031250 0.034375
0 0.376823 0.512891 0.024479 0.034375
0 0.346354 0.509766 0.028125 0.035156
0 0.313802 0.509375 0.031771 0.034375
0 0.142448 0.501367 0.030729 0.026172
0 0.110417 0.500781 0.032292 0.027344
0 0.080208 0.498242 0.023958 0.026953
0 0.052865 0.498047 0.030729 0.026562
0 0.019010 0.495703 0.028646 0.026562
0 0.020573 0.471289 0.034896 0.022266
0 0.086979 0.472656 0.040625 0.017188
0 0.761979 0.665625 0.065625 0.019531
0 0.762500 0.689453 0.056250 0.016406
0 0.838542 0.693555 0.071875 0.016797
0 0.840625 0.674609 0.066667 0.021094
0 0.915885 0.675781 0.070312 0.015625
0 0.911719 0.693750 0.065104 0.017188
0 0.977865 0.696289 0.044271 0.032422
0 0.009115 0.686719 0.018229 0.052344
0 0.031510 0.688867 0.020313 0.051953
0 0.057552 0.690430 0.023438 0.052734
0 0.103646 0.693555 0.018750 0.061328
0 0.130208 0.701172 0.026042 0.046875
0 0.228385 0.479492 0.026562 0.019141
0 0.173698 0.505469 0.031771 0.026562
0 0.207552 0.506250 0.030729 0.025781
0 0.183594 0.578125 0.048438 0.032813
0 0.276562 0.504687 0.026042 0.035156
0 0.700260 0.666406 0.039062 0.048438
0 0.658333 0.663867 0.037500 0.048047
0 0.615625 0.660352 0.039583 0.051172
0 0.574219 0.658398 0.038021 0.049609
0 0.532031 0.653906 0.038021 0.047656
0 0.488021 0.652148 0.038542 0.048828
0 0.442708 0.648828 0.035417 0.047656
0 0.400521 0.645117 0.035417 0.049609
0 0.649740 0.248633 0.032813 0.030859
0 0.358854 0.644922 0.037500 0.046875
0 0.235417 0.634961 0.034375 0.044141
0 0.194792 0.635547 0.044792 0.037500
0 0.149479 0.633008 0.044792 0.037891
0 0.101042 0.633398 0.048958 0.033203
0 0.053125 0.629687 0.044792 0.038281
0 0.014063 0.621289 0.028125 0.041016
0 0.022396 0.567187 0.044792 0.032813
0 0.073958 0.568359 0.050000 0.035156
0 0.125260 0.573242 0.045312 0.035547
0 0.277604 0.637109 0.037500 0.043750
0 0.611198 0.247266 0.033854 0.032813
0 0.785937 0.459180 0.093750 0.056641
0 0.521094 0.246680 0.032813 0.029297
0 0.561719 0.457031 0.032813 0.035156
0 0.526042 0.453125 0.033333 0.034375
0 0.480729 0.453125 0.036458 0.036719
0 0.444271 0.450781 0.029167 0.036719
0 0.411719 0.451172 0.031771 0.037500
0 0.376823 0.448437 0.030729 0.035156
0 0.341406 0.446289 0.031771 0.033203
0 0.308073 0.444922 0.029687 0.030469
0 0.274479 0.444336 0.031250 0.029297
0 0.244010 0.443164 0.025521 0.029297
0 0.678646 0.379297 0.052083 0.053125
0 0.624219 0.382422 0.030729 0.034375
0 0.563542 0.248438 0.033333 0.030469
0 0.547396 0.383203 0.039583 0.033594
0 0.505469 0.380078 0.030729 0.032813
0 0.469271 0.379492 0.036458 0.031641
0 0.431510 0.381250 0.029687 0.032031
0 0.391667 0.375781 0.031250 0.028906
0 0.354167 0.374414 0.031250 0.026172
0 0.596615 0.459180 0.030729 0.033984
0 0.631771 0.458398 0.032292 0.040234
0 0.672917 0.459766 0.033333 0.040625
0 0.710677 0.459766 0.038021 0.038281
0 0.085156 0.234766 0.036979 0.032031
0 0.125000 0.235742 0.038542 0.031641
0 0.168750 0.236914 0.044792 0.033984
0 0.213281 0.239258 0.042188 0.033984
0 0.726823 0.319922 0.033854 0.034375
0 0.686719 0.318750 0.031771 0.036719
0 0.645833 0.318750 0.031250 0.034375
0 0.561979 0.313281 0.045833 0.032813
0 0.514844 0.315625 0.033854 0.032813
0 0.320833 0.374414 0.032292 0.028516
0 0.479948 0.316211 0.031771 0.036328
0 0.361719 0.312109 0.032813 0.030469
0 0.323437 0.310547 0.031250 0.027344
0 0.288021 0.308594 0.032292 0.028906
0 0.252604 0.308203 0.033333 0.030469
0 0.201302 0.301953 0.041146 0.035156
0 0.159635 0.301953 0.039062 0.037500
0 0.117708 0.299805 0.039583 0.033203
0 0.075260 0.299609 0.043229 0.032813
0 0.035677 0.297852 0.035937 0.029297
0 0.402865 0.312891 0.033854 0.027344
0 0.287500 0.374609 0.031250 0.031250
0 0.589063 0.383398 0.032292 0.036328
0 0.204948 0.370312 0.045312 0.029687
0 0.326823 0.243164 0.031771 0.029297
0 0.290365 0.241992 0.030729 0.030078
0 0.192448 0.704688 0.026562 0.044531
0 0.248958 0.370508 0.029167 0.033203
0 0.776042 0.727930 0.054167 0.024609
0 0.775260 0.762305 0.055729 0.027734
0 0.710938 0.744727 0.060417 0.063672
0 0.647135 0.739258 0.059896 0.062109
0 0.581250 0.732227 0.058333 0.060547
0 0.519531 0.728516 0.055729 0.055469
0 0.451823 0.723437 0.056771 0.060156
0 0.392708 0.721289 0.053125 0.058203
0 0.330208 0.714453 0.058333 0.053906
0 0.266667 0.712109 0.051042 0.057031
0 0.225000 0.705273 0.027083 0.048047
0 0.368490 0.243555 0.030729 0.030078
0 0.406250 0.244727 0.031250 0.030078
0 0.257292 0.241406 0.029167 0.028906
0 0.843229 0.772461 0.061458 0.021484
0 0.152604 0.367578 0.051042 0.032031
0 0.102083 0.365820 0.044792 0.030859
0 0.057292 0.364844 0.042708 0.028906
0 0.017188 0.363477 0.034375 0.028516
0 0.016406 0.428906 0.032813 0.039844
0 0.052344 0.432227 0.035937 0.038672
0 0.089583 0.434570 0.035417 0.038672
0 0.127083 0.436328 0.036458 0.037500
0 0.164583 0.438086 0.036458 0.038672
0 0.204167 0.439258 0.040625 0.038672
0 0.485417 0.245312 0.033333 0.031250
0 0.046094 0.234961 0.036979 0.030078
0 0.979427 0.765625 0.041146 0.049219
0 0.921354 0.787109 0.064583 0.018750
0 0.914323 0.761523 0.073438 0.023828
0 0.836198 0.747070 0.053646 0.023828
0 0.440625 0.246289 0.031250 0.030859
