0 0.961699 0.126923 0.059295 0.083654
0 0.007372 0.211058 0.014744 0.036058
0 0.033013 0.238822 0.027564 0.051202
0 0.065865 0.239063 0.035577 0.051202
0 0.008013 0.247476 0.016026 0.034375
0 0.229968 0.157933 0.038141 0.027885
0 0.189423 0.156971 0.039744 0.028365
0 0.835096 0.095192 0.049038 0.039423
0 0.781250 0.097236 0.050321 0.041106
0 0.726603 0.097236 0.049359 0.041106
0 0.674038 0.096635 0.046795 0.039904
0 0.845673 0.142668 0.047756 0.050240
0 0.095994 0.236659 0.022756 0.058413
0 0.900641 0.126322 0.055769 0.082452
0 0.121314 0.235457 0.025321 0.058413
0 0.631410 0.133534 0.035256 0.072837
0 0.212500 0.250240 0.053846 0.027885
0 0.276442 0.099399 0.041346 0.028606
0 0.316667 0.106490 0.033974 0.014904
0 0.354647 0.098798 0.038141 0.029808
0 0.393429 0.103005 0.035577 0.026202
0 0.437821 0.129087 0.041026 0.085577
0 0.481250 0.126803 0.043269 0.087740
0 0.525801 0.128486 0.041346 0.089183
0 0.151442 0.235337 0.031090 0.055769
0 0.563622 0.133534 0.030449 0.072837
0 0.196154 0.223317 0.054487 0.022115
0 0.681410 0.145072 0.048718 0.047837
0 0.480128 0.238582 0.048718 0.047837
0 0.429006 0.238822 0.045833 0.050721
0 0.375160 0.252644 0.050321 0.025481
0 0.322596 0.251803 0.050321 0.023798
0 0.267147 0.250601 0.051603 0.026202
0 0.597436 0.135457 0.030769 0.074279
0 0.272917 0.158053 0.040705 0.030529
0 0.860737 0.321875 0.029808 0.073077
0 0.310577 0.509375 0.023077 0.066827
0 0.986859 0.233654 0.026282 0.050000
0 0.956090 0.232452 0.025641 0.050000
0 0.927244 0.232933 0.022436 0.053365
0 0.898397 0.232933 0.025641 0.053365
0 0.870192 0.233173 0.026282 0.053846
0 0.829006 0.207091 0.036859 0.032933
0 0.786699 0.208534 0.038782 0.031010
0 0.745833 0.208654 0.039744 0.031250
0 0.699199 0.206130 0.039423 0.035817
0 0.655288 0.206250 0.044551 0.038462
0 0.826282 0.242668 0.037821 0.034375
0 0.786538 0.243269 0.038462 0.033173
0 0.743269 0.246274 0.041026 0.039183
0 0.699679 0.244591 0.043590 0.035817
0 0.655449 0.245433 0.041667 0.037500
0 0.596955 0.200240 0.052244 0.026442
0 0.539423 0.202043 0.052564 0.027644
0 0.596154 0.238942 0.047436 0.043750
0 0.541506 0.241947 0.047115 0.044952
0 0.015224 0.339663 0.030449 0.048558
0 0.379968 0.233894 0.043910 0.009615
0 0.053045 0.338462 0.035577 0.046154
0 0.114263 0.332332 0.024038 0.057933
0 0.892628 0.322716 0.030128 0.067548
0 0.925160 0.322236 0.031090 0.071394
0 0.956410 0.321875 0.026282 0.073077
0 0.986699 0.321755 0.025962 0.075240
0 0.822917 0.330769 0.034295 0.054808
0 0.778365 0.330168 0.044551 0.053606
0 0.733814 0.330889 0.039423 0.057452
0 0.693429 0.308894 0.034295 0.032692
0 0.654487 0.309255 0.036538 0.031010
0 0.691667 0.342187 0.037179 0.029567
0 0.651603 0.344111 0.037179 0.031010
0 0.593750 0.333293 0.074679 0.055048
0 0.513942 0.330048 0.068910 0.058173
0 0.443429 0.330168 0.068269 0.058413
0 0.389103 0.323437 0.036538 0.076202
0 0.349519 0.323678 0.033654 0.074760
0 0.264744 0.323197 0.126923 0.073317
0 0.175481 0.331731 0.031090 0.056731
0 0.142308 0.333053 0.028846 0.058894
0 0.085897 0.333654 0.028205 0.060577
0 0.324359 0.225481 0.050641 0.024038
0 0.266346 0.226442 0.056410 0.021154
0 0.393910 0.158534 0.036538 0.026683
0 0.848237 0.427764 0.033654 0.042548
0 0.842628 0.392788 0.028846 0.025481
0 0.924038 0.436538 0.032051 0.024038
0 0.354487 0.157452 0.034615 0.024519
0 0.992468 0.437380 0.015064 0.023317
0 0.925160 0.412019 0.034295 0.023077
0 0.966186 0.408774 0.033013 0.026202
0 0.888782 0.389663 0.035256 0.016827
0 0.948077 0.386779 0.035256 0.015865
0 0.976603 0.387260 0.018590 0.014423
0 0.028205 0.520072 0.056410 0.066587
0 0.069551 0.511538 0.020513 0.071154
0 0.092468 0.512380 0.022115 0.071394
0 0.118109 0.510457 0.022115 0.076202
0 0.142147 0.512380 0.022115 0.075240
0 0.165385 0.513341 0.019872 0.074760
0 0.191827 0.512019 0.025321 0.067308
0 0.218910 0.512019 0.022436 0.072115
0 0.263942 0.512260 0.061218 0.072596
0 0.777724 0.415505 0.088141 0.068510
0 0.688301 0.416226 0.084936 0.068029
0 0.615385 0.415625 0.047436 0.068750
0 0.558974 0.419351 0.040385 0.073798
0 0.188942 0.127524 0.038782 0.027163
0 0.230288 0.128726 0.038782 0.027163
0 0.271635 0.129087 0.038141 0.025481
0 0.313462 0.129567 0.038462 0.026442
0 0.353686 0.130168 0.036218 0.027644
0 0.393429 0.131370 0.032372 0.025240
0 0.187019 0.098317 0.038141 0.028846
0 0.227404 0.097837 0.039423 0.027885
0 0.020353 0.135697 0.040705 0.072356
0 0.316346 0.158173 0.037821 0.028365
0 0.027244 0.421274 0.044872 0.063221
0 0.163622 0.419231 0.058654 0.063942
0 0.228526 0.421995 0.038462 0.057452
0 0.266987 0.423798 0.035256 0.056250
0 0.308333 0.418269 0.034615 0.071635
0 0.348237 0.418750 0.037500 0.070192
0 0.378045 0.418029 0.014423 0.066346
0 0.414583 0.419351 0.045833 0.068990
0 0.454808 0.416346 0.026923 0.065385
0 0.510096 0.418149 0.045192 0.068990
0 0.089423 0.419832 0.076282 0.060337
0 0.886058 0.429808 0.036218 0.044231
0 0.963301 0.435697 0.036859 0.022356
0 0.736058 0.145433 0.049038 0.048558
0 0.926603 0.612981 0.040385 0.067788
0 0.886859 0.618269 0.035256 0.039904
0 0.843750 0.609135 0.043910 0.072115
0 0.785897 0.605168 0.050000 0.073798
0 0.737340 0.608053 0.041987 0.079567
0 0.696314 0.607452 0.036859 0.080769
0 0.972917 0.612500 0.043269 0.069231
0 0.643269 0.608534 0.062179 0.078125
0 0.516987 0.605889 0.052564 0.075240
0 0.460096 0.606851 0.056731 0.074760
0 0.398718 0.607452 0.058974 0.075962
0 0.325962 0.608534 0.069872 0.073317
0 0.254968 0.607933 0.068910 0.072115
0 0.200160 0.609135 0.029167 0.076923
0 0.575801 0.607332 0.061218 0.075721
0 0.163462 0.610577 0.026282 0.075000
0 0.043109 0.772236 0.086218 0.031490
0 0.038782 0.704688 0.077564 0.032933
0 0.948397 0.736779 0.067949 0.097115
0 0.869712 0.735577 0.070192 0.101923
0 0.795673 0.735457 0.069551 0.104087
0 0.724519 0.736659 0.067628 0.101683
0 0.657853 0.737139 0.062500 0.100240
0 0.589904 0.737500 0.065705 0.103365
0 0.040224 0.740625 0.080449 0.027885
0 0.524840 0.736538 0.059295 0.106250
0 0.346474 0.744351 0.065385 0.088702
0 0.290705 0.731130 0.041026 0.105048
0 0.237179 0.728486 0.058974 0.102163
0 0.129968 0.705529 0.097115 0.037019
0 0.137179 0.740865 0.098718 0.028365
0 0.141827 0.773317 0.101603 0.028846
0 0.404327 0.738101 0.041346 0.090144
0 0.135417 0.611058 0.024679 0.075962
0 0.460737 0.737380 0.065064 0.106010
0 0.025641 0.593029 0.051282 0.023077
0 0.090865 0.609976 0.028526 0.078606
0 0.148878 0.145553 0.032372 0.053606
0 0.109455 0.146514 0.036859 0.053125
0 0.353526 0.511058 0.051282 0.065385
0 0.411859 0.517668 0.040385 0.066587
0 0.066026 0.135216 0.045513 0.071394
0 0.450160 0.516466 0.030449 0.066587
0 0.487500 0.512861 0.035256 0.071875
0 0.530769 0.511178 0.038462 0.072837
0 0.574840 0.515625 0.043269 0.062500
0 0.620353 0.515625 0.038782 0.062500
0 0.666026 0.515385 0.043590 0.059615
0 0.711058 0.515264 0.040705 0.061779
0 0.791186 0.143510 0.050962 0.049519
0 0.793109 0.520192 0.035577 0.054808
0 0.754487 0.518870 0.035256 0.056971
0 0.886859 0.487981 0.031410 0.038462
0 0.923558 0.489904 0.031090 0.035096
0 0.805288 0.481130 0.031090 0.017548
0 0.986058 0.523438 0.027885 0.049279
0 0.850000 0.489303 0.033974 0.036298
0 0.953846 0.524399 0.027564 0.048798
0 0.917628 0.527404 0.033333 0.037500
0 0.880449 0.525841 0.030769 0.034856
0 0.841346 0.527885 0.035897 0.036538
0 0.027724 0.616947 0.055449 0.020433
0 0.029808 0.639183 0.059615 0.021635
