0 0.587340 0.807391 0.065064 0.020675
0 0.843910 0.802757 0.064103 0.018061
0 0.779487 0.803351 0.058333 0.016873
0 0.718429 0.805371 0.059295 0.017586
0 0.651282 0.831511 0.060897 0.027567
0 0.587660 0.832700 0.062500 0.027567
0 0.520994 0.833888 0.061859 0.025190
0 0.654487 0.807034 0.063462 0.019487
0 0.443910 0.603731 0.066026 0.044439
0 0.521154 0.808579 0.062179 0.020200
0 0.262019 0.819154 0.051603 0.021863
0 0.206250 0.841255 0.056731 0.019962
0 0.562821 0.758912 0.058333 0.024002
0 0.626282 0.757129 0.062179 0.025190
0 0.689423 0.758555 0.058974 0.028042
0 0.752724 0.734434 0.059936 0.020200
0 0.817468 0.734078 0.059936 0.018536
0 0.881571 0.734197 0.061859 0.017348
0 0.755128 0.760456 0.061538 0.029468
0 0.820513 0.761644 0.062821 0.028042
0 0.882372 0.759743 0.057051 0.025665
0 0.947276 0.738474 0.050962 0.023527
0 0.260256 0.839948 0.048077 0.017823
0 0.941667 0.761407 0.049359 0.021388
0 0.086378 0.819273 0.056090 0.021150
0 0.144872 0.820461 0.053846 0.019724
0 0.204647 0.818679 0.059936 0.022338
0 0.375000 0.604087 0.064103 0.041350
0 0.320833 0.827709 0.066026 0.036597
0 0.387660 0.828660 0.063782 0.036122
0 0.454808 0.826996 0.065385 0.038973
0 0.031891 0.842918 0.054167 0.019011
0 0.088622 0.842918 0.050962 0.021388
0 0.146635 0.843156 0.057372 0.019487
0 0.027564 0.822006 0.055128 0.020437
0 0.306250 0.602186 0.062500 0.043726
0 0.590865 0.459838 0.059295 0.027567
0 0.173397 0.588047 0.065385 0.024952
0 0.505609 0.506654 0.050321 0.022814
0 0.443590 0.506892 0.062179 0.023289
0 0.372276 0.509149 0.065064 0.024952
0 0.302724 0.508317 0.068269 0.026141
0 0.229487 0.510694 0.067308 0.026616
0 0.162019 0.509625 0.065064 0.028755
0 0.093429 0.508912 0.066987 0.025428
0 0.028365 0.508080 0.056731 0.025665
0 0.976282 0.463284 0.047436 0.024952
0 0.564263 0.508912 0.061218 0.023051
0 0.920673 0.462334 0.056090 0.025428
0 0.793910 0.461740 0.064744 0.026616
0 0.976923 0.442015 0.045513 0.010932
0 0.923237 0.443203 0.054808 0.010932
0 0.922115 0.432034 0.058974 0.008080
0 0.925160 0.422410 0.068269 0.010219
0 0.858494 0.431559 0.054808 0.028517
0 0.796955 0.431915 0.063782 0.030656
0 0.723077 0.461145 0.071795 0.027329
0 0.653686 0.460314 0.061859 0.028517
0 0.859295 0.461502 0.059615 0.026616
0 0.631571 0.510219 0.063141 0.025190
0 0.695833 0.509862 0.062179 0.025903
0 0.762500 0.509862 0.066026 0.024477
0 0.104327 0.588403 0.066346 0.022338
0 0.036218 0.588165 0.062821 0.025190
0 0.968109 0.537429 0.063782 0.026854
0 0.900801 0.538023 0.061218 0.028042
0 0.832372 0.538498 0.070513 0.028517
0 0.762981 0.538855 0.066987 0.027329
0 0.699199 0.538379 0.056090 0.026378
0 0.636218 0.538023 0.062821 0.025665
0 0.689263 0.732771 0.065705 0.022101
0 0.569551 0.537666 0.065385 0.027804
0 0.508333 0.536240 0.055769 0.029230
0 0.443750 0.537785 0.065705 0.027567
0 0.364744 0.537429 0.063462 0.026854
0 0.299038 0.538855 0.060897 0.030181
0 0.232692 0.539686 0.064103 0.026616
0 0.165064 0.539686 0.067949 0.026616
0 0.094872 0.538379 0.066667 0.028755
0 0.029968 0.538855 0.059936 0.027329
0 0.968910 0.512833 0.062179 0.018536
0 0.899519 0.511882 0.065705 0.016635
0 0.831571 0.509506 0.065064 0.026616
0 0.240224 0.587809 0.063141 0.024477
0 0.627244 0.731702 0.057692 0.020913
0 0.509455 0.585076 0.061859 0.024240
0 0.505288 0.749762 0.049679 0.044677
0 0.162500 0.663736 0.062821 0.022814
0 0.097917 0.663260 0.066346 0.023764
0 0.033814 0.663498 0.058013 0.022338
0 0.240224 0.615257 0.063141 0.026141
0 0.173237 0.615257 0.065064 0.024240
0 0.107853 0.614781 0.063782 0.024715
0 0.040385 0.615970 0.064744 0.025665
0 0.966827 0.612167 0.064423 0.029943
0 0.902724 0.612286 0.065064 0.030181
0 0.227885 0.663973 0.064103 0.022338
0 0.833494 0.610979 0.062500 0.027567
0 0.965705 0.584363 0.068590 0.019962
0 0.717949 0.832106 0.064744 0.031131
0 0.780449 0.829135 0.057051 0.029943
0 0.844391 0.828422 0.061859 0.028517
0 0.905128 0.806678 0.053846 0.021150
0 0.961218 0.806678 0.056410 0.017348
0 0.906090 0.831630 0.055769 0.023051
0 0.963942 0.829848 0.055449 0.026141
0 0.024519 0.907795 0.049038 0.019487
0 0.771955 0.611811 0.059295 0.026854
0 0.079968 0.888189 0.059936 0.022101
0 0.031731 0.691421 0.060256 0.027804
0 0.163141 0.689876 0.064103 0.024715
0 0.590064 0.658745 0.060897 0.022338
0 0.652404 0.659815 0.059295 0.022101
0 0.714263 0.658864 0.060577 0.020200
0 0.778205 0.658508 0.065385 0.020913
0 0.844712 0.659221 0.062500 0.020913
0 0.528686 0.684292 0.061218 0.028279
0 0.591346 0.685361 0.057051 0.027567
0 0.652724 0.685480 0.059936 0.025428
0 0.714583 0.684054 0.061218 0.027804
0 0.096635 0.690946 0.063782 0.028279
0 0.780449 0.684173 0.063462 0.028042
0 0.905128 0.662072 0.053846 0.024240
0 0.964583 0.660884 0.053526 0.023764
0 0.904487 0.687025 0.052564 0.019011
0 0.962019 0.685005 0.054808 0.023051
0 0.028045 0.748455 0.056090 0.022101
0 0.089744 0.745128 0.059615 0.025428
0 0.527724 0.658151 0.059295 0.023527
0 0.439904 0.674192 0.113141 0.048479
0 0.227724 0.690114 0.057372 0.025190
0 0.843590 0.685005 0.060256 0.028279
0 0.564583 0.735147 0.061859 0.024477
0 0.079808 0.908864 0.056410 0.016873
0 0.193910 0.885932 0.054487 0.016635
0 0.834776 0.583769 0.061859 0.021150
0 0.769391 0.584601 0.063782 0.022814
0 0.703686 0.587215 0.058654 0.017586
0 0.704968 0.611336 0.067628 0.026854
0 0.637340 0.610504 0.058654 0.026616
0 0.148237 0.747742 0.054167 0.020675
0 0.574038 0.612167 0.061538 0.027567
0 0.512340 0.611573 0.060577 0.028755
0 0.637821 0.585433 0.062821 0.021150
0 0.899038 0.584007 0.061538 0.021625
0 0.574519 0.584838 0.062500 0.020913
0 0.273558 0.748812 0.058654 0.020437
0 0.032532 0.771863 0.055449 0.018536
0 0.091026 0.770081 0.055769 0.021150
0 0.150481 0.770437 0.055449 0.022814
0 0.209135 0.771269 0.056090 0.021150
0 0.271314 0.769606 0.060577 0.021150
0 0.337019 0.757486 0.056090 0.042538
0 0.394391 0.753089 0.054808 0.048004
0 0.451442 0.751782 0.055449 0.045390
0 0.208173 0.748574 0.060577 0.020913
0 0.137660 0.884743 0.052244 0.016635
0 0.950962 0.875713 0.016026 0.012833
0 0.900641 0.898527 0.048077 0.019962
0 0.250481 0.884625 0.056090 0.019724
0 0.136859 0.905062 0.050641 0.016397
0 0.193269 0.905894 0.056410 0.018061
0 0.251442 0.905537 0.053526 0.017348
0 0.314423 0.894368 0.066026 0.041112
0 0.383494 0.892229 0.068269 0.038736
0 0.451442 0.893417 0.065064 0.038260
0 0.516506 0.880466 0.065705 0.012833
0 0.518590 0.900665 0.063462 0.021863
0 0.948558 0.894487 0.014423 0.021388
0 0.584615 0.878208 0.059615 0.015922
0 0.648878 0.875832 0.062500 0.010694
0 0.646154 0.896625 0.060256 0.028042
0 0.709135 0.896744 0.059936 0.026854
0 0.717147 0.875356 0.059936 0.011644
0 0.778686 0.874049 0.056731 0.009506
0 0.775641 0.895318 0.057051 0.023051
0 0.836058 0.892467 0.061218 0.027804
0 0.836859 0.872624 0.050000 0.009030
0 0.895353 0.879634 0.050321 0.015922
0 0.582853 0.898883 0.059295 0.023051
0 0.528045 0.460433 0.063141 0.026378
0 0.167949 0.212928 0.070513 0.035171
0 0.390545 0.449976 0.069551 0.042538
0 0.654487 0.430608 0.060256 0.026141
0 0.723878 0.432510 0.073397 0.025665
0 0.724359 0.352780 0.071154 0.026854
0 0.655288 0.353256 0.065064 0.024952
0 0.587500 0.352067 0.065385 0.025428
0 0.519391 0.351355 0.065064 0.028755
0 0.450000 0.350998 0.065385 0.028042
0 0.384455 0.350642 0.066987 0.025428
0 0.318109 0.348859 0.063782 0.028517
0 0.246795 0.349810 0.069872 0.029468
0 0.177083 0.349691 0.069551 0.030181
0 0.105128 0.348384 0.071154 0.029943
0 0.036538 0.346364 0.057051 0.030656
0 0.925641 0.301925 0.066026 0.028279
0 0.859295 0.302044 0.059615 0.026616
0 0.789904 0.301568 0.069551 0.029943
0 0.926763 0.277448 0.061859 0.013070
0 0.855609 0.278161 0.068269 0.014496
0 0.786859 0.277210 0.066667 0.014971
0 0.925321 0.262001 0.062179 0.015447
0 0.858013 0.261407 0.069872 0.014259
0 0.784936 0.261644 0.069231 0.017110
0 0.645673 0.300499 0.065705 0.027804
0 0.579487 0.300856 0.062821 0.028992
0 0.514583 0.301331 0.065064 0.029468
0 0.527564 0.430727 0.062179 0.028279
0 0.645192 0.269249 0.064744 0.032319
0 0.459135 0.450095 0.064423 0.044202
0 0.256250 0.459244 0.063141 0.026378
0 0.859295 0.382010 0.059615 0.027804
0 0.794231 0.382486 0.065385 0.028755
0 0.725801 0.382842 0.066987 0.027091
0 0.653686 0.382605 0.065705 0.031369
0 0.585897 0.382723 0.062179 0.030656
0 0.520353 0.382842 0.063782 0.031844
0 0.453045 0.382842 0.065064 0.028042
0 0.386699 0.380703 0.061859 0.029943
0 0.317628 0.380585 0.066026 0.032082
0 0.248558 0.380822 0.066987 0.027329
0 0.178205 0.380109 0.065385 0.028755
0 0.105929 0.379396 0.072756 0.025428
0 0.035096 0.378446 0.060577 0.027804
0 0.921795 0.351830 0.064744 0.027804
0 0.858013 0.353375 0.063462 0.025665
0 0.793910 0.353731 0.060897 0.026378
0 0.923237 0.382248 0.061218 0.026854
0 0.979487 0.381179 0.041026 0.028517
0 0.047436 0.428113 0.062821 0.028755
0 0.115545 0.428588 0.069551 0.025428
0 0.195192 0.429420 0.063462 0.026616
0 0.258814 0.430371 0.051603 0.024240
0 0.052083 0.459125 0.065064 0.026141
0 0.118590 0.457343 0.062821 0.030181
0 0.186058 0.458888 0.068269 0.028042
0 0.321635 0.450689 0.064423 0.040637
0 0.581410 0.268774 0.059615 0.033270
0 0.590865 0.430727 0.059295 0.026854
0 0.449199 0.300618 0.063782 0.024715
0 0.030288 0.213284 0.060577 0.025903
0 0.167628 0.178945 0.060256 0.029468
0 0.095833 0.180014 0.075000 0.030656
0 0.027244 0.182034 0.054487 0.030894
0 0.973718 0.111811 0.051923 0.024477
0 0.973558 0.139615 0.051603 0.024952
0 0.913141 0.137357 0.060256 0.022814
0 0.850160 0.136763 0.060577 0.024002
0 0.915385 0.115970 0.061538 0.016160
0 0.852083 0.115019 0.058013 0.017110
0 0.781731 0.134743 0.066026 0.024715
0 0.561218 0.133436 0.064744 0.026854
0 0.095513 0.211740 0.071154 0.027567
0 0.488782 0.134030 0.065385 0.027091
0 0.490385 0.105989 0.065385 0.025665
0 0.419071 0.131892 0.065064 0.023764
0 0.421955 0.107177 0.064423 0.015209
0 0.350801 0.128446 0.067628 0.026854
0 0.280929 0.127971 0.066987 0.024477
0 0.209776 0.129396 0.066987 0.021150
0 0.135577 0.127258 0.064103 0.028279
0 0.065385 0.126307 0.069231 0.024952
0 0.284455 0.102662 0.067628 0.024715
0 0.210737 0.099810 0.078526 0.034221
0 0.132692 0.096364 0.064744 0.027804
0 0.516506 0.268774 0.062500 0.031369
0 0.557692 0.106226 0.057692 0.025190
0 0.244551 0.215898 0.065385 0.026378
0 0.060417 0.093988 0.072115 0.034458
0 0.311538 0.268774 0.069872 0.028992
0 0.379327 0.297885 0.063141 0.027329
0 0.310256 0.298598 0.067308 0.026378
0 0.240385 0.297885 0.066667 0.024952
0 0.169712 0.298836 0.066987 0.028755
0 0.098718 0.296578 0.067949 0.032795
0 0.029167 0.293964 0.058333 0.031369
0 0.380288 0.269249 0.065064 0.027567
0 0.500481 0.186549 0.063141 0.029943
0 0.242628 0.268298 0.064744 0.029468
0 0.172596 0.265684 0.066987 0.032795
0 0.099840 0.264021 0.073397 0.028517
0 0.973397 0.221364 0.041667 0.027804
0 0.031410 0.261169 0.062821 0.030894
0 0.851442 0.221126 0.059936 0.027329
0 0.570673 0.185837 0.074038 0.031369
0 0.645032 0.185837 0.067628 0.031369
0 0.504167 0.217681 0.064103 0.027567
0 0.570994 0.217205 0.068269 0.028517
0 0.916186 0.221958 0.063141 0.026141
0 0.712981 0.217799 0.067628 0.029705
0 0.641346 0.217562 0.069872 0.029705
0 0.800160 0.195580 0.038141 0.026616
0 0.854808 0.191540 0.066667 0.027091
0 0.921635 0.192015 0.064423 0.028992
0 0.976122 0.189758 0.040705 0.028279
0 0.784615 0.222433 0.062179 0.025190
