0 0.784109 0.405484 0.015931 0.024816
0 0.768995 0.406556 0.014297 0.023284
0 0.753676 0.407016 0.015523 0.024203
0 0.737132 0.408395 0.018382 0.021446
0 0.718137 0.410539 0.016340 0.025123
0 0.699551 0.410846 0.015114 0.026348
0 0.799020 0.374694 0.013072 0.032475
0 0.784518 0.374387 0.016748 0.033088
0 0.733864 0.374081 0.015931 0.031250
0 0.792279 0.615656 0.024918 0.023591
0 0.764093 0.622855 0.029820 0.022059
0 0.719158 0.376225 0.015114 0.037377
0 0.202206 0.491575 0.059641 0.042586
0 0.265523 0.487286 0.063725 0.041973
0 0.446895 0.452206 0.059641 0.050245
0 0.511029 0.452053 0.058824 0.053002
0 0.568627 0.446078 0.055556 0.042892
0 0.701185 0.377757 0.015114 0.035539
0 0.767361 0.374387 0.014297 0.031863
0 0.750817 0.375306 0.017157 0.031250
0 0.763685 0.653493 0.029003 0.026961
0 0.135825 0.501379 0.066585 0.043199
0 0.865400 0.593290 0.020016 0.024816
0 0.817606 0.575521 0.021650 0.024203
0 0.547794 0.353094 0.024510 0.062194
0 0.569853 0.352328 0.018791 0.063725
0 0.587827 0.352635 0.018791 0.063725
0 0.607843 0.351869 0.018791 0.064645
0 0.625817 0.349112 0.011438 0.064645
0 0.641136 0.351256 0.017565 0.060355
0 0.660743 0.348805 0.020833 0.053615
0 0.678513 0.347426 0.016340 0.054534
0 0.055760 0.450214 0.082925 0.056679
0 0.133374 0.449142 0.061683 0.058824
0 0.201185 0.441483 0.064951 0.050245
0 0.267157 0.437500 0.059641 0.052083
0 0.056781 0.508578 0.077614 0.044118
0 0.910948 0.611213 0.021242 0.022672
0 0.887051 0.615656 0.020016 0.023591
0 0.864992 0.624387 0.019199 0.020833
0 0.841912 0.630208 0.019608 0.030637
0 0.818627 0.636489 0.019608 0.024816
0 0.915441 0.554841 0.022876 0.026348
0 0.912786 0.584559 0.021650 0.020833
0 0.888889 0.588695 0.017157 0.023591
0 0.798611 0.404871 0.012255 0.025429
0 0.841299 0.599724 0.025735 0.024203
0 0.816993 0.606771 0.020425 0.024816
0 0.913603 0.524663 0.026552 0.027880
0 0.885008 0.558211 0.030637 0.027574
0 0.843137 0.566942 0.025327 0.026042
0 0.791667 0.646599 0.023693 0.023591
0 0.698325 0.438113 0.016748 0.026961
0 0.353962 0.147978 0.057598 0.127451
0 0.736111 0.437653 0.016340 0.023591
0 0.262459 0.806373 0.111520 0.036152
0 0.349060 0.654871 0.047794 0.040135
0 0.347018 0.696538 0.051062 0.037071
0 0.345997 0.735141 0.052288 0.036458
0 0.346201 0.776348 0.049428 0.043505
0 0.400531 0.602941 0.038807 0.041667
0 0.443015 0.605699 0.045343 0.033701
0 0.400735 0.639553 0.032680 0.030944
0 0.443015 0.645527 0.048611 0.036152
0 0.497753 0.650582 0.050245 0.031556
0 0.551675 0.635417 0.046977 0.033701
0 0.495915 0.612592 0.061275 0.036458
0 0.410131 0.703278 0.036765 0.040135
0 0.457312 0.713082 0.051879 0.040748
0 0.520221 0.707721 0.051879 0.037990
0 0.261438 0.759804 0.113562 0.037377
0 0.260008 0.713695 0.117239 0.039522
0 0.260417 0.668658 0.122141 0.041360
0 0.136846 0.840074 0.140523 0.044118
0 0.550858 0.535080 0.059232 0.040748
0 0.630310 0.531710 0.045752 0.038909
0 0.708129 0.485294 0.036356 0.035539
0 0.704861 0.520833 0.033088 0.033701
0 0.735907 0.513327 0.023284 0.036458
0 0.764093 0.509804 0.029820 0.030637
0 0.808415 0.473805 0.031863 0.034007
0 0.575368 0.699449 0.047794 0.037990
0 0.835989 0.468903 0.022467 0.034007
0 0.798815 0.507506 0.030637 0.028493
0 0.827614 0.503983 0.023693 0.023897
0 0.852328 0.497396 0.022467 0.024203
0 0.875613 0.491575 0.022467 0.023591
0 0.126634 0.700674 0.143791 0.053922
0 0.131332 0.751532 0.140114 0.044730
0 0.136029 0.795343 0.138889 0.035539
0 0.871732 0.460784 0.032680 0.031863
0 0.408905 0.741422 0.031046 0.032475
0 0.462623 0.748315 0.048611 0.027880
0 0.518587 0.744026 0.052696 0.029718
0 0.967933 0.411305 0.016748 0.029105
0 0.946078 0.412990 0.021242 0.025735
0 0.922794 0.412990 0.019608 0.028186
0 0.900123 0.416513 0.021650 0.027267
0 0.985907 0.379596 0.016748 0.030637
0 0.967320 0.380974 0.018791 0.028493
0 0.947100 0.382506 0.021650 0.032782
0 0.984886 0.407016 0.017974 0.021752
0 0.924428 0.383425 0.022876 0.030944
0 0.877655 0.385417 0.026552 0.032475
0 0.876838 0.419118 0.022467 0.028799
0 0.823121 0.423713 0.028595 0.030637
0 0.797998 0.432292 0.014297 0.020833
0 0.782680 0.433977 0.013072 0.024203
0 0.771650 0.433977 0.012255 0.024203
0 0.753881 0.435355 0.020016 0.026961
0 0.904003 0.384804 0.017974 0.033701
0 0.713848 0.438266 0.015114 0.026654
0 0.108047 0.573989 0.137663 0.052390
0 0.243260 0.554994 0.127042 0.045037
0 0.568627 0.736060 0.037582 0.027267
0 0.615196 0.695466 0.030229 0.034926
0 0.644199 0.687347 0.021242 0.032169
0 0.674837 0.679994 0.037582 0.030944
0 0.706291 0.568168 0.028595 0.034007
0 0.737949 0.564338 0.027369 0.031863
0 0.766748 0.557445 0.027778 0.028493
0 0.107026 0.626685 0.147059 0.048713
0 0.704657 0.601562 0.032680 0.030331
0 0.765319 0.590993 0.024918 0.025735
0 0.793301 0.583487 0.022876 0.024203
0 0.704861 0.635417 0.029820 0.028186
0 0.707312 0.669118 0.027369 0.031250
0 0.733252 0.628830 0.025327 0.026042
0 0.734477 0.661305 0.026144 0.031556
0 0.241013 0.604320 0.122549 0.044424
0 0.738971 0.596507 0.026144 0.028799
0 0.851920 0.420803 0.025735 0.034620
0 0.887663 0.301164 0.021242 0.085172
0 0.438113 0.363051 0.020833 0.058211
0 0.377655 0.273284 0.025735 0.070466
0 0.403186 0.271752 0.022876 0.066176
0 0.428717 0.271906 0.027369 0.065257
0 0.456699 0.270987 0.022059 0.064645
0 0.485498 0.272518 0.033088 0.061581
0 0.546977 0.278646 0.026961 0.064032
0 0.572100 0.279259 0.023284 0.061581
0 0.593750 0.282016 0.019199 0.065257
0 0.612745 0.281403 0.021242 0.065257
0 0.631740 0.277880 0.016748 0.056985
0 0.650123 0.278033 0.017565 0.056066
0 0.353758 0.273438 0.024510 0.069547
0 0.662786 0.278799 0.010212 0.058824
0 0.700368 0.295496 0.028186 0.092218
0 0.736111 0.298866 0.036765 0.097120
0 0.768382 0.297335 0.023693 0.093444
0 0.792484 0.297641 0.025327 0.092218
0 0.816993 0.299326 0.023693 0.094363
0 0.842729 0.299326 0.028595 0.094363
0 0.866830 0.298100 0.019608 0.091912
0 0.242239 0.133885 0.049837 0.144608
0 0.186275 0.126838 0.061275 0.156863
0 0.121528 0.126685 0.063317 0.156556
0 0.043709 0.117494 0.084150 0.167586
0 0.676062 0.280025 0.018791 0.056985
0 0.358047 0.556066 0.037173 0.079657
0 0.327002 0.270374 0.024918 0.071385
0 0.245915 0.296569 0.053105 0.134804
0 0.408701 0.152574 0.051879 0.137868
0 0.453636 0.163297 0.037173 0.118260
0 0.493056 0.164675 0.033497 0.121630
0 0.533088 0.165288 0.041667 0.119792
0 0.572100 0.171415 0.037173 0.119179
0 0.608047 0.176011 0.033905 0.111826
0 0.640523 0.178462 0.030229 0.106924
0 0.671160 0.179841 0.030229 0.109069
0 0.704657 0.184436 0.036765 0.097426
0 0.736315 0.187040 0.028186 0.102022
0 0.767770 0.190411 0.033088 0.096507
0 0.299020 0.270067 0.033497 0.073836
0 0.796364 0.191176 0.018382 0.099265
0 0.846609 0.194853 0.022467 0.096201
0 0.869690 0.198376 0.025327 0.088542
0 0.894199 0.201287 0.020425 0.090074
0 0.914011 0.204657 0.020016 0.081495
0 0.935049 0.206189 0.019608 0.083333
0 0.963644 0.209712 0.035948 0.075061
0 0.991217 0.211550 0.016748 0.078125
0 0.013480 0.305607 0.026961 0.150429
0 0.060662 0.297028 0.064134 0.135723
0 0.128472 0.293811 0.062500 0.142770
0 0.191585 0.293505 0.056373 0.142157
0 0.821078 0.193321 0.028595 0.093137
0 0.460784 0.362745 0.022876 0.056985
0 0.417484 0.524663 0.051471 0.049326
0 0.948529 0.299632 0.017157 0.076593
0 0.418096 0.361673 0.020016 0.060355
0 0.390931 0.363358 0.031046 0.063113
0 0.360907 0.360447 0.028186 0.068321
0 0.333538 0.364583 0.027369 0.076593
0 0.302492 0.362439 0.033905 0.080882
0 0.991626 0.299786 0.015931 0.079350
0 0.968954 0.299939 0.022059 0.076593
0 0.926879 0.299479 0.024510 0.077512
0 0.906658 0.299020 0.016748 0.080270
0 0.294935 0.143076 0.054739 0.135417
