0 0.713294 0.694279 0.059524 0.065807
0 0.653274 0.708829 0.043320 0.052579
0 0.578208 0.711971 0.020833 0.049603
0 0.777612 0.642030 0.036706 0.133929
0 0.370701 0.612434 0.028439 0.060847
0 0.831019 0.652447 0.058862 0.142857
0 0.897321 0.631448 0.059193 0.067791
0 0.892361 0.694444 0.058532 0.054894
0 0.951389 0.685847 0.042328 0.075397
0 0.942956 0.615575 0.032077 0.057870
0 0.136409 0.612930 0.034061 0.056548
0 0.173942 0.606481 0.031746 0.048942
0 0.219246 0.596726 0.050926 0.079034
0 0.579530 0.597222 0.044643 0.082011
0 0.536872 0.606481 0.027447 0.062169
0 0.504464 0.611772 0.028770 0.061508
0 0.272156 0.597718 0.046296 0.088294
0 0.404762 0.609127 0.027778 0.061508
0 0.323247 0.597553 0.051257 0.087302
0 0.472553 0.589120 0.024471 0.056548
0 0.778439 0.489087 0.036376 0.128307
0 0.669312 0.585979 0.042328 0.091270
0 0.820602 0.748512 0.047288 0.021495
0 0.968254 0.440807 0.049603 0.024471
0 0.975860 0.417163 0.048280 0.019511
0 0.975694 0.391700 0.045966 0.016204
0 0.557870 0.712632 0.015212 0.050926
0 0.979332 0.508598 0.041336 0.103175
0 0.910053 0.475529 0.042328 0.137566
0 0.861276 0.495866 0.050595 0.098876
0 0.817295 0.498512 0.031415 0.110119
0 0.624339 0.610615 0.037037 0.037368
0 0.733962 0.467262 0.043981 0.073413
0 0.624669 0.502315 0.054233 0.025132
0 0.572751 0.499669 0.035714 0.033730
0 0.523644 0.470734 0.045966 0.085648
0 0.457176 0.471892 0.066468 0.086640
0 0.318452 0.456349 0.056217 0.095238
0 0.275628 0.455192 0.026786 0.088955
0 0.212302 0.474206 0.046958 0.082011
0 0.166501 0.473545 0.038029 0.082672
0 0.125661 0.471726 0.031746 0.084325
0 0.684689 0.477183 0.049272 0.070106
0 0.494213 0.711971 0.020172 0.044974
0 0.438492 0.602183 0.029101 0.052249
0 0.448247 0.715112 0.018188 0.040675
0 0.961806 0.175926 0.022817 0.078042
0 0.988261 0.180225 0.023479 0.074074
0 0.149967 0.337136 0.044643 0.086310
0 0.195106 0.337136 0.035714 0.083664
0 0.237269 0.340112 0.038029 0.084987
0 0.279597 0.338955 0.034722 0.087302
0 0.322090 0.339451 0.037037 0.086310
0 0.365741 0.340608 0.032407 0.083995
0 0.408896 0.337963 0.045966 0.087963
0 0.457176 0.338128 0.040675 0.086310
0 0.500827 0.337136 0.040675 0.086310
0 0.539517 0.326224 0.028108 0.102844
0 0.577050 0.333168 0.039683 0.099537
0 0.620701 0.332011 0.035053 0.101190
0 0.661376 0.331515 0.038360 0.099537
0 0.706184 0.332011 0.045304 0.099868
0 0.751819 0.336640 0.034722 0.089286
0 0.248843 0.863261 0.025463 0.132606
0 0.215443 0.876984 0.022156 0.123016
0 0.187335 0.872024 0.027447 0.124339
0 0.159226 0.868386 0.020833 0.119048
0 0.132275 0.862599 0.025794 0.117394
0 0.041997 0.924438 0.083333 0.054563
0 0.934358 0.176587 0.026786 0.079365
0 0.040675 0.857308 0.079365 0.046627
0 0.062169 0.650628 0.105159 0.073082
0 0.057374 0.540013 0.102844 0.126323
0 0.977513 0.310185 0.044974 0.113757
0 0.925430 0.312831 0.041997 0.094577
0 0.853009 0.295966 0.032077 0.095899
0 0.804563 0.312169 0.057540 0.091270
0 0.039848 0.777943 0.078373 0.051918
0 0.276290 0.868221 0.023479 0.135913
0 0.902943 0.174934 0.028108 0.086640
0 0.834656 0.174272 0.021164 0.083333
0 0.111276 0.041336 0.102183 0.082672
0 0.285053 0.042493 0.057540 0.084987
0 0.338459 0.040179 0.036706 0.080357
0 0.380291 0.045470 0.038360 0.081680
0 0.420800 0.046958 0.038690 0.076058
0 0.458995 0.048776 0.032407 0.076389
0 0.496197 0.043320 0.038690 0.085979
0 0.537037 0.043651 0.035053 0.087302
0 0.577712 0.042659 0.036376 0.084656
0 0.615575 0.046462 0.029431 0.081680
0 0.656250 0.043816 0.030093 0.086971
0 0.694940 0.044312 0.034722 0.085979
0 0.742725 0.061012 0.044974 0.067130
0 0.822255 0.062004 0.045966 0.060516
0 0.866567 0.062004 0.035384 0.059854
0 0.906746 0.064153 0.033069 0.057540
0 0.956515 0.044808 0.047950 0.089616
0 0.807540 0.172123 0.028439 0.088955
0 0.759755 0.192956 0.055225 0.092923
0 0.705357 0.193948 0.036376 0.098214
0 0.658730 0.192130 0.042328 0.101190
0 0.601356 0.190807 0.067130 0.097884
0 0.522321 0.198413 0.071759 0.078042
0 0.868717 0.176422 0.032407 0.083664
0 0.449901 0.198578 0.051918 0.090278
0 0.377480 0.193287 0.075066 0.090278
0 0.318122 0.195437 0.036376 0.083995
0 0.274636 0.195106 0.043981 0.089286
0 0.213459 0.196594 0.044643 0.086310
0 0.156415 0.196429 0.046296 0.083995
0 0.107143 0.195271 0.039683 0.088294
0 0.472553 0.713790 0.019180 0.043981
0 0.306217 0.874339 0.031746 0.126323
0 0.724868 0.589782 0.058862 0.098214
0 0.464947 0.872189 0.044312 0.123347
0 0.924107 0.819610 0.053902 0.135251
0 0.876323 0.815311 0.038360 0.130622
0 0.836144 0.866733 0.036045 0.049603
0 0.835813 0.806878 0.035384 0.060185
0 0.237765 0.711806 0.019841 0.040013
0 0.258102 0.711475 0.013558 0.041336
0 0.277282 0.720403 0.016204 0.045304
0 0.788194 0.815146 0.049272 0.065476
0 0.280919 0.681878 0.020833 0.025132
0 0.211310 0.721396 0.023810 0.044643
0 0.301587 0.712302 0.017857 0.041005
0 0.740245 0.886409 0.040013 0.091601
0 0.651620 0.876323 0.040013 0.104497
0 0.608962 0.867560 0.041997 0.120040
0 0.564649 0.870536 0.040675 0.124008
0 0.514220 0.868882 0.046296 0.118056
0 0.426753 0.876488 0.026786 0.118717
0 0.400463 0.877480 0.021825 0.117394
0 0.372354 0.875496 0.027116 0.119378
0 0.338624 0.875496 0.030423 0.116733
0 0.788690 0.885086 0.042328 0.062500
0 0.190807 0.715939 0.015873 0.050265
0 0.979332 0.852679 0.041336 0.168320
0 0.138228 0.718585 0.035714 0.048942
0 0.324239 0.703208 0.018188 0.041336
0 0.345073 0.710648 0.016865 0.037698
0 0.364749 0.710483 0.018519 0.038029
0 0.169147 0.717758 0.016865 0.047288
0 0.387897 0.717097 0.025132 0.045966
0 0.408234 0.706019 0.013558 0.040344
0 0.429729 0.713128 0.016204 0.044643
0 0.696429 0.883102 0.039683 0.087632
