0 0.053846 0.194231 0.030769 0.055288
0 0.491880 0.833413 0.035043 0.045192
0 0.558761 0.830769 0.033761 0.043269
0 0.592094 0.824760 0.035470 0.057692
0 0.689744 0.825721 0.088034 0.056731
0 0.690171 0.791466 0.090598 0.009375
0 0.692094 0.781490 0.091026 0.010096
0 0.783547 0.780409 0.091026 0.014663
0 0.781197 0.795553 0.091453 0.013221
0 0.780128 0.828966 0.089316 0.051683
0 0.869017 0.820072 0.079915 0.071875
0 0.626282 0.824279 0.034615 0.058654
0 0.088034 0.194231 0.035043 0.050481
0 0.161752 0.542788 0.046581 0.025481
0 0.207051 0.192067 0.064530 0.022115
0 0.160897 0.566346 0.049145 0.017788
0 0.107265 0.566466 0.053846 0.018029
0 0.110043 0.543870 0.052564 0.022356
0 0.051923 0.573077 0.052564 0.036058
0 0.015171 0.503966 0.029487 0.028125
0 0.369231 0.822356 0.030769 0.037981
0 0.333547 0.830649 0.027778 0.047356
0 0.401282 0.814423 0.026496 0.055769
0 0.429701 0.829207 0.027778 0.053606
0 0.458333 0.825841 0.029487 0.060337
0 0.141026 0.211298 0.063248 0.013942
0 0.206410 0.212139 0.063248 0.014183
0 0.768162 0.360938 0.061111 0.031010
0 0.209402 0.542308 0.046154 0.009135
0 0.209402 0.550000 0.046154 0.007692
0 0.138462 0.192067 0.064103 0.022115
0 0.281838 0.200120 0.055983 0.009375
0 0.790171 0.628966 0.056410 0.034856
0 0.024573 0.543750 0.049145 0.012981
0 0.407265 0.717067 0.042735 0.024038
0 0.406410 0.698678 0.045299 0.008894
0 0.460470 0.715024 0.042308 0.029567
0 0.507051 0.713101 0.046581 0.030529
0 0.605983 0.714663 0.043590 0.028846
0 0.605342 0.695793 0.046581 0.008894
0 0.605556 0.686418 0.050427 0.010817
0 0.210897 0.565264 0.043162 0.020433
0 0.657051 0.715865 0.044017 0.026442
0 0.657051 0.697957 0.045726 0.006971
0 0.654915 0.690986 0.044017 0.005529
0 0.702350 0.687019 0.044872 0.007212
0 0.710043 0.696635 0.043162 0.007212
0 0.711325 0.715986 0.041453 0.024279
0 0.781197 0.697837 0.091453 0.060096
0 0.873932 0.702764 0.085470 0.055529
0 0.945940 0.698558 0.054274 0.059135
0 0.362607 0.715865 0.043162 0.026442
0 0.310684 0.717788 0.054701 0.020673
0 0.247009 0.717788 0.058974 0.023077
0 0.189957 0.719832 0.051709 0.022356
0 0.962607 0.614904 0.074786 0.062019
0 0.879915 0.629567 0.039316 0.036058
0 0.840171 0.629808 0.037607 0.035577
0 0.726068 0.627885 0.057265 0.037019
0 0.669658 0.628486 0.054701 0.035817
0 0.554274 0.627885 0.038462 0.039423
0 0.514744 0.626803 0.040598 0.041587
0 0.464957 0.628365 0.054701 0.036058
0 0.013675 0.579327 0.023932 0.023558
0 0.409402 0.628245 0.055556 0.038702
0 0.291239 0.629808 0.056838 0.037981
0 0.949786 0.822356 0.053419 0.066827
0 0.233761 0.631971 0.052991 0.033654
0 0.174786 0.632091 0.059829 0.035817
0 0.113248 0.632933 0.058974 0.036058
0 0.034402 0.662260 0.067949 0.023077
0 0.073932 0.725841 0.036752 0.056010
0 0.128632 0.716707 0.061538 0.028125
0 0.350855 0.628486 0.052991 0.043029
0 0.266667 0.524159 0.041880 0.009375
0 0.526496 0.833293 0.034188 0.045433
0 0.254701 0.550000 0.044444 0.007692
0 0.927137 0.393870 0.081624 0.015625
0 0.944444 0.455649 0.034188 0.045433
0 0.983974 0.453005 0.032051 0.044952
0 0.880769 0.454207 0.077778 0.025721
0 0.876282 0.478245 0.079915 0.019952
0 0.790812 0.480529 0.082479 0.014423
0 0.789103 0.458774 0.084188 0.024760
0 0.700855 0.466346 0.082051 0.019231
0 0.147009 0.306250 0.029915 0.023077
0 0.183547 0.304928 0.038034 0.028125
0 0.217308 0.306731 0.030342 0.024519
0 0.254060 0.302163 0.041453 0.033654
0 0.298291 0.302043 0.042735 0.033894
0 0.344017 0.300120 0.045299 0.037740
0 0.380769 0.303125 0.023077 0.034135
0 0.409615 0.302043 0.029487 0.033894
0 0.443590 0.300240 0.029060 0.037500
0 0.472863 0.299880 0.026068 0.038221
0 0.500855 0.305288 0.025641 0.029808
0 0.526068 0.305168 0.026496 0.030048
0 0.584402 0.280288 0.017521 0.011538
0 0.293590 0.826202 0.043590 0.064423
0 0.253205 0.826082 0.038889 0.062260
0 0.217308 0.830409 0.034615 0.053606
0 0.187607 0.823798 0.022222 0.063462
0 0.701496 0.388341 0.060256 0.021394
0 0.703205 0.360697 0.063675 0.030529
0 0.635256 0.387260 0.067949 0.021635
0 0.569444 0.387981 0.064530 0.023077
0 0.509402 0.385577 0.051282 0.027885
0 0.505342 0.365505 0.051709 0.006971
0 0.504274 0.356490 0.053846 0.008173
0 0.455556 0.384014 0.049573 0.029567
0 0.845726 0.373918 0.080342 0.018990
0 0.844017 0.390865 0.081197 0.012019
0 0.559829 0.279087 0.027350 0.014904
0 0.768376 0.387380 0.065812 0.021394
0 0.927778 0.375601 0.078632 0.017548
0 0.310470 0.696274 0.056838 0.007452
0 0.046581 0.627885 0.064957 0.008173
0 0.035897 0.637981 0.069231 0.009615
0 0.035470 0.647236 0.065812 0.007452
0 0.045299 0.831851 0.041880 0.055529
0 0.041026 0.718990 0.029060 0.049038
0 0.083333 0.833173 0.033333 0.048077
0 0.117094 0.832332 0.034188 0.052163
0 0.151068 0.830649 0.033761 0.052163
0 0.926068 0.356731 0.075214 0.017788
0 0.254915 0.541587 0.044017 0.008173
0 0.555556 0.303365 0.027350 0.033654
0 0.618803 0.287139 0.045299 0.066106
0 0.850427 0.194351 0.029915 0.041106
0 0.886111 0.193750 0.028632 0.039904
0 0.919658 0.194111 0.027350 0.043029
0 0.975427 0.174519 0.049145 0.032692
0 0.050427 0.505649 0.036752 0.030529
0 0.968590 0.517428 0.061111 0.027644
0 0.971581 0.551803 0.054274 0.024279
0 0.884615 0.537981 0.059829 0.025481
0 0.887179 0.564423 0.056410 0.021154
0 0.827350 0.565745 0.063248 0.019471
0 0.763034 0.564423 0.064530 0.019712
0 0.702991 0.559135 0.047863 0.030288
0 0.657265 0.559014 0.045299 0.030529
0 0.608120 0.563942 0.053846 0.023077
0 0.555983 0.564303 0.052137 0.022356
0 0.504487 0.565865 0.048291 0.016827
0 0.454060 0.565625 0.050855 0.017308
0 0.406197 0.564543 0.044872 0.019471
0 0.357265 0.565745 0.048718 0.019471
0 0.306624 0.565505 0.047436 0.019952
0 0.256838 0.564904 0.048718 0.021154
0 0.814316 0.194111 0.033761 0.043029
0 0.048504 0.481851 0.041453 0.011779
0 0.110470 0.486058 0.081624 0.013462
0 0.109402 0.470192 0.083761 0.018750
0 0.676282 0.282212 0.054274 0.071154
0 0.734402 0.286178 0.049145 0.060817
0 0.788675 0.282813 0.050855 0.067548
0 0.855769 0.301442 0.023504 0.030288
0 0.907051 0.297837 0.066239 0.038462
0 0.973291 0.206130 0.053419 0.026202
0 0.311966 0.688822 0.062393 0.006010
0 0.403205 0.384135 0.051709 0.032212
0 0.349573 0.385697 0.051282 0.030529
0 0.298291 0.384375 0.047009 0.030288
0 0.581197 0.302764 0.023077 0.032452
0 0.703632 0.483053 0.080769 0.011298
0 0.616880 0.456851 0.083333 0.023798
0 0.529915 0.458053 0.087179 0.021394
0 0.528419 0.480769 0.083333 0.018269
0 0.441667 0.479808 0.079915 0.020192
0 0.276709 0.455409 0.075641 0.023317
0 0.275855 0.479447 0.073932 0.021394
0 0.194658 0.449880 0.081624 0.021875
0 0.194444 0.469231 0.082051 0.015385
0 0.195726 0.484255 0.076068 0.011779
0 0.105983 0.450361 0.082051 0.019952
0 0.617094 0.480048 0.084615 0.017788
0 0.355556 0.480769 0.086325 0.019231
0 0.840812 0.354087 0.079060 0.019712
0 0.184402 0.384856 0.049145 0.028846
0 0.363889 0.207452 0.088462 0.021635
0 0.483974 0.207091 0.077350 0.020913
0 0.583547 0.206370 0.084188 0.021875
0 0.692094 0.205769 0.079915 0.020673
0 0.772009 0.194471 0.034615 0.041346
0 0.240812 0.384856 0.055128 0.031250
0 0.129915 0.385937 0.055556 0.031010
0 0.114530 0.306130 0.030769 0.025721
0 0.277991 0.212740 0.065385 0.012981
