0 0.826389 0.213235 0.042484 0.125613
0 0.641544 0.729013 0.042075 0.042586
0 0.698325 0.717065 0.046160 0.045037
0 0.645221 0.776348 0.046160 0.044730
0 0.389093 0.722120 0.065768 0.053922
0 0.305556 0.740349 0.073529 0.054841
0 0.462010 0.647672 0.058007 0.055147
0 0.384600 0.662837 0.065768 0.053002
0 0.300654 0.678002 0.079248 0.060049
0 0.162582 0.219822 0.087418 0.179228
0 0.888480 0.617188 0.032680 0.036458
0 0.593954 0.890778 0.049837 0.045037
0 0.841912 0.624540 0.033497 0.040748
0 0.928309 0.565870 0.033905 0.036152
0 0.891544 0.571232 0.035539 0.039522
0 0.288194 0.160539 0.073121 0.173407
0 0.842933 0.581189 0.044526 0.040441
0 0.794730 0.588082 0.038807 0.045650
0 0.969975 0.601869 0.033088 0.038909
0 0.932190 0.508885 0.038399 0.039828
0 0.937500 0.465227 0.033497 0.040135
0 0.894608 0.468750 0.041667 0.040441
0 0.888072 0.513174 0.035131 0.040441
0 0.797386 0.636183 0.037582 0.040748
0 0.784109 0.211397 0.036356 0.118873
0 0.532884 0.913450 0.055964 0.051164
0 0.592729 0.839154 0.044118 0.044118
0 0.873979 0.222120 0.041258 0.113971
0 0.914828 0.225031 0.033905 0.112439
0 0.951389 0.226716 0.030229 0.113971
0 0.984069 0.231005 0.030229 0.105392
0 0.086806 0.441483 0.082925 0.174632
0 0.183211 0.433364 0.075572 0.162684
0 0.983660 0.369792 0.029412 0.102328
0 0.654003 0.379749 0.041667 0.124694
0 0.695874 0.375306 0.034722 0.126225
0 0.736928 0.376991 0.039216 0.122855
0 0.531863 0.856771 0.057190 0.047488
0 0.776348 0.375000 0.033088 0.117647
0 0.739175 0.206495 0.043709 0.126225
0 0.969975 0.502451 0.033088 0.038603
0 0.687092 0.202972 0.051471 0.128370
0 0.627655 0.198529 0.057598 0.137255
0 0.570874 0.193015 0.051062 0.136642
0 0.504493 0.186275 0.062092 0.143382
0 0.431985 0.180760 0.057598 0.151961
0 0.366422 0.170956 0.066993 0.159926
0 0.851103 0.371630 0.026552 0.114583
0 0.587418 0.792892 0.046569 0.043505
0 0.816381 0.372855 0.035539 0.117034
0 0.973652 0.460478 0.030637 0.035539
0 0.609681 0.380515 0.034722 0.132353
0 0.886029 0.369638 0.039216 0.110600
0 0.799632 0.522365 0.045343 0.045343
0 0.699551 0.763787 0.046160 0.044730
0 0.651757 0.825061 0.046160 0.044730
0 0.702819 0.810049 0.043709 0.039216
0 0.652369 0.872702 0.048203 0.043811
0 0.705270 0.852635 0.047794 0.041667
0 0.745302 0.699908 0.046160 0.039522
0 0.794935 0.692249 0.045752 0.039522
0 0.843750 0.682904 0.046160 0.039828
0 0.913603 0.663756 0.042075 0.039522
0 0.747958 0.747396 0.039216 0.034007
0 0.792484 0.738358 0.037582 0.037990
0 0.833538 0.728707 0.035539 0.029105
0 0.876021 0.720435 0.035539 0.026654
0 0.917075 0.704350 0.036765 0.030637
0 0.750204 0.788756 0.037173 0.035846
0 0.795547 0.778339 0.040441 0.035233
0 0.838848 0.765472 0.033088 0.035233
0 0.879085 0.753523 0.029412 0.030944
0 0.912786 0.741575 0.028186 0.034007
0 0.752247 0.836397 0.041258 0.043505
0 0.794935 0.825521 0.032680 0.039522
0 0.839257 0.808058 0.030637 0.043811
0 0.747141 0.527574 0.046569 0.044730
0 0.847631 0.469516 0.038399 0.040748
0 0.750613 0.480239 0.047794 0.045650
0 0.637868 0.541513 0.043709 0.046875
0 0.922590 0.372243 0.025735 0.109069
0 0.949959 0.369638 0.024101 0.106924
0 0.258987 0.386336 0.058824 0.160539
0 0.326389 0.380362 0.058824 0.155944
0 0.389502 0.380974 0.060049 0.152267
0 0.450572 0.383425 0.049837 0.143076
0 0.501634 0.382047 0.043301 0.134191
0 0.559232 0.377604 0.055556 0.143076
0 0.021038 0.696538 0.042075 0.109988
0 0.099469 0.685355 0.080474 0.106618
0 0.202614 0.663756 0.089869 0.105086
0 0.844975 0.515931 0.036356 0.039828
0 0.296160 0.522365 0.082516 0.056985
0 0.375817 0.511489 0.063725 0.051164
0 0.451593 0.505974 0.071487 0.049939
0 0.521446 0.499234 0.058415 0.045037
0 0.584150 0.494945 0.049020 0.043811
0 0.650327 0.494485 0.049837 0.037990
0 0.699959 0.482384 0.042892 0.034007
0 0.377451 0.573223 0.061275 0.058824
0 0.454044 0.564645 0.067402 0.056985
0 0.521038 0.558670 0.051062 0.052390
0 0.583333 0.551011 0.050654 0.049326
0 0.695874 0.532629 0.044526 0.043811
0 0.296160 0.585631 0.085784 0.057292
0 0.929943 0.607077 0.028186 0.035846
0 0.062092 0.213388 0.086601 0.187806
0 0.749183 0.592678 0.044935 0.034007
0 0.698529 0.603860 0.040033 0.037377
0 0.646446 0.610294 0.051879 0.038603
0 0.586806 0.620251 0.054330 0.046875
0 0.527165 0.688113 0.060049 0.049632
0 0.458333 0.705729 0.053922 0.049326
0 0.881332 0.798866 0.033905 0.038909
0 0.918913 0.781250 0.027369 0.034314
0 0.952614 0.656250 0.032680 0.026348
0 0.952614 0.695772 0.029412 0.026961
0 0.953023 0.730545 0.030229 0.032169
0 0.954044 0.767770 0.029003 0.035539
0 0.985294 0.644761 0.029412 0.035233
0 0.985294 0.680607 0.029412 0.031556
0 0.985907 0.762408 0.027369 0.034620
0 0.588440 0.675398 0.055147 0.041973
0 0.644199 0.666207 0.047386 0.051164
0 0.987745 0.717984 0.024510 0.034007
0 0.750408 0.645987 0.040850 0.049326
0 0.467320 0.937806 0.059641 0.047181
0 0.391136 0.961857 0.066585 0.057292
0 0.316381 0.982690 0.064134 0.033395
0 0.465074 0.883885 0.064134 0.042279
0 0.700776 0.653033 0.051062 0.046875
0 0.389706 0.906863 0.069444 0.043505
0 0.313930 0.927237 0.064951 0.054228
0 0.462214 0.834712 0.058415 0.044424
0 0.389706 0.854167 0.069444 0.052696
0 0.311683 0.869485 0.073529 0.047794
0 0.458333 0.777574 0.066176 0.055760
0 0.382353 0.788909 0.064542 0.049020
0 0.306577 0.810049 0.081291 0.058824
0 0.162173 0.936887 0.168301 0.082721
0 0.159722 0.864583 0.172386 0.049632
0 0.153595 0.798560 0.185458 0.071998
0 0.591095 0.741575 0.053922 0.043199
