0 0.797794 0.716759 0.029412 0.060968
0 0.726307 0.710784 0.032680 0.064338
0 0.760212 0.705882 0.026144 0.053922
0 0.853145 0.673866 0.023284 0.051164
0 0.130310 0.840839 0.039216 0.082414
0 0.952819 0.700368 0.046160 0.050245
0 0.038399 0.829504 0.037582 0.081189
0 0.077410 0.826746 0.034722 0.085478
0 0.169730 0.835938 0.029820 0.088542
0 0.203840 0.836244 0.026961 0.060968
0 0.254289 0.808670 0.059232 0.080576
0 0.313521 0.811887 0.051062 0.072917
0 0.373162 0.809130 0.059232 0.074755
0 0.433619 0.805300 0.056781 0.079350
0 0.493056 0.807138 0.058007 0.080576
0 0.880310 0.676777 0.031863 0.045956
0 0.682394 0.715686 0.052696 0.053922
0 0.390114 0.705729 0.024510 0.058517
0 0.577819 0.714308 0.068219 0.068321
0 0.353962 0.617034 0.024101 0.064338
0 0.321691 0.622396 0.031454 0.071385
0 0.734273 0.620251 0.032271 0.070772
0 0.767770 0.623009 0.024918 0.068321
0 0.797794 0.620098 0.032680 0.068015
0 0.866013 0.606771 0.026144 0.058517
0 0.892565 0.603554 0.026961 0.063113
0 0.926675 0.605086 0.026552 0.057598
0 0.954044 0.606005 0.025735 0.057598
0 0.985090 0.604626 0.029820 0.056679
0 0.046160 0.710938 0.046569 0.049326
0 0.084763 0.716759 0.029820 0.051164
0 0.115196 0.723499 0.025327 0.045037
0 0.146038 0.715533 0.028186 0.058517
0 0.175654 0.714461 0.028595 0.058824
0 0.217116 0.714920 0.053513 0.059743
0 0.262868 0.709865 0.030637 0.064338
0 0.296160 0.710631 0.028595 0.064645
0 0.328023 0.722733 0.022059 0.028186
0 0.356822 0.711091 0.026552 0.061887
0 0.554330 0.804228 0.057190 0.082108
0 0.412582 0.704657 0.017974 0.056373
0 0.451185 0.721507 0.049428 0.036152
0 0.632966 0.713235 0.035539 0.068015
0 0.613562 0.805300 0.054739 0.084252
0 0.890727 0.513480 0.026552 0.037990
0 0.735090 0.804688 0.053513 0.085478
0 0.785539 0.376991 0.070261 0.092218
0 0.714257 0.377604 0.064134 0.089767
0 0.344975 0.206036 0.068219 0.135110
0 0.418505 0.191483 0.074755 0.158088
0 0.496732 0.177849 0.075163 0.186581
0 0.584559 0.191636 0.071895 0.153493
0 0.665033 0.176624 0.080065 0.179228
0 0.747958 0.175858 0.072712 0.180760
0 0.818015 0.181679 0.060049 0.171569
0 0.037173 0.507812 0.044935 0.070772
0 0.021650 0.378830 0.043301 0.078738
0 0.128881 0.382506 0.059232 0.081189
0 0.224469 0.378983 0.107435 0.101716
0 0.307802 0.378217 0.052696 0.092218
0 0.358252 0.379442 0.045752 0.088542
0 0.404003 0.378830 0.042484 0.086091
0 0.458742 0.375766 0.058007 0.094669
0 0.516544 0.379136 0.055964 0.089154
0 0.572100 0.384344 0.051062 0.082414
0 0.640931 0.375306 0.073529 0.091299
0 0.070874 0.381127 0.053513 0.077819
0 0.673611 0.804688 0.061275 0.085478
0 0.093342 0.507812 0.060049 0.073223
0 0.206495 0.219669 0.061683 0.102941
0 0.208333 0.609835 0.032680 0.067096
0 0.089869 0.612592 0.040033 0.082414
0 0.015523 0.610600 0.031046 0.083333
0 0.966912 0.507966 0.026144 0.039216
0 0.918301 0.511949 0.026144 0.034926
0 0.383170 0.608609 0.030229 0.071998
0 0.867851 0.513480 0.013480 0.042892
0 0.797794 0.498315 0.065359 0.085478
0 0.727941 0.501225 0.071895 0.091299
0 0.274101 0.205576 0.066176 0.135417
0 0.654003 0.497089 0.067810 0.090380
0 0.505515 0.503676 0.043709 0.069853
0 0.463031 0.508578 0.030637 0.079044
0 0.429943 0.510570 0.036356 0.073836
0 0.399714 0.508425 0.024101 0.069547
0 0.370915 0.506281 0.025327 0.070159
0 0.153595 0.506587 0.053105 0.068321
0 0.021242 0.195312 0.042484 0.139400
0 0.077206 0.202206 0.053105 0.137868
0 0.140319 0.201746 0.065768 0.137561
0 0.553309 0.503064 0.042075 0.077206
0 0.413194 0.609988 0.029003 0.075368
0 0.291667 0.618107 0.023693 0.059130
0 0.242239 0.612132 0.035131 0.062500
0 0.701389 0.623315 0.033497 0.065257
0 0.647876 0.619485 0.055556 0.059436
0 0.595997 0.596507 0.026144 0.055147
0 0.563725 0.613051 0.033497 0.063113
0 0.526552 0.608456 0.027778 0.061887
0 0.488971 0.624081 0.033497 0.070466
0 0.450776 0.619179 0.032271 0.071078
