0 0.815741 0.354167 0.041667 0.022917
0 0.815972 0.331771 0.039352 0.022396
0 0.862037 0.332161 0.039815 0.021615
0 0.916204 0.321875 0.020370 0.049479
0 0.897222 0.322005 0.016667 0.044010
0 0.916667 0.252344 0.029630 0.049479
0 0.966667 0.319401 0.027778 0.023177
0 0.781713 0.340365 0.024537 0.054688
0 0.861343 0.354687 0.038426 0.019792
0 0.753009 0.339844 0.031019 0.054167
0 0.465509 0.333464 0.031019 0.058073
0 0.692593 0.339193 0.033333 0.055469
0 0.435185 0.332682 0.025926 0.056510
0 0.398380 0.309505 0.037500 0.026302
0 0.400000 0.332813 0.039815 0.020313
0 0.400463 0.352995 0.037963 0.020573
0 0.362500 0.336589 0.034259 0.056510
0 0.328009 0.334115 0.033796 0.054167
0 0.287269 0.333854 0.050463 0.054167
0 0.952315 0.245833 0.028704 0.052604
0 0.239583 0.332813 0.043981 0.056771
0 0.198380 0.331901 0.038426 0.055469
0 0.091667 0.345313 0.047222 0.023958
0 0.089815 0.319792 0.047222 0.029687
0 0.515046 0.327865 0.062500 0.068750
0 0.559954 0.341406 0.024537 0.043750
0 0.587037 0.342448 0.025000 0.043750
0 0.617824 0.341146 0.033796 0.046875
0 0.653935 0.342708 0.037500 0.050000
0 0.725000 0.339453 0.025926 0.055469
0 0.989120 0.244010 0.021759 0.056250
0 0.292361 0.519661 0.043056 0.011198
0 0.955324 0.405469 0.047685 0.016146
0 0.331481 0.414062 0.027778 0.060937
0 0.299306 0.413151 0.031944 0.065885
0 0.266667 0.414323 0.029630 0.068229
0 0.236111 0.426042 0.028704 0.045833
0 0.206019 0.429167 0.029630 0.038542
0 0.176620 0.417708 0.030093 0.054167
0 0.137963 0.417839 0.035185 0.049219
0 0.100694 0.516797 0.043981 0.021615
0 0.055556 0.517188 0.042593 0.020833
0 0.057176 0.493099 0.045833 0.025781
0 0.366898 0.420443 0.033796 0.060677
0 0.015741 0.492969 0.026852 0.026042
0 0.011111 0.433333 0.017593 0.020833
0 0.045139 0.435156 0.042130 0.021354
0 0.090741 0.433594 0.044444 0.020313
0 0.090509 0.410026 0.044907 0.021615
0 0.048843 0.410156 0.033796 0.026042
0 0.014120 0.408203 0.023611 0.025260
0 0.046528 0.387240 0.043056 0.019271
0 0.041204 0.320182 0.045370 0.026302
0 0.091898 0.386719 0.046759 0.022917
0 0.146296 0.330729 0.039815 0.053125
0 0.013426 0.516797 0.026852 0.021615
0 0.401852 0.421615 0.036111 0.058854
0 0.435417 0.420703 0.032870 0.058073
0 0.237500 0.505208 0.023148 0.044792
0 0.898148 0.390755 0.037037 0.052865
0 0.825463 0.416927 0.030556 0.063021
0 0.794444 0.427865 0.026852 0.038542
0 0.765972 0.427995 0.028241 0.040885
0 0.703009 0.414844 0.064352 0.064583
0 0.647685 0.419922 0.030556 0.053385
0 0.611574 0.420573 0.030556 0.060417
0 0.575926 0.416146 0.041667 0.061979
0 0.531713 0.414583 0.044907 0.067708
0 0.493981 0.430078 0.026852 0.041406
0 0.503009 0.503646 0.033796 0.023958
0 0.412963 0.511719 0.035185 0.015104
0 0.454398 0.514062 0.039352 0.015104
0 0.467824 0.430208 0.028241 0.040104
0 0.446991 0.484505 0.031019 0.011719
0 0.452315 0.471745 0.038889 0.013281
0 0.409028 0.470964 0.034722 0.014844
0 0.404630 0.485286 0.041667 0.014844
0 0.328241 0.520573 0.029630 0.016667
0 0.358102 0.520703 0.030093 0.018490
0 0.346528 0.488411 0.031944 0.023177
0 0.294907 0.504557 0.040741 0.019531
0 0.260417 0.505208 0.021759 0.041667
0 0.952546 0.386719 0.042130 0.020313
0 0.040741 0.345313 0.043519 0.023958
0 0.695602 0.672786 0.039352 0.062240
0 0.842824 0.498177 0.048611 0.066146
0 0.730787 0.670833 0.020833 0.062500
0 0.659954 0.683594 0.028241 0.043229
0 0.622685 0.680729 0.034259 0.041667
0 0.528241 0.696094 0.038889 0.017708
0 0.574537 0.695182 0.040741 0.014844
0 0.577778 0.677344 0.042593 0.014583
0 0.525463 0.677214 0.040741 0.014844
0 0.571296 0.656250 0.047222 0.021875
0 0.524537 0.657292 0.030556 0.023438
0 0.487731 0.666406 0.029167 0.075000
0 0.451852 0.665755 0.037037 0.076302
0 0.414352 0.670182 0.039815 0.064844
0 0.368056 0.669922 0.050000 0.065365
0 0.320833 0.666927 0.044444 0.070312
0 0.277315 0.668880 0.042593 0.072135
0 0.201157 0.670443 0.043981 0.062240
0 0.150926 0.679557 0.037963 0.048698
0 0.771296 0.670182 0.046296 0.067448
0 0.818056 0.670312 0.041667 0.067187
0 0.867361 0.670052 0.029167 0.065104
0 0.894907 0.671354 0.025000 0.067187
0 0.378009 0.754036 0.057870 0.058073
0 0.427083 0.757031 0.041204 0.058854
0 0.463426 0.752995 0.032407 0.064844
0 0.496528 0.752474 0.034722 0.063281
0 0.537731 0.754167 0.050463 0.067187
0 0.587269 0.752083 0.044907 0.066667
0 0.634028 0.751693 0.049537 0.067448
0 0.683333 0.752083 0.049074 0.068750
0 0.065972 0.696354 0.043056 0.017188
0 0.734028 0.753776 0.049537 0.065365
0 0.828472 0.751953 0.035648 0.066927
0 0.865278 0.775000 0.038889 0.018229
0 0.868056 0.753255 0.041667 0.023698
0 0.201852 0.494141 0.032407 0.062240
0 0.913657 0.751172 0.048611 0.065885
0 0.965972 0.753255 0.051389 0.069010
0 0.973380 0.666927 0.036574 0.079687
0 0.930556 0.665365 0.045370 0.077083
0 0.784259 0.756120 0.041667 0.063281
0 0.796065 0.495964 0.044907 0.065885
0 0.104167 0.693750 0.038889 0.022396
0 0.065741 0.669401 0.037963 0.027865
0 0.335880 0.582422 0.027315 0.048698
0 0.359028 0.584115 0.019907 0.045312
0 0.391204 0.576172 0.044444 0.065885
0 0.444676 0.576432 0.043981 0.070052
0 0.492824 0.577344 0.045833 0.066146
0 0.546991 0.575781 0.043981 0.064062
0 0.608796 0.574870 0.044444 0.065885
0 0.650463 0.579948 0.033333 0.058333
0 0.693056 0.582292 0.046296 0.056250
0 0.746991 0.584896 0.053241 0.055729
0 0.828704 0.575260 0.061111 0.063021
0 0.878704 0.571224 0.041667 0.080469
0 0.924074 0.573828 0.040741 0.082552
0 0.966898 0.579167 0.041204 0.071875
0 0.971296 0.481901 0.028704 0.062760
0 0.933796 0.482682 0.042593 0.063802
0 0.888426 0.482422 0.041667 0.063802
0 0.297222 0.574349 0.045370 0.069531
0 0.228935 0.602474 0.079167 0.015885
0 0.226852 0.585156 0.074074 0.019271
0 0.228241 0.567839 0.067593 0.015365
0 0.027546 0.694401 0.038426 0.016406
0 0.027546 0.670964 0.033796 0.024740
0 0.019213 0.616667 0.033796 0.016146
0 0.059259 0.617057 0.038889 0.017448
0 0.101852 0.617578 0.048148 0.016406
0 0.103009 0.598047 0.043056 0.019010
0 0.058333 0.597656 0.044444 0.020313
0 0.018750 0.597526 0.032870 0.020573
0 0.103935 0.668099 0.032870 0.025781
0 0.018750 0.577734 0.034722 0.019531
0 0.626620 0.498698 0.025463 0.060417
0 0.666435 0.497917 0.054167 0.058333
0 0.714583 0.496094 0.039352 0.060417
0 0.754398 0.497135 0.038426 0.064062
0 0.532639 0.504687 0.025463 0.026042
0 0.100694 0.577604 0.045833 0.019792
0 0.146528 0.587500 0.031019 0.035937
0 0.173843 0.589323 0.023611 0.036979
0 0.057639 0.577734 0.040278 0.017448
0 0.152546 0.504297 0.053241 0.053906
0 0.565972 0.503125 0.023611 0.056250
0 0.269213 0.760026 0.037500 0.058073
0 0.318750 0.754427 0.057870 0.066667
0 0.055093 0.758984 0.030556 0.045573
0 0.087037 0.763802 0.035185 0.052604
0 0.121991 0.763281 0.032870 0.048958
0 0.594907 0.502995 0.030556 0.056510
0 0.017593 0.761068 0.028704 0.048698
0 0.171528 0.766016 0.023611 0.043490
0 0.209028 0.733073 0.021759 0.020833
0 0.206250 0.752083 0.031019 0.020833
0 0.240972 0.763932 0.020833 0.042969
0 0.149074 0.766667 0.021296 0.046875
