0 0.250521 0.853125 0.041667 0.097656
0 0.567187 0.422852 0.054167 0.112891
0 0.301823 0.850195 0.055729 0.108984
0 0.510677 0.425391 0.051562 0.107813
0 0.359115 0.851172 0.049479 0.102344
0 0.035417 0.576172 0.054167 0.103125
0 0.135417 0.575586 0.045833 0.100391
0 0.186979 0.579102 0.048958 0.094922
0 0.232292 0.585547 0.033333 0.079687
0 0.412240 0.848047 0.049479 0.101562
0 0.464323 0.848633 0.044271 0.102734
0 0.600781 0.117383 0.030729 0.112109
0 0.633594 0.116602 0.029687 0.115234
0 0.664583 0.107813 0.029167 0.129688
0 0.616927 0.426367 0.041146 0.105859
0 0.458333 0.428320 0.044792 0.106641
0 0.916927 0.271680 0.054688 0.110547
0 0.360677 0.429297 0.043229 0.104688
0 0.167708 0.431836 0.036458 0.106641
0 0.117969 0.433203 0.048438 0.102344
0 0.066927 0.434961 0.048438 0.103516
0 0.019531 0.435156 0.039062 0.106250
0 0.671094 0.424414 0.052604 0.101953
0 0.718750 0.428320 0.036458 0.094141
0 0.754427 0.437109 0.030729 0.070312
0 0.408594 0.429102 0.044271 0.105859
0 0.791406 0.421875 0.038021 0.103125
0 0.892969 0.418945 0.046354 0.105078
0 0.942187 0.419141 0.043750 0.109375
0 0.967187 0.270508 0.040625 0.112891
0 0.696354 0.108398 0.029167 0.130078
0 0.207292 0.439063 0.033333 0.089063
0 0.254427 0.429102 0.053646 0.108203
0 0.310156 0.424805 0.051562 0.112109
0 0.838542 0.420898 0.045833 0.104297
0 0.728906 0.111133 0.032813 0.123047
0 0.785677 0.850391 0.042188 0.096875
0 0.813021 0.104883 0.039583 0.130859
0 0.193490 0.282227 0.048438 0.111328
0 0.237760 0.282422 0.031771 0.104688
0 0.553906 0.566211 0.041146 0.101172
0 0.601302 0.566797 0.046354 0.100781
0 0.366927 0.275977 0.029687 0.114453
0 0.399740 0.273047 0.031771 0.119531
0 0.449740 0.279297 0.041146 0.105469
0 0.140625 0.284180 0.046875 0.104297
0 0.325781 0.274023 0.038021 0.114453
0 0.814583 0.272852 0.051042 0.111328
0 0.502344 0.275586 0.056771 0.112109
0 0.560937 0.272266 0.054167 0.120313
0 0.618229 0.273242 0.053125 0.114453
0 0.668750 0.274414 0.040625 0.112891
0 0.713281 0.274219 0.042188 0.112500
0 0.761198 0.275977 0.048438 0.112109
0 0.864844 0.273242 0.042188 0.107422
0 0.766927 0.106055 0.043229 0.130859
0 0.083854 0.289258 0.061458 0.041797
0 0.638281 0.849023 0.038021 0.097266
0 0.851302 0.112695 0.030729 0.113672
0 0.884635 0.113477 0.030729 0.113672
0 0.921354 0.111719 0.037500 0.117188
0 0.955469 0.106445 0.025521 0.125391
0 0.736979 0.842969 0.046875 0.103906
0 0.508854 0.851562 0.036458 0.097656
0 0.830469 0.849023 0.041146 0.093359
0 0.985417 0.104492 0.027083 0.125391
0 0.877865 0.842969 0.046354 0.100781
0 0.282031 0.569531 0.058854 0.107813
0 0.344271 0.562695 0.060417 0.110547
0 0.400781 0.567383 0.047396 0.103516
0 0.455469 0.562695 0.052604 0.108203
0 0.507812 0.565430 0.045833 0.103516
0 0.553125 0.851367 0.041667 0.095703
0 0.597135 0.850000 0.038021 0.097656
0 0.980208 0.845313 0.038542 0.097656
0 0.023698 0.281836 0.047396 0.119141
0 0.932031 0.841797 0.050521 0.101562
0 0.564323 0.111523 0.041146 0.128516
0 0.188802 0.117383 0.034896 0.126172
0 0.151302 0.117773 0.031771 0.125391
0 0.116406 0.118945 0.031771 0.127734
0 0.080990 0.126172 0.029687 0.114062
0 0.047396 0.122266 0.028125 0.122656
0 0.879948 0.709766 0.039062 0.098437
0 0.687240 0.848047 0.047396 0.101562
0 0.881250 0.563867 0.043750 0.100391
0 0.928385 0.563867 0.039062 0.098047
0 0.974479 0.562109 0.045833 0.103906
0 0.972396 0.705273 0.041667 0.098828
0 0.925260 0.707617 0.044271 0.098828
0 0.658594 0.709961 0.039062 0.101172
0 0.615104 0.710742 0.042708 0.098828
0 0.202865 0.858789 0.045312 0.090234
0 0.571354 0.700391 0.033333 0.096094
0 0.526563 0.707617 0.050000 0.108203
0 0.475000 0.708789 0.048958 0.107422
0 0.421354 0.711328 0.045833 0.105469
0 0.368229 0.710156 0.054167 0.115625
0 0.305208 0.708984 0.058333 0.113281
0 0.202344 0.717969 0.051562 0.097656
0 0.152344 0.716992 0.039062 0.100391
0 0.101823 0.714453 0.051562 0.104688
0 0.043750 0.717578 0.050000 0.101562
0 0.232031 0.125781 0.030729 0.107813
0 0.268750 0.121680 0.035417 0.113672
0 0.015625 0.139258 0.031250 0.088672
0 0.339583 0.116016 0.034375 0.124219
0 0.304427 0.117188 0.032813 0.125781
0 0.698698 0.706055 0.036979 0.100391
0 0.790104 0.707812 0.039583 0.100000
0 0.834635 0.704883 0.041146 0.098047
0 0.017448 0.860352 0.034896 0.099609
0 0.063281 0.858594 0.046354 0.097656
0 0.112240 0.830469 0.042188 0.035937
0 0.742969 0.708789 0.044271 0.096484
0 0.117188 0.889062 0.046875 0.028906
0 0.158854 0.857031 0.037500 0.030469
0 0.112500 0.861523 0.046875 0.023828
0 0.519271 0.111914 0.042708 0.129297
0 0.645833 0.569531 0.035417 0.093750
0 0.685156 0.563477 0.038021 0.101172
0 0.732812 0.564063 0.043750 0.098437
0 0.780990 0.562891 0.040104 0.100000
0 0.469792 0.098437 0.041667 0.153906
0 0.423177 0.111133 0.044271 0.132422
0 0.378906 0.114062 0.040104 0.128125
0 0.830729 0.564258 0.051042 0.098828
0 0.161198 0.887695 0.035937 0.029297
