0 0.683007 0.281556 0.018791 0.039216
0 0.761029 0.662071 0.040033 0.025735
0 0.453636 0.732690 0.072304 0.089154
0 0.307394 0.787990 0.192402 0.158701
0 0.978145 0.717371 0.042892 0.039522
0 0.933619 0.703125 0.041258 0.032475
0 0.888685 0.692708 0.045343 0.034926
0 0.842116 0.677849 0.042892 0.033395
0 0.801879 0.671262 0.037582 0.029412
0 0.723856 0.650888 0.028595 0.026042
0 0.700572 0.284620 0.016340 0.044118
0 0.661356 0.630974 0.025327 0.024203
0 0.645833 0.480239 0.031863 0.027267
0 0.615809 0.472426 0.021650 0.023284
0 0.589665 0.471507 0.025735 0.023897
0 0.557190 0.467984 0.026144 0.022978
0 0.532271 0.467065 0.023693 0.024203
0 0.932598 0.474571 0.134804 0.036765
0 0.800654 0.462929 0.127451 0.032475
0 0.722018 0.455270 0.030637 0.033701
0 0.685253 0.452053 0.038807 0.026654
0 0.648693 0.450521 0.034314 0.030944
0 0.679330 0.480699 0.035948 0.025735
0 0.617443 0.445312 0.028186 0.021752
0 0.563725 0.440104 0.026961 0.024816
0 0.539828 0.437960 0.023284 0.029718
0 0.497958 0.452512 0.026961 0.056373
0 0.473652 0.451134 0.021650 0.057904
0 0.452002 0.443627 0.019199 0.043505
0 0.433007 0.441942 0.018791 0.046875
0 0.985294 0.386183 0.029412 0.034007
0 0.981413 0.422181 0.037173 0.035539
0 0.939338 0.420343 0.046977 0.031250
0 0.891748 0.417126 0.042484 0.037071
0 0.591503 0.442249 0.026144 0.028493
0 0.843954 0.411458 0.040033 0.025735
0 0.714665 0.488358 0.034722 0.034314
0 0.792075 0.500613 0.043301 0.034926
0 0.145016 0.631587 0.118464 0.034620
0 0.143178 0.670803 0.119690 0.042586
0 0.249387 0.612898 0.082925 0.032169
0 0.250000 0.649510 0.087418 0.042279
0 0.344771 0.601409 0.095588 0.028186
0 0.349673 0.633732 0.084967 0.034007
0 0.410131 0.551930 0.101307 0.037071
0 0.433211 0.585938 0.075572 0.027880
0 0.434845 0.619485 0.071487 0.038603
0 0.507966 0.600643 0.069036 0.043199
0 0.750408 0.493719 0.034314 0.022978
0 0.061887 0.554228 0.104984 0.042279
0 0.480596 0.387868 0.023284 0.055760
0 0.506740 0.389093 0.025735 0.053922
0 0.542279 0.287837 0.012663 0.038909
0 0.557394 0.288297 0.017565 0.039828
0 0.572304 0.288143 0.013072 0.039522
0 0.690768 0.641391 0.027778 0.023591
0 0.974469 0.521752 0.051062 0.037377
0 0.921160 0.515012 0.050654 0.028186
0 0.877247 0.509344 0.037990 0.031556
0 0.833129 0.502604 0.040441 0.030944
0 0.442198 0.387408 0.030637 0.052390
0 0.803717 0.409467 0.037990 0.030944
0 0.762663 0.405944 0.037582 0.027574
0 0.724469 0.403646 0.035539 0.030944
0 0.602328 0.340993 0.023284 0.030025
0 0.576593 0.338542 0.030637 0.026348
0 0.545139 0.337623 0.030637 0.028186
0 0.985703 0.277727 0.023693 0.056679
0 0.959355 0.280178 0.027369 0.051777
0 0.931985 0.281863 0.029003 0.055147
0 0.906046 0.284467 0.020425 0.053002
0 0.842729 0.280025 0.013072 0.044118
0 0.882353 0.281863 0.026144 0.050858
0 0.860498 0.282322 0.017565 0.051164
0 0.631536 0.342218 0.034314 0.028186
0 0.829453 0.280178 0.008578 0.048100
0 0.796364 0.280331 0.020016 0.044118
0 0.779208 0.280178 0.014297 0.044424
0 0.759600 0.284161 0.024918 0.053002
0 0.737541 0.285233 0.015114 0.050245
0 0.718954 0.283241 0.022059 0.045650
0 0.606005 0.289216 0.014297 0.044118
0 0.621119 0.287377 0.016748 0.046569
0 0.637663 0.287071 0.015523 0.044118
0 0.651961 0.285692 0.013072 0.045037
0 0.665645 0.282782 0.015114 0.037990
0 0.815155 0.282629 0.017565 0.046875
0 0.663399 0.342525 0.029412 0.028799
0 0.695874 0.342218 0.034722 0.028186
0 0.732843 0.343903 0.036765 0.031556
0 0.692606 0.401042 0.028186 0.025735
0 0.659518 0.400276 0.030637 0.026654
0 0.628472 0.397672 0.024918 0.027574
0 0.597631 0.396293 0.029412 0.030331
0 0.565768 0.394914 0.031046 0.026348
0 0.539216 0.393995 0.022059 0.028186
0 0.945261 0.382200 0.047386 0.032169
0 0.895016 0.381434 0.049020 0.031250
0 0.847426 0.379442 0.044526 0.026654
0 0.804943 0.377451 0.040441 0.030637
0 0.766953 0.374540 0.036356 0.024816
0 0.731618 0.374540 0.034314 0.026654
0 0.694649 0.371783 0.038807 0.022978
0 0.660131 0.371477 0.029412 0.025429
0 0.631536 0.370098 0.025327 0.023897
0 0.603350 0.367800 0.027778 0.022978
0 0.572100 0.366422 0.031454 0.022059
0 0.544935 0.365656 0.023693 0.022978
0 0.958129 0.347273 0.050245 0.037071
0 0.905637 0.345435 0.051471 0.038909
0 0.857026 0.345129 0.047386 0.036458
0 0.811683 0.344975 0.035131 0.035539
0 0.771855 0.342831 0.042892 0.031863
0 0.266748 0.413143 0.066993 0.038297
0 0.027165 0.454350 0.035539 0.050858
0 0.589461 0.286765 0.018791 0.041054
0 0.081904 0.484681 0.064134 0.031250
0 0.554739 0.535080 0.024510 0.024203
0 0.472835 0.512408 0.020016 0.049326
0 0.493464 0.511642 0.023693 0.050858
0 0.529208 0.506893 0.026552 0.026654
0 0.556577 0.507966 0.028186 0.022672
0 0.584763 0.515931 0.025735 0.030637
0 0.613562 0.518229 0.026961 0.025429
0 0.641544 0.526501 0.029820 0.032782
0 0.675858 0.530331 0.035539 0.025123
0 0.708538 0.537684 0.029003 0.034314
0 0.743873 0.543658 0.043301 0.026654
0 0.783088 0.551317 0.031046 0.033395
0 0.819444 0.556832 0.035131 0.026042
0 0.860907 0.565257 0.042892 0.035539
0 0.905025 0.572457 0.043709 0.038297
0 0.899510 0.608915 0.042484 0.034007
0 0.061479 0.403033 0.073121 0.037071
0 0.856822 0.601562 0.037990 0.030944
0 0.816585 0.589154 0.038399 0.034314
0 0.773489 0.583487 0.037173 0.022978
0 0.736315 0.574142 0.034722 0.032475
0 0.700572 0.569087 0.028595 0.024203
0 0.669526 0.558977 0.026144 0.027880
0 0.640114 0.555300 0.023693 0.024816
0 0.611724 0.550705 0.029003 0.029718
0 0.956495 0.579810 0.049428 0.036458
0 0.525735 0.533088 0.019608 0.022672
0 0.946895 0.617188 0.046569 0.034007
0 0.575572 0.582721 0.028595 0.025735
0 0.581904 0.543811 0.025735 0.020833
0 0.803922 0.638174 0.041667 0.036152
0 0.632557 0.594056 0.027369 0.032475
0 0.604779 0.589614 0.024918 0.030331
0 0.730188 0.618719 0.031454 0.034620
0 0.766953 0.630208 0.029820 0.036765
0 0.847631 0.644455 0.041667 0.032169
0 0.894812 0.658088 0.045343 0.036152
0 0.941789 0.667279 0.043709 0.035539
0 0.664011 0.601103 0.030637 0.032475
0 0.981618 0.676471 0.034314 0.035539
0 0.602124 0.616575 0.025327 0.021140
0 0.630515 0.623315 0.029003 0.020527
0 0.178513 0.406863 0.103758 0.051471
0 0.294526 0.452359 0.075980 0.037071
0 0.381332 0.471507 0.081291 0.037990
0 0.207925 0.495864 0.093954 0.035233
0 0.193627 0.458180 0.111928 0.027880
0 0.078840 0.448989 0.063725 0.035233
0 0.573325 0.609988 0.024101 0.026348
0 0.696487 0.608915 0.030229 0.034007
