0 0.584896 0.618555 0.066667 0.020703
0 0.583333 0.593750 0.069792 0.024219
0 0.631250 0.720508 0.045833 0.085547
0 0.485417 0.615625 0.089583 0.023438
0 0.510938 0.578711 0.059375 0.045703
0 0.405729 0.585352 0.064583 0.079297
0 0.337240 0.585156 0.068229 0.082031
0 0.263542 0.577734 0.073958 0.032031
0 0.262760 0.609961 0.072396 0.030078
0 0.185156 0.582422 0.078646 0.080469
0 0.106250 0.592578 0.071875 0.059375
0 0.038542 0.584766 0.060417 0.081250
0 0.933594 0.503516 0.066146 0.092969
0 0.985938 0.499219 0.028125 0.089063
0 0.858333 0.490625 0.043750 0.085938
0 0.803125 0.498437 0.063542 0.092188
0 0.730729 0.486523 0.056250 0.093359
0 0.672135 0.484570 0.063021 0.092578
0 0.606771 0.481250 0.063542 0.095312
0 0.538281 0.500977 0.067187 0.094922
0 0.471354 0.497852 0.064583 0.098047
0 0.401302 0.497852 0.071354 0.091016
0 0.329427 0.496094 0.068229 0.085156
0 0.257552 0.495312 0.069271 0.096094
0 0.185417 0.493359 0.069792 0.089844
0 0.113802 0.489453 0.071354 0.081250
0 0.036979 0.496680 0.073958 0.086328
0 0.663802 0.578711 0.058854 0.092578
0 0.683333 0.718555 0.041667 0.088672
0 0.759635 0.718164 0.033854 0.089453
0 0.965885 0.396484 0.068229 0.106250
0 0.965885 0.847266 0.061979 0.050781
0 0.912760 0.826758 0.040104 0.089453
0 0.868750 0.828320 0.042708 0.090234
0 0.826823 0.825977 0.040104 0.097266
0 0.782292 0.825781 0.044792 0.095312
0 0.739844 0.827344 0.038021 0.090625
0 0.696094 0.845313 0.041146 0.058594
0 0.723437 0.582031 0.057292 0.094531
0 0.654427 0.844336 0.040104 0.058984
0 0.603646 0.828125 0.051042 0.091406
0 0.551823 0.829102 0.050521 0.089453
0 0.507292 0.831055 0.036458 0.085547
0 0.468229 0.823047 0.039583 0.050000
0 0.422917 0.847266 0.039583 0.050781
0 0.382031 0.839063 0.038021 0.053125
0 0.338281 0.838477 0.045312 0.067578
0 0.291406 0.838086 0.048438 0.069922
0 0.236719 0.838672 0.053646 0.069531
0 0.183333 0.850391 0.046875 0.049219
0 0.133073 0.848828 0.051562 0.054688
0 0.079167 0.851172 0.048958 0.049219
0 0.031510 0.843750 0.034896 0.060156
0 0.970052 0.717187 0.039062 0.092969
0 0.934896 0.718164 0.030208 0.094922
0 0.904427 0.720313 0.029687 0.091406
0 0.871094 0.723633 0.035937 0.089453
0 0.809635 0.718359 0.065104 0.085938
0 0.726562 0.716406 0.033333 0.093750
0 0.867188 0.393945 0.065625 0.090234
0 0.711979 0.382227 0.059375 0.095703
0 0.457813 0.142578 0.053125 0.085938
0 0.583854 0.720508 0.045833 0.080078
0 0.844271 0.581250 0.062500 0.071094
0 0.946094 0.600195 0.088021 0.015234
0 0.951042 0.615820 0.088542 0.012109
0 0.949479 0.629297 0.083333 0.012500
0 0.400781 0.142578 0.060937 0.085156
0 0.340625 0.140430 0.059375 0.088672
0 0.280469 0.139844 0.060937 0.086719
0 0.220573 0.135156 0.059896 0.088281
0 0.161719 0.133398 0.057813 0.091016
0 0.102344 0.129883 0.056771 0.094141
0 0.802604 0.389648 0.062500 0.092578
0 0.041927 0.130273 0.061979 0.094922
0 0.040885 0.716016 0.035937 0.092969
0 0.075781 0.715430 0.035937 0.089453
0 0.114062 0.717187 0.034375 0.088281
0 0.170833 0.714844 0.066667 0.097656
0 0.225260 0.714648 0.038021 0.092578
0 0.275521 0.703711 0.044792 0.075391
0 0.324219 0.727734 0.035937 0.074219
0 0.538021 0.721289 0.043750 0.077734
0 0.454427 0.695508 0.039062 0.068359
0 0.495833 0.722656 0.038542 0.075781
0 0.405729 0.722461 0.045833 0.079297
0 0.011458 0.715234 0.022917 0.095312
0 0.514583 0.143945 0.060417 0.082422
0 0.572917 0.145508 0.055208 0.084766
0 0.630469 0.147461 0.060937 0.080078
0 0.646094 0.373047 0.054688 0.087500
0 0.585938 0.374609 0.059375 0.097656
0 0.512500 0.378516 0.043750 0.107813
0 0.442969 0.384180 0.070312 0.109766
0 0.351042 0.373437 0.070833 0.102344
0 0.270573 0.373828 0.072396 0.110156
0 0.202865 0.375781 0.061979 0.107031
0 0.128906 0.375391 0.076563 0.115625
0 0.056771 0.373633 0.066667 0.116797
0 0.961979 0.297070 0.076042 0.057422
0 0.884375 0.296680 0.070833 0.066797
0 0.811198 0.292969 0.070312 0.058594
0 0.740885 0.292969 0.067187 0.058594
0 0.670573 0.290039 0.075521 0.055078
0 0.587500 0.287109 0.075000 0.053906
0 0.454948 0.285352 0.069271 0.064453
0 0.378906 0.283594 0.073438 0.070312
0 0.297656 0.271289 0.060937 0.076172
0 0.216146 0.271875 0.069792 0.077344
0 0.123958 0.269531 0.076042 0.078125
0 0.042708 0.263086 0.079167 0.083203
0 0.844792 0.145117 0.050000 0.091016
0 0.800521 0.138867 0.038542 0.104297
0 0.757031 0.137500 0.049479 0.104688
0 0.696615 0.140625 0.067187 0.097656
0 0.362760 0.724805 0.041146 0.073047
