0 0.881740 0.397672 0.091912 0.024510
0 0.659518 0.402420 0.042892 0.060355
0 0.881740 0.370558 0.087827 0.025429
0 0.886029 0.422794 0.096405 0.019608
0 0.783497 0.391238 0.074346 0.088235
0 0.712623 0.403339 0.051062 0.057292
0 0.614379 0.400888 0.034314 0.058517
0 0.318832 0.395067 0.074755 0.075061
0 0.538194 0.401961 0.036356 0.060662
0 0.495507 0.401961 0.044935 0.058211
0 0.452614 0.401195 0.032680 0.062194
0 0.397263 0.399816 0.069036 0.071691
0 0.253676 0.394148 0.038399 0.078738
0 0.212010 0.392310 0.036765 0.074449
0 0.958538 0.398591 0.057598 0.023284
0 0.577614 0.401654 0.034314 0.058824
0 0.966708 0.423866 0.049428 0.021752
0 0.315359 0.566330 0.022876 0.043811
0 0.965686 0.502451 0.067810 0.050245
0 0.173815 0.563113 0.021650 0.043505
0 0.199346 0.563113 0.021242 0.043505
0 0.222222 0.564645 0.021242 0.043505
0 0.244690 0.564032 0.020425 0.044730
0 0.268791 0.565257 0.019608 0.041667
0 0.291258 0.566636 0.019608 0.040748
0 0.171364 0.398284 0.041258 0.059436
0 0.868668 0.491728 0.106618 0.069240
0 0.339869 0.568474 0.022876 0.040135
0 0.344975 0.486979 0.029003 0.059743
0 0.307394 0.484681 0.039624 0.055147
0 0.267770 0.481005 0.029820 0.060049
0 0.224265 0.483762 0.044935 0.063113
0 0.175858 0.480699 0.042075 0.062500
0 0.746936 0.484835 0.042075 0.058517
0 0.791871 0.484988 0.042075 0.061887
0 0.378676 0.567249 0.019608 0.042586
0 0.290237 0.153339 0.029820 0.117341
0 0.335172 0.152880 0.054330 0.110294
0 0.856005 0.297335 0.032271 0.078125
0 0.764297 0.570925 0.027778 0.025429
0 0.788807 0.573376 0.016340 0.021140
0 0.032680 0.140012 0.065359 0.129902
0 0.134804 0.147518 0.029412 0.121017
0 0.167279 0.147672 0.033088 0.115196
0 0.201389 0.147212 0.031863 0.115502
0 0.232843 0.153493 0.025327 0.102328
0 0.259395 0.149357 0.021242 0.117341
0 0.096405 0.325061 0.058007 0.056373
0 0.029820 0.328125 0.059641 0.053922
0 0.890931 0.302543 0.032680 0.064032
0 0.938317 0.314338 0.053922 0.041667
0 0.985294 0.310049 0.029412 0.045343
0 0.976103 0.166973 0.047794 0.103554
0 0.928922 0.160999 0.043301 0.114277
0 0.876838 0.169424 0.045343 0.089461
0 0.832721 0.174632 0.038807 0.083333
0 0.792075 0.173254 0.034314 0.077512
0 0.743260 0.158854 0.057598 0.108762
0 0.685049 0.155790 0.057190 0.113664
0 0.638072 0.156863 0.028595 0.109069
0 0.601511 0.158088 0.037173 0.106005
0 0.552492 0.154412 0.056781 0.113358
0 0.510417 0.153952 0.021650 0.114277
0 0.481209 0.154105 0.032680 0.113971
0 0.436479 0.152267 0.049428 0.115196
0 0.387255 0.151961 0.044935 0.112132
0 0.731618 0.569393 0.015523 0.022365
0 0.025940 0.446844 0.051879 0.116728
0 0.709967 0.568781 0.021242 0.033395
0 0.643995 0.570772 0.032271 0.038603
0 0.820874 0.296415 0.032271 0.073223
0 0.785335 0.296875 0.037173 0.074142
0 0.743873 0.295190 0.035948 0.076900
0 0.704453 0.298560 0.034722 0.065257
0 0.665850 0.298407 0.035131 0.063725
0 0.624796 0.298866 0.034722 0.062806
0 0.586601 0.297947 0.035948 0.064645
0 0.549224 0.296569 0.033905 0.064338
0 0.513480 0.298407 0.031863 0.066789
0 0.473039 0.293199 0.036765 0.075980
0 0.433211 0.295803 0.038807 0.071998
0 0.389297 0.298560 0.036765 0.060355
0 0.351103 0.301624 0.029820 0.059130
0 0.312500 0.297794 0.041667 0.066789
0 0.270629 0.293352 0.035539 0.073223
0 0.220384 0.282322 0.053513 0.092831
0 0.157067 0.280331 0.057598 0.098652
0 0.405842 0.566942 0.020833 0.040135
0 0.426675 0.566789 0.017565 0.038603
0 0.449959 0.567249 0.019199 0.039522
0 0.472222 0.565257 0.018791 0.041667
0 0.495915 0.566483 0.017157 0.041054
0 0.517157 0.567555 0.018791 0.040135
0 0.542075 0.568781 0.023693 0.039522
0 0.565972 0.569087 0.019199 0.043199
0 0.587623 0.570312 0.021650 0.039522
0 0.613358 0.569393 0.020016 0.040748
0 0.676675 0.571078 0.024101 0.031863
0 0.092116 0.447763 0.069853 0.113664
0 0.503676 0.646906 0.053105 0.052390
0 0.812908 0.741881 0.040033 0.049326
0 0.500613 0.834406 0.026552 0.087929
0 0.468954 0.844975 0.028595 0.093750
0 0.437500 0.848958 0.026961 0.092525
0 0.406658 0.848039 0.030637 0.093750
0 0.372958 0.847580 0.032680 0.092831
0 0.339257 0.847273 0.029820 0.091605
0 0.310049 0.846814 0.024510 0.088235
0 0.282475 0.847273 0.026552 0.088542
0 0.897263 0.648897 0.061683 0.028799
0 0.259804 0.743260 0.034314 0.054534
0 0.301062 0.740349 0.043301 0.058517
0 0.392565 0.740502 0.035131 0.053922
0 0.435049 0.740809 0.038399 0.053309
0 0.480188 0.742341 0.046977 0.053309
0 0.529208 0.740809 0.042892 0.053309
0 0.183007 0.852482 0.031863 0.087316
0 0.217320 0.853094 0.026961 0.086091
0 0.249796 0.852635 0.030637 0.084559
0 0.970792 0.833946 0.057598 0.102941
0 0.848652 0.833027 0.163807 0.103554
0 0.727941 0.844975 0.028595 0.096201
0 0.699551 0.842678 0.024918 0.098346
0 0.670752 0.846354 0.028595 0.090380
0 0.893995 0.678002 0.059232 0.025735
0 0.642361 0.844210 0.024918 0.092218
0 0.615605 0.844822 0.024510 0.096507
0 0.584763 0.844516 0.028186 0.087929
0 0.452614 0.645987 0.044935 0.050551
0 0.863766 0.713848 0.055964 0.017770
0 0.878676 0.745864 0.069444 0.038909
0 0.957721 0.726562 0.084559 0.030944
0 0.223652 0.736826 0.031454 0.057598
0 0.378676 0.483762 0.035948 0.063113
0 0.422998 0.484528 0.042892 0.070159
0 0.473243 0.489277 0.037173 0.052083
0 0.504902 0.492494 0.018791 0.043199
0 0.965686 0.678156 0.068627 0.026042
0 0.539624 0.494485 0.031046 0.044730
0 0.569240 0.494792 0.021650 0.044730
0 0.603350 0.497396 0.028595 0.038909
0 0.630106 0.494638 0.020833 0.038297
0 0.660743 0.489430 0.037173 0.055453
0 0.702410 0.489124 0.038807 0.054841
0 0.036152 0.585478 0.072304 0.112745
0 0.557394 0.845741 0.021650 0.092218
0 0.110703 0.587929 0.070261 0.108456
0 0.561683 0.650888 0.046569 0.045037
0 0.242034 0.643229 0.060049 0.059130
0 0.306373 0.649816 0.049837 0.052083
0 0.358047 0.648591 0.047794 0.051471
0 0.406863 0.646906 0.043301 0.049326
0 0.184028 0.742953 0.037990 0.060662
0 0.083333 0.713695 0.113562 0.112439
0 0.572508 0.751379 0.035539 0.031556
0 0.609069 0.750306 0.031863 0.032475
0 0.675858 0.746170 0.038807 0.039522
0 0.765931 0.738051 0.035131 0.050858
0 0.724265 0.732230 0.037582 0.063725
0 0.957721 0.758119 0.084559 0.023591
0 0.184232 0.640165 0.050654 0.063419
0 0.529412 0.848652 0.026961 0.091912
0 0.075776 0.832874 0.118873 0.109375
0 0.832516 0.600797 0.034314 0.030637
0 0.965686 0.647518 0.067810 0.026042
0 0.831699 0.682904 0.053105 0.017157
0 0.830474 0.656556 0.058824 0.028799
0 0.962010 0.593290 0.040033 0.042586
0 0.918505 0.597426 0.038807 0.041667
0 0.877859 0.599724 0.039216 0.032782
0 0.773284 0.643995 0.045752 0.061887
0 0.724877 0.642616 0.042892 0.060355
0 0.671977 0.642463 0.051471 0.058824
0 0.613154 0.651501 0.048203 0.049326
