0 0.224571 0.613971 0.028799 0.098039
0 0.416973 0.725490 0.023897 0.120915
0 0.284620 0.612132 0.022059 0.099265
0 0.314185 0.616830 0.024203 0.101307
0 0.254136 0.613971 0.026042 0.100490
0 0.234069 0.751021 0.030637 0.119690
0 0.328738 0.729779 0.023284 0.119690
0 0.299939 0.749592 0.023284 0.116830
0 0.357996 0.728758 0.026042 0.117647
0 0.387868 0.723039 0.025735 0.111928
0 0.343444 0.615809 0.021446 0.099265
0 0.268536 0.752247 0.025429 0.112337
0 0.370558 0.623775 0.021752 0.078431
0 0.755515 0.651552 0.018382 0.079248
0 0.425551 0.625408 0.025735 0.071895
0 0.454657 0.627451 0.025123 0.080882
0 0.479167 0.626021 0.022059 0.087827
0 0.576287 0.637868 0.021446 0.101716
0 0.550245 0.637459 0.023284 0.100899
0 0.632966 0.638685 0.027574 0.093546
0 0.603860 0.636438 0.024510 0.096405
0 0.660233 0.640114 0.022672 0.098856
0 0.686734 0.641953 0.025429 0.102533
0 0.736673 0.647876 0.016238 0.091503
0 0.712929 0.644812 0.023897 0.100899
0 0.979320 0.633578 0.026654 0.115196
0 0.448683 0.748570 0.029718 0.118056
0 0.399969 0.627655 0.019301 0.046160
0 0.477328 0.749796 0.023897 0.117239
0 0.727941 0.768587 0.024510 0.088644
0 0.336397 0.884600 0.058824 0.110703
0 0.576746 0.755515 0.027880 0.104167
0 0.607077 0.752042 0.021752 0.097222
0 0.636489 0.759804 0.025429 0.102941
0 0.932445 0.199755 0.029105 0.115196
0 0.818168 0.212623 0.030944 0.104167
0 0.696844 0.762663 0.027267 0.098856
0 0.947151 0.636438 0.027267 0.115196
0 0.757966 0.775940 0.030637 0.083742
0 0.788297 0.772672 0.022672 0.084559
0 0.876838 0.766953 0.027574 0.122141
0 0.906097 0.765727 0.028493 0.114788
0 0.935202 0.766953 0.023591 0.109886
0 0.963235 0.764297 0.029412 0.111928
0 0.991268 0.763685 0.016850 0.113154
0 0.856924 0.892974 0.018995 0.111928
0 0.883732 0.895833 0.028493 0.110294
0 0.913909 0.892974 0.025735 0.104575
0 0.947304 0.892770 0.034926 0.101716
0 0.982537 0.892565 0.027574 0.101307
0 0.750153 0.887663 0.026042 0.106209
0 0.719975 0.883170 0.025123 0.107843
0 0.687500 0.884395 0.025123 0.105392
0 0.657322 0.885825 0.024203 0.105801
0 0.628064 0.887663 0.023284 0.116830
0 0.594975 0.879902 0.029412 0.108660
0 0.566942 0.883578 0.021140 0.116013
0 0.540441 0.880923 0.018382 0.120507
0 0.464001 0.885621 0.049326 0.115196
0 0.405331 0.883783 0.055760 0.109069
0 0.271599 0.884600 0.060968 0.110703
0 0.917739 0.634191 0.024203 0.121324
0 0.322917 0.410539 0.009804 0.054739
0 0.992341 0.503676 0.015319 0.129902
0 0.415135 0.306985 0.031250 0.107435
0 0.449449 0.309232 0.027574 0.109477
0 0.481618 0.309436 0.026961 0.114788
0 0.787684 0.368056 0.037990 0.107843
0 0.822457 0.366830 0.026042 0.107843
0 0.984681 0.352737 0.028186 0.139297
0 0.949142 0.355801 0.027574 0.130719
0 0.917433 0.349877 0.025429 0.131127
0 0.262561 0.145833 0.026348 0.120915
0 0.230239 0.142565 0.030331 0.116830
0 0.196844 0.141544 0.028493 0.119690
0 0.359835 0.164624 0.033395 0.104575
0 0.326900 0.161969 0.028799 0.101716
0 0.381893 0.307802 0.031556 0.109069
0 0.294118 0.157067 0.028186 0.106618
0 0.424326 0.165033 0.029412 0.112745
0 0.457261 0.166258 0.024816 0.112745
0 0.485447 0.165850 0.023591 0.121732
0 0.556679 0.059641 0.015931 0.111928
0 0.584712 0.063113 0.030944 0.113971
0 0.619945 0.062500 0.030944 0.107843
0 0.654259 0.065972 0.029105 0.114788
0 0.691176 0.062296 0.034314 0.119690
0 0.725797 0.066993 0.029412 0.114379
0 0.797641 0.063521 0.028493 0.112337
0 0.831648 0.065768 0.027880 0.114379
0 0.984375 0.067810 0.031250 0.116013
0 0.948376 0.068423 0.031556 0.117239
0 0.392923 0.165237 0.029105 0.100899
0 0.886336 0.632966 0.026348 0.116422
0 0.347886 0.304330 0.032169 0.114379
0 0.282169 0.305964 0.034314 0.110294
0 0.967678 0.506332 0.025429 0.132761
0 0.935662 0.504289 0.026348 0.126225
0 0.902574 0.502042 0.032475 0.129085
0 0.809743 0.515931 0.028799 0.109477
0 0.779565 0.519199 0.026042 0.116013
0 0.781863 0.208333 0.030637 0.100490
0 0.746477 0.209150 0.030331 0.102124
0 0.713235 0.209150 0.030025 0.102124
0 0.679381 0.207516 0.030944 0.101307
0 0.646293 0.204861 0.031556 0.098448
0 0.614124 0.203023 0.024816 0.102124
0 0.749081 0.514093 0.022059 0.113154
0 0.717984 0.515319 0.022978 0.113154
0 0.314951 0.306781 0.027574 0.107026
0 0.689338 0.514910 0.023284 0.107435
0 0.628983 0.511642 0.023284 0.108252
0 0.597273 0.501225 0.024816 0.115196
0 0.569853 0.506536 0.023284 0.116013
0 0.547028 0.514502 0.016850 0.101716
0 0.426471 0.453636 0.020221 0.091095
0 0.400429 0.456495 0.023897 0.099265
0 0.371936 0.457925 0.026348 0.102124
0 0.304841 0.411356 0.018382 0.058824
0 0.343750 0.460376 0.026348 0.095588
0 0.313266 0.471405 0.022365 0.048203
0 0.255974 0.459559 0.026042 0.088235
0 0.213542 0.304126 0.036152 0.113971
0 0.248775 0.303513 0.028186 0.115196
0 0.659467 0.515523 0.024816 0.113562
0 0.760110 0.062908 0.029412 0.111111
0 0.546875 0.755719 0.027574 0.109477
0 0.664828 0.763480 0.026961 0.096405
