0 0.313521 0.464920 0.045343 0.102635
0 0.576389 0.467218 0.030229 0.094363
0 0.544322 0.466299 0.033088 0.095588
0 0.505310 0.463848 0.041667 0.096201
0 0.427900 0.463235 0.040441 0.099877
0 0.610907 0.463542 0.038807 0.087623
0 0.389706 0.464767 0.034314 0.097426
0 0.353962 0.465533 0.036356 0.100184
0 0.564951 0.675245 0.039216 0.085784
0 0.647059 0.461091 0.034314 0.091912
0 0.844567 0.471661 0.033088 0.066483
0 0.765931 0.461703 0.067810 0.095588
0 0.815359 0.472273 0.025327 0.064645
0 0.878472 0.470741 0.033905 0.066483
0 0.914216 0.470741 0.034314 0.065870
0 0.947304 0.469975 0.033497 0.064951
0 0.982026 0.470435 0.035948 0.064032
0 0.236724 0.584559 0.038807 0.094975
0 0.273080 0.580882 0.034722 0.102328
0 0.310458 0.580423 0.039216 0.103248
0 0.699755 0.462163 0.066176 0.094669
0 0.149101 0.596354 0.087418 0.077512
0 0.552083 0.362286 0.042892 0.070159
0 0.237949 0.467065 0.034722 0.104473
0 0.314747 0.348958 0.037990 0.100490
0 0.355188 0.351256 0.042075 0.095895
0 0.396855 0.349571 0.038807 0.092525
0 0.435049 0.350643 0.038399 0.090380
0 0.476920 0.362898 0.036356 0.068934
0 0.512663 0.362592 0.034314 0.068321
0 0.345384 0.581648 0.032271 0.100797
0 0.592729 0.362132 0.037582 0.069240
0 0.630923 0.361979 0.040441 0.069547
0 0.273489 0.466452 0.035539 0.105699
0 0.668096 0.361979 0.034722 0.069547
0 0.741830 0.351562 0.035131 0.084252
0 0.774918 0.352788 0.031046 0.083640
0 0.809641 0.352328 0.040033 0.083333
0 0.847018 0.353554 0.034722 0.079657
0 0.885212 0.363664 0.037582 0.065564
0 0.919322 0.365656 0.032271 0.060355
0 0.948529 0.365043 0.026961 0.058517
0 0.978145 0.362745 0.031454 0.061275
0 0.117034 0.450674 0.157271 0.117647
0 0.705270 0.360600 0.038807 0.066789
0 0.378268 0.579657 0.031046 0.096814
0 0.249387 0.809130 0.041258 0.126838
0 0.441585 0.576900 0.035948 0.093750
0 0.244485 0.697457 0.034722 0.078125
0 0.282475 0.697457 0.033905 0.077512
0 0.317198 0.695312 0.036356 0.073836
0 0.352124 0.696078 0.032680 0.072917
0 0.387663 0.692249 0.036765 0.070159
0 0.422386 0.689645 0.029412 0.074142
0 0.456291 0.687500 0.036765 0.070466
0 0.493668 0.687040 0.037990 0.071998
0 0.973652 0.777574 0.038807 0.090074
0 0.755310 0.768689 0.123366 0.037990
0 0.934436 0.781097 0.036356 0.087929
0 0.845588 0.805760 0.053922 0.062500
0 0.983660 0.667279 0.032680 0.063725
0 0.940155 0.669271 0.054330 0.060355
0 0.886642 0.671262 0.052696 0.064951
0 0.820466 0.664522 0.070670 0.077206
0 0.757557 0.668811 0.056781 0.082108
0 0.692606 0.667586 0.070670 0.083333
0 0.638072 0.668964 0.038399 0.086703
0 0.602328 0.673100 0.034722 0.080270
0 0.893995 0.783395 0.038807 0.087010
0 0.408497 0.578278 0.030229 0.097733
0 0.754698 0.815411 0.124592 0.049939
0 0.621528 0.829197 0.130310 0.049326
0 0.474265 0.574295 0.027778 0.098346
0 0.505106 0.574295 0.034722 0.098346
0 0.538399 0.575827 0.031046 0.095282
0 0.597222 0.573376 0.040033 0.089154
0 0.632557 0.573683 0.027369 0.089767
0 0.681373 0.572304 0.071078 0.087010
0 0.747141 0.571078 0.058824 0.088235
0 0.796364 0.577053 0.035539 0.065257
0 0.829657 0.577359 0.028595 0.065870
0 0.625613 0.780025 0.120507 0.044118
0 0.863562 0.576593 0.039216 0.066789
0 0.933824 0.574449 0.032680 0.064951
0 0.966912 0.574142 0.034314 0.064951
0 0.149101 0.761949 0.099673 0.121324
0 0.276961 0.346661 0.039216 0.095895
0 0.295547 0.808517 0.047794 0.126225
0 0.343342 0.806526 0.046977 0.121630
0 0.389093 0.804994 0.046160 0.124081
0 0.487132 0.836397 0.133578 0.049020
0 0.490400 0.787224 0.135212 0.044424
0 0.901757 0.575521 0.032271 0.067096
0 0.233660 0.348652 0.044935 0.093137
0 0.465891 0.462929 0.036356 0.098652
0 0.034722 0.337776 0.069444 0.068934
0 0.048203 0.232077 0.096405 0.097120
0 0.970180 0.150123 0.034314 0.072304
0 0.934845 0.148897 0.034722 0.069240
0 0.900735 0.146140 0.033497 0.074142
0 0.864788 0.148284 0.035131 0.065564
0 0.829044 0.144761 0.037173 0.071385
0 0.795547 0.144608 0.027369 0.070466
0 0.761029 0.143689 0.038399 0.071691
0 0.725694 0.143382 0.031454 0.072917
0 0.690359 0.143229 0.037582 0.073223
0 0.656046 0.142157 0.033497 0.070466
0 0.155842 0.235907 0.116422 0.089461
0 0.621119 0.140165 0.033905 0.073836
0 0.550654 0.124694 0.030229 0.105392
0 0.516748 0.124234 0.039216 0.106924
0 0.478962 0.123009 0.033905 0.103860
0 0.446078 0.121630 0.035131 0.106618
0 0.407884 0.119026 0.038807 0.105086
0 0.367239 0.117034 0.040850 0.109069
0 0.329044 0.115962 0.034722 0.106311
0 0.291258 0.113971 0.042484 0.110294
0 0.253268 0.113817 0.033497 0.108150
0 0.214869 0.113205 0.042484 0.108762
0 0.086397 0.095435 0.172794 0.140625
0 0.584150 0.126225 0.036765 0.108456
0 0.131536 0.339920 0.112745 0.063419
0 0.529820 0.678002 0.033497 0.082721
0 0.436275 0.239890 0.038399 0.088848
0 0.979984 0.248009 0.031863 0.088542
0 0.236111 0.236060 0.037582 0.093444
0 0.272672 0.236979 0.037173 0.089767
0 0.312908 0.238664 0.037582 0.096201
0 0.350694 0.240962 0.039624 0.093444
0 0.393995 0.237745 0.046160 0.091912
0 0.482639 0.251072 0.031454 0.072610
0 0.517770 0.251991 0.037990 0.068934
0 0.599673 0.253064 0.038399 0.069240
0 0.559028 0.252604 0.043709 0.071385
0 0.674428 0.254749 0.034314 0.073223
0 0.708129 0.256127 0.031454 0.075980
0 0.740809 0.246324 0.036356 0.092525
0 0.781454 0.246324 0.040850 0.091912
0 0.819036 0.247702 0.035948 0.089767
0 0.852533 0.245711 0.029412 0.086397
0 0.884395 0.246170 0.035948 0.085478
0 0.918505 0.247089 0.030637 0.086703
0 0.949959 0.247549 0.026552 0.087623
0 0.638889 0.253676 0.036765 0.075980
