0 0.736979 0.255664 0.038542 0.103516
0 0.610938 0.210938 0.055208 0.073438
0 0.684896 0.259570 0.057292 0.089453
0 0.534115 0.261719 0.041146 0.091406
0 0.480990 0.275000 0.052604 0.067969
0 0.422917 0.274805 0.046875 0.065234
0 0.779687 0.254688 0.038542 0.105469
0 0.354948 0.240820 0.069271 0.136328
0 0.284635 0.244727 0.068229 0.131641
0 0.220052 0.242383 0.056771 0.133203
0 0.847917 0.244336 0.072917 0.119922
0 0.190104 0.820703 0.050000 0.025000
0 0.934115 0.398047 0.057813 0.090625
0 0.151042 0.240625 0.069792 0.124219
0 0.872135 0.399219 0.052604 0.091406
0 0.813281 0.398633 0.044271 0.086328
0 0.759115 0.396094 0.046354 0.085156
0 0.708333 0.398047 0.046875 0.084375
0 0.639844 0.397266 0.052604 0.082812
0 0.479427 0.399414 0.057813 0.081641
0 0.532552 0.386328 0.041146 0.104688
0 0.422656 0.399609 0.042188 0.087500
0 0.373698 0.396484 0.046354 0.084375
0 0.937240 0.239648 0.084896 0.123047
0 0.066406 0.231445 0.063021 0.091016
0 0.789062 0.784766 0.036458 0.039062
0 0.476042 0.797266 0.059375 0.090625
0 0.971354 0.948047 0.057292 0.092188
0 0.897656 0.938281 0.070312 0.096094
0 0.819531 0.935937 0.073438 0.094531
0 0.741406 0.932227 0.072396 0.092578
0 0.668229 0.927734 0.068750 0.089844
0 0.592187 0.926758 0.070833 0.091797
0 0.506771 0.927539 0.087500 0.087109
0 0.411198 0.922852 0.088021 0.083984
0 0.259115 0.787891 0.073438 0.093750
0 0.327865 0.917188 0.068229 0.089063
0 0.255469 0.912305 0.070312 0.086328
0 0.184375 0.905469 0.059375 0.027344
0 0.185677 0.940625 0.045312 0.024219
0 0.119792 0.934375 0.047917 0.027344
0 0.118490 0.899023 0.053646 0.027734
0 0.040365 0.892188 0.080729 0.084375
0 0.946094 0.816406 0.106771 0.095312
0 0.851302 0.813477 0.071354 0.088672
0 0.325000 0.396680 0.042708 0.083984
0 0.787240 0.832422 0.041146 0.035156
0 0.726562 0.805273 0.070833 0.092578
0 0.617969 0.806055 0.066146 0.094141
0 0.545573 0.800391 0.071354 0.090625
0 0.401302 0.795898 0.072396 0.093359
0 0.279948 0.394141 0.038021 0.092188
0 0.088542 0.761133 0.051042 0.058984
0 0.184375 0.396875 0.042708 0.081250
0 0.799740 0.512695 0.099479 0.044922
0 0.910156 0.570312 0.079687 0.046094
0 0.925781 0.628125 0.066146 0.028125
0 0.938021 0.679883 0.053125 0.028516
0 0.942448 0.714063 0.061979 0.030469
0 0.849479 0.687109 0.092708 0.029687
0 0.848698 0.722266 0.095312 0.029687
0 0.835417 0.633008 0.080208 0.030859
0 0.742188 0.677539 0.093750 0.091016
0 0.644010 0.674414 0.073438 0.097266
0 0.567708 0.672656 0.070833 0.095312
0 0.495052 0.701758 0.052604 0.030859
0 0.508073 0.619336 0.041146 0.024609
0 0.435156 0.628906 0.058854 0.032813
0 0.435156 0.663672 0.054688 0.027344
0 0.438021 0.698438 0.052083 0.028125
0 0.354167 0.671094 0.084375 0.085938
0 0.266927 0.666406 0.069271 0.095312
0 0.195573 0.696289 0.060937 0.029297
0 0.130469 0.656641 0.045312 0.023438
0 0.135937 0.691797 0.052083 0.028906
0 0.196354 0.662109 0.062500 0.027344
0 0.156250 0.612695 0.031250 0.019141
0 0.203906 0.619727 0.049479 0.032422
0 0.075521 0.659375 0.053125 0.082031
0 0.032292 0.754102 0.056250 0.060547
0 0.329167 0.793555 0.063542 0.088672
0 0.130469 0.815625 0.060937 0.032031
0 0.230990 0.396875 0.046354 0.089844
0 0.807552 0.569531 0.106771 0.047656
0 0.704688 0.575781 0.067708 0.028906
0 0.501042 0.666992 0.056250 0.030078
0 0.707552 0.476562 0.057813 0.022656
0 0.033854 0.547461 0.043750 0.073047
0 0.083854 0.547852 0.037500 0.072266
0 0.146615 0.555664 0.060937 0.019922
0 0.147917 0.574219 0.051042 0.010937
0 0.170052 0.514258 0.033854 0.057422
0 0.063542 0.343164 0.045833 0.083984
0 0.016406 0.349609 0.032813 0.074219
0 0.126562 0.395508 0.048958 0.086328
0 0.704948 0.541406 0.064062 0.027344
0 0.079427 0.458203 0.040104 0.083594
0 0.211719 0.569336 0.052604 0.026172
0 0.284115 0.536719 0.063021 0.030469
0 0.284115 0.567578 0.067187 0.026562
0 0.350000 0.569727 0.056250 0.025391
0 0.214844 0.536523 0.046354 0.024609
0 0.388802 0.504492 0.113021 0.027734
0 0.698958 0.508008 0.056250 0.030078
0 0.627604 0.502148 0.047917 0.023047
0 0.636198 0.542773 0.065104 0.024609
0 0.632031 0.575195 0.060937 0.023828
0 0.558854 0.574219 0.057292 0.028906
0 0.561458 0.538477 0.066667 0.026953
0 0.500781 0.470117 0.059896 0.023047
0 0.502344 0.505273 0.063021 0.023047
0 0.350781 0.536523 0.053646 0.024609
0 0.486719 0.539453 0.055729 0.021875
0 0.487760 0.569922 0.061979 0.025000
0 0.420052 0.568359 0.056771 0.028125
0 0.420573 0.538477 0.054688 0.023828
0 0.023438 0.457617 0.046875 0.078516
