0 0.229427 0.757422 0.030729 0.077344
0 0.193750 0.764453 0.035417 0.066406
0 0.161458 0.779102 0.029167 0.072266
0 0.125781 0.788672 0.040104 0.057031
0 0.085938 0.801758 0.037500 0.065234
0 0.041406 0.805859 0.044271 0.064844
0 0.842708 0.514844 0.026042 0.049219
0 0.072656 0.096094 0.065104 0.097656
0 0.260156 0.748047 0.030729 0.061719
0 0.873177 0.508398 0.029687 0.057422
0 0.903646 0.501758 0.032292 0.066016
0 0.955469 0.486914 0.030729 0.050391
0 0.984375 0.482812 0.028125 0.058594
0 0.297396 0.736523 0.035417 0.076172
0 0.020833 0.096680 0.038542 0.097266
0 0.374219 0.714844 0.031771 0.062500
0 0.914062 0.139844 0.015625 0.064062
0 0.888021 0.113086 0.030208 0.066016
0 0.863281 0.110937 0.019271 0.068750
0 0.836198 0.110547 0.034896 0.066406
0 0.802604 0.111523 0.032292 0.064453
0 0.772396 0.111133 0.029167 0.065234
0 0.739583 0.108594 0.034375 0.073438
0 0.701302 0.105273 0.030729 0.074609
0 0.665885 0.103125 0.040104 0.078906
0 0.625521 0.100781 0.039583 0.074219
0 0.584896 0.101562 0.040625 0.073438
0 0.457292 0.103125 0.047917 0.081250
0 0.409115 0.104883 0.047396 0.082422
0 0.361979 0.102344 0.045833 0.087500
0 0.307031 0.103711 0.060937 0.084766
0 0.335156 0.729297 0.040104 0.060156
0 0.194531 0.102148 0.047396 0.093359
0 0.937500 0.141797 0.033333 0.061719
0 0.968490 0.146094 0.015104 0.050000
0 0.987500 0.150781 0.021875 0.041406
0 0.022656 0.248438 0.042188 0.117969
0 0.687760 0.234766 0.026562 0.090625
0 0.661719 0.236523 0.025521 0.094922
0 0.638542 0.236719 0.023958 0.094531
0 0.613542 0.237891 0.025000 0.095312
0 0.583073 0.239453 0.033854 0.092969
0 0.472656 0.241016 0.033854 0.100781
0 0.437240 0.242969 0.036979 0.097656
0 0.408333 0.240430 0.020833 0.092578
0 0.138802 0.097656 0.066146 0.103906
0 0.378385 0.243555 0.040104 0.088672
0 0.305469 0.235937 0.034896 0.108594
0 0.266667 0.239258 0.040625 0.101953
0 0.229687 0.243359 0.031250 0.107813
0 0.193229 0.245898 0.040625 0.103516
0 0.640365 0.643164 0.027604 0.053516
0 0.154167 0.245898 0.036458 0.105078
0 0.111458 0.245117 0.050000 0.108984
0 0.065885 0.248633 0.042188 0.116797
0 0.340625 0.242578 0.037500 0.085938
0 0.673438 0.638672 0.029167 0.063281
0 0.703125 0.627148 0.025000 0.052734
0 0.733854 0.618555 0.029167 0.060547
0 0.486458 0.824414 0.026042 0.077734
0 0.518229 0.812695 0.037500 0.064453
0 0.555729 0.798633 0.030208 0.052734
0 0.584115 0.790625 0.023438 0.068750
0 0.610938 0.772852 0.032292 0.058984
0 0.641927 0.768359 0.030729 0.070312
0 0.671875 0.751758 0.029167 0.055078
0 0.701562 0.746484 0.028125 0.065625
0 0.457813 0.823047 0.030208 0.082812
0 0.732552 0.733398 0.029687 0.054297
0 0.787240 0.717383 0.020313 0.046484
0 0.810677 0.715039 0.028646 0.051953
0 0.835417 0.689063 0.020833 0.073438
0 0.859635 0.686328 0.027604 0.080469
0 0.895052 0.672461 0.038021 0.069141
0 0.927083 0.668359 0.025000 0.075781
0 0.959896 0.655469 0.039583 0.057031
0 0.990885 0.641992 0.018229 0.066016
0 0.760677 0.731250 0.028646 0.057813
0 0.717187 0.242188 0.034375 0.074219
0 0.426563 0.834961 0.031250 0.077734
0 0.362500 0.868945 0.034375 0.056641
0 0.759896 0.610156 0.022917 0.050000
0 0.783854 0.607422 0.026042 0.056250
0 0.808854 0.598242 0.028125 0.045703
0 0.831510 0.592578 0.019271 0.043750
0 0.869271 0.583203 0.025000 0.049219
0 0.890625 0.576953 0.019792 0.059375
0 0.910677 0.571680 0.018229 0.047266
0 0.932031 0.567969 0.025521 0.053125
0 0.395052 0.844531 0.028646 0.083594
0 0.965625 0.554883 0.029167 0.047266
0 0.018750 0.973047 0.034375 0.053906
0 0.065885 0.965234 0.045312 0.060156
0 0.112500 0.953516 0.039583 0.075000
0 0.155469 0.942383 0.035937 0.071484
0 0.198437 0.917578 0.041667 0.075000
0 0.243229 0.906641 0.044792 0.072656
0 0.285417 0.895117 0.039583 0.058984
0 0.325260 0.882617 0.033854 0.057422
0 0.990104 0.553906 0.019792 0.048438
0 0.751042 0.238477 0.031250 0.066797
0 0.250000 0.095898 0.052083 0.100391
0 0.813802 0.236914 0.025521 0.063672
0 0.317188 0.627734 0.048958 0.063281
0 0.270573 0.641797 0.042188 0.083594
0 0.219531 0.650977 0.045312 0.076172
0 0.171354 0.664258 0.048958 0.093359
0 0.121354 0.675781 0.051042 0.071094
0 0.072396 0.686523 0.042708 0.084766
0 0.025260 0.691211 0.044271 0.080078
0 0.989323 0.401562 0.021354 0.059375
0 0.966927 0.403125 0.021354 0.064062
0 0.940104 0.407617 0.032292 0.055078
0 0.909375 0.415039 0.028125 0.069141
0 0.880990 0.419727 0.028646 0.059766
0 0.853906 0.422656 0.025521 0.063281
0 0.828385 0.428906 0.026562 0.052344
0 0.801302 0.433789 0.029687 0.062891
0 0.773698 0.433789 0.025521 0.064453
0 0.741146 0.439453 0.040625 0.075781
0 0.365885 0.619922 0.047396 0.078906
0 0.410156 0.609180 0.043229 0.062109
0 0.450260 0.598242 0.036979 0.083984
0 0.487500 0.585156 0.038542 0.067187
0 0.408333 0.709570 0.030208 0.069922
0 0.780990 0.237500 0.030729 0.064844
0 0.474479 0.694336 0.034375 0.071484
0 0.510417 0.676367 0.029167 0.062891
0 0.544531 0.670117 0.030729 0.069922
0 0.577865 0.660156 0.030729 0.053906
0 0.611719 0.652148 0.030729 0.069922
0 0.816406 0.523633 0.027604 0.060547
0 0.711198 0.444141 0.022396 0.067969
0 0.793229 0.526953 0.019792 0.056250
0 0.738802 0.532422 0.025521 0.062500
0 0.708854 0.540820 0.036458 0.074609
0 0.674740 0.548633 0.031771 0.058984
0 0.638542 0.556250 0.039583 0.071875
0 0.605990 0.562695 0.028646 0.060547
0 0.576042 0.569531 0.030208 0.074219
0 0.546615 0.572852 0.028646 0.066797
0 0.519010 0.579688 0.024479 0.078125
0 0.766927 0.530859 0.030729 0.063281
0 0.677344 0.449805 0.036979 0.078516
0 0.440885 0.701172 0.034896 0.059375
0 0.613281 0.464453 0.027604 0.071094
0 0.680729 0.347656 0.028125 0.069531
0 0.649740 0.350586 0.032813 0.066016
0 0.613021 0.355859 0.036458 0.075000
0 0.577604 0.356445 0.036458 0.072266
0 0.457031 0.369141 0.050521 0.081250
0 0.410677 0.374023 0.041146 0.088672
0 0.646615 0.454297 0.026562 0.069531
0 0.313281 0.386523 0.050521 0.094922
0 0.262760 0.389844 0.049479 0.089063
0 0.213281 0.397266 0.049479 0.104688
0 0.161458 0.400000 0.054167 0.100000
0 0.107813 0.406055 0.052083 0.108984
0 0.051823 0.411523 0.055729 0.101172
0 0.985156 0.227539 0.026562 0.062109
0 0.951823 0.233398 0.029687 0.068359
0 0.920833 0.236914 0.032292 0.061328
0 0.871875 0.236523 0.033333 0.069922
0 0.710156 0.343555 0.032813 0.061328
0 0.743229 0.342969 0.031250 0.062500
0 0.364323 0.378320 0.050521 0.080078
0 0.801823 0.336914 0.024479 0.062109
0 0.773698 0.339844 0.031771 0.056250
0 0.583854 0.467773 0.029167 0.065234
0 0.493490 0.483594 0.040104 0.070312
0 0.452865 0.490625 0.039062 0.076563
0 0.412760 0.494336 0.042188 0.067578
0 0.367708 0.502930 0.044792 0.080859
0 0.316927 0.510156 0.054688 0.075781
0 0.265885 0.519727 0.042188 0.087891
0 0.220052 0.522656 0.040104 0.085938
0 0.840885 0.234766 0.028646 0.067969
0 0.122656 0.540234 0.050521 0.087500
0 0.172656 0.534961 0.044271 0.098047
0 0.859115 0.326953 0.032813 0.065625
0 0.901563 0.319336 0.031250 0.065234
0 0.934896 0.316406 0.034375 0.069531
0 0.828906 0.332617 0.027604 0.053516
0 0.990885 0.309570 0.018229 0.069141
0 0.024479 0.554297 0.042708 0.089063
0 0.071615 0.548242 0.050521 0.102734
0 0.966406 0.312109 0.030729 0.063281
