0 0.110780 0.421131 0.023148 0.048611
0 0.088790 0.421379 0.020833 0.047123
0 0.471065 0.628844 0.034061 0.068204
0 0.503472 0.630332 0.028770 0.063244
0 0.533565 0.630208 0.031415 0.063988
0 0.132110 0.421379 0.018188 0.049107
0 0.638228 0.557664 0.039021 0.062748
0 0.173776 0.422247 0.021495 0.047371
0 0.194114 0.423363 0.020503 0.048115
0 0.563988 0.630084 0.031415 0.063740
0 0.437831 0.627480 0.031746 0.066468
0 0.401124 0.627480 0.038360 0.070437
0 0.365906 0.626488 0.031415 0.068452
0 0.330192 0.627232 0.036706 0.067460
0 0.151455 0.421627 0.021825 0.049603
0 0.596561 0.631448 0.032407 0.066468
0 0.989087 0.431548 0.021164 0.050099
0 0.067295 0.416171 0.022817 0.055556
0 0.239914 0.486607 0.028770 0.059524
0 0.267196 0.487723 0.025794 0.058284
0 0.293485 0.488715 0.027447 0.058780
0 0.320106 0.487351 0.026455 0.059028
0 0.346230 0.487103 0.024471 0.058036
0 0.371858 0.487847 0.027447 0.058036
0 0.024636 0.625744 0.039352 0.067460
0 0.403108 0.487847 0.025794 0.059524
0 0.011574 0.416295 0.023148 0.055804
0 0.294147 0.627852 0.035384 0.068204
0 0.965774 0.431672 0.026124 0.050347
0 0.665179 0.631200 0.038690 0.065972
0 0.629299 0.632316 0.033730 0.066220
0 0.042163 0.415055 0.026786 0.054812
0 0.427414 0.489087 0.023479 0.058036
0 0.259755 0.625496 0.033399 0.070933
0 0.820933 0.418403 0.036706 0.069444
0 0.194279 0.626364 0.036706 0.068204
0 0.061673 0.626612 0.034061 0.068700
0 0.093419 0.626116 0.030093 0.069196
0 0.125000 0.626736 0.032407 0.071429
0 0.158399 0.628720 0.035714 0.068452
0 0.214782 0.423239 0.020172 0.047867
0 0.236607 0.423735 0.022156 0.048859
0 0.257771 0.423239 0.020172 0.047867
0 0.278274 0.423239 0.022817 0.047867
0 0.299603 0.423859 0.020503 0.046627
0 0.321098 0.424479 0.021825 0.047867
0 0.345073 0.421131 0.024802 0.054563
0 0.368552 0.421379 0.024140 0.053571
0 0.392692 0.422743 0.021495 0.048859
0 0.414352 0.424479 0.023148 0.050347
0 0.436508 0.424107 0.022487 0.051091
0 0.467262 0.414559 0.039021 0.072669
0 0.503307 0.414311 0.034392 0.073165
0 0.930060 0.443328 0.037368 0.022073
0 0.894015 0.402282 0.036045 0.022817
0 0.893684 0.424107 0.035384 0.019841
0 0.892857 0.443080 0.037037 0.020089
0 0.856316 0.425347 0.030754 0.059524
0 0.212136 0.486235 0.024802 0.058780
0 0.227679 0.625744 0.030093 0.069940
0 0.785714 0.417411 0.036376 0.072421
0 0.707837 0.415675 0.037368 0.070933
0 0.672784 0.416171 0.031415 0.071925
0 0.640377 0.416171 0.034061 0.071925
0 0.606978 0.415551 0.030754 0.070685
0 0.574239 0.416667 0.036045 0.070933
0 0.538525 0.415799 0.034722 0.070188
0 0.749339 0.416543 0.034392 0.071181
0 0.185185 0.486483 0.028439 0.059276
0 0.153274 0.485491 0.028108 0.059772
0 0.127149 0.484995 0.024140 0.058780
0 0.293981 0.556796 0.025132 0.058532
0 0.266865 0.554936 0.028439 0.057788
0 0.955853 0.559400 0.031415 0.066220
0 0.985946 0.559648 0.028108 0.062748
0 0.974702 0.499380 0.024802 0.053819
0 0.879299 0.635541 0.067460 0.067212
0 0.951224 0.636905 0.073743 0.064484
0 0.958829 0.713418 0.082341 0.069692
0 0.871362 0.711434 0.070767 0.066220
0 0.238922 0.556052 0.026786 0.057044
0 0.211310 0.556424 0.029101 0.057292
0 0.184193 0.555556 0.026455 0.058532
0 0.156085 0.554812 0.027778 0.058036
0 0.128638 0.555680 0.027116 0.056300
0 0.103836 0.555308 0.025132 0.055060
0 0.075562 0.554315 0.029431 0.056052
0 0.046462 0.555432 0.025463 0.056796
0 0.318122 0.557044 0.022487 0.058532
0 0.020999 0.555308 0.026124 0.058036
0 0.341766 0.556920 0.024802 0.058780
0 0.393188 0.556424 0.025132 0.057788
0 0.675926 0.559400 0.031085 0.058780
0 0.706845 0.559772 0.029431 0.059524
0 0.736772 0.571057 0.028439 0.037946
0 0.766700 0.571057 0.030754 0.036458
0 0.799769 0.560392 0.032738 0.059276
0 0.833499 0.561880 0.033399 0.061260
0 0.864253 0.581473 0.027447 0.021577
0 0.864087 0.559028 0.027116 0.023313
0 0.895668 0.560020 0.036045 0.026290
0 0.895999 0.582837 0.034061 0.019345
0 0.929894 0.564980 0.024471 0.052083
0 0.570933 0.556920 0.032077 0.061260
0 0.538360 0.557168 0.034392 0.060764
0 0.504134 0.558284 0.032738 0.059028
0 0.473049 0.557540 0.031415 0.057540
0 0.444444 0.556796 0.025794 0.058532
0 0.419312 0.557044 0.023148 0.058532
0 0.366567 0.557044 0.026786 0.058532
0 0.742725 0.632564 0.037037 0.060764
0 0.701885 0.632564 0.035384 0.063244
0 0.327050 0.376240 0.027116 0.036706
0 0.135913 0.374876 0.041667 0.043899
0 0.872685 0.511037 0.035714 0.022073
0 0.837467 0.492808 0.032738 0.060020
0 0.804729 0.492312 0.034061 0.059028
0 0.772983 0.492560 0.027447 0.058036
0 0.743386 0.492063 0.031746 0.056052
0 0.711640 0.489459 0.031746 0.059276
0 0.680060 0.490079 0.030754 0.059524
0 0.647487 0.489335 0.035053 0.059524
0 0.613591 0.488467 0.032738 0.058284
0 0.578373 0.487971 0.035714 0.060268
0 0.545139 0.488095 0.032077 0.060020
0 0.484788 0.488219 0.088624 0.059772
0 0.010913 0.484499 0.021825 0.057788
0 0.036376 0.485367 0.027778 0.058036
0 0.068452 0.485863 0.028439 0.060516
0 0.098049 0.486235 0.030093 0.058780
0 0.907242 0.512897 0.033399 0.024802
0 0.942956 0.491815 0.038029 0.023810
0 0.942626 0.514633 0.039352 0.021329
0 0.994048 0.499380 0.011905 0.053819
0 0.414021 0.375620 0.025794 0.042411
0 0.794974 0.709821 0.064815 0.066964
0 0.706019 0.710441 0.107804 0.061260
0 0.591104 0.709077 0.104828 0.067956
0 0.514716 0.706101 0.034722 0.069940
0 0.477844 0.705729 0.037698 0.068700
0 0.434193 0.706473 0.037037 0.070188
0 0.398975 0.705853 0.034061 0.070437
0 0.603340 0.556796 0.030093 0.061508
0 0.363095 0.707589 0.035714 0.069940
0 0.285714 0.708457 0.040344 0.069196
0 0.248843 0.706349 0.034061 0.071925
0 0.210483 0.708581 0.037368 0.069444
0 0.171627 0.707961 0.033069 0.068700
0 0.133267 0.707589 0.039683 0.069940
0 0.097057 0.707341 0.030754 0.069940
0 0.061839 0.707217 0.040344 0.069196
0 0.025132 0.707217 0.034392 0.067708
0 0.322751 0.708333 0.035053 0.069940
0 0.808532 0.632812 0.068122 0.064236
