0 0.613971 0.187347 0.044935 0.095282
0 0.659722 0.188266 0.043301 0.095895
0 0.382761 0.485141 0.036765 0.079963
0 0.466912 0.485600 0.041667 0.074142
0 0.580678 0.494026 0.173611 0.057292
0 0.707721 0.486979 0.072304 0.073836
0 0.778391 0.486060 0.063317 0.075061
0 0.845180 0.487592 0.059641 0.079963
0 0.913603 0.485447 0.074755 0.073836
0 0.145425 0.592218 0.147059 0.028799
0 0.292484 0.592831 0.140523 0.030025
0 0.441176 0.593750 0.140523 0.024510
0 0.149714 0.621783 0.145833 0.025429
0 0.298815 0.621017 0.136846 0.023897
0 0.442810 0.621324 0.137255 0.022059
0 0.584150 0.617953 0.138889 0.030025
0 0.726716 0.616268 0.136438 0.024203
0 0.873979 0.586857 0.142565 0.025429
0 0.867851 0.614277 0.133578 0.024510
0 0.306985 0.721354 0.134395 0.024816
0 0.168505 0.749847 0.141748 0.022365
0 0.310866 0.748162 0.135621 0.026348
0 0.450163 0.717678 0.133170 0.022978
0 0.449755 0.743413 0.138889 0.024203
0 0.424224 0.485141 0.042892 0.075674
0 0.587623 0.715074 0.136029 0.022672
0 0.338644 0.484222 0.037582 0.076287
0 0.256127 0.483915 0.042484 0.078125
0 0.747345 0.186887 0.036356 0.090686
0 0.815359 0.186275 0.083333 0.092525
0 0.888889 0.186581 0.057190 0.092525
0 0.962010 0.187194 0.075980 0.093137
0 0.120915 0.320619 0.171569 0.041973
0 0.123775 0.357537 0.170752 0.029412
0 0.233456 0.343290 0.044526 0.087316
0 0.280842 0.344516 0.040441 0.083027
0 0.326185 0.341912 0.044526 0.083333
0 0.370915 0.343903 0.038399 0.078738
0 0.416054 0.346354 0.042075 0.084252
0 0.535948 0.321844 0.176471 0.032169
0 0.536560 0.355699 0.174428 0.032475
0 0.648489 0.347273 0.040441 0.087929
0 0.692606 0.347733 0.042075 0.081495
0 0.747753 0.345741 0.060049 0.082414
0 0.806577 0.346814 0.039624 0.080882
0 0.863358 0.346967 0.060866 0.084865
0 0.919730 0.347426 0.045343 0.082108
0 0.145833 0.461703 0.163399 0.031250
0 0.148693 0.493873 0.163399 0.026348
0 0.297590 0.484375 0.038807 0.076593
0 0.725694 0.711091 0.134395 0.026348
0 0.162990 0.724571 0.140523 0.022059
0 0.590686 0.739583 0.135621 0.020833
0 0.870302 0.035999 0.081291 0.067096
0 0.793301 0.033088 0.067810 0.063113
0 0.648284 0.031403 0.203431 0.055453
0 0.436683 0.032629 0.214869 0.054841
0 0.285539 0.028339 0.040033 0.049326
0 0.246324 0.029565 0.031863 0.051164
0 0.110090 0.027267 0.216912 0.053309
0 0.136029 0.185049 0.223856 0.096814
0 0.347222 0.190411 0.193627 0.089154
0 0.474877 0.189032 0.047794 0.094975
0 0.861111 0.708946 0.133170 0.022059
0 0.522467 0.188266 0.044118 0.098346
0 0.568015 0.186581 0.042892 0.092525
0 0.957925 0.036458 0.084150 0.068015
0 0.847426 0.838848 0.121324 0.023284
0 0.705065 0.189185 0.044935 0.094056
0 0.715074 0.846354 0.122141 0.018689
0 0.722222 0.738205 0.124183 0.024816
0 0.858456 0.735447 0.124592 0.022365
0 0.946487 0.723499 0.031863 0.068321
0 0.065359 0.825368 0.124183 0.015319
0 0.058211 0.849877 0.106618 0.020833
0 0.179126 0.850031 0.127859 0.019301
0 0.310866 0.827359 0.135621 0.019301
0 0.314134 0.848805 0.129085 0.021140
0 0.447917 0.825827 0.135212 0.021140
0 0.448529 0.848192 0.129902 0.022365
0 0.582516 0.821844 0.132353 0.022365
0 0.848039 0.815564 0.125817 0.019608
0 0.586397 0.846967 0.127042 0.019914
0 0.715891 0.824602 0.130310 0.021140
