0 0.119485 0.672181 0.156454 0.023284
0 0.799020 0.533548 0.111928 0.021140
0 0.803105 0.511029 0.113562 0.015319
0 0.955678 0.581648 0.088644 0.027880
0 0.893995 0.557138 0.047794 0.018076
0 0.696895 0.589308 0.149510 0.027880
0 0.841912 0.588695 0.136438 0.028493
0 0.114992 0.699908 0.153186 0.028493
0 0.553513 0.589614 0.131536 0.027880
0 0.408292 0.592218 0.155637 0.030637
0 0.255515 0.590993 0.149918 0.030637
0 0.845997 0.564032 0.046569 0.022672
0 0.268587 0.697763 0.151552 0.028493
0 0.866013 0.673407 0.147876 0.023284
0 0.431985 0.638174 0.132761 0.033088
0 0.561887 0.697457 0.132761 0.027880
0 0.704453 0.695466 0.149101 0.031250
0 0.101103 0.590533 0.156454 0.029718
0 0.970180 0.681219 0.059641 0.043811
0 0.858047 0.695006 0.150735 0.020527
0 0.037377 0.779565 0.074755 0.029718
0 0.037582 0.809436 0.075163 0.025123
0 0.153186 0.753983 0.150327 0.023897
0 0.154820 0.781403 0.153595 0.026042
0 0.157067 0.809589 0.152369 0.022978
0 0.305556 0.744945 0.146242 0.026654
0 0.306781 0.772978 0.148693 0.027574
0 0.418301 0.697457 0.148693 0.029105
0 0.257761 0.561428 0.151961 0.026654
0 0.080065 0.106158 0.147876 0.024203
0 0.302696 0.514706 0.140523 0.017770
0 0.100694 0.560968 0.152369 0.028186
0 0.712214 0.910692 0.145833 0.027880
0 0.709559 0.879902 0.152778 0.025735
0 0.402165 0.911458 0.153186 0.033701
0 0.246324 0.915288 0.141340 0.030331
0 0.101511 0.915594 0.145016 0.028493
0 0.927288 0.797488 0.145425 0.049020
0 0.153186 0.196844 0.040033 0.102022
0 0.194649 0.197304 0.040441 0.101103
0 0.289216 0.234681 0.150327 0.023897
0 0.446691 0.229779 0.159722 0.023897
0 0.452410 0.196998 0.161356 0.029412
0 0.612541 0.200368 0.154820 0.020221
0 0.616217 0.227328 0.162173 0.028186
0 0.781658 0.223346 0.171977 0.034926
0 0.850490 0.896599 0.120098 0.024816
0 0.114992 0.196691 0.037173 0.104167
0 0.077410 0.195159 0.035539 0.102941
0 0.040850 0.200061 0.035948 0.092525
0 0.746732 0.753064 0.160131 0.028799
0 0.609477 0.801471 0.147876 0.030637
0 0.471609 0.742341 0.132761 0.023897
0 0.458538 0.805147 0.152369 0.027574
0 0.307802 0.803156 0.147467 0.026042
0 0.957108 0.906710 0.085784 0.026654
0 0.076593 0.077512 0.149918 0.031250
0 0.775940 0.193321 0.166258 0.024510
0 0.241830 0.066636 0.165850 0.032169
0 0.412582 0.060815 0.167484 0.029718
0 0.411765 0.094516 0.162582 0.032782
0 0.584559 0.063725 0.163399 0.024510
0 0.582516 0.092218 0.168301 0.028186
0 0.756740 0.055760 0.171160 0.031250
0 0.754902 0.089920 0.170752 0.032782
0 0.011029 0.201134 0.022059 0.093444
0 0.242034 0.099724 0.168709 0.029718
0 0.927288 0.165135 0.145425 0.027574
0 0.292279 0.206036 0.147467 0.026654
0 0.935049 0.191483 0.129902 0.027574
0 0.040645 0.392463 0.075572 0.016544
0 0.033292 0.446998 0.063317 0.026961
0 0.035539 0.479320 0.067810 0.029718
0 0.771038 0.806679 0.156454 0.033088
0 0.220384 0.392463 0.144199 0.014093
0 0.149510 0.446232 0.158497 0.030331
0 0.153799 0.475643 0.160539 0.027267
0 0.031454 0.417586 0.059641 0.032475
0 0.308824 0.449755 0.143791 0.020833
0 0.338235 0.421722 0.144608 0.022365
0 0.463644 0.470129 0.162582 0.032169
0 0.631127 0.409314 0.155229 0.036765
0 0.622345 0.443627 0.153186 0.022672
0 0.621119 0.471814 0.153186 0.028186
0 0.776757 0.471354 0.149918 0.025429
0 0.928105 0.461091 0.143791 0.034314
0 0.307394 0.473805 0.149918 0.023591
0 0.895425 0.346967 0.164216 0.026654
0 0.151348 0.416973 0.165441 0.026348
0 0.889910 0.291360 0.177696 0.027574
0 0.075368 0.355545 0.145016 0.029718
0 0.071895 0.326593 0.143791 0.026961
0 0.897263 0.320619 0.173611 0.024203
0 0.078636 0.295650 0.154003 0.029412
0 0.936479 0.221814 0.127042 0.028186
0 0.229984 0.326593 0.166667 0.024510
0 0.230596 0.356158 0.161356 0.026654
0 0.245711 0.299326 0.140114 0.020833
0 0.391340 0.325368 0.152778 0.026961
0 0.393995 0.355239 0.154820 0.027267
0 0.553513 0.323376 0.165033 0.027267
0 0.549632 0.300245 0.132761 0.017770
0 0.553513 0.352328 0.165033 0.028186
0 0.722018 0.322304 0.165441 0.027574
0 0.724877 0.349877 0.171160 0.025735
0 0.394812 0.298100 0.153186 0.018382
