0 0.787269 0.369010 0.065278 0.047917
0 0.908333 0.374219 0.053704 0.044792
0 0.722222 0.356120 0.050000 0.035677
0 0.668287 0.369271 0.038426 0.045833
0 0.046065 0.463411 0.043981 0.050781
0 0.852778 0.373307 0.057407 0.042969
0 0.725463 0.384115 0.044444 0.016146
0 0.220139 0.474609 0.039352 0.022135
0 0.610417 0.372526 0.042130 0.033594
0 0.262037 0.477604 0.035185 0.017188
0 0.260185 0.451953 0.035185 0.025781
0 0.301620 0.457161 0.040278 0.057552
0 0.345602 0.456901 0.043981 0.056510
0 0.165278 0.455990 0.054630 0.058854
0 0.449537 0.461198 0.046296 0.058854
0 0.503472 0.471745 0.043981 0.040365
0 0.549769 0.464453 0.044907 0.049740
0 0.592361 0.464974 0.034722 0.051302
0 0.634491 0.463802 0.042130 0.047917
0 0.106481 0.457682 0.059259 0.060156
0 0.421759 0.347135 0.024074 0.028125
0 0.407870 0.374870 0.049074 0.026302
0 0.515509 0.373828 0.039352 0.036198
0 0.560648 0.373828 0.043519 0.034115
0 0.216898 0.451432 0.041204 0.021615
0 0.396759 0.459375 0.046296 0.064062
0 0.822222 0.542839 0.053704 0.049219
0 0.818519 0.782682 0.079630 0.072135
0 0.582407 0.534505 0.052778 0.049740
0 0.643056 0.542839 0.050000 0.039844
0 0.699074 0.540885 0.056481 0.047396
0 0.761574 0.543750 0.056481 0.046875
0 0.879861 0.541276 0.043981 0.050260
0 0.971991 0.507292 0.056019 0.049479
0 0.520833 0.539323 0.050000 0.048958
0 0.032176 0.607031 0.016204 0.052083
0 0.075694 0.605990 0.021759 0.050000
0 0.109722 0.607943 0.018519 0.053906
0 0.132639 0.607552 0.020833 0.054688
0 0.158102 0.606641 0.018981 0.054427
0 0.182407 0.607552 0.029630 0.054688
0 0.209954 0.607812 0.021759 0.056771
0 0.053704 0.605990 0.019444 0.048438
0 0.249537 0.607943 0.025000 0.053906
0 0.453241 0.541536 0.062963 0.043490
0 0.360880 0.539062 0.036574 0.048438
0 0.899537 0.465495 0.054630 0.050260
0 0.843750 0.467448 0.039352 0.045312
0 0.785185 0.451823 0.056481 0.078646
0 0.731713 0.466016 0.044907 0.051823
0 0.678472 0.466016 0.043981 0.053385
0 0.355556 0.372266 0.050000 0.035677
0 0.398148 0.537760 0.034259 0.043229
0 0.014815 0.546094 0.027778 0.030208
0 0.109722 0.541016 0.037037 0.039323
0 0.154398 0.545312 0.040278 0.042188
0 0.203704 0.539714 0.033333 0.039323
0 0.242824 0.542318 0.035648 0.033594
0 0.282176 0.542839 0.037500 0.035677
0 0.319213 0.544922 0.034722 0.038802
0 0.051620 0.549219 0.036574 0.031250
0 0.275926 0.607292 0.025000 0.052083
0 0.321528 0.618750 0.058796 0.030208
0 0.368519 0.606641 0.027778 0.053385
0 0.557639 0.689193 0.128241 0.063802
0 0.684259 0.692708 0.112963 0.067187
0 0.787269 0.694792 0.069907 0.060417
0 0.853704 0.696745 0.054630 0.064844
0 0.923380 0.742578 0.040278 0.032552
0 0.970833 0.738281 0.034259 0.035417
0 0.411111 0.689714 0.127778 0.064323
0 0.048843 0.778125 0.093056 0.076563
0 0.252546 0.783333 0.093056 0.076042
0 0.348843 0.780078 0.079167 0.073177
0 0.445139 0.781120 0.075463 0.074219
0 0.537500 0.778776 0.078704 0.067969
0 0.633565 0.783333 0.093056 0.073438
0 0.731713 0.781380 0.088426 0.067969
0 0.159954 0.775521 0.090278 0.066146
0 0.298148 0.691927 0.078704 0.058333
0 0.187269 0.713932 0.116204 0.023698
0 0.194907 0.687500 0.112963 0.014063
0 0.395370 0.607552 0.024074 0.050521
0 0.456481 0.613932 0.079630 0.038802
0 0.553935 0.609635 0.096759 0.046875
0 0.650231 0.618099 0.097685 0.038802
0 0.649769 0.588411 0.090278 0.011719
0 0.740046 0.621094 0.066204 0.031771
0 0.815046 0.622005 0.072685 0.022656
0 0.812731 0.594661 0.075463 0.023698
0 0.883796 0.612370 0.056481 0.044010
0 0.952083 0.585417 0.059722 0.031250
0 0.943981 0.651693 0.052778 0.066406
0 0.986343 0.649609 0.027315 0.070052
0 0.034491 0.686589 0.059722 0.071094
0 0.096296 0.687891 0.062963 0.066406
0 0.195370 0.666276 0.112963 0.022656
0 0.901852 0.789193 0.054630 0.025781
0 0.295139 0.361198 0.063426 0.056771
0 0.467130 0.195964 0.062037 0.060677
0 0.159491 0.365495 0.065278 0.045052
0 0.807407 0.192969 0.025926 0.064583
0 0.772454 0.194922 0.031019 0.054948
0 0.730787 0.193750 0.047685 0.072396
0 0.668981 0.148438 0.047222 0.031771
0 0.677083 0.198568 0.045833 0.055469
0 0.620602 0.201953 0.047685 0.050781
0 0.575463 0.201302 0.034259 0.050000
0 0.528704 0.199219 0.050926 0.064062
0 0.399769 0.197917 0.066204 0.058854
0 0.327315 0.192188 0.060185 0.060417
0 0.262037 0.192708 0.059259 0.064583
0 0.209491 0.191406 0.044907 0.061979
0 0.159028 0.191927 0.040278 0.057813
0 0.110185 0.191927 0.057407 0.058333
0 0.053935 0.196745 0.041204 0.051302
0 0.969676 0.809766 0.060648 0.026302
0 0.226620 0.366406 0.060648 0.045312
0 0.837037 0.198958 0.030556 0.060417
0 0.879398 0.192969 0.033796 0.065104
0 0.903704 0.810677 0.059259 0.015625
0 0.953704 0.188411 0.028704 0.085677
0 0.918750 0.184115 0.040278 0.076563
0 0.087731 0.363542 0.069907 0.047917
0 0.021991 0.364974 0.042130 0.045052
0 0.916667 0.287891 0.079630 0.049740
0 0.821759 0.289714 0.086111 0.051302
0 0.696759 0.292187 0.051852 0.045312
0 0.619676 0.294271 0.074537 0.033854
0 0.530093 0.283594 0.087037 0.058333
0 0.751852 0.287240 0.051852 0.045312
0 0.383796 0.285938 0.082407 0.047917
0 0.310185 0.286719 0.054630 0.061458
0 0.249537 0.285938 0.058333 0.045312
0 0.192824 0.284245 0.040278 0.053906
0 0.145139 0.282422 0.045833 0.049740
0 0.092130 0.287630 0.050000 0.038802
0 0.459491 0.289974 0.046759 0.051823
0 0.984028 0.191927 0.031944 0.071875
0 0.029630 0.285156 0.055556 0.042188
