0 0.029616 0.639246 0.031454 0.068321
0 0.038603 0.536765 0.069853 0.083946
0 0.707925 0.543199 0.045752 0.079044
0 0.694240 0.349418 0.067402 0.093444
0 0.614788 0.349877 0.075980 0.092525
0 0.535539 0.348346 0.071895 0.091299
0 0.465891 0.348346 0.059232 0.089461
0 0.409314 0.356618 0.044118 0.074142
0 0.292688 0.349265 0.057598 0.091299
0 0.232230 0.361366 0.044526 0.059130
0 0.177083 0.345741 0.060866 0.091605
0 0.120711 0.357384 0.045343 0.069547
0 0.065564 0.346354 0.057598 0.087316
0 0.017565 0.344363 0.035131 0.094975
0 0.850082 0.255362 0.053105 0.070159
0 0.800654 0.251225 0.044118 0.083333
0 0.752655 0.255362 0.045343 0.070159
0 0.704044 0.253217 0.042075 0.074449
0 0.660743 0.252911 0.041258 0.077512
0 0.613358 0.255208 0.044526 0.072917
0 0.568423 0.266085 0.031454 0.048713
0 0.569240 0.213082 0.033088 0.053002
0 0.774714 0.349724 0.075572 0.090993
0 0.844567 0.361979 0.058415 0.066483
0 0.088031 0.458640 0.049428 0.049020
0 0.140319 0.454963 0.044526 0.056985
0 0.657271 0.543199 0.046569 0.077206
0 0.598856 0.535386 0.064542 0.088542
0 0.538603 0.548560 0.045343 0.060355
0 0.482230 0.535539 0.059232 0.086397
0 0.425449 0.543352 0.047794 0.071385
0 0.300858 0.543811 0.046977 0.069240
0 0.250613 0.544730 0.048611 0.064951
0 0.200572 0.542892 0.046569 0.067402
0 0.151348 0.542586 0.046160 0.072917
0 0.759395 0.544118 0.050654 0.079044
0 0.101511 0.541667 0.047794 0.071078
0 0.738154 0.445466 0.049020 0.071078
0 0.675858 0.448070 0.051062 0.073223
0 0.628064 0.446385 0.045343 0.072917
0 0.535131 0.446385 0.042484 0.072917
0 0.486724 0.445925 0.047794 0.071998
0 0.437704 0.445159 0.043709 0.073529
0 0.293913 0.443627 0.045343 0.079044
0 0.245711 0.456955 0.038807 0.054841
0 0.194853 0.442096 0.055556 0.079044
0 0.786560 0.446691 0.043709 0.073529
0 0.532680 0.266085 0.029412 0.048713
0 0.638072 0.719975 0.081699 0.039216
0 0.089869 0.638480 0.024510 0.067402
0 0.014093 0.814491 0.028186 0.076900
0 0.046773 0.814491 0.033088 0.078738
0 0.083538 0.813419 0.035539 0.078431
0 0.122753 0.815564 0.033905 0.078431
0 0.163194 0.817708 0.042075 0.076593
0 0.203023 0.817249 0.036765 0.070772
0 0.242647 0.817402 0.035948 0.068015
0 0.280842 0.816330 0.036356 0.068321
0 0.319649 0.817402 0.036356 0.068015
0 0.361520 0.814338 0.035948 0.068015
0 0.394199 0.811887 0.026961 0.074755
0 0.427492 0.820772 0.034722 0.075368
0 0.462623 0.827359 0.035539 0.064645
0 0.809232 0.721967 0.036765 0.018689
0 0.499592 0.827206 0.032680 0.064338
0 0.571283 0.825368 0.034722 0.064338
0 0.607230 0.825674 0.034722 0.064338
0 0.641953 0.821844 0.030637 0.070772
0 0.677288 0.821538 0.033497 0.071998
0 0.713440 0.822763 0.037173 0.072610
0 0.748979 0.815257 0.029820 0.081495
0 0.786356 0.813113 0.039216 0.080882
0 0.831087 0.815411 0.038807 0.083640
0 0.366422 0.557138 0.035948 0.037684
0 0.338848 0.522518 0.026552 0.037684
0 0.387459 0.469822 0.029003 0.037684
0 0.333129 0.467678 0.029820 0.033395
0 0.388276 0.416207 0.030637 0.040135
0 0.534109 0.827206 0.034722 0.064338
0 0.810253 0.698376 0.042892 0.020527
0 0.762459 0.731005 0.048611 0.021446
0 0.764093 0.705729 0.047794 0.022978
0 0.118464 0.640319 0.029412 0.065564
0 0.175041 0.634038 0.036356 0.078738
0 0.212010 0.638787 0.032680 0.071078
0 0.247141 0.639400 0.033497 0.071078
0 0.290645 0.634038 0.030637 0.077512
0 0.326185 0.632200 0.032271 0.075061
0 0.372958 0.645527 0.061275 0.049632
0 0.435049 0.645221 0.058824 0.052083
0 0.494894 0.639093 0.055964 0.067402
0 0.558619 0.638480 0.060866 0.069240
0 0.609069 0.643229 0.027778 0.060355
0 0.639297 0.642310 0.026961 0.061581
0 0.675858 0.646599 0.038807 0.054841
0 0.714665 0.645833 0.034722 0.053309
0 0.767157 0.645067 0.066176 0.057904
0 0.066993 0.719210 0.044118 0.046875
0 0.121324 0.716759 0.054739 0.051164
0 0.178513 0.715227 0.055556 0.051164
0 0.234681 0.715074 0.057598 0.053922
0 0.333129 0.721507 0.042075 0.042279
0 0.378881 0.721814 0.044526 0.042892
0 0.423203 0.719975 0.039216 0.045343
0 0.456291 0.720282 0.022876 0.042892
0 0.486111 0.718750 0.022876 0.042892
0 0.512663 0.719056 0.022876 0.042892
0 0.543096 0.713542 0.033905 0.053922
0 0.577614 0.716759 0.034314 0.048100
0 0.534722 0.212316 0.029412 0.051471
0 0.707516 0.711091 0.044935 0.052083
0 0.059436 0.639553 0.029820 0.068321
0 0.429330 0.215839 0.035131 0.043199
0 0.578840 0.447304 0.044935 0.071691
0 0.445874 0.264859 0.031454 0.049326
0 0.414624 0.129902 0.044118 0.023284
0 0.413194 0.154412 0.044526 0.022059
0 0.372549 0.077665 0.031863 0.023591
0 0.372549 0.102022 0.031863 0.023897
0 0.372958 0.126685 0.032680 0.024203
0 0.372958 0.151961 0.032680 0.025735
0 0.337010 0.121783 0.033497 0.087316
0 0.304943 0.126379 0.030637 0.077512
0 0.261234 0.140319 0.033088 0.045343
0 0.221201 0.099265 0.042892 0.024510
0 0.416258 0.105392 0.044118 0.023284
0 0.219567 0.126838 0.043709 0.024510
0 0.171160 0.153646 0.053105 0.022978
0 0.169730 0.131434 0.054330 0.018382
0 0.169322 0.109681 0.053513 0.020833
0 0.125408 0.126532 0.030229 0.077206
0 0.084763 0.151348 0.046977 0.021446
0 0.083129 0.128217 0.043709 0.021140
0 0.084150 0.106464 0.045752 0.017463
0 0.021446 0.096201 0.042892 0.019608
0 0.027778 0.150735 0.055556 0.026348
0 0.413807 0.265165 0.028595 0.046875
0 0.220588 0.151195 0.041667 0.021140
0 0.416258 0.081189 0.044118 0.023284
0 0.027778 0.122243 0.055556 0.026348
0 0.483252 0.046875 0.069444 0.026348
0 0.359477 0.259498 0.074346 0.056985
0 0.416667 0.056679 0.045752 0.025123
0 0.217320 0.261949 0.080065 0.058824
0 0.119894 0.244026 0.073938 0.023591
0 0.119894 0.221048 0.071487 0.022978
0 0.119485 0.194087 0.071487 0.030331
0 0.052696 0.206189 0.053105 0.032475
0 0.054330 0.238971 0.050654 0.031250
0 0.056373 0.272672 0.055556 0.031250
0 0.124387 0.271599 0.073121 0.030331
0 0.844158 0.140778 0.033088 0.052390
0 0.286765 0.248621 0.055556 0.083640
0 0.739583 0.119332 0.039624 0.094669
0 0.690155 0.138327 0.059232 0.056679
0 0.635825 0.118260 0.044526 0.096814
0 0.560253 0.062347 0.072304 0.032782
0 0.558415 0.092984 0.068627 0.026654
0 0.559641 0.122855 0.071078 0.028799
0 0.557190 0.152727 0.070261 0.024203
0 0.476103 0.153799 0.071487 0.026348
0 0.478350 0.130821 0.080065 0.014093
0 0.476307 0.105392 0.075980 0.027574
0 0.794730 0.120711 0.060049 0.091299
0 0.484477 0.076134 0.071895 0.020527
