0 0.879167 0.795117 0.023958 0.078516
0 0.785677 0.805469 0.029687 0.079687
0 0.816667 0.803125 0.027083 0.078125
0 0.847917 0.798047 0.028125 0.081250
0 0.200521 0.304688 0.034375 0.110937
0 0.907813 0.791797 0.029167 0.076563
0 0.662500 0.825000 0.034375 0.097656
0 0.981510 0.775391 0.036979 0.078906
0 0.753906 0.808398 0.024479 0.085547
0 0.727865 0.821484 0.021354 0.085156
0 0.695312 0.823242 0.032292 0.085547
0 0.622656 0.830469 0.039062 0.103125
0 0.164062 0.306836 0.030208 0.123047
0 0.944271 0.777344 0.027083 0.075000
0 0.617188 0.192773 0.022917 0.099609
0 0.074740 0.310156 0.041146 0.115625
0 0.563542 0.189453 0.019792 0.106250
0 0.536719 0.187305 0.027604 0.107422
0 0.501563 0.178320 0.032292 0.115234
0 0.462500 0.163867 0.037500 0.144141
0 0.173698 0.159375 0.028646 0.103125
0 0.397135 0.172656 0.025521 0.104688
0 0.365885 0.165625 0.030729 0.121094
0 0.330208 0.175000 0.031250 0.094531
0 0.295312 0.168555 0.026042 0.108203
0 0.253385 0.154492 0.035937 0.119922
0 0.211458 0.136914 0.038542 0.152734
0 0.124219 0.314648 0.046354 0.112109
0 0.030729 0.308789 0.042708 0.118359
0 0.578906 0.836133 0.040104 0.098047
0 0.585677 0.186719 0.024479 0.111719
0 0.539583 0.849023 0.030208 0.097266
0 0.086198 0.134961 0.050521 0.140234
0 0.459375 0.853125 0.041667 0.110156
0 0.380208 0.324805 0.038542 0.103516
0 0.336979 0.316992 0.035417 0.121484
0 0.247135 0.325000 0.040104 0.070312
0 0.234375 0.387305 0.052083 0.052734
0 0.272135 0.486523 0.033854 0.054297
0 0.340104 0.463867 0.058333 0.116797
0 0.223698 0.484570 0.030729 0.076953
0 0.185938 0.458789 0.041667 0.125391
0 0.135677 0.472461 0.052604 0.098828
0 0.084635 0.463477 0.049479 0.121484
0 0.467187 0.473633 0.032292 0.090234
0 0.376823 0.260352 0.029687 0.023828
0 0.501563 0.477734 0.029167 0.076563
0 0.588542 0.460938 0.037500 0.107813
0 0.628385 0.468164 0.034896 0.091016
0 0.664323 0.465234 0.027604 0.092188
0 0.696615 0.465820 0.030729 0.090234
0 0.723958 0.464453 0.020833 0.088281
0 0.753385 0.467969 0.026562 0.080469
0 0.025521 0.473242 0.047917 0.105859
0 0.049740 0.622070 0.056771 0.117578
0 0.107031 0.618750 0.045312 0.123438
0 0.159635 0.610742 0.049479 0.119141
0 0.213542 0.609375 0.050000 0.115625
0 0.545833 0.460742 0.045833 0.110547
0 0.425781 0.327344 0.043229 0.105469
0 0.469792 0.327148 0.041667 0.102734
0 0.557552 0.326758 0.034896 0.112109
0 0.134115 0.140625 0.042188 0.128125
0 0.501823 0.847656 0.036979 0.100000
0 0.761719 0.199414 0.024479 0.105078
0 0.790104 0.202930 0.023958 0.106641
0 0.818750 0.207422 0.023958 0.100000
0 0.842969 0.213477 0.018229 0.092578
0 0.866406 0.212500 0.022396 0.092188
0 0.893750 0.215234 0.030208 0.099219
0 0.923438 0.217383 0.020833 0.098828
0 0.951042 0.219336 0.029167 0.101953
0 0.981250 0.222266 0.025000 0.096875
0 0.992448 0.349805 0.015104 0.079297
0 0.974740 0.349609 0.020313 0.079687
0 0.950781 0.346875 0.023438 0.085156
0 0.925521 0.345508 0.021875 0.084766
0 0.902344 0.344141 0.024479 0.088281
0 0.863802 0.316016 0.045312 0.100781
0 0.823438 0.341602 0.029167 0.090234
0 0.792448 0.340625 0.028646 0.089844
0 0.762240 0.339648 0.026562 0.087891
0 0.732031 0.339258 0.026562 0.093359
0 0.702344 0.349805 0.029687 0.068359
0 0.671094 0.337305 0.027604 0.093359
0 0.639062 0.335547 0.031250 0.096875
0 0.596354 0.327539 0.039583 0.110547
0 0.733854 0.201172 0.026042 0.100781
0 0.700521 0.200586 0.031250 0.094922
0 0.511719 0.327930 0.040104 0.104297
0 0.642188 0.191211 0.026042 0.110547
0 0.563021 0.714844 0.038542 0.103906
0 0.604948 0.710938 0.036979 0.100781
0 0.643750 0.707227 0.035417 0.100391
0 0.676562 0.701953 0.022917 0.096875
0 0.707812 0.697266 0.032292 0.096094
0 0.771354 0.696680 0.023958 0.087109
0 0.796875 0.692773 0.027083 0.083984
0 0.823958 0.692383 0.022917 0.081641
0 0.848177 0.686328 0.028646 0.081250
0 0.879948 0.682813 0.029687 0.082031
0 0.925781 0.680859 0.032813 0.081250
0 0.960677 0.682813 0.031771 0.074219
0 0.990625 0.674609 0.018750 0.082031
0 0.984635 0.594141 0.028646 0.032031
0 0.952604 0.599219 0.026042 0.023438
0 0.521875 0.719141 0.037500 0.103125
0 0.953906 0.574219 0.024479 0.024219
0 0.480469 0.723437 0.042188 0.108594
0 0.382292 0.731641 0.040625 0.110937
0 0.313281 0.907422 0.051562 0.055469
0 0.407552 0.862891 0.046354 0.103125
0 0.670312 0.197070 0.021875 0.102734
0 0.262760 0.889062 0.040104 0.096094
0 0.215104 0.890820 0.045833 0.116016
0 0.166667 0.904492 0.042708 0.091797
0 0.118750 0.908398 0.043750 0.121484
0 0.067708 0.922852 0.048958 0.096484
0 0.025781 0.775781 0.051562 0.114844
0 0.082812 0.764453 0.053125 0.117969
0 0.135677 0.759375 0.045312 0.117188
0 0.184635 0.755273 0.045312 0.116797
0 0.236979 0.750195 0.046875 0.114453
0 0.285938 0.741406 0.045833 0.112500
0 0.335156 0.738867 0.048438 0.112891
0 0.436458 0.727930 0.039583 0.110547
0 0.930208 0.579883 0.016667 0.072266
0 0.743490 0.702344 0.027604 0.086719
0 0.862240 0.577734 0.028646 0.082031
0 0.273438 0.608789 0.061458 0.107422
0 0.336719 0.604883 0.055729 0.113672
0 0.902344 0.580664 0.022396 0.066797
0 0.382031 0.598828 0.027604 0.100781
0 0.430208 0.603711 0.040625 0.097266
0 0.031771 0.119531 0.053125 0.160938
0 0.498958 0.609180 0.023958 0.078516
0 0.530729 0.588867 0.040625 0.101953
0 0.468229 0.606641 0.027083 0.086719
0 0.577604 0.586719 0.044792 0.107031
0 0.622135 0.590820 0.032813 0.090234
0 0.660156 0.589844 0.029687 0.089844
0 0.694792 0.582422 0.034375 0.097656
0 0.735938 0.580078 0.034375 0.098437
0 0.829427 0.580859 0.030729 0.085938
0 0.798177 0.581250 0.022396 0.084375
0 0.771094 0.582422 0.028646 0.086719
