0 0.401757 0.802083 0.040441 0.077206
0 0.328636 0.619945 0.062500 0.062194
0 0.263276 0.622549 0.048611 0.063725
0 0.188930 0.623621 0.058415 0.059130
0 0.115400 0.621170 0.058415 0.064032
0 0.047794 0.616115 0.054739 0.087623
0 0.064747 0.474724 0.055147 0.019301
0 0.075980 0.521140 0.070261 0.067402
0 0.170752 0.196844 0.062908 0.070159
0 0.960580 0.792126 0.040441 0.068934
0 0.715074 0.699449 0.040441 0.048407
0 0.675449 0.694700 0.033088 0.056066
0 0.646038 0.697917 0.031454 0.060049
0 0.614583 0.698070 0.030637 0.055453
0 0.584150 0.698683 0.033497 0.058517
0 0.546977 0.700521 0.035948 0.057292
0 0.507966 0.699908 0.038807 0.054228
0 0.458538 0.695312 0.056781 0.065257
0 0.402778 0.701287 0.049837 0.057598
0 0.352941 0.714001 0.044935 0.030331
0 0.786969 0.695619 0.058415 0.058517
0 0.296977 0.715839 0.047386 0.028493
0 0.157475 0.717371 0.055147 0.030331
0 0.103758 0.719363 0.049837 0.021446
0 0.107026 0.684589 0.051471 0.028493
0 0.072712 0.798560 0.053922 0.082414
0 0.130106 0.801011 0.058415 0.095895
0 0.180964 0.802390 0.040033 0.076593
0 0.224060 0.798100 0.042892 0.085172
0 0.268587 0.798254 0.040441 0.080576
0 0.310866 0.803462 0.040033 0.078738
0 0.356005 0.804994 0.045343 0.079963
0 0.216299 0.720741 0.058415 0.023591
0 0.855188 0.694547 0.040441 0.052083
0 0.897876 0.691330 0.047386 0.058517
0 0.956904 0.691483 0.064951 0.060049
0 0.921364 0.794424 0.037990 0.066789
0 0.879698 0.791513 0.040441 0.065870
0 0.841503 0.796109 0.035948 0.067708
0 0.801675 0.798713 0.040441 0.068627
0 0.755515 0.794730 0.029003 0.072304
0 0.723039 0.799326 0.035948 0.067402
0 0.681577 0.791667 0.042075 0.089461
0 0.638685 0.791513 0.042075 0.089154
0 0.600286 0.787837 0.042075 0.089154
0 0.561275 0.787684 0.035948 0.080270
0 0.521242 0.790901 0.038399 0.090993
0 0.481209 0.793658 0.040033 0.089767
0 0.402369 0.625460 0.073529 0.045037
0 0.459763 0.618719 0.042892 0.058517
0 0.504698 0.617647 0.045343 0.066789
0 0.545343 0.616881 0.035948 0.062194
0 0.580065 0.616881 0.035948 0.062194
0 0.624592 0.610141 0.053922 0.068934
0 0.682190 0.603707 0.062908 0.066483
0 0.748366 0.605699 0.058007 0.060662
0 0.815564 0.608303 0.064951 0.065870
0 0.880719 0.614737 0.064542 0.062194
0 0.942606 0.603707 0.044526 0.077512
0 0.141136 0.512102 0.058415 0.070159
0 0.196078 0.509957 0.049837 0.080576
0 0.441789 0.797641 0.037990 0.077512
0 0.322712 0.505055 0.082516 0.092831
0 0.310458 0.044884 0.080882 0.034007
0 0.154412 0.046109 0.066993 0.026654
0 0.084559 0.048407 0.067810 0.022059
0 0.080065 0.290901 0.071078 0.087929
0 0.036152 0.178156 0.072304 0.107537
0 0.248979 0.508732 0.053513 0.081189
0 0.416258 0.051930 0.051471 0.021752
0 0.682394 0.292433 0.053513 0.090993
0 0.816993 0.293199 0.053105 0.079044
0 0.450980 0.292586 0.062908 0.084559
0 0.956904 0.295190 0.064951 0.031556
0 0.961397 0.320619 0.073938 0.021752
0 0.071691 0.399816 0.055964 0.084559
0 0.132353 0.402574 0.053105 0.079044
0 0.749183 0.294577 0.067810 0.082414
0 0.223039 0.394761 0.117647 0.094669
0 0.881536 0.050245 0.062908 0.033701
0 0.769608 0.194547 0.055556 0.074755
0 0.558211 0.297028 0.053513 0.086091
0 0.336193 0.293505 0.055556 0.088848
0 0.262255 0.291973 0.064542 0.085784
0 0.166667 0.292892 0.102941 0.085784
0 0.294118 0.186887 0.056373 0.096201
0 0.351920 0.192555 0.055964 0.089154
0 0.822712 0.051317 0.047386 0.022978
0 0.409109 0.200214 0.048611 0.065257
0 0.522059 0.192096 0.053922 0.085784
0 0.576593 0.197457 0.054330 0.068934
0 0.685662 0.196844 0.044526 0.071998
0 0.941993 0.199449 0.051471 0.060662
0 0.893995 0.194393 0.037990 0.070772
0 0.828227 0.198836 0.053513 0.072304
0 0.464869 0.197151 0.055556 0.075674
0 0.327410 0.397212 0.055964 0.081189
0 0.881944 0.297641 0.073529 0.080576
0 0.446895 0.396446 0.042484 0.074142
0 0.395016 0.509651 0.056373 0.079350
0 0.457108 0.497702 0.065359 0.094669
0 0.522876 0.499847 0.069444 0.092218
0 0.599469 0.503217 0.069036 0.098958
0 0.666871 0.509651 0.055964 0.079350
0 0.725082 0.499694 0.069444 0.099265
0 0.786969 0.503676 0.049428 0.087010
0 0.853350 0.496630 0.078431 0.101103
0 0.232639 0.189185 0.060866 0.087316
0 0.108864 0.197610 0.062500 0.070466
0 0.923407 0.502604 0.060049 0.082414
0 0.386029 0.396140 0.051471 0.080882
0 0.391953 0.293964 0.054330 0.083640
0 0.499592 0.403033 0.046569 0.084252
0 0.551062 0.398744 0.047386 0.082414
0 0.605392 0.399816 0.049020 0.084559
0 0.664624 0.397365 0.062908 0.089461
0 0.725490 0.400276 0.051471 0.079350
0 0.787582 0.401501 0.060458 0.072610
0 0.835784 0.397978 0.035948 0.077206
0 0.890727 0.399969 0.059232 0.068934
0 0.948325 0.398897 0.044526 0.065564
