0 0.130923 0.865809 0.069036 0.101716
0 0.111315 0.683670 0.039624 0.098958
0 0.292075 0.682292 0.035948 0.099265
0 0.186275 0.676317 0.026961 0.096507
0 0.232026 0.553768 0.033497 0.104473
0 0.273897 0.553768 0.029003 0.111826
0 0.312704 0.555760 0.028186 0.112745
0 0.352737 0.559130 0.036356 0.096201
0 0.396242 0.575368 0.044935 0.080882
0 0.475899 0.557751 0.027778 0.098958
0 0.512459 0.566023 0.029003 0.097120
0 0.546977 0.563419 0.033497 0.104779
0 0.627247 0.565104 0.040441 0.101409
0 0.667484 0.587163 0.022876 0.064645
0 0.720792 0.560202 0.057598 0.101409
0 0.785335 0.567555 0.052696 0.094056
0 0.844567 0.567555 0.043709 0.101409
0 0.152778 0.680300 0.034314 0.095895
0 0.908701 0.558977 0.055147 0.089154
0 0.927492 0.713848 0.060049 0.058211
0 0.837010 0.704963 0.067810 0.063725
0 0.756332 0.694700 0.063317 0.079350
0 0.695466 0.701900 0.046160 0.072304
0 0.637459 0.695006 0.054330 0.078738
0 0.580882 0.687653 0.045752 0.095895
0 0.526757 0.711857 0.042075 0.059743
0 0.473652 0.694240 0.046160 0.080270
0 0.424020 0.689032 0.051471 0.085784
0 0.374796 0.689032 0.034722 0.090686
0 0.330678 0.683517 0.031454 0.094363
0 0.257149 0.680453 0.031454 0.093137
0 0.220997 0.678156 0.029412 0.092218
0 0.969771 0.573070 0.056373 0.080576
0 0.586806 0.560355 0.037990 0.101103
0 0.440359 0.557292 0.031863 0.109681
0 0.223856 0.870711 0.059641 0.082108
0 0.455882 0.293811 0.062092 0.063725
0 0.377655 0.306832 0.063317 0.047488
0 0.303922 0.285539 0.049837 0.099877
0 0.193832 0.272825 0.035539 0.110600
0 0.144608 0.278646 0.040850 0.103860
0 0.099877 0.275735 0.029820 0.131740
0 0.039828 0.292586 0.040441 0.083333
0 0.018382 0.104626 0.035131 0.103860
0 0.062704 0.102788 0.031454 0.112439
0 0.110703 0.107690 0.033497 0.105086
0 0.159926 0.109681 0.051879 0.099265
0 0.212010 0.109222 0.039216 0.090993
0 0.270221 0.110907 0.037173 0.094363
0 0.308415 0.115656 0.032680 0.098958
0 0.359681 0.117800 0.044526 0.093444
0 0.414828 0.117494 0.032271 0.102635
0 0.461601 0.116115 0.036765 0.097426
0 0.504289 0.112592 0.038807 0.100184
0 0.554739 0.107537 0.045752 0.112132
0 0.606822 0.106311 0.039624 0.107230
0 0.654412 0.107230 0.035948 0.113971
0 0.700163 0.121477 0.042484 0.083640
0 0.775531 0.103554 0.058415 0.113971
0 0.851716 0.100797 0.071078 0.118873
0 0.935662 0.113051 0.069853 0.091912
0 0.514910 0.280331 0.040441 0.100490
0 0.557394 0.286458 0.034722 0.090686
0 0.598856 0.279565 0.042484 0.094669
0 0.652165 0.278952 0.041258 0.113051
0 0.148693 0.554994 0.026144 0.104473
0 0.101511 0.575521 0.042892 0.078125
0 0.124796 0.418045 0.037990 0.070159
0 0.169730 0.425398 0.029003 0.082414
0 0.209763 0.438113 0.028186 0.083333
0 0.270833 0.421262 0.045752 0.071691
0 0.372549 0.407629 0.028595 0.075674
0 0.412990 0.428615 0.029412 0.091299
0 0.452819 0.437347 0.037990 0.086703
0 0.498979 0.431985 0.029820 0.100490
0 0.541667 0.433517 0.029412 0.093750
0 0.575776 0.438419 0.029820 0.083946
0 0.189542 0.555760 0.033497 0.120098
0 0.614175 0.435049 0.033905 0.089461
0 0.717116 0.434283 0.043709 0.095895
0 0.767770 0.430760 0.040441 0.090686
0 0.829861 0.430147 0.043709 0.084559
0 0.875613 0.437500 0.037990 0.084559
0 0.926879 0.431832 0.052288 0.081189
0 0.978145 0.441176 0.043709 0.074755
0 0.962623 0.263480 0.074755 0.139093
0 0.894812 0.291360 0.040441 0.085784
0 0.838644 0.284007 0.035948 0.091912
0 0.797794 0.284007 0.041667 0.093137
0 0.752451 0.285539 0.039216 0.094975
0 0.702819 0.284007 0.047794 0.102941
0 0.655637 0.431066 0.051471 0.104779
0 0.307802 0.866268 0.057598 0.081189
0 0.658292 0.862745 0.056781 0.012868
0 0.383578 0.871477 0.062092 0.011949
0 0.757353 0.827512 0.075163 0.014706
0 0.735703 0.798866 0.058007 0.020527
0 0.855188 0.817402 0.081291 0.020221
0 0.943627 0.829657 0.075980 0.012868
0 0.944444 0.846507 0.084150 0.013480
0 0.943627 0.859069 0.089052 0.010417
0 0.938930 0.873621 0.073121 0.012561
0 0.937704 0.912377 0.077206 0.020833
0 0.850694 0.910386 0.072304 0.019914
0 0.853350 0.880208 0.071078 0.014093
0 0.854984 0.863051 0.071078 0.014706
0 0.036969 0.837010 0.073121 0.134191
0 0.044322 0.740349 0.062500 0.056679
0 0.045139 0.649816 0.027369 0.094975
0 0.389502 0.905484 0.067402 0.032169
0 0.752655 0.847733 0.069036 0.015931
0 0.747549 0.861060 0.075163 0.008885
0 0.012255 0.656556 0.021242 0.083946
0 0.750817 0.903952 0.065359 0.018076
0 0.741626 0.873315 0.076389 0.008272
0 0.395221 0.855699 0.062500 0.019608
0 0.379289 0.782935 0.063317 0.032782
0 0.488971 0.839767 0.057190 0.022059
0 0.474265 0.865349 0.070261 0.019301
0 0.471405 0.899050 0.071078 0.022978
0 0.563317 0.908854 0.056373 0.022978
0 0.548611 0.872089 0.069444 0.022978
0 0.385212 0.832414 0.068627 0.014706
0 0.556985 0.808670 0.082925 0.015625
0 0.671773 0.819393 0.067402 0.016238
0 0.662582 0.833640 0.062092 0.009804
0 0.670752 0.848039 0.078431 0.015319
0 0.648897 0.904718 0.080474 0.018995
0 0.558415 0.829963 0.082516 0.012255
0 0.657680 0.878983 0.058824 0.018995
