0 0.701302 0.688086 0.041146 0.070703
0 0.816146 0.589453 0.045833 0.071875
0 0.212240 0.261523 0.060937 0.116016
0 0.169271 0.282031 0.016667 0.059375
0 0.150521 0.281055 0.020833 0.062109
0 0.071875 0.273047 0.135417 0.083594
0 0.036719 0.395898 0.056771 0.088672
0 0.091146 0.398438 0.052083 0.083594
0 0.143490 0.394922 0.046354 0.083594
0 0.185156 0.377148 0.031771 0.077734
0 0.218750 0.378320 0.033333 0.077734
0 0.253385 0.378516 0.033854 0.081250
0 0.290365 0.375977 0.038021 0.079297
0 0.333594 0.392969 0.046354 0.053125
0 0.373698 0.390430 0.029687 0.051172
0 0.432552 0.355273 0.078646 0.041016
0 0.433854 0.397852 0.078125 0.043359
0 0.493750 0.377539 0.041667 0.080078
0 0.543229 0.378516 0.055208 0.081250
0 0.595313 0.381055 0.048958 0.076172
0 0.642448 0.379883 0.045312 0.074609
0 0.685417 0.378125 0.041667 0.078906
0 0.732552 0.376953 0.050521 0.081250
0 0.783854 0.375977 0.051042 0.083203
0 0.952344 0.389258 0.044271 0.101953
0 0.941667 0.509180 0.044792 0.098047
0 0.985156 0.508398 0.029687 0.096484
0 0.890365 0.520703 0.046354 0.073438
0 0.833854 0.501172 0.044792 0.074219
0 0.271094 0.261914 0.055729 0.113672
0 0.786979 0.501172 0.044792 0.075781
0 0.365625 0.282227 0.043750 0.075391
0 0.449219 0.280078 0.043229 0.079687
0 0.130729 0.133594 0.057292 0.110937
0 0.176563 0.140625 0.035417 0.098437
0 0.208333 0.163867 0.029167 0.051172
0 0.235417 0.164062 0.026042 0.050000
0 0.262760 0.164844 0.027604 0.046094
0 0.302083 0.149414 0.041667 0.076953
0 0.348177 0.165625 0.027604 0.044531
0 0.375000 0.164844 0.023958 0.045312
0 0.424740 0.137109 0.074479 0.101562
0 0.485677 0.150000 0.045312 0.070312
0 0.531510 0.147070 0.047396 0.076172
0 0.585938 0.143750 0.054167 0.082812
0 0.636458 0.143945 0.045833 0.082422
0 0.683073 0.147070 0.045312 0.067578
0 0.741406 0.146875 0.055729 0.073438
0 0.795052 0.130664 0.052604 0.105859
0 0.847656 0.129297 0.052604 0.105469
0 0.911979 0.124414 0.062500 0.108984
0 0.973437 0.124023 0.053125 0.107422
0 0.946875 0.261328 0.042708 0.103906
0 0.796615 0.269141 0.049479 0.091406
0 0.744531 0.270117 0.052604 0.091016
0 0.688281 0.275586 0.050521 0.081641
0 0.639583 0.276562 0.045833 0.082031
0 0.589844 0.276953 0.055729 0.078906
0 0.538021 0.277734 0.044792 0.078125
0 0.493229 0.278125 0.044792 0.076563
0 0.408073 0.281836 0.040104 0.075391
0 0.740104 0.500391 0.044792 0.075781
0 0.694271 0.500000 0.046875 0.076563
0 0.639844 0.497852 0.041146 0.080859
0 0.450521 0.687891 0.044792 0.064844
0 0.404167 0.686328 0.047917 0.064062
0 0.351302 0.686914 0.047396 0.063672
0 0.304688 0.685352 0.046875 0.066797
0 0.258333 0.679688 0.045833 0.075000
0 0.212760 0.679297 0.034896 0.072656
0 0.176563 0.679688 0.034375 0.071875
0 0.123698 0.676367 0.050521 0.078516
0 0.075000 0.672461 0.045833 0.084766
0 0.034635 0.676758 0.028646 0.071484
0 0.045052 0.799023 0.061979 0.098828
0 0.123958 0.797656 0.084375 0.106250
0 0.203646 0.804297 0.072917 0.091406
0 0.279948 0.798633 0.074479 0.101953
0 0.356771 0.788086 0.061458 0.096484
0 0.425000 0.807031 0.070833 0.100000
0 0.492188 0.814258 0.058333 0.093359
0 0.666146 0.810156 0.071875 0.101562
0 0.741927 0.814844 0.073438 0.107031
0 0.923177 0.846484 0.129688 0.056250
0 0.936458 0.799414 0.125000 0.033203
0 0.855469 0.289844 0.067187 0.111719
0 0.909635 0.247852 0.033854 0.049609
0 0.907552 0.295117 0.035937 0.042578
0 0.908073 0.342187 0.042188 0.045312
0 0.864062 0.405078 0.073958 0.073438
0 0.878646 0.462695 0.040625 0.041016
0 0.492448 0.683008 0.034896 0.075391
0 0.531771 0.683594 0.041667 0.076563
0 0.745052 0.689453 0.043229 0.073438
0 0.788021 0.687891 0.042708 0.075781
0 0.600000 0.497070 0.039583 0.080078
0 0.559896 0.497070 0.042708 0.079297
0 0.518490 0.497461 0.039062 0.080859
0 0.469271 0.500195 0.052083 0.073047
0 0.424219 0.497266 0.040104 0.080469
0 0.385156 0.496680 0.036979 0.083203
0 0.344531 0.502344 0.045312 0.065625
0 0.297917 0.502734 0.047917 0.064844
0 0.248698 0.495898 0.049479 0.080859
0 0.208333 0.495508 0.032292 0.073047
0 0.133854 0.508984 0.094792 0.091406
0 0.063802 0.504297 0.043229 0.101562
0 0.019531 0.509570 0.039062 0.086328
0 0.074219 0.137500 0.054688 0.110156
0 0.053906 0.603125 0.050521 0.025781
0 0.160156 0.603320 0.051562 0.026172
0 0.207552 0.588672 0.044271 0.076563
0 0.254427 0.588477 0.048438 0.076172
0 0.302083 0.596289 0.045833 0.061328
0 0.645312 0.594336 0.042708 0.074609
0 0.686719 0.593555 0.040104 0.073828
0 0.729688 0.594727 0.040625 0.073828
0 0.771094 0.589258 0.042188 0.071484
0 0.884375 0.627344 0.047917 0.093750
0 0.939583 0.623242 0.060417 0.099609
0 0.946094 0.723437 0.052604 0.049219
0 0.888802 0.724219 0.060937 0.050000
0 0.831771 0.689453 0.044792 0.073438
0 0.107292 0.604102 0.055208 0.023828
0 0.022656 0.135352 0.045312 0.114453
0 0.322135 0.283008 0.045312 0.073047
