0 0.174020 0.566942 0.044935 0.117341
0 0.222018 0.549479 0.022467 0.087929
0 0.508783 0.542892 0.032271 0.096814
0 0.255106 0.547181 0.035539 0.092525
0 0.293505 0.545190 0.042892 0.089154
0 0.335580 0.542279 0.037990 0.089461
0 0.372141 0.537224 0.025327 0.080576
0 0.412582 0.541513 0.037582 0.101409
0 0.441993 0.539216 0.017974 0.094363
0 0.473039 0.543045 0.036765 0.100797
0 0.710376 0.490809 0.019608 0.074142
0 0.655842 0.498315 0.018382 0.085478
0 0.566993 0.503064 0.019608 0.091299
0 0.586397 0.502604 0.019199 0.090380
0 0.607843 0.501991 0.018791 0.090993
0 0.632557 0.500460 0.029003 0.088542
0 0.733252 0.489583 0.019608 0.074142
0 0.674020 0.497702 0.019608 0.082414
0 0.049020 0.683824 0.098039 0.030025
0 0.851103 0.483456 0.027369 0.071691
0 0.825572 0.484375 0.019608 0.068627
0 0.762459 0.487592 0.031454 0.073223
0 0.115400 0.574449 0.052696 0.118260
0 0.692810 0.491881 0.014706 0.071385
0 0.541871 0.506127 0.025735 0.085172
0 0.762051 0.405331 0.024101 0.066789
0 0.074142 0.407475 0.052696 0.117034
0 0.689134 0.404412 0.020425 0.066176
0 0.621732 0.307751 0.030229 0.081801
0 0.591708 0.308364 0.023284 0.075674
0 0.698529 0.310968 0.015523 0.080270
0 0.234681 0.666667 0.225082 0.037990
0 0.719975 0.313725 0.022467 0.080882
0 0.745915 0.318627 0.018791 0.063725
0 0.771650 0.322304 0.023693 0.068627
0 0.795343 0.323376 0.022059 0.068321
0 0.819444 0.324602 0.023693 0.063419
0 0.844771 0.324602 0.025327 0.065257
0 0.866217 0.325061 0.018382 0.066789
0 0.886234 0.325368 0.015931 0.063725
0 0.734069 0.404412 0.027778 0.067402
0 0.904820 0.326746 0.019608 0.065257
0 0.158292 0.418811 0.072304 0.106005
0 0.234886 0.421262 0.051471 0.106618
0 0.286152 0.422488 0.044526 0.113358
0 0.351716 0.415594 0.040850 0.108150
0 0.408701 0.426471 0.049428 0.098652
0 0.450980 0.425092 0.035131 0.101409
0 0.488562 0.424326 0.037582 0.099877
0 0.530433 0.405331 0.029003 0.074142
0 0.560253 0.405331 0.033088 0.074142
0 0.608456 0.403952 0.037173 0.071385
0 0.646038 0.404412 0.029820 0.068627
0 0.670547 0.404412 0.019199 0.067402
0 0.024101 0.407016 0.038399 0.121630
0 0.550041 0.590993 0.022467 0.052083
0 0.386234 0.726103 0.060866 0.052083
0 0.613154 0.591299 0.019608 0.065564
0 0.406658 0.855699 0.104984 0.062500
0 0.503064 0.824602 0.079657 0.049939
0 0.589665 0.800551 0.095180 0.053309
0 0.822508 0.737898 0.076389 0.049326
0 0.888072 0.718597 0.042484 0.045650
0 0.881944 0.659467 0.056373 0.050551
0 0.503676 0.746170 0.051471 0.034007
0 0.446487 0.773897 0.055556 0.044730
0 0.447508 0.719210 0.051062 0.041360
0 0.315768 0.797488 0.064542 0.044730
0 0.383170 0.785999 0.058007 0.041973
0 0.650940 0.309589 0.026552 0.078125
0 0.316993 0.744026 0.066993 0.041973
0 0.845997 0.562806 0.023693 0.058824
0 0.792075 0.572917 0.018791 0.063113
0 0.024101 0.098499 0.048203 0.113051
0 0.083946 0.107077 0.065768 0.104473
0 0.280229 0.886029 0.148693 0.061275
0 0.089052 0.913143 0.161765 0.036458
0 0.967320 0.638480 0.065359 0.043505
0 0.963848 0.690104 0.072304 0.047488
0 0.885621 0.148591 0.060458 0.067402
0 0.890727 0.074142 0.070670 0.074142
0 0.823529 0.126379 0.033497 0.083640
0 0.776348 0.116728 0.059232 0.080270
0 0.716299 0.103401 0.047794 0.085478
0 0.679739 0.097426 0.014706 0.083333
0 0.662173 0.093444 0.015523 0.085784
0 0.647059 0.088235 0.015523 0.082721
0 0.150940 0.114124 0.060866 0.119179
0 0.623570 0.067555 0.025735 0.092831
0 0.570670 0.061581 0.030229 0.094363
0 0.526757 0.056526 0.044526 0.103248
0 0.483660 0.045650 0.034314 0.086397
0 0.446078 0.046722 0.035131 0.083640
0 0.402778 0.039062 0.040850 0.070159
0 0.355392 0.037377 0.048203 0.069853
0 0.882353 0.594975 0.024510 0.035539
0 0.920752 0.588388 0.048203 0.029718
0 0.599265 0.060509 0.023693 0.105699
0 0.588848 0.595282 0.027369 0.058211
0 0.207516 0.122549 0.045752 0.110907
0 0.287377 0.138940 0.018382 0.094056
0 0.039216 0.265778 0.058824 0.125919
0 0.099060 0.271599 0.060049 0.124081
0 0.157680 0.270987 0.054739 0.124081
0 0.216299 0.274050 0.060049 0.119179
0 0.272876 0.280025 0.044935 0.120098
0 0.319444 0.284314 0.042484 0.116422
0 0.377042 0.296262 0.042484 0.105392
0 0.418301 0.298254 0.039216 0.100797
0 0.460172 0.303309 0.037173 0.109681
0 0.496119 0.306832 0.033088 0.103248
0 0.530433 0.306679 0.025735 0.082108
0 0.553922 0.308824 0.020425 0.077206
0 0.571895 0.310509 0.016340 0.071998
0 0.707516 0.585784 0.017157 0.079657
0 0.688521 0.588542 0.019199 0.077206
0 0.669118 0.589767 0.019608 0.079044
0 0.644404 0.593290 0.026552 0.073836
0 0.916258 0.237286 0.013072 0.076287
0 0.897876 0.233762 0.018791 0.069240
0 0.875817 0.234222 0.021242 0.067708
0 0.858252 0.232230 0.012255 0.066789
0 0.319036 0.148744 0.041667 0.097120
0 0.363562 0.154871 0.038399 0.088542
0 0.453227 0.161765 0.042892 0.108456
0 0.502042 0.172794 0.038399 0.096814
0 0.395425 0.160539 0.019608 0.088848
0 0.420139 0.160233 0.019199 0.092525
0 0.573938 0.198989 0.036765 0.076900
0 0.609477 0.204044 0.032680 0.069240
0 0.255515 0.129902 0.042892 0.113971
0 0.640523 0.206648 0.022059 0.064645
0 0.681373 0.214614 0.021242 0.063419
0 0.706087 0.216452 0.020833 0.061581
0 0.729779 0.205576 0.019199 0.087010
0 0.754902 0.211244 0.022876 0.088542
0 0.778186 0.212776 0.020425 0.086091
0 0.800041 0.219516 0.017565 0.083027
0 0.822304 0.222426 0.026144 0.079044
0 0.842320 0.224112 0.013072 0.082414
0 0.662173 0.211550 0.015523 0.056679
0 0.676062 0.310355 0.023693 0.081495
