0 0.433974 0.459135 0.008974 0.042788
0 0.331410 0.461779 0.008974 0.048077
0 0.316026 0.460216 0.008333 0.048317
0 0.305128 0.460817 0.009615 0.046154
0 0.623077 0.394471 0.008333 0.048558
0 0.613622 0.394351 0.009936 0.051683
0 0.753686 0.616466 0.014423 0.014663
0 0.325481 0.632572 0.100962 0.014663
0 0.601122 0.390745 0.011218 0.053606
0 0.524679 0.321394 0.009615 0.056731
0 0.512821 0.320553 0.008974 0.057452
0 0.497436 0.319471 0.015385 0.055288
0 0.434295 0.635337 0.110256 0.014904
0 0.324359 0.652644 0.101923 0.019712
0 0.433974 0.652524 0.109615 0.018029
0 0.320192 0.672716 0.110256 0.019471
0 0.433013 0.673197 0.111538 0.019471
0 0.320032 0.693029 0.107372 0.018269
0 0.431731 0.693389 0.108974 0.019471
0 0.208333 0.671755 0.021154 0.017548
0 0.232372 0.671514 0.021795 0.018029
0 0.254487 0.672236 0.019231 0.018510
0 0.483494 0.318990 0.007372 0.053846
0 0.468750 0.317548 0.008654 0.051923
0 0.737821 0.616226 0.013462 0.014663
0 0.720833 0.616587 0.016026 0.014423
0 0.476763 0.388462 0.007372 0.045673
0 0.704167 0.616587 0.012821 0.015385
0 0.444231 0.459014 0.009615 0.043029
0 0.420032 0.461418 0.008013 0.042548
0 0.411218 0.460337 0.007051 0.042788
0 0.395192 0.460817 0.008974 0.043750
0 0.383974 0.459736 0.009615 0.046394
0 0.430769 0.715745 0.107051 0.017548
0 0.316987 0.772596 0.110897 0.015865
0 0.366827 0.461659 0.009295 0.045433
0 0.357212 0.460697 0.009936 0.045913
0 0.590865 0.392909 0.008013 0.053606
0 0.573558 0.390865 0.006731 0.055288
0 0.563301 0.389784 0.009936 0.053125
0 0.537500 0.322716 0.008333 0.054087
0 0.549679 0.392308 0.008974 0.052404
0 0.524519 0.390986 0.009295 0.050721
0 0.514583 0.391106 0.009295 0.050000
0 0.498558 0.390505 0.007372 0.046875
0 0.489744 0.389784 0.010256 0.047356
0 0.341186 0.462861 0.011218 0.047837
0 0.720513 0.583774 0.015385 0.014663
0 0.740064 0.584014 0.014103 0.015625
0 0.755609 0.583413 0.015064 0.015385
0 0.703846 0.600000 0.012179 0.014904
0 0.721955 0.599399 0.018269 0.013702
0 0.740545 0.600000 0.015064 0.014904
0 0.757051 0.601322 0.014744 0.015144
0 0.539423 0.392909 0.008974 0.051202
0 0.645513 0.674880 0.100000 0.018990
0 0.309615 0.243389 0.008974 0.051683
0 0.230449 0.692788 0.017949 0.020673
0 0.222917 0.799880 0.019551 0.020433
0 0.199038 0.799399 0.019231 0.021394
0 0.246795 0.776082 0.023718 0.017548
0 0.369231 0.388341 0.007051 0.052163
0 0.360737 0.385697 0.010577 0.048798
0 0.342949 0.386538 0.008333 0.053365
0 0.335417 0.384495 0.006731 0.052163
0 0.315705 0.384736 0.010897 0.050721
0 0.305609 0.385096 0.007372 0.051923
0 0.625962 0.324639 0.007692 0.044952
0 0.223878 0.775841 0.019551 0.017548
0 0.200641 0.775361 0.022436 0.018510
0 0.248558 0.755649 0.020833 0.019471
0 0.226763 0.754808 0.020833 0.019712
0 0.202564 0.754928 0.022436 0.020433
0 0.250801 0.733774 0.018269 0.018510
0 0.227404 0.734495 0.022115 0.018029
0 0.204647 0.734375 0.023397 0.017308
0 0.615545 0.323437 0.009936 0.048317
0 0.244071 0.799399 0.018269 0.018990
0 0.199840 0.819712 0.024038 0.019231
0 0.223558 0.820433 0.020833 0.019712
0 0.246635 0.818269 0.020192 0.016346
0 0.429006 0.386058 0.009295 0.048077
0 0.416987 0.386659 0.012179 0.048798
0 0.442147 0.388822 0.008654 0.050721
0 0.451442 0.387740 0.010577 0.052404
0 0.466987 0.388702 0.008333 0.045192
0 0.218750 0.925240 0.021474 0.016346
0 0.195833 0.925240 0.022436 0.019231
0 0.241667 0.904808 0.020513 0.018269
0 0.399519 0.386418 0.007372 0.049760
0 0.318910 0.752043 0.107692 0.019952
0 0.390224 0.386538 0.008654 0.050962
0 0.242308 0.885216 0.018590 0.019471
0 0.219712 0.884736 0.020192 0.021875
0 0.195994 0.886058 0.019551 0.021154
0 0.244391 0.858654 0.022756 0.021154
0 0.221795 0.858534 0.021154 0.021394
0 0.200641 0.858894 0.018590 0.019712
0 0.245513 0.837500 0.021154 0.017308
0 0.223077 0.839063 0.019872 0.015144
0 0.201122 0.838702 0.019551 0.016827
0 0.196635 0.906731 0.024038 0.017308
0 0.600321 0.325000 0.009615 0.053846
0 0.588462 0.322356 0.009615 0.047115
0 0.572756 0.322356 0.008333 0.048558
0 0.643109 0.693269 0.102244 0.015385
0 0.391506 0.315986 0.008013 0.052163
0 0.380288 0.316827 0.009295 0.052404
0 0.366346 0.316587 0.008333 0.050962
0 0.354167 0.317668 0.010897 0.051683
0 0.341346 0.315144 0.008333 0.046635
0 0.332532 0.314663 0.007372 0.048077
0 0.316506 0.312981 0.009295 0.050962
0 0.306090 0.312861 0.008333 0.052163
0 0.541827 0.672957 0.100962 0.019952
0 0.317949 0.242668 0.008333 0.053125
0 0.198077 0.945312 0.020513 0.018990
0 0.218590 0.943990 0.017949 0.018750
0 0.239583 0.943870 0.019551 0.018510
0 0.645032 0.635938 0.102885 0.021394
0 0.644231 0.655409 0.107051 0.015144
0 0.251763 0.715024 0.016987 0.018510
0 0.231571 0.714543 0.020192 0.017548
0 0.207692 0.714183 0.023077 0.016827
0 0.251442 0.692548 0.019551 0.021635
0 0.240224 0.923918 0.017628 0.018990
0 0.208654 0.692067 0.021795 0.020673
0 0.538782 0.692668 0.103205 0.014183
0 0.730449 0.635577 0.018590 0.016827
0 0.562660 0.322596 0.008654 0.051442
0 0.547276 0.323317 0.008013 0.050000
0 0.458974 0.317909 0.008974 0.049760
0 0.441827 0.318750 0.008013 0.049519
0 0.432051 0.318269 0.008974 0.050481
0 0.417788 0.318389 0.007372 0.052644
0 0.408814 0.317308 0.009295 0.053365
0 0.318429 0.732212 0.108013 0.017788
0 0.319712 0.714784 0.109295 0.015625
0 0.713462 0.635817 0.014744 0.016346
0 0.743429 0.695433 0.014423 0.015385
0 0.746795 0.680048 0.014103 0.016827
0 0.727724 0.686178 0.013141 0.013702
0 0.708494 0.685216 0.015064 0.014663
0 0.733013 0.669952 0.016667 0.015865
0 0.713622 0.668870 0.015064 0.014663
0 0.751282 0.663462 0.013462 0.013942
0 0.751442 0.647115 0.013782 0.016346
0 0.732212 0.653486 0.018910 0.013702
0 0.712340 0.653245 0.015705 0.016106
0 0.722756 0.699038 0.023077 0.009615
0 0.219391 0.905889 0.016346 0.019471
0 0.541827 0.737620 0.103526 0.018510
0 0.731090 0.794471 0.019872 0.011058
0 0.310096 0.883894 0.106731 0.019231
0 0.423077 0.883894 0.111538 0.018269
0 0.532051 0.883534 0.101282 0.016106
0 0.637821 0.884135 0.101923 0.014904
0 0.309936 0.904447 0.110256 0.017548
0 0.308654 0.924038 0.110256 0.016827
0 0.306731 0.942308 0.107692 0.019231
0 0.420192 0.903846 0.105769 0.016346
0 0.419391 0.923077 0.107372 0.017308
0 0.417949 0.942187 0.108333 0.017548
0 0.529647 0.902284 0.103526 0.018510
0 0.530288 0.922596 0.103526 0.016346
0 0.525962 0.939543 0.102564 0.017548
0 0.636218 0.901322 0.101923 0.014183
0 0.735897 0.944712 0.022436 0.010096
0 0.634776 0.921755 0.102885 0.021394
0 0.535577 0.817067 0.102564 0.021635
0 0.536058 0.796635 0.102885 0.018269
0 0.426282 0.853726 0.110256 0.019471
0 0.427564 0.835817 0.110256 0.016346
0 0.427724 0.816587 0.110577 0.018269
0 0.428045 0.796995 0.108013 0.016587
0 0.634936 0.942788 0.102564 0.013942
0 0.492468 0.464423 0.008654 0.054808
0 0.482532 0.464904 0.009295 0.054327
0 0.468910 0.461538 0.008974 0.055769
0 0.316026 0.837260 0.108974 0.016827
0 0.315385 0.815986 0.110256 0.019471
0 0.459455 0.464303 0.006731 0.055529
0 0.704487 0.841346 0.016667 0.014904
0 0.536058 0.837981 0.099679 0.015385
0 0.708974 0.945793 0.022436 0.012260
0 0.741346 0.930288 0.016667 0.016346
0 0.722436 0.930048 0.012821 0.015865
0 0.721955 0.825120 0.018269 0.012740
0 0.538622 0.611779 0.097756 0.018750
0 0.641346 0.613582 0.101923 0.015625
0 0.718750 0.533774 0.015064 0.016106
0 0.736058 0.534255 0.016346 0.015625
0 0.706891 0.550481 0.018269 0.016827
0 0.725000 0.552043 0.016026 0.014663
0 0.742308 0.552644 0.015385 0.016827
0 0.758173 0.550962 0.013782 0.014904
0 0.705128 0.567067 0.014744 0.014423
0 0.721635 0.567428 0.014423 0.014663
0 0.737821 0.567788 0.013462 0.013462
0 0.754968 0.567548 0.013782 0.014423
0 0.741346 0.825120 0.016667 0.012740
0 0.504968 0.464303 0.010577 0.053125
0 0.703686 0.825721 0.015064 0.013942
0 0.739904 0.808654 0.017628 0.017308
0 0.704327 0.931370 0.014423 0.014183
0 0.741506 0.912981 0.016987 0.014423
0 0.723397 0.912981 0.014744 0.012981
0 0.707051 0.915144 0.015385 0.013942
0 0.745032 0.896995 0.017628 0.018029
0 0.533013 0.853966 0.104487 0.014663
0 0.723237 0.840986 0.014423 0.016106
0 0.640545 0.796875 0.100321 0.018750
0 0.638141 0.836298 0.098718 0.017788
0 0.639904 0.854207 0.099038 0.012740
0 0.706731 0.794231 0.021154 0.011058
0 0.641987 0.592909 0.106410 0.016587
0 0.704647 0.809014 0.016987 0.018029
0 0.723077 0.808894 0.014103 0.017308
0 0.641346 0.816587 0.102564 0.018269
0 0.740545 0.841346 0.015064 0.017308
0 0.314263 0.854928 0.109295 0.019471
0 0.323878 0.548798 0.108013 0.018269
0 0.540224 0.464784 0.010577 0.049279
0 0.321474 0.507091 0.112821 0.020433
0 0.421955 0.490625 0.065705 0.015385
0 0.434615 0.510817 0.104487 0.015385
0 0.324840 0.528486 0.109936 0.020433
0 0.433814 0.529327 0.102885 0.018269
0 0.535897 0.533534 0.095513 0.018029
0 0.633494 0.532933 0.093269 0.018269
0 0.710577 0.880288 0.015385 0.018269
0 0.319551 0.568029 0.108974 0.019231
0 0.320353 0.589063 0.107372 0.018510
0 0.320673 0.608534 0.109936 0.017067
0 0.251763 0.558293 0.024038 0.014663
0 0.212179 0.573317 0.018590 0.017308
0 0.517147 0.465264 0.008013 0.053125
0 0.232051 0.574399 0.017949 0.016106
0 0.213942 0.591827 0.018910 0.018750
0 0.232372 0.591947 0.018590 0.018510
0 0.253365 0.592428 0.020192 0.017548
0 0.212340 0.609615 0.018910 0.016827
0 0.231250 0.609856 0.016346 0.015385
0 0.253045 0.609375 0.019551 0.013942
0 0.432051 0.547476 0.102564 0.018029
0 0.430288 0.569111 0.102244 0.018510
0 0.430929 0.590745 0.103526 0.018990
0 0.429968 0.609255 0.106731 0.018990
0 0.532853 0.552885 0.093269 0.018750
0 0.631891 0.553726 0.099679 0.017067
0 0.537179 0.572716 0.098077 0.018510
0 0.637019 0.573798 0.096474 0.017308
0 0.252724 0.575601 0.018910 0.016587
0 0.724519 0.896394 0.013141 0.018750
0 0.529006 0.464183 0.011218 0.055288
0 0.744872 0.878846 0.017308 0.018269
0 0.538942 0.592308 0.098397 0.019712
0 0.313301 0.796875 0.113141 0.018750
0 0.744071 0.761538 0.018910 0.016346
0 0.725962 0.763341 0.012821 0.012740
0 0.709135 0.764303 0.016346 0.011779
0 0.744231 0.745673 0.016026 0.014423
0 0.726442 0.747476 0.013782 0.017067
0 0.708173 0.748317 0.014423 0.017308
0 0.741987 0.729447 0.017949 0.014663
0 0.706731 0.898918 0.014744 0.016587
0 0.710417 0.730288 0.015064 0.016346
0 0.740064 0.715024 0.021154 0.011298
0 0.710256 0.714663 0.021795 0.012981
0 0.645513 0.774038 0.096795 0.015865
0 0.724519 0.730409 0.013141 0.016106
0 0.647756 0.738942 0.103205 0.016346
0 0.645673 0.718029 0.097115 0.017308
0 0.540705 0.774279 0.102564 0.013942
0 0.540865 0.757332 0.102244 0.018029
0 0.703365 0.583654 0.014423 0.014904
0 0.540705 0.716226 0.101923 0.020913
0 0.429006 0.772596 0.108013 0.015865
0 0.429808 0.752404 0.108333 0.017788
0 0.429808 0.733654 0.109615 0.018269
0 0.648397 0.755769 0.099359 0.017308
0 0.726603 0.878125 0.014103 0.017788
