0 0.087418 0.522365 0.019608 0.047181
0 0.066381 0.522978 0.022467 0.045956
0 0.634191 0.567555 0.020833 0.045037
0 0.612132 0.570619 0.017565 0.043199
0 0.527165 0.577665 0.022467 0.041973
0 0.572100 0.575980 0.023284 0.044730
0 0.549224 0.577359 0.021650 0.043811
0 0.492443 0.575061 0.022467 0.042279
0 0.470997 0.576900 0.016340 0.040441
0 0.109886 0.520833 0.023693 0.047794
0 0.595180 0.575980 0.020425 0.046569
0 0.132149 0.521293 0.020016 0.046262
0 0.340891 0.506893 0.024918 0.047488
0 0.178513 0.517310 0.022876 0.045037
0 0.198325 0.515625 0.017565 0.043505
0 0.218954 0.515778 0.026144 0.041973
0 0.245711 0.518842 0.018382 0.046875
0 0.272467 0.515472 0.026961 0.045650
0 0.298407 0.513940 0.021650 0.043199
0 0.448325 0.580423 0.028186 0.046875
0 0.366626 0.507047 0.024101 0.047181
0 0.390114 0.507200 0.022059 0.048100
0 0.412377 0.509344 0.021650 0.045650
0 0.445874 0.507506 0.023284 0.048713
0 0.154412 0.518382 0.023693 0.042892
0 0.421977 0.581801 0.024510 0.044118
0 0.103962 0.595741 0.028186 0.071385
0 0.361520 0.585938 0.026144 0.046262
0 0.641748 0.662071 0.035948 0.052083
0 0.673815 0.656403 0.026552 0.054228
0 0.759191 0.647518 0.037990 0.050551
0 0.794935 0.641850 0.032680 0.058824
0 0.824551 0.643842 0.030637 0.058517
0 0.884600 0.639093 0.036356 0.055147
0 0.919935 0.634498 0.033497 0.058211
0 0.919730 0.573223 0.045343 0.054534
0 0.795343 0.561734 0.021242 0.043811
0 0.813725 0.559283 0.017157 0.046875
0 0.832925 0.557751 0.018791 0.041973
0 0.391340 0.584865 0.032680 0.047181
0 0.849877 0.557445 0.015931 0.041360
0 0.677696 0.567096 0.022059 0.048407
0 0.698325 0.566483 0.018382 0.047181
0 0.720180 0.566023 0.021242 0.046262
0 0.073938 0.596354 0.029412 0.070159
0 0.473039 0.507659 0.028595 0.049020
0 0.138889 0.592525 0.033497 0.068627
0 0.171364 0.592984 0.033088 0.067708
0 0.209150 0.587010 0.039216 0.063725
0 0.295139 0.587776 0.019199 0.046875
0 0.315155 0.588848 0.022467 0.045343
0 0.337827 0.587010 0.022876 0.045343
0 0.882761 0.556373 0.028595 0.045343
0 0.502247 0.503370 0.025735 0.049632
0 0.772467 0.491728 0.019608 0.041667
0 0.624387 0.498928 0.025735 0.041973
0 0.888276 0.318015 0.035539 0.042892
0 0.566789 0.331036 0.032271 0.016850
0 0.596609 0.311887 0.027369 0.018382
0 0.564134 0.312806 0.025327 0.022672
0 0.530229 0.311275 0.031046 0.022672
0 0.533701 0.331801 0.027369 0.015319
0 0.503064 0.331036 0.027369 0.013787
0 0.493464 0.316330 0.024510 0.018076
0 0.392157 0.315870 0.066993 0.044730
0 0.313317 0.314185 0.071895 0.047488
0 0.183007 0.307445 0.064542 0.049326
0 0.849877 0.319547 0.036356 0.042892
0 0.079657 0.310968 0.049020 0.050245
0 0.787582 0.310815 0.021242 0.022365
0 0.763685 0.297028 0.026552 0.016238
0 0.714052 0.331495 0.025327 0.018995
0 0.688521 0.333180 0.023284 0.018076
0 0.663399 0.332414 0.026144 0.014093
0 0.636029 0.330116 0.024510 0.018076
0 0.714665 0.312806 0.026552 0.019608
0 0.687296 0.313266 0.024918 0.018076
0 0.661356 0.312806 0.022059 0.016544
0 0.637868 0.311121 0.024101 0.019914
0 0.691176 0.292739 0.020425 0.019914
0 0.790237 0.330882 0.023284 0.019608
0 0.816176 0.321691 0.030229 0.044118
0 0.853962 0.373468 0.020016 0.040441
0 0.832312 0.377911 0.021650 0.042586
0 0.645425 0.497855 0.018791 0.041667
0 0.667688 0.495251 0.022467 0.046262
0 0.694036 0.493873 0.022059 0.039828
0 0.715278 0.495251 0.019608 0.040135
0 0.733660 0.496170 0.015523 0.044424
0 0.751838 0.496783 0.019199 0.043199
0 0.604167 0.663297 0.034314 0.052696
0 0.792688 0.495404 0.020016 0.045956
0 0.811683 0.495558 0.017157 0.045650
0 0.829453 0.491422 0.020016 0.041054
0 0.846814 0.488817 0.015523 0.043199
0 0.864379 0.489277 0.016340 0.042892
0 0.884804 0.488358 0.020425 0.041054
0 0.511234 0.381893 0.023284 0.048100
0 0.533497 0.383425 0.022876 0.043811
0 0.561683 0.379289 0.022059 0.042892
0 0.582721 0.382353 0.020016 0.039828
0 0.615605 0.380821 0.024510 0.039828
0 0.679330 0.380515 0.021242 0.042279
0 0.700572 0.379289 0.018791 0.045956
0 0.719771 0.378523 0.020425 0.044424
0 0.740400 0.379289 0.020833 0.042892
0 0.762663 0.377451 0.024510 0.045343
0 0.790850 0.381127 0.024510 0.039216
0 0.811070 0.379596 0.015931 0.037377
0 0.601307 0.495711 0.020425 0.043505
0 0.566176 0.663756 0.043301 0.052390
0 0.097631 0.704657 0.048203 0.063725
0 0.457516 0.671262 0.030229 0.061275
0 0.528595 0.442402 0.025327 0.050245
0 0.552492 0.444700 0.020016 0.046262
0 0.576389 0.443168 0.027778 0.048713
0 0.622753 0.442708 0.026552 0.047794
0 0.654820 0.442249 0.033497 0.048100
0 0.684232 0.438266 0.018791 0.044424
0 0.709763 0.437347 0.024918 0.045650
0 0.735294 0.436581 0.018791 0.047181
0 0.758170 0.438879 0.023693 0.045650
0 0.777778 0.435355 0.013889 0.044730
0 0.796364 0.436581 0.023284 0.044118
0 0.069444 0.448529 0.028595 0.050245
0 0.110703 0.450061 0.025327 0.050245
0 0.180351 0.448529 0.030637 0.050245
0 0.205678 0.445619 0.020016 0.056679
0 0.285948 0.445312 0.021242 0.049939
0 0.313113 0.444700 0.026552 0.055453
0 0.357435 0.444547 0.022059 0.048407
0 0.384804 0.446078 0.015523 0.039216
0 0.408292 0.442555 0.025735 0.044424
0 0.433211 0.441636 0.022467 0.045650
0 0.470384 0.444547 0.019199 0.045343
0 0.505923 0.440104 0.016748 0.048100
0 0.306985 0.380055 0.034722 0.053615
0 0.506127 0.668045 0.045752 0.054841
0 0.667075 0.292586 0.025327 0.019608
0 0.186070 0.381740 0.021650 0.047794
0 0.276757 0.380055 0.023284 0.050551
0 0.251838 0.378523 0.022467 0.047488
0 0.229779 0.378983 0.019199 0.048407
0 0.207516 0.379902 0.023693 0.050858
0 0.160948 0.384191 0.024510 0.051471
0 0.131127 0.382353 0.030229 0.052083
0 0.089665 0.398284 0.042075 0.015319
0 0.052083 0.381740 0.030637 0.056985
0 0.638889 0.290135 0.030229 0.017770
0 0.148284 0.701134 0.052288 0.071998
0 0.214052 0.691636 0.044935 0.065257
0 0.265114 0.690104 0.036765 0.059130
0 0.304943 0.683670 0.038807 0.070159
0 0.345180 0.676777 0.041667 0.069240
0 0.385212 0.677237 0.036765 0.067708
0 0.422181 0.672794 0.037173 0.061275
0 0.602533 0.330576 0.031046 0.018995
