0 0.376709 0.707452 0.109829 0.016827
0 0.376068 0.692788 0.109402 0.012500
0 0.373077 0.677644 0.102564 0.018750
0 0.487393 0.672957 0.100427 0.018510
0 0.488462 0.688822 0.097436 0.010817
0 0.491453 0.704207 0.100000 0.016106
0 0.600427 0.698918 0.100855 0.017067
0 0.598077 0.684976 0.108120 0.011298
0 0.600000 0.670793 0.112821 0.015625
0 0.730342 0.695192 0.100000 0.014904
0 0.726496 0.681010 0.110256 0.014423
0 0.839744 0.688221 0.110256 0.014423
0 0.854701 0.359615 0.038462 0.064423
0 0.935470 0.358534 0.033333 0.067067
0 0.261325 0.680168 0.104701 0.020913
0 0.966239 0.357692 0.022222 0.065385
0 0.990598 0.357332 0.018803 0.067067
0 0.017521 0.478846 0.016239 0.013462
0 0.024359 0.498197 0.010256 0.018029
0 0.722650 0.664423 0.106838 0.018750
0 0.265385 0.697716 0.108547 0.012260
0 0.237607 0.632812 0.112821 0.012740
0 0.159615 0.720313 0.089316 0.017548
0 0.547436 0.394231 0.114530 0.017308
0 0.621368 0.363582 0.031624 0.068990
0 0.651923 0.362861 0.029487 0.066106
0 0.716239 0.363582 0.038462 0.061779
0 0.752350 0.363942 0.034615 0.061058
0 0.784615 0.363582 0.029915 0.061779
0 0.817094 0.360697 0.031624 0.062740
0 0.666239 0.535457 0.108547 0.018029
0 0.756410 0.512260 0.088889 0.013942
0 0.265171 0.713942 0.108120 0.020673
0 0.766026 0.532933 0.091026 0.020673
0 0.951923 0.541707 0.096154 0.015144
0 0.947009 0.454688 0.100855 0.015625
0 0.359829 0.636659 0.114530 0.013221
0 0.235897 0.620192 0.117949 0.011538
0 0.026496 0.514423 0.010256 0.016827
0 0.058547 0.702043 0.112821 0.022837
0 0.058547 0.723197 0.112821 0.018990
0 0.162393 0.701562 0.086325 0.018990
0 0.163889 0.667548 0.072222 0.012500
0 0.772009 0.548798 0.095299 0.011058
0 0.024359 0.528966 0.018803 0.012740
0 0.317094 0.437139 0.105128 0.020433
0 0.097009 0.509615 0.108547 0.019231
0 0.957265 0.774760 0.085470 0.018750
0 0.961538 0.793149 0.076923 0.018029
0 0.856838 0.797356 0.114530 0.014423
0 0.950641 0.527524 0.098718 0.014663
0 0.951923 0.508534 0.096154 0.021394
0 0.929915 0.576442 0.099145 0.019712
0 0.937821 0.596394 0.106410 0.013462
0 0.946581 0.614062 0.106838 0.018990
0 0.803632 0.619952 0.106410 0.014423
0 0.949786 0.652524 0.100427 0.013702
0 0.802137 0.605409 0.103419 0.014663
0 0.800427 0.574038 0.104274 0.017308
0 0.688034 0.621034 0.099145 0.017067
0 0.687821 0.603245 0.097009 0.018990
0 0.184188 0.797115 0.023077 0.065385
0 0.253632 0.744591 0.089316 0.014183
0 0.522863 0.805649 0.109829 0.012260
0 0.617949 0.794111 0.098291 0.013702
0 0.733974 0.784736 0.120940 0.025240
0 0.736538 0.802284 0.121795 0.006971
0 0.802350 0.590865 0.104701 0.014904
0 0.099359 0.527644 0.116667 0.012019
0 0.945299 0.668389 0.095726 0.018029
0 0.949145 0.469471 0.098291 0.014423
0 0.092949 0.491466 0.116667 0.014663
0 0.214530 0.491827 0.095726 0.014423
0 0.213462 0.475361 0.098718 0.018029
0 0.207051 0.457091 0.106410 0.016106
0 0.547863 0.374880 0.106838 0.015144
0 0.316239 0.454567 0.100855 0.013942
0 0.315385 0.471034 0.101709 0.017067
0 0.316667 0.487139 0.104274 0.016106
0 0.420726 0.484135 0.087607 0.017308
0 0.947650 0.685937 0.104701 0.018990
0 0.519231 0.464303 0.105128 0.016106
0 0.618590 0.444591 0.097009 0.019471
0 0.618803 0.462139 0.090598 0.015625
0 0.619444 0.477644 0.095299 0.013462
0 0.722009 0.475120 0.092735 0.018510
0 0.717308 0.458173 0.102137 0.015385
0 0.825641 0.425120 0.105128 0.018029
0 0.825855 0.440986 0.108120 0.015144
0 0.828205 0.455649 0.112821 0.014183
0 0.830983 0.473558 0.105556 0.021635
0 0.521795 0.481611 0.106838 0.016587
0 0.545726 0.358413 0.106838 0.016827
0 0.310256 0.362861 0.112821 0.016587
0 0.422863 0.347957 0.100427 0.016106
0 0.319231 0.216466 0.016239 0.068029
0 0.270299 0.227284 0.067094 0.065625
0 0.199573 0.226322 0.075214 0.066587
0 0.130128 0.227163 0.060256 0.068269
0 0.066453 0.376082 0.045726 0.058413
0 0.101496 0.374399 0.011538 0.066587
0 0.087821 0.320433 0.017521 0.037981
0 0.064103 0.321995 0.017094 0.032452
0 0.031410 0.325601 0.015812 0.034856
0 0.344017 0.218029 0.027350 0.069231
0 0.011966 0.323798 0.019658 0.036058
0 0.029060 0.799760 0.031624 0.060096
0 0.064316 0.795793 0.029487 0.053606
0 0.093376 0.790144 0.019231 0.060577
0 0.123932 0.792909 0.029060 0.061779
0 0.154060 0.796635 0.028632 0.073558
0 0.111538 0.578245 0.107692 0.018510
0 0.855983 0.786418 0.112821 0.007452
0 0.113889 0.594111 0.108120 0.011298
0 0.115598 0.611659 0.108974 0.020913
0 0.015812 0.378245 0.027350 0.070913
0 0.117308 0.631611 0.106410 0.012740
0 0.425427 0.214423 0.023504 0.070192
0 0.465598 0.215745 0.019231 0.060337
0 0.973504 0.227524 0.023932 0.061779
0 0.952991 0.227284 0.017094 0.060817
0 0.934829 0.226322 0.019231 0.061779
0 0.912393 0.225361 0.025641 0.059856
0 0.867521 0.206010 0.021368 0.074038
0 0.845726 0.204808 0.020513 0.070192
0 0.826282 0.204687 0.020085 0.064183
0 0.806197 0.206851 0.021795 0.068510
0 0.750855 0.205529 0.022222 0.071154
0 0.447222 0.212620 0.015812 0.065625
0 0.733333 0.207091 0.012821 0.068990
0 0.679060 0.211058 0.023932 0.072115
0 0.657479 0.209014 0.019231 0.066587
0 0.636752 0.209615 0.020513 0.064423
0 0.617094 0.211659 0.018803 0.068510
0 0.583333 0.210577 0.023932 0.066346
0 0.561752 0.211058 0.019231 0.067308
0 0.540171 0.213822 0.019658 0.062740
0 0.520085 0.213341 0.017094 0.067548
0 0.489744 0.223317 0.016239 0.054327
0 0.714530 0.208654 0.022222 0.072115
0 0.546154 0.341947 0.111966 0.017067
0 0.233761 0.604087 0.113675 0.019712
0 0.211538 0.537981 0.106838 0.014423
0 0.794231 0.274399 0.099573 0.017067
0 0.677564 0.300841 0.097863 0.031490
0 0.676709 0.275481 0.100427 0.019712
0 0.545940 0.304688 0.102137 0.026202
0 0.543803 0.280529 0.098718 0.021635
0 0.443376 0.306490 0.097863 0.027404
0 0.444017 0.283774 0.099145 0.017548
0 0.318162 0.309255 0.105556 0.024279
0 0.311538 0.287500 0.098291 0.019712
0 0.795085 0.297957 0.097863 0.030048
0 0.211111 0.288101 0.102564 0.016106
0 0.192521 0.351923 0.116667 0.020192
0 0.194872 0.370913 0.117949 0.013462
0 0.197863 0.386538 0.110256 0.015865
0 0.193590 0.402163 0.124786 0.013462
0 0.310043 0.381370 0.108120 0.016106
0 0.313462 0.398678 0.119231 0.013221
0 0.431197 0.395673 0.111966 0.021635
0 0.427137 0.378125 0.113248 0.013462
0 0.426709 0.363221 0.111538 0.014423
0 0.218590 0.311298 0.096154 0.027885
0 0.217735 0.521755 0.107265 0.018990
0 0.949786 0.285938 0.086752 0.018029
0 0.684615 0.586058 0.101709 0.014904
0 0.215171 0.553245 0.106410 0.016587
0 0.221154 0.572356 0.109829 0.020673
0 0.332479 0.547716 0.102564 0.017067
0 0.329915 0.566226 0.107692 0.018510
0 0.443162 0.562620 0.110256 0.016106
0 0.436325 0.548077 0.099145 0.013942
0 0.552564 0.540385 0.107692 0.017788
0 0.545940 0.518149 0.097863 0.011779
0 0.552991 0.560337 0.110256 0.018269
0 0.950427 0.304327 0.088889 0.017308
0 0.664103 0.554087 0.112821 0.018750
0 0.360256 0.609976 0.106838 0.012740
0 0.467949 0.597476 0.108547 0.016106
0 0.472436 0.609375 0.120940 0.009135
0 0.476496 0.622476 0.112821 0.014183
0 0.476923 0.634495 0.116239 0.009375
0 0.588889 0.628966 0.098291 0.015625
0 0.586538 0.612861 0.097009 0.014183
0 0.580556 0.597236 0.103846 0.011779
0 0.583974 0.583774 0.093590 0.009856
0 0.356838 0.624038 0.117949 0.008654
0 0.855128 0.773678 0.111111 0.018510
0 0.948718 0.436779 0.102564 0.021154
