0 0.889423 0.643870 0.135897 0.033894
0 0.299038 0.492668 0.021795 0.024279
0 0.324038 0.493990 0.025000 0.026923
0 0.351442 0.491587 0.026603 0.030288
0 0.380609 0.494471 0.027244 0.025000
0 0.408013 0.494471 0.025000 0.023077
0 0.438462 0.486659 0.032051 0.022837
0 0.542147 0.487019 0.024679 0.039904
0 0.573397 0.487260 0.030769 0.040385
0 0.602885 0.489303 0.028205 0.036298
0 0.633333 0.488341 0.024359 0.038221
0 0.658173 0.488341 0.020833 0.042548
0 0.685737 0.489303 0.029167 0.041587
0 0.717788 0.492308 0.029167 0.037019
0 0.754327 0.491947 0.023397 0.033413
0 0.782051 0.490986 0.025000 0.036779
0 0.814744 0.491466 0.029487 0.037260
0 0.844391 0.492188 0.024038 0.035817
0 0.301603 0.666466 0.023077 0.044471
0 0.226763 0.666346 0.034936 0.044712
0 0.182372 0.669952 0.039103 0.037981
0 0.145994 0.672115 0.030449 0.040865
0 0.118590 0.671995 0.018590 0.039183
0 0.940224 0.595433 0.047756 0.017788
0 0.938622 0.578365 0.048397 0.012981
0 0.941987 0.565745 0.047436 0.012260
0 0.924038 0.551202 0.054487 0.009615
0 0.918750 0.539062 0.054808 0.009856
0 0.896474 0.586418 0.028205 0.031971
0 0.274519 0.492428 0.022756 0.021875
0 0.250000 0.490865 0.020513 0.023558
0 0.225962 0.490745 0.022436 0.023317
0 0.195032 0.497115 0.028526 0.017788
0 0.294391 0.397716 0.023397 0.030529
0 0.319551 0.399038 0.023718 0.028846
0 0.344872 0.398678 0.023718 0.026683
0 0.371154 0.398918 0.026282 0.026202
0 0.398878 0.402163 0.027885 0.025962
0 0.427724 0.398077 0.025321 0.033173
0 0.453205 0.400000 0.022436 0.032212
0 0.491987 0.395553 0.035256 0.044952
0 0.537821 0.395433 0.041026 0.041346
0 0.576603 0.399038 0.032692 0.037019
0 0.618109 0.397476 0.044551 0.040625
0 0.658974 0.398798 0.029487 0.034615
0 0.687019 0.400000 0.024679 0.035096
0 0.722115 0.393990 0.033974 0.047115
0 0.753045 0.393389 0.027885 0.045913
0 0.777083 0.395553 0.018910 0.044952
0 0.800000 0.400841 0.025000 0.035817
0 0.825321 0.400481 0.021795 0.036058
0 0.850962 0.397837 0.019872 0.012500
0 0.873558 0.397476 0.022115 0.013702
0 0.850481 0.411659 0.018910 0.012740
0 0.871795 0.411659 0.018590 0.011779
0 0.897756 0.405889 0.019872 0.022356
0 0.899359 0.390144 0.026923 0.009615
0 0.928846 0.403125 0.032051 0.035577
0 0.961859 0.402524 0.026923 0.037740
0 0.115865 0.484255 0.024038 0.036779
0 0.142949 0.485817 0.021154 0.037981
0 0.166987 0.492788 0.022436 0.027404
0 0.867468 0.586899 0.024038 0.031490
0 0.843109 0.585938 0.021474 0.033413
0 0.816026 0.578486 0.028205 0.048317
0 0.785897 0.577524 0.028846 0.047837
0 0.569231 0.582692 0.035897 0.037981
0 0.525641 0.580769 0.031410 0.035577
0 0.484936 0.582332 0.028205 0.037260
0 0.455929 0.579808 0.024038 0.040385
0 0.430929 0.579808 0.024038 0.040385
0 0.401603 0.580288 0.030128 0.041346
0 0.363301 0.578365 0.025321 0.040385
0 0.339263 0.580048 0.020192 0.037981
0 0.313622 0.575240 0.025962 0.050000
0 0.280769 0.580889 0.028205 0.038221
0 0.251763 0.583053 0.027244 0.035817
0 0.218269 0.584255 0.028205 0.031490
0 0.190705 0.583173 0.026923 0.033654
0 0.886218 0.756611 0.029487 0.047356
0 0.935256 0.678846 0.030769 0.030288
0 0.213622 0.554688 0.054808 0.016587
0 0.157853 0.582212 0.025962 0.038462
0 0.127404 0.583894 0.029167 0.037500
0 0.152885 0.545673 0.055128 0.017308
0 0.507692 0.502043 0.038462 0.010817
0 0.471635 0.502163 0.030449 0.011058
0 0.508494 0.485577 0.036218 0.021635
0 0.472115 0.485337 0.031410 0.019712
0 0.437179 0.503966 0.029487 0.009375
0 0.911859 0.499639 0.030128 0.038221
0 0.952404 0.469832 0.036218 0.010817
0 0.917949 0.469351 0.028205 0.011779
0 0.882692 0.468870 0.022436 0.011779
0 0.267788 0.550481 0.052244 0.018269
0 0.855288 0.753846 0.020833 0.054808
0 0.828846 0.756250 0.025641 0.054808
0 0.798077 0.758053 0.021154 0.056971
0 0.753205 0.579327 0.028205 0.044712
0 0.722276 0.578726 0.030449 0.045433
0 0.687660 0.578365 0.033013 0.045192
0 0.646795 0.581851 0.037179 0.036298
0 0.608494 0.582452 0.035577 0.037981
0 0.121154 0.751202 0.023718 0.058173
0 0.153045 0.751683 0.030449 0.059135
0 0.186378 0.755769 0.022115 0.043269
0 0.206731 0.754207 0.016026 0.048798
0 0.226603 0.759135 0.016667 0.044231
0 0.258974 0.762981 0.023718 0.033173
0 0.282692 0.750962 0.025000 0.052404
0 0.308173 0.761538 0.025962 0.036058
0 0.340224 0.756971 0.036218 0.045673
0 0.374840 0.756250 0.030449 0.046635
0 0.404006 0.764784 0.024038 0.030048
0 0.432532 0.761178 0.027244 0.035337
0 0.464583 0.758894 0.038141 0.041827
0 0.498237 0.759255 0.026603 0.041106
0 0.525962 0.758173 0.024359 0.039904
0 0.554808 0.759495 0.028846 0.038221
0 0.589583 0.758534 0.033654 0.037740
0 0.618910 0.749038 0.020513 0.056250
0 0.642788 0.757212 0.022115 0.043269
0 0.671795 0.753365 0.023077 0.050481
0 0.695994 0.754687 0.020833 0.051683
0 0.719391 0.752764 0.021474 0.054087
0 0.743429 0.755889 0.022756 0.058894
0 0.773237 0.755889 0.021474 0.059375
0 0.269071 0.395192 0.022756 0.036538
0 0.279006 0.665264 0.017628 0.044471
0 0.876122 0.492788 0.030449 0.035096
0 0.426603 0.671635 0.030128 0.036058
0 0.454327 0.192788 0.020833 0.041346
0 0.485417 0.191226 0.025962 0.041587
0 0.510256 0.195553 0.021795 0.038221
0 0.536699 0.193870 0.024679 0.043990
0 0.561538 0.193029 0.024359 0.039904
0 0.594071 0.192428 0.024679 0.041106
0 0.620032 0.193870 0.022756 0.039183
0 0.647115 0.195673 0.023718 0.040865
0 0.672115 0.196154 0.023718 0.043269
0 0.701442 0.194111 0.024679 0.043990
0 0.728526 0.192909 0.025000 0.044952
0 0.118750 0.277764 0.033654 0.061779
0 0.152724 0.278245 0.033654 0.058413
0 0.192147 0.279928 0.040705 0.060337
0 0.229167 0.280529 0.032692 0.059135
0 0.264744 0.281731 0.035256 0.058654
0 0.305128 0.281611 0.039103 0.059375
0 0.342308 0.284736 0.022436 0.037740
0 0.369712 0.283774 0.027244 0.039183
0 0.396955 0.284014 0.024038 0.039183
0 0.428846 0.288702 0.023718 0.039904
0 0.458333 0.287139 0.021795 0.037260
0 0.483013 0.285817 0.021154 0.037981
0 0.433654 0.192428 0.022436 0.041106
0 0.398718 0.190625 0.024359 0.042788
0 0.373558 0.189904 0.024038 0.044231
0 0.323558 0.184736 0.031731 0.049279
0 0.612660 0.673798 0.031731 0.030288
0 0.642949 0.669111 0.022436 0.041587
0 0.663141 0.667067 0.016026 0.045673
0 0.686699 0.670312 0.027244 0.043990
0 0.719712 0.669712 0.029167 0.043269
0 0.741346 0.672837 0.011538 0.035577
0 0.760737 0.665865 0.021474 0.053365
0 0.581571 0.673438 0.028526 0.032933
0 0.784135 0.666947 0.018269 0.050721
0 0.806090 0.669832 0.019231 0.043029
0 0.553526 0.670553 0.022436 0.036298
0 0.500481 0.287740 0.013782 0.032692
0 0.529647 0.671514 0.021474 0.036779
0 0.482692 0.669471 0.023718 0.038462
0 0.455929 0.671274 0.027885 0.037260
0 0.836058 0.677524 0.025321 0.031490
0 0.394231 0.671755 0.029487 0.036298
0 0.354808 0.672115 0.036538 0.037019
0 0.872596 0.678365 0.030449 0.031250
0 0.137179 0.181250 0.037821 0.059135
0 0.174679 0.181490 0.030769 0.058654
0 0.214103 0.182572 0.041667 0.058894
0 0.249038 0.183894 0.025641 0.056250
0 0.287340 0.182812 0.034295 0.054087
0 0.507051 0.670673 0.022436 0.039423
0 0.516506 0.286779 0.016346 0.033173
0 0.902885 0.678005 0.026923 0.030048
0 0.560096 0.293389 0.014423 0.025240
0 0.022115 0.739183 0.037179 0.061058
0 0.058333 0.655529 0.030769 0.060577
0 0.021154 0.656971 0.038462 0.057692
0 0.022436 0.586779 0.041026 0.035096
0 0.058173 0.587139 0.026603 0.030529
0 0.047436 0.485697 0.041026 0.061298
0 0.942949 0.755168 0.024359 0.052644
0 0.540865 0.288221 0.025962 0.037019
0 0.820833 0.293870 0.030769 0.040625
0 0.579968 0.287981 0.021474 0.038942
0 0.604487 0.285938 0.024359 0.040144
0 0.632692 0.292308 0.019872 0.028846
0 0.658654 0.291587 0.028846 0.028846
0 0.690224 0.290264 0.027244 0.032933
0 0.720353 0.291466 0.026603 0.035337
0 0.062179 0.738702 0.034615 0.055288
0 0.754327 0.293029 0.030449 0.036538
0 0.858173 0.286779 0.030449 0.017788
0 0.891346 0.287620 0.025000 0.014183
0 0.917308 0.754808 0.026923 0.050000
0 0.246314 0.389784 0.020192 0.043990
0 0.223878 0.387981 0.022115 0.045673
0 0.862660 0.304207 0.028526 0.012260
0 0.169551 0.387260 0.024359 0.041827
0 0.196795 0.384014 0.028205 0.045913
0 0.116987 0.387019 0.033333 0.046635
0 0.037019 0.337981 0.034936 0.069231
0 0.953526 0.295433 0.027564 0.032692
0 0.922596 0.296635 0.030449 0.037500
0 0.893590 0.302284 0.022436 0.014183
0 0.143910 0.386058 0.019231 0.047115
0 0.785737 0.294952 0.028526 0.042308
