0 0.323938 0.444240 0.026961 0.014706
0 0.267361 0.432598 0.024101 0.012255
0 0.622345 0.741728 0.056781 0.040441
0 0.204657 0.433517 0.026961 0.014093
0 0.171160 0.433364 0.026961 0.013787
0 0.564951 0.831495 0.057190 0.040441
0 0.863971 0.502451 0.031046 0.078431
0 0.892974 0.501532 0.021242 0.076593
0 0.679739 0.815411 0.049837 0.040748
0 0.679534 0.775429 0.051062 0.036765
0 0.622549 0.822151 0.056373 0.038297
0 0.624796 0.781863 0.056781 0.038603
0 0.236928 0.434436 0.024510 0.015931
0 0.917279 0.501685 0.020833 0.074449
0 0.887663 0.789216 0.053105 0.033701
0 0.980801 0.706955 0.038399 0.034620
0 0.565155 0.788909 0.056781 0.040441
0 0.355801 0.441483 0.029412 0.020833
0 0.384395 0.439185 0.022876 0.020527
0 0.175449 0.452359 0.029820 0.019301
0 0.207721 0.454504 0.029820 0.021140
0 0.239175 0.454963 0.025735 0.020221
0 0.785335 0.726716 0.049428 0.035539
0 0.837623 0.723039 0.046160 0.031250
0 0.748570 0.686275 0.053513 0.039828
0 0.816381 0.685509 0.057598 0.040748
0 0.936275 0.784467 0.042484 0.040135
0 0.888889 0.751991 0.049020 0.037071
0 0.936275 0.746936 0.044118 0.031863
0 0.888072 0.713542 0.049837 0.036152
0 0.937296 0.709406 0.046160 0.034620
0 0.886438 0.674479 0.047386 0.038909
0 0.937296 0.670650 0.047794 0.037990
0 0.979167 0.782629 0.041667 0.038297
0 0.979984 0.743719 0.040033 0.036458
0 0.981618 0.667126 0.036765 0.038297
0 0.561070 0.746170 0.059232 0.040748
0 0.582925 0.512561 0.027778 0.082108
0 0.505719 0.839154 0.057190 0.040441
0 0.653595 0.629289 0.052288 0.039216
0 0.598448 0.633732 0.053105 0.037071
0 0.537990 0.597886 0.060458 0.040748
0 0.536765 0.640472 0.060458 0.040748
0 0.026961 0.805760 0.053922 0.045343
0 0.029003 0.853860 0.058007 0.047794
0 0.029003 0.902727 0.058007 0.046262
0 0.094975 0.799020 0.077206 0.042892
0 0.169935 0.790288 0.071078 0.041973
0 0.097222 0.845895 0.075980 0.045343
0 0.572304 0.214001 0.055556 0.108150
0 0.512051 0.212316 0.053513 0.108456
0 0.453840 0.208946 0.057190 0.112132
0 0.390727 0.206801 0.062500 0.111520
0 0.323938 0.202972 0.063725 0.113664
0 0.253881 0.197151 0.069853 0.119179
0 0.181781 0.193321 0.071078 0.121324
0 0.110090 0.190870 0.070670 0.123775
0 0.171364 0.835018 0.071487 0.045650
0 0.645425 0.586091 0.057190 0.041054
0 0.707516 0.624387 0.050654 0.039216
0 0.756944 0.619638 0.046569 0.035846
0 0.708129 0.584099 0.046160 0.037684
0 0.063521 0.675858 0.080474 0.045343
0 0.142565 0.622089 0.074346 0.044424
0 0.145425 0.669271 0.074346 0.044424
0 0.216095 0.614890 0.070261 0.040441
0 0.217320 0.660692 0.068627 0.045037
0 0.286560 0.611673 0.065768 0.041360
0 0.287173 0.654565 0.065359 0.041360
0 0.350490 0.606311 0.059641 0.041054
0 0.414624 0.603707 0.061275 0.043199
0 0.097631 0.893229 0.073529 0.045650
0 0.352124 0.651501 0.061275 0.043199
0 0.989992 0.607384 0.020016 0.040748
0 0.956904 0.611060 0.042075 0.034007
0 0.916054 0.576440 0.046160 0.033395
0 0.911969 0.613817 0.043709 0.036458
0 0.865196 0.576900 0.046569 0.034314
0 0.862337 0.615196 0.050654 0.041054
0 0.811683 0.580270 0.046569 0.037377
0 0.808415 0.619332 0.049837 0.035846
0 0.762051 0.580116 0.050245 0.036458
0 0.415645 0.647672 0.062500 0.039828
0 0.561275 0.702206 0.057190 0.040441
0 0.172181 0.881281 0.070670 0.044424
0 0.314747 0.820772 0.067402 0.040441
0 0.713848 0.456036 0.020833 0.017463
0 0.711193 0.435662 0.015523 0.015931
0 0.737745 0.453738 0.017157 0.017770
0 0.734681 0.433824 0.025735 0.016544
0 0.410131 0.448529 0.018791 0.018382
0 0.385008 0.463848 0.026552 0.019608
0 0.351511 0.465074 0.024101 0.017157
0 0.321691 0.465993 0.022467 0.018995
0 0.295343 0.450214 0.022059 0.019914
0 0.267157 0.451287 0.023693 0.019608
0 0.939542 0.500306 0.019608 0.074142
0 0.381536 0.855086 0.062092 0.045343
0 0.440768 0.714920 0.055556 0.043199
0 0.439338 0.760570 0.055964 0.039522
0 0.443423 0.803309 0.060049 0.039828
0 0.443627 0.848039 0.059641 0.045956
0 0.499592 0.707874 0.058007 0.042586
0 0.500408 0.752604 0.058824 0.041360
0 0.505310 0.796262 0.057190 0.040441
0 0.687500 0.456342 0.023693 0.018076
0 0.686683 0.435355 0.024510 0.017770
0 0.624183 0.433058 0.031046 0.017463
0 0.597222 0.435815 0.020425 0.016238
0 0.244281 0.872089 0.067810 0.044424
0 0.313725 0.864430 0.064542 0.044424
0 0.373366 0.767157 0.059641 0.039216
0 0.378064 0.719822 0.062500 0.046262
0 0.381332 0.809743 0.061683 0.041054
0 0.036765 0.186734 0.073529 0.132047
0 0.900123 0.444240 0.020016 0.014093
0 0.876838 0.443934 0.020016 0.014093
0 0.840891 0.441330 0.018382 0.013174
0 0.244077 0.827819 0.067402 0.040441
0 0.818219 0.442555 0.018791 0.018076
0 0.803922 0.425245 0.020425 0.013480
0 0.827206 0.425551 0.017974 0.011029
0 0.853554 0.424632 0.026552 0.015319
0 0.884395 0.427543 0.022876 0.014400
0 0.922181 0.427237 0.024101 0.015012
0 0.564542 0.457108 0.025327 0.017157
0 0.590482 0.456495 0.021650 0.018382
0 0.616013 0.454197 0.023693 0.016238
0 0.573325 0.435968 0.024101 0.016544
0 0.795139 0.443321 0.018382 0.015319
0 0.964052 0.500153 0.022876 0.073836
0 0.922386 0.444547 0.019608 0.014093
0 0.814747 0.495098 0.024918 0.069240
0 0.784109 0.764093 0.047794 0.036152
0 0.731005 0.769301 0.047794 0.040441
0 0.730801 0.729167 0.051471 0.037990
0 0.887459 0.357230 0.037173 0.104779
0 0.928105 0.358762 0.040850 0.101103
0 0.971201 0.359069 0.040441 0.103554
0 0.847835 0.357077 0.038807 0.104473
0 0.763889 0.357230 0.041667 0.107843
0 0.714869 0.356311 0.049837 0.107843
0 0.632149 0.218444 0.057598 0.105392
0 0.749796 0.227175 0.054330 0.105699
0 0.808824 0.229167 0.056373 0.102941
0 0.863562 0.231311 0.052288 0.101716
0 0.917279 0.232843 0.051879 0.100490
0 0.971814 0.233762 0.050654 0.097426
0 0.025940 0.349418 0.051879 0.132659
0 0.087010 0.349571 0.060458 0.129289
0 0.149510 0.350797 0.061275 0.129289
0 0.212827 0.352175 0.059641 0.122855
0 0.271446 0.352635 0.052696 0.121936
0 0.325163 0.354167 0.050654 0.121936
0 0.378268 0.353860 0.053105 0.120711
0 0.431577 0.355086 0.047794 0.118873
0 0.480188 0.354626 0.043709 0.116728
0 0.527982 0.355392 0.046977 0.112745
0 0.577206 0.355852 0.047386 0.112439
0 0.626634 0.356005 0.045752 0.111520
0 0.670547 0.355852 0.036356 0.108762
0 0.988562 0.499234 0.022876 0.071998
0 0.836601 0.758119 0.046569 0.034007
0 0.834559 0.796875 0.049020 0.034926
0 0.805964 0.357690 0.039216 0.104473
0 0.731618 0.808517 0.049020 0.034314
0 0.761438 0.495711 0.030229 0.074755
0 0.723039 0.508119 0.026144 0.084252
0 0.694853 0.508272 0.026144 0.082721
0 0.667484 0.508732 0.026144 0.079350
0 0.640114 0.509651 0.026144 0.079350
0 0.611520 0.509957 0.026144 0.079350
0 0.061070 0.627451 0.075572 0.045343
0 0.555556 0.512868 0.024510 0.083333
0 0.783292 0.801624 0.048611 0.035233
0 0.527778 0.513634 0.026961 0.083027
0 0.497549 0.515625 0.027778 0.084559
0 0.467729 0.517770 0.029412 0.084559
0 0.437500 0.518689 0.028595 0.086397
0 0.406250 0.519148 0.028186 0.086703
0 0.343750 0.521140 0.028186 0.085172
0 0.373979 0.519914 0.028186 0.086397
0 0.279616 0.522212 0.032271 0.088542
0 0.030637 0.534007 0.041667 0.093750
0 0.069649 0.531556 0.030637 0.094363
0 0.312704 0.521446 0.030637 0.089461
0 0.143791 0.526195 0.034314 0.089767
0 0.105392 0.529565 0.036765 0.090993
0 0.210172 0.526042 0.032271 0.089461
0 0.244485 0.524203 0.033905 0.088848
0 0.178105 0.524816 0.030229 0.089461
0 0.788399 0.494792 0.020425 0.073529
