0 0.452819 0.588082 0.036356 0.048713
0 0.946283 0.461091 0.045343 0.101716
0 0.887459 0.462163 0.070670 0.103860
0 0.814134 0.463082 0.066993 0.105699
0 0.741422 0.463082 0.075980 0.103248
0 0.526961 0.463235 0.068627 0.100490
0 0.598448 0.464308 0.071895 0.096507
0 0.955474 0.349418 0.052288 0.113051
0 0.531046 0.646906 0.053105 0.096507
0 0.593342 0.649050 0.065768 0.098346
0 0.663603 0.649050 0.074755 0.098346
0 0.731618 0.649510 0.060458 0.099265
0 0.796160 0.652267 0.065359 0.095588
0 0.864379 0.650123 0.071078 0.097426
0 0.670343 0.462316 0.065359 0.101716
0 0.890931 0.353248 0.073529 0.109681
0 0.668913 0.353401 0.062500 0.115502
0 0.743056 0.353860 0.075163 0.110907
0 0.456495 0.636642 0.035539 0.035539
0 0.921569 0.642157 0.038399 0.107230
0 0.459967 0.677543 0.031046 0.036458
0 0.052696 0.595895 0.070261 0.023897
0 0.124796 0.593137 0.064134 0.020833
0 0.191585 0.594363 0.066176 0.026348
0 0.262663 0.591299 0.065359 0.023284
0 0.329453 0.590686 0.064134 0.027574
0 0.815972 0.352482 0.070670 0.108150
0 0.397672 0.598958 0.069036 0.026961
0 0.129902 0.617494 0.058824 0.023591
0 0.194036 0.619638 0.066993 0.027880
0 0.263480 0.616881 0.066993 0.024816
0 0.022263 0.227175 0.040441 0.093444
0 0.112541 0.234222 0.124592 0.076900
0 0.525123 0.350337 0.064951 0.103860
0 0.597018 0.354167 0.077206 0.105392
0 0.443015 0.527267 0.055147 0.019608
0 0.060253 0.621936 0.073938 0.023284
0 0.898897 0.813879 0.039624 0.097120
0 0.134804 0.412071 0.068627 0.038603
0 0.786969 0.811581 0.059232 0.092525
0 0.337418 0.666820 0.064542 0.020527
0 0.405229 0.662377 0.064542 0.023284
0 0.336601 0.643382 0.062908 0.023284
0 0.401961 0.640472 0.065359 0.017463
0 0.400735 0.621936 0.066993 0.017770
0 0.330678 0.619179 0.062500 0.023897
0 0.846405 0.816483 0.058007 0.096814
0 0.030637 0.130362 0.061275 0.089767
0 0.144608 0.119026 0.161765 0.098958
0 0.301675 0.117494 0.139297 0.098958
0 0.429534 0.107384 0.113154 0.116115
0 0.543913 0.105852 0.105801 0.119179
0 0.405842 0.685968 0.061683 0.021446
0 0.654003 0.116881 0.086601 0.086091
0 0.931781 0.125306 0.089869 0.079657
0 0.907680 0.237898 0.095588 0.084252
0 0.522059 0.232537 0.151144 0.096814
0 0.414420 0.239124 0.060049 0.116115
0 0.091708 0.351409 0.145016 0.079657
0 0.235090 0.349877 0.137663 0.076593
0 0.383578 0.343750 0.137255 0.075980
0 0.386234 0.412224 0.134395 0.053615
0 0.278595 0.413603 0.066176 0.044730
0 0.209763 0.412071 0.064134 0.038603
0 0.063521 0.412837 0.069036 0.037071
0 0.035948 0.492800 0.071895 0.026042
0 0.785743 0.120098 0.102533 0.086397
0 0.034722 0.518689 0.069444 0.025735
0 0.340891 0.689338 0.063317 0.018995
0 0.204657 0.643995 0.061275 0.018382
0 0.341708 0.807904 0.060866 0.021446
0 0.342116 0.782322 0.061683 0.025429
0 0.280842 0.810049 0.059232 0.017157
0 0.282475 0.789982 0.058415 0.023591
0 0.214052 0.783548 0.053105 0.019301
0 0.282680 0.850184 0.058824 0.016544
0 0.280842 0.829197 0.059232 0.023591
0 0.220997 0.808211 0.059641 0.025123
0 0.223652 0.846048 0.056781 0.025429
0 0.163399 0.852482 0.056373 0.018076
0 0.159722 0.831342 0.060458 0.019301
0 0.099469 0.844210 0.055964 0.030331
0 0.269199 0.646293 0.062908 0.026042
0 0.158088 0.809743 0.061275 0.019608
0 0.150735 0.790441 0.062092 0.018382
0 0.086397 0.784314 0.049428 0.026348
0 0.081087 0.694240 0.054330 0.023284
0 0.142974 0.692555 0.065359 0.016850
0 0.068832 0.671262 0.060049 0.023897
0 0.135621 0.670956 0.062908 0.023284
0 0.066585 0.644914 0.063725 0.020221
0 0.137868 0.646599 0.067402 0.023591
0 0.211806 0.693168 0.060049 0.021140
0 0.276348 0.688879 0.061683 0.015625
0 0.204861 0.667892 0.061683 0.022672
0 0.269812 0.670037 0.068219 0.018382
0 0.090482 0.807292 0.060866 0.020221
0 0.120507 0.480239 0.078431 0.027267
0 0.217729 0.826440 0.053105 0.012561
0 0.175858 0.508578 0.073121 0.028799
0 0.105596 0.512868 0.060866 0.028799
0 0.339665 0.828738 0.056781 0.019608
0 0.346405 0.846048 0.054739 0.013787
0 0.407271 0.849724 0.057190 0.018076
0 0.405025 0.830423 0.064134 0.017463
0 0.409314 0.810049 0.061275 0.017157
0 0.403595 0.788143 0.061275 0.022365
0 0.460784 0.796722 0.040033 0.042586
0 0.537786 0.816483 0.063317 0.082108
0 0.599469 0.813113 0.059232 0.087010
0 0.660539 0.816330 0.065359 0.090380
0 0.725899 0.816942 0.060458 0.094669
0 0.461806 0.834712 0.038807 0.034620
0 0.252451 0.506127 0.067810 0.032475
0 0.323529 0.501991 0.071078 0.030331
0 0.392770 0.498621 0.062500 0.029105
0 0.452410 0.486366 0.046977 0.062806
0 0.357026 0.448529 0.068627 0.015931
0 0.107639 0.533701 0.056781 0.009191
0 0.172794 0.532322 0.059641 0.015625
0 0.239175 0.533701 0.060866 0.020833
0 0.301675 0.532475 0.058415 0.015931
0 0.208742 0.472120 0.066176 0.028186
0 0.371732 0.527727 0.066993 0.020527
