0 0.856209 0.521446 0.029412 0.092525
0 0.551471 0.678156 0.049020 0.034007
0 0.498366 0.660692 0.049020 0.075674
0 0.445057 0.658241 0.052696 0.083640
0 0.382353 0.663603 0.064542 0.068015
0 0.184232 0.651348 0.035948 0.090074
0 0.280842 0.671415 0.029820 0.050551
0 0.234886 0.659161 0.053105 0.095895
0 0.124592 0.679228 0.049837 0.045956
0 0.059845 0.686581 0.044526 0.053922
0 0.990400 0.520374 0.018382 0.090380
0 0.960784 0.519608 0.034314 0.088848
0 0.927288 0.519761 0.029412 0.092831
0 0.893791 0.519455 0.028595 0.092218
0 0.321691 0.653952 0.041258 0.075061
0 0.609886 0.654871 0.054739 0.080576
0 0.719158 0.808670 0.047794 0.102635
0 0.733660 0.656250 0.049837 0.073529
0 0.932802 0.801777 0.053513 0.015319
0 0.942402 0.846354 0.059641 0.018076
0 0.872753 0.852941 0.057598 0.021446
0 0.872345 0.804228 0.056781 0.013480
0 0.820670 0.523744 0.028595 0.090380
0 0.801675 0.792739 0.074755 0.013174
0 0.797794 0.766544 0.071895 0.034926
0 0.632353 0.827512 0.077614 0.083333
0 0.552288 0.833333 0.063725 0.078431
0 0.478350 0.830116 0.062092 0.082414
0 0.531863 0.766544 0.066993 0.041667
0 0.395425 0.866881 0.068627 0.009498
0 0.393995 0.855086 0.061683 0.009191
0 0.320261 0.813572 0.069444 0.012561
0 0.321487 0.827665 0.066993 0.007659
0 0.238766 0.858456 0.069853 0.009191
0 0.242443 0.870404 0.073121 0.013480
0 0.242647 0.793045 0.068627 0.014400
0 0.240809 0.808977 0.069853 0.013174
0 0.239788 0.824602 0.071895 0.014400
0 0.162786 0.782782 0.082108 0.014093
0 0.135825 0.801624 0.076389 0.011949
0 0.143995 0.817096 0.070670 0.012868
0 0.152574 0.865196 0.070670 0.012868
0 0.037990 0.850797 0.075980 0.066789
0 0.979984 0.652420 0.037582 0.078738
0 0.936275 0.657016 0.047386 0.064645
0 0.892974 0.661305 0.026961 0.056679
0 0.792892 0.653646 0.053105 0.064645
0 0.669935 0.654718 0.055556 0.080270
0 0.785131 0.526042 0.033497 0.088848
0 0.927083 0.290135 0.042075 0.007966
0 0.707721 0.524203 0.029003 0.085172
0 0.097222 0.388940 0.039216 0.070159
0 0.177696 0.390778 0.034314 0.064032
0 0.216912 0.392463 0.039216 0.063725
0 0.257557 0.394148 0.032271 0.064032
0 0.304126 0.390778 0.028186 0.057292
0 0.338031 0.399050 0.029003 0.073836
0 0.384804 0.396140 0.043301 0.091299
0 0.425858 0.400123 0.036356 0.079044
0 0.460784 0.401195 0.027778 0.078125
0 0.507557 0.395067 0.040441 0.086091
0 0.544526 0.400429 0.026144 0.073529
0 0.036560 0.435509 0.069036 0.076900
0 0.572304 0.401348 0.023693 0.075368
0 0.652574 0.401348 0.033905 0.075368
0 0.686070 0.401348 0.025735 0.075368
0 0.718342 0.396599 0.037173 0.078738
0 0.048815 0.551471 0.066585 0.039828
0 0.977124 0.402267 0.044935 0.073529
0 0.938521 0.403186 0.020833 0.079044
0 0.909314 0.401042 0.029412 0.080882
0 0.874183 0.404718 0.029412 0.071691
0 0.838644 0.404412 0.038399 0.074755
0 0.795956 0.399050 0.032271 0.073836
0 0.761438 0.400123 0.034314 0.072917
0 0.606822 0.396599 0.035539 0.082414
0 0.976716 0.271446 0.046569 0.071078
0 0.927492 0.299479 0.042892 0.007659
0 0.927083 0.279565 0.046977 0.010723
0 0.673815 0.522672 0.032271 0.094975
0 0.643178 0.520067 0.024101 0.100184
0 0.611928 0.520221 0.032680 0.100490
0 0.568015 0.519608 0.033088 0.099265
0 0.531658 0.520833 0.035539 0.101716
0 0.489992 0.519761 0.032271 0.056066
0 0.435662 0.473499 0.051879 0.019914
0 0.436070 0.494945 0.052696 0.019914
0 0.435049 0.517463 0.046569 0.021446
0 0.427288 0.544118 0.053105 0.028186
0 0.367443 0.546722 0.052696 0.046875
0 0.327410 0.550705 0.021650 0.038297
0 0.297794 0.539062 0.028595 0.081189
0 0.258783 0.563266 0.034722 0.016850
0 0.217525 0.533241 0.036356 0.083027
0 0.180556 0.530637 0.028595 0.087623
0 0.147876 0.528033 0.025327 0.086091
0 0.629493 0.263634 0.031863 0.075674
0 0.662582 0.272518 0.026961 0.053615
0 0.703023 0.267770 0.032680 0.073529
0 0.734273 0.270527 0.024101 0.069240
0 0.758578 0.269608 0.019608 0.071078
0 0.781454 0.266085 0.022876 0.075061
0 0.826185 0.268842 0.057598 0.065870
0 0.880106 0.260723 0.037173 0.087623
0 0.744894 0.535080 0.037173 0.067096
0 0.803513 0.808977 0.074346 0.010110
0 0.804943 0.144455 0.095180 0.019914
0 0.553717 0.267310 0.044526 0.072610
0 0.596201 0.260417 0.031454 0.085784
0 0.707721 0.141697 0.095180 0.027880
0 0.106209 0.127757 0.053105 0.036152
0 0.165645 0.129902 0.051879 0.037377
0 0.247549 0.096967 0.100490 0.104473
0 0.255310 0.021599 0.098856 0.040135
0 0.387051 0.135110 0.051879 0.034314
0 0.480801 0.099265 0.129085 0.112132
0 0.603350 0.106464 0.107843 0.100184
0 0.884600 0.139553 0.046160 0.046262
0 0.948325 0.115962 0.062500 0.095895
0 0.045547 0.290288 0.042075 0.065870
0 0.330065 0.131127 0.053105 0.036152
0 0.176879 0.278033 0.035131 0.037684
0 0.510825 0.267157 0.033905 0.072304
0 0.116013 0.246017 0.072712 0.096814
0 0.475286 0.262102 0.033905 0.082414
0 0.441993 0.255362 0.029412 0.092218
0 0.411152 0.259344 0.029003 0.079963
0 0.342525 0.259651 0.024918 0.073836
0 0.376430 0.261642 0.035539 0.071691
0 0.300654 0.253676 0.038399 0.088848
0 0.261029 0.253370 0.032680 0.091299
0 0.221405 0.283241 0.037582 0.024816
0 0.176879 0.193627 0.039216 0.022059
0 0.176266 0.231464 0.042075 0.051164
