0 0.607230 0.245404 0.011029 0.011029
0 0.992647 0.290135 0.014706 0.066176
0 0.975082 0.290288 0.016340 0.064645
0 0.949551 0.291054 0.028186 0.066176
0 0.908497 0.292126 0.025327 0.068321
0 0.882557 0.291207 0.021650 0.068321
0 0.861111 0.291820 0.015523 0.069547
0 0.672181 0.433364 0.038807 0.036458
0 0.626430 0.244792 0.015931 0.011642
0 0.811887 0.294884 0.027369 0.071998
0 0.785131 0.295037 0.020425 0.072304
0 0.764297 0.294884 0.019608 0.071998
0 0.742443 0.296262 0.021650 0.074755
0 0.715074 0.297335 0.031454 0.074449
0 0.839461 0.294271 0.025327 0.070772
0 0.648897 0.246477 0.009395 0.008885
0 0.693219 0.246936 0.013072 0.011642
0 0.677696 0.298713 0.017974 0.077206
0 0.224265 0.476103 0.065359 0.047794
0 0.150327 0.481464 0.074346 0.049939
0 0.069036 0.487439 0.081699 0.051471
0 0.988971 0.236673 0.013072 0.008272
0 0.983047 0.252604 0.012663 0.008272
0 0.861111 0.232230 0.012255 0.009804
0 0.672998 0.246630 0.012663 0.011029
0 0.843137 0.230545 0.012255 0.008885
0 0.853350 0.250460 0.013889 0.010723
0 0.837827 0.249387 0.011438 0.010417
0 0.820874 0.248009 0.014297 0.010110
0 0.803309 0.248468 0.012663 0.011029
0 0.787377 0.247243 0.011846 0.010417
0 0.711193 0.246170 0.012255 0.010110
0 0.823734 0.228707 0.011029 0.009498
0 0.654208 0.297794 0.024918 0.080882
0 0.629289 0.298254 0.023284 0.080576
0 0.603962 0.299479 0.024918 0.081189
0 0.262868 0.299786 0.032271 0.090380
0 0.227328 0.297641 0.032271 0.090380
0 0.197304 0.298254 0.025327 0.090993
0 0.162377 0.318934 0.038807 0.080882
0 0.118873 0.320159 0.038399 0.080882
0 0.076185 0.319087 0.038807 0.081189
0 0.035131 0.318168 0.037582 0.080576
0 0.306781 0.301164 0.035948 0.092525
0 0.977533 0.160999 0.026961 0.103248
0 0.911560 0.152267 0.028186 0.111520
0 0.878064 0.150735 0.032271 0.114583
0 0.842729 0.148284 0.032680 0.118260
0 0.804330 0.143995 0.037582 0.118260
0 0.766544 0.142004 0.033088 0.122855
0 0.728145 0.135263 0.037990 0.124081
0 0.686683 0.132659 0.037582 0.133578
0 0.946078 0.158701 0.032680 0.105392
0 0.292892 0.471201 0.067810 0.048407
0 0.344771 0.301777 0.032680 0.091912
0 0.024918 0.231618 0.038399 0.085172
0 0.566585 0.301011 0.026961 0.087929
0 0.537173 0.301011 0.026961 0.087929
0 0.508987 0.301011 0.023693 0.088542
0 0.448529 0.301011 0.030229 0.090380
0 0.413399 0.301317 0.032680 0.092831
0 0.502859 0.245404 0.012255 0.008578
0 0.476920 0.244638 0.014297 0.011336
0 0.379085 0.302237 0.028595 0.089154
0 0.449755 0.241881 0.016340 0.012561
0 0.208333 0.215839 0.022876 0.013174
0 0.279820 0.245404 0.016340 0.011029
0 0.246528 0.243873 0.017565 0.012255
0 0.210376 0.243107 0.018791 0.012561
0 0.154003 0.234528 0.040850 0.084865
0 0.109681 0.233762 0.038807 0.085172
0 0.067402 0.233609 0.038399 0.085478
0 0.244077 0.217525 0.018382 0.012255
0 0.357639 0.461703 0.061683 0.042279
0 0.535539 0.447610 0.049020 0.041667
0 0.479779 0.454657 0.059232 0.042892
0 0.857026 0.476869 0.032680 0.032169
0 0.891136 0.471661 0.029820 0.032782
0 0.922181 0.504749 0.029820 0.030944
0 0.953636 0.499081 0.027369 0.028186
0 0.925654 0.468903 0.033497 0.029105
0 0.958742 0.465686 0.031863 0.031250
0 0.820466 0.481924 0.038807 0.033701
0 0.984681 0.496324 0.029820 0.028799
0 0.984886 0.581801 0.030229 0.025735
0 0.035743 0.838082 0.071487 0.043199
0 0.113971 0.823376 0.075163 0.041360
0 0.190768 0.803156 0.070261 0.041360
0 0.263072 0.785692 0.064542 0.040748
0 0.325980 0.766544 0.060458 0.036152
0 0.980596 0.611366 0.030637 0.027267
0 0.779208 0.488971 0.041258 0.035539
0 0.737949 0.494026 0.040441 0.037071
0 0.694036 0.499387 0.043301 0.039216
0 0.821283 0.518382 0.037173 0.032475
0 0.779208 0.524816 0.037990 0.032475
0 0.739175 0.531403 0.040441 0.035233
0 0.694444 0.537990 0.041667 0.034314
0 0.649714 0.542586 0.045343 0.034314
0 0.602124 0.549939 0.049020 0.036152
0 0.551675 0.556219 0.047794 0.038297
0 0.499387 0.566330 0.053513 0.037071
0 0.856822 0.512408 0.032271 0.030944
0 0.888480 0.507812 0.027778 0.030331
0 0.380515 0.539982 0.059232 0.043811
0 0.441176 0.532782 0.055556 0.039828
0 0.498775 0.526654 0.054739 0.038603
0 0.550654 0.517310 0.045752 0.034620
0 0.600082 0.510570 0.048203 0.038297
0 0.387459 0.753064 0.052696 0.041054
0 0.442606 0.738051 0.055964 0.034314
0 0.497141 0.726103 0.051471 0.033701
0 0.549224 0.715074 0.047794 0.039216
0 0.808824 0.425092 0.035131 0.034620
0 0.768178 0.428615 0.041258 0.035539
0 0.726103 0.433211 0.039624 0.036152
0 0.675449 0.392463 0.040441 0.039828
0 0.631536 0.396446 0.042484 0.041054
0 0.584763 0.399663 0.045343 0.041360
0 0.533905 0.403799 0.051471 0.043505
0 0.477124 0.408241 0.053922 0.043811
0 0.291258 0.420343 0.066993 0.049020
0 0.223448 0.422947 0.064542 0.049939
0 0.146446 0.429075 0.080474 0.049326
0 0.061275 0.433517 0.082516 0.053922
0 0.630310 0.436275 0.040850 0.037990
0 0.584763 0.442862 0.045343 0.040748
0 0.637459 0.128523 0.051879 0.135723
0 0.845997 0.421722 0.035948 0.034620
0 0.417279 0.458333 0.055964 0.041667
0 0.880719 0.418045 0.034314 0.033395
0 0.950572 0.409773 0.029412 0.031556
0 0.441381 0.573836 0.053513 0.039216
0 0.382557 0.585018 0.063317 0.040748
0 0.268587 0.605545 0.075572 0.045650
0 0.175041 0.570159 0.075572 0.049020
0 0.181985 0.621017 0.078023 0.046569
0 0.102533 0.632506 0.076797 0.051164
0 0.095792 0.579657 0.075572 0.049020
0 0.027165 0.587776 0.054330 0.046262
0 0.030433 0.638940 0.058415 0.050551
0 0.978145 0.405944 0.022467 0.028186
0 0.958742 0.373928 0.031863 0.032169
0 0.921569 0.375306 0.036765 0.033088
0 0.817198 0.385110 0.040441 0.035539
0 0.775735 0.388634 0.041667 0.036458
0 0.731413 0.390625 0.044526 0.036152
0 0.917075 0.412684 0.033497 0.031250
0 0.582108 0.124847 0.045752 0.136949
0 0.479779 0.302237 0.029820 0.090380
0 0.691993 0.646446 0.036765 0.031863
0 0.186683 0.714308 0.079248 0.040135
0 0.261029 0.697610 0.063725 0.040441
0 0.326389 0.682138 0.061275 0.037071
0 0.388276 0.668964 0.057598 0.038297
0 0.446691 0.659314 0.049428 0.036152
0 0.500000 0.646599 0.049020 0.040748
0 0.106413 0.730392 0.073938 0.042279
0 0.551062 0.637102 0.043301 0.038297
0 0.652982 0.615196 0.046160 0.026348
0 0.699551 0.606005 0.042892 0.027574
0 0.744690 0.599724 0.042484 0.027267
0 0.785948 0.590993 0.037582 0.026961
0 0.824959 0.583640 0.034722 0.025123
0 0.860498 0.575368 0.036356 0.027574
0 0.594975 0.617188 0.037990 0.038909
0 0.033088 0.738051 0.066176 0.042892
0 0.949346 0.589767 0.030229 0.028799
0 0.917892 0.595588 0.026961 0.027574
0 0.773080 0.664062 0.040441 0.030944
0 0.733456 0.672181 0.037173 0.032475
0 0.692810 0.680300 0.038399 0.031556
0 0.646446 0.691330 0.044526 0.032169
0 0.598856 0.702206 0.048203 0.034926
0 0.443832 0.699449 0.052696 0.037990
0 0.498366 0.688113 0.048203 0.036765
0 0.548611 0.677237 0.044118 0.035846
0 0.597835 0.666054 0.046160 0.032475
0 0.648693 0.654565 0.043301 0.037071
0 0.733864 0.637868 0.035539 0.031863
0 0.773897 0.630515 0.037173 0.031863
0 0.811683 0.620864 0.032680 0.029718
0 0.846201 0.612286 0.033905 0.027267
0 0.883578 0.606005 0.029412 0.029412
0 0.895833 0.568015 0.033497 0.023284
0 0.813113 0.652727 0.035539 0.029718
0 0.848039 0.642463 0.034314 0.028186
0 0.948938 0.619332 0.029412 0.026654
0 0.153595 0.089767 0.072712 0.169730
0 0.916871 0.628523 0.033088 0.029718
0 0.881127 0.637102 0.030229 0.027880
0 0.187296 0.757812 0.074755 0.041973
0 0.260212 0.741728 0.064542 0.041667
0 0.527165 0.119485 0.055147 0.145833
0 0.474877 0.115349 0.042075 0.147978
0 0.421569 0.111366 0.058007 0.153493
0 0.035131 0.788603 0.070261 0.048407
0 0.361111 0.106464 0.058007 0.153493
0 0.327206 0.725490 0.062908 0.041054
0 0.386438 0.711091 0.050654 0.039828
0 0.227941 0.096201 0.067810 0.166667
0 0.021855 0.084252 0.043709 0.168505
0 0.082108 0.087010 0.067810 0.172181
0 0.296773 0.103094 0.067402 0.157169
0 0.109273 0.776654 0.073938 0.045956
