0 0.228125 0.510677 0.068750 0.048438
0 0.812500 0.624219 0.046875 0.104688
0 0.689258 0.311458 0.069141 0.054167
0 0.686328 0.366927 0.065625 0.051562
0 0.744336 0.333073 0.037109 0.121354
0 0.802148 0.322396 0.069922 0.045833
0 0.798633 0.370573 0.067578 0.044271
0 0.864258 0.330208 0.047266 0.039583
0 0.860547 0.371615 0.051562 0.040104
0 0.805273 0.521875 0.053516 0.046875
0 0.729297 0.462760 0.096094 0.056771
0 0.979883 0.323437 0.040234 0.047917
0 0.730859 0.517969 0.089844 0.048438
0 0.637891 0.473438 0.067187 0.044792
0 0.651367 0.519010 0.066797 0.044271
0 0.977148 0.371354 0.045703 0.045833
0 0.920898 0.370573 0.062109 0.047396
0 0.918750 0.322396 0.057813 0.042708
0 0.586719 0.371094 0.060937 0.045312
0 0.923438 0.475260 0.057813 0.045312
0 0.586523 0.321875 0.063672 0.044792
0 0.511328 0.357031 0.027344 0.069271
0 0.930078 0.642448 0.039062 0.082812
0 0.856641 0.641406 0.039062 0.086979
0 0.119336 0.320052 0.066797 0.044271
0 0.121680 0.366406 0.066016 0.044271
0 0.188477 0.323177 0.067578 0.044271
0 0.246875 0.327604 0.046875 0.037500
0 0.248242 0.367969 0.049609 0.035937
0 0.189453 0.368490 0.064844 0.040104
0 0.297852 0.318229 0.049609 0.045833
0 0.299219 0.365885 0.047656 0.046354
0 0.357812 0.322396 0.066406 0.042708
0 0.357617 0.369271 0.066016 0.044792
0 0.421094 0.327865 0.057813 0.041146
0 0.420703 0.371615 0.057031 0.040104
0 0.475000 0.341406 0.041406 0.031771
0 0.473242 0.375521 0.045703 0.034375
0 0.512109 0.300781 0.028906 0.039062
0 0.635547 0.351823 0.031250 0.085938
0 0.977148 0.482812 0.045703 0.038542
0 0.976562 0.524219 0.046875 0.039062
0 0.922266 0.523438 0.057813 0.043750
0 0.075391 0.670312 0.079687 0.120833
0 0.170898 0.518229 0.043359 0.036458
0 0.126562 0.514583 0.039844 0.038542
0 0.064062 0.530208 0.077344 0.090625
0 0.286133 0.516667 0.042578 0.039583
0 0.288672 0.466406 0.035937 0.043229
0 0.543555 0.490625 0.043359 0.027083
0 0.227344 0.460938 0.067187 0.046875
0 0.169922 0.476823 0.043750 0.042188
0 0.124805 0.475000 0.043359 0.038542
0 0.331250 0.521094 0.045312 0.029687
0 0.330273 0.486458 0.043359 0.031250
0 0.385937 0.517188 0.060937 0.040625
0 0.384375 0.473177 0.062500 0.041146
0 0.449023 0.515885 0.062891 0.044271
0 0.449219 0.469531 0.065625 0.043229
0 0.544922 0.523958 0.046094 0.032292
0 0.134766 0.627344 0.031250 0.086979
0 0.184570 0.603385 0.066016 0.044271
0 0.184375 0.651563 0.065625 0.045833
0 0.260937 0.592448 0.081250 0.050521
0 0.863281 0.483333 0.057031 0.037500
0 0.861914 0.526302 0.056641 0.040104
0 0.751172 0.656510 0.073438 0.055729
0 0.746484 0.594010 0.068750 0.044271
0 0.682813 0.658854 0.060937 0.042708
0 0.680469 0.604948 0.056250 0.039062
0 0.519531 0.662240 0.041406 0.030729
0 0.564648 0.659375 0.044141 0.034375
0 0.974219 0.629427 0.046875 0.108854
0 0.619922 0.658073 0.060937 0.041146
0 0.563477 0.623698 0.046484 0.032813
0 0.519141 0.628646 0.041406 0.031250
0 0.479102 0.629948 0.036328 0.092188
0 0.438867 0.620833 0.038672 0.107292
0 0.399805 0.622917 0.037891 0.102083
0 0.361914 0.624219 0.035547 0.101562
0 0.323828 0.627083 0.037500 0.097917
0 0.260742 0.647656 0.083203 0.053646
0 0.619531 0.616406 0.060156 0.040104
0 0.026367 0.824219 0.052734 0.128646
0 0.540039 0.356771 0.026953 0.072917
0 0.240820 0.783333 0.043359 0.034375
0 0.314453 0.910156 0.052344 0.031771
0 0.207422 0.767708 0.017969 0.036458
0 0.258984 0.910156 0.054688 0.036979
0 0.257812 0.871615 0.054688 0.036979
0 0.208789 0.903125 0.039453 0.035417
0 0.164648 0.902865 0.042578 0.034896
0 0.205859 0.863021 0.039844 0.035417
0 0.169727 0.854167 0.030078 0.035417
0 0.375977 0.862760 0.070703 0.046354
0 0.431445 0.880469 0.032422 0.094271
0 0.504102 0.882031 0.035547 0.091146
0 0.545898 0.914583 0.043359 0.028125
0 0.544531 0.880990 0.042969 0.030729
0 0.593359 0.916406 0.046875 0.028646
0 0.591602 0.885417 0.048047 0.028125
0 0.649023 0.914844 0.062109 0.034896
0 0.649219 0.875521 0.060156 0.035417
0 0.712109 0.917448 0.059375 0.036979
0 0.466992 0.882031 0.032422 0.091146
0 0.710742 0.878385 0.058984 0.038021
0 0.376563 0.910937 0.069531 0.041667
0 0.674414 0.213802 0.055078 0.039062
0 0.158789 0.732552 0.040234 0.040104
0 0.950195 0.197396 0.024609 0.080208
0 0.976172 0.214844 0.016406 0.044271
0 0.913281 0.200781 0.044531 0.071354
0 0.856836 0.152865 0.064453 0.080729
0 0.856641 0.215625 0.059375 0.039583
0 0.793164 0.197917 0.058984 0.078125
0 0.731836 0.171094 0.057422 0.039062
0 0.040820 0.363281 0.081641 0.135937
0 0.731641 0.214844 0.057031 0.041146
0 0.144531 0.163542 0.041406 0.134375
0 0.190234 0.148958 0.047656 0.163542
0 0.295312 0.189323 0.090625 0.091146
0 0.378516 0.194792 0.071094 0.081250
0 0.463672 0.191406 0.092188 0.089063
0 0.610938 0.196875 0.066406 0.079167
0 0.543555 0.201563 0.064453 0.069792
0 0.673828 0.171354 0.053906 0.042708
0 0.030273 0.146615 0.058203 0.174479
0 0.835742 0.923177 0.043359 0.026562
0 0.312109 0.875260 0.048438 0.031771
0 0.776953 0.911979 0.067969 0.050000
0 0.690234 0.760677 0.042969 0.031771
0 0.630469 0.785677 0.072656 0.051562
0 0.629297 0.732812 0.072656 0.050000
0 0.562109 0.784635 0.062500 0.046354
0 0.559961 0.738802 0.060547 0.043229
0 0.146875 0.781771 0.041406 0.037500
0 0.103516 0.853646 0.069531 0.031250
0 0.514062 0.759375 0.028906 0.084375
0 0.482031 0.762240 0.032813 0.086979
0 0.448633 0.762760 0.030078 0.084896
0 0.403125 0.790365 0.056250 0.032813
0 0.401758 0.754167 0.053516 0.034375
0 0.345117 0.787240 0.057422 0.039062
0 0.343945 0.744271 0.057422 0.038542
0 0.289844 0.788802 0.050000 0.027604
0 0.834570 0.890625 0.043359 0.032292
0 0.246094 0.729688 0.031250 0.034375
0 0.690039 0.794531 0.044922 0.032813
0 0.739453 0.762760 0.050000 0.032813
0 0.290820 0.756250 0.049609 0.029167
0 0.791211 0.795573 0.052734 0.031771
0 0.792578 0.759115 0.055469 0.034896
0 0.977148 0.915365 0.045703 0.045312
0 0.927734 0.894010 0.048438 0.026562
0 0.956445 0.783854 0.055078 0.054167
0 0.925977 0.922396 0.048828 0.025000
0 0.901367 0.765104 0.052734 0.034375
0 0.846484 0.788542 0.053125 0.047917
0 0.738477 0.797135 0.050391 0.031771
0 0.900391 0.798698 0.050781 0.025521
