0 0.544531 0.414648 0.046354 0.047266
0 0.484375 0.475977 0.039583 0.046484
0 0.484115 0.413477 0.045312 0.047266
0 0.428125 0.476562 0.040625 0.045312
0 0.427865 0.411719 0.050521 0.048438
0 0.357031 0.475586 0.047396 0.050391
0 0.295312 0.477344 0.043750 0.046875
0 0.238542 0.476172 0.040625 0.046875
0 0.597396 0.414258 0.035417 0.051172
0 0.044792 0.531250 0.042708 0.043750
0 0.176563 0.541016 0.046875 0.046875
0 0.354167 0.410352 0.044792 0.048047
0 0.537240 0.476953 0.038021 0.048438
0 0.660677 0.414844 0.042188 0.050000
0 0.656771 0.478516 0.043750 0.044531
0 0.720573 0.447852 0.056771 0.063672
0 0.807292 0.447852 0.060417 0.070703
0 0.881250 0.444336 0.062500 0.063672
0 0.953646 0.448828 0.059375 0.075000
0 0.101042 0.536719 0.043750 0.054688
0 0.294792 0.411914 0.052083 0.051172
0 0.196875 0.481055 0.036458 0.056641
0 0.162240 0.407227 0.046354 0.051172
0 0.268750 0.219922 0.082292 0.086719
0 0.151562 0.325000 0.059375 0.071875
0 0.167187 0.225781 0.071875 0.091406
0 0.069792 0.321680 0.076042 0.083984
0 0.082812 0.230664 0.064583 0.089453
0 0.012760 0.322656 0.025521 0.085938
0 0.017448 0.217969 0.034896 0.082812
0 0.972396 0.095117 0.055208 0.062109
0 0.249219 0.329297 0.058854 0.066406
0 0.904687 0.091992 0.078125 0.072266
0 0.669271 0.088867 0.062500 0.078516
0 0.603125 0.095508 0.062500 0.062891
0 0.533594 0.095898 0.065104 0.061328
0 0.458854 0.105078 0.080208 0.037500
0 0.377083 0.105078 0.081250 0.037500
0 0.289844 0.095312 0.080729 0.053125
0 0.208854 0.097266 0.079167 0.052344
0 0.126302 0.096094 0.081771 0.054688
0 0.776823 0.090820 0.058854 0.075391
0 0.377083 0.216797 0.084375 0.087500
0 0.500000 0.227539 0.073958 0.099609
0 0.588021 0.225195 0.069792 0.090234
0 0.242708 0.536719 0.036458 0.047656
0 0.153385 0.485156 0.044271 0.057813
0 0.082552 0.475586 0.045312 0.050391
0 0.084375 0.411133 0.041667 0.048828
0 0.026823 0.476953 0.047396 0.050781
0 0.017969 0.410156 0.035937 0.050000
0 0.962240 0.337891 0.044271 0.097656
0 0.901042 0.335938 0.029167 0.089063
0 0.842187 0.333008 0.047917 0.094922
0 0.783073 0.321289 0.046354 0.078516
0 0.716667 0.321875 0.053125 0.084375
0 0.615885 0.325781 0.075521 0.080469
0 0.516667 0.326953 0.076042 0.073438
0 0.929427 0.222656 0.070312 0.094531
0 0.847396 0.225195 0.067708 0.090234
0 0.767708 0.217969 0.072917 0.078125
0 0.684896 0.220312 0.073958 0.078125
0 0.408333 0.322656 0.067708 0.078906
0 0.329948 0.322656 0.075521 0.081250
0 0.238542 0.408594 0.043750 0.049219
0 0.280729 0.546094 0.033333 0.051562
0 0.862760 0.601953 0.085938 0.014063
0 0.429167 0.542969 0.039583 0.064844
0 0.629948 0.860156 0.064062 0.059375
0 0.043750 0.094727 0.078125 0.054297
0 0.504427 0.859180 0.061979 0.061328
0 0.438021 0.860352 0.057292 0.064453
0 0.375521 0.859180 0.067708 0.066016
0 0.307812 0.861133 0.059375 0.066016
0 0.248698 0.860352 0.057813 0.064453
0 0.182812 0.856445 0.064583 0.066797
0 0.118750 0.857617 0.060417 0.066016
0 0.054167 0.856445 0.062500 0.064453
0 0.957031 0.779883 0.051562 0.046484
0 0.898958 0.781836 0.054167 0.047266
0 0.839583 0.781641 0.055208 0.044531
0 0.782031 0.782227 0.053646 0.045703
0 0.695312 0.861719 0.054167 0.062500
0 0.689844 0.798047 0.109896 0.020313
0 0.495573 0.781250 0.040104 0.048438
0 0.455208 0.782617 0.035417 0.048828
0 0.414844 0.782813 0.036979 0.046875
0 0.372396 0.779687 0.046875 0.052344
0 0.319792 0.780273 0.052083 0.053516
0 0.261979 0.783008 0.063542 0.043359
0 0.196094 0.783008 0.060937 0.042578
0 0.131771 0.774805 0.064583 0.066016
0 0.063802 0.773633 0.064062 0.068359
0 0.014323 0.779883 0.028646 0.055078
0 0.963021 0.714453 0.058333 0.018750
0 0.902865 0.714844 0.061979 0.014844
0 0.839844 0.713672 0.058854 0.017188
0 0.752344 0.714453 0.104688 0.018750
0 0.573698 0.796484 0.107813 0.021875
0 0.756250 0.861133 0.061458 0.057422
0 0.821094 0.860742 0.061979 0.062891
0 0.888802 0.863281 0.061979 0.058594
0 0.482292 0.547656 0.044792 0.062500
0 0.690625 0.597266 0.051042 0.009375
0 0.767969 0.601172 0.089063 0.017188
0 0.950521 0.593359 0.084375 0.018750
0 0.916927 0.657617 0.093229 0.019141
0 0.076042 0.703516 0.108333 0.030469
0 0.194010 0.705273 0.109896 0.029297
0 0.307552 0.712500 0.106771 0.017188
0 0.419531 0.713477 0.105729 0.016797
0 0.529948 0.712500 0.102604 0.017188
0 0.639062 0.714258 0.106250 0.016016
0 0.542448 0.547266 0.042188 0.056250
0 0.597656 0.550195 0.045312 0.055078
0 0.650521 0.539258 0.043750 0.057422
0 0.711979 0.548438 0.039583 0.056250
0 0.775521 0.551953 0.043750 0.053906
0 0.831250 0.550195 0.047917 0.057422
0 0.953125 0.863477 0.061458 0.066016
0 0.810677 0.656836 0.107813 0.017578
0 0.645573 0.657617 0.071354 0.019141
0 0.558073 0.658203 0.098437 0.020313
0 0.452604 0.658203 0.096875 0.017969
0 0.338802 0.656445 0.096354 0.016797
0 0.354948 0.547266 0.040104 0.053906
0 0.225521 0.657422 0.106250 0.018750
0 0.335677 0.609570 0.090104 0.015234
0 0.243490 0.609766 0.089063 0.013281
0 0.148177 0.606445 0.088021 0.016016
0 0.051562 0.595508 0.075000 0.027734
0 0.974479 0.547266 0.050000 0.053906
0 0.905729 0.549609 0.044792 0.058594
0 0.116667 0.658594 0.104167 0.018750
0 0.567448 0.860547 0.060937 0.062500
0 0.718229 0.656836 0.071875 0.017578
0 0.622917 0.599805 0.064583 0.014453
