0 0.789844 0.816146 0.028125 0.133333
0 0.569922 0.827604 0.022656 0.101042
0 0.593945 0.828906 0.022266 0.102604
0 0.616602 0.828646 0.021484 0.095833
0 0.637305 0.826042 0.017578 0.094792
0 0.658594 0.826302 0.021875 0.100521
0 0.683203 0.827865 0.022656 0.102604
0 0.709375 0.810937 0.021875 0.138542
0 0.973242 0.825781 0.024609 0.092188
0 0.940820 0.816146 0.033203 0.143750
0 0.906445 0.812500 0.033984 0.135417
0 0.875977 0.817187 0.030078 0.134375
0 0.736133 0.813542 0.029297 0.136458
0 0.816211 0.814063 0.022266 0.128125
0 0.762695 0.814844 0.025391 0.136979
0 0.844531 0.813542 0.028906 0.129167
0 0.735742 0.047917 0.033984 0.093750
0 0.546875 0.826823 0.022656 0.101562
0 0.926562 0.045833 0.017188 0.088542
0 0.951758 0.046354 0.032422 0.091667
0 0.545898 0.234115 0.037891 0.183854
0 0.582812 0.237500 0.033594 0.185417
0 0.617578 0.236719 0.037500 0.188021
0 0.654687 0.238281 0.036719 0.190104
0 0.696094 0.239063 0.034375 0.188542
0 0.736914 0.237760 0.041797 0.181771
0 0.774023 0.248438 0.030078 0.151042
0 0.807617 0.241927 0.034766 0.169271
0 0.839063 0.242708 0.023438 0.169792
0 0.904297 0.247656 0.034375 0.164062
0 0.913672 0.326042 0.026562 0.013542
0 0.934961 0.246615 0.024609 0.168229
0 0.970508 0.230990 0.035547 0.194271
0 0.048047 0.455729 0.050000 0.153125
0 0.087305 0.452604 0.021484 0.148958
0 0.114844 0.462500 0.030469 0.133333
0 0.144922 0.462240 0.030469 0.134896
0 0.186523 0.509896 0.044141 0.017708
0 0.195312 0.491927 0.042188 0.011979
0 0.192773 0.421094 0.045703 0.065104
0 0.232422 0.453385 0.028906 0.153646
0 0.263477 0.464583 0.030859 0.133333
0 0.296484 0.467969 0.036719 0.125521
0 0.339648 0.479948 0.050391 0.101562
0 0.391211 0.480990 0.053516 0.099479
0 0.894922 0.048698 0.042969 0.092188
0 0.818164 0.046875 0.044141 0.093750
0 0.776367 0.047135 0.040234 0.093229
0 0.694141 0.073438 0.041406 0.040625
0 0.556250 0.047917 0.032031 0.095833
0 0.505859 0.046354 0.059375 0.091667
0 0.440430 0.048177 0.055859 0.091146
0 0.377344 0.043750 0.054688 0.087500
0 0.317188 0.045312 0.064062 0.089583
0 0.255273 0.046094 0.059766 0.092188
0 0.195312 0.044531 0.059375 0.088021
0 0.148633 0.046354 0.033984 0.085417
0 0.109375 0.044531 0.042969 0.089063
0 0.073633 0.047135 0.028516 0.089063
0 0.045508 0.044010 0.026172 0.086979
0 0.014453 0.042448 0.028125 0.084896
0 0.501172 0.271875 0.050000 0.110417
0 0.442383 0.483073 0.051172 0.101562
0 0.450195 0.271875 0.052734 0.112500
0 0.347266 0.271875 0.050781 0.112500
0 0.303711 0.269271 0.032422 0.118750
0 0.268164 0.265625 0.032422 0.123958
0 0.233984 0.228385 0.032813 0.191146
0 0.198242 0.259115 0.035547 0.130729
0 0.160938 0.259896 0.037500 0.131250
0 0.122852 0.257292 0.036328 0.132292
0 0.082227 0.258594 0.043359 0.130729
0 0.046094 0.244271 0.026562 0.162500
0 0.014844 0.243750 0.029687 0.165625
0 0.595117 0.047135 0.033203 0.093229
0 0.628516 0.047656 0.027344 0.094271
0 0.657031 0.046354 0.028906 0.089583
0 0.398242 0.271875 0.051953 0.112500
0 0.493750 0.482292 0.050781 0.102083
0 0.868359 0.248438 0.033594 0.158333
0 0.591797 0.448177 0.047656 0.174479
0 0.688086 0.631250 0.025391 0.139583
0 0.716016 0.632552 0.029687 0.138021
0 0.743359 0.630208 0.025781 0.134375
0 0.776563 0.627865 0.033594 0.142187
0 0.810937 0.626302 0.027344 0.136979
0 0.841602 0.625521 0.033984 0.137500
0 0.871875 0.627344 0.021875 0.131771
0 0.899023 0.625000 0.033203 0.136458
0 0.932031 0.628906 0.029687 0.138021
0 0.965039 0.630469 0.028516 0.136979
0 0.017773 0.811719 0.026953 0.113021
0 0.068359 0.842187 0.015625 0.068750
0 0.090430 0.841146 0.017578 0.070833
0 0.659961 0.626302 0.029297 0.138021
0 0.164453 0.809375 0.025781 0.139583
0 0.542773 0.448958 0.049609 0.172917
0 0.243945 0.822135 0.020703 0.130729
0 0.268555 0.817187 0.025391 0.120833
0 0.298633 0.816927 0.032422 0.119271
0 0.325781 0.819792 0.020313 0.125000
0 0.352930 0.813802 0.025391 0.127604
0 0.376367 0.817448 0.020703 0.129688
0 0.400977 0.814583 0.019922 0.129167
0 0.420312 0.828385 0.017969 0.104688
0 0.444141 0.820052 0.027344 0.120313
0 0.469922 0.809115 0.021875 0.131771
0 0.494727 0.811458 0.026953 0.130208
0 0.523047 0.813802 0.023438 0.129688
0 0.191992 0.811979 0.026172 0.135417
0 0.628906 0.629687 0.028125 0.127083
0 0.221680 0.815625 0.022266 0.131250
0 0.570703 0.634375 0.030469 0.115625
0 0.600781 0.635156 0.028906 0.116146
0 0.631445 0.460938 0.029297 0.168750
0 0.661133 0.456771 0.026953 0.166667
0 0.695898 0.447396 0.037109 0.160417
0 0.734961 0.447135 0.037109 0.164062
0 0.768750 0.446615 0.026562 0.164062
0 0.798242 0.445312 0.026953 0.163542
0 0.853516 0.480469 0.020313 0.093229
0 0.874219 0.487500 0.020313 0.079167
0 0.911914 0.458333 0.030859 0.148958
0 0.948828 0.467969 0.036719 0.121354
0 0.984570 0.467708 0.030078 0.117708
0 0.021094 0.635938 0.037500 0.140625
0 0.053711 0.640625 0.019141 0.129167
0 0.825000 0.458073 0.025781 0.142187
0 0.129102 0.642708 0.037891 0.129167
0 0.543164 0.636719 0.023828 0.111979
0 0.088477 0.642969 0.038672 0.120313
0 0.502148 0.664844 0.048047 0.090104
0 0.450000 0.664844 0.043750 0.088021
0 0.405664 0.661198 0.040234 0.097396
0 0.321094 0.665885 0.042969 0.082812
0 0.363672 0.659375 0.039844 0.093750
0 0.232227 0.600781 0.039453 0.073438
0 0.183203 0.606250 0.039062 0.070833
0 0.233594 0.671354 0.039062 0.011458
0 0.178320 0.688281 0.041797 0.011979
0 0.278320 0.664062 0.041016 0.086458
