0 0.988281 0.320898 0.023438 0.054297
0 0.953125 0.319727 0.042708 0.055078
0 0.897396 0.321875 0.061458 0.053906
0 0.774740 0.316797 0.041146 0.052344
0 0.446875 0.407617 0.050000 0.056641
0 0.617969 0.314453 0.041146 0.053906
0 0.571354 0.313672 0.041667 0.055469
0 0.527344 0.315625 0.039062 0.050000
0 0.483594 0.315625 0.038021 0.050000
0 0.441146 0.304102 0.042708 0.066797
0 0.397135 0.305859 0.040104 0.067187
0 0.665365 0.315234 0.050521 0.055469
0 0.967969 0.427930 0.048438 0.054297
0 0.701302 0.413672 0.052604 0.053906
0 0.760677 0.413477 0.057813 0.056641
0 0.605469 0.411328 0.056771 0.060937
0 0.549479 0.411328 0.046875 0.054688
0 0.036458 0.399023 0.048958 0.058203
0 0.090104 0.400195 0.050000 0.057422
0 0.144531 0.400586 0.048438 0.058203
0 0.198177 0.402148 0.049479 0.058203
0 0.248698 0.403125 0.052604 0.053125
0 0.351302 0.309961 0.042188 0.054297
0 0.300781 0.404492 0.047396 0.056641
0 0.349479 0.406250 0.046875 0.057031
0 0.398438 0.406445 0.046875 0.057422
0 0.823958 0.436523 0.061458 0.032422
0 0.305729 0.309961 0.040625 0.054297
0 0.046875 0.207422 0.032292 0.060156
0 0.233594 0.304297 0.030729 0.057813
0 0.975781 0.231055 0.047396 0.058203
0 0.970052 0.148242 0.052604 0.055078
0 0.910156 0.147266 0.050521 0.056250
0 0.852344 0.147461 0.057813 0.053516
0 0.063802 0.755078 0.091146 0.029687
0 0.148698 0.745703 0.077604 0.072656
0 0.227865 0.748242 0.055729 0.068359
0 0.287240 0.755469 0.056771 0.055469
0 0.344271 0.741797 0.047917 0.061719
0 0.403646 0.744531 0.061458 0.067187
0 0.468229 0.751367 0.055208 0.058984
0 0.530469 0.768750 0.049479 0.039062
0 0.615104 0.748242 0.080208 0.074609
0 0.693229 0.747656 0.065625 0.076563
0 0.761719 0.749609 0.059896 0.061719
0 0.820052 0.749023 0.049479 0.066797
0 0.874219 0.748047 0.052604 0.074219
0 0.933333 0.749805 0.056250 0.068359
0 0.982031 0.748828 0.035937 0.069531
0 0.922396 0.231250 0.051042 0.058594
0 0.267188 0.303711 0.029167 0.059766
0 0.854167 0.223438 0.068750 0.064844
0 0.678385 0.221484 0.068229 0.057813
0 0.200521 0.302930 0.030208 0.058203
0 0.163281 0.295117 0.036979 0.070703
0 0.124219 0.294531 0.035937 0.069531
0 0.083073 0.294531 0.040104 0.071875
0 0.044010 0.293750 0.034896 0.073438
0 0.011719 0.292773 0.023438 0.074609
0 0.405469 0.217969 0.044271 0.053906
0 0.360417 0.209570 0.035417 0.066797
0 0.321354 0.207031 0.039583 0.068750
0 0.282292 0.204492 0.034375 0.072266
0 0.243229 0.204102 0.037500 0.072266
0 0.202865 0.203516 0.039062 0.070312
0 0.162240 0.201953 0.035937 0.070312
0 0.120833 0.200781 0.037500 0.074219
0 0.082292 0.207813 0.030208 0.057813
0 0.498698 0.409375 0.047396 0.057031
0 0.013021 0.197461 0.026042 0.073828
0 0.515885 0.213867 0.077604 0.066797
0 0.598437 0.217383 0.076042 0.064453
0 0.767448 0.220898 0.071354 0.062891
0 0.036719 0.485938 0.056771 0.035937
0 0.730469 0.317188 0.042188 0.053125
0 0.161198 0.488672 0.060937 0.038281
0 0.477865 0.663672 0.046354 0.049219
0 0.731771 0.666797 0.048958 0.046094
0 0.723437 0.635742 0.060417 0.008203
0 0.865625 0.669141 0.039583 0.044531
0 0.825260 0.671094 0.035937 0.039062
0 0.780729 0.670898 0.040625 0.038672
0 0.390885 0.662695 0.035937 0.047266
0 0.908333 0.667969 0.038542 0.039062
0 0.988281 0.667969 0.023438 0.045312
0 0.529948 0.662500 0.048438 0.050000
0 0.950781 0.665820 0.038021 0.047266
0 0.409115 0.567578 0.051562 0.043750
0 0.519271 0.582422 0.054167 0.015625
0 0.575521 0.582617 0.054167 0.015234
0 0.575781 0.563086 0.050521 0.019141
0 0.521354 0.558008 0.047917 0.026953
0 0.629427 0.570898 0.048438 0.041016
0 0.683073 0.571680 0.049479 0.039453
0 0.740625 0.572852 0.054167 0.044922
0 0.859375 0.587500 0.059375 0.034375
0 0.465365 0.568750 0.053646 0.042969
0 0.800260 0.587695 0.054688 0.033984
0 0.579427 0.663477 0.049479 0.048828
0 0.679688 0.666211 0.050000 0.048047
0 0.022396 0.661719 0.039583 0.050000
0 0.364844 0.566797 0.028646 0.043750
0 0.335156 0.567187 0.026562 0.042969
0 0.300521 0.558789 0.038542 0.059766
0 0.257031 0.558789 0.041146 0.059766
0 0.211979 0.556250 0.044792 0.058594
0 0.170313 0.557227 0.034375 0.059766
0 0.128125 0.557422 0.043750 0.060156
0 0.078906 0.560547 0.043229 0.050781
0 0.628646 0.663281 0.045833 0.051562
0 0.065885 0.661914 0.038021 0.049609
0 0.107292 0.663086 0.039583 0.048047
0 0.149219 0.661914 0.041146 0.051953
0 0.191406 0.659180 0.040104 0.049609
0 0.228125 0.660547 0.023958 0.046094
0 0.259375 0.663281 0.025000 0.045312
0 0.287240 0.662500 0.020313 0.046875
0 0.315625 0.663672 0.023958 0.046094
0 0.349740 0.662891 0.039062 0.047656
0 0.032031 0.557422 0.047396 0.053906
0 0.097917 0.486133 0.057292 0.036328
0 0.921094 0.588672 0.056771 0.033594
0 0.575000 0.540430 0.053125 0.013672
0 0.965104 0.582422 0.026042 0.048438
0 0.991406 0.581445 0.017188 0.046484
0 0.290885 0.486133 0.047396 0.042578
0 0.231510 0.488672 0.058854 0.035156
0 0.431250 0.663281 0.034375 0.048438
0 0.341406 0.487305 0.047396 0.042578
0 0.392448 0.488477 0.047396 0.042578
0 0.476042 0.491797 0.038542 0.034375
0 0.515885 0.492383 0.041146 0.033984
0 0.555469 0.492188 0.034896 0.036719
0 0.437760 0.491602 0.035937 0.035547
0 0.637240 0.493164 0.039062 0.041016
0 0.675521 0.494141 0.034375 0.037500
0 0.714323 0.494531 0.033854 0.035156
0 0.754427 0.494727 0.041146 0.038672
0 0.810156 0.508008 0.067187 0.033984
0 0.878385 0.509766 0.060937 0.032031
0 0.940365 0.510547 0.057813 0.030469
0 0.597135 0.491992 0.035937 0.036328
