0 0.413603 0.500153 0.066585 0.076900
0 0.055964 0.660692 0.098856 0.043199
0 0.942606 0.429994 0.052696 0.059130
0 0.896038 0.430760 0.036356 0.069853
0 0.958946 0.587010 0.031454 0.058824
0 0.424632 0.242953 0.052696 0.090074
0 0.149306 0.642923 0.087827 0.046262
0 0.475899 0.241115 0.046569 0.086397
0 0.524306 0.241881 0.047794 0.085478
0 0.359886 0.240502 0.071078 0.094975
0 0.572712 0.240196 0.045752 0.087010
0 0.475490 0.491728 0.052288 0.075368
0 0.619077 0.239583 0.045343 0.083333
0 0.819444 0.445619 0.032680 0.065257
0 0.781658 0.446844 0.041258 0.066483
0 0.656658 0.244026 0.024918 0.065870
0 0.739379 0.449142 0.043301 0.075980
0 0.683824 0.244792 0.024510 0.064338
0 0.642565 0.463542 0.050654 0.082721
0 0.692198 0.455882 0.047794 0.074755
0 0.587418 0.471048 0.055556 0.086091
0 0.284926 0.241881 0.077206 0.095282
0 0.114788 0.900735 0.080882 0.043505
0 0.255515 0.527114 0.098448 0.076287
0 0.342116 0.510417 0.072304 0.078431
0 0.857639 0.434589 0.036356 0.073223
0 0.201185 0.244026 0.082925 0.100184
0 0.037786 0.928922 0.075572 0.037990
0 0.377451 0.405178 0.067810 0.051164
0 0.988358 0.580116 0.023284 0.057292
0 0.684641 0.328278 0.024510 0.047488
0 0.071895 0.717218 0.092320 0.038603
0 0.159518 0.700061 0.082108 0.037990
0 0.245915 0.642310 0.082516 0.090380
0 0.323734 0.629136 0.065768 0.085478
0 0.388480 0.616115 0.061275 0.083946
0 0.661560 0.331648 0.021650 0.053615
0 0.450776 0.604626 0.060866 0.079963
0 0.566789 0.580576 0.052696 0.082108
0 0.620507 0.570312 0.048203 0.075674
0 0.667484 0.563725 0.045752 0.067402
0 0.714461 0.557138 0.047386 0.064032
0 0.764093 0.544577 0.050245 0.065257
0 0.810458 0.537377 0.042484 0.060662
0 0.852533 0.531250 0.041667 0.060049
0 0.510825 0.592984 0.059232 0.073223
0 0.633783 0.332261 0.033088 0.050551
0 0.602124 0.333180 0.029412 0.049939
0 0.163399 0.557904 0.086601 0.044118
0 0.440359 0.342065 0.065359 0.053615
0 0.445057 0.399203 0.068219 0.050858
0 0.017565 0.421109 0.035131 0.062806
0 0.457516 0.104320 0.033497 0.122243
0 0.419322 0.099418 0.042075 0.129596
0 0.381332 0.100643 0.033905 0.132047
0 0.344567 0.096048 0.040441 0.141850
0 0.306373 0.093290 0.034314 0.136949
0 0.263072 0.090686 0.053105 0.142770
0 0.216299 0.089001 0.039624 0.141238
0 0.166871 0.088082 0.055964 0.144914
0 0.107230 0.082108 0.063317 0.149510
0 0.042688 0.077053 0.069036 0.146752
0 0.489788 0.340380 0.026961 0.052696
0 0.516340 0.339308 0.025327 0.053002
0 0.546569 0.338082 0.031863 0.050551
0 0.574346 0.335938 0.022876 0.054841
0 0.352941 0.346967 0.104575 0.053615
0 0.709559 0.244332 0.026961 0.061581
0 0.531454 0.478707 0.055556 0.089154
0 0.994894 0.345895 0.010212 0.039828
0 0.834150 0.687500 0.059641 0.031863
0 0.883987 0.672641 0.037582 0.034007
0 0.924224 0.660999 0.042075 0.027267
0 0.961397 0.651042 0.033088 0.028799
0 0.989379 0.644761 0.020425 0.027880
0 0.266953 0.759651 0.070670 0.078125
0 0.334150 0.739583 0.063725 0.076593
0 0.396038 0.723039 0.059232 0.075368
0 0.789420 0.128676 0.021650 0.097426
0 0.872345 0.131893 0.021650 0.093444
0 0.894404 0.131434 0.021650 0.092525
0 0.911765 0.133885 0.013889 0.090074
0 0.927492 0.133732 0.016748 0.089767
0 0.962418 0.136642 0.022059 0.086397
0 0.981413 0.136642 0.015931 0.083946
0 0.098448 0.255974 0.059641 0.137561
0 0.038194 0.259957 0.056781 0.132659
0 0.765931 0.128064 0.026144 0.100490
0 0.649101 0.125460 0.028595 0.098958
0 0.617443 0.123315 0.029820 0.097733
0 0.585989 0.111520 0.030637 0.113971
0 0.772876 0.704963 0.058824 0.028799
0 0.709150 0.724571 0.066176 0.034314
0 0.637868 0.746017 0.073121 0.033701
0 0.556577 0.760570 0.080474 0.038909
0 0.188725 0.829350 0.079248 0.026348
0 0.105596 0.852941 0.082925 0.029412
0 0.031454 0.873009 0.062908 0.036458
0 0.187296 0.774510 0.088644 0.042279
0 0.093750 0.797181 0.095180 0.040441
0 0.023284 0.813266 0.046569 0.048713
0 0.958129 0.506434 0.055147 0.063113
0 0.891136 0.520374 0.036356 0.062194
0 0.926062 0.595741 0.032680 0.057292
0 0.889502 0.602022 0.036356 0.060049
0 0.555147 0.109375 0.030229 0.120711
0 0.853962 0.615043 0.035539 0.054841
0 0.835784 0.128523 0.015523 0.095282
0 0.813725 0.126685 0.028595 0.097733
0 0.816176 0.624540 0.040033 0.059743
0 0.771038 0.633732 0.048611 0.063419
0 0.719363 0.647978 0.048203 0.060662
0 0.669935 0.657016 0.048203 0.059743
0 0.623570 0.669730 0.044526 0.063725
0 0.195874 0.881893 0.078023 0.029718
0 0.279003 0.849724 0.075163 0.032782
0 0.350082 0.832414 0.063725 0.036765
0 0.852941 0.130208 0.017974 0.097426
0 0.072712 0.575368 0.093954 0.042892
0 0.737541 0.373009 0.029820 0.043199
0 0.527778 0.109681 0.025327 0.121324
0 0.946283 0.239737 0.012663 0.049939
0 0.854371 0.317555 0.020833 0.045650
0 0.832721 0.317708 0.021650 0.045343
0 0.765727 0.370404 0.025735 0.048407
0 0.707925 0.374540 0.027778 0.046875
0 0.684028 0.375919 0.021650 0.044118
0 0.659518 0.382966 0.027369 0.047181
0 0.631127 0.383119 0.027778 0.046875
0 0.603350 0.384804 0.026961 0.048407
0 0.453431 0.708946 0.053105 0.077206
0 0.575368 0.386949 0.028186 0.044730
0 0.828227 0.242341 0.019199 0.057598
0 0.849877 0.242341 0.020833 0.056985
0 0.871324 0.240962 0.019608 0.057292
0 0.889706 0.240656 0.017974 0.056066
0 0.908088 0.239430 0.019608 0.054228
0 0.928717 0.240502 0.019199 0.053922
0 0.520016 0.391544 0.026144 0.049020
0 0.494690 0.107230 0.039216 0.123162
0 0.709763 0.326900 0.022467 0.047181
0 0.547590 0.387714 0.028186 0.043811
0 0.737132 0.326900 0.032271 0.049020
0 0.510212 0.697610 0.058007 0.067402
0 0.735090 0.244026 0.021650 0.060355
0 0.981413 0.346967 0.014297 0.037071
0 0.967320 0.309130 0.016340 0.038603
0 0.948734 0.310202 0.020833 0.037684
0 0.927288 0.310968 0.022059 0.039828
0 0.904003 0.312806 0.023693 0.041054
0 0.880923 0.313879 0.022467 0.037684
0 0.963644 0.349571 0.018791 0.039828
0 0.943832 0.352482 0.020016 0.045650
0 0.922998 0.353554 0.020016 0.042892
0 0.570466 0.683670 0.056781 0.062806
0 0.901757 0.355852 0.022467 0.043811
0 0.850694 0.360907 0.022467 0.038603
0 0.286560 0.408088 0.112337 0.055760
0 0.197508 0.406556 0.037173 0.060049
0 0.155229 0.408701 0.044118 0.059436
0 0.108252 0.413297 0.047386 0.068015
0 0.059436 0.414982 0.048611 0.065257
0 0.990605 0.236366 0.012255 0.060968
0 0.977941 0.235907 0.014706 0.059436
0 0.961806 0.239277 0.017565 0.051471
0 0.880310 0.355852 0.021242 0.042586
0 0.494077 0.391850 0.025735 0.049632
