0 0.449479 0.418164 0.053125 0.028516
0 0.392708 0.419531 0.053125 0.029687
0 0.337760 0.417578 0.055729 0.029687
0 0.225781 0.418359 0.052604 0.028125
0 0.164062 0.419727 0.055208 0.030078
0 0.842448 0.320703 0.058854 0.090625
0 0.784896 0.318359 0.047917 0.093750
0 0.734635 0.319922 0.051562 0.092188
0 0.672396 0.318750 0.047917 0.094531
0 0.507292 0.418164 0.056250 0.030078
0 0.622135 0.330664 0.039062 0.070703
0 0.280990 0.420508 0.050521 0.031641
0 0.564844 0.418359 0.054688 0.031250
0 0.847135 0.451367 0.044271 0.030859
0 0.677083 0.419336 0.053125 0.029297
0 0.733854 0.418945 0.054167 0.028516
0 0.791667 0.419727 0.061458 0.028516
0 0.847396 0.418555 0.042708 0.030859
0 0.794010 0.450781 0.055729 0.028906
0 0.736458 0.451758 0.057292 0.028516
0 0.678125 0.449609 0.057292 0.027344
0 0.618750 0.450586 0.059375 0.029297
0 0.560677 0.449414 0.053646 0.027734
0 0.506771 0.449023 0.048958 0.026172
0 0.453906 0.447852 0.058854 0.027734
0 0.394271 0.448828 0.053125 0.029687
0 0.620313 0.419727 0.052083 0.030078
0 0.583594 0.330859 0.035937 0.069531
0 0.139583 0.053711 0.036458 0.094141
0 0.507552 0.331250 0.034896 0.070312
0 0.340625 0.447266 0.056250 0.028906
0 0.268750 0.175000 0.052083 0.118750
0 0.215365 0.177539 0.045312 0.112891
0 0.160677 0.175586 0.048438 0.116797
0 0.789062 0.048828 0.060417 0.097656
0 0.726302 0.050000 0.051562 0.093750
0 0.661719 0.054102 0.052604 0.087109
0 0.603385 0.051367 0.053646 0.089453
0 0.547135 0.051367 0.045312 0.085547
0 0.489063 0.050781 0.050000 0.088281
0 0.431510 0.049023 0.047396 0.087109
0 0.307812 0.050391 0.186458 0.084375
0 0.185417 0.052344 0.051042 0.100000
0 0.441667 0.180469 0.046875 0.120313
0 0.500781 0.175000 0.060937 0.118750
0 0.559896 0.172266 0.057292 0.117188
0 0.621875 0.172656 0.051042 0.121094
0 0.677604 0.173828 0.045833 0.120313
0 0.729427 0.172266 0.049479 0.120313
0 0.786979 0.172070 0.060417 0.120703
0 0.847917 0.169336 0.057292 0.117578
0 0.156771 0.318750 0.048958 0.088281
0 0.210938 0.320508 0.048958 0.087109
0 0.261719 0.318359 0.046354 0.090625
0 0.311198 0.319336 0.045312 0.086328
0 0.355729 0.329688 0.035417 0.071094
0 0.394531 0.331055 0.039062 0.069922
0 0.433073 0.330664 0.033854 0.069141
0 0.470573 0.331250 0.034896 0.069531
0 0.544010 0.331641 0.033854 0.071875
0 0.283854 0.449219 0.052083 0.026562
0 0.560417 0.706250 0.036458 0.100000
0 0.187240 0.482422 0.040104 0.031250
0 0.302604 0.706250 0.035417 0.096094
0 0.342448 0.705859 0.039062 0.094531
0 0.385677 0.704883 0.039062 0.095703
0 0.426042 0.705664 0.036458 0.094141
0 0.475781 0.708789 0.041146 0.094922
0 0.518490 0.707031 0.040104 0.096875
0 0.334375 0.176953 0.053125 0.117969
0 0.608333 0.709375 0.041667 0.095312
0 0.651563 0.709375 0.041667 0.096875
0 0.696615 0.711328 0.044271 0.099219
0 0.742448 0.712109 0.036979 0.097656
0 0.785417 0.712500 0.044792 0.093750
0 0.835156 0.713477 0.048438 0.096484
0 0.159896 0.843750 0.037500 0.096875
0 0.202604 0.844922 0.040625 0.092188
0 0.246615 0.844141 0.042188 0.094531
0 0.290104 0.844531 0.042708 0.096094
0 0.338802 0.848633 0.040104 0.094141
0 0.383333 0.848047 0.038542 0.096094
0 0.428385 0.849805 0.041146 0.099609
0 0.476823 0.845508 0.047396 0.107422
0 0.522396 0.844922 0.038542 0.112500
0 0.561979 0.850781 0.035417 0.099219
0 0.602083 0.851953 0.041667 0.094531
0 0.644792 0.852148 0.041667 0.092578
0 0.687240 0.852734 0.040104 0.092188
0 0.731771 0.855469 0.041667 0.091406
0 0.785417 0.855078 0.053125 0.091406
0 0.844792 0.856055 0.051042 0.092578
0 0.261979 0.704883 0.038542 0.095703
0 0.218229 0.704102 0.045833 0.094141
0 0.173958 0.702734 0.039583 0.094531
0 0.832031 0.581641 0.051562 0.098437
0 0.184896 0.515820 0.046875 0.030078
0 0.184115 0.548242 0.043229 0.026953
0 0.235677 0.477930 0.042188 0.029297
0 0.287500 0.478906 0.054167 0.027344
0 0.342448 0.478320 0.055729 0.030078
0 0.397917 0.478906 0.054167 0.030469
0 0.455469 0.476758 0.056771 0.030078
0 0.512240 0.477344 0.044271 0.027344
0 0.564583 0.480273 0.054167 0.030078
0 0.619792 0.480078 0.056250 0.028125
0 0.678125 0.479492 0.055208 0.028516
0 0.735417 0.481055 0.057292 0.023047
0 0.791927 0.482617 0.053646 0.028516
0 0.846094 0.481836 0.048438 0.028516
0 0.233073 0.448242 0.045312 0.026953
0 0.185938 0.587891 0.046875 0.028125
0 0.189844 0.635156 0.045312 0.014844
0 0.255729 0.577734 0.042708 0.092188
0 0.298698 0.577734 0.038021 0.096875
0 0.339062 0.577539 0.036458 0.098047
0 0.378646 0.579102 0.041667 0.097266
0 0.420573 0.577930 0.039062 0.098828
0 0.463281 0.578516 0.042188 0.098437
0 0.507552 0.577148 0.044271 0.100391
0 0.554167 0.578125 0.045833 0.099219
0 0.600000 0.576562 0.033333 0.099219
0 0.641146 0.578320 0.041667 0.098828
0 0.683854 0.578711 0.040625 0.100391
0 0.726562 0.580859 0.039583 0.096875
0 0.776563 0.582031 0.048958 0.097656
0 0.188542 0.615039 0.047917 0.020703
0 0.388802 0.178320 0.053646 0.122266
