0 0.157884 0.827665 0.045343 0.057904
0 0.243260 0.808211 0.024918 0.071078
0 0.270629 0.800245 0.024101 0.072917
0 0.296364 0.801164 0.022467 0.069853
0 0.321895 0.800858 0.023693 0.066789
0 0.394608 0.818321 0.024510 0.069240
0 0.367851 0.817402 0.024101 0.058824
0 0.574959 0.680760 0.042075 0.063725
0 0.532067 0.683058 0.042075 0.060355
0 0.436887 0.685049 0.039624 0.058824
0 0.112745 0.829810 0.044118 0.057904
0 0.485498 0.681832 0.041258 0.063419
0 0.345792 0.805913 0.019199 0.076900
0 0.068219 0.829963 0.044118 0.055760
0 0.817402 0.689798 0.019608 0.037071
0 0.126225 0.765472 0.048203 0.021752
0 0.052288 0.766085 0.058824 0.016850
0 0.931781 0.687040 0.031046 0.059743
0 0.894812 0.690104 0.033088 0.054841
0 0.842525 0.683058 0.024101 0.053615
0 0.788807 0.683670 0.035131 0.047488
0 0.750408 0.685968 0.027778 0.059436
0 0.716299 0.681526 0.031454 0.065257
0 0.688113 0.682138 0.021650 0.059743
0 0.661969 0.681373 0.024918 0.062500
0 0.625408 0.676624 0.037582 0.051164
0 0.131740 0.255362 0.033088 0.068321
0 0.391544 0.685202 0.041258 0.057904
0 0.024101 0.828585 0.041667 0.057904
0 0.419935 0.814185 0.022059 0.070159
0 0.344567 0.679688 0.039624 0.045037
0 0.137663 0.701440 0.044935 0.072610
0 0.570057 0.381740 0.046160 0.067402
0 0.619690 0.381281 0.042484 0.067708
0 0.669322 0.382506 0.049428 0.065870
0 0.754289 0.375000 0.087827 0.077819
0 0.858660 0.374387 0.105392 0.084559
0 0.941381 0.365502 0.040441 0.058824
0 0.978962 0.364583 0.026552 0.052083
0 0.487541 0.368566 0.104984 0.091912
0 0.022672 0.485600 0.038807 0.073529
0 0.122958 0.490962 0.044935 0.062194
0 0.242647 0.483456 0.053105 0.077206
0 0.292075 0.492800 0.033497 0.055453
0 0.331291 0.497396 0.026144 0.062806
0 0.364788 0.502451 0.027778 0.048407
0 0.396446 0.500153 0.024918 0.053615
0 0.426675 0.500153 0.022467 0.050551
0 0.068015 0.490809 0.046977 0.066789
0 0.386029 0.371170 0.093137 0.095895
0 0.266340 0.370251 0.127451 0.092831
0 0.120915 0.384957 0.037582 0.057904
0 0.089461 0.239737 0.037582 0.101409
0 0.045343 0.240043 0.048203 0.099571
0 0.274306 0.226409 0.057598 0.140319
0 0.373366 0.241728 0.051471 0.110294
0 0.427696 0.241422 0.051471 0.117647
0 0.483252 0.244026 0.049837 0.117341
0 0.536765 0.244638 0.048203 0.116115
0 0.591708 0.241728 0.049428 0.120098
0 0.638889 0.241268 0.038399 0.120404
0 0.678105 0.241575 0.034314 0.124694
0 0.719975 0.239430 0.038807 0.129596
0 0.779616 0.241268 0.062500 0.131434
0 0.840278 0.256127 0.049020 0.101103
0 0.898897 0.254442 0.044526 0.103248
0 0.960376 0.244179 0.058007 0.117034
0 0.043301 0.384957 0.036765 0.053002
0 0.082925 0.384957 0.031046 0.058517
0 0.456904 0.500153 0.030637 0.060968
0 0.485498 0.502911 0.024918 0.049939
0 0.513889 0.500153 0.025327 0.056066
0 0.542279 0.503676 0.023284 0.050858
0 0.576593 0.598192 0.038807 0.044424
0 0.622345 0.603094 0.041258 0.039522
0 0.664216 0.595435 0.029412 0.054841
0 0.693832 0.597580 0.029820 0.053002
0 0.724877 0.594056 0.025735 0.060049
0 0.753676 0.594363 0.026961 0.061275
0 0.782475 0.596201 0.022467 0.053309
0 0.808007 0.589461 0.020425 0.061275
0 0.835172 0.586550 0.025735 0.057904
0 0.867239 0.594822 0.020425 0.059743
0 0.890319 0.593750 0.024101 0.053309
0 0.917279 0.594822 0.021650 0.054841
0 0.943423 0.591605 0.024101 0.060049
0 0.973039 0.593903 0.027778 0.060355
0 0.102941 0.621783 0.060458 0.029718
0 0.041054 0.703891 0.046160 0.065257
0 0.088644 0.701440 0.042484 0.063419
0 0.534926 0.592065 0.034722 0.059130
0 0.299020 0.676317 0.031046 0.045037
0 0.479984 0.598346 0.043301 0.054534
0 0.373979 0.588542 0.042892 0.046569
0 0.569649 0.494945 0.024918 0.065870
0 0.602124 0.496170 0.034314 0.055453
0 0.649714 0.498928 0.043709 0.057904
0 0.696487 0.496170 0.041667 0.057904
0 0.741013 0.498621 0.041667 0.051164
0 0.778186 0.490502 0.023693 0.066176
0 0.803717 0.493566 0.024918 0.063725
0 0.827614 0.492800 0.023693 0.070772
0 0.854371 0.491575 0.024101 0.067708
0 0.877655 0.492494 0.021650 0.070159
0 0.917075 0.492953 0.034314 0.064951
0 0.946487 0.490809 0.020425 0.069240
0 0.974265 0.493719 0.030229 0.063419
0 0.031863 0.613511 0.047386 0.062806
0 0.236520 0.596354 0.051471 0.065257
0 0.290850 0.594669 0.044118 0.061887
0 0.332721 0.594516 0.032271 0.056679
0 0.430556 0.597580 0.043301 0.055453
0 0.444649 0.814798 0.025735 0.076287
0 0.218954 0.234375 0.049020 0.125000
0 0.498979 0.806985 0.022467 0.069853
0 0.474469 0.816636 0.022467 0.075674
0 0.633170 0.812194 0.026961 0.076593
0 0.662582 0.799173 0.022876 0.077512
0 0.687296 0.798254 0.026552 0.076287
0 0.765727 0.826593 0.028186 0.056373
0 0.747549 0.772365 0.022059 0.046569
0 0.724877 0.814951 0.035539 0.045956
0 0.903186 0.787990 0.035948 0.104779
0 0.941585 0.772825 0.031046 0.081189
0 0.577614 0.806066 0.027778 0.074142
0 0.550654 0.804841 0.023693 0.069240
0 0.522876 0.804075 0.023693 0.070159
0 0.812704 0.814798 0.042892 0.062194
