0 0.684845 0.036612 0.042075 0.068934
0 0.193423 0.677083 0.048611 0.025123
0 0.983456 0.580576 0.033088 0.066176
0 0.938930 0.579197 0.055147 0.070772
0 0.881536 0.579197 0.059641 0.072610
0 0.827614 0.585784 0.044935 0.060662
0 0.780229 0.584865 0.049837 0.056373
0 0.679943 0.576746 0.055147 0.069547
0 0.624183 0.575368 0.056373 0.068015
0 0.567198 0.574449 0.055964 0.071078
0 0.511642 0.573836 0.057598 0.071078
0 0.451797 0.573529 0.058824 0.072917
0 0.395425 0.572151 0.053105 0.070772
0 0.338848 0.572151 0.060049 0.069547
0 0.284314 0.574908 0.051471 0.073223
0 0.229371 0.573989 0.055147 0.065870
0 0.176266 0.574602 0.051062 0.066483
0 0.123775 0.574449 0.053922 0.064951
0 0.074551 0.575368 0.046977 0.064951
0 0.025940 0.566023 0.042075 0.066483
0 0.244077 0.678002 0.051879 0.025735
0 0.294935 0.681373 0.047386 0.018995
0 0.294526 0.661458 0.043301 0.022672
0 0.209763 0.630515 0.044526 0.023284
0 0.255515 0.631127 0.042892 0.025735
0 0.528595 0.679534 0.045752 0.023284
0 0.590686 0.673100 0.060458 0.037377
0 0.668913 0.671109 0.041258 0.040135
0 0.713235 0.673100 0.044118 0.043505
0 0.861520 0.664216 0.080065 0.066176
0 0.918301 0.685049 0.034314 0.027574
0 0.941381 0.486366 0.068219 0.073836
0 0.958333 0.686581 0.044935 0.027574
0 0.854371 0.485754 0.102533 0.071385
0 0.711193 0.483762 0.056373 0.072304
0 0.796977 0.267923 0.044118 0.103248
0 0.748162 0.264706 0.046977 0.100490
0 0.939134 0.267616 0.048203 0.094056
0 0.981822 0.264706 0.036356 0.101103
0 0.978758 0.378830 0.042484 0.094056
0 0.929534 0.377604 0.053513 0.094669
0 0.879289 0.377451 0.047794 0.094363
0 0.835172 0.378830 0.037990 0.092218
0 0.791258 0.380362 0.048203 0.094056
0 0.745507 0.380055 0.042484 0.094056
0 0.702614 0.379596 0.042484 0.095588
0 0.658497 0.381587 0.044935 0.092831
0 0.614175 0.380362 0.043709 0.090993
0 0.562296 0.378370 0.045343 0.096201
0 0.499592 0.379442 0.057190 0.095282
0 0.419730 0.377604 0.049428 0.094669
0 0.368464 0.379596 0.033497 0.095588
0 0.330678 0.380668 0.043709 0.094669
0 0.292484 0.380515 0.031046 0.094363
0 0.264093 0.382200 0.026552 0.088542
0 0.202410 0.386949 0.064134 0.079044
0 0.129493 0.389706 0.066993 0.075980
0 0.075163 0.378830 0.037582 0.092218
0 0.292688 0.484835 0.051062 0.070772
0 0.344975 0.486060 0.053513 0.070772
0 0.400123 0.483150 0.058415 0.070466
0 0.457721 0.482230 0.055147 0.072304
0 0.537582 0.481771 0.100490 0.073836
0 0.631127 0.481464 0.088235 0.070159
0 0.767361 0.484222 0.054330 0.074449
0 0.840891 0.265931 0.042892 0.100490
0 0.887663 0.268842 0.050654 0.095282
0 0.561275 0.267923 0.041667 0.097120
0 0.476103 0.148591 0.063317 0.103554
0 0.416667 0.149969 0.051471 0.101409
0 0.289011 0.150582 0.054330 0.105699
0 0.239583 0.150123 0.042892 0.104779
0 0.188317 0.150582 0.059641 0.105699
0 0.025940 0.270833 0.051879 0.094363
0 0.198734 0.269301 0.046977 0.094975
0 0.537173 0.150123 0.050654 0.098652
0 0.244077 0.268842 0.043709 0.098346
0 0.394404 0.271752 0.042892 0.095588
0 0.436070 0.270680 0.040441 0.094669
0 0.479371 0.270987 0.045343 0.094056
0 0.520425 0.268995 0.037582 0.094363
0 0.606005 0.267004 0.046160 0.099571
0 0.652165 0.267310 0.044526 0.098346
0 0.699551 0.266085 0.049428 0.100797
0 0.299428 0.265931 0.064542 0.103554
0 0.585580 0.150123 0.043709 0.097426
0 0.115196 0.156250 0.075163 0.075980
0 0.714461 0.151195 0.136438 0.092218
0 0.070670 0.039982 0.141340 0.073223
0 0.191381 0.039982 0.052696 0.070159
0 0.626634 0.149816 0.039216 0.098039
0 0.344158 0.038909 0.055964 0.072304
0 0.402369 0.039216 0.058824 0.072304
0 0.506944 0.037684 0.141340 0.074755
0 0.601307 0.038297 0.040850 0.070466
0 0.644404 0.036305 0.041258 0.068321
0 0.727941 0.036612 0.044935 0.070772
0 0.242647 0.040594 0.049020 0.071998
0 0.848039 0.037071 0.044935 0.072917
0 0.888889 0.037071 0.032680 0.066789
0 0.933007 0.036612 0.051471 0.070772
0 0.959150 0.145833 0.055556 0.099265
0 0.904820 0.147518 0.053922 0.096507
0 0.851511 0.147365 0.050245 0.096201
0 0.803513 0.149203 0.040033 0.094363
0 0.802492 0.036918 0.039624 0.067096
