0 0.620313 0.513672 0.023958 0.059375
0 0.645573 0.509180 0.019271 0.057422
0 0.685937 0.496289 0.022917 0.043359
0 0.221354 0.793359 0.027083 0.091406
0 0.719531 0.488867 0.026562 0.048828
0 0.711198 0.455078 0.024479 0.013281
0 0.014583 0.810937 0.029167 0.087500
0 0.046615 0.802734 0.025521 0.087500
0 0.081510 0.790430 0.038021 0.066797
0 0.116406 0.771680 0.027604 0.094141
0 0.425781 0.687305 0.034896 0.028516
0 0.410938 0.754297 0.023958 0.025000
0 0.375260 0.771484 0.034896 0.020313
0 0.408073 0.728516 0.030729 0.018750
0 0.151042 0.757422 0.030208 0.076563
0 0.369531 0.716016 0.045312 0.021094
0 0.310417 0.759961 0.058333 0.076953
0 0.182812 0.750586 0.030208 0.086328
0 0.371615 0.746680 0.036979 0.023047
0 0.033594 0.674219 0.043229 0.080469
0 0.573958 0.528125 0.019792 0.065625
0 0.067969 0.548242 0.038021 0.084766
0 0.129688 0.534570 0.044792 0.076172
0 0.170313 0.528711 0.026042 0.077734
0 0.460677 0.675586 0.031771 0.023047
0 0.111719 0.653516 0.033854 0.077344
0 0.177604 0.643750 0.028125 0.062500
0 0.228125 0.631055 0.046875 0.094922
0 0.292969 0.628516 0.038021 0.034375
0 0.597135 0.521094 0.020313 0.062500
0 0.332292 0.618750 0.034375 0.026562
0 0.371354 0.527148 0.054167 0.022266
0 0.382031 0.585742 0.045312 0.077734
0 0.429688 0.586133 0.027083 0.027734
0 0.458333 0.579688 0.027083 0.021875
0 0.493229 0.547461 0.029167 0.019141
0 0.496354 0.572656 0.026042 0.019531
0 0.523698 0.542773 0.026562 0.062891
0 0.550260 0.534375 0.024479 0.061719
0 0.274219 0.586523 0.041146 0.023828
0 0.488802 0.662500 0.021354 0.027344
0 0.075521 0.665039 0.034375 0.091797
0 0.459115 0.714063 0.022396 0.040625
0 0.379167 0.902344 0.039583 0.015625
0 0.026302 0.552734 0.043229 0.075781
0 0.401823 0.835547 0.035937 0.024219
0 0.412240 0.873437 0.026562 0.040625
0 0.438802 0.839063 0.024479 0.063281
0 0.462240 0.842578 0.022396 0.020313
0 0.487760 0.825586 0.021354 0.025391
0 0.497396 0.750195 0.034375 0.016797
0 0.512500 0.792188 0.028125 0.057031
0 0.553906 0.737891 0.046354 0.024219
0 0.539323 0.789258 0.020313 0.037109
0 0.561458 0.763867 0.015625 0.016016
0 0.565104 0.784570 0.013542 0.016016
0 0.620052 0.706250 0.028646 0.013281
0 0.620833 0.725391 0.030208 0.012500
0 0.623437 0.744141 0.027083 0.013281
0 0.661719 0.699023 0.029687 0.054297
0 0.376042 0.876367 0.042708 0.027734
0 0.329427 0.920898 0.050521 0.037109
0 0.266667 0.935547 0.050000 0.091406
0 0.217188 0.954688 0.028125 0.090625
0 0.485938 0.703320 0.023958 0.030859
0 0.516146 0.662695 0.032292 0.061328
0 0.565104 0.637109 0.035417 0.028906
0 0.569271 0.669141 0.031250 0.024219
0 0.597917 0.626563 0.015625 0.025781
0 0.598958 0.657617 0.017708 0.023828
0 0.625781 0.638672 0.016146 0.025000
0 0.650260 0.616406 0.016146 0.028906
0 0.436979 0.726172 0.020833 0.039844
0 0.666406 0.612500 0.010937 0.029687
0 0.052344 0.923242 0.025521 0.075391
0 0.084375 0.906836 0.028125 0.056641
0 0.117448 0.892383 0.026562 0.057422
0 0.143750 0.876758 0.021875 0.065234
0 0.166406 0.859375 0.023438 0.067187
0 0.192448 0.852539 0.018229 0.062891
0 0.145052 0.971875 0.029687 0.056250
0 0.182031 0.964453 0.040104 0.071094
0 0.018750 0.933398 0.037500 0.063672
0 0.690365 0.407031 0.025521 0.050000
0 0.139844 0.650977 0.018229 0.073828
0 0.603125 0.415430 0.019792 0.080078
0 0.336979 0.303125 0.037500 0.103906
0 0.295052 0.304883 0.042188 0.112109
0 0.246094 0.307227 0.051562 0.105078
0 0.178125 0.311133 0.029167 0.094922
0 0.138281 0.282813 0.038021 0.077344
0 0.097135 0.281055 0.042188 0.083984
0 0.052604 0.279297 0.046875 0.085938
0 0.014323 0.276953 0.028646 0.088281
0 0.629948 0.214844 0.017188 0.077344
0 0.604167 0.209570 0.031250 0.077734
0 0.573177 0.200586 0.024479 0.091797
0 0.549479 0.198828 0.020833 0.088281
0 0.529948 0.196680 0.020313 0.090234
0 0.498958 0.194531 0.040625 0.090625
0 0.412240 0.171289 0.039062 0.108984
0 0.367969 0.166406 0.047396 0.110156
0 0.306510 0.164258 0.025521 0.101172
0 0.279948 0.156055 0.027604 0.112891
0 0.240365 0.143750 0.047396 0.123438
0 0.176563 0.128906 0.043750 0.133594
0 0.129948 0.140234 0.043229 0.094531
0 0.084115 0.135742 0.046354 0.083203
0 0.658594 0.453906 0.048438 0.035937
0 0.374740 0.305273 0.033854 0.103516
0 0.408333 0.306250 0.031250 0.100781
0 0.031510 0.126367 0.053646 0.091797
0 0.456510 0.308594 0.017188 0.092188
0 0.436198 0.308203 0.022396 0.093750
0 0.580990 0.416797 0.024479 0.081250
0 0.553906 0.422070 0.028646 0.084766
0 0.529948 0.423242 0.014063 0.087109
0 0.506771 0.425391 0.029167 0.089063
0 0.478385 0.427344 0.021354 0.090625
0 0.451823 0.430273 0.025521 0.094141
0 0.382812 0.441797 0.031250 0.108594
0 0.348958 0.444141 0.032292 0.109375
0 0.311198 0.447656 0.041146 0.115625
0 0.230990 0.458398 0.057813 0.123047
0 0.422396 0.432812 0.028125 0.099219
0 0.077865 0.408398 0.036979 0.083203
0 0.477865 0.311133 0.020313 0.087891
0 0.506771 0.308203 0.029167 0.089063
0 0.116667 0.408789 0.037500 0.081641
0 0.558333 0.314648 0.028125 0.076172
0 0.602344 0.313477 0.030729 0.073828
0 0.649219 0.339844 0.050521 0.060156
0 0.530990 0.313477 0.016146 0.078516
0 0.646875 0.403320 0.055208 0.019922
0 0.644792 0.424609 0.051042 0.018750
0 0.034115 0.410156 0.046354 0.090625
0 0.648438 0.381250 0.058333 0.017188
