0 0.321795 0.749279 0.040171 0.058654
0 0.825855 0.864423 0.069658 0.039423
0 0.918803 0.745313 0.068376 0.023317
0 0.832265 0.708654 0.013248 0.041346
0 0.807692 0.731010 0.033333 0.047115
0 0.767521 0.739062 0.034188 0.010337
0 0.722009 0.733894 0.032906 0.046154
0 0.686966 0.734135 0.032051 0.045673
0 0.646795 0.742428 0.033761 0.047356
0 0.608547 0.743990 0.035043 0.044231
0 0.567521 0.744952 0.038462 0.044712
0 0.766453 0.750962 0.040598 0.009615
0 0.436966 0.886779 0.066239 0.029327
0 0.256838 0.877644 0.069231 0.047596
0 0.175641 0.876923 0.070085 0.053365
0 0.099359 0.871514 0.055983 0.045913
0 0.034402 0.875240 0.068803 0.059135
0 0.182265 0.817788 0.107265 0.034135
0 0.290385 0.813101 0.087607 0.038702
0 0.392735 0.812380 0.096581 0.035817
0 0.495299 0.804808 0.089744 0.037019
0 0.586538 0.804327 0.060256 0.036058
0 0.674573 0.803245 0.060256 0.031010
0 0.742949 0.800240 0.058547 0.034615
0 0.932265 0.861899 0.054274 0.032933
0 0.345085 0.888582 0.082479 0.032452
0 0.526923 0.744952 0.034188 0.046635
0 0.408120 0.751322 0.118803 0.045433
0 0.765598 0.870553 0.034615 0.036298
0 0.213248 0.742428 0.169231 0.058894
0 0.059829 0.777043 0.082906 0.040144
0 0.059615 0.690024 0.041453 0.053606
0 0.018162 0.694832 0.036325 0.057452
0 0.201923 0.660096 0.060256 0.043750
0 0.136325 0.661659 0.060684 0.043510
0 0.284615 0.661538 0.080342 0.027885
0 0.355556 0.653606 0.038462 0.046154
0 0.421581 0.660457 0.076496 0.032452
0 0.503632 0.656731 0.077350 0.032692
0 0.583547 0.656490 0.078205 0.033173
0 0.665171 0.653365 0.078205 0.032692
0 0.770299 0.649399 0.052564 0.036298
0 0.821368 0.647236 0.046154 0.038221
0 0.980128 0.654207 0.039744 0.042548
0 0.986111 0.570673 0.026923 0.030769
0 0.940171 0.569832 0.058120 0.039183
0 0.876282 0.557813 0.036325 0.058894
0 0.838675 0.558413 0.030342 0.062019
0 0.802137 0.556971 0.030769 0.067308
0 0.752778 0.584495 0.041453 0.014663
0 0.502137 0.878606 0.041880 0.043269
0 0.543590 0.874760 0.035043 0.046154
0 0.588462 0.872115 0.039316 0.042308
0 0.637179 0.874399 0.038462 0.040144
0 0.683974 0.874760 0.038889 0.032692
0 0.725214 0.872596 0.035897 0.034615
0 0.488248 0.748678 0.034615 0.041587
0 0.930342 0.653365 0.050427 0.039423
0 0.574786 0.265385 0.069231 0.014904
0 0.703419 0.563822 0.029060 0.056010
0 0.791239 0.106490 0.041453 0.030288
0 0.872009 0.156971 0.072222 0.025481
0 0.938462 0.123438 0.050427 0.097356
0 0.918376 0.257812 0.063248 0.057933
0 0.979060 0.270072 0.041880 0.035337
0 0.851282 0.269591 0.063248 0.038702
0 0.768162 0.279808 0.080769 0.015865
0 0.664316 0.261178 0.101282 0.014183
0 0.805556 0.146514 0.033333 0.043990
0 0.661752 0.279447 0.096154 0.016587
0 0.470299 0.225120 0.092735 0.010817
0 0.395940 0.264303 0.050000 0.051683
0 0.335470 0.277043 0.039316 0.032933
0 0.291880 0.274399 0.045299 0.036298
0 0.241880 0.277404 0.035043 0.034615
0 0.223718 0.241947 0.072222 0.031971
0 0.222009 0.203005 0.085043 0.036779
0 0.033120 0.252644 0.066239 0.070192
0 0.573291 0.279808 0.073932 0.011538
0 0.733974 0.093389 0.049145 0.047356
0 0.675000 0.091587 0.053419 0.046154
0 0.749145 0.150601 0.070940 0.035817
0 0.383547 0.123197 0.020940 0.079087
0 0.307692 0.130409 0.056410 0.060337
0 0.234615 0.080288 0.036752 0.057212
0 0.183120 0.077284 0.048291 0.054087
0 0.259829 0.141587 0.026496 0.044712
0 0.225214 0.136659 0.034188 0.041106
0 0.176496 0.132572 0.042735 0.046875
0 0.134188 0.138942 0.031624 0.043269
0 0.092094 0.136779 0.037179 0.045192
0 0.119658 0.062500 0.039316 0.039904
0 0.087607 0.061659 0.011966 0.037260
0 0.044017 0.114062 0.051282 0.088221
0 0.981197 0.866827 0.037607 0.034615
0 0.407051 0.123077 0.014957 0.079327
0 0.450855 0.112740 0.057265 0.107212
0 0.512179 0.116346 0.061966 0.097596
0 0.598718 0.138462 0.059829 0.050962
0 0.593162 0.087981 0.060684 0.041827
0 0.681838 0.143510 0.058547 0.045673
0 0.026496 0.376442 0.052991 0.036058
0 0.117949 0.359736 0.097436 0.074279
0 0.227991 0.358894 0.092735 0.075962
0 0.348504 0.357452 0.044872 0.078846
0 0.119872 0.483894 0.088462 0.041346
0 0.033974 0.486779 0.067949 0.033173
0 0.013034 0.567187 0.026068 0.065144
0 0.055769 0.571635 0.046581 0.062981
0 0.108547 0.587019 0.037607 0.034615
0 0.140812 0.574519 0.020940 0.059615
0 0.192308 0.593750 0.046154 0.018750
0 0.242521 0.585697 0.032051 0.030529
0 0.275000 0.574880 0.027778 0.052163
0 0.305769 0.575841 0.024359 0.047837
0 0.351923 0.574159 0.051709 0.046875
0 0.409188 0.573438 0.044017 0.048317
0 0.456838 0.581010 0.045299 0.033173
0 0.509829 0.578365 0.029060 0.012981
0 0.498718 0.592308 0.023077 0.008173
0 0.526923 0.592067 0.025641 0.012019
0 0.565812 0.578365 0.038462 0.033654
0 0.617735 0.571875 0.056838 0.046635
0 0.669017 0.556250 0.032906 0.073077
0 0.197222 0.473197 0.044017 0.062740
0 0.763034 0.564784 0.045726 0.019471
0 0.251923 0.469591 0.047436 0.060817
0 0.431410 0.470313 0.047436 0.061779
0 0.397863 0.356971 0.045299 0.079808
0 0.460684 0.357692 0.057265 0.073558
0 0.580128 0.360697 0.063675 0.072356
0 0.640598 0.357212 0.045299 0.074519
0 0.697863 0.353846 0.062393 0.083654
0 0.755769 0.351923 0.047436 0.087500
0 0.813462 0.350361 0.056838 0.085817
0 0.886752 0.362260 0.076923 0.064423
0 0.969872 0.370433 0.060256 0.036538
0 0.939103 0.447236 0.051709 0.073317
0 0.988034 0.450000 0.023077 0.063462
0 0.888248 0.476923 0.043162 0.039423
0 0.840171 0.478245 0.041026 0.031971
0 0.799359 0.472476 0.032906 0.043510
0 0.748291 0.458413 0.048718 0.076442
0 0.642735 0.461298 0.052137 0.078365
0 0.585684 0.461298 0.050000 0.070673
0 0.531624 0.460938 0.047863 0.071394
0 0.478846 0.469351 0.044017 0.058894
0 0.361325 0.482452 0.078205 0.035096
0 0.819444 0.805889 0.077350 0.028125
0 0.464316 0.211659 0.088462 0.012260
