0 0.825368 0.680147 0.057598 0.034926
0 0.816789 0.720741 0.060049 0.043811
0 0.820261 0.761489 0.058824 0.035233
0 0.709150 0.630362 0.062092 0.038909
0 0.894812 0.582567 0.064951 0.041360
0 0.892770 0.628523 0.064951 0.042586
0 0.959763 0.619332 0.055147 0.043199
0 0.984477 0.710784 0.031046 0.037990
0 0.984477 0.791360 0.031046 0.036765
0 0.940564 0.712929 0.047794 0.033701
0 0.937500 0.753217 0.053105 0.037071
0 0.890319 0.678002 0.051879 0.036152
0 0.880923 0.716759 0.052696 0.034620
0 0.881944 0.755055 0.050654 0.033395
0 0.817606 0.808364 0.061683 0.040135
0 0.984477 0.749081 0.031046 0.033701
0 0.757149 0.686887 0.056781 0.039216
0 0.568423 0.785233 0.059232 0.039828
0 0.757353 0.767463 0.057190 0.037990
0 0.640319 0.824908 0.055964 0.045037
0 0.634600 0.778952 0.060049 0.038297
0 0.639910 0.736213 0.059232 0.039216
0 0.702002 0.688266 0.051062 0.033395
0 0.697508 0.730852 0.046160 0.035233
0 0.509191 0.702512 0.060866 0.048407
0 0.505106 0.751379 0.056781 0.040748
0 0.696895 0.771140 0.053105 0.039216
0 0.506127 0.794577 0.054739 0.041360
0 0.508783 0.839001 0.060049 0.040135
0 0.444036 0.838848 0.054739 0.043505
0 0.438930 0.794577 0.060049 0.041360
0 0.437296 0.752451 0.060866 0.038603
0 0.755106 0.729013 0.052696 0.036458
0 0.646242 0.634344 0.059641 0.045037
0 0.332721 0.715839 0.118873 0.041973
0 0.335172 0.758885 0.122958 0.039828
0 0.340074 0.803615 0.126225 0.041054
0 0.341503 0.848499 0.129085 0.041360
0 0.191993 0.765778 0.128268 0.046875
0 0.196895 0.817096 0.138072 0.049020
0 0.206291 0.866575 0.121732 0.040135
0 0.065564 0.873468 0.131127 0.041054
0 0.059845 0.829197 0.119690 0.033395
0 0.061683 0.782629 0.119281 0.048100
0 0.574755 0.831189 0.054739 0.044118
0 0.698734 0.816483 0.056781 0.044118
0 0.761029 0.810662 0.049020 0.038603
0 0.440155 0.706342 0.058415 0.040748
0 0.707312 0.587776 0.058415 0.042586
0 0.879698 0.800551 0.054330 0.038603
0 0.708538 0.538450 0.060866 0.048100
0 0.937908 0.411765 0.051471 0.039828
0 0.936479 0.463235 0.062500 0.047181
0 0.987337 0.460018 0.025327 0.045037
0 0.984477 0.409773 0.031046 0.043811
0 0.720384 0.421415 0.060866 0.046875
0 0.720384 0.469669 0.064951 0.045956
0 0.653595 0.422794 0.062908 0.044118
0 0.651961 0.474571 0.067810 0.045343
0 0.599469 0.452053 0.028186 0.087316
0 0.566381 0.454044 0.024101 0.088848
0 0.533905 0.454504 0.025327 0.087929
0 0.497958 0.454810 0.034314 0.084865
0 0.427288 0.457108 0.032680 0.091299
0 0.967116 0.305913 0.065768 0.126532
0 0.459763 0.452819 0.024101 0.094363
0 0.356413 0.462010 0.026552 0.087623
0 0.291871 0.444853 0.029820 0.049020
0 0.322917 0.443781 0.025735 0.048713
0 0.292688 0.492494 0.027369 0.038297
0 0.322917 0.490656 0.025735 0.035846
0 0.227941 0.447610 0.025327 0.043505
0 0.258374 0.446998 0.024101 0.047794
0 0.231005 0.494026 0.028186 0.038297
0 0.260212 0.493566 0.027778 0.039216
0 0.168505 0.486673 0.023284 0.043811
0 0.196283 0.491422 0.024101 0.040441
0 0.088440 0.482077 0.034722 0.072610
0 0.129085 0.479779 0.040850 0.072304
0 0.392565 0.457414 0.029412 0.093750
0 0.900735 0.307292 0.053105 0.123775
0 0.816585 0.485447 0.055556 0.032169
0 0.809436 0.451134 0.056781 0.027880
0 0.021855 0.138787 0.043709 0.164216
0 0.077206 0.138634 0.057190 0.164522
0 0.152778 0.137408 0.076797 0.161458
0 0.242034 0.140472 0.057598 0.149203
0 0.309845 0.141391 0.061683 0.162071
0 0.380923 0.148744 0.060049 0.144301
0 0.450163 0.149357 0.062908 0.143076
0 0.520425 0.149357 0.062908 0.140012
0 0.586193 0.150123 0.062908 0.140319
0 0.654208 0.148284 0.063317 0.140319
0 0.716095 0.151501 0.056373 0.127145
0 0.777574 0.151195 0.062500 0.133885
0 0.847426 0.160539 0.062500 0.137255
0 0.910539 0.160692 0.057190 0.135110
0 0.970997 0.162684 0.054739 0.125000
0 0.039216 0.314645 0.051471 0.106005
0 0.103758 0.318627 0.072712 0.156250
0 0.188317 0.301164 0.050654 0.118873
0 0.256332 0.324142 0.063317 0.139706
0 0.325980 0.323070 0.062908 0.138787
0 0.392361 0.321844 0.055964 0.138174
0 0.460172 0.321078 0.064134 0.134191
0 0.524510 0.318781 0.053105 0.129596
0 0.587214 0.322610 0.065768 0.133578
0 0.651757 0.317708 0.055147 0.126225
0 0.715686 0.310662 0.062908 0.125613
0 0.806168 0.302696 0.061683 0.104167
0 0.792484 0.390319 0.049837 0.030637
0 0.797590 0.420496 0.041258 0.019301
0 0.014502 0.483150 0.029003 0.068627
0 0.639297 0.588542 0.061275 0.044118
0 0.936275 0.796722 0.043301 0.040135
0 0.227124 0.572457 0.051471 0.032169
0 0.047590 0.482843 0.029003 0.074755
0 0.057190 0.573989 0.071895 0.046875
0 0.133783 0.567096 0.069853 0.054534
0 0.066993 0.623162 0.067810 0.047181
0 0.145425 0.618873 0.070261 0.041054
0 0.077206 0.674326 0.065359 0.046569
0 0.156454 0.663297 0.068627 0.045343
0 0.217933 0.540135 0.051879 0.021446
0 0.227533 0.664216 0.063725 0.046569
0 0.296773 0.658241 0.058415 0.043811
0 0.289011 0.535692 0.051062 0.021752
0 0.363971 0.557292 0.065359 0.048407
0 0.289011 0.569240 0.051062 0.041667
0 0.368464 0.650276 0.058824 0.042586
0 0.643995 0.540288 0.059232 0.041360
0 0.437296 0.646140 0.064134 0.044730
0 0.505310 0.642463 0.061275 0.046569
0 0.578023 0.642310 0.062908 0.043811
0 0.363766 0.604779 0.060866 0.040441
0 0.499592 0.595895 0.068627 0.041054
0 0.569036 0.592525 0.060458 0.044730
0 0.498570 0.551011 0.059232 0.043199
0 0.432598 0.550551 0.062908 0.044118
0 0.432190 0.600337 0.053922 0.043811
