0 0.096094 0.418164 0.040104 0.097266
0 0.254688 0.411328 0.040625 0.096875
0 0.202604 0.422656 0.040625 0.096875
0 0.298177 0.417187 0.040104 0.096875
0 0.051823 0.417187 0.040104 0.096875
0 0.150260 0.421484 0.040104 0.096875
0 0.474740 0.281055 0.058854 0.112891
0 0.673698 0.320898 0.054688 0.019922
0 0.309896 0.283203 0.047917 0.104688
0 0.536719 0.296875 0.043229 0.016406
0 0.606510 0.294141 0.051562 0.015625
0 0.538802 0.320312 0.051562 0.021094
0 0.604948 0.319336 0.048438 0.016016
0 0.354427 0.419141 0.040104 0.096875
0 0.361198 0.277734 0.048438 0.106250
0 0.404948 0.417578 0.040104 0.096875
0 0.319531 0.524609 0.040104 0.096875
0 0.524219 0.415820 0.040104 0.097266
0 0.595052 0.526563 0.040104 0.096875
0 0.543490 0.527344 0.040104 0.096875
0 0.494010 0.522070 0.040104 0.097266
0 0.450000 0.539844 0.043750 0.064062
0 0.410677 0.537891 0.035937 0.067187
0 0.366667 0.538672 0.048958 0.064062
0 0.097917 0.628906 0.045833 0.089063
0 0.274219 0.527734 0.040104 0.096875
0 0.185156 0.532031 0.040104 0.096875
0 0.137760 0.527930 0.040104 0.097266
0 0.087500 0.524219 0.040625 0.096875
0 0.733333 0.414453 0.040625 0.096875
0 0.682552 0.416406 0.040104 0.096875
0 0.634635 0.415625 0.040104 0.096875
0 0.582552 0.413867 0.040104 0.097266
0 0.461719 0.414062 0.040104 0.096875
0 0.149479 0.631250 0.045833 0.089063
0 0.703906 0.635547 0.055729 0.088281
0 0.243490 0.632031 0.046354 0.089063
0 0.474219 0.156055 0.049479 0.072266
0 0.541667 0.183398 0.053125 0.021484
0 0.542969 0.160547 0.047396 0.018750
0 0.536979 0.133789 0.064583 0.028516
0 0.607031 0.180859 0.060937 0.019531
0 0.610938 0.156445 0.043750 0.020703
0 0.603646 0.130273 0.050000 0.025391
0 0.675781 0.180664 0.058854 0.026953
0 0.686458 0.150977 0.066667 0.025391
0 0.667448 0.121484 0.067187 0.030469
0 0.761458 0.176953 0.072917 0.024219
0 0.773698 0.149609 0.076563 0.021875
0 0.772656 0.116016 0.070312 0.028906
0 0.905729 0.170898 0.179167 0.030078
0 0.894531 0.056836 0.156771 0.048828
0 0.427083 0.152344 0.027083 0.079687
0 0.386198 0.154102 0.034896 0.086328
0 0.330469 0.155469 0.038021 0.086719
0 0.290104 0.156055 0.033333 0.082422
0 0.301302 0.632812 0.046354 0.089063
0 0.358333 0.633984 0.045833 0.089063
0 0.405990 0.634766 0.041146 0.089063
0 0.457552 0.632422 0.055729 0.088281
0 0.523177 0.641406 0.055729 0.088281
0 0.583854 0.637891 0.055208 0.088281
0 0.641927 0.635156 0.055729 0.088281
0 0.198177 0.631250 0.046354 0.089063
0 0.638021 0.528516 0.040625 0.096875
0 0.823698 0.637109 0.055729 0.088281
0 0.862500 0.526563 0.039583 0.094531
0 0.806250 0.524414 0.039583 0.094922
0 0.143490 0.158594 0.036979 0.086719
0 0.182812 0.160938 0.030208 0.088281
0 0.214323 0.155859 0.021354 0.089063
0 0.253646 0.157617 0.028125 0.088672
0 0.764844 0.636328 0.055729 0.088281
0 0.676562 0.526367 0.032292 0.094922
0 0.685417 0.769922 0.055208 0.110937
0 0.752604 0.526758 0.039583 0.094922
0 0.019792 0.058984 0.039583 0.075781
0 0.064844 0.056250 0.045312 0.075000
0 0.110156 0.063477 0.042188 0.073047
0 0.155208 0.060547 0.043750 0.078906
0 0.202083 0.052930 0.035417 0.097266
0 0.240104 0.054297 0.031250 0.085156
0 0.276823 0.054492 0.035937 0.084766
0 0.309896 0.051367 0.026042 0.084766
0 0.342708 0.049219 0.036458 0.089063
0 0.389323 0.051172 0.045312 0.088281
0 0.436979 0.049219 0.046875 0.089063
0 0.495312 0.047656 0.048958 0.089063
0 0.713281 0.526563 0.039062 0.094531
0 0.554948 0.047461 0.063021 0.092578
0 0.679167 0.043555 0.047917 0.081641
0 0.731510 0.042969 0.043229 0.082812
0 0.793229 0.041797 0.034375 0.078906
0 0.100000 0.161719 0.034375 0.086719
0 0.065365 0.164258 0.024479 0.081641
0 0.028906 0.164844 0.036979 0.086719
0 0.042448 0.299219 0.038021 0.082031
0 0.085156 0.301367 0.030729 0.077734
0 0.123438 0.298047 0.035417 0.078125
0 0.169792 0.298242 0.038542 0.077734
0 0.157812 0.253711 0.053125 0.010547
0 0.217708 0.287695 0.040625 0.101953
0 0.617448 0.046289 0.060937 0.088672
0 0.260677 0.285547 0.038021 0.096875
0 0.876823 0.304102 0.172396 0.043359
0 0.744010 0.316602 0.068229 0.021484
0 0.541667 0.271484 0.053125 0.016406
0 0.610417 0.274023 0.055208 0.014453
0 0.677604 0.290820 0.062500 0.022266
0 0.744531 0.292383 0.064062 0.022266
0 0.762240 0.257031 0.074479 0.026562
0 0.682031 0.261328 0.071354 0.021094
0 0.602865 0.247656 0.060937 0.022656
0 0.846094 0.430078 0.166146 0.058594
0 0.813281 0.775781 0.054688 0.110937
0 0.745313 0.771094 0.055208 0.110937
0 0.618229 0.773438 0.055208 0.110937
0 0.514323 0.780859 0.127604 0.092969
0 0.383333 0.773047 0.128125 0.092969
0 0.253385 0.772266 0.127604 0.092969
0 0.121615 0.770117 0.127604 0.093359
0 0.537240 0.250195 0.056771 0.024609
