0 0.608660 0.647672 0.112745 0.019608
0 0.608864 0.666667 0.113971 0.018382
0 0.609273 0.687806 0.113971 0.020833
0 0.606618 0.707108 0.115196 0.017157
0 0.603554 0.731005 0.122958 0.023284
0 0.733456 0.734528 0.135212 0.014400
0 0.742034 0.693321 0.139297 0.017770
0 0.743056 0.671109 0.135621 0.024816
0 0.882966 0.648438 0.134395 0.021140
0 0.881944 0.672488 0.129085 0.019608
0 0.880106 0.694240 0.125408 0.018995
0 0.876838 0.715533 0.131944 0.019301
0 0.735090 0.715380 0.131944 0.020221
0 0.475899 0.726103 0.132353 0.018382
0 0.478962 0.662071 0.133578 0.021446
0 0.477124 0.682292 0.129902 0.017157
0 0.476103 0.639400 0.134395 0.020221
0 0.328431 0.721354 0.132353 0.018689
0 0.339052 0.696385 0.133170 0.018382
0 0.332108 0.671569 0.139706 0.023284
0 0.180351 0.702053 0.140114 0.051777
0 0.181168 0.649816 0.135212 0.043505
0 0.051471 0.700674 0.101307 0.053922
0 0.053309 0.645680 0.100082 0.048100
0 0.963440 0.568474 0.028186 0.093444
0 0.901144 0.581189 0.075163 0.058824
0 0.846405 0.564491 0.031863 0.090380
0 0.779412 0.578431 0.081699 0.056985
0 0.968954 0.786458 0.062092 0.025123
0 0.479371 0.704044 0.131127 0.021446
0 0.872958 0.736213 0.137255 0.016544
0 0.049837 0.786152 0.098039 0.024510
0 0.052083 0.812040 0.103350 0.022365
0 0.968954 0.812347 0.061275 0.021752
0 0.969158 0.833180 0.059232 0.017463
0 0.966503 0.853094 0.066993 0.019301
0 0.873162 0.852788 0.101716 0.021752
0 0.875817 0.828738 0.103758 0.020833
0 0.879902 0.805607 0.106209 0.019301
0 0.879698 0.785692 0.108252 0.018689
0 0.779208 0.791207 0.085376 0.019301
0 0.778595 0.810202 0.084150 0.016238
0 0.778391 0.825214 0.083742 0.013174
0 0.776552 0.839920 0.078431 0.013787
0 0.773897 0.853707 0.081291 0.013174
0 0.686887 0.853248 0.088644 0.012868
0 0.688521 0.837776 0.086193 0.014400
0 0.976307 0.704810 0.047386 0.083640
0 0.691381 0.823683 0.083742 0.013174
0 0.688930 0.787684 0.082108 0.020221
0 0.597222 0.849112 0.084967 0.011949
0 0.599060 0.835631 0.083742 0.015012
0 0.601103 0.821691 0.087827 0.012868
0 0.601103 0.804228 0.087827 0.017157
0 0.595384 0.784926 0.081291 0.017157
0 0.483864 0.840227 0.136846 0.024203
0 0.482230 0.811275 0.136846 0.028186
0 0.338848 0.766391 0.140114 0.017463
0 0.340891 0.788143 0.137663 0.015625
0 0.338031 0.815104 0.138480 0.026042
0 0.338644 0.836703 0.136438 0.017770
0 0.194240 0.809436 0.144199 0.073529
0 0.053309 0.837623 0.104167 0.018382
0 0.689134 0.806832 0.081699 0.016850
0 0.721609 0.560662 0.022467 0.093137
0 0.640523 0.553768 0.129902 0.015012
0 0.639093 0.573070 0.131127 0.021140
0 0.552696 0.183211 0.133987 0.020221
0 0.548407 0.210478 0.137663 0.022672
0 0.710580 0.212010 0.158905 0.025735
0 0.713031 0.177237 0.162990 0.035846
0 0.896855 0.128523 0.162173 0.027267
0 0.882149 0.187653 0.152369 0.081189
0 0.080474 0.260876 0.138072 0.022365
0 0.084355 0.284161 0.139297 0.019301
0 0.084967 0.309743 0.140523 0.023897
0 0.085580 0.335938 0.128676 0.024203
0 0.235294 0.336244 0.167484 0.022365
0 0.116013 0.403952 0.139706 0.024203
0 0.956291 0.359222 0.083333 0.026042
0 0.958742 0.329350 0.081699 0.028186
0 0.555351 0.154565 0.138480 0.027267
0 0.957516 0.295496 0.079248 0.034620
0 0.848856 0.300398 0.129085 0.022365
0 0.851103 0.274050 0.129493 0.026654
0 0.698121 0.350184 0.153595 0.028186
0 0.696078 0.319240 0.156046 0.025123
0 0.700368 0.289369 0.158088 0.029718
0 0.711806 0.259651 0.111520 0.024816
0 0.544526 0.347580 0.133170 0.022978
0 0.546569 0.320159 0.130719 0.024510
0 0.402778 0.344516 0.149510 0.021752
0 0.400531 0.316789 0.141748 0.025123
0 0.400123 0.291054 0.147467 0.023284
0 0.400123 0.262255 0.144199 0.025123
0 0.243260 0.278646 0.160539 0.026042
0 0.238971 0.308824 0.158497 0.025123
0 0.847631 0.341912 0.126634 0.053309
0 0.638480 0.594516 0.130719 0.017463
0 0.117034 0.434436 0.148284 0.025735
0 0.267974 0.467984 0.120915 0.021752
0 0.641136 0.530790 0.128676 0.022978
0 0.488154 0.518689 0.125817 0.018995
0 0.501021 0.571232 0.125408 0.019301
0 0.503881 0.591912 0.131127 0.017770
0 0.374183 0.590380 0.121732 0.018995
0 0.369690 0.569087 0.123366 0.020527
0 0.372549 0.542892 0.125000 0.027574
0 0.244485 0.543658 0.109886 0.025429
0 0.244077 0.567402 0.124592 0.022059
0 0.242239 0.587623 0.125000 0.018995
0 0.113358 0.587623 0.121324 0.020833
0 0.110703 0.564645 0.119281 0.018995
0 0.115809 0.540901 0.118056 0.013787
0 0.106209 0.517463 0.120098 0.023897
0 0.121528 0.463388 0.152369 0.021752
0 0.862132 0.483456 0.138480 0.020221
0 0.866626 0.432138 0.145833 0.023591
0 0.866626 0.406863 0.147467 0.027574
0 0.706291 0.478094 0.146242 0.021752
0 0.706904 0.450827 0.148284 0.026654
0 0.562500 0.397212 0.147059 0.023591
0 0.560253 0.424939 0.145016 0.020221
0 0.557394 0.448683 0.140931 0.024816
0 0.555351 0.473805 0.145016 0.019301
0 0.408088 0.471507 0.143791 0.025735
0 0.408088 0.448836 0.146242 0.015319
0 0.408292 0.422947 0.144199 0.027880
0 0.408292 0.394301 0.144199 0.026961
0 0.262663 0.419577 0.120915 0.023591
0 0.264910 0.445006 0.127859 0.022365
0 0.865605 0.457721 0.142157 0.025735
0 0.501634 0.549173 0.126634 0.021752
0 0.694853 0.421722 0.114379 0.025429
0 0.371732 0.020987 0.166667 0.022365
0 0.075776 0.191636 0.122141 0.034620
0 0.051062 0.030944 0.085784 0.049632
0 0.206904 0.040748 0.169526 0.019608
0 0.196895 0.016085 0.163399 0.022365
0 0.376430 0.053156 0.146650 0.024816
0 0.543096 0.040748 0.162990 0.047181
0 0.065972 0.153952 0.122141 0.026042
0 0.727737 0.024050 0.162990 0.038297
0 0.905637 0.011795 0.166667 0.023591
0 0.224060 0.159467 0.167892 0.027267
0 0.225694 0.192249 0.161356 0.026042
0 0.398080 0.132812 0.149918 0.030944
0 0.394812 0.166820 0.156454 0.029718
0 0.396446 0.197151 0.153186 0.023591
0 0.904003 0.052543 0.173203 0.048100
0 0.065972 0.118719 0.128676 0.022365
0 0.725899 0.056832 0.166667 0.024816
