0 0.651709 0.252524 0.047863 0.012740
0 0.655128 0.272596 0.049573 0.027885
0 0.422863 0.306971 0.031197 0.060096
0 0.383547 0.313462 0.043162 0.047115
0 0.337393 0.309495 0.045726 0.055048
0 0.757692 0.302163 0.053846 0.028846
0 0.157051 0.321274 0.138034 0.031490
0 0.261966 0.292187 0.050427 0.020913
0 0.605556 0.305889 0.033333 0.057452
0 0.573932 0.306731 0.029060 0.057212
0 0.543590 0.307572 0.029915 0.056490
0 0.513675 0.307572 0.029915 0.056490
0 0.482906 0.307212 0.028205 0.058173
0 0.452778 0.307812 0.026923 0.059375
0 0.253419 0.306971 0.050427 0.007212
0 0.253846 0.314183 0.050427 0.007212
0 0.651923 0.301683 0.047436 0.027404
0 0.716026 0.279567 0.043162 0.011538
0 0.704060 0.301082 0.050000 0.028606
0 0.303419 0.311178 0.023932 0.051683
0 0.481197 0.035096 0.063248 0.010096
0 0.280983 0.702163 0.037179 0.030288
0 0.669444 0.043990 0.068803 0.025481
0 0.625427 0.102163 0.073932 0.022115
0 0.627137 0.073077 0.077350 0.031250
0 0.546795 0.109976 0.070513 0.008894
0 0.547222 0.099399 0.071368 0.011779
0 0.547436 0.086418 0.071795 0.012260
0 0.547863 0.073197 0.072650 0.012260
0 0.546368 0.061058 0.069658 0.012019
0 0.547222 0.048197 0.067094 0.012260
0 0.472222 0.110216 0.070085 0.009375
0 0.470726 0.098197 0.071368 0.011779
0 0.469658 0.084615 0.073504 0.013462
0 0.471154 0.072356 0.067949 0.010577
0 0.725855 0.052764 0.040598 0.028606
0 0.471154 0.060096 0.072222 0.011538
0 0.808333 0.300841 0.045726 0.029087
0 0.478419 0.021995 0.061966 0.012740
0 0.478632 0.009736 0.066667 0.012260
0 0.398718 0.042548 0.059829 0.044231
0 0.398077 0.090024 0.058547 0.048317
0 0.332906 0.044111 0.054701 0.012260
0 0.333120 0.058173 0.054274 0.012981
0 0.331410 0.070312 0.053419 0.012260
0 0.332692 0.081130 0.055128 0.009856
0 0.332692 0.093630 0.055128 0.015144
0 0.332479 0.107933 0.055556 0.012019
0 0.335043 0.018750 0.063248 0.037019
0 0.176282 0.057332 0.258547 0.113221
0 0.473932 0.047236 0.073504 0.012740
0 0.775214 0.051803 0.053846 0.029087
0 0.682265 0.102163 0.030342 0.026923
0 0.711111 0.101442 0.019658 0.025481
0 0.241239 0.702163 0.034615 0.027885
0 0.201496 0.702764 0.036325 0.029087
0 0.056624 0.662740 0.095299 0.075000
0 0.025641 0.800841 0.047009 0.074760
0 0.089744 0.812380 0.050427 0.037260
0 0.145726 0.809856 0.053846 0.039904
0 0.192521 0.805529 0.041453 0.038942
0 0.045299 0.206490 0.084615 0.090385
0 0.039957 0.358293 0.077350 0.074760
0 0.238034 0.811418 0.049573 0.037740
0 0.322436 0.805529 0.101282 0.067788
0 0.427564 0.787260 0.103846 0.101923
0 0.543590 0.792188 0.094017 0.087260
0 0.646154 0.791106 0.105983 0.087019
0 0.750000 0.785817 0.090598 0.097596
0 0.867308 0.786178 0.102991 0.092067
0 0.963675 0.802764 0.072650 0.068510
0 0.859402 0.084615 0.073504 0.059135
0 0.701282 0.078125 0.012821 0.013942
0 0.718162 0.078486 0.013248 0.015625
0 0.735684 0.078245 0.020940 0.016106
0 0.757051 0.077764 0.016667 0.017067
0 0.777564 0.078726 0.018376 0.017548
0 0.796154 0.078486 0.014530 0.020433
0 0.811538 0.101322 0.016239 0.025240
0 0.791453 0.101442 0.017949 0.025481
0 0.770085 0.101322 0.017949 0.025240
0 0.749359 0.102043 0.019231 0.024279
0 0.730983 0.100361 0.016667 0.025721
0 0.318162 0.700962 0.031197 0.030288
0 0.860470 0.301442 0.044017 0.027885
0 0.538675 0.475240 0.054274 0.027404
0 0.908120 0.291587 0.017094 0.045192
0 0.048291 0.433774 0.031624 0.019952
0 0.078846 0.434375 0.025214 0.021154
0 0.012821 0.456370 0.025641 0.019952
0 0.044658 0.456370 0.034615 0.019952
0 0.075214 0.457692 0.024786 0.022115
0 0.013034 0.480409 0.025214 0.022356
0 0.015385 0.434615 0.029060 0.023077
0 0.043803 0.482332 0.032051 0.023317
0 0.112607 0.475361 0.021795 0.039663
0 0.155556 0.472837 0.055556 0.039904
0 0.215385 0.473317 0.051282 0.038942
0 0.260470 0.470553 0.037179 0.034856
0 0.304487 0.473077 0.050855 0.039904
0 0.827137 0.458413 0.059402 0.008654
0 0.073932 0.481250 0.023932 0.022596
0 0.894231 0.460216 0.061966 0.009856
0 0.157692 0.412260 0.029915 0.045192
0 0.223077 0.412861 0.032479 0.043990
0 0.780556 0.412260 0.047436 0.045192
0 0.733333 0.419111 0.042735 0.030048
0 0.692735 0.404087 0.034188 0.055288
0 0.655556 0.407091 0.036752 0.056490
0 0.614316 0.407212 0.040598 0.056731
0 0.575214 0.406490 0.033333 0.055288
0 0.190812 0.412740 0.032051 0.043750
0 0.532692 0.403726 0.038034 0.052163
0 0.422863 0.410096 0.035470 0.048077
0 0.389316 0.410457 0.032479 0.048798
0 0.356197 0.411538 0.030342 0.048558
0 0.324786 0.412019 0.027350 0.049519
0 0.291453 0.411418 0.033333 0.048317
0 0.255342 0.412260 0.032906 0.045192
0 0.462179 0.409135 0.037179 0.048558
0 0.830342 0.415144 0.049573 0.041346
0 0.888248 0.478726 0.062821 0.027163
0 0.765812 0.468510 0.047863 0.033173
0 0.588248 0.514663 0.072222 0.006731
0 0.591453 0.522716 0.070085 0.007452
0 0.594017 0.530288 0.069231 0.009135
0 0.604274 0.545673 0.070085 0.021154
0 0.253205 0.320913 0.051709 0.005769
0 0.752137 0.522115 0.086325 0.032692
0 0.514103 0.521154 0.076068 0.025000
0 0.752137 0.547716 0.086325 0.021875
0 0.881624 0.537019 0.052991 0.043269
0 0.916667 0.535577 0.011966 0.045192
0 0.259402 0.605409 0.086325 0.053125
0 0.166880 0.606851 0.092735 0.052644
0 0.891667 0.291346 0.015812 0.045673
0 0.964744 0.494832 0.070513 0.060817
0 0.824145 0.537019 0.052564 0.045673
0 0.823077 0.476683 0.059829 0.025481
0 0.528419 0.546394 0.073077 0.022115
0 0.382906 0.546274 0.074359 0.022356
0 0.713462 0.471635 0.050000 0.037019
0 0.655983 0.473438 0.058974 0.035817
0 0.597650 0.477284 0.056838 0.029087
0 0.482906 0.475962 0.053846 0.028846
0 0.419231 0.476082 0.066667 0.026683
0 0.355983 0.472837 0.051282 0.039423
0 0.456410 0.546514 0.071795 0.021875
0 0.020513 0.546034 0.040171 0.075721
0 0.245085 0.515144 0.072222 0.016346
0 0.318162 0.512740 0.067094 0.015385
0 0.072222 0.545793 0.059829 0.073798
0 0.150000 0.547115 0.083761 0.023077
0 0.233120 0.546514 0.079060 0.024279
0 0.308974 0.545192 0.072650 0.024519
0 0.166880 0.517668 0.075641 0.019952
0 0.882265 0.376442 0.038034 0.040865
0 0.133974 0.406370 0.017521 0.043510
0 0.472650 0.215865 0.146154 0.071635
0 0.496581 0.697476 0.055556 0.037740
0 0.441667 0.698317 0.051709 0.039423
0 0.880556 0.417308 0.034615 0.038462
0 0.393803 0.699639 0.032906 0.030048
0 0.357906 0.699760 0.033761 0.030288
0 0.254060 0.326442 0.054274 0.006731
0 0.253205 0.333413 0.055983 0.007212
0 0.752564 0.217308 0.089744 0.075000
0 0.839316 0.201563 0.076068 0.067548
0 0.923718 0.197236 0.073932 0.063702
0 0.659402 0.210697 0.086325 0.068990
0 0.580983 0.213942 0.070513 0.071154
0 0.911111 0.419832 0.018803 0.029087
0 0.310256 0.207091 0.151282 0.065625
0 0.161752 0.205288 0.145726 0.069231
0 0.550000 0.694471 0.051282 0.038942
0 0.604060 0.694952 0.052564 0.042308
0 0.166239 0.683173 0.034188 0.031731
0 0.930769 0.292308 0.023077 0.046154
0 0.660897 0.696154 0.055983 0.037500
0 0.978632 0.337981 0.042735 0.018750
0 0.971154 0.314183 0.057692 0.024038
0 0.348291 0.606731 0.083761 0.055288
0 0.433974 0.608534 0.082479 0.054087
0 0.616880 0.606490 0.087607 0.053365
0 0.934188 0.419832 0.022222 0.029087
0 0.525855 0.603606 0.086752 0.047115
0 0.861966 0.617067 0.019658 0.039423
0 0.894017 0.609375 0.040171 0.038942
0 0.986111 0.583774 0.027778 0.018990
0 0.948932 0.573678 0.038889 0.039663
0 0.963248 0.675721 0.071795 0.051442
0 0.756838 0.611298 0.165812 0.062981
