0 0.573958 0.471094 0.084375 0.046094
0 0.571875 0.425391 0.084375 0.046094
0 0.663542 0.472852 0.087500 0.043359
0 0.754167 0.479297 0.087500 0.043750
0 0.067708 0.578320 0.092708 0.047266
0 0.833073 0.478125 0.058854 0.046875
0 0.983073 0.916406 0.032813 0.052344
0 0.980990 0.838867 0.036979 0.052734
0 0.163542 0.580273 0.092708 0.047266
0 0.279687 0.580273 0.092708 0.047266
0 0.374479 0.579297 0.088542 0.043750
0 0.463281 0.582617 0.083854 0.042578
0 0.552865 0.584180 0.090104 0.044141
0 0.642969 0.589648 0.090104 0.044141
0 0.736198 0.591992 0.090104 0.044141
0 0.663021 0.426563 0.087500 0.043750
0 0.826302 0.589648 0.090104 0.044141
0 0.165104 0.533398 0.091667 0.042578
0 0.281771 0.533398 0.091667 0.042578
0 0.906510 0.840234 0.108854 0.052344
0 0.986458 0.762891 0.027083 0.057031
0 0.913281 0.762500 0.114062 0.056250
0 0.923958 0.674805 0.113542 0.055859
0 0.959635 0.591992 0.057813 0.067578
0 0.901563 0.591797 0.052083 0.067187
0 0.830729 0.429688 0.059375 0.042188
0 0.069271 0.531445 0.091667 0.042578
0 0.754427 0.430859 0.086979 0.043750
0 0.027083 0.456641 0.054167 0.045312
0 0.483594 0.470703 0.090104 0.045312
0 0.147135 0.288281 0.065104 0.046875
0 0.232552 0.340430 0.096354 0.051172
0 0.232552 0.291211 0.097396 0.044922
0 0.304427 0.136523 0.065104 0.051953
0 0.236719 0.086914 0.060937 0.047266
0 0.237760 0.136523 0.060937 0.047266
0 0.742188 0.352734 0.091667 0.047656
0 0.164844 0.074219 0.077604 0.055469
0 0.075781 0.119141 0.092188 0.079687
0 0.645833 0.349609 0.091667 0.047656
0 0.552083 0.349414 0.091667 0.048047
0 0.457292 0.346094 0.091667 0.050000
0 0.377604 0.321094 0.064583 0.095312
0 0.318229 0.320898 0.046875 0.088672
0 0.163802 0.131055 0.077604 0.055078
0 0.461458 0.299219 0.091667 0.047656
0 0.555208 0.301172 0.091667 0.047656
0 0.648958 0.300781 0.091667 0.047656
0 0.385417 0.418750 0.091667 0.046094
0 0.389062 0.466406 0.091667 0.046094
0 0.292187 0.417969 0.091667 0.046094
0 0.293750 0.464844 0.091667 0.046094
0 0.197917 0.415625 0.091667 0.046094
0 0.198958 0.463281 0.091667 0.046094
0 0.099479 0.409766 0.091667 0.046094
0 0.105208 0.458594 0.091667 0.046094
0 0.024740 0.408008 0.049479 0.046484
0 0.376042 0.534180 0.091667 0.042578
0 0.923177 0.484375 0.061979 0.078125
0 0.979427 0.486133 0.040104 0.075391
0 0.830729 0.307617 0.076042 0.045703
0 0.827604 0.355078 0.073958 0.045312
0 0.745313 0.305078 0.091667 0.047656
0 0.480990 0.424609 0.090104 0.045312
0 0.466927 0.536523 0.082812 0.045703
0 0.911719 0.917969 0.106771 0.052344
0 0.648177 0.543555 0.091146 0.044922
0 0.738542 0.229297 0.089583 0.050000
0 0.643750 0.227344 0.089583 0.050000
0 0.545312 0.223828 0.092708 0.051562
0 0.448958 0.223438 0.095833 0.051562
0 0.350781 0.218945 0.096354 0.051172
0 0.253125 0.213086 0.095833 0.051172
0 0.155208 0.212305 0.093750 0.048828
0 0.055729 0.211719 0.098958 0.046094
0 0.953906 0.261719 0.089063 0.094531
0 0.957552 0.085352 0.075521 0.075391
0 0.958854 0.161133 0.082292 0.070703
0 0.883854 0.155664 0.061458 0.045703
0 0.884375 0.106445 0.061458 0.045703
0 0.819792 0.107031 0.060417 0.045312
0 0.756250 0.105664 0.054167 0.045703
0 0.818750 0.156836 0.061458 0.045703
0 0.756250 0.153906 0.055208 0.045312
0 0.694271 0.095703 0.062500 0.050000
0 0.695312 0.146484 0.062500 0.050000
0 0.627083 0.151562 0.059375 0.045312
0 0.565104 0.151172 0.059375 0.045312
0 0.554427 0.538086 0.082812 0.045703
0 0.983333 0.375977 0.033333 0.080859
0 0.946615 0.375977 0.035937 0.080859
0 0.021615 0.308594 0.043229 0.096094
0 0.805990 0.881445 0.083854 0.037109
0 0.802865 0.920703 0.083854 0.037500
0 0.715885 0.921094 0.083854 0.037500
0 0.718229 0.879687 0.083333 0.037500
0 0.633073 0.879297 0.083854 0.037500
0 0.629167 0.921875 0.083333 0.037500
0 0.541667 0.920508 0.085417 0.037109
0 0.542708 0.880664 0.085417 0.037109
0 0.454167 0.880273 0.085417 0.037109
0 0.453125 0.917969 0.085417 0.037500
0 0.571615 0.100977 0.061979 0.052734
0 0.294531 0.881836 0.091146 0.038672
0 0.295573 0.921680 0.091146 0.038672
0 0.200260 0.922266 0.091146 0.038281
0 0.026823 0.866602 0.053646 0.041797
0 0.027344 0.908789 0.054688 0.037109
0 0.820833 0.773633 0.060417 0.037109
0 0.757292 0.767969 0.057292 0.043750
0 0.818229 0.817578 0.057292 0.043750
0 0.759896 0.814453 0.057292 0.043750
0 0.148698 0.337500 0.068229 0.048438
0 0.080208 0.312305 0.062500 0.096484
0 0.200260 0.882227 0.091146 0.038672
0 0.508073 0.087305 0.061979 0.052734
0 0.831771 0.229297 0.089583 0.050000
0 0.439583 0.101953 0.062500 0.045312
0 0.460417 0.650977 0.088542 0.041016
0 0.369792 0.651758 0.088542 0.041016
0 0.280208 0.650586 0.088542 0.041016
0 0.188021 0.648438 0.088542 0.040625
0 0.819792 0.703125 0.085417 0.040625
0 0.730469 0.702734 0.084896 0.042188
0 0.641667 0.701953 0.085417 0.040625
0 0.552604 0.696289 0.087500 0.041797
0 0.549479 0.653320 0.082292 0.043359
0 0.462760 0.694922 0.086979 0.042188
0 0.190104 0.692578 0.087500 0.042188
0 0.095833 0.645508 0.087500 0.041797
0 0.101042 0.690234 0.087500 0.042188
0 0.024479 0.647266 0.048958 0.042969
0 0.027083 0.689648 0.054167 0.041016
0 0.826302 0.543945 0.083854 0.041797
0 0.739844 0.544922 0.083854 0.042188
0 0.503385 0.142187 0.061979 0.053125
0 0.372917 0.694531 0.087500 0.042188
0 0.638021 0.656055 0.082292 0.043359
0 0.282292 0.694531 0.087500 0.042188
0 0.819531 0.658008 0.081771 0.043359
0 0.437240 0.147656 0.061979 0.045312
0 0.729948 0.656445 0.081771 0.043359
0 0.372135 0.086328 0.065104 0.051562
0 0.371615 0.139453 0.065104 0.051562
0 0.301823 0.082422 0.065104 0.051562
0 0.698438 0.810547 0.057292 0.043750
0 0.541927 0.766211 0.085938 0.041016
0 0.625781 0.810937 0.085938 0.041406
0 0.538802 0.808984 0.085938 0.041406
0 0.632031 0.766211 0.085938 0.041016
0 0.373698 0.807422 0.085938 0.041406
0 0.271875 0.802734 0.085417 0.041406
0 0.196615 0.757617 0.059896 0.042578
0 0.195573 0.802148 0.059896 0.042578
0 0.121094 0.755664 0.082812 0.038672
0 0.122135 0.798047 0.082812 0.042969
0 0.372656 0.764453 0.085938 0.041406
0 0.036979 0.753125 0.073958 0.041406
0 0.036979 0.798047 0.073958 0.041406
