0 0.775327 0.837163 0.027778 0.076900
0 0.738358 0.840686 0.033088 0.077206
0 0.700368 0.841146 0.035539 0.075674
0 0.661152 0.841912 0.033088 0.074755
0 0.813113 0.839001 0.037173 0.073836
0 0.854371 0.834099 0.033905 0.070772
0 0.797386 0.536918 0.049837 0.090380
0 0.575776 0.847733 0.039624 0.077206
0 0.533497 0.850031 0.033497 0.074449
0 0.892770 0.834865 0.035539 0.068015
0 0.456495 0.290594 0.060049 0.097733
0 0.383578 0.284161 0.071895 0.108762
0 0.299224 0.272059 0.092729 0.077206
0 0.205678 0.270374 0.082925 0.064645
0 0.619281 0.845741 0.035131 0.075674
0 0.933619 0.822457 0.031454 0.081189
0 0.792892 0.653952 0.037582 0.068321
0 0.653799 0.019148 0.043709 0.029105
0 0.746324 0.541667 0.049020 0.083333
0 0.681985 0.534007 0.071487 0.091912
0 0.071691 0.574449 0.042075 0.085172
0 0.115605 0.274816 0.082516 0.056985
0 0.657680 0.649510 0.032680 0.080882
0 0.690972 0.649816 0.033088 0.072304
0 0.973448 0.821385 0.038399 0.083333
0 0.624796 0.648591 0.029820 0.078431
0 0.828840 0.648284 0.030229 0.080882
0 0.869485 0.647518 0.033088 0.076900
0 0.910743 0.644148 0.036356 0.082414
0 0.552492 0.017310 0.065768 0.027267
0 0.544118 0.044424 0.058007 0.025123
0 0.608047 0.041207 0.037173 0.049326
0 0.748979 0.650276 0.034722 0.077512
0 0.028799 0.263480 0.047794 0.076593
0 0.028799 0.359681 0.054330 0.074755
0 0.104167 0.362745 0.094771 0.069240
0 0.812296 0.740349 0.041258 0.049326
0 0.857230 0.737592 0.036356 0.053615
0 0.886234 0.737592 0.022467 0.041360
0 0.910743 0.736826 0.024101 0.052083
0 0.944444 0.737745 0.034314 0.051471
0 0.978145 0.730086 0.032271 0.052696
0 0.755515 0.739124 0.054330 0.056679
0 0.956087 0.642463 0.038807 0.090686
0 0.985090 0.211703 0.029820 0.063113
0 0.444853 0.422947 0.045752 0.064032
0 0.503676 0.410692 0.059641 0.103248
0 0.568423 0.430300 0.050245 0.064645
0 0.291871 0.172028 0.091095 0.081189
0 0.369894 0.171875 0.057598 0.085172
0 0.934845 0.207414 0.072304 0.090074
0 0.425654 0.175092 0.054739 0.079963
0 0.695261 0.739430 0.057190 0.054841
0 0.570261 0.745098 0.059641 0.058824
0 0.492647 0.845588 0.041667 0.096201
0 0.400531 0.852022 0.042892 0.099877
0 0.350286 0.849418 0.040441 0.094669
0 0.304126 0.849877 0.046160 0.098039
0 0.194240 0.857537 0.050245 0.096814
0 0.122141 0.883272 0.086601 0.058211
0 0.632761 0.740809 0.055556 0.057598
0 0.040441 0.886949 0.077614 0.058211
0 0.029412 0.760263 0.058824 0.070159
0 0.101920 0.759038 0.083742 0.062806
0 0.197712 0.752298 0.089052 0.059130
0 0.302492 0.746477 0.109069 0.059130
0 0.397059 0.748009 0.067810 0.059743
0 0.484681 0.742953 0.100082 0.054534
0 0.040033 0.837163 0.076797 0.041360
0 0.593750 0.652727 0.028186 0.078125
0 0.480596 0.181066 0.047794 0.082721
0 0.596814 0.184283 0.049837 0.091605
0 0.921569 0.075521 0.061275 0.032782
0 0.924224 0.039062 0.060049 0.030944
0 0.981005 0.033701 0.037990 0.045956
0 0.822712 0.043199 0.078431 0.081495
0 0.764910 0.049020 0.038807 0.057598
0 0.713031 0.038450 0.067402 0.076900
0 0.335989 0.021293 0.040441 0.040135
0 0.655229 0.052083 0.046569 0.030637
0 0.299428 0.484835 0.084150 0.071385
0 0.205065 0.486366 0.093954 0.071998
0 0.106209 0.482077 0.092320 0.068321
0 0.027778 0.480086 0.049020 0.064338
0 0.295343 0.369792 0.088235 0.069240
0 0.202819 0.366575 0.089461 0.069547
0 0.379698 0.410233 0.073938 0.104779
0 0.532884 0.182445 0.054330 0.083027
0 0.285743 0.020527 0.043709 0.029412
0 0.400327 0.029105 0.064542 0.027574
0 0.654616 0.188725 0.042075 0.083333
0 0.708742 0.190257 0.055556 0.084559
0 0.621936 0.436581 0.040441 0.067402
0 0.683415 0.412071 0.062092 0.106005
0 0.763480 0.193627 0.039216 0.079044
0 0.803922 0.204197 0.024510 0.071998
0 0.473652 0.026042 0.069036 0.052083
0 0.741013 0.431679 0.050654 0.067402
0 0.850899 0.433211 0.049020 0.077206
0 0.905229 0.418505 0.044118 0.107230
0 0.966095 0.418658 0.067810 0.105086
0 0.959967 0.538756 0.052288 0.084865
0 0.909926 0.546109 0.044526 0.075674
0 0.856618 0.541207 0.048203 0.082414
0 0.801266 0.431679 0.044526 0.079044
0 0.562908 0.652727 0.026144 0.075674
0 0.580065 0.305147 0.057190 0.074755
0 0.496119 0.644301 0.028186 0.089461
0 0.231209 0.666360 0.038399 0.067402
0 0.830270 0.212623 0.027369 0.060049
0 0.316789 0.665135 0.029820 0.067402
0 0.357435 0.663909 0.032680 0.067402
0 0.392565 0.649203 0.030229 0.096814
0 0.424837 0.649357 0.018791 0.090380
0 0.457516 0.642310 0.033497 0.097120
0 0.523693 0.289675 0.055556 0.105699
0 0.613358 0.537071 0.051062 0.090686
0 0.527574 0.647518 0.028186 0.081801
0 0.558824 0.532629 0.049837 0.095895
0 0.508374 0.532169 0.046977 0.094975
0 0.460580 0.536458 0.046160 0.084559
0 0.407271 0.535999 0.042484 0.090993
0 0.367647 0.542279 0.031046 0.077206
0 0.182394 0.669424 0.051879 0.063725
0 0.126634 0.671569 0.053922 0.068015
0 0.272672 0.666820 0.039624 0.065870
0 0.019199 0.674479 0.035131 0.069547
0 0.646446 0.295496 0.064134 0.102635
0 0.713031 0.299326 0.065768 0.093750
0 0.951389 0.317402 0.041667 0.077819
0 0.894199 0.306219 0.053922 0.095895
0 0.066789 0.673560 0.057598 0.062806
0 0.771038 0.312806 0.034722 0.078431
0 0.089869 0.158088 0.100490 0.083946
0 0.831904 0.299786 0.055964 0.097120
0 0.197508 0.160692 0.088644 0.089154
0 0.116626 0.573376 0.040441 0.087316
0 0.161356 0.575214 0.038399 0.084252
0 0.202002 0.572917 0.037173 0.086397
0 0.240605 0.572457 0.039216 0.083027
0 0.284109 0.573529 0.037173 0.083333
0 0.027574 0.574142 0.039624 0.088848
0 0.093546 0.075827 0.098856 0.075674
0 0.200572 0.092065 0.091503 0.046875
