0 0.083946 0.414369 0.057598 0.134498
0 0.144404 0.373775 0.049428 0.064951
0 0.188930 0.374847 0.034722 0.071998
0 0.232230 0.374847 0.041258 0.069547
0 0.801266 0.515778 0.024918 0.039522
0 0.754902 0.494332 0.058007 0.075061
0 0.397059 0.258272 0.036765 0.084559
0 0.965278 0.271293 0.052288 0.122243
0 0.893587 0.285080 0.033905 0.088542
0 0.826593 0.253983 0.094363 0.096814
0 0.731209 0.268076 0.076797 0.066176
0 0.669526 0.266544 0.041667 0.065564
0 0.622141 0.267770 0.038399 0.063113
0 0.696283 0.500306 0.051062 0.070466
0 0.357230 0.257659 0.034722 0.083333
0 0.580065 0.265012 0.040850 0.064951
0 0.537990 0.264093 0.040033 0.063113
0 0.493056 0.265931 0.041667 0.069240
0 0.444036 0.266544 0.047386 0.065564
0 0.025531 0.415748 0.051062 0.128064
0 0.653799 0.482077 0.029003 0.106924
0 0.136438 0.509957 0.021242 0.042586
0 0.571487 0.480852 0.062908 0.106924
0 0.317198 0.256740 0.036356 0.081495
0 0.279412 0.375460 0.040850 0.069547
0 0.331291 0.375766 0.061275 0.071385
0 0.398693 0.373928 0.065359 0.076287
0 0.452819 0.334712 0.033905 0.027267
0 0.452206 0.380208 0.036765 0.062500
0 0.493873 0.379902 0.040033 0.065564
0 0.535948 0.380821 0.039216 0.067402
0 0.584763 0.376685 0.050245 0.075674
0 0.633987 0.381434 0.043301 0.066176
0 0.681168 0.381893 0.046160 0.067096
0 0.733252 0.381434 0.043301 0.063725
0 0.781454 0.383119 0.045752 0.060355
0 0.833538 0.383732 0.055147 0.065870
0 0.621119 0.480239 0.033088 0.105699
0 0.960580 0.432751 0.016748 0.088542
0 0.907475 0.523284 0.073938 0.052696
0 0.976103 0.529718 0.047794 0.051471
0 0.139297 0.478248 0.023693 0.016544
0 0.162990 0.509344 0.023693 0.041360
0 0.189134 0.509957 0.022876 0.042586
0 0.215686 0.510570 0.025327 0.041360
0 0.224265 0.471661 0.020425 0.017463
0 0.262459 0.510263 0.024101 0.040748
0 0.288399 0.510876 0.022876 0.041973
0 0.313725 0.511183 0.022876 0.042586
0 0.339257 0.511183 0.023284 0.045037
0 0.382149 0.485600 0.055964 0.092525
0 0.442810 0.494945 0.060458 0.076287
0 0.506944 0.482537 0.062908 0.107843
0 0.934232 0.607996 0.105392 0.084865
0 0.256740 0.259344 0.075572 0.072610
0 0.928717 0.433824 0.039624 0.095588
0 0.134191 0.254749 0.047794 0.075061
0 0.554126 0.110754 0.056781 0.117341
0 0.489788 0.109835 0.063725 0.120404
0 0.426266 0.112132 0.055964 0.113358
0 0.367851 0.111060 0.057598 0.117953
0 0.310662 0.111213 0.054330 0.111520
0 0.240196 0.106464 0.067810 0.121017
0 0.617851 0.113971 0.067402 0.114583
0 0.180351 0.108762 0.048611 0.113358
0 0.069649 0.108609 0.042075 0.117953
0 0.026144 0.108609 0.042484 0.115502
0 0.174837 0.864890 0.103758 0.147672
0 0.059845 0.863051 0.109886 0.146446
0 0.976920 0.723192 0.046160 0.107537
0 0.900940 0.722886 0.100082 0.103248
0 0.123162 0.108303 0.060866 0.119792
0 0.822100 0.747396 0.051062 0.061581
0 0.687500 0.115809 0.068627 0.113358
0 0.873366 0.899357 0.084150 0.091605
0 0.632966 0.895527 0.031454 0.109681
0 0.599469 0.894914 0.030637 0.106005
0 0.565972 0.895221 0.029820 0.111520
0 0.532884 0.893995 0.029820 0.111520
0 0.499387 0.893076 0.029003 0.109681
0 0.466708 0.893536 0.033088 0.105699
0 0.962827 0.896599 0.074346 0.107537
0 0.371936 0.894608 0.032271 0.103554
0 0.301471 0.895221 0.031863 0.102328
0 0.245302 0.894148 0.033905 0.104473
0 0.667075 0.906097 0.033497 0.074449
0 0.705678 0.903799 0.035539 0.083946
0 0.745711 0.903186 0.037173 0.082721
0 0.790237 0.901195 0.037990 0.085478
0 0.335580 0.896599 0.032271 0.107537
0 0.771242 0.755055 0.040850 0.036458
0 0.723243 0.747243 0.048611 0.063725
0 0.663807 0.748162 0.046569 0.060662
0 0.303105 0.613205 0.064542 0.071998
0 0.244485 0.619026 0.047794 0.054841
0 0.192402 0.609528 0.035131 0.076287
0 0.149510 0.607077 0.040850 0.076287
0 0.101511 0.568781 0.039624 0.091605
0 0.032680 0.578738 0.065359 0.080882
0 0.353145 0.605699 0.032271 0.075368
0 0.852124 0.515165 0.019608 0.038297
0 0.756944 0.115502 0.065359 0.110294
0 0.822100 0.115196 0.060866 0.114583
0 0.881944 0.114124 0.053922 0.119792
0 0.938521 0.126072 0.055964 0.100797
0 0.017770 0.292586 0.035539 0.065564
0 0.068015 0.291667 0.060866 0.067402
0 0.828431 0.515472 0.022876 0.041360
0 0.391953 0.614430 0.041258 0.074449
0 0.448121 0.620404 0.062092 0.060049
0 0.505719 0.617953 0.048203 0.062500
0 0.599469 0.741728 0.078023 0.071691
0 0.536765 0.744792 0.044118 0.065564
0 0.491422 0.743566 0.041667 0.063113
0 0.445874 0.739430 0.044526 0.076287
0 0.397876 0.740043 0.043301 0.075061
0 0.345997 0.739430 0.046569 0.071385
0 0.298203 0.738511 0.045752 0.071998
0 0.198121 0.719669 0.043301 0.112132
0 0.125613 0.714767 0.093546 0.112132
0 0.042075 0.718750 0.062092 0.107843
0 0.828023 0.620404 0.078431 0.067402
0 0.751225 0.616268 0.063725 0.065870
0 0.679126 0.617494 0.077206 0.067096
0 0.610498 0.618719 0.049428 0.059130
0 0.558824 0.615962 0.050654 0.060968
0 0.183415 0.258272 0.045752 0.074755
0 0.887051 0.435049 0.039624 0.095588
