0 0.908494 0.832572 0.073397 0.159375
0 0.808654 0.954207 0.067949 0.091587
0 0.876442 0.965986 0.065064 0.068029
0 0.023878 0.726562 0.027885 0.081010
0 0.717788 0.950601 0.067628 0.098798
0 0.623397 0.930288 0.051923 0.139423
0 0.616186 0.132212 0.039423 0.106250
0 0.637500 0.597115 0.058974 0.146154
0 0.267788 0.823678 0.027885 0.084856
0 0.231571 0.801442 0.031090 0.100000
0 0.199038 0.791827 0.025641 0.098077
0 0.163622 0.779207 0.030449 0.092548
0 0.128045 0.762981 0.031731 0.087019
0 0.092308 0.753486 0.032692 0.085337
0 0.846154 0.450240 0.076923 0.158654
0 0.767308 0.444832 0.060897 0.145433
0 0.703205 0.442909 0.064744 0.141587
0 0.638622 0.439183 0.054167 0.134135
0 0.580449 0.436659 0.056410 0.129087
0 0.519071 0.433894 0.049038 0.125962
0 0.466667 0.429567 0.046795 0.119712
0 0.306731 0.825120 0.036538 0.107452
0 0.412179 0.427764 0.046154 0.118990
0 0.308013 0.424760 0.042308 0.107692
0 0.261538 0.422115 0.044872 0.102404
0 0.216346 0.419111 0.040385 0.098798
0 0.178526 0.423678 0.030769 0.083413
0 0.142147 0.422476 0.035577 0.077163
0 0.106731 0.419471 0.034615 0.074038
0 0.071154 0.415865 0.030128 0.072596
0 0.039103 0.415625 0.028846 0.069712
0 0.011538 0.414423 0.023077 0.067308
0 0.270673 0.295312 0.050321 0.106010
0 0.220192 0.296635 0.048077 0.103846
0 0.183974 0.313462 0.018590 0.065865
0 0.163942 0.312740 0.018269 0.064423
0 0.358654 0.427043 0.044872 0.109856
0 0.143750 0.314543 0.020192 0.062740
0 0.352083 0.836899 0.038141 0.113702
0 0.932372 0.454327 0.078205 0.164423
0 0.950160 0.643990 0.084295 0.162981
0 0.029006 0.611418 0.028526 0.088221
0 0.858173 0.631851 0.077885 0.158413
0 0.781410 0.618630 0.069872 0.154567
0 0.708333 0.607452 0.068590 0.147115
0 0.062019 0.627163 0.031731 0.079808
0 0.573558 0.586538 0.056090 0.132212
0 0.515385 0.578726 0.048718 0.126683
0 0.463141 0.572236 0.046154 0.123317
0 0.416987 0.563942 0.036538 0.119231
0 0.366186 0.556851 0.046474 0.115144
0 0.312660 0.549760 0.054808 0.108173
0 0.258814 0.540865 0.043269 0.102885
0 0.399199 0.851683 0.047115 0.125962
0 0.212500 0.534976 0.039103 0.100721
0 0.135577 0.529447 0.026923 0.082452
0 0.098077 0.637620 0.034615 0.088702
0 0.134936 0.645312 0.029487 0.093990
0 0.172115 0.654207 0.037821 0.092067
0 0.208974 0.661538 0.028846 0.099519
0 0.574199 0.917909 0.040705 0.138221
0 0.528205 0.906611 0.041026 0.122356
0 0.485096 0.887620 0.037500 0.131010
0 0.444872 0.873317 0.035897 0.127404
0 0.105769 0.527764 0.033333 0.081490
0 0.071955 0.521875 0.028526 0.082212
0 0.039263 0.516346 0.029167 0.078365
0 0.011538 0.511538 0.023077 0.073558
0 0.170192 0.537380 0.033974 0.078606
0 0.100962 0.315865 0.014103 0.060577
0 0.121635 0.316466 0.018910 0.061779
0 0.065064 0.311178 0.014744 0.068510
0 0.264263 0.176202 0.051603 0.097596
0 0.218590 0.181370 0.032692 0.095913
0 0.191186 0.202644 0.021474 0.062981
0 0.167147 0.205409 0.021474 0.063221
0 0.144712 0.208534 0.021474 0.063221
0 0.123237 0.211058 0.021474 0.062981
0 0.099359 0.213942 0.020513 0.062019
0 0.082212 0.314663 0.016346 0.060577
0 0.039744 0.210817 0.026923 0.068269
0 0.011058 0.214663 0.022115 0.070673
0 0.242147 0.670553 0.029167 0.100240
0 0.298718 0.685697 0.069872 0.113221
0 0.376923 0.700481 0.067949 0.123077
0 0.431250 0.715865 0.034936 0.116346
0 0.475000 0.728125 0.043590 0.123558
0 0.524519 0.740385 0.047115 0.123558
0 0.577404 0.754327 0.043910 0.134135
0 0.627724 0.766827 0.045833 0.137019
0 0.689744 0.780889 0.057692 0.145433
0 0.751122 0.797596 0.058654 0.151442
0 0.825321 0.816466 0.068590 0.152163
0 0.393269 0.170313 0.048077 0.083413
0 0.438782 0.164904 0.033974 0.087500
0 0.076442 0.213582 0.020833 0.061298
0 0.523237 0.145433 0.044551 0.100481
0 0.479006 0.151202 0.038141 0.101923
0 0.045673 0.312620 0.018910 0.068990
0 0.021795 0.310096 0.020513 0.068750
0 0.963301 0.269712 0.067628 0.136538
0 0.895833 0.273317 0.057692 0.128846
0 0.835096 0.274639 0.058013 0.124279
0 0.733814 0.279447 0.036859 0.116587
0 0.688942 0.281130 0.049679 0.114663
0 0.641026 0.282933 0.039103 0.113462
0 0.596474 0.284856 0.039103 0.107212
0 0.778045 0.278606 0.046474 0.122115
0 0.505288 0.289423 0.038141 0.104327
0 0.549679 0.287740 0.041026 0.108173
0 0.056731 0.738462 0.030769 0.085096
0 0.659615 0.126562 0.037179 0.112260
0 0.708494 0.118630 0.055449 0.116106
0 0.571154 0.140385 0.037821 0.102885
0 0.821314 0.105529 0.053526 0.126923
0 0.419391 0.294351 0.037500 0.099279
0 0.461699 0.290024 0.036859 0.100240
0 0.765865 0.113101 0.051603 0.122356
