0 0.016146 0.802734 0.031250 0.063281
0 0.982812 0.594727 0.034375 0.038672
0 0.081771 0.800586 0.026042 0.058984
0 0.140365 0.808594 0.066146 0.063281
0 0.205469 0.807422 0.061979 0.068750
0 0.268750 0.804883 0.061458 0.074609
0 0.328906 0.777539 0.053646 0.026172
0 0.386458 0.776758 0.059375 0.026172
0 0.328385 0.805273 0.052604 0.027734
0 0.385677 0.805078 0.057813 0.027344
0 0.382552 0.833008 0.056771 0.025391
0 0.051302 0.802539 0.035937 0.065234
0 0.704948 0.655664 0.054688 0.028516
0 0.890885 0.658984 0.051562 0.030469
0 0.767188 0.661328 0.063542 0.073438
0 0.981250 0.637500 0.037500 0.042188
0 0.887760 0.686523 0.048438 0.023047
0 0.830990 0.692578 0.056771 0.030469
0 0.936198 0.677344 0.036979 0.040625
0 0.978906 0.677930 0.042188 0.037109
0 0.039062 0.684375 0.036458 0.064062
0 0.079427 0.684375 0.040104 0.066406
0 0.129948 0.759180 0.065104 0.033984
0 0.705990 0.684570 0.052604 0.026172
0 0.201563 0.758789 0.065625 0.028516
0 0.384115 0.748047 0.054688 0.028125
0 0.328646 0.748047 0.053125 0.028125
0 0.941406 0.594531 0.044271 0.032813
0 0.940365 0.637109 0.042188 0.039062
0 0.834635 0.662109 0.057813 0.028906
0 0.892448 0.627930 0.053646 0.027734
0 0.834375 0.631250 0.061458 0.029687
0 0.836458 0.599805 0.058333 0.033984
0 0.267448 0.755664 0.065104 0.024609
0 0.708073 0.627148 0.050521 0.026172
0 0.179688 0.343945 0.062500 0.125391
0 0.583594 0.663672 0.057813 0.075781
0 0.677865 0.212695 0.048438 0.111328
0 0.623958 0.212109 0.055208 0.122656
0 0.326042 0.831641 0.054167 0.025781
0 0.033854 0.165820 0.032292 0.065234
0 0.068490 0.181445 0.038021 0.084766
0 0.033073 0.211133 0.030729 0.023828
0 0.115365 0.203516 0.051562 0.121875
0 0.171615 0.204687 0.055729 0.122656
0 0.228906 0.204883 0.058854 0.122266
0 0.289583 0.205664 0.061458 0.126172
0 0.567448 0.210938 0.053646 0.121875
0 0.515104 0.211328 0.052083 0.112500
0 0.463281 0.210156 0.047396 0.122656
0 0.410677 0.208203 0.056771 0.121875
0 0.352344 0.207031 0.058854 0.123438
0 0.726823 0.214062 0.046354 0.114062
0 0.780208 0.215820 0.057292 0.117578
0 0.834115 0.214062 0.047396 0.114062
0 0.883333 0.214258 0.046875 0.113672
0 0.926823 0.344727 0.056771 0.121484
0 0.868750 0.346875 0.055208 0.117969
0 0.811719 0.347266 0.052604 0.118750
0 0.752865 0.352734 0.060937 0.112500
0 0.692187 0.349609 0.054167 0.118750
0 0.636458 0.348828 0.055208 0.117969
0 0.579427 0.351562 0.055729 0.113281
0 0.644792 0.663086 0.058333 0.074609
0 0.526042 0.352539 0.047917 0.110547
0 0.419531 0.351953 0.055729 0.111719
0 0.363021 0.345898 0.057292 0.120703
0 0.305208 0.346680 0.054167 0.117578
0 0.245573 0.344531 0.066146 0.123438
0 0.117969 0.348828 0.059896 0.107813
0 0.051042 0.281250 0.047917 0.078125
0 0.932031 0.212891 0.048438 0.116406
0 0.473177 0.351367 0.051562 0.110547
0 0.438542 0.755469 0.042708 0.040625
0 0.773438 0.607617 0.018750 0.030859
0 0.434896 0.821680 0.041667 0.031641
0 0.437240 0.516016 0.065104 0.085156
0 0.503385 0.516211 0.063021 0.082422
0 0.571354 0.512305 0.068750 0.090234
0 0.642188 0.512695 0.069792 0.090234
0 0.710156 0.517188 0.060937 0.082031
0 0.694792 0.462695 0.020833 0.026172
0 0.642188 0.452734 0.072917 0.028125
0 0.715104 0.462109 0.016667 0.025000
0 0.750781 0.463281 0.015104 0.025781
0 0.769271 0.460547 0.019792 0.028906
0 0.814063 0.459961 0.016667 0.030078
0 0.775521 0.517578 0.061458 0.080469
0 0.832292 0.459961 0.016667 0.032422
0 0.849479 0.458789 0.016667 0.030078
0 0.733073 0.462305 0.017188 0.025391
0 0.866406 0.459180 0.015104 0.028516
0 0.566927 0.452734 0.072396 0.028125
0 0.432031 0.455859 0.065104 0.028906
0 0.021875 0.484375 0.042708 0.076563
0 0.083073 0.498437 0.040104 0.057031
0 0.195573 0.512305 0.071354 0.091797
0 0.262500 0.538867 0.058333 0.032422
0 0.322656 0.540820 0.056771 0.031641
0 0.268750 0.448047 0.058333 0.032813
0 0.498958 0.457422 0.064583 0.032031
0 0.263802 0.480859 0.057813 0.026562
0 0.322656 0.481445 0.056771 0.030078
0 0.378125 0.486328 0.050000 0.028125
0 0.263021 0.508398 0.056250 0.026172
0 0.322135 0.510742 0.058854 0.026172
0 0.378385 0.514062 0.050521 0.025781
0 0.378125 0.542383 0.050000 0.026953
0 0.329427 0.447656 0.057813 0.034375
0 0.057552 0.377539 0.051562 0.078516
0 0.885677 0.459180 0.019271 0.028516
0 0.923698 0.459961 0.015104 0.027734
0 0.391406 0.622656 0.059896 0.029687
0 0.328906 0.654687 0.063021 0.033594
0 0.393229 0.653516 0.060417 0.028906
0 0.330208 0.687109 0.062500 0.028906
0 0.392188 0.685156 0.061458 0.029687
0 0.455469 0.612500 0.064062 0.030469
0 0.328385 0.621094 0.065104 0.031250
0 0.520833 0.613281 0.063542 0.029687
0 0.650781 0.608789 0.060937 0.030859
0 0.708594 0.599609 0.051562 0.028906
0 0.750260 0.607031 0.023438 0.032031
0 0.792448 0.606641 0.018229 0.028906
0 0.455208 0.665430 0.063542 0.071484
0 0.519010 0.664844 0.063021 0.071094
0 0.586979 0.611719 0.061458 0.028906
0 0.438021 0.791211 0.041667 0.028516
0 0.265885 0.691797 0.055729 0.028906
0 0.262760 0.635156 0.058854 0.028125
0 0.939583 0.460742 0.014583 0.029297
0 0.953125 0.460742 0.016667 0.029297
0 0.980990 0.461328 0.021354 0.023438
0 0.849740 0.517578 0.065104 0.080469
0 0.915104 0.516797 0.062500 0.083594
0 0.030990 0.597656 0.046354 0.058594
0 0.264844 0.663867 0.061979 0.027734
0 0.073438 0.600977 0.031250 0.057422
0 0.191667 0.608984 0.066667 0.031250
0 0.257031 0.605469 0.059896 0.028906
0 0.329427 0.589844 0.059896 0.031250
0 0.392448 0.589258 0.058854 0.032422
0 0.134896 0.665820 0.065625 0.071484
0 0.200260 0.663867 0.060937 0.076172
0 0.123177 0.612109 0.067187 0.035156
0 0.979167 0.345117 0.039583 0.119141
0 0.908073 0.460742 0.016146 0.029297
0 0.684635 0.796289 0.083854 0.086328
0 0.821615 0.799023 0.067187 0.080859
0 0.758854 0.793945 0.056250 0.086328
0 0.829427 0.745117 0.059896 0.022266
0 0.596354 0.802539 0.083333 0.069922
0 0.597917 0.753516 0.089583 0.025000
0 0.922917 0.741602 0.122917 0.058984
0 0.917448 0.804883 0.118229 0.058203
0 0.481510 0.823828 0.045312 0.032813
0 0.528646 0.788477 0.043750 0.034766
0 0.483073 0.788281 0.045312 0.036719
0 0.528125 0.824023 0.045833 0.033984
0 0.483073 0.747852 0.039062 0.040234
0 0.527344 0.749609 0.044271 0.042969
