0 0.525257 0.746635 0.025685 0.050962
0 0.925086 0.216466 0.052226 0.049279
0 0.085830 0.744952 0.015839 0.035096
0 0.485231 0.742668 0.048373 0.053606
0 0.613014 0.761538 0.012842 0.013942
0 0.589469 0.758053 0.025685 0.008894
0 0.433433 0.742909 0.055223 0.053606
0 0.055009 0.601322 0.052654 0.010817
0 0.262414 0.740385 0.046233 0.049038
0 0.190283 0.740385 0.030394 0.049038
0 0.105736 0.602404 0.044521 0.008654
0 0.061216 0.590385 0.066781 0.011058
0 0.633776 0.761899 0.024401 0.013221
0 0.054580 0.612861 0.049229 0.011779
0 0.364512 0.743630 0.054366 0.040144
0 0.665882 0.745433 0.020976 0.012500
0 0.106378 0.621635 0.045805 0.006250
0 0.659675 0.766947 0.017123 0.007933
0 0.099529 0.612981 0.039812 0.009135
0 0.950771 0.301322 0.065068 0.040144
0 0.978382 0.224519 0.043236 0.037981
0 0.978382 0.764663 0.043236 0.022115
0 0.909889 0.768750 0.086045 0.021154
0 0.830051 0.751322 0.029110 0.049279
0 0.666310 0.758173 0.021832 0.006250
0 0.794949 0.745192 0.026541 0.034615
0 0.737158 0.769591 0.026541 0.012260
0 0.703339 0.765865 0.018836 0.012500
0 0.057149 0.622236 0.052654 0.007452
0 0.101884 0.630288 0.047945 0.008173
0 0.155822 0.586058 0.055651 0.062981
0 0.687500 0.755529 0.017123 0.011538
0 0.761986 0.743870 0.024829 0.039663
0 0.109803 0.743990 0.032106 0.041827
0 0.054795 0.629567 0.053938 0.007212
0 0.013699 0.610216 0.027397 0.006490
0 0.382491 0.207572 0.043236 0.050721
0 0.424015 0.208413 0.040668 0.048558
0 0.429795 0.165986 0.036815 0.025240
0 0.490154 0.163822 0.075342 0.046394
0 0.490796 0.210938 0.068921 0.048317
0 0.547945 0.211779 0.041096 0.046635
0 0.549658 0.175481 0.036815 0.025481
0 0.608519 0.214663 0.076627 0.043269
0 0.667166 0.214543 0.036387 0.044952
0 0.697346 0.292788 0.049658 0.047596
0 0.814426 0.302644 0.026969 0.037500
0 0.845248 0.299880 0.031250 0.033413
0 0.871789 0.302764 0.022688 0.032452
0 0.725171 0.214784 0.079623 0.047837
0 0.792594 0.219952 0.034675 0.037500
0 0.876926 0.215385 0.045805 0.046635
0 0.033390 0.744952 0.015411 0.032692
0 0.049658 0.744832 0.017979 0.031490
0 0.068707 0.745192 0.017551 0.034615
0 0.332406 0.201322 0.054366 0.038702
0 0.013699 0.626683 0.027397 0.006250
0 0.013913 0.740505 0.019264 0.036779
0 0.024187 0.670673 0.044092 0.015865
0 0.013699 0.601202 0.027397 0.006250
0 0.013913 0.618029 0.027825 0.006250
0 0.035103 0.514543 0.062500 0.040625
0 0.094606 0.520673 0.049658 0.040385
0 0.163099 0.501923 0.062500 0.032212
0 0.228382 0.509615 0.068921 0.031250
0 0.296447 0.510337 0.068921 0.032212
0 0.369435 0.508894 0.068493 0.035096
0 0.443707 0.512380 0.067209 0.028125
0 0.513913 0.513942 0.069777 0.029808
0 0.584546 0.511178 0.048373 0.037740
0 0.021832 0.201442 0.039384 0.050481
0 0.078981 0.204327 0.042380 0.059135
0 0.126712 0.221274 0.040240 0.013221
0 0.125000 0.206250 0.042808 0.014423
0 0.201627 0.221875 0.040240 0.014423
0 0.159033 0.739062 0.032106 0.044471
0 0.238442 0.192308 0.028253 0.044712
0 0.276969 0.192548 0.036815 0.042308
0 0.023330 0.656250 0.038099 0.013462
0 0.202911 0.207933 0.038527 0.013462
0 0.553510 0.746995 0.026541 0.050240
0 0.341396 0.367548 0.050942 0.039423
0 0.699700 0.444231 0.054366 0.039423
0 0.271618 0.666827 0.050086 0.062019
0 0.196276 0.668029 0.047517 0.052404
0 0.155822 0.675601 0.025685 0.034856
0 0.108091 0.671034 0.039812 0.048798
0 0.652611 0.444231 0.039812 0.036538
0 0.607235 0.444231 0.044092 0.034615
0 0.554366 0.434495 0.053938 0.053606
0 0.496147 0.434736 0.061644 0.053606
0 0.431293 0.433413 0.063784 0.056250
0 0.358733 0.431010 0.077055 0.049038
0 0.267551 0.431010 0.099315 0.049038
0 0.170805 0.431010 0.089897 0.049038
0 0.087115 0.432933 0.054366 0.047596
0 0.338613 0.682212 0.053082 0.028846
0 0.066995 0.669712 0.037243 0.049038
0 0.028253 0.428726 0.047945 0.043990
0 0.964469 0.375361 0.028253 0.041106
0 0.936430 0.374880 0.027825 0.039183
0 0.723887 0.368750 0.057363 0.046635
0 0.663741 0.367788 0.059503 0.046154
0 0.608947 0.367067 0.050086 0.047596
0 0.551584 0.367788 0.054366 0.048558
0 0.296447 0.361298 0.038099 0.044712
0 0.251284 0.361178 0.039384 0.044952
0 0.497432 0.368389 0.051370 0.040144
0 0.147474 0.361779 0.056079 0.041346
0 0.445205 0.368149 0.048801 0.038221
0 0.394264 0.368510 0.049658 0.037500
0 0.384846 0.587500 0.035103 0.072115
0 0.024615 0.686418 0.049229 0.015625
0 0.392979 0.684495 0.051370 0.033894
0 0.396404 0.651322 0.040240 0.030529
0 0.437286 0.671875 0.034675 0.059135
0 0.913741 0.526803 0.038099 0.049279
0 0.948416 0.526923 0.030394 0.049038
0 0.982663 0.524639 0.034675 0.053606
0 0.844178 0.528125 0.065925 0.013462
0 0.747003 0.517428 0.063356 0.013221
0 0.742509 0.528365 0.071490 0.008173
0 0.643408 0.510697 0.049658 0.036298
0 0.436430 0.592067 0.052654 0.062981
0 0.494007 0.593870 0.053082 0.065625
0 0.549872 0.596274 0.050942 0.061779
0 0.601455 0.596875 0.049658 0.055769
0 0.652183 0.595553 0.044949 0.058413
0 0.699272 0.592668 0.049229 0.066587
0 0.752140 0.583534 0.052226 0.072837
0 0.805009 0.590264 0.038099 0.073798
0 0.976884 0.455048 0.044521 0.025000
0 0.927868 0.453966 0.053510 0.024760
0 0.479238 0.671755 0.040668 0.061779
0 0.526541 0.671995 0.054795 0.057452
0 0.577055 0.675601 0.046233 0.060817
0 0.624144 0.674639 0.045377 0.060817
0 0.664598 0.679087 0.028682 0.053846
0 0.699058 0.678846 0.036815 0.054808
0 0.345676 0.586178 0.038099 0.069952
0 0.757491 0.675962 0.061216 0.061538
0 0.908604 0.694712 0.074914 0.027885
0 0.965967 0.604808 0.035531 0.051923
0 0.928082 0.604567 0.032534 0.050962
0 0.892979 0.604808 0.035103 0.051923
0 0.848245 0.592067 0.048373 0.078846
0 0.790454 0.437139 0.056079 0.046394
0 0.813570 0.676923 0.050942 0.063462
0 0.302654 0.583894 0.041952 0.069231
0 0.202911 0.364303 0.051370 0.036298
0 0.017551 0.286178 0.033390 0.053606
0 0.039598 0.358053 0.044949 0.043990
0 0.213827 0.586899 0.056079 0.066106
0 0.648759 0.292548 0.043236 0.045673
0 0.586687 0.291587 0.069777 0.046154
0 0.526327 0.291827 0.044949 0.049519
0 0.476027 0.295913 0.038527 0.036538
0 0.441139 0.294832 0.031250 0.036298
0 0.339469 0.290986 0.051370 0.046394
0 0.292166 0.290024 0.043236 0.043029
0 0.176370 0.286178 0.053082 0.046394
0 0.126284 0.284856 0.046233 0.044712
0 0.262628 0.584375 0.038099 0.071154
0 0.047517 0.284976 0.024829 0.054567
0 0.078339 0.284375 0.035103 0.050000
