0 0.948237 0.915280 0.103526 0.044439
0 0.191026 0.304301 0.120513 0.024477
0 0.183654 0.326046 0.123077 0.019011
0 0.296154 0.395318 0.045513 0.030656
0 0.149519 0.372861 0.132372 0.027091
0 0.134455 0.400309 0.124679 0.025903
0 0.946314 0.855870 0.107372 0.071055
0 0.401763 0.337334 0.088782 0.038260
0 0.493109 0.338284 0.097115 0.040162
0 0.493750 0.384506 0.092628 0.049905
0 0.410096 0.383674 0.070192 0.053945
0 0.587981 0.370010 0.091987 0.076521
0 0.162821 0.344463 0.129487 0.017823
0 0.811378 0.883199 0.125962 0.044914
0 0.662660 0.847433 0.169551 0.051331
0 0.824840 0.854444 0.135577 0.010694
0 0.825160 0.841374 0.125962 0.016397
0 0.825801 0.821412 0.127885 0.024477
0 0.685417 0.902091 0.070192 0.056084
0 0.612019 0.899240 0.071474 0.053707
0 0.543590 0.907676 0.065385 0.046816
0 0.468269 0.907082 0.080128 0.042776
0 0.674679 0.377852 0.076282 0.063213
0 0.294872 0.842205 0.076923 0.055608
0 0.266186 0.907438 0.088782 0.072481
0 0.152724 0.897695 0.070192 0.077234
0 0.148237 0.837690 0.072756 0.042300
0 0.076442 0.874168 0.059936 0.018774
0 0.827083 0.915280 0.136859 0.016397
0 0.366506 0.897695 0.068910 0.087215
0 0.586218 0.247742 0.094231 0.045865
0 0.843590 0.375951 0.114744 0.056559
0 0.372596 0.205561 0.122756 0.036122
0 0.277724 0.254159 0.077244 0.037785
0 0.275641 0.212452 0.073718 0.047053
0 0.190224 0.193203 0.098397 0.063213
0 0.158173 0.249525 0.097115 0.048004
0 0.040545 0.247386 0.081090 0.049430
0 0.039583 0.196649 0.079167 0.045390
0 0.926122 0.111217 0.068910 0.038973
0 0.858494 0.103850 0.070192 0.050856
0 0.929647 0.067490 0.063141 0.048479
0 0.862981 0.047885 0.070833 0.059648
0 0.763462 0.103493 0.120513 0.051093
0 0.752083 0.056559 0.100321 0.042300
0 0.644391 0.111811 0.115705 0.037310
0 0.532372 0.108127 0.103205 0.039924
0 0.529167 0.071174 0.101923 0.032557
0 0.449679 0.101711 0.053205 0.055608
0 0.958494 0.380585 0.083013 0.054420
0 0.973077 0.250475 0.053846 0.042300
0 0.975000 0.207462 0.050000 0.041825
0 0.909135 0.242158 0.070192 0.054183
0 0.836058 0.244891 0.063141 0.052519
0 0.913141 0.181915 0.068590 0.063926
0 0.679327 0.317966 0.088782 0.055608
0 0.837821 0.186787 0.062179 0.062738
0 0.677724 0.247505 0.089423 0.045865
0 0.678205 0.197125 0.091026 0.052519
0 0.080288 0.900547 0.070833 0.033032
0 0.584615 0.195699 0.095513 0.057272
0 0.486218 0.247148 0.102564 0.050380
0 0.377404 0.082106 0.091346 0.093394
0 0.764263 0.229087 0.078526 0.082700
0 0.078686 0.933579 0.071474 0.031606
0 0.213942 0.751545 0.070192 0.072006
0 0.932212 0.764853 0.088782 0.039686
0 0.035256 0.629872 0.070513 0.038260
0 0.045833 0.593869 0.091667 0.032795
0 0.206410 0.638783 0.082051 0.052757
0 0.222917 0.593156 0.105449 0.035646
0 0.303686 0.644130 0.108654 0.067253
0 0.416667 0.589591 0.114103 0.019962
0 0.431731 0.606939 0.113462 0.015684
0 0.416026 0.621198 0.114103 0.011882
0 0.417147 0.634149 0.116987 0.015922
0 0.416987 0.649477 0.114744 0.014734
0 0.416987 0.665875 0.118590 0.020437
0 0.510577 0.584482 0.061538 0.019249
0 0.544712 0.609434 0.098397 0.031131
0 0.514423 0.649002 0.076282 0.047529
0 0.589423 0.648408 0.074359 0.045865
0 0.632051 0.599691 0.076282 0.045865
0 0.708333 0.640803 0.075641 0.057747
0 0.774840 0.597552 0.087500 0.024002
0 0.484776 0.194392 0.099038 0.054658
0 0.267468 0.103137 0.125962 0.049430
0 0.262821 0.049786 0.130128 0.058698
0 0.170994 0.052044 0.050962 0.041350
0 0.163141 0.100760 0.077564 0.055133
0 0.095994 0.112999 0.056731 0.031606
0 0.092468 0.085195 0.052244 0.025428
0 0.104167 0.056084 0.082692 0.033270
0 0.029647 0.059054 0.059295 0.052044
0 0.033494 0.106583 0.065705 0.044439
0 0.794231 0.641160 0.084615 0.055133
0 0.963622 0.489306 0.072756 0.097909
0 0.799199 0.465067 0.194551 0.054183
0 0.822276 0.517110 0.211218 0.048954
0 0.664103 0.509862 0.072436 0.087215
0 0.940385 0.718037 0.119231 0.051093
0 0.763141 0.749762 0.124359 0.057034
0 0.657051 0.761526 0.083333 0.052044
0 0.576603 0.762833 0.076282 0.048479
0 0.634776 0.714829 0.075962 0.039924
0 0.554968 0.712571 0.081090 0.032082
0 0.493750 0.771269 0.086218 0.044914
0 0.441186 0.719106 0.071474 0.040875
0 0.427244 0.763546 0.038462 0.046103
0 0.363622 0.754872 0.082372 0.067728
0 0.295192 0.718394 0.050000 0.036122
0 0.036378 0.803588 0.069551 0.068679
0 0.049199 0.703541 0.070833 0.044914
0 0.966987 0.619415 0.066026 0.100523
0 0.021474 0.915756 0.042949 0.060124
0 0.886058 0.640566 0.088782 0.047291
0 0.036058 0.389853 0.072115 0.050618
0 0.041987 0.353850 0.083974 0.021388
0 0.039744 0.324026 0.079487 0.037785
0 0.042788 0.475048 0.085577 0.049430
0 0.054647 0.525071 0.109295 0.052519
0 0.134135 0.467562 0.097115 0.059648
0 0.151282 0.519843 0.084615 0.045390
0 0.254487 0.497742 0.121795 0.077709
0 0.369551 0.520913 0.102564 0.067966
0 0.370353 0.460670 0.107372 0.050618
0 0.482051 0.521863 0.119872 0.055608
0 0.482692 0.465779 0.112179 0.056559
0 0.581891 0.453541 0.087500 0.050618
0 0.583974 0.512001 0.083974 0.065352
0 0.275641 0.355038 0.055769 0.042300
0 0.373878 0.249168 0.117628 0.046340
