0 0.080270 0.456036 0.017565 0.074449
0 0.108456 0.452359 0.029003 0.086091
0 0.927696 0.859681 0.040850 0.095588
0 0.745302 0.587929 0.046977 0.059436
0 0.794730 0.583793 0.035539 0.078738
0 0.847222 0.583640 0.051471 0.077206
0 0.917484 0.561428 0.036765 0.076900
0 0.969158 0.568474 0.042075 0.057292
0 0.059641 0.668964 0.049837 0.078125
0 0.129698 0.651501 0.031454 0.052390
0 0.158701 0.659161 0.020016 0.055453
0 0.192810 0.690870 0.047386 0.075980
0 0.253881 0.686275 0.055147 0.080270
0 0.311479 0.702819 0.043709 0.056985
0 0.367443 0.693781 0.046160 0.069547
0 0.424428 0.710478 0.053922 0.047794
0 0.491626 0.690717 0.045343 0.066483
0 0.544730 0.702972 0.041258 0.066483
0 0.600286 0.698529 0.046977 0.071078
0 0.654412 0.715380 0.044935 0.039216
0 0.645016 0.669271 0.038399 0.051164
0 0.697917 0.651961 0.054330 0.028799
0 0.712010 0.704197 0.053922 0.062806
0 0.764502 0.696232 0.040441 0.059130
0 0.823325 0.706801 0.056781 0.043505
0 0.878676 0.659620 0.044935 0.068627
0 0.929126 0.671875 0.043709 0.068627
0 0.982026 0.674939 0.035131 0.056373
0 0.040850 0.808058 0.053105 0.013787
0 0.025327 0.829657 0.046569 0.023284
0 0.051471 0.456189 0.017157 0.072304
0 0.023897 0.447917 0.027369 0.088235
0 0.689338 0.577972 0.029003 0.082414
0 0.651552 0.614430 0.014706 0.011949
0 0.631740 0.613664 0.015931 0.010417
0 0.639093 0.599877 0.022467 0.013480
0 0.151961 0.406556 0.043301 0.020833
0 0.154820 0.457567 0.032680 0.074449
0 0.202614 0.453125 0.026144 0.080270
0 0.239379 0.459406 0.030229 0.078125
0 0.270833 0.460784 0.031863 0.077819
0 0.308415 0.460784 0.029412 0.075368
0 0.340278 0.462776 0.023693 0.078738
0 0.369485 0.464001 0.025735 0.068934
0 0.414828 0.453431 0.055147 0.087010
0 0.470384 0.477328 0.035539 0.049632
0 0.552083 0.450214 0.109069 0.098958
0 0.670139 0.451287 0.117239 0.100490
0 0.763276 0.463388 0.050245 0.076900
0 0.806781 0.487132 0.031863 0.035539
0 0.848448 0.321538 0.139706 0.111213
0 0.926879 0.442555 0.047386 0.068321
0 0.013480 0.570006 0.026961 0.090993
0 0.049020 0.561428 0.028595 0.100184
0 0.077819 0.585478 0.029003 0.063725
0 0.123979 0.571998 0.047794 0.082108
0 0.179126 0.572610 0.044526 0.077819
0 0.223448 0.571844 0.031046 0.079350
0 0.251021 0.567096 0.016748 0.079044
0 0.291258 0.577819 0.048203 0.082108
0 0.349060 0.582414 0.053513 0.066789
0 0.405229 0.586703 0.048203 0.061887
0 0.458946 0.581342 0.041258 0.073836
0 0.510008 0.575521 0.049428 0.071385
0 0.564542 0.592218 0.035948 0.053922
0 0.604371 0.596661 0.022467 0.046262
0 0.980188 0.445772 0.039624 0.062500
0 0.741217 0.337163 0.046977 0.078125
0 0.689542 0.333946 0.037582 0.074755
0 0.633987 0.268995 0.077614 0.039216
0 0.214869 0.871630 0.054739 0.027574
0 0.279412 0.824449 0.053105 0.018995
0 0.280025 0.843597 0.054330 0.014400
0 0.280433 0.858456 0.063317 0.007353
0 0.282475 0.872089 0.063317 0.013174
0 0.353350 0.829197 0.041667 0.092831
0 0.416054 0.803156 0.065768 0.013174
0 0.416667 0.815717 0.062908 0.007659
0 0.416667 0.826593 0.062908 0.011029
0 0.416054 0.842525 0.061683 0.012255
0 0.415237 0.865349 0.064134 0.015012
0 0.494485 0.808211 0.063317 0.014093
0 0.494690 0.820925 0.059641 0.008885
0 0.492647 0.831801 0.059641 0.009191
0 0.145629 0.879596 0.051062 0.006740
0 0.495098 0.844669 0.060458 0.010417
0 0.562500 0.792586 0.064542 0.007353
0 0.562704 0.802390 0.060866 0.014706
0 0.564134 0.816176 0.059641 0.008578
0 0.562500 0.828278 0.056373 0.011336
0 0.561275 0.843597 0.058007 0.011336
0 0.557394 0.869026 0.058415 0.013174
0 0.632149 0.795956 0.057598 0.081495
0 0.625613 0.857230 0.048611 0.035539
0 0.704044 0.811887 0.058415 0.061275
0 0.703840 0.868260 0.066176 0.030025
0 0.791054 0.798866 0.052696 0.044424
0 0.802900 0.836703 0.051879 0.018995
0 0.803309 0.867800 0.052696 0.026042
0 0.864992 0.847886 0.037990 0.071998
0 0.491013 0.864737 0.056373 0.010723
0 0.981209 0.849571 0.037582 0.096814
0 0.145425 0.866115 0.054739 0.016544
0 0.142157 0.815104 0.048203 0.018689
0 0.546160 0.322763 0.093137 0.104473
0 0.436479 0.318168 0.110703 0.101409
0 0.305351 0.315870 0.133578 0.115196
0 0.214461 0.331955 0.033497 0.073836
0 0.180964 0.332414 0.031863 0.074755
0 0.146242 0.327665 0.027778 0.078738
0 0.107435 0.327206 0.035131 0.073529
0 0.074755 0.323070 0.026961 0.078738
0 0.035948 0.324449 0.039216 0.080270
0 0.953636 0.255055 0.043709 0.081801
0 0.894404 0.205576 0.039624 0.069240
0 0.848652 0.205882 0.033905 0.072304
0 0.797794 0.223192 0.045752 0.037071
0 0.747958 0.221967 0.044118 0.040135
0 0.147263 0.840074 0.054330 0.010417
0 0.696283 0.221814 0.046977 0.036765
0 0.578023 0.188266 0.058824 0.098346
0 0.497753 0.182138 0.082108 0.094669
0 0.429943 0.214614 0.044526 0.034620
0 0.377655 0.213695 0.042075 0.037684
0 0.307394 0.180760 0.088644 0.104779
0 0.224060 0.197610 0.052696 0.058824
0 0.152574 0.192555 0.056781 0.061581
0 0.075572 0.184589 0.065359 0.087929
0 0.017565 0.867800 0.035131 0.010723
0 0.019608 0.882506 0.039216 0.012561
0 0.104984 0.787071 0.038399 0.023897
0 0.093750 0.808058 0.036356 0.010723
0 0.090686 0.833946 0.042484 0.013480
0 0.076593 0.866115 0.055147 0.013480
0 0.644199 0.221507 0.049020 0.036152
0 0.556985 0.778493 0.061683 0.018995
