0 0.766953 0.389400 0.016748 0.032475
0 0.672181 0.423866 0.011029 0.072610
0 0.724877 0.410999 0.018382 0.070772
0 0.791462 0.385876 0.009395 0.031556
0 0.706291 0.415594 0.013889 0.066483
0 0.689338 0.420343 0.016748 0.066789
0 0.781250 0.387561 0.008578 0.032475
0 0.659722 0.425705 0.014706 0.071385
0 0.676266 0.651042 0.023284 0.030025
0 0.720180 0.563113 0.029412 0.028186
0 0.725490 0.595895 0.023693 0.029412
0 0.649101 0.664369 0.030229 0.029105
0 0.703227 0.638021 0.024101 0.028493
0 0.745915 0.552543 0.019608 0.028493
0 0.793301 0.417892 0.011438 0.028186
0 0.726307 0.628064 0.017157 0.030025
0 0.700163 0.603860 0.026144 0.030637
0 0.781454 0.420650 0.010621 0.023897
0 0.757557 0.465227 0.022467 0.035846
0 0.817402 0.405944 0.012255 0.031863
0 0.827206 0.481771 0.021242 0.030944
0 0.769404 0.541513 0.025735 0.027880
0 0.825776 0.447763 0.024918 0.030331
0 0.798407 0.453125 0.019199 0.032475
0 0.778799 0.458487 0.020016 0.030331
0 0.734273 0.468750 0.016748 0.032475
0 0.714052 0.479320 0.017157 0.038297
0 0.690155 0.486060 0.026552 0.036458
0 0.664624 0.493566 0.020425 0.043505
0 0.523693 0.532169 0.044118 0.039828
0 0.484886 0.545037 0.031863 0.050858
0 0.440768 0.555913 0.049837 0.041360
0 0.391136 0.569547 0.044526 0.056373
0 0.339869 0.584559 0.051471 0.049632
0 0.277574 0.602175 0.065768 0.041973
0 0.082312 0.681679 0.164624 0.071078
0 0.804739 0.408548 0.013072 0.030944
0 0.764297 0.421722 0.021242 0.029718
0 0.750613 0.585172 0.020833 0.029412
0 0.543913 0.670496 0.033088 0.045037
0 0.749796 0.619179 0.023284 0.027574
0 0.357230 0.486060 0.025735 0.094669
0 0.384804 0.483762 0.023693 0.096814
0 0.411356 0.476562 0.023693 0.087929
0 0.437704 0.473039 0.027369 0.093750
0 0.463848 0.467678 0.022467 0.088542
0 0.487132 0.464308 0.020016 0.089767
0 0.516544 0.454350 0.025735 0.082721
0 0.331904 0.492188 0.023284 0.101409
0 0.541667 0.451593 0.014706 0.084559
0 0.578636 0.442402 0.015931 0.074142
0 0.595180 0.450674 0.016340 0.058824
0 0.643382 0.434436 0.014706 0.064338
0 0.629085 0.442096 0.010621 0.060662
0 0.616422 0.443321 0.017974 0.060662
0 0.580678 0.656863 0.040441 0.032475
0 0.802492 0.487592 0.013480 0.030331
0 0.558415 0.449602 0.018791 0.075674
0 0.303309 0.496477 0.027369 0.097120
0 0.274510 0.505821 0.022876 0.107843
0 0.244077 0.510417 0.031454 0.103554
0 0.773080 0.610600 0.016748 0.025735
0 0.649510 0.703585 0.026961 0.030944
0 0.681373 0.687194 0.025327 0.031863
0 0.705474 0.674326 0.020425 0.030637
0 0.727941 0.663143 0.020425 0.029718
0 0.751021 0.651042 0.021650 0.030025
0 0.773489 0.639706 0.021650 0.031863
0 0.794526 0.532935 0.019608 0.026042
0 0.796977 0.564338 0.020425 0.024510
0 0.816789 0.554534 0.015114 0.029412
0 0.830678 0.547641 0.014297 0.030944
0 0.794322 0.596201 0.019199 0.030025
0 0.815972 0.586857 0.013480 0.023591
0 0.832312 0.575980 0.013480 0.026348
0 0.829453 0.606618 0.012663 0.026961
0 0.814338 0.618107 0.014297 0.034620
0 0.797386 0.630362 0.015523 0.031556
0 0.772672 0.576900 0.020016 0.028186
0 0.780229 0.493260 0.021242 0.038603
0 0.632149 0.499540 0.037173 0.035846
0 0.738154 0.507200 0.020425 0.041973
0 0.793301 0.201593 0.025327 0.088235
0 0.073121 0.353554 0.146242 0.111520
0 0.165850 0.372855 0.030229 0.072917
0 0.233660 0.297794 0.039216 0.066789
0 0.265523 0.296262 0.021242 0.068015
0 0.292892 0.295496 0.031046 0.068321
0 0.317810 0.297641 0.019608 0.065257
0 0.775531 0.201287 0.009395 0.087010
0 0.342933 0.295496 0.024918 0.065257
0 0.391136 0.293658 0.024101 0.061581
0 0.417075 0.294271 0.026961 0.059743
0 0.236315 0.370864 0.028186 0.068934
0 0.266544 0.370251 0.027369 0.073223
0 0.295139 0.366575 0.019199 0.066483
0 0.318423 0.366422 0.029003 0.068627
0 0.396855 0.359375 0.029003 0.068627
0 0.368464 0.294730 0.019608 0.064951
0 0.764297 0.199908 0.011438 0.090993
0 0.746528 0.200061 0.020833 0.089461
0 0.724877 0.197304 0.018382 0.091912
0 0.759804 0.500153 0.017974 0.030331
0 0.368464 0.042892 0.052288 0.055147
0 0.300449 0.031403 0.066585 0.050551
0 0.429534 0.051317 0.051879 0.059743
0 0.809845 0.098346 0.037990 0.074142
0 0.054126 0.131434 0.108252 0.149510
0 0.128268 0.172335 0.035948 0.115502
0 0.227533 0.164522 0.059641 0.136642
0 0.281658 0.172488 0.037173 0.126225
0 0.327614 0.173713 0.051471 0.130515
0 0.397059 0.173100 0.052288 0.134191
0 0.443627 0.177543 0.035131 0.132047
0 0.477941 0.183364 0.026144 0.119792
0 0.507149 0.182445 0.027369 0.117341
0 0.538603 0.185662 0.033088 0.115196
0 0.575163 0.184589 0.033497 0.115502
0 0.702614 0.197763 0.022876 0.090993
0 0.422590 0.358150 0.017565 0.064951
0 0.444649 0.357230 0.021650 0.068627
0 0.669730 0.193015 0.034722 0.098652
0 0.498979 0.326593 0.027369 0.112132
0 0.174428 0.523744 0.043301 0.111826
0 0.213031 0.517616 0.022467 0.117953
0 0.458129 0.665135 0.043709 0.039828
0 0.099265 0.979473 0.071895 0.035539
0 0.084967 0.927083 0.092320 0.040441
0 0.603350 0.552543 0.032680 0.037684
0 0.326185 0.866268 0.334559 0.267463
0 0.529412 0.578431 0.035131 0.034314
0 0.487745 0.595741 0.037582 0.049939
0 0.443219 0.607690 0.042484 0.038297
0 0.396446 0.626838 0.046977 0.055147
0 0.343137 0.638021 0.049837 0.043811
0 0.637051 0.545496 0.021650 0.043811
0 0.468954 0.354473 0.024510 0.066789
0 0.662786 0.536305 0.024101 0.038909
0 0.717525 0.518536 0.020833 0.037071
0 0.689338 0.526808 0.024101 0.041360
0 0.801879 0.303615 0.026144 0.081495
0 0.779616 0.307292 0.013480 0.082721
0 0.568219 0.565257 0.031046 0.049632
0 0.725899 0.311887 0.016340 0.088848
0 0.528799 0.324755 0.029820 0.115196
0 0.559641 0.321385 0.026144 0.110907
0 0.587418 0.692249 0.027778 0.035846
0 0.546977 0.712163 0.036765 0.036458
0 0.751838 0.306679 0.031454 0.087623
0 0.515523 0.770833 0.031863 0.037377
0 0.548407 0.759191 0.028186 0.050245
0 0.585376 0.734681 0.033497 0.031863
0 0.618668 0.720129 0.026552 0.040135
0 0.510212 0.729473 0.029412 0.039828
0 0.504902 0.687194 0.043301 0.031863
0 0.634600 0.628064 0.037990 0.030025
0 0.670752 0.615809 0.032680 0.033088
0 0.618056 0.681373 0.027778 0.031863
0 0.609681 0.363358 0.041258 0.096814
0 0.698121 0.311428 0.038399 0.090993
0 0.661765 0.312500 0.026961 0.099265
0 0.458946 0.709865 0.041258 0.034314
