0 0.030025 0.050705 0.059232 0.101409
0 0.194853 0.800705 0.031046 0.086703
0 0.199959 0.976409 0.041258 0.047181
0 0.233252 0.785386 0.041667 0.073836
0 0.272672 0.768076 0.035539 0.074142
0 0.313930 0.755362 0.042075 0.070159
0 0.157680 0.813725 0.044935 0.078431
0 0.563930 0.744485 0.029003 0.041667
0 0.534722 0.805453 0.026961 0.040441
0 0.500613 0.828738 0.037990 0.044730
0 0.562908 0.792892 0.033497 0.036765
0 0.275531 0.945619 0.034722 0.056679
0 0.309232 0.929534 0.029412 0.043505
0 0.345588 0.925398 0.040850 0.052390
0 0.384804 0.833027 0.029412 0.058211
0 0.383374 0.890472 0.036356 0.040748
0 0.422181 0.818627 0.044526 0.043505
0 0.426266 0.865043 0.033905 0.046262
0 0.462623 0.845895 0.031454 0.055147
0 0.485498 0.785999 0.029820 0.039522
0 0.531046 0.759344 0.032680 0.035846
0 0.112745 0.956801 0.042484 0.081495
0 0.184845 0.921109 0.029820 0.064032
0 0.225694 0.899357 0.045343 0.060968
0 0.099877 0.055300 0.067402 0.097120
0 0.163807 0.059130 0.059641 0.110907
0 0.219975 0.062347 0.052696 0.106924
0 0.266953 0.068627 0.039624 0.123162
0 0.028595 0.241422 0.056373 0.152574
0 0.094771 0.242494 0.070261 0.142463
0 0.163399 0.243566 0.065359 0.136029
0 0.232026 0.244638 0.070261 0.137561
0 0.058007 0.429688 0.075163 0.139400
0 0.131944 0.420956 0.068627 0.123775
0 0.196283 0.411612 0.061683 0.114890
0 0.293096 0.356005 0.054330 0.126225
0 0.021650 0.597426 0.041667 0.125000
0 0.075980 0.590839 0.057190 0.116728
0 0.151144 0.941942 0.040850 0.075061
0 0.142157 0.571998 0.054739 0.104779
0 0.245915 0.542279 0.048203 0.092525
0 0.290645 0.540748 0.036356 0.089461
0 0.039011 0.716759 0.062500 0.106311
0 0.100082 0.701746 0.055556 0.124081
0 0.150735 0.678156 0.046569 0.092831
0 0.196283 0.669884 0.042892 0.109988
0 0.242443 0.647518 0.046977 0.081189
0 0.284518 0.642770 0.037173 0.091299
0 0.021446 0.864737 0.042075 0.100797
0 0.066993 0.843137 0.049020 0.090074
0 0.113358 0.830270 0.043709 0.098652
0 0.357639 0.847886 0.032271 0.068934
0 0.320057 0.864737 0.045343 0.069547
0 0.272059 0.880055 0.043301 0.057904
0 0.197100 0.553002 0.047794 0.102941
0 0.238154 0.964767 0.041667 0.056985
