0 0.996289 0.888542 0.007422 0.066667
0 0.977539 0.890625 0.023828 0.056250
0 0.950781 0.871615 0.025781 0.097396
0 0.918945 0.852865 0.030859 0.120313
0 0.886328 0.861458 0.031250 0.114583
0 0.819531 0.890104 0.023438 0.061458
0 0.795703 0.887760 0.024219 0.068229
0 0.741211 0.870052 0.064453 0.129688
0 0.604102 0.872135 0.037109 0.124479
0 0.639648 0.879167 0.035547 0.119792
0 0.555664 0.878125 0.055859 0.117708
0 0.502344 0.874479 0.047656 0.127083
0 0.452148 0.875781 0.049609 0.130729
0 0.404102 0.875521 0.046484 0.130208
0 0.312109 0.874219 0.040625 0.102604
0 0.260547 0.892969 0.046875 0.103646
0 0.223633 0.878125 0.023828 0.127083
0 0.199023 0.878125 0.024609 0.128125
0 0.373047 0.574740 0.038281 0.093229
0 0.681641 0.879687 0.049219 0.118750
0 0.356445 0.879427 0.047266 0.125521
0 0.338281 0.575260 0.031250 0.096354
0 0.835938 0.713281 0.023438 0.071354
0 0.045117 0.272656 0.052734 0.074479
0 0.100586 0.286458 0.055859 0.052083
0 0.181836 0.282031 0.041797 0.100521
0 0.221875 0.279427 0.032813 0.097396
0 0.256250 0.283073 0.036719 0.104688
0 0.575781 0.715625 0.045312 0.139583
0 0.626172 0.714063 0.051562 0.140625
0 0.677930 0.736719 0.045703 0.100521
0 0.722070 0.723437 0.041016 0.121875
0 0.766016 0.724479 0.046875 0.126042
0 0.296680 0.281510 0.043359 0.103646
0 0.342773 0.283333 0.046484 0.108333
0 0.390039 0.283333 0.040234 0.100000
0 0.433203 0.285156 0.046875 0.101562
0 0.522070 0.295312 0.042578 0.080208
0 0.566211 0.290365 0.044922 0.088021
0 0.622656 0.289844 0.048438 0.098437
0 0.675391 0.284115 0.057031 0.110937
0 0.716992 0.283854 0.023047 0.102083
0 0.764648 0.302083 0.060547 0.068750
0 0.852734 0.301302 0.027344 0.074479
0 0.880469 0.305729 0.028906 0.065625
0 0.906055 0.307292 0.022266 0.069792
0 0.931055 0.303646 0.025391 0.073958
0 0.954688 0.304427 0.021094 0.071354
0 0.476172 0.716667 0.045312 0.137500
0 0.992578 0.312760 0.014844 0.060937
0 0.022266 0.401562 0.033594 0.077083
0 0.076758 0.403125 0.032422 0.075000
0 0.956445 0.158333 0.054297 0.098958
0 0.900391 0.159896 0.057031 0.096875
0 0.845703 0.160677 0.052344 0.095312
0 0.784961 0.162760 0.034766 0.103646
0 0.431445 0.717187 0.043359 0.136458
0 0.390039 0.721875 0.038672 0.125000
0 0.352734 0.720573 0.035937 0.122396
0 0.310352 0.723698 0.044141 0.126562
0 0.262109 0.715885 0.046875 0.149479
0 0.209766 0.718229 0.057031 0.153125
0 0.142773 0.694010 0.049609 0.126562
0 0.091602 0.692187 0.051172 0.130208
0 0.031055 0.692448 0.056641 0.133854
0 0.977344 0.561979 0.032813 0.076042
0 0.945898 0.564063 0.025391 0.076042
0 0.031445 0.161719 0.034766 0.095312
0 0.063867 0.157031 0.029297 0.102604
0 0.102344 0.158594 0.046875 0.103646
0 0.106445 0.399740 0.026953 0.080729
0 0.144141 0.069792 0.063281 0.060417
0 0.156250 0.156510 0.056250 0.104688
0 0.214062 0.152865 0.056250 0.105729
0 0.271094 0.157292 0.053125 0.116667
0 0.278711 0.066667 0.057422 0.066667
0 0.376953 0.154688 0.054688 0.108333
0 0.431641 0.162500 0.053125 0.091667
0 0.486328 0.155729 0.050781 0.108333
0 0.485547 0.046615 0.054688 0.028646
0 0.484375 0.081771 0.057031 0.041667
0 0.539258 0.157552 0.041016 0.114062
0 0.585156 0.157812 0.049219 0.105208
0 0.637695 0.157031 0.051953 0.110937
0 0.690234 0.159115 0.053125 0.107813
0 0.742969 0.159896 0.049219 0.109375
0 0.208203 0.070833 0.064844 0.059375
0 0.133203 0.400521 0.026562 0.080208
0 0.974023 0.306771 0.018359 0.070833
0 0.236523 0.432292 0.052734 0.091667
0 0.762695 0.440104 0.029297 0.080208
0 0.795312 0.417969 0.028906 0.082812
0 0.183398 0.432031 0.052734 0.093229
0 0.881836 0.426042 0.027734 0.077083
0 0.911328 0.427344 0.028906 0.081771
0 0.963477 0.427344 0.025391 0.074479
0 0.988477 0.427604 0.023047 0.075000
0 0.009766 0.539062 0.019531 0.138542
0 0.036719 0.532292 0.030469 0.135417
0 0.067383 0.557552 0.030859 0.086979
0 0.101367 0.560677 0.037109 0.093229
0 0.111719 0.502865 0.015625 0.019271
0 0.147656 0.542448 0.050000 0.125521
0 0.238477 0.579167 0.030859 0.087500
0 0.811133 0.717448 0.025391 0.056771
0 0.862500 0.719010 0.022656 0.063021
0 0.897070 0.711198 0.041016 0.076563
0 0.305078 0.570312 0.035937 0.105208
0 0.270508 0.571094 0.033203 0.104688
0 0.118359 0.958073 0.103125 0.029687
0 0.120703 0.929948 0.098437 0.023438
0 0.034180 0.960938 0.067578 0.031250
0 0.035352 0.922396 0.070703 0.026042
0 0.726953 0.440625 0.023438 0.090625
0 0.039648 0.854948 0.068359 0.027604
0 0.111914 0.828125 0.073828 0.022917
0 0.111914 0.803385 0.076953 0.025521
0 0.043359 0.812240 0.062500 0.025521
0 0.987891 0.711198 0.024219 0.074479
0 0.963086 0.715885 0.026172 0.073438
0 0.932617 0.706771 0.032422 0.070833
0 0.115430 0.853646 0.073047 0.021875
0 0.698047 0.439063 0.032031 0.081250
0 0.857422 0.426302 0.021875 0.076563
0 0.638477 0.445833 0.022266 0.072917
0 0.438477 0.578646 0.037109 0.079167
0 0.478516 0.567187 0.039062 0.096875
0 0.519922 0.569792 0.045312 0.106250
0 0.557031 0.579948 0.028906 0.086979
0 0.594922 0.566927 0.048438 0.118229
0 0.643555 0.564063 0.040234 0.112500
0 0.685937 0.563021 0.039062 0.108333
0 0.727734 0.567708 0.044531 0.104167
0 0.775391 0.570052 0.042969 0.119271
0 0.812891 0.559115 0.027344 0.082812
0 0.852539 0.563802 0.028516 0.067187
0 0.914062 0.560677 0.039844 0.080729
0 0.405273 0.423958 0.042578 0.114583
0 0.364648 0.422656 0.037891 0.110937
0 0.325391 0.422917 0.041406 0.109375
0 0.666406 0.435417 0.032031 0.087500
0 0.448633 0.425781 0.042578 0.107813
0 0.407227 0.576302 0.028516 0.086979
0 0.527734 0.716146 0.047656 0.136458
0 0.604688 0.442448 0.042188 0.079687
0 0.500781 0.427083 0.063281 0.110417
0 0.558789 0.423698 0.047266 0.106771
