0 0.935360 0.185096 0.121575 0.056731
0 0.848887 0.650721 0.100171 0.013462
0 0.848245 0.633534 0.098887 0.015144
0 0.732021 0.666587 0.101884 0.014423
0 0.730736 0.650841 0.099315 0.013702
0 0.727740 0.632212 0.101884 0.017308
0 0.625428 0.667308 0.101884 0.015865
0 0.622217 0.648678 0.095462 0.016587
0 0.851455 0.666947 0.101027 0.015144
0 0.177868 0.323077 0.091182 0.099519
0 0.161173 0.166707 0.092038 0.035817
0 0.164812 0.203486 0.090753 0.030529
0 0.280822 0.192668 0.104452 0.054567
0 0.445848 0.185216 0.050086 0.066106
0 0.420377 0.667308 0.101884 0.015865
0 0.503425 0.186899 0.059075 0.057452
0 0.583476 0.191466 0.095034 0.049760
0 0.690497 0.193269 0.113014 0.043750
0 0.809503 0.193630 0.115582 0.044471
0 0.046447 0.332091 0.054366 0.074279
0 0.421447 0.649880 0.099743 0.014183
0 0.622432 0.732692 0.108733 0.012019
0 0.956978 0.582452 0.086045 0.013942
0 0.125856 0.491587 0.055651 0.036058
0 0.065068 0.488582 0.053082 0.039663
0 0.947560 0.450721 0.050086 0.074038
0 0.844392 0.447236 0.108305 0.014183
0 0.845462 0.430048 0.106164 0.015865
0 0.845676 0.413702 0.106592 0.014423
0 0.727740 0.448678 0.106164 0.017067
0 0.728596 0.431731 0.103596 0.014423
0 0.727526 0.413942 0.105736 0.014904
0 0.616866 0.446635 0.102740 0.014904
0 0.616866 0.431130 0.102740 0.013221
0 0.620077 0.416466 0.103168 0.013221
0 0.512414 0.449639 0.102740 0.014183
0 0.324700 0.495793 0.098887 0.013221
0 0.512414 0.433293 0.102740 0.012740
0 0.290454 0.449279 0.089469 0.013462
0 0.289170 0.433053 0.091182 0.014663
0 0.289384 0.415986 0.091610 0.014183
0 0.196918 0.425240 0.030822 0.061538
0 0.164384 0.425000 0.029966 0.058654
0 0.046875 0.429688 0.089469 0.017548
0 0.047731 0.412380 0.091182 0.014183
0 0.047303 0.397596 0.090325 0.013462
0 0.955908 0.351923 0.088185 0.012981
0 0.955479 0.336418 0.087329 0.015625
0 0.952697 0.312500 0.094606 0.013462
0 0.952697 0.296154 0.094606 0.014423
0 0.868151 0.323558 0.041096 0.064423
0 0.511130 0.416346 0.108733 0.014904
0 0.324272 0.512620 0.098031 0.018029
0 0.483305 0.514663 0.095034 0.014904
0 0.492937 0.532692 0.093750 0.014904
0 0.620933 0.718510 0.105736 0.012500
0 0.501070 0.720313 0.110017 0.011298
0 0.500856 0.706971 0.109589 0.013462
0 0.392551 0.728846 0.097603 0.013942
0 0.390839 0.711178 0.094178 0.017067
0 0.184717 0.733413 0.104880 0.011058
0 0.206550 0.716947 0.050086 0.014183
0 0.204623 0.700361 0.059075 0.014663
0 0.426370 0.767788 0.101027 0.012981
0 0.188998 0.817187 0.117723 0.015625
0 0.309717 0.816106 0.115154 0.015865
0 0.311002 0.798798 0.113442 0.014904
0 0.309717 0.779687 0.119435 0.017548
0 0.188570 0.797957 0.116866 0.018029
0 0.083690 0.775000 0.090325 0.015385
0 0.063356 0.706971 0.105308 0.013462
0 0.057577 0.692428 0.093750 0.013221
0 0.050942 0.632812 0.097603 0.016106
0 0.743151 0.718990 0.111301 0.011058
0 0.743579 0.732332 0.112158 0.011298
0 0.924872 0.757692 0.026113 0.064423
0 0.051156 0.617668 0.098031 0.012260
0 0.050942 0.583894 0.097603 0.016827
0 0.325557 0.531370 0.096318 0.017067
0 0.858947 0.515024 0.039812 0.044471
0 0.717466 0.532091 0.042808 0.013702
0 0.602740 0.531851 0.095034 0.015625
0 0.602098 0.514904 0.093750 0.015385
0 0.602526 0.497596 0.094606 0.016827
0 0.826841 0.322837 0.039812 0.067788
0 0.781678 0.318029 0.038527 0.075000
0 0.736515 0.317909 0.038099 0.079567
0 0.686216 0.320072 0.053082 0.076683
0 0.484375 0.870313 0.084332 0.018990
0 0.486515 0.889543 0.084332 0.014183
0 0.572560 0.843990 0.077483 0.013942
0 0.578553 0.871154 0.089469 0.015865
0 0.578981 0.889062 0.086045 0.015625
0 0.677012 0.850721 0.090325 0.015385
0 0.678296 0.871034 0.092894 0.018029
0 0.675728 0.888822 0.087757 0.012740
0 0.737158 0.876322 0.017979 0.038221
0 0.760702 0.873317 0.026541 0.044231
0 0.794735 0.866707 0.021832 0.056971
0 0.818279 0.866947 0.018408 0.057452
0 0.841824 0.868870 0.026969 0.056490
0 0.877568 0.863822 0.038527 0.046394
0 0.966824 0.849159 0.062928 0.017067
0 0.970890 0.866827 0.058219 0.014423
0 0.969820 0.884135 0.060360 0.017788
0 0.314426 0.566827 0.124572 0.016346
0 0.315283 0.585096 0.122003 0.016827
0 0.449058 0.568269 0.103596 0.014423
0 0.450557 0.585216 0.102312 0.014663
0 0.451413 0.601562 0.104024 0.013702
0 0.315925 0.601803 0.123288 0.011779
0 0.677012 0.573798 0.110873 0.025481
0 0.676156 0.598558 0.113442 0.017308
0 0.769264 0.578606 0.035103 0.051923
0 0.807791 0.579207 0.035103 0.053125
0 0.958048 0.549399 0.079623 0.012260
0 0.958048 0.565144 0.083904 0.015385
0 0.487372 0.850601 0.082620 0.015144
0 0.743579 0.704928 0.112158 0.014183
0 0.388699 0.889062 0.094178 0.013221
0 0.389341 0.857692 0.095462 0.017308
0 0.626070 0.321755 0.051798 0.077644
0 0.544521 0.338341 0.102740 0.014663
0 0.543664 0.321995 0.105308 0.015625
0 0.378853 0.328125 0.035959 0.085577
0 0.339897 0.327043 0.035103 0.085817
0 0.248502 0.327764 0.031250 0.084856
0 0.953767 0.757091 0.023973 0.060817
0 0.983733 0.755769 0.028253 0.060577
0 0.427654 0.782332 0.099315 0.013221
0 0.427868 0.796995 0.099743 0.013702
0 0.428082 0.815385 0.095890 0.014423
0 0.533390 0.777885 0.101884 0.013942
0 0.537457 0.796995 0.097175 0.016106
0 0.535959 0.814784 0.102740 0.013221
0 0.639341 0.791466 0.095462 0.014663
0 0.641695 0.811058 0.100171 0.017788
0 0.749786 0.780889 0.103168 0.017548
0 0.752568 0.797837 0.100171 0.012981
0 0.750856 0.814423 0.105308 0.014904
0 0.858519 0.780889 0.098887 0.015144
0 0.859161 0.798077 0.100171 0.013462
0 0.859161 0.813221 0.100171 0.012500
0 0.101884 0.827043 0.049658 0.018510
0 0.188356 0.851082 0.086473 0.011298
0 0.187286 0.866707 0.084332 0.011779
0 0.183647 0.884856 0.089897 0.016827
0 0.290026 0.840385 0.088613 0.009135
0 0.284247 0.857692 0.089897 0.012981
0 0.282962 0.885216 0.100171 0.019952
0 0.390411 0.873317 0.097603 0.010577
0 0.421019 0.633774 0.098887 0.013221
