0 0.256250 0.444531 0.042708 0.063281
0 0.104948 0.520508 0.177604 0.266797
0 0.352083 0.442383 0.045833 0.065234
0 0.415885 0.426367 0.083854 0.097266
0 0.494010 0.430273 0.064062 0.094141
0 0.551302 0.437305 0.044271 0.073828
0 0.595052 0.442773 0.039062 0.064453
0 0.657031 0.433984 0.079687 0.096094
0 0.736719 0.427734 0.079687 0.108594
0 0.809375 0.432422 0.061458 0.087500
0 0.862500 0.451562 0.039583 0.045312
0 0.908594 0.450977 0.042188 0.016797
0 0.913021 0.469141 0.047917 0.012500
0 0.967708 0.463477 0.058333 0.027734
0 0.976562 0.538086 0.040625 0.066797
0 0.925521 0.542188 0.047917 0.062500
0 0.871875 0.543555 0.048958 0.060547
0 0.809115 0.540430 0.067187 0.064453
0 0.736198 0.525000 0.061979 0.033594
0 0.738281 0.557227 0.068229 0.027734
0 0.626302 0.542773 0.089063 0.058984
0 0.541406 0.543750 0.063021 0.058594
0 0.473177 0.544336 0.061979 0.053516
0 0.415365 0.536328 0.047396 0.070312
0 0.225260 0.545703 0.060937 0.046094
0 0.287240 0.545117 0.059896 0.046484
0 0.242969 0.634570 0.073438 0.074609
0 0.310677 0.645703 0.058854 0.053906
0 0.372656 0.645117 0.057813 0.055078
0 0.433594 0.635938 0.057813 0.072656
0 0.493490 0.638086 0.063021 0.066797
0 0.302865 0.442969 0.046354 0.060937
0 0.215365 0.444531 0.036979 0.064062
0 0.978125 0.300195 0.043750 0.087109
0 0.927865 0.304492 0.046354 0.081641
0 0.104167 0.859180 0.207292 0.269922
0 0.208333 0.067969 0.078125 0.078125
0 0.365365 0.075391 0.103646 0.059375
0 0.453906 0.083594 0.070312 0.042188
0 0.527604 0.065234 0.073958 0.082812
0 0.613021 0.082031 0.090625 0.041406
0 0.711198 0.073633 0.098437 0.048828
0 0.903646 0.071875 0.100000 0.045312
0 0.227604 0.196289 0.071875 0.069141
0 0.301042 0.198437 0.070833 0.063281
0 0.374219 0.196875 0.073438 0.061719
0 0.447656 0.195898 0.070312 0.058203
0 0.538281 0.194922 0.098437 0.058594
0 0.639583 0.194141 0.098958 0.057031
0 0.557813 0.640430 0.063542 0.064453
0 0.738281 0.191797 0.098437 0.062500
0 0.931510 0.195312 0.078646 0.052344
0 0.213802 0.306445 0.053646 0.080859
0 0.266406 0.305469 0.049479 0.084375
0 0.319531 0.308594 0.050521 0.075000
0 0.374219 0.309180 0.057813 0.074609
0 0.432292 0.305664 0.052083 0.083984
0 0.488802 0.308398 0.056771 0.078516
0 0.542188 0.306836 0.047917 0.083984
0 0.597135 0.311914 0.055729 0.073828
0 0.651563 0.308203 0.050000 0.076563
0 0.704167 0.303320 0.053125 0.083984
0 0.763021 0.305664 0.058333 0.081641
0 0.817187 0.306250 0.048958 0.080469
0 0.872917 0.306836 0.057292 0.073828
0 0.842969 0.193945 0.096354 0.058984
0 0.621875 0.649219 0.057292 0.049219
0 0.351302 0.535937 0.050521 0.069531
0 0.751823 0.646289 0.068229 0.059766
0 0.736198 0.851953 0.049479 0.049219
0 0.688542 0.852344 0.043750 0.050000
0 0.641927 0.848633 0.043229 0.049609
0 0.590104 0.800391 0.055208 0.029687
0 0.588542 0.846289 0.058333 0.055078
0 0.528385 0.861523 0.055729 0.023047
0 0.528125 0.824023 0.053125 0.022266
0 0.533073 0.797070 0.029687 0.020703
0 0.479167 0.831836 0.034375 0.076953
0 0.447917 0.839844 0.029167 0.060937
0 0.410938 0.838477 0.032292 0.063672
0 0.369010 0.840430 0.047396 0.059766
0 0.316406 0.848242 0.047396 0.044141
0 0.258333 0.848828 0.068750 0.042969
0 0.275781 0.815430 0.068229 0.014453
0 0.392188 0.738086 0.058333 0.044141
0 0.324479 0.737891 0.072917 0.046875
0 0.250521 0.739062 0.072917 0.046094
0 0.307552 0.703906 0.080729 0.014844
0 0.583333 0.708789 0.060417 0.019141
0 0.577604 0.742969 0.061458 0.039062
0 0.515104 0.738281 0.061458 0.047656
0 0.640885 0.754687 0.059896 0.022656
0 0.787240 0.840625 0.046354 0.021875
0 0.706771 0.754687 0.066667 0.022656
0 0.786719 0.864453 0.050521 0.021094
0 0.686719 0.640430 0.058854 0.072266
0 0.142708 0.258008 0.073958 0.242578
0 0.063021 0.260742 0.078125 0.243359
0 0.953906 0.968945 0.056771 0.060547
0 0.896615 0.964648 0.053646 0.070703
0 0.847656 0.955273 0.042188 0.087891
0 0.802865 0.955273 0.045312 0.089453
0 0.754427 0.955664 0.044271 0.088672
0 0.705729 0.957422 0.042708 0.085156
0 0.662760 0.939648 0.033854 0.085547
0 0.625260 0.956445 0.039062 0.080859
0 0.584635 0.964844 0.036979 0.066406
0 0.548177 0.958203 0.035937 0.082031
0 0.505729 0.949023 0.042708 0.099609
0 0.457031 0.950781 0.044271 0.096094
0 0.409375 0.952344 0.041667 0.093750
0 0.362240 0.953516 0.043229 0.091406
0 0.321094 0.952148 0.038021 0.086328
0 0.278906 0.953516 0.040104 0.085938
0 0.238281 0.960742 0.034896 0.069922
0 0.958073 0.849805 0.048438 0.056641
0 0.902865 0.868359 0.054688 0.014844
0 0.903906 0.848633 0.052604 0.023047
0 0.843750 0.868359 0.061458 0.017188
0 0.817708 0.806250 0.068750 0.032031
0 0.707812 0.724414 0.063542 0.026953
0 0.844531 0.847070 0.058854 0.023047
0 0.811719 0.734766 0.033854 0.066406
0 0.805208 0.643945 0.037500 0.067578
0 0.929948 0.646875 0.040104 0.060937
0 0.886979 0.645312 0.037500 0.064844
0 0.845833 0.645312 0.041667 0.066406
0 0.767969 0.743555 0.049479 0.048047
0 0.978906 0.643945 0.042188 0.069922
0 0.905208 0.718555 0.061458 0.031641
0 0.850260 0.733203 0.034896 0.065625
0 0.902344 0.746484 0.066146 0.013281
0 0.903906 0.760938 0.061979 0.015625
