0 0.477734 0.729787 0.082451 0.017609
0 0.839065 0.808656 0.053792 0.020585
0 0.295635 0.793899 0.069224 0.047619
0 0.303131 0.831597 0.081570 0.023810
0 0.380291 0.795759 0.066578 0.047371
0 0.383818 0.833457 0.075397 0.026538
0 0.450838 0.812872 0.047178 0.068700
0 0.509039 0.792163 0.065697 0.061508
0 0.588183 0.796751 0.062610 0.067708
0 0.662037 0.816220 0.080688 0.083829
0 0.755511 0.801587 0.077160 0.070933
0 0.490520 0.625000 0.051587 0.030754
0 0.547840 0.618180 0.051587 0.050843
0 0.606481 0.622768 0.060406 0.042163
0 0.710097 0.608879 0.146825 0.007937
0 0.706570 0.632068 0.146825 0.029514
0 0.802028 0.617560 0.041446 0.054563
0 0.201720 0.539187 0.020723 0.055556
0 0.223986 0.539683 0.022046 0.056052
0 0.249780 0.540303 0.027778 0.054812
0 0.278439 0.541171 0.022487 0.053075
0 0.323413 0.550099 0.047178 0.038690
0 0.385582 0.556424 0.054233 0.016121
0 0.431878 0.554688 0.036596 0.034970
0 0.470679 0.552827 0.039242 0.033234
0 0.228175 0.815476 0.059524 0.056052
0 0.162037 0.804439 0.048942 0.034474
0 0.164903 0.836310 0.052910 0.025794
0 0.447972 0.613715 0.027337 0.053323
0 0.925265 0.832341 0.082451 0.038690
0 0.146605 0.703373 0.059524 0.057540
0 0.202822 0.702629 0.041446 0.060020
0 0.262125 0.710193 0.055115 0.056796
0 0.317901 0.709821 0.058201 0.058532
0 0.388889 0.701017 0.067019 0.023562
0 0.396384 0.728423 0.061728 0.017361
0 0.462522 0.701389 0.076720 0.026290
0 0.557540 0.680308 0.070988 0.023313
0 0.556658 0.716146 0.068342 0.035466
0 0.619048 0.686632 0.044974 0.032986
0 0.844797 0.839038 0.060847 0.029762
0 0.621252 0.722346 0.053792 0.035962
0 0.680996 0.689484 0.060406 0.037202
0 0.755511 0.687128 0.077160 0.022569
0 0.764991 0.725322 0.075838 0.032986
0 0.831349 0.706101 0.051587 0.068452
0 0.880732 0.698661 0.039242 0.084325
0 0.923501 0.699777 0.040123 0.084077
0 0.962522 0.698289 0.042328 0.087054
0 0.172399 0.623388 0.051146 0.043403
0 0.233907 0.620908 0.059524 0.048363
0 0.300265 0.618552 0.064374 0.043651
0 0.363757 0.612475 0.052028 0.044395
0 0.686067 0.725198 0.070547 0.027778
0 0.165564 0.537946 0.037478 0.060516
0 0.644400 0.297123 0.058642 0.042659
0 0.919974 0.194816 0.132716 0.052331
0 0.505732 0.542163 0.026455 0.055060
0 0.549824 0.542907 0.047619 0.049603
0 0.611552 0.542287 0.073192 0.052331
0 0.685626 0.558904 0.067901 0.021081
0 0.794974 0.518229 0.044092 0.012153
0 0.745591 0.541543 0.045855 0.039435
0 0.797399 0.547743 0.050705 0.037450
0 0.879409 0.612351 0.070988 0.034226
0 0.881834 0.573289 0.077601 0.033482
0 0.950176 0.567832 0.036155 0.016121
0 0.955026 0.584449 0.045855 0.018105
0 0.953483 0.604291 0.048942 0.020585
0 0.955247 0.620164 0.056878 0.008185
0 0.111772 0.447049 0.063051 0.035962
0 0.111772 0.484623 0.040123 0.014385
0 0.815697 0.303943 0.089065 0.027034
0 0.113316 0.471726 0.043210 0.011409
0 0.929674 0.296255 0.127425 0.022569
0 0.090608 0.179563 0.055115 0.027778
0 0.726852 0.271577 0.094797 0.027778
0 0.784612 0.198165 0.128307 0.045635
0 0.684524 0.178943 0.053351 0.022569
0 0.707892 0.209077 0.011905 0.027778
0 0.692681 0.209449 0.019400 0.029514
0 0.671958 0.208581 0.014991 0.030258
0 0.616402 0.215650 0.091711 0.020089
0 0.520723 0.210689 0.076720 0.028026
0 0.516314 0.188244 0.091711 0.015377
0 0.432760 0.212550 0.086861 0.021825
0 0.342152 0.207961 0.083774 0.035466
0 0.282407 0.214038 0.037478 0.023313
0 0.236772 0.211186 0.053792 0.029018
0 0.146384 0.205605 0.057319 0.046627
0 0.089947 0.212674 0.055556 0.032490
0 0.931217 0.325273 0.127866 0.033482
0 0.180556 0.465278 0.074515 0.046627
0 0.725088 0.304439 0.092152 0.026538
0 0.330467 0.470362 0.078924 0.030010
0 0.502866 0.384053 0.043651 0.045387
0 0.570547 0.384425 0.068783 0.047123
0 0.643519 0.382812 0.078042 0.052827
0 0.718254 0.377852 0.048501 0.057292
0 0.765212 0.376736 0.046296 0.060020
0 0.867284 0.408234 0.037037 0.058532
0 0.916667 0.421751 0.053792 0.059772
0 0.448854 0.384053 0.066138 0.044891
0 0.972443 0.420139 0.045414 0.050099
0 0.159832 0.292163 0.081570 0.051091
0 0.222222 0.303695 0.048501 0.026538
0 0.289242 0.299851 0.081129 0.032738
0 0.368166 0.297619 0.072310 0.037202
0 0.466931 0.299107 0.092593 0.036706
0 0.251984 0.472346 0.069224 0.031994
0 0.565917 0.299975 0.089506 0.035466
0 0.080247 0.290799 0.068783 0.052331
0 0.382716 0.380456 0.054674 0.041667
0 0.822972 0.375000 0.040123 0.062996
0 0.474647 0.476935 0.054233 0.028274
0 0.403880 0.471230 0.063492 0.026290
0 0.317681 0.385293 0.070106 0.032490
0 0.473104 0.443948 0.068783 0.026786
0 0.526896 0.472346 0.029982 0.035962
0 0.555556 0.463418 0.024691 0.052827
0 0.586861 0.472966 0.030864 0.037698
0 0.651235 0.473586 0.039683 0.039931
0 0.692240 0.462674 0.026455 0.047867
0 0.615300 0.469122 0.025132 0.041419
0 0.815256 0.471602 0.037919 0.039931
0 0.886464 0.505580 0.079806 0.033978
0 0.962081 0.516369 0.043210 0.026290
0 0.102293 0.385417 0.065256 0.045139
0 0.176367 0.390625 0.071429 0.034722
0 0.242945 0.390253 0.059083 0.035466
0 0.753307 0.474454 0.081570 0.031746
