0 0.324840 0.708650 0.043269 0.105513
0 0.271955 0.708888 0.039423 0.103612
0 0.850962 0.105513 0.065385 0.034221
0 0.850481 0.136882 0.061218 0.028992
0 0.793429 0.137833 0.049679 0.028042
0 0.790064 0.105513 0.053846 0.034221
0 0.740545 0.113118 0.042628 0.078897
0 0.643429 0.118584 0.058654 0.070342
0 0.173237 0.708413 0.049679 0.105038
0 0.580929 0.117633 0.066987 0.070342
0 0.515865 0.119891 0.063782 0.074382
0 0.452564 0.099335 0.057692 0.115970
0 0.058494 0.721483 0.058013 0.092205
0 0.224840 0.708056 0.047756 0.106702
0 0.119551 0.717205 0.053205 0.097909
0 0.697276 0.111930 0.042628 0.081749
0 0.396474 0.100048 0.053846 0.116445
0 0.474519 0.547529 0.052244 0.106464
0 0.249199 0.548836 0.061859 0.106702
0 0.973237 0.141041 0.053526 0.029705
0 0.918109 0.140566 0.057372 0.031131
0 0.974840 0.106226 0.050321 0.035171
0 0.916827 0.108246 0.064423 0.033032
0 0.372115 0.704610 0.039103 0.109316
0 0.033654 0.254753 0.048718 0.105989
0 0.083814 0.257367 0.050321 0.102186
0 0.133013 0.257842 0.049359 0.105038
0 0.191506 0.552994 0.049038 0.105989
0 0.179647 0.256416 0.043910 0.108840
0 0.803686 0.550024 0.048397 0.085789
0 0.760417 0.549073 0.038782 0.089116
0 0.638141 0.510813 0.069872 0.058222
0 0.705288 0.568798 0.065064 0.059648
0 0.639103 0.572243 0.065385 0.061787
0 0.575962 0.546340 0.050641 0.106464
0 0.525962 0.547291 0.049359 0.107414
0 0.307051 0.550380 0.051282 0.103137
0 0.975641 0.551450 0.048718 0.086740
0 0.418910 0.704373 0.051923 0.105989
0 0.414263 0.821293 0.030449 0.078422
0 0.591186 0.681678 0.065705 0.049667
0 0.579487 0.818203 0.054487 0.078897
0 0.625801 0.810124 0.029808 0.079373
0 0.661058 0.814520 0.032372 0.082937
0 0.697276 0.815589 0.039423 0.079848
0 0.742628 0.814401 0.050000 0.080798
0 0.844071 0.840304 0.150962 0.028042
0 0.843750 0.807391 0.149679 0.032082
0 0.529006 0.819273 0.046474 0.081511
0 0.963301 0.806797 0.073397 0.026616
0 0.339263 0.095889 0.059936 0.125238
0 0.280288 0.097077 0.059295 0.124762
0 0.223397 0.095176 0.053846 0.128565
0 0.166186 0.095651 0.059936 0.127614
0 0.112019 0.095889 0.047756 0.125238
0 0.068109 0.095651 0.040064 0.125238
0 0.025160 0.097552 0.043910 0.126188
0 0.962500 0.833056 0.075000 0.028279
0 0.485737 0.819867 0.040064 0.080323
0 0.446474 0.820105 0.035897 0.079848
0 0.124679 0.552044 0.051282 0.106464
0 0.652083 0.708531 0.035577 0.086740
0 0.692788 0.707343 0.043269 0.087690
0 0.526122 0.730751 0.065705 0.044202
0 0.594872 0.731107 0.073077 0.044439
0 0.759135 0.701164 0.054808 0.099572
0 0.817628 0.703184 0.048077 0.091255
0 0.864583 0.700927 0.046474 0.101473
0 0.941987 0.688569 0.058974 0.124762
0 0.985737 0.687619 0.028526 0.124762
0 0.064263 0.830917 0.063782 0.086264
0 0.137340 0.829135 0.058013 0.082700
0 0.191506 0.834601 0.039423 0.079848
0 0.238141 0.833056 0.052564 0.081511
0 0.300160 0.806797 0.061859 0.040399
0 0.361218 0.806678 0.054487 0.036359
0 0.302404 0.848384 0.063782 0.038498
0 0.364103 0.847196 0.057051 0.039449
0 0.522756 0.680965 0.071154 0.050143
0 0.084455 0.550380 0.029808 0.103137
0 0.462821 0.705086 0.034615 0.103612
0 0.987179 0.388546 0.025641 0.041825
0 0.052564 0.408508 0.049359 0.101236
0 0.228205 0.256535 0.051282 0.111930
0 0.970994 0.245604 0.058013 0.111930
0 0.893750 0.247267 0.098397 0.109078
0 0.789423 0.249168 0.109615 0.111930
0 0.278686 0.254872 0.050321 0.111930
0 0.332532 0.256416 0.055449 0.115970
0 0.379487 0.263308 0.038462 0.101711
0 0.710256 0.276141 0.053205 0.063688
0 0.658013 0.277329 0.050641 0.067015
0 0.606410 0.278042 0.052564 0.065114
0 0.555609 0.278992 0.050321 0.066065
0 0.503205 0.260575 0.050641 0.103850
0 0.419071 0.263308 0.040064 0.102186
0 0.458974 0.261407 0.039744 0.105513
0 0.099840 0.408626 0.045192 0.100048
0 0.144391 0.408151 0.041346 0.098622
0 0.051923 0.551093 0.035897 0.102186
0 0.250000 0.404824 0.051282 0.110029
0 0.188141 0.408864 0.048077 0.097196
0 0.885577 0.399358 0.057692 0.114306
0 0.773878 0.397220 0.047756 0.113831
0 0.730929 0.395200 0.038782 0.118346
0 0.685577 0.396744 0.050000 0.121435
0 0.636378 0.399715 0.047756 0.115970
0 0.591186 0.401972 0.043910 0.113356
0 0.827724 0.397457 0.059295 0.116207
0 0.505128 0.403161 0.042308 0.099572
0 0.295994 0.403161 0.041346 0.113356
0 0.547596 0.404943 0.043269 0.105989
0 0.340545 0.403874 0.043910 0.115257
0 0.941987 0.396744 0.052564 0.110029
0 0.384776 0.404349 0.039423 0.110979
0 0.456731 0.401378 0.053205 0.103137
0 0.984135 0.430965 0.031731 0.041587
