0 0.829044 0.194547 0.049428 0.094363
0 0.767770 0.204350 0.042075 0.082721
0 0.463031 0.205729 0.018382 0.075674
0 0.489175 0.205116 0.022467 0.076900
0 0.574959 0.234835 0.053513 0.026042
0 0.693219 0.191330 0.098039 0.018076
0 0.694240 0.211244 0.096814 0.019914
0 0.285743 0.327206 0.095180 0.016544
0 0.285335 0.307445 0.094363 0.017463
0 0.190564 0.347580 0.093546 0.018689
0 0.186887 0.326746 0.092729 0.018076
0 0.692606 0.234835 0.100082 0.021140
0 0.189542 0.306985 0.088235 0.018995
0 0.095588 0.350797 0.082516 0.085172
0 0.917279 0.184589 0.095180 0.119792
0 0.436070 0.206495 0.021650 0.074755
0 0.018995 0.347120 0.021650 0.094975
0 0.972222 0.699908 0.054739 0.018689
0 0.670752 0.732537 0.084967 0.018995
0 0.950980 0.342831 0.095588 0.018995
0 0.950980 0.321844 0.095588 0.018076
0 0.949959 0.302083 0.100082 0.018995
0 0.852737 0.355239 0.026552 0.015012
0 0.847018 0.337469 0.021650 0.013174
0 0.778391 0.353707 0.092729 0.016850
0 0.779616 0.333180 0.091912 0.018689
0 0.779616 0.311428 0.095180 0.018689
0 0.681985 0.353860 0.097631 0.017157
0 0.680760 0.332414 0.095180 0.019608
0 0.682394 0.311581 0.091912 0.018995
0 0.581495 0.352482 0.095180 0.019301
0 0.584150 0.331648 0.093954 0.020527
0 0.583946 0.310355 0.093546 0.018995
0 0.483252 0.352482 0.095588 0.024203
0 0.484477 0.328891 0.096405 0.017463
0 0.484477 0.308977 0.098856 0.018689
0 0.929126 0.433517 0.025735 0.085172
0 0.895425 0.432445 0.022876 0.083027
0 0.871528 0.432904 0.016748 0.086397
0 0.727328 0.448376 0.104984 0.016850
0 0.728145 0.432292 0.100899 0.013480
0 0.729779 0.417126 0.100899 0.014400
0 0.200980 0.395067 0.104575 0.015625
0 0.731413 0.401348 0.104167 0.013480
0 0.622958 0.431219 0.094771 0.013787
0 0.623162 0.416360 0.098448 0.014706
0 0.520016 0.445312 0.102941 0.013174
0 0.286969 0.347733 0.094363 0.021446
0 0.385417 0.328125 0.092729 0.020833
0 0.385417 0.349724 0.099265 0.020527
0 0.622345 0.447763 0.093546 0.013174
0 0.953431 0.433977 0.020425 0.081189
0 0.200163 0.410692 0.102941 0.013174
0 0.200368 0.443627 0.103350 0.016544
0 0.518587 0.429994 0.103350 0.015625
0 0.519404 0.413603 0.101716 0.011642
0 0.520629 0.398744 0.104167 0.015625
0 0.723856 0.527420 0.085784 0.018689
0 0.722835 0.505821 0.083742 0.018995
0 0.721814 0.485141 0.084967 0.020527
0 0.634600 0.524050 0.082925 0.016850
0 0.631536 0.503983 0.083333 0.017770
0 0.633374 0.482843 0.083742 0.020833
0 0.547386 0.523744 0.084150 0.021140
0 0.545956 0.502757 0.084559 0.015319
0 0.545343 0.482996 0.086601 0.021140
0 0.450776 0.520680 0.079657 0.017463
0 0.448121 0.500000 0.080882 0.018995
0 0.451593 0.479473 0.078023 0.018995
0 0.364379 0.521906 0.085784 0.017463
0 0.362132 0.500306 0.081291 0.019608
0 0.307598 0.410692 0.103758 0.015625
0 0.307190 0.426471 0.099673 0.013480
0 0.309232 0.442708 0.103758 0.014706
0 0.012459 0.502757 0.024918 0.084559
0 0.050449 0.503370 0.033905 0.083333
0 0.093954 0.501685 0.031046 0.084865
0 0.199755 0.426471 0.102124 0.015931
0 0.133170 0.502604 0.026144 0.086703
0 0.192810 0.497702 0.081699 0.019301
0 0.192810 0.518382 0.081699 0.017770
0 0.277778 0.499234 0.079248 0.019914
0 0.276348 0.521140 0.076389 0.020833
0 0.279412 0.478248 0.072712 0.016544
0 0.364379 0.479626 0.080065 0.019301
0 0.192606 0.477941 0.084559 0.018382
0 0.669730 0.751072 0.082925 0.015625
0 0.810458 0.485600 0.083333 0.018995
0 0.813521 0.526348 0.079657 0.018995
0 0.625204 0.650735 0.089461 0.018382
0 0.627655 0.677083 0.100899 0.020833
0 0.730188 0.632200 0.098448 0.015012
0 0.730188 0.650276 0.098448 0.012561
0 0.730392 0.664982 0.102124 0.010723
0 0.731005 0.679994 0.096814 0.014400
0 0.795547 0.678615 0.015114 0.016544
0 0.824142 0.675245 0.017565 0.012868
0 0.809641 0.661612 0.017157 0.011336
0 0.791054 0.659467 0.014297 0.012561
0 0.894608 0.662531 0.084967 0.015625
0 0.894404 0.680760 0.091095 0.018382
0 0.895221 0.701440 0.092729 0.016850
0 0.972426 0.658854 0.055147 0.018076
0 0.972222 0.678615 0.054739 0.016544
0 0.205678 0.023897 0.024101 0.042892
0 0.223652 0.708640 0.069853 0.012255
0 0.574346 0.766085 0.077614 0.023591
0 0.574346 0.741115 0.077614 0.014706
0 0.575163 0.722120 0.079248 0.019608
0 0.488766 0.759804 0.078840 0.020833
0 0.395629 0.763940 0.087827 0.016850
0 0.396446 0.745864 0.089461 0.014400
0 0.518178 0.679075 0.105801 0.019914
0 0.396242 0.728860 0.085784 0.014093
0 0.204657 0.767923 0.098856 0.013174
0 0.302900 0.763174 0.087827 0.017770
0 0.300654 0.746017 0.089869 0.012255
0 0.303105 0.728860 0.088235 0.014093
0 0.206699 0.753983 0.093954 0.011642
0 0.208538 0.738205 0.091095 0.011336
0 0.392974 0.711703 0.085784 0.015931
0 0.810458 0.506740 0.080065 0.018382
0 0.518178 0.658088 0.112337 0.016544
0 0.414828 0.671109 0.094363 0.018689
0 0.881740 0.547794 0.030637 0.021446
0 0.008783 0.609069 0.017565 0.083946
0 0.032067 0.609375 0.019199 0.082108
0 0.058211 0.609375 0.024101 0.079657
0 0.099060 0.611673 0.029003 0.071998
0 0.169118 0.594363 0.098039 0.023284
0 0.196283 0.561734 0.018382 0.034620
0 0.217320 0.563572 0.018791 0.035846
0 0.243260 0.558517 0.016748 0.028186
0 0.268791 0.591299 0.054739 0.029412
0 0.316585 0.553002 0.083333 0.012255
0 0.314338 0.568168 0.078840 0.013787
0 0.515727 0.594975 0.100899 0.026961
0 0.622958 0.561887 0.091503 0.018382
0 0.622345 0.581955 0.093546 0.017463
0 0.621119 0.601562 0.094363 0.016238
0 0.717525 0.562500 0.091912 0.017157
0 0.318627 0.666207 0.090686 0.025429
0 0.210784 0.678002 0.105392 0.020221
0 0.209763 0.653952 0.100082 0.022365
0 0.408701 0.205729 0.024101 0.073223
0 0.975694 0.623775 0.048611 0.017157
0 0.972426 0.602635 0.055147 0.018382
0 0.518995 0.636183 0.107435 0.018076
0 0.975694 0.583793 0.048611 0.016238
0 0.895629 0.600184 0.073938 0.015931
0 0.887868 0.580729 0.064951 0.017463
0 0.809845 0.603094 0.091095 0.019301
0 0.811275 0.581036 0.081699 0.020527
0 0.716912 0.601103 0.090686 0.017770
0 0.719158 0.581955 0.091912 0.017463
0 0.899918 0.622702 0.085784 0.017463
0 0.356209 0.210938 0.012255 0.059743
0 0.165237 0.023744 0.039624 0.042586
0 0.298203 0.205576 0.023693 0.077819
0 0.285131 0.836244 0.017157 0.073223
0 0.308211 0.838542 0.018382 0.077819
0 0.335580 0.826900 0.019199 0.068627
0 0.355596 0.835325 0.017565 0.068934
0 0.378881 0.834559 0.022467 0.069853
0 0.404820 0.822304 0.016340 0.066789
0 0.424224 0.824755 0.014297 0.069240
0 0.444853 0.832261 0.017157 0.071998
0 0.466708 0.833027 0.015931 0.066789
0 0.494485 0.850950 0.016748 0.054228
0 0.514093 0.850490 0.014297 0.055760
0 0.536152 0.849571 0.020016 0.056373
0 0.554943 0.845741 0.013480 0.046262
0 0.589052 0.832567 0.030229 0.072610
0 0.613562 0.829963 0.015523 0.069853
0 0.660539 0.839767 0.044935 0.084559
0 0.702614 0.854779 0.023693 0.056985
0 0.728145 0.859069 0.020833 0.056373
0 0.754698 0.856158 0.025735 0.040748
0 0.788194 0.839614 0.025735 0.075061
0 0.856209 0.859681 0.081699 0.016544
0 0.855596 0.876532 0.080474 0.014093
0 0.944444 0.855239 0.079248 0.022365
0 0.267974 0.830423 0.011438 0.078125
0 0.197100 0.811121 0.042075 0.022978
0 0.251021 0.821691 0.017565 0.063725
0 0.231618 0.814032 0.018791 0.050245
0 0.291667 0.024663 0.023693 0.044424
0 0.318219 0.024969 0.022876 0.045037
0 0.345997 0.026195 0.023693 0.045037
0 0.431985 0.024203 0.096814 0.045956
0 0.553513 0.024510 0.084150 0.049020
0 0.076185 0.216759 0.040441 0.076287
0 0.116217 0.217218 0.034722 0.076593
0 0.670343 0.768076 0.084150 0.013480
0 0.763072 0.727788 0.074346 0.019301
0 0.763889 0.748162 0.072712 0.016544
0 0.760825 0.767463 0.076389 0.019608
0 0.943832 0.877911 0.084559 0.017463
0 0.823325 0.769914 0.022467 0.022059
0 0.889093 0.768229 0.099265 0.016238
0 0.887051 0.788756 0.098448 0.018689
0 0.971609 0.751532 0.056781 0.018382
0 0.970792 0.771446 0.058415 0.015319
0 0.969771 0.791973 0.059641 0.020221
0 0.032475 0.822610 0.020016 0.072304
0 0.059028 0.834099 0.022467 0.070772
0 0.089461 0.812194 0.018791 0.063113
0 0.121528 0.836550 0.015931 0.061581
0 0.154820 0.811428 0.031863 0.030331
0 0.207312 0.849265 0.024918 0.044118
0 0.889706 0.748621 0.103758 0.019914
0 0.265319 0.022978 0.022467 0.041054
0 0.233252 0.023591 0.022059 0.042279
0 0.267361 0.195466 0.026552 0.086397
0 0.189542 0.198836 0.021242 0.090686
0 0.157884 0.194393 0.021650 0.094056
0 0.377042 0.205882 0.022059 0.066789
