0 0.533497 0.356924 0.044935 0.101103
0 0.582108 0.356618 0.046569 0.106005
0 0.631944 0.356771 0.046569 0.106311
0 0.482639 0.356618 0.043709 0.110294
0 0.435049 0.353094 0.044118 0.109988
0 0.065768 0.344516 0.084967 0.106311
0 0.337214 0.349265 0.051879 0.110294
0 0.752859 0.067862 0.155229 0.115502
0 0.636029 0.065411 0.051471 0.116115
0 0.577614 0.068474 0.046569 0.108150
0 0.527982 0.068321 0.038807 0.104167
0 0.476716 0.060049 0.060458 0.118260
0 0.417075 0.066942 0.053105 0.104473
0 0.859273 0.072763 0.046977 0.105699
0 0.363358 0.069087 0.055964 0.095895
0 0.259600 0.055913 0.058415 0.111213
0 0.218342 0.061734 0.033088 0.090993
0 0.184436 0.063419 0.033088 0.091299
0 0.152574 0.065104 0.033088 0.090993
0 0.107843 0.056526 0.047386 0.108150
0 0.056985 0.054534 0.056781 0.107843
0 0.310866 0.055760 0.048203 0.109681
0 0.913807 0.111520 0.035948 0.028186
0 0.967525 0.112898 0.037990 0.038297
0 0.898284 0.205116 0.049837 0.116115
0 0.289011 0.346967 0.051879 0.109988
0 0.241830 0.350184 0.048203 0.107843
0 0.132149 0.348652 0.042075 0.102328
0 0.050858 0.189032 0.100899 0.109681
0 0.129698 0.188725 0.049428 0.106005
0 0.175654 0.206189 0.038399 0.077206
0 0.222222 0.195006 0.055556 0.106311
0 0.281658 0.195006 0.049428 0.106311
0 0.407884 0.201287 0.062500 0.104167
0 0.486724 0.204963 0.051879 0.106005
0 0.533701 0.211091 0.036356 0.089461
0 0.584559 0.202819 0.064542 0.107843
0 0.765931 0.209099 0.213235 0.106311
0 0.636642 0.206648 0.036356 0.103860
0 0.956699 0.208487 0.049837 0.116115
0 0.390319 0.350490 0.050245 0.111520
0 0.682190 0.358456 0.058007 0.112745
0 0.338440 0.849877 0.058415 0.034314
0 0.785743 0.357077 0.043709 0.108150
0 0.204248 0.888174 0.065359 0.035539
0 0.138480 0.888174 0.065359 0.035539
0 0.207925 0.853860 0.065359 0.035539
0 0.142157 0.849571 0.065359 0.035539
0 0.079657 0.851409 0.065359 0.035539
0 0.077206 0.885723 0.065359 0.035539
0 0.474265 0.808977 0.062908 0.033395
0 0.713644 0.808211 0.058007 0.043505
0 0.937296 0.730239 0.075572 0.082414
0 0.861111 0.730392 0.080882 0.086397
0 0.791462 0.734528 0.058415 0.078125
0 0.732435 0.733303 0.049020 0.067708
0 0.672386 0.725797 0.053922 0.060662
0 0.616013 0.729933 0.056373 0.065870
0 0.428105 0.711397 0.053922 0.079044
0 0.271446 0.893076 0.058415 0.034314
0 0.553105 0.717525 0.064542 0.084559
0 0.329453 0.894455 0.058415 0.034007
0 0.279616 0.847426 0.058415 0.034314
0 0.734069 0.358609 0.043301 0.108150
0 0.931781 0.897518 0.052288 0.031556
0 0.878676 0.898744 0.055556 0.048713
0 0.815564 0.898591 0.055147 0.048407
0 0.761642 0.895374 0.055147 0.048713
0 0.696691 0.856464 0.055147 0.031556
0 0.639910 0.852482 0.055147 0.031556
0 0.698121 0.888634 0.055556 0.026654
0 0.638276 0.895833 0.062500 0.034926
0 0.520833 0.848499 0.062092 0.035233
0 0.459967 0.847886 0.062092 0.035233
0 0.578840 0.893229 0.062092 0.035233
0 0.514910 0.894761 0.062500 0.035233
0 0.454044 0.894761 0.062500 0.035233
0 0.395425 0.863971 0.049837 0.033701
0 0.393178 0.896752 0.058415 0.034314
0 0.488971 0.716146 0.064542 0.084252
0 0.915441 0.852941 0.055556 0.030025
0 0.283905 0.714154 0.064542 0.084559
0 0.726920 0.484069 0.045343 0.104167
0 0.677288 0.480392 0.046569 0.107230
0 0.634191 0.478248 0.040441 0.109681
0 0.581291 0.476716 0.044935 0.106005
0 0.362745 0.709099 0.064542 0.084252
0 0.481413 0.475797 0.060049 0.107843
0 0.419322 0.477175 0.054330 0.107537
0 0.315155 0.473958 0.042892 0.101103
0 0.266748 0.475031 0.047386 0.100797
0 0.222426 0.473805 0.049428 0.101409
0 0.155842 0.482996 0.083742 0.083027
0 0.075163 0.477788 0.069444 0.093444
0 0.949959 0.359835 0.055964 0.114277
0 0.871936 0.366422 0.039624 0.100490
0 0.830882 0.360600 0.043301 0.108456
0 0.788807 0.483303 0.037582 0.105699
0 0.837827 0.483303 0.049020 0.105699
0 0.530433 0.478554 0.033905 0.110907
0 0.939338 0.487439 0.054330 0.112745
0 0.218954 0.716146 0.064542 0.084252
0 0.887255 0.484069 0.048203 0.104167
0 0.073529 0.705423 0.069444 0.090993
0 0.029412 0.600643 0.056373 0.081189
0 0.115400 0.548560 0.083742 0.031556
0 0.098243 0.604013 0.078023 0.079350
0 0.174224 0.605545 0.076389 0.082414
0 0.255719 0.608150 0.080882 0.085784
0 0.146038 0.708793 0.072304 0.084252
0 0.416054 0.602941 0.051879 0.087623
0 0.472018 0.602175 0.058415 0.087316
0 0.553513 0.614890 0.100490 0.080882
0 0.655637 0.615656 0.098856 0.084252
0 0.746528 0.602941 0.069853 0.085784
0 0.819036 0.596507 0.069444 0.080882
0 0.338644 0.610600 0.082516 0.080882
0 0.918709 0.614124 0.066176 0.089154
