0 0.254085 0.177696 0.045752 0.115809
0 0.454861 0.672181 0.034722 0.073529
0 0.492239 0.672641 0.040033 0.073223
0 0.531454 0.675705 0.040850 0.078125
0 0.568627 0.674020 0.033497 0.082108
0 0.606005 0.674786 0.030637 0.069547
0 0.640523 0.671109 0.036765 0.076287
0 0.780637 0.665594 0.035948 0.073223
0 0.709967 0.671109 0.035131 0.069547
0 0.745507 0.668658 0.034314 0.066483
0 0.410131 0.676011 0.032680 0.078125
0 0.818423 0.672947 0.039624 0.079963
0 0.854779 0.670037 0.027369 0.071691
0 0.677288 0.670343 0.031863 0.072304
0 0.370302 0.676471 0.043709 0.077206
0 0.207925 0.676471 0.040850 0.079657
0 0.286560 0.677083 0.041258 0.083333
0 0.247141 0.676011 0.037582 0.080576
0 0.884395 0.668964 0.033497 0.073836
0 0.167279 0.679688 0.037173 0.084865
0 0.130106 0.681066 0.037990 0.082108
0 0.052288 0.688113 0.101307 0.070466
0 0.989175 0.551930 0.021650 0.095895
0 0.960989 0.552696 0.037173 0.099877
0 0.920956 0.554994 0.041258 0.097120
0 0.879085 0.556832 0.044935 0.100797
0 0.834967 0.557292 0.038399 0.099265
0 0.796160 0.554841 0.041667 0.098039
0 0.754902 0.555760 0.037582 0.096201
0 0.717729 0.556373 0.035131 0.101716
0 0.326389 0.679228 0.036765 0.080882
0 0.920343 0.671109 0.036765 0.071385
0 0.265727 0.753676 0.197304 0.041667
0 0.986111 0.668505 0.027778 0.066176
0 0.166667 0.058211 0.042484 0.085172
0 0.208538 0.059283 0.042075 0.087929
0 0.252451 0.057751 0.045752 0.090993
0 0.508374 0.073683 0.025735 0.088542
0 0.538603 0.076287 0.029820 0.085784
0 0.571691 0.077819 0.033905 0.092525
0 0.616626 0.066636 0.038807 0.102635
0 0.656863 0.067708 0.044118 0.101103
0 0.704657 0.069393 0.049020 0.105699
0 0.752859 0.072610 0.039216 0.105392
0 0.795956 0.077053 0.047794 0.096507
0 0.842525 0.079963 0.043709 0.103554
0 0.876838 0.093597 0.024918 0.074449
0 0.900531 0.095435 0.022467 0.071998
0 0.954044 0.670650 0.032271 0.070466
0 0.125000 0.058211 0.040850 0.085784
0 0.914828 0.759651 0.056781 0.035233
0 0.856413 0.760723 0.060049 0.037990
0 0.797794 0.759957 0.057190 0.040135
0 0.528595 0.846661 0.057190 0.042586
0 0.469975 0.849112 0.055147 0.038909
0 0.404003 0.848192 0.063725 0.040748
0 0.532680 0.802543 0.062092 0.043199
0 0.465278 0.805147 0.061275 0.041667
0 0.397672 0.802696 0.060866 0.041667
0 0.397672 0.757506 0.060866 0.042586
0 0.268178 0.846354 0.202206 0.044424
0 0.265523 0.801011 0.197712 0.045037
0 0.674837 0.559283 0.040033 0.100797
0 0.084150 0.837010 0.130719 0.084559
0 0.890727 0.832261 0.180964 0.046875
0 0.632761 0.555607 0.040033 0.098346
0 0.590686 0.556985 0.040033 0.093750
0 0.547998 0.556373 0.044526 0.098039
0 0.987745 0.196691 0.024510 0.107230
0 0.054330 0.305300 0.105392 0.122855
0 0.136642 0.311121 0.047794 0.111826
0 0.187500 0.312347 0.053105 0.113664
0 0.237132 0.311734 0.046160 0.113051
0 0.286765 0.311887 0.051471 0.112745
0 0.950368 0.193781 0.043709 0.105086
0 0.335989 0.314798 0.046977 0.106924
0 0.424020 0.315564 0.047386 0.109681
0 0.470384 0.316636 0.043709 0.113051
0 0.515727 0.317555 0.046977 0.110600
0 0.562092 0.320466 0.042484 0.104167
0 0.608864 0.317096 0.048611 0.111520
0 0.654616 0.316023 0.042892 0.111826
0 0.380515 0.315717 0.042075 0.108762
0 0.906046 0.194087 0.042484 0.104473
0 0.864992 0.194393 0.038807 0.110600
0 0.821283 0.191483 0.047794 0.115809
0 0.301675 0.176930 0.050245 0.114890
0 0.355596 0.179381 0.054330 0.109988
0 0.404208 0.181066 0.042892 0.113358
0 0.449551 0.183824 0.048611 0.108456
0 0.154616 0.173866 0.043709 0.121017
0 0.110294 0.174632 0.045752 0.119485
0 0.059028 0.189645 0.033905 0.054534
0 0.026961 0.187960 0.031863 0.057292
0 0.494281 0.185968 0.038399 0.113971
0 0.533292 0.187500 0.037990 0.110294
0 0.577410 0.190257 0.045343 0.115809
0 0.629289 0.187960 0.045343 0.108762
0 0.671977 0.189491 0.037582 0.106311
0 0.717729 0.190564 0.050654 0.116422
0 0.770833 0.190257 0.050654 0.112132
0 0.700368 0.317708 0.046977 0.110294
0 0.745915 0.318781 0.044118 0.112439
0 0.791871 0.322610 0.048611 0.104779
0 0.834967 0.322917 0.038399 0.106618
0 0.823325 0.441330 0.046160 0.106311
0 0.869281 0.440411 0.047386 0.108762
0 0.952002 0.093750 0.043709 0.084559
0 0.988562 0.442096 0.022876 0.093750
0 0.912990 0.440104 0.034314 0.094669
0 0.063113 0.563419 0.098448 0.109069
0 0.144404 0.557138 0.051062 0.098958
0 0.193219 0.556066 0.042484 0.102328
0 0.239583 0.559283 0.044526 0.098346
0 0.284518 0.557598 0.043709 0.101716
0 0.327002 0.556832 0.041258 0.095895
0 0.370098 0.555453 0.043301 0.101103
0 0.416871 0.560049 0.051879 0.099877
0 0.462010 0.558058 0.035948 0.100797
0 0.502451 0.556832 0.041667 0.095895
0 0.775940 0.440104 0.045343 0.109375
0 0.203431 0.175398 0.053922 0.121017
0 0.732230 0.446691 0.038807 0.096201
0 0.651348 0.444853 0.036356 0.101716
0 0.878472 0.322304 0.046977 0.107843
0 0.922794 0.323223 0.041667 0.112132
0 0.967116 0.323070 0.046160 0.108762
0 0.061887 0.434283 0.117239 0.111213
0 0.158497 0.437194 0.054739 0.105392
0 0.207925 0.438879 0.046569 0.108762
0 0.255106 0.439798 0.044526 0.105086
0 0.301062 0.440564 0.049020 0.104779
0 0.349469 0.442402 0.036356 0.102328
0 0.390114 0.441483 0.042484 0.099877
0 0.438113 0.442708 0.041258 0.101716
0 0.477737 0.442708 0.036356 0.102328
0 0.521242 0.444087 0.048203 0.098958
0 0.564134 0.445619 0.037582 0.100797
0 0.608047 0.445312 0.050245 0.101409
0 0.690359 0.442708 0.042484 0.106618
0 0.954657 0.440564 0.044935 0.098039
0 0.014093 0.054994 0.028186 0.100797
