0 0.117725 0.815600 0.023148 0.091518
0 0.808697 0.181176 0.050595 0.088046
0 0.855159 0.186756 0.039021 0.079861
0 0.902282 0.180928 0.051918 0.090030
0 0.954530 0.186756 0.041997 0.079861
0 0.074074 0.820685 0.037037 0.094246
0 0.761574 0.189732 0.041005 0.078373
0 0.538029 0.845982 0.041667 0.098214
0 0.396991 0.830977 0.056548 0.112351
0 0.174934 0.828993 0.029762 0.098462
0 0.239087 0.823413 0.076720 0.114583
0 0.298446 0.834821 0.041997 0.095734
0 0.341601 0.834573 0.037037 0.100198
0 0.476852 0.834325 0.066138 0.111607
0 0.579034 0.830853 0.025794 0.095238
0 0.715278 0.183532 0.046958 0.087798
0 0.147487 0.818328 0.017857 0.096974
0 0.671296 0.186756 0.033730 0.077381
0 0.086310 0.192956 0.029101 0.069940
0 0.627976 0.195312 0.022487 0.069692
0 0.386905 0.124504 0.033069 0.043155
0 0.618221 0.838914 0.041997 0.098958
0 0.432374 0.122644 0.035384 0.039435
0 0.468089 0.123388 0.035384 0.040923
0 0.527778 0.123636 0.040344 0.031994
0 0.123181 0.193080 0.037368 0.070188
0 0.164848 0.193328 0.032738 0.068204
0 0.636243 0.130084 0.035714 0.052331
0 0.201224 0.193700 0.040013 0.068948
0 0.282407 0.195312 0.036376 0.067708
0 0.326720 0.195188 0.036376 0.069444
0 0.365245 0.195437 0.038690 0.072421
0 0.411045 0.191716 0.035714 0.077381
0 0.450728 0.194196 0.039683 0.069940
0 0.501819 0.193452 0.037368 0.070933
0 0.540840 0.194940 0.034061 0.068948
0 0.243221 0.194568 0.036045 0.068204
0 0.668651 0.859747 0.041667 0.084077
0 0.221065 0.283482 0.040675 0.080357
0 0.750496 0.863467 0.038690 0.089038
0 0.491898 0.700645 0.063161 0.099206
0 0.541667 0.701513 0.032407 0.091022
0 0.574239 0.698537 0.028770 0.085069
0 0.613757 0.704737 0.042989 0.090030
0 0.087632 0.283978 0.038360 0.078373
0 0.125661 0.283854 0.035714 0.080605
0 0.156581 0.282986 0.026124 0.081349
0 0.439649 0.699405 0.034061 0.091766
0 0.185351 0.283606 0.028108 0.082589
0 0.303241 0.285466 0.028439 0.083829
0 0.334987 0.285342 0.030423 0.086062
0 0.364749 0.284350 0.027778 0.084077
0 0.393519 0.285218 0.026455 0.083333
0 0.423115 0.285466 0.030093 0.083829
0 0.453042 0.284970 0.025132 0.085317
0 0.351190 0.126736 0.029762 0.043155
0 0.265542 0.285466 0.041667 0.083829
0 0.405589 0.700273 0.031415 0.091022
0 0.368056 0.698413 0.041005 0.092262
0 0.328208 0.697173 0.036045 0.092262
0 0.795470 0.860491 0.047288 0.093006
0 0.848876 0.869172 0.046296 0.086062
0 0.897156 0.862847 0.048280 0.095238
0 0.950893 0.870040 0.044643 0.090278
0 0.755787 0.720114 0.036045 0.081597
0 0.799107 0.716394 0.047950 0.089038
0 0.841601 0.719742 0.035053 0.078373
0 0.883598 0.716642 0.043651 0.089534
0 0.661706 0.713170 0.037698 0.089534
0 0.703042 0.710193 0.035053 0.091022
0 0.961971 0.722470 0.040344 0.091270
0 0.087136 0.691840 0.034061 0.079117
0 0.122354 0.691096 0.032407 0.080109
0 0.160549 0.693452 0.043981 0.086806
0 0.209160 0.694568 0.049272 0.087054
0 0.256283 0.693452 0.042328 0.091766
0 0.292989 0.693452 0.031085 0.091766
0 0.710483 0.858507 0.034061 0.081597
0 0.308036 0.125496 0.032077 0.045139
0 0.799438 0.386533 0.045304 0.082589
0 0.227183 0.124380 0.036376 0.038442
0 0.846065 0.388517 0.047288 0.084077
0 0.979497 0.493428 0.033069 0.091022
0 0.949239 0.500868 0.028108 0.078621
0 0.909061 0.490823 0.042328 0.095238
0 0.862103 0.489335 0.046296 0.094742
0 0.802249 0.488591 0.047619 0.088790
0 0.755456 0.488467 0.041997 0.088542
0 0.894345 0.387897 0.045966 0.087798
0 0.714947 0.487971 0.042989 0.089534
0 0.629630 0.485367 0.048280 0.089286
0 0.581349 0.485615 0.046296 0.089782
0 0.531581 0.484375 0.047950 0.089782
0 0.483962 0.483011 0.047288 0.089534
0 0.441634 0.480779 0.034722 0.090030
0 0.403108 0.481647 0.039021 0.089286
0 0.359292 0.482639 0.045966 0.091270
0 0.675099 0.486855 0.038029 0.087302
0 0.319940 0.481027 0.032738 0.088046
0 0.942130 0.390501 0.043651 0.078621
0 0.755456 0.386781 0.041997 0.083085
0 0.270337 0.380208 0.041336 0.079861
0 0.226025 0.379960 0.043981 0.079365
0 0.190807 0.380208 0.025794 0.079861
0 0.163194 0.379464 0.026124 0.078373
0 0.128142 0.378348 0.037368 0.078621
0 0.087136 0.378720 0.037368 0.081845
0 0.483796 0.383681 0.040344 0.084325
0 0.983135 0.392237 0.033730 0.077133
0 0.440311 0.380952 0.045304 0.081349
0 0.350529 0.390873 0.038360 0.062004
0 0.310351 0.390129 0.036706 0.062996
0 0.528604 0.383557 0.041997 0.081597
0 0.602017 0.384673 0.077712 0.081349
0 0.708829 0.384797 0.036706 0.084077
0 0.671792 0.386161 0.038029 0.084325
0 0.533730 0.285218 0.045635 0.085813
0 0.394676 0.382937 0.045304 0.082837
0 0.282242 0.481771 0.038690 0.084573
0 0.238757 0.480035 0.043651 0.083581
0 0.199074 0.481647 0.032407 0.076885
0 0.186673 0.591022 0.040675 0.077877
0 0.143353 0.590030 0.038690 0.075893
0 0.104001 0.587054 0.032077 0.079861
0 0.069940 0.585813 0.032077 0.082341
0 0.973214 0.287574 0.053571 0.093006
0 0.923942 0.285714 0.049603 0.089286
0 0.869709 0.285342 0.052249 0.091022
0 0.231812 0.581845 0.033069 0.086806
0 0.815146 0.286210 0.044312 0.087798
0 0.726025 0.287822 0.035384 0.083581
0 0.688161 0.287946 0.035053 0.083829
0 0.631779 0.286458 0.049272 0.085813
0 0.581184 0.285838 0.045966 0.084573
0 0.107639 0.125248 0.032738 0.035218
0 0.142196 0.126984 0.033069 0.038690
0 0.191303 0.125000 0.030093 0.041171
0 0.768353 0.286334 0.041997 0.088046
0 0.269511 0.585069 0.042989 0.090774
0 0.311673 0.585317 0.042659 0.091270
0 0.355159 0.585193 0.037698 0.091022
0 0.163360 0.480779 0.029762 0.082589
0 0.122354 0.478423 0.039021 0.080357
0 0.084656 0.479291 0.032407 0.077133
0 0.986276 0.615203 0.027447 0.082093
0 0.956515 0.618428 0.023479 0.064236
0 0.918485 0.606647 0.041997 0.097222
0 0.872189 0.609995 0.047288 0.084077
0 0.809358 0.601314 0.041997 0.093502
0 0.764550 0.601935 0.044312 0.092262
0 0.714120 0.598586 0.041336 0.095486
0 0.666667 0.595610 0.044312 0.092014
0 0.618882 0.593998 0.046627 0.093750
0 0.571759 0.598834 0.043651 0.081597
0 0.531911 0.592014 0.022817 0.089782
0 0.492063 0.599950 0.037698 0.073909
0 0.436012 0.592014 0.040013 0.087302
0 0.394180 0.590526 0.041005 0.086806
0 0.274636 0.127232 0.030093 0.045635
0 0.488922 0.285466 0.044643 0.086310
