0 0.598039 0.118566 0.066993 0.023897
0 0.118260 0.829810 0.040441 0.056066
0 0.081291 0.829657 0.027778 0.060049
0 0.048407 0.830576 0.031454 0.058211
0 0.015114 0.830882 0.030229 0.057598
0 0.029003 0.703738 0.039216 0.060049
0 0.081699 0.704197 0.035131 0.060968
0 0.119894 0.703891 0.037990 0.062194
0 0.160335 0.694853 0.039624 0.075368
0 0.206495 0.694547 0.038807 0.072304
0 0.244077 0.307598 0.046160 0.090074
0 0.313930 0.313113 0.056781 0.079044
0 0.396855 0.313725 0.050245 0.078431
0 0.499387 0.314645 0.053513 0.077819
0 0.551062 0.311581 0.042484 0.071691
0 0.597222 0.315564 0.046569 0.077206
0 0.663807 0.315564 0.053922 0.079657
0 0.720384 0.316023 0.046160 0.078125
0 0.771242 0.315870 0.053105 0.080270
0 0.825572 0.311121 0.049837 0.089767
0 0.876430 0.310815 0.050245 0.086703
0 0.984681 0.472120 0.030637 0.077206
0 0.934436 0.467678 0.049428 0.086091
0 0.872549 0.471354 0.050654 0.076287
0 0.821895 0.468137 0.044935 0.082721
0 0.705270 0.472426 0.055147 0.071691
0 0.646650 0.472733 0.055556 0.073529
0 0.582312 0.472120 0.055147 0.071078
0 0.163194 0.820006 0.034722 0.067096
0 0.509191 0.472273 0.059232 0.071385
0 0.202614 0.818015 0.042484 0.066789
0 0.299428 0.822763 0.040850 0.062806
0 0.927083 0.192096 0.031454 0.087010
0 0.885417 0.189798 0.044526 0.090380
0 0.825980 0.189645 0.059641 0.088235
0 0.775123 0.189032 0.034722 0.090074
0 0.732435 0.188879 0.048203 0.089767
0 0.602737 0.196691 0.057598 0.074142
0 0.539011 0.196385 0.051879 0.075980
0 0.448121 0.195159 0.058824 0.075980
0 0.364583 0.183670 0.057598 0.053002
0 0.292892 0.192249 0.058007 0.075674
0 0.226511 0.186581 0.050245 0.085172
0 0.175041 0.186581 0.042892 0.087010
0 0.122958 0.185509 0.053922 0.090380
0 0.026552 0.191942 0.034314 0.074449
0 0.011438 0.310662 0.022876 0.077206
0 0.044322 0.314491 0.033088 0.068934
0 0.141136 0.309130 0.046977 0.088848
0 0.191176 0.309589 0.047386 0.084252
0 0.724877 0.816023 0.046977 0.065870
0 0.676675 0.819393 0.043709 0.060968
0 0.625817 0.818321 0.046569 0.066176
0 0.578840 0.820925 0.044935 0.061581
0 0.530637 0.820772 0.035131 0.061275
0 0.491626 0.818015 0.036356 0.067402
0 0.446487 0.818781 0.044118 0.060355
0 0.398897 0.821538 0.049428 0.065257
0 0.345997 0.819547 0.043301 0.061275
0 0.251634 0.817555 0.043301 0.068934
0 0.975694 0.190104 0.048611 0.087316
0 0.451797 0.471661 0.056373 0.073223
0 0.339052 0.472580 0.048203 0.071385
0 0.835172 0.693321 0.042892 0.074755
0 0.767361 0.694240 0.041258 0.076593
0 0.021038 0.110907 0.013480 0.020221
0 0.017974 0.080423 0.019608 0.038297
0 0.098856 0.111213 0.025327 0.018382
0 0.090891 0.081036 0.022467 0.037071
0 0.125000 0.084559 0.044118 0.025123
0 0.133783 0.112592 0.036356 0.024203
0 0.169118 0.084252 0.031046 0.030637
0 0.171569 0.113205 0.037582 0.025429
0 0.219975 0.083333 0.020833 0.037377
0 0.227328 0.115043 0.021650 0.024203
0 0.254698 0.085784 0.040441 0.030025
0 0.256536 0.115043 0.033497 0.021752
0 0.290237 0.081955 0.033088 0.034620
0 0.326185 0.081801 0.034722 0.037990
0 0.293301 0.113511 0.033497 0.022978
0 0.710580 0.697763 0.049428 0.064645
0 0.659722 0.698070 0.040850 0.062806
0 0.609477 0.696078 0.049020 0.063725
0 0.555147 0.696385 0.042484 0.064338
0 0.508374 0.696232 0.044526 0.064032
0 0.249387 0.695159 0.037990 0.071078
0 0.305964 0.696998 0.049020 0.063113
0 0.357230 0.698376 0.049428 0.065870
0 0.411356 0.696078 0.045752 0.066176
0 0.459559 0.695772 0.043301 0.063113
0 0.890931 0.694700 0.052288 0.077512
0 0.392974 0.471507 0.057190 0.072304
0 0.948121 0.697151 0.035131 0.068321
0 0.978554 0.584865 0.042892 0.067402
0 0.283088 0.471967 0.061275 0.073223
0 0.228145 0.465686 0.043709 0.082721
0 0.175041 0.469363 0.042892 0.077819
0 0.129902 0.465533 0.039216 0.082414
0 0.049224 0.460172 0.023284 0.067402
0 0.098243 0.468903 0.024101 0.067096
0 0.073529 0.474877 0.022059 0.069240
0 0.021855 0.475950 0.027369 0.064645
0 0.026757 0.588235 0.038807 0.066176
0 0.069444 0.585172 0.040033 0.062500
0 0.106209 0.587010 0.030229 0.063725
0 0.147876 0.579197 0.043301 0.079350
0 0.193832 0.579504 0.046977 0.078125
0 0.242443 0.580882 0.042892 0.077819
0 0.294322 0.583487 0.047794 0.072610
0 0.347222 0.582874 0.053922 0.069547
0 0.397059 0.583027 0.035131 0.072304
0 0.453431 0.584099 0.049020 0.067708
0 0.504902 0.583793 0.048203 0.067096
0 0.572712 0.580882 0.053922 0.072917
0 0.626021 0.584252 0.046160 0.072304
0 0.677083 0.583487 0.046160 0.073223
0 0.732639 0.583027 0.050245 0.069853
0 0.775327 0.575674 0.028595 0.060049
0 0.806577 0.581648 0.030637 0.078738
0 0.846405 0.581189 0.049837 0.075980
0 0.905025 0.581036 0.054330 0.078125
0 0.987745 0.697457 0.024510 0.065257
0 0.545547 0.086091 0.043709 0.040441
0 0.932190 0.311581 0.057190 0.088235
0 0.974469 0.806832 0.036356 0.086703
0 0.870915 0.121170 0.039216 0.026042
0 0.828840 0.120711 0.039216 0.026348
0 0.833129 0.090686 0.036356 0.033088
0 0.776961 0.814032 0.029412 0.079657
0 0.818219 0.812960 0.042484 0.076900
0 0.865400 0.795803 0.045343 0.065257
0 0.939542 0.798713 0.026144 0.079657
0 0.792688 0.090074 0.036356 0.033088
0 0.873366 0.092525 0.038399 0.028186
0 0.582516 0.087623 0.031046 0.035539
0 0.647672 0.089154 0.028186 0.032475
0 0.646855 0.118873 0.029820 0.023897
0 0.675654 0.120098 0.027778 0.022059
0 0.680147 0.090533 0.033497 0.032169
0 0.713031 0.090533 0.032271 0.032169
0 0.710172 0.118873 0.034722 0.021446
0 0.794526 0.065104 0.044935 0.013787
0 0.749592 0.090839 0.037582 0.034007
0 0.616626 0.089308 0.033088 0.032169
0 0.747958 0.120558 0.039216 0.022978
0 0.917279 0.060662 0.046160 0.034314
0 0.912173 0.122702 0.036765 0.020527
0 0.524714 0.120251 0.076389 0.023591
0 0.502655 0.090227 0.040441 0.035233
0 0.458946 0.082414 0.044526 0.042279
0 0.462623 0.117188 0.037173 0.021140
0 0.418301 0.117800 0.045752 0.021140
0 0.413603 0.089308 0.042892 0.032169
0 0.368464 0.112132 0.046569 0.030025
0 0.371119 0.079657 0.037990 0.034926
0 0.913399 0.095741 0.039216 0.029105
0 0.327819 0.114737 0.031454 0.024816
0 0.985294 0.102788 0.029412 0.024816
0 0.985907 0.124540 0.028186 0.016850
0 0.991422 0.066942 0.017157 0.031556
0 0.961193 0.059743 0.040850 0.033088
0 0.953023 0.095282 0.032680 0.030025
0 0.951389 0.123468 0.035131 0.018995
0 0.787582 0.121477 0.035948 0.022978
