0 0.416871 0.603554 0.033088 0.094363
0 0.451185 0.595588 0.033088 0.079657
0 0.482435 0.591299 0.031863 0.088235
0 0.592933 0.568627 0.023284 0.079657
0 0.619077 0.568321 0.028186 0.080270
0 0.649306 0.563879 0.026552 0.070159
0 0.775123 0.544271 0.022467 0.071385
0 0.751225 0.547947 0.026961 0.076287
0 0.012459 0.755208 0.024918 0.103554
0 0.053717 0.740196 0.054330 0.092525
0 0.105392 0.737132 0.044935 0.103554
0 0.381740 0.609835 0.034722 0.079963
0 0.722426 0.549326 0.029003 0.071691
0 0.343546 0.616728 0.040033 0.091299
0 0.882353 0.467065 0.026144 0.071385
0 0.265114 0.630668 0.039216 0.098346
0 0.222222 0.635570 0.047386 0.087316
0 0.087214 0.627911 0.049428 0.102022
0 0.031454 0.630055 0.053922 0.097120
0 0.933415 0.464308 0.016340 0.058517
0 0.909722 0.468137 0.027778 0.069853
0 0.229575 0.738205 0.043301 0.081189
0 0.779820 0.460325 0.024510 0.067096
0 0.751430 0.465380 0.030637 0.077206
0 0.728145 0.467525 0.018382 0.072304
0 0.704044 0.469669 0.026552 0.078431
0 0.675654 0.475643 0.028595 0.074449
0 0.648080 0.477022 0.026552 0.077819
0 0.619894 0.476409 0.026552 0.078431
0 0.303717 0.622089 0.038807 0.081189
0 0.272263 0.731771 0.041258 0.093444
0 0.610294 0.653339 0.026144 0.068934
0 0.354371 0.714308 0.033088 0.092831
0 0.762663 0.699908 0.037582 0.065870
0 0.712623 0.715227 0.028186 0.070772
0 0.680556 0.727788 0.032680 0.087316
0 0.650735 0.733150 0.026144 0.075980
0 0.623162 0.740962 0.029820 0.091605
0 0.591708 0.744945 0.029820 0.078125
0 0.494281 0.775735 0.031863 0.091912
0 0.457516 0.786152 0.042484 0.071691
0 0.417688 0.797488 0.037173 0.091912
0 0.376634 0.811428 0.040850 0.105086
0 0.335376 0.818168 0.039216 0.090993
0 0.294322 0.834406 0.041258 0.090993
0 0.249796 0.844516 0.046160 0.094669
0 0.098243 0.914982 0.052696 0.054841
0 0.315768 0.722426 0.044118 0.077819
0 0.051062 0.923100 0.039216 0.071691
0 0.125817 0.828431 0.048203 0.060049
0 0.080882 0.835478 0.043301 0.073529
0 0.035335 0.842218 0.045343 0.059436
0 0.763480 0.622089 0.026144 0.055453
0 0.737132 0.629136 0.024101 0.068934
0 0.712418 0.631434 0.024510 0.062500
0 0.690768 0.638480 0.021242 0.075980
0 0.667075 0.643689 0.024510 0.065564
0 0.639093 0.649510 0.030637 0.077206
0 0.484273 0.502604 0.042892 0.062806
0 0.486928 0.682445 0.029412 0.079350
0 0.455270 0.687194 0.031454 0.070466
0 0.420139 0.696844 0.030637 0.083640
0 0.388685 0.702972 0.033088 0.069547
0 0.017974 0.932751 0.029412 0.053002
0 0.441789 0.498009 0.039624 0.062806
0 0.030229 0.519914 0.048203 0.101716
0 0.319649 0.524510 0.038807 0.070466
0 0.791871 0.280637 0.026552 0.078431
0 0.764502 0.283548 0.028186 0.082414
0 0.737132 0.282935 0.024101 0.083027
0 0.708129 0.293964 0.024918 0.061581
0 0.678105 0.285692 0.033497 0.078738
0 0.644608 0.304534 0.029412 0.040441
0 0.615400 0.301317 0.030637 0.046875
0 0.487132 0.305147 0.039624 0.085784
0 0.447304 0.298866 0.039216 0.098346
0 0.381332 0.297028 0.043709 0.108762
0 0.334150 0.304075 0.046569 0.104473
0 0.290441 0.303615 0.040033 0.105392
0 0.244485 0.302237 0.046160 0.103860
0 0.194444 0.303002 0.054739 0.104167
0 0.044322 0.284620 0.057598 0.079044
0 0.805760 0.187347 0.035539 0.082414
0 0.780025 0.185662 0.015931 0.085172
0 0.034109 0.155484 0.061683 0.090380
0 0.165033 0.181526 0.054739 0.093444
0 0.215074 0.185509 0.042892 0.086091
0 0.256127 0.186121 0.040033 0.088542
0 0.336601 0.187040 0.035131 0.090380
0 0.372141 0.185509 0.034314 0.093444
0 0.898489 0.207874 0.027369 0.098958
0 0.409314 0.185355 0.040033 0.091912
0 0.624592 0.174786 0.026961 0.089154
0 0.654616 0.175858 0.033905 0.087010
0 0.681373 0.180300 0.018791 0.095895
0 0.705270 0.182292 0.029003 0.090074
0 0.729984 0.181526 0.018791 0.088542
0 0.755719 0.183824 0.032680 0.082721
0 0.477124 0.191176 0.044118 0.096201
0 0.359477 0.517923 0.037582 0.065257
0 0.929534 0.213082 0.033088 0.089767
0 0.985294 0.218903 0.029412 0.082414
0 0.280025 0.528186 0.037990 0.074142
0 0.242647 0.539062 0.038399 0.079963
0 0.205882 0.539216 0.036765 0.079657
0 0.082516 0.516391 0.052288 0.109375
0 0.991626 0.380974 0.016748 0.065870
0 0.975490 0.384344 0.015523 0.060355
0 0.955065 0.387868 0.022059 0.068627
0 0.936275 0.386642 0.015523 0.069853
0 0.918096 0.388021 0.023284 0.072610
0 0.892770 0.389246 0.022467 0.070159
0 0.787786 0.375460 0.020016 0.081189
0 0.763072 0.376225 0.028595 0.082108
0 0.739583 0.377298 0.019199 0.079350
0 0.713235 0.380208 0.031863 0.083946
0 0.685458 0.379902 0.023693 0.084559
0 0.653186 0.380668 0.043301 0.087316
0 0.615809 0.382047 0.031454 0.083946
0 0.895629 0.301317 0.024918 0.079963
0 0.944036 0.306373 0.018791 0.075980
0 0.965074 0.305453 0.020016 0.078431
0 0.987745 0.304841 0.021242 0.070466
0 0.013480 0.399663 0.026144 0.086703
0 0.054534 0.393229 0.049428 0.078125
0 0.959150 0.213542 0.023693 0.091912
0 0.196487 0.422794 0.042484 0.076593
0 0.312296 0.411458 0.042892 0.077206
0 0.351307 0.412071 0.036765 0.075980
0 0.387459 0.410386 0.033905 0.072610
0 0.421773 0.408701 0.033905 0.073529
0 0.456087 0.405944 0.033905 0.066176
0 0.489175 0.405331 0.031454 0.066176
0 0.264502 0.414369 0.041258 0.083027
0 0.921977 0.304841 0.027778 0.072917
