0 0.189744 0.826202 0.027350 0.070673
0 0.133120 0.831851 0.035470 0.071875
0 0.095726 0.831130 0.035897 0.073317
0 0.064744 0.828245 0.028632 0.067067
0 0.035684 0.822837 0.033761 0.075481
0 0.937607 0.365264 0.124786 0.017548
0 0.936111 0.342909 0.126068 0.019952
0 0.659829 0.363101 0.140171 0.018029
0 0.803846 0.364784 0.134188 0.018990
0 0.805983 0.342428 0.138462 0.021394
0 0.806838 0.319952 0.131624 0.021154
0 0.663248 0.342308 0.147009 0.023558
0 0.666239 0.320433 0.140171 0.019712
0 0.585043 0.543630 0.137607 0.015144
0 0.521795 0.362019 0.132479 0.029808
0 0.938675 0.320192 0.122650 0.024038
0 0.588462 0.663582 0.140171 0.018990
0 0.240598 0.360577 0.140171 0.019712
0 0.521368 0.319231 0.135897 0.019712
0 0.557479 0.221514 0.144017 0.020433
0 0.561111 0.202284 0.135897 0.017548
0 0.411538 0.243870 0.147009 0.018029
0 0.411111 0.225000 0.147863 0.020192
0 0.421795 0.205889 0.138462 0.017548
0 0.256838 0.249159 0.157265 0.021394
0 0.267094 0.220072 0.141880 0.019952
0 0.557051 0.242548 0.144017 0.022115
0 0.266239 0.198798 0.141880 0.022115
0 0.144444 0.217188 0.091453 0.018990
0 0.582479 0.558053 0.140171 0.013221
0 0.580983 0.571514 0.145726 0.014183
0 0.734615 0.544712 0.138462 0.017308
0 0.732051 0.560697 0.139316 0.014183
0 0.731197 0.576082 0.140171 0.014183
0 0.867949 0.573798 0.140171 0.021154
0 0.263248 0.177644 0.148718 0.022115
0 0.522222 0.339303 0.130769 0.017548
0 0.658974 0.212500 0.037607 0.085096
0 0.733333 0.219591 0.043590 0.089663
0 0.385470 0.358173 0.140171 0.017308
0 0.387179 0.338341 0.135897 0.022837
0 0.227564 0.834736 0.039744 0.066106
0 0.234615 0.339303 0.146154 0.019952
0 0.233333 0.318750 0.141880 0.021154
0 0.232906 0.295192 0.142735 0.025962
0 0.095726 0.357452 0.135897 0.023077
0 0.693376 0.214423 0.031197 0.081250
0 0.093162 0.336058 0.140171 0.020192
0 0.090171 0.293990 0.129915 0.021154
0 0.979701 0.219111 0.040598 0.083413
0 0.941239 0.218149 0.035470 0.086779
0 0.905556 0.215625 0.039316 0.081250
0 0.866026 0.215385 0.040598 0.081250
0 0.822650 0.217308 0.041880 0.080288
0 0.785043 0.218510 0.033333 0.082692
0 0.091453 0.316466 0.135897 0.018990
0 0.264530 0.830649 0.037607 0.074279
0 0.435043 0.551803 0.141880 0.017548
0 0.329487 0.828726 0.029060 0.068510
0 0.138462 0.536418 0.147009 0.017548
0 0.920726 0.470553 0.132051 0.018029
0 0.920513 0.449279 0.135897 0.022596
0 0.423077 0.724880 0.152991 0.018990
0 0.422650 0.759255 0.148718 0.014183
0 0.423077 0.742668 0.131624 0.016587
0 0.585043 0.709495 0.140171 0.016106
0 0.584615 0.725601 0.144444 0.017548
0 0.584188 0.765986 0.135897 0.018510
0 0.731197 0.741466 0.140171 0.023798
0 0.730769 0.766226 0.146154 0.023798
0 0.922222 0.426683 0.127350 0.022115
0 0.786752 0.469231 0.137607 0.019712
0 0.639316 0.472236 0.149573 0.018990
0 0.643162 0.444832 0.144444 0.020913
0 0.649573 0.423918 0.140171 0.016587
0 0.499573 0.469952 0.138462 0.021154
0 0.510897 0.447236 0.127778 0.020913
0 0.515171 0.422957 0.123504 0.019471
0 0.247222 0.468750 0.158547 0.018750
0 0.107479 0.468750 0.126923 0.021154
0 0.249786 0.445553 0.134615 0.020433
0 0.110684 0.445072 0.146154 0.021394
0 0.254701 0.425841 0.144444 0.015144
0 0.114530 0.426202 0.141026 0.016346
0 0.136325 0.553245 0.147009 0.015625
0 0.138034 0.569591 0.150427 0.017548
0 0.295299 0.535337 0.141026 0.019712
0 0.292735 0.551322 0.145299 0.011779
0 0.361752 0.829447 0.035470 0.067067
0 0.407265 0.826442 0.037607 0.070673
0 0.442949 0.827163 0.033761 0.069231
0 0.478419 0.828125 0.029487 0.071635
0 0.510043 0.830168 0.033761 0.068029
0 0.610470 0.824639 0.028632 0.069471
0 0.665385 0.837981 0.041880 0.079808
0 0.710684 0.836538 0.048718 0.083654
0 0.765385 0.837019 0.048718 0.082692
0 0.840385 0.832212 0.044017 0.082212
0 0.882479 0.833654 0.043590 0.079808
0 0.289744 0.711418 0.138462 0.015625
0 0.298932 0.824159 0.022650 0.068510
0 0.285470 0.729567 0.142735 0.021154
0 0.440812 0.567428 0.146581 0.013221
0 0.580128 0.632332 0.119231 0.013221
0 0.440385 0.532933 0.133761 0.019712
0 0.457479 0.662139 0.130342 0.016106
0 0.154060 0.659255 0.127778 0.022356
0 0.167949 0.623798 0.113675 0.019712
0 0.719231 0.716226 0.141026 0.020433
0 0.875641 0.766226 0.144444 0.014183
0 0.867735 0.753245 0.137179 0.014183
0 0.877350 0.734856 0.147009 0.019712
0 0.585256 0.618149 0.129487 0.015625
0 0.289316 0.567909 0.141880 0.016587
0 0.279060 0.755529 0.134188 0.030769
0 0.457479 0.631130 0.121795 0.018029
0 0.872650 0.550000 0.141880 0.020673
0 0.100427 0.243870 0.137607 0.020433
0 0.869658 0.525841 0.140171 0.019952
