0 0.567708 0.872461 0.039583 0.041797
0 0.051562 0.827539 0.097917 0.041016
0 0.060156 0.324414 0.039062 0.067578
0 0.105990 0.358203 0.046354 0.039062
0 0.152083 0.359180 0.044792 0.037109
0 0.050781 0.870508 0.096354 0.045703
0 0.952344 0.055469 0.086979 0.105469
0 0.865885 0.056250 0.086979 0.106250
0 0.779167 0.056250 0.086458 0.105469
0 0.913542 0.352148 0.060417 0.060547
0 0.678385 0.055664 0.088021 0.105859
0 0.497396 0.054883 0.082292 0.103516
0 0.385417 0.052930 0.068750 0.100391
0 0.317708 0.052148 0.066667 0.099609
0 0.220573 0.051367 0.111979 0.097266
0 0.097396 0.053320 0.115625 0.102734
0 0.532292 0.194727 0.039583 0.030078
0 0.340625 0.182227 0.108333 0.052734
0 0.585938 0.055664 0.095833 0.105859
0 0.712500 0.190039 0.048958 0.035547
0 0.018229 0.435156 0.035417 0.092969
0 0.382552 0.428906 0.033854 0.042969
0 0.522135 0.493164 0.044271 0.053516
0 0.566927 0.494727 0.040104 0.049609
0 0.624479 0.493164 0.043750 0.052734
0 0.666927 0.494141 0.040104 0.054688
0 0.708594 0.493945 0.044271 0.055078
0 0.741927 0.493164 0.022396 0.052734
0 0.774740 0.493750 0.043229 0.051562
0 0.076042 0.427539 0.063542 0.070703
0 0.838281 0.487109 0.068229 0.055469
0 0.969531 0.491211 0.056771 0.056641
0 0.945052 0.448242 0.061979 0.023828
0 0.946875 0.420898 0.063542 0.032422
0 0.744010 0.434180 0.055729 0.050391
0 0.554167 0.430859 0.041667 0.047656
0 0.511979 0.430273 0.042708 0.045703
0 0.424740 0.429688 0.050521 0.044531
0 0.904167 0.489258 0.064583 0.051172
0 0.833333 0.180664 0.069792 0.044922
0 0.966406 0.226172 0.067187 0.044531
0 0.900781 0.226172 0.065104 0.042969
0 0.736979 0.305859 0.052083 0.042969
0 0.196615 0.359180 0.044271 0.037109
0 0.242708 0.358984 0.047917 0.037500
0 0.290104 0.359180 0.045833 0.039453
0 0.341667 0.359961 0.047917 0.038672
0 0.388542 0.360156 0.044792 0.039062
0 0.432812 0.360742 0.044792 0.037109
0 0.520573 0.321875 0.052604 0.035156
0 0.477344 0.360156 0.044271 0.035937
0 0.565885 0.360938 0.043229 0.039062
0 0.611198 0.361328 0.042188 0.038281
0 0.657813 0.354492 0.046875 0.051953
0 0.704427 0.356250 0.046354 0.055469
0 0.751302 0.355469 0.048438 0.057031
0 0.795573 0.354297 0.040104 0.053906
0 0.848698 0.351758 0.067187 0.058984
0 0.521875 0.360156 0.044792 0.036719
0 0.439063 0.321094 0.041667 0.035156
0 0.398698 0.320703 0.039062 0.034375
0 0.202865 0.319727 0.051562 0.037891
0 0.829167 0.225391 0.078125 0.044531
0 0.762240 0.231445 0.040104 0.036328
0 0.719531 0.229102 0.044271 0.041016
0 0.675260 0.227734 0.044271 0.038281
0 0.629948 0.226172 0.045312 0.040625
0 0.583854 0.226562 0.046875 0.040625
0 0.538281 0.228320 0.045312 0.037109
0 0.494792 0.229102 0.039583 0.035547
0 0.455469 0.229297 0.040104 0.035937
0 0.414323 0.228906 0.042188 0.035937
0 0.340104 0.227930 0.101042 0.034766
0 0.266667 0.228516 0.038542 0.034375
0 0.230469 0.228516 0.032813 0.034375
0 0.190625 0.227930 0.046875 0.032422
0 0.025260 0.203125 0.048438 0.096094
0 0.107031 0.185156 0.102604 0.045312
0 0.105729 0.227344 0.103125 0.035156
0 0.477604 0.492969 0.042708 0.053125
0 0.420312 0.487500 0.039583 0.054688
0 0.018750 0.321680 0.036458 0.067578
0 0.313542 0.438477 0.040625 0.044922
0 0.142969 0.800781 0.038021 0.025781
0 0.175260 0.833008 0.031771 0.033203
0 0.210417 0.849414 0.032292 0.033984
0 0.246615 0.848047 0.040104 0.032031
0 0.292969 0.847461 0.042188 0.032422
0 0.331771 0.847461 0.035417 0.032422
0 0.133073 0.732227 0.039062 0.055078
0 0.176302 0.733398 0.046354 0.058984
0 0.219271 0.732812 0.030208 0.055469
0 0.253125 0.732617 0.036458 0.055078
0 0.292187 0.731445 0.042708 0.056641
0 0.136198 0.832812 0.036979 0.033594
0 0.332292 0.733398 0.036458 0.060547
0 0.418750 0.692578 0.026042 0.045312
0 0.446354 0.738867 0.039583 0.041797
0 0.489844 0.715039 0.034896 0.044922
0 0.530990 0.721289 0.034896 0.056641
0 0.570052 0.723437 0.042188 0.053906
0 0.616667 0.735352 0.036458 0.053516
0 0.653385 0.734180 0.038021 0.055078
0 0.700781 0.745703 0.035937 0.051562
0 0.738542 0.745117 0.039583 0.053516
0 0.799479 0.743555 0.062500 0.055078
0 0.860677 0.741406 0.058854 0.058594
0 0.385156 0.695117 0.040104 0.051172
0 0.606250 0.834570 0.036458 0.038672
0 0.642969 0.834961 0.038021 0.038672
0 0.682292 0.830469 0.037500 0.041406
0 0.075781 0.770312 0.051562 0.030469
0 0.026823 0.716016 0.048438 0.083594
0 0.080729 0.713477 0.060417 0.078516
0 0.126562 0.878125 0.037500 0.037500
0 0.165104 0.880273 0.040625 0.041016
0 0.205208 0.884180 0.039583 0.033203
0 0.244010 0.881250 0.038021 0.028125
0 0.285938 0.879883 0.044792 0.030859
0 0.328125 0.879687 0.040625 0.030469
0 0.369792 0.873437 0.041667 0.043750
0 0.410156 0.872656 0.039062 0.042188
0 0.450781 0.868555 0.043229 0.049609
0 0.490625 0.867578 0.036458 0.046875
0 0.528125 0.870898 0.039583 0.039453
0 0.605208 0.875195 0.035417 0.036328
0 0.643229 0.874219 0.037500 0.035937
0 0.682813 0.873633 0.041667 0.037891
0 0.722135 0.873828 0.036979 0.039062
0 0.762500 0.873242 0.038542 0.040234
0 0.800260 0.873242 0.034896 0.041797
0 0.842448 0.873242 0.045312 0.041797
0 0.884115 0.875000 0.036979 0.045312
0 0.945573 0.881250 0.060937 0.029687
0 0.948438 0.849609 0.055208 0.033594
0 0.720052 0.831836 0.036979 0.043359
0 0.925000 0.742969 0.061458 0.060937
0 0.378125 0.487500 0.043750 0.054688
0 0.971615 0.350586 0.055729 0.062891
0 0.627344 0.619141 0.039062 0.054688
0 0.978125 0.743945 0.043750 0.059766
0 0.980990 0.620703 0.036979 0.055469
0 0.933073 0.621289 0.058854 0.057422
0 0.874479 0.621484 0.059375 0.057813
0 0.814583 0.620898 0.058333 0.056641
0 0.759375 0.622070 0.052083 0.054297
0 0.710417 0.620898 0.045833 0.054297
0 0.667188 0.619922 0.040625 0.057031
0 0.583594 0.616406 0.047396 0.058594
0 0.540104 0.615234 0.040625 0.056250
0 0.413542 0.620313 0.043750 0.056250
0 0.493750 0.621289 0.043750 0.061328
0 0.241927 0.613672 0.040104 0.056250
0 0.193229 0.623828 0.041667 0.049219
0 0.146354 0.621484 0.045833 0.057813
0 0.101042 0.621680 0.044792 0.059766
0 0.079427 0.555273 0.068229 0.063672
0 0.108854 0.491602 0.052083 0.053516
0 0.160677 0.490625 0.051562 0.051562
0 0.216146 0.491406 0.046875 0.053906
0 0.260156 0.490820 0.040104 0.051953
0 0.306510 0.491016 0.053646 0.051562
0 0.373177 0.619922 0.038021 0.056250
