0 0.277404 0.451283 0.041346 0.088403
0 0.232372 0.453541 0.044231 0.092918
0 0.650321 0.685718 0.044872 0.105276
0 0.238462 0.685837 0.043590 0.112643
0 0.294391 0.685718 0.063141 0.112405
0 0.357692 0.688569 0.056410 0.110979
0 0.418269 0.689163 0.053846 0.109791
0 0.471795 0.687619 0.046795 0.111454
0 0.516026 0.684886 0.039744 0.110741
0 0.557532 0.685005 0.038782 0.106702
0 0.602244 0.682510 0.041667 0.103612
0 0.929808 0.439758 0.040385 0.120485
0 0.699840 0.687025 0.047756 0.110266
0 0.752885 0.685480 0.051923 0.109553
0 0.807372 0.683222 0.043590 0.107414
0 0.852564 0.684767 0.041026 0.110504
0 0.906731 0.683579 0.044231 0.110504
0 0.952724 0.684886 0.043269 0.113118
0 0.988782 0.685599 0.022436 0.109791
0 0.024519 0.822956 0.045833 0.120722
0 0.079167 0.824263 0.056410 0.123337
0 0.151603 0.824857 0.067949 0.122148
0 0.213942 0.827947 0.050321 0.123574
0 0.282212 0.827709 0.069551 0.118821
0 0.344712 0.827353 0.049038 0.120485
0 0.365545 0.450689 0.041346 0.089591
0 0.322756 0.451046 0.042308 0.090304
0 0.410256 0.837928 0.053205 0.100285
0 0.468429 0.838047 0.049038 0.107177
0 0.524359 0.836264 0.055769 0.103612
0 0.583974 0.835789 0.044872 0.100285
0 0.635417 0.834838 0.049038 0.103137
0 0.183333 0.687500 0.060256 0.115970
0 0.120833 0.694510 0.058974 0.104800
0 0.062179 0.689639 0.053205 0.108840
0 0.016186 0.690708 0.032372 0.108603
0 0.882692 0.440946 0.039103 0.115732
0 0.845353 0.442609 0.026603 0.110029
0 0.807212 0.441065 0.036859 0.111692
0 0.761859 0.452947 0.039103 0.089354
0 0.720353 0.453303 0.039423 0.092443
0 0.681891 0.452828 0.033654 0.091492
0 0.641346 0.452353 0.042308 0.090542
0 0.594071 0.451402 0.037500 0.088641
0 0.543429 0.452828 0.044551 0.091492
0 0.501122 0.451402 0.034295 0.088641
0 0.457692 0.452115 0.039744 0.085314
0 0.413782 0.452115 0.044872 0.087690
0 0.048237 0.561431 0.056090 0.105276
0 0.102404 0.561549 0.047115 0.109316
0 0.697596 0.835670 0.046474 0.095770
0 0.160256 0.562500 0.051282 0.102186
0 0.268590 0.561787 0.054487 0.105038
0 0.323077 0.560480 0.051923 0.107177
0 0.376923 0.560955 0.051923 0.108127
0 0.428846 0.559886 0.047436 0.108365
0 0.479487 0.559529 0.046154 0.105276
0 0.531891 0.559767 0.049038 0.108127
0 0.579808 0.559886 0.042949 0.105989
0 0.631731 0.560124 0.053846 0.104087
0 0.686378 0.561431 0.051603 0.106702
0 0.735737 0.562262 0.041346 0.105989
0 0.789103 0.563213 0.056410 0.103612
0 0.845833 0.563213 0.055128 0.105989
0 0.916026 0.563451 0.066026 0.106464
0 0.974840 0.564163 0.043910 0.105513
0 0.213782 0.562975 0.046795 0.105513
0 0.753045 0.834482 0.058654 0.097671
0 0.986378 0.445105 0.027244 0.112643
0 0.862981 0.834838 0.046474 0.100760
0 0.924199 0.189876 0.050962 0.017586
0 0.977083 0.186549 0.045833 0.017586
0 0.977083 0.211502 0.045833 0.026141
0 0.934295 0.212809 0.028205 0.024477
0 0.034455 0.316065 0.043910 0.095532
0 0.129327 0.319273 0.038782 0.092443
0 0.180128 0.320936 0.050641 0.091492
0 0.228526 0.322362 0.042308 0.091968
0 0.275160 0.323432 0.045833 0.094106
0 0.325641 0.324739 0.044872 0.091968
0 0.372756 0.324976 0.041667 0.089591
0 0.417308 0.325214 0.039744 0.091017
0 0.461378 0.326996 0.044551 0.089829
0 0.507372 0.326996 0.037179 0.092205
0 0.555929 0.327115 0.044551 0.093869
0 0.601763 0.326640 0.037500 0.095770
0 0.183654 0.452234 0.048718 0.090304
0 0.135096 0.450927 0.041346 0.092443
0 0.090064 0.448075 0.041026 0.091017
0 0.814263 0.835789 0.041346 0.096008
0 0.041827 0.447956 0.049679 0.091255
0 0.988782 0.326996 0.022436 0.098859
0 0.899679 0.324026 0.033333 0.104325
0 0.860897 0.325214 0.032692 0.100048
0 0.824038 0.324620 0.030128 0.101236
0 0.784615 0.326283 0.041026 0.095057
0 0.736538 0.326164 0.044231 0.094819
0 0.690705 0.327947 0.039103 0.096483
0 0.648397 0.327947 0.037821 0.094106
0 0.863141 0.190114 0.049359 0.018061
0 0.882212 0.165756 0.047756 0.022101
0 0.081891 0.318916 0.043269 0.091730
0 0.522596 0.129990 0.058654 0.081274
0 0.914583 0.837690 0.041346 0.095057
0 0.961218 0.834838 0.041667 0.094106
0 0.022436 0.197719 0.038462 0.087928
0 0.066506 0.199026 0.043269 0.090542
0 0.116186 0.199739 0.043910 0.090067
0 0.169231 0.207937 0.047436 0.080798
0 0.215385 0.210551 0.041026 0.076996
0 0.274519 0.231702 0.066346 0.036597
0 0.436699 0.152091 0.044551 0.035646
0 0.408974 0.234672 0.066026 0.038260
0 0.475481 0.236217 0.063141 0.038973
0 0.542308 0.239544 0.057692 0.036597
0 0.601763 0.241801 0.056090 0.038736
0 0.664423 0.239425 0.057692 0.033983
0 0.726282 0.215423 0.039103 0.091492
0 0.338462 0.232652 0.061538 0.038498
0 0.804327 0.216136 0.024679 0.088165
0 0.767949 0.215898 0.036538 0.092443
0 0.724359 0.158389 0.047436 0.018774
0 0.665865 0.160884 0.041987 0.028042
0 0.620513 0.159458 0.041026 0.027567
0 0.666346 0.201046 0.061538 0.037548
0 0.541346 0.198432 0.064744 0.043726
0 0.603045 0.200452 0.052244 0.040637
0 0.405929 0.192253 0.066346 0.045152
0 0.339904 0.189520 0.064423 0.043964
0 0.274199 0.189876 0.062500 0.044202
0 0.903045 0.231939 0.027244 0.060361
0 0.872115 0.231820 0.024359 0.057747
0 0.841506 0.230394 0.034295 0.059648
0 0.475160 0.195223 0.062500 0.039686
