0 0.279003 0.418505 0.017157 0.045343
0 0.953636 0.374387 0.035539 0.075368
0 0.047590 0.383272 0.023284 0.052083
0 0.778799 0.198683 0.021650 0.072610
0 0.020221 0.381434 0.025735 0.051471
0 0.318219 0.554381 0.013889 0.053615
0 0.303717 0.550705 0.013480 0.050551
0 0.286356 0.548407 0.017974 0.044730
0 0.239992 0.482230 0.075572 0.033088
0 0.191381 0.479473 0.020833 0.020833
0 0.163603 0.477788 0.023284 0.018689
0 0.138889 0.473192 0.016340 0.017463
0 0.119281 0.468290 0.016340 0.021140
0 0.103145 0.470435 0.016748 0.019914
0 0.185662 0.450674 0.020833 0.026348
0 0.164828 0.449755 0.018382 0.031863
0 0.141340 0.447151 0.021242 0.029718
0 0.121732 0.443168 0.017974 0.029105
0 0.101103 0.442249 0.020016 0.030944
0 0.079248 0.459559 0.022876 0.036152
0 0.051675 0.454810 0.024918 0.029718
0 0.024101 0.449908 0.022876 0.024816
0 0.803309 0.199449 0.024918 0.065564
0 0.831495 0.198529 0.023284 0.058824
0 0.748775 0.199755 0.026144 0.070466
0 0.721609 0.200674 0.022467 0.065564
0 0.694036 0.201440 0.024510 0.069547
0 0.669935 0.207414 0.022876 0.065564
0 0.667279 0.448070 0.024101 0.054228
0 0.640114 0.445312 0.023693 0.058517
0 0.616422 0.443321 0.022876 0.055760
0 0.591095 0.444547 0.022059 0.056985
0 0.526961 0.437347 0.015523 0.051777
0 0.504493 0.435049 0.021242 0.051471
0 0.482026 0.436887 0.018791 0.049632
0 0.462418 0.433977 0.019608 0.051777
0 0.444649 0.432598 0.015931 0.047794
0 0.425041 0.429841 0.020016 0.049020
0 0.857639 0.195466 0.025735 0.062500
0 0.406863 0.428768 0.015523 0.046875
0 0.375408 0.427543 0.017157 0.044424
0 0.358252 0.425858 0.014706 0.047794
0 0.341912 0.423560 0.014706 0.049939
0 0.327206 0.422181 0.009804 0.044118
0 0.514502 0.216452 0.023284 0.054228
0 0.537786 0.213695 0.023284 0.058517
0 0.564542 0.213235 0.026961 0.058824
0 0.590278 0.211244 0.020425 0.060968
0 0.615809 0.210631 0.029003 0.059130
0 0.641340 0.208487 0.022876 0.063419
0 0.391340 0.427390 0.013072 0.046569
0 0.691993 0.451287 0.023693 0.059436
0 0.885825 0.193627 0.028186 0.059436
0 0.974469 0.187500 0.030637 0.066176
0 0.926471 0.278646 0.031046 0.076900
0 0.962010 0.275735 0.034314 0.079657
0 0.277369 0.360600 0.017974 0.052696
0 0.294526 0.360141 0.013072 0.055453
0 0.307802 0.360907 0.011029 0.055760
0 0.310458 0.421109 0.016340 0.047488
0 0.294935 0.419118 0.013889 0.044730
0 0.322508 0.361366 0.015114 0.053002
0 0.337010 0.361673 0.011438 0.052390
0 0.352124 0.362592 0.013072 0.054228
0 0.371119 0.363051 0.015931 0.052696
0 0.389910 0.362745 0.017565 0.053309
0 0.410131 0.362286 0.022059 0.050551
0 0.604371 0.372702 0.024101 0.063419
0 0.630719 0.369638 0.022876 0.060968
0 0.656046 0.370251 0.026961 0.061581
0 0.250204 0.415288 0.034722 0.028493
0 0.917279 0.372855 0.033905 0.071691
0 0.883987 0.372702 0.028595 0.070772
0 0.853962 0.371324 0.021650 0.068627
0 0.735703 0.369792 0.032680 0.063113
0 0.893995 0.279565 0.030637 0.071998
0 0.861111 0.282475 0.032680 0.068015
0 0.827819 0.283548 0.027369 0.071998
0 0.799632 0.284620 0.024101 0.069853
0 0.270016 0.301471 0.013889 0.052083
0 0.286560 0.300245 0.015114 0.052696
0 0.301266 0.299939 0.011846 0.052696
0 0.316993 0.300858 0.014706 0.048407
0 0.334150 0.300705 0.017157 0.045650
0 0.350286 0.299786 0.013480 0.049326
0 0.372345 0.300705 0.024918 0.048100
0 0.407271 0.299939 0.019608 0.057598
0 0.426266 0.299479 0.018382 0.058517
0 0.448529 0.296262 0.020425 0.056985
0 0.915645 0.190564 0.030637 0.064338
0 0.468750 0.295343 0.017565 0.056373
0 0.507761 0.293352 0.027778 0.060355
0 0.535335 0.293964 0.025735 0.059130
0 0.575776 0.291054 0.024101 0.058824
0 0.602328 0.291820 0.023284 0.057904
0 0.626021 0.290748 0.024101 0.060662
0 0.654208 0.287531 0.027369 0.060968
0 0.700368 0.291207 0.029820 0.061581
0 0.727737 0.286765 0.020016 0.065564
0 0.749387 0.287071 0.020833 0.066789
0 0.770425 0.285846 0.019608 0.069853
0 0.486111 0.295650 0.016340 0.055760
0 0.721201 0.451746 0.028186 0.060355
0 0.073529 0.386949 0.025327 0.056985
0 0.772672 0.456036 0.024101 0.059743
0 0.464461 0.581036 0.019608 0.054228
0 0.444240 0.581189 0.015114 0.053922
0 0.427083 0.577053 0.012663 0.051164
0 0.413603 0.575214 0.014297 0.054841
0 0.398080 0.570466 0.012663 0.050858
0 0.380515 0.567555 0.016748 0.050551
0 0.363766 0.563725 0.015114 0.053922
0 0.350082 0.557904 0.013072 0.058211
0 0.334559 0.554841 0.013889 0.052696
0 0.108660 0.391697 0.027778 0.043199
0 0.139910 0.395680 0.029003 0.047488
0 0.176879 0.399969 0.031863 0.048100
0 0.890319 0.668811 0.098448 0.061275
0 0.893587 0.561121 0.100899 0.072610
0 0.146446 0.248315 0.020833 0.064645
0 0.171160 0.245711 0.023693 0.069853
0 0.193627 0.246324 0.018791 0.071078
0 0.068015 0.329963 0.029003 0.047794
0 0.099877 0.328125 0.031454 0.052696
0 0.186070 0.324602 0.035539 0.066483
0 0.413194 0.656556 0.013480 0.045343
0 0.484681 0.581036 0.020833 0.048100
0 0.277778 0.622396 0.014706 0.041973
0 0.293096 0.624847 0.013480 0.041360
0 0.308007 0.630515 0.011438 0.044730
0 0.426062 0.662071 0.010621 0.049020
0 0.441585 0.664982 0.013072 0.044424
0 0.459763 0.668811 0.017565 0.051471
0 0.478758 0.675092 0.016340 0.048713
0 0.503268 0.679381 0.026144 0.051164
0 0.529820 0.688725 0.014706 0.050858
0 0.550858 0.692708 0.024101 0.053922
0 0.579248 0.701134 0.023693 0.047488
0 0.600082 0.704657 0.018791 0.056373
0 0.621324 0.710938 0.022059 0.051777
0 0.218137 0.592218 0.039216 0.024510
0 0.650123 0.721048 0.022467 0.048100
0 0.702410 0.727482 0.026552 0.053615
0 0.736724 0.716605 0.020016 0.053309
0 0.762051 0.717371 0.028186 0.046875
0 0.793505 0.650582 0.083742 0.076900
0 0.381332 0.648438 0.011029 0.045650
0 0.745507 0.450827 0.019608 0.058517
0 0.365400 0.645221 0.015114 0.050245
0 0.350286 0.638634 0.013480 0.043811
0 0.334763 0.636029 0.014297 0.047794
0 0.322100 0.632047 0.011029 0.040441
0 0.676675 0.720588 0.025735 0.053309
0 0.164624 0.600797 0.035948 0.028186
0 0.162786 0.574142 0.039624 0.023284
0 0.052492 0.568934 0.029820 0.023897
0 0.588644 0.518229 0.021242 0.061581
0 0.567810 0.516850 0.018791 0.061887
0 0.546364 0.513327 0.019199 0.057904
0 0.524510 0.513787 0.017974 0.055760
0 0.501021 0.509651 0.021650 0.049326
0 0.479167 0.505362 0.017157 0.054841
0 0.461397 0.503064 0.013480 0.054534
0 0.444649 0.501072 0.015931 0.057292
0 0.428309 0.499081 0.015114 0.053922
0 0.410743 0.497089 0.012663 0.054841
0 0.396446 0.494179 0.015931 0.047794
0 0.377451 0.492953 0.013889 0.049020
0 0.361928 0.490656 0.015523 0.049326
0 0.346201 0.488817 0.012663 0.051164
0 0.332108 0.485907 0.013072 0.048407
0 0.317606 0.485447 0.012663 0.049939
0 0.302696 0.481618 0.014706 0.043505
0 0.286152 0.481464 0.017565 0.045037
0 0.965686 0.467065 0.034314 0.072610
0 0.928105 0.465074 0.034314 0.076593
0 0.897059 0.464614 0.026144 0.072610
0 0.871324 0.467065 0.024510 0.067096
0 0.803309 0.459099 0.031454 0.067096
0 0.611520 0.519914 0.017157 0.065564
0 0.632966 0.526042 0.020016 0.056373
0 0.654820 0.530637 0.021242 0.062500
0 0.678922 0.530944 0.022876 0.063113
0 0.087214 0.582108 0.034722 0.025735
0 0.122549 0.594210 0.030229 0.026042
0 0.163603 0.535233 0.041258 0.026348
0 0.121119 0.524816 0.031454 0.021446
0 0.083742 0.517157 0.038399 0.025123
0 0.492443 0.219056 0.018382 0.058824
0 0.470180 0.220588 0.020425 0.056985
0 0.452410 0.224265 0.013480 0.058824
0 0.434641 0.227328 0.017157 0.057598
0 0.414624 0.226409 0.016340 0.054534
0 0.396650 0.229626 0.020425 0.053615
0 0.221814 0.621630 0.057190 0.022059
0 0.377042 0.229473 0.016340 0.050858
0 0.357843 0.232537 0.017974 0.051471
0 0.212623 0.412377 0.031454 0.030025
0 0.340686 0.232690 0.015523 0.049939
0 0.322712 0.234681 0.018791 0.047794
0 0.302083 0.236826 0.020833 0.049632
0 0.278186 0.238971 0.019608 0.048407
0 0.733047 0.539216 0.027369 0.058211
0 0.705474 0.534467 0.025327 0.064645
0 0.397876 0.653799 0.012255 0.048407
