0 0.971318 0.320793 0.027397 0.045913
0 0.985445 0.251322 0.029110 0.037740
0 0.941995 0.252764 0.038955 0.038221
0 0.453339 0.277885 0.057363 0.024038
0 0.185788 0.134976 0.032534 0.037740
0 0.146832 0.136058 0.038527 0.039904
0 0.345676 0.132812 0.070634 0.045433
0 0.276327 0.132933 0.055223 0.045673
0 0.224957 0.135817 0.040668 0.039423
0 0.393836 0.278846 0.056507 0.025962
0 0.486087 0.462500 0.051798 0.022596
0 0.955693 0.136899 0.022688 0.041587
0 0.486729 0.117548 0.066781 0.079327
0 0.186002 0.763221 0.037243 0.028365
0 0.137414 0.763942 0.041096 0.029808
0 0.093108 0.768269 0.040668 0.023558
0 0.049015 0.769111 0.036387 0.022837
0 0.204195 0.700361 0.060788 0.018990
0 0.148330 0.690986 0.032106 0.039663
0 0.100171 0.689904 0.041952 0.027404
0 0.023330 0.696635 0.038099 0.028846
0 0.297731 0.705769 0.075771 0.032212
0 0.362372 0.702764 0.041524 0.038702
0 0.232021 0.762380 0.036815 0.026683
0 0.410317 0.700361 0.041524 0.038702
0 0.505351 0.704087 0.046661 0.028846
0 0.572346 0.705409 0.079623 0.021394
0 0.660103 0.696514 0.070205 0.035817
0 0.739940 0.702885 0.062072 0.026442
0 0.801156 0.696875 0.048373 0.024038
0 0.868793 0.704688 0.065497 0.019952
0 0.980950 0.680769 0.038099 0.016827
0 0.914812 0.682452 0.077055 0.017788
0 0.919307 0.661178 0.060360 0.017067
0 0.923801 0.640144 0.064212 0.014423
0 0.458048 0.704567 0.044521 0.027404
0 0.415882 0.120072 0.061216 0.071875
0 0.274829 0.762380 0.039384 0.026683
0 0.368793 0.758053 0.037243 0.035337
0 0.547303 0.132933 0.042380 0.045673
0 0.611087 0.118510 0.068921 0.076442
0 0.685360 0.120313 0.067637 0.077644
0 0.756207 0.121274 0.063784 0.074279
0 0.812072 0.130288 0.030822 0.052885
0 0.986515 0.133293 0.026969 0.051683
0 0.937928 0.318990 0.030822 0.042308
0 0.926156 0.139063 0.029538 0.040625
0 0.958262 0.419231 0.040668 0.022596
0 0.963399 0.484856 0.038099 0.015385
0 0.324486 0.754928 0.041096 0.029087
0 0.959332 0.464663 0.038527 0.017308
0 0.950128 0.745433 0.024401 0.037019
0 0.911601 0.741707 0.026969 0.042067
0 0.868151 0.749639 0.045377 0.038221
0 0.812500 0.749159 0.048801 0.034856
0 0.761772 0.750601 0.048373 0.035337
0 0.665026 0.751683 0.057791 0.035096
0 0.525685 0.753005 0.058219 0.031490
0 0.475171 0.755409 0.029966 0.034856
0 0.437928 0.755288 0.030822 0.032212
0 0.404752 0.757452 0.026113 0.036538
0 0.983091 0.741707 0.033818 0.046875
0 0.851884 0.372837 0.035103 0.068269
0 0.181721 0.471154 0.036387 0.014423
0 0.723031 0.373798 0.068493 0.067788
0 0.311216 0.580769 0.032534 0.038462
0 0.349101 0.581731 0.032106 0.038462
0 0.388271 0.580529 0.032534 0.038462
0 0.502783 0.579808 0.032962 0.037500
0 0.465539 0.579327 0.037243 0.037019
0 0.426370 0.581250 0.037671 0.037019
0 0.542594 0.579808 0.037243 0.037019
0 0.582192 0.578125 0.037671 0.038942
0 0.620719 0.575120 0.035103 0.040144
0 0.271832 0.582332 0.032534 0.038702
0 0.666738 0.573798 0.047517 0.039904
0 0.765839 0.577284 0.043664 0.039663
0 0.815068 0.577404 0.045377 0.039904
0 0.796019 0.372356 0.060360 0.064904
0 0.866224 0.577764 0.041524 0.040625
0 0.849743 0.631130 0.061644 0.035817
0 0.791524 0.634856 0.051370 0.038462
0 0.549872 0.518029 0.034675 0.042788
0 0.550300 0.452404 0.066353 0.010096
0 0.437928 0.519471 0.033390 0.039423
0 0.717680 0.575240 0.044092 0.035577
0 0.116010 0.254447 0.034247 0.041587
0 0.082192 0.254327 0.028253 0.038942
0 0.045805 0.255288 0.038527 0.038462
0 0.552868 0.466466 0.062072 0.010817
0 0.606378 0.451803 0.024401 0.045913
0 0.639341 0.450962 0.023545 0.046635
0 0.671447 0.448678 0.026113 0.046875
0 0.706764 0.451803 0.024829 0.042548
0 0.737372 0.451322 0.026113 0.042548
0 0.762200 0.450000 0.017551 0.041827
0 0.787885 0.451923 0.017551 0.041827
0 0.814426 0.452404 0.017551 0.041827
0 0.852954 0.451562 0.037243 0.037740
0 0.892337 0.452284 0.032106 0.041587
0 0.849101 0.505288 0.029538 0.038942
0 0.820205 0.506731 0.020548 0.037019
0 0.897474 0.510337 0.029538 0.046635
0 0.787885 0.512380 0.040668 0.042548
0 0.748074 0.511298 0.034675 0.044231
0 0.710188 0.516707 0.035103 0.032452
0 0.659675 0.515865 0.035103 0.037500
0 0.624786 0.519832 0.028682 0.037260
0 0.586687 0.518990 0.034675 0.042788
0 0.044521 0.320553 0.049658 0.025721
0 0.473459 0.516106 0.033390 0.039423
0 0.311430 0.527524 0.043236 0.020913
0 0.513271 0.518269 0.033390 0.039423
0 0.400899 0.521755 0.031250 0.030048
0 0.595462 0.646514 0.037671 0.027163
0 0.641053 0.643870 0.044949 0.031971
0 0.688998 0.640264 0.044092 0.031971
0 0.739084 0.640625 0.047517 0.030288
0 0.432363 0.458293 0.048801 0.031971
0 0.387414 0.454327 0.035103 0.045673
0 0.337757 0.455769 0.050514 0.036538
0 0.284461 0.453846 0.049229 0.039904
0 0.224743 0.469471 0.044521 0.012019
0 0.138485 0.452644 0.026113 0.050000
0 0.080693 0.462260 0.046661 0.049519
0 0.025257 0.461899 0.046233 0.063702
0 0.038313 0.388582 0.054366 0.043029
0 0.118579 0.385457 0.043664 0.048798
0 0.172089 0.382091 0.048801 0.054567
0 0.220676 0.387861 0.044949 0.043990
0 0.280180 0.374519 0.040668 0.069231
0 0.326841 0.376923 0.041524 0.069231
0 0.374144 0.375481 0.039384 0.071154
0 0.475385 0.380409 0.039812 0.063702
0 0.534247 0.377043 0.053938 0.066587
0 0.591610 0.376322 0.047089 0.068029
0 0.649187 0.374760 0.061216 0.067308
0 0.547517 0.643029 0.047089 0.032692
0 0.354880 0.527404 0.042808 0.021154
0 0.491866 0.643389 0.050514 0.032933
0 0.405608 0.644231 0.036387 0.033654
0 0.275043 0.530409 0.021832 0.010337
0 0.219606 0.534495 0.029966 0.013221
0 0.229452 0.509495 0.035959 0.022837
0 0.181293 0.527404 0.041524 0.031250
0 0.119007 0.529808 0.071062 0.021154
0 0.052654 0.529207 0.056507 0.022356
0 0.050728 0.574639 0.039812 0.029567
0 0.446918 0.645072 0.035103 0.034375
0 0.097175 0.570312 0.031678 0.028125
0 0.100385 0.323558 0.050942 0.026442
0 0.364298 0.646034 0.037671 0.036298
0 0.181507 0.583894 0.036815 0.037981
0 0.323416 0.647716 0.038955 0.037260
0 0.282534 0.646274 0.036815 0.034375
0 0.243793 0.639543 0.025257 0.030529
0 0.194349 0.648438 0.049658 0.028606
0 0.069777 0.638582 0.065068 0.023798
0 0.136558 0.573918 0.035103 0.028125
0 0.135916 0.634014 0.047517 0.017067
