0 0.621094 0.634570 0.047396 0.020703
0 0.672396 0.634375 0.048958 0.025000
0 0.722917 0.633398 0.045833 0.024609
0 0.772396 0.633203 0.050000 0.025000
0 0.744531 0.586914 0.045312 0.022266
0 0.878646 0.608789 0.051042 0.023047
0 0.825521 0.634766 0.048958 0.028125
0 0.877865 0.634570 0.052604 0.026953
0 0.956250 0.630469 0.086458 0.024219
0 0.564323 0.631641 0.048438 0.021875
0 0.668490 0.567383 0.044271 0.020703
0 0.828385 0.608203 0.048438 0.024219
0 0.511198 0.634766 0.055729 0.021094
0 0.577083 0.412891 0.068750 0.025000
0 0.265885 0.407813 0.076563 0.033594
0 0.344792 0.408789 0.080208 0.033203
0 0.424219 0.411133 0.074479 0.030859
0 0.499219 0.412500 0.072396 0.028125
0 0.578646 0.386719 0.067708 0.027344
0 0.646094 0.385352 0.066146 0.026953
0 0.650521 0.413477 0.068750 0.026172
0 0.721354 0.385352 0.075000 0.026953
0 0.722917 0.413672 0.071875 0.026562
0 0.797917 0.414453 0.051042 0.025781
0 0.850781 0.414062 0.052604 0.025000
0 0.114583 0.719141 0.052083 0.021094
0 0.182552 0.408203 0.080729 0.032031
0 0.114062 0.740430 0.050000 0.021484
0 0.528906 0.700000 0.072396 0.009375
0 0.214062 0.740234 0.045833 0.023438
0 0.690104 0.872852 0.056250 0.023047
0 0.750260 0.872852 0.059896 0.020703
0 0.808073 0.845508 0.042188 0.016016
0 0.814323 0.871484 0.045312 0.017969
0 0.863542 0.870117 0.048958 0.020703
0 0.936719 0.870898 0.066146 0.023828
0 0.985677 0.869727 0.028646 0.026172
0 0.848437 0.731836 0.072917 0.023047
0 0.561458 0.883984 0.061458 0.021875
0 0.556771 0.848437 0.061458 0.021875
0 0.504948 0.860742 0.033854 0.053516
0 0.464323 0.863477 0.038021 0.052734
0 0.422917 0.864453 0.043750 0.056250
0 0.373437 0.885547 0.052083 0.019531
0 0.321615 0.881836 0.049479 0.023047
0 0.263802 0.880859 0.063021 0.027344
0 0.264583 0.850781 0.067708 0.033594
0 0.311458 0.735742 0.051042 0.023828
0 0.362240 0.736328 0.051562 0.025000
0 0.413802 0.735742 0.047396 0.026172
0 0.464062 0.733984 0.046875 0.022656
0 0.530729 0.734766 0.079167 0.028906
0 0.612240 0.736523 0.077604 0.026953
0 0.164323 0.741406 0.050521 0.023438
0 0.612240 0.706250 0.083854 0.028906
0 0.528646 0.689258 0.071875 0.011328
0 0.902083 0.414648 0.047917 0.023828
0 0.530208 0.711914 0.078125 0.013672
0 0.118750 0.880859 0.072917 0.032031
0 0.178385 0.864258 0.034896 0.055859
0 0.213021 0.865430 0.031250 0.055859
0 0.526563 0.676953 0.073958 0.012500
0 0.963281 0.388086 0.065104 0.027734
0 0.278385 0.500195 0.051562 0.073047
0 0.105469 0.500000 0.058854 0.071094
0 0.187500 0.374023 0.078125 0.032422
0 0.110417 0.373047 0.071875 0.033594
0 0.202344 0.340430 0.079687 0.030078
0 0.128646 0.340430 0.067708 0.029297
0 0.960677 0.273242 0.050521 0.076953
0 0.890365 0.293555 0.083854 0.031641
0 0.806250 0.293164 0.083333 0.031641
0 0.715104 0.293164 0.084375 0.033984
0 0.615625 0.288281 0.096875 0.041406
0 0.489844 0.248633 0.104688 0.037891
0 0.511198 0.289844 0.096354 0.039062
0 0.410677 0.289258 0.094271 0.035547
0 0.335938 0.274805 0.048958 0.063672
0 0.287240 0.273242 0.043229 0.062891
0 0.238802 0.269531 0.046354 0.070312
0 0.195312 0.269141 0.042708 0.071094
0 0.148698 0.266406 0.050521 0.066406
0 0.103125 0.407227 0.077083 0.032422
0 0.093490 0.265430 0.054688 0.069141
0 0.435677 0.484766 0.075521 0.026562
0 0.516667 0.484570 0.079167 0.031641
0 0.626563 0.852344 0.061458 0.019531
0 0.509375 0.605664 0.055208 0.021484
0 0.451562 0.635742 0.057292 0.019922
0 0.450781 0.613867 0.060937 0.021484
0 0.390104 0.635742 0.063542 0.019922
0 0.391406 0.613672 0.058854 0.021094
0 0.330208 0.607617 0.060417 0.025391
0 0.327865 0.632812 0.061979 0.023438
0 0.261198 0.633594 0.070312 0.023438
0 0.190625 0.633594 0.071875 0.025781
0 0.120052 0.634961 0.069271 0.026172
0 0.950260 0.523047 0.068229 0.027344
0 0.873437 0.526953 0.078125 0.026562
0 0.797917 0.526172 0.072917 0.026562
0 0.599479 0.518945 0.073958 0.030859
0 0.594792 0.483594 0.073958 0.028906
0 0.520052 0.524023 0.082812 0.029297
0 0.435417 0.522852 0.078125 0.031641
0 0.976823 0.169922 0.042188 0.034375
0 0.925521 0.172070 0.053125 0.031641
0 0.871094 0.172070 0.051562 0.026953
0 0.440365 0.132422 0.081771 0.021094
0 0.450000 0.160742 0.090625 0.036328
0 0.355729 0.160352 0.091667 0.038672
0 0.346615 0.132422 0.080729 0.016406
0 0.346875 0.114844 0.081250 0.018750
0 0.204167 0.094141 0.080208 0.027344
0 0.201823 0.125391 0.078646 0.030469
0 0.195052 0.157812 0.083854 0.035156
0 0.100000 0.153711 0.105208 0.044141
0 0.111979 0.119141 0.097917 0.025000
0 0.441146 0.456445 0.073958 0.026953
0 0.370833 0.506445 0.043750 0.065234
0 0.327344 0.505664 0.042188 0.068359
0 0.222396 0.499609 0.056250 0.070312
0 0.163281 0.500586 0.057813 0.072266
0 0.439583 0.114258 0.077083 0.012891
0 0.960677 0.415430 0.063021 0.023047
0 0.624479 0.878516 0.061458 0.025000
0 0.816146 0.171680 0.055208 0.026172
0 0.759635 0.171875 0.056771 0.026562
0 0.691146 0.171289 0.058333 0.024609
0 0.625781 0.169141 0.070312 0.028125
0 0.541927 0.165430 0.085938 0.034766
0 0.540104 0.127539 0.088542 0.039453
