0 0.483073 0.726367 0.032813 0.048828
0 0.519271 0.713672 0.033333 0.053906
0 0.589063 0.700977 0.033333 0.044141
0 0.747135 0.697070 0.050521 0.051953
0 0.398958 0.737109 0.041667 0.054688
0 0.338802 0.748242 0.076563 0.074609
0 0.265625 0.757422 0.071875 0.060156
0 0.179948 0.766797 0.084896 0.096094
0 0.095833 0.780664 0.085417 0.096484
0 0.693229 0.692773 0.053125 0.045703
0 0.614062 0.696680 0.015625 0.037891
0 0.822396 0.708008 0.075000 0.036328
0 0.893750 0.712695 0.066667 0.046484
0 0.963802 0.731836 0.064062 0.025391
0 0.442969 0.733984 0.047396 0.060937
0 0.635938 0.693750 0.025000 0.042188
0 0.446615 0.146484 0.041146 0.064844
0 0.588021 0.624805 0.034375 0.058984
0 0.654427 0.493750 0.016146 0.021875
0 0.633594 0.496484 0.019271 0.022656
0 0.671875 0.470508 0.014583 0.022266
0 0.653906 0.470313 0.019271 0.023438
0 0.633854 0.471289 0.019792 0.026953
0 0.574740 0.495703 0.020313 0.025000
0 0.546875 0.490430 0.033333 0.046484
0 0.512500 0.492188 0.034375 0.048438
0 0.474219 0.495117 0.030729 0.043359
0 0.433854 0.490430 0.043750 0.054297
0 0.358854 0.494922 0.044792 0.056250
0 0.308333 0.496484 0.054167 0.053906
0 0.253906 0.495312 0.051562 0.073438
0 0.601823 0.391992 0.023438 0.023047
0 0.661458 0.413086 0.030208 0.042578
0 0.671615 0.493164 0.014063 0.019922
0 0.653385 0.560352 0.026562 0.034766
0 0.626302 0.559961 0.019271 0.030078
0 0.596094 0.570703 0.034896 0.021875
0 0.548177 0.631641 0.040104 0.055469
0 0.506771 0.637891 0.042708 0.057813
0 0.462500 0.643555 0.036458 0.048828
0 0.424740 0.650391 0.038021 0.060156
0 0.378906 0.658984 0.044271 0.051562
0 0.328646 0.666406 0.050000 0.064844
0 0.283594 0.665234 0.041146 0.070312
0 0.631250 0.616797 0.039583 0.053125
0 0.242448 0.671680 0.040104 0.078516
0 0.185156 0.552344 0.085938 0.096094
0 0.338021 0.572852 0.069792 0.065234
0 0.965104 0.704297 0.059375 0.028906
0 0.408073 0.583984 0.065104 0.039844
0 0.469271 0.576562 0.056250 0.027344
0 0.519792 0.576758 0.040625 0.025391
0 0.558073 0.574414 0.038021 0.019141
0 0.094531 0.558203 0.088021 0.107031
0 0.698438 0.620898 0.063542 0.039453
0 0.441927 0.214453 0.035937 0.066406
0 0.826042 0.630859 0.061458 0.041406
0 0.974479 0.568164 0.048958 0.047266
0 0.266667 0.127344 0.043750 0.032813
0 0.310937 0.131250 0.042708 0.039062
0 0.054167 0.192578 0.063542 0.049219
0 0.117969 0.151172 0.056771 0.042969
0 0.053646 0.143945 0.058333 0.042578
0 0.117448 0.101562 0.059896 0.050000
0 0.723177 0.415234 0.066146 0.044531
0 0.057031 0.098633 0.056771 0.044141
0 0.628906 0.416992 0.030729 0.038672
0 0.478125 0.216797 0.022917 0.072656
0 0.506250 0.218750 0.030208 0.070312
0 0.536458 0.221094 0.029167 0.071875
0 0.593229 0.233008 0.028125 0.053516
0 0.635677 0.235352 0.044271 0.058203
0 0.676042 0.240234 0.035417 0.055469
0 0.399219 0.210352 0.040104 0.066016
0 0.738281 0.254297 0.061979 0.026562
0 0.786458 0.418164 0.062500 0.050391
0 0.918750 0.423242 0.066667 0.046484
0 0.361458 0.131836 0.041667 0.066797
0 0.358854 0.207617 0.040625 0.070703
0 0.291406 0.191992 0.081771 0.080859
0 0.173177 0.178711 0.044271 0.086328
0 0.225521 0.186523 0.046875 0.088672
0 0.118750 0.198828 0.054167 0.046094
0 0.919531 0.565625 0.056771 0.049219
0 0.851302 0.421289 0.067187 0.044141
0 0.857812 0.562500 0.066667 0.042188
0 0.707552 0.546875 0.065104 0.053906
0 0.717448 0.480469 0.065104 0.045312
0 0.787240 0.484961 0.070312 0.052734
0 0.855990 0.488086 0.066146 0.048047
0 0.920312 0.492188 0.062500 0.039844
0 0.977083 0.495117 0.045833 0.040234
0 0.977083 0.425391 0.045833 0.043750
0 0.768750 0.550781 0.057292 0.057813
0 0.740104 0.229687 0.057292 0.023438
0 0.797917 0.255859 0.054167 0.029687
0 0.854948 0.257617 0.050521 0.032422
0 0.094792 0.449414 0.095833 0.082422
0 0.184115 0.447656 0.082812 0.080469
0 0.263802 0.420117 0.071354 0.054297
0 0.332292 0.415430 0.061458 0.058984
0 0.377344 0.418750 0.028646 0.051562
0 0.407813 0.420898 0.032292 0.048047
0 0.438021 0.424609 0.019792 0.016406
0 0.095312 0.316602 0.098958 0.088672
0 0.460677 0.423828 0.020313 0.018750
0 0.457813 0.400977 0.019792 0.026172
0 0.482552 0.423438 0.019271 0.018750
0 0.503906 0.421875 0.021354 0.017969
0 0.531510 0.419727 0.027604 0.047266
0 0.560417 0.417187 0.028125 0.042188
0 0.945052 0.638867 0.055729 0.043359
0 0.886458 0.635352 0.060417 0.047266
0 0.437760 0.402734 0.019271 0.026562
0 0.402344 0.139258 0.038021 0.070703
0 0.193229 0.318945 0.090625 0.090234
0 0.266667 0.333984 0.054167 0.056250
0 0.906771 0.259570 0.047917 0.028516
0 0.955729 0.259375 0.043750 0.029687
0 0.933073 0.352539 0.070312 0.032422
0 0.865104 0.350000 0.063542 0.033594
0 0.798177 0.348633 0.063021 0.030859
0 0.732552 0.345313 0.064062 0.034375
0 0.632552 0.305469 0.025521 0.043750
0 0.600521 0.348633 0.031250 0.042578
0 0.628906 0.348438 0.022396 0.039844
0 0.649740 0.358008 0.019271 0.019141
0 0.672135 0.358008 0.019271 0.017578
0 0.555208 0.359766 0.039583 0.014063
0 0.511719 0.338281 0.045312 0.054688
0 0.463021 0.337500 0.048958 0.053906
0 0.416146 0.336133 0.044792 0.055859
0 0.370052 0.336133 0.046354 0.054297
0 0.321875 0.333594 0.048958 0.057813
0 0.761719 0.625781 0.064062 0.046875
0 0.595313 0.422266 0.032292 0.035937
