0 0.983864 0.714154 0.013480 0.057598
0 0.883170 0.577359 0.015523 0.066483
0 0.939747 0.493566 0.014297 0.061887
0 0.923815 0.493260 0.014297 0.063725
0 0.900327 0.494792 0.020425 0.069240
0 0.881740 0.497549 0.016748 0.063725
0 0.860498 0.497549 0.024918 0.066789
0 0.839869 0.510417 0.017974 0.041667
0 0.758170 0.288909 0.019608 0.045343
0 0.779003 0.290594 0.018791 0.046875
0 0.982843 0.490809 0.023693 0.056373
0 0.796773 0.290748 0.020833 0.041667
0 0.842116 0.296569 0.013480 0.042892
0 0.860294 0.297335 0.016340 0.047488
0 0.879902 0.300398 0.026144 0.038297
0 0.902369 0.299173 0.019608 0.045037
0 0.922794 0.304381 0.022876 0.033395
0 0.943832 0.307445 0.022467 0.032782
0 0.968137 0.302849 0.019608 0.049326
0 0.986928 0.302083 0.015523 0.047794
0 0.815564 0.289216 0.015931 0.047181
0 0.574551 0.345741 0.016748 0.052390
0 0.955474 0.495711 0.011438 0.060049
0 0.606822 0.605086 0.026552 0.080882
0 0.993668 0.561887 0.011846 0.058824
0 0.967729 0.563572 0.014706 0.055453
0 0.953227 0.567708 0.015931 0.063113
0 0.933415 0.568934 0.022876 0.063113
0 0.911152 0.573683 0.015931 0.064032
0 0.897263 0.574755 0.009395 0.064951
0 0.869690 0.577512 0.013889 0.064338
0 0.849469 0.580270 0.024101 0.066789
0 0.583129 0.609681 0.017565 0.077819
0 0.832925 0.581495 0.012255 0.069240
0 0.793913 0.585018 0.023284 0.070159
0 0.761234 0.587469 0.021650 0.071385
0 0.736928 0.593597 0.019608 0.071998
0 0.720792 0.594516 0.012663 0.073223
0 0.704453 0.596967 0.018382 0.074449
0 0.682394 0.598958 0.024918 0.069240
0 0.659314 0.601716 0.021242 0.074755
0 0.633783 0.603707 0.025735 0.075674
0 0.815359 0.582721 0.019608 0.071691
0 0.591708 0.347120 0.017565 0.049632
0 0.613766 0.346354 0.019199 0.047488
0 0.638072 0.347733 0.029412 0.045343
0 0.901144 0.425245 0.013072 0.052696
0 0.883374 0.425092 0.020016 0.049939
0 0.864788 0.423866 0.017157 0.053002
0 0.847222 0.424020 0.019608 0.052083
0 0.826389 0.422947 0.020425 0.054228
0 0.801266 0.426317 0.025735 0.050551
0 0.779820 0.423254 0.016340 0.054841
0 0.758374 0.423866 0.024101 0.055453
0 0.918301 0.426471 0.017974 0.050245
0 0.736724 0.424632 0.019199 0.054534
0 0.690359 0.424939 0.019608 0.052083
0 0.663807 0.420956 0.026144 0.061275
0 0.637051 0.421722 0.027369 0.057904
0 0.609886 0.425398 0.028595 0.064645
0 0.581087 0.425092 0.025735 0.064645
0 0.963031 0.365196 0.014297 0.032475
0 0.947508 0.363971 0.016748 0.034926
0 0.926471 0.363358 0.021242 0.036152
0 0.714665 0.424479 0.025735 0.054228
0 0.942606 0.429075 0.015931 0.034620
0 0.590686 0.518842 0.023693 0.061581
0 0.611315 0.517463 0.018382 0.061887
0 0.682802 0.350797 0.021650 0.043505
0 0.707312 0.349571 0.028186 0.044730
0 0.731005 0.350950 0.020833 0.043811
0 0.754085 0.352328 0.024510 0.042279
0 0.798611 0.356771 0.032680 0.048713
0 0.821691 0.357843 0.015114 0.044118
0 0.836397 0.359222 0.011029 0.044424
0 0.852941 0.359681 0.022876 0.043505
0 0.871732 0.359681 0.013889 0.039216
0 0.887051 0.360294 0.019199 0.036152
0 0.905842 0.361673 0.018382 0.043199
0 0.822304 0.503370 0.016340 0.064951
0 0.803922 0.502757 0.017974 0.067402
0 0.780842 0.503064 0.031454 0.068627
0 0.753268 0.504136 0.018791 0.067096
0 0.731209 0.505668 0.025327 0.069547
0 0.702206 0.508732 0.031046 0.063419
0 0.661969 0.513940 0.034722 0.065870
0 0.635621 0.514093 0.020425 0.064951
0 0.974469 0.633578 0.011846 0.045956
0 0.987949 0.631587 0.012663 0.049939
0 0.981618 0.563113 0.013072 0.060049
0 0.863358 0.661765 0.022467 0.064338
0 0.472222 0.449755 0.045752 0.091912
0 0.532067 0.448070 0.068219 0.098346
0 0.385008 0.576440 0.061683 0.087929
0 0.473039 0.574755 0.068627 0.087623
0 0.540441 0.580270 0.063725 0.082721
0 0.387459 0.704197 0.071487 0.076287
0 0.467320 0.694087 0.069444 0.071998
0 0.547386 0.687500 0.068627 0.071078
0 0.402778 0.843444 0.071895 0.068627
0 0.286969 0.527114 0.035539 0.122855
0 0.030025 0.237286 0.034722 0.076900
0 0.065564 0.236979 0.033905 0.076287
0 0.102533 0.239124 0.040033 0.087316
0 0.136234 0.246630 0.034722 0.067402
0 0.193219 0.249234 0.064542 0.075674
0 0.245098 0.243566 0.039216 0.096201
0 0.052083 0.376225 0.053513 0.081495
0 0.112745 0.382506 0.060458 0.059130
0 0.834763 0.656710 0.015931 0.051164
0 0.398489 0.453278 0.094363 0.098958
0 0.228350 0.377757 0.066993 0.071691
0 0.534314 0.325674 0.063725 0.091912
0 0.401144 0.320772 0.068627 0.094363
0 0.477941 0.815411 0.069444 0.075674
0 0.535539 0.803309 0.040850 0.067402
0 0.403186 0.946538 0.068627 0.077512
0 0.462214 0.922028 0.051062 0.073223
0 0.515523 0.903339 0.051471 0.060968
0 0.150531 0.879749 0.165441 0.138174
0 0.218750 0.743719 0.051879 0.094669
0 0.160948 0.729013 0.046569 0.056066
0 0.063930 0.731618 0.081291 0.086397
0 0.035743 0.555453 0.054330 0.147672
0 0.101920 0.517310 0.055147 0.071385
0 0.164828 0.543352 0.058415 0.123468
0 0.228758 0.537377 0.067810 0.133578
0 0.393791 0.064032 0.079248 0.112132
0 0.465686 0.070466 0.066176 0.097426
0 0.546773 0.072304 0.080474 0.106618
0 0.414624 0.194393 0.079248 0.105699
0 0.493668 0.193934 0.067402 0.098652
0 0.545752 0.215839 0.031863 0.097733
0 0.470588 0.320312 0.067810 0.097120
0 0.589461 0.269455 0.021242 0.052390
0 0.171773 0.374540 0.055147 0.074449
0 0.650123 0.272672 0.020016 0.055760
0 0.652369 0.795803 0.028595 0.077512
0 0.614379 0.268995 0.028595 0.053309
0 0.588848 0.802543 0.033088 0.062806
0 0.706699 0.689951 0.026961 0.069853
0 0.677696 0.700214 0.028595 0.049326
0 0.647059 0.692402 0.013889 0.052696
0 0.630923 0.703891 0.015114 0.062806
0 0.608660 0.712316 0.026144 0.069853
0 0.675858 0.788143 0.015931 0.062806
0 0.589052 0.713082 0.016340 0.068321
0 0.801879 0.666667 0.022059 0.049632
0 0.780433 0.666513 0.017565 0.048713
0 0.759191 0.672488 0.025735 0.053922
0 0.733864 0.676930 0.021650 0.049939
0 0.963440 0.642310 0.010212 0.063419
0 0.947100 0.647825 0.020016 0.055453
0 0.921364 0.652114 0.028186 0.066483
0 0.891544 0.655484 0.028186 0.057904
0 0.819444 0.663297 0.015523 0.048407
0 0.694853 0.784773 0.024510 0.067708
0 0.623366 0.799020 0.030229 0.068627
0 0.733047 0.776654 0.024918 0.061887
0 0.671773 0.274510 0.020833 0.049020
0 0.692606 0.278339 0.020016 0.057292
0 0.714869 0.282475 0.026144 0.049020
0 0.738766 0.284620 0.019199 0.053922
0 0.967933 0.717984 0.015114 0.061581
0 0.955270 0.721967 0.011029 0.057904
0 0.715482 0.781710 0.015114 0.059743
0 0.923407 0.728094 0.015114 0.057292
0 0.908701 0.735294 0.015931 0.061887
0 0.939542 0.725643 0.017974 0.059130
0 0.875613 0.743719 0.017565 0.054841
0 0.859886 0.751838 0.015523 0.047181
0 0.843750 0.747089 0.016748 0.067096
0 0.824959 0.751991 0.017565 0.063419
0 0.805556 0.757047 0.021242 0.069240
0 0.789420 0.760723 0.014297 0.064951
0 0.891953 0.737439 0.015931 0.066176
0 0.772059 0.765319 0.017974 0.065564
0 0.754085 0.770680 0.020425 0.062806
