0 0.221368 0.843750 0.111966 0.024519
0 0.583120 0.857812 0.029487 0.063702
0 0.555769 0.860577 0.025214 0.058173
0 0.481838 0.879087 0.112393 0.025962
0 0.479060 0.838702 0.105983 0.017788
0 0.477350 0.821875 0.109402 0.015385
0 0.360470 0.879327 0.113248 0.020192
0 0.151496 0.753005 0.129487 0.025721
0 0.146154 0.776322 0.138462 0.018990
0 0.363675 0.854688 0.112821 0.027644
0 0.294231 0.728125 0.129487 0.016827
0 0.221581 0.868149 0.111538 0.016587
0 0.292949 0.750361 0.136325 0.026683
0 0.440598 0.730889 0.130769 0.022356
0 0.442094 0.751082 0.129487 0.018510
0 0.438889 0.774159 0.127350 0.027163
0 0.581197 0.731851 0.126496 0.021394
0 0.361538 0.830288 0.106838 0.019712
0 0.582265 0.776563 0.134615 0.019471
0 0.798932 0.836058 0.052564 0.062500
0 0.853205 0.835216 0.054274 0.061779
0 0.221581 0.887740 0.112393 0.021154
0 0.940385 0.849279 0.066239 0.088942
0 0.293590 0.775240 0.133333 0.019712
0 0.579915 0.754687 0.135043 0.022837
0 0.552137 0.592668 0.127350 0.017067
0 0.552564 0.573798 0.125641 0.020192
0 0.680342 0.556851 0.117949 0.014663
0 0.682692 0.573558 0.118376 0.019712
0 0.693803 0.603966 0.133761 0.023798
0 0.836966 0.619712 0.055983 0.086538
0 0.889957 0.620313 0.050000 0.085337
0 0.945085 0.619111 0.059402 0.085337
0 0.138889 0.640024 0.121368 0.013702
0 0.139316 0.656731 0.118803 0.018750
0 0.139316 0.678125 0.116239 0.024038
0 0.288034 0.641106 0.128205 0.012981
0 0.283333 0.658654 0.138462 0.019712
0 0.422436 0.598437 0.127778 0.025240
0 0.282051 0.679688 0.138462 0.020913
0 0.427350 0.670913 0.141880 0.015865
0 0.425855 0.688582 0.146581 0.019471
0 0.573718 0.690144 0.144872 0.021154
0 0.574145 0.649399 0.140598 0.017067
0 0.574573 0.665505 0.138889 0.014663
0 0.724359 0.659495 0.144444 0.021394
0 0.721795 0.678005 0.147009 0.014183
0 0.719444 0.695072 0.145726 0.019952
0 0.822650 0.737981 0.049573 0.077404
0 0.879274 0.739303 0.055983 0.077163
0 0.939103 0.736659 0.052564 0.090625
0 0.425000 0.654087 0.144872 0.020192
0 0.982906 0.736779 0.034188 0.088462
0 0.638248 0.830288 0.022650 0.035577
0 0.680342 0.857212 0.044444 0.054808
0 0.219872 0.471034 0.108974 0.019471
0 0.357692 0.490865 0.118803 0.019712
0 0.355769 0.513942 0.118376 0.023077
0 0.207265 0.512019 0.123077 0.025481
0 0.066880 0.515144 0.122650 0.025481
0 0.064957 0.491707 0.127350 0.021394
0 0.216667 0.489543 0.108547 0.018510
0 0.776282 0.393870 0.051709 0.100240
0 0.756197 0.305529 0.140598 0.022115
0 0.758547 0.284014 0.139316 0.019952
0 0.750641 0.261418 0.118376 0.021875
0 0.747222 0.240745 0.122650 0.018510
0 0.608974 0.285817 0.131624 0.018750
0 0.456838 0.262861 0.146154 0.016106
0 0.957479 0.369952 0.078205 0.062500
0 0.375214 0.469471 0.123077 0.016346
0 0.450000 0.509014 0.048718 0.035337
0 0.512607 0.514663 0.067949 0.021635
0 0.420940 0.577644 0.126496 0.014904
0 0.422009 0.558534 0.121795 0.020913
0 0.282692 0.597957 0.128632 0.027644
0 0.287393 0.575120 0.125214 0.016587
0 0.286538 0.558173 0.125214 0.017308
0 0.140598 0.597837 0.138462 0.020673
0 0.146368 0.575120 0.124359 0.022837
0 0.033974 0.598798 0.061966 0.019712
0 0.035470 0.570673 0.069231 0.020192
0 0.036752 0.552764 0.067521 0.015625
0 0.976282 0.480288 0.043162 0.097596
0 0.919017 0.478125 0.064530 0.099519
0 0.767521 0.500120 0.045299 0.064183
0 0.719231 0.497236 0.049573 0.068510
0 0.563034 0.508413 0.028632 0.035096
0 0.457051 0.281731 0.144017 0.022596
0 0.458120 0.304928 0.143590 0.023317
0 0.314530 0.303726 0.141880 0.024760
0 0.313248 0.281130 0.141026 0.020433
0 0.285043 0.367668 0.127350 0.022837
0 0.917735 0.201803 0.144872 0.025721
0 0.917521 0.181370 0.145299 0.016106
0 0.762393 0.124159 0.058120 0.097356
0 0.673504 0.127885 0.042735 0.087500
0 0.624145 0.116106 0.055983 0.112500
0 0.342521 0.165385 0.153419 0.021154
0 0.188675 0.165986 0.153419 0.019952
0 0.338675 0.143269 0.156838 0.022115
0 0.187179 0.143630 0.144444 0.022837
0 0.344231 0.124399 0.145726 0.018990
0 0.198291 0.120673 0.144444 0.020673
0 0.092949 0.112740 0.051709 0.109135
0 0.045940 0.114663 0.030342 0.111058
0 0.017521 0.115264 0.029060 0.107933
0 0.412179 0.368269 0.124359 0.022596
0 0.612821 0.859976 0.027350 0.066587
0 0.532906 0.369712 0.119658 0.019712
0 0.409829 0.390986 0.125641 0.021394
0 0.310897 0.258293 0.145726 0.025240
0 0.157265 0.282212 0.150427 0.013462
0 0.154274 0.263221 0.157265 0.022596
0 0.851709 0.250120 0.085470 0.046875
0 0.948504 0.264303 0.060256 0.053125
0 0.837821 0.523197 0.082479 0.029087
0 0.833120 0.484255 0.087607 0.048798
0 0.844872 0.430649 0.083761 0.048798
0 0.841239 0.367909 0.078205 0.053125
0 0.716239 0.393510 0.066667 0.097115
0 0.649573 0.415986 0.061538 0.050721
0 0.536538 0.412981 0.126923 0.019712
0 0.410470 0.411779 0.120940 0.017308
0 0.286325 0.410457 0.124786 0.017548
0 0.535043 0.391106 0.117949 0.023077
0 0.286325 0.390745 0.124786 0.022356
0 0.914103 0.159976 0.142735 0.027163
0 0.153632 0.729688 0.127778 0.019952
