0 0.231771 0.852148 0.039583 0.083984
0 0.072656 0.872070 0.044271 0.084766
0 0.125781 0.864844 0.049479 0.079687
0 0.179948 0.859570 0.046354 0.081641
0 0.022917 0.878125 0.045833 0.086719
0 0.280469 0.843750 0.042188 0.078906
0 0.559115 0.817187 0.034896 0.075000
0 0.380729 0.834766 0.040625 0.080469
0 0.425781 0.828906 0.039062 0.081250
0 0.471615 0.824219 0.035937 0.078906
0 0.516927 0.819336 0.041146 0.081641
0 0.018750 0.731250 0.037500 0.076563
0 0.603125 0.811719 0.034375 0.071094
0 0.332031 0.838672 0.044271 0.083594
0 0.068490 0.725781 0.052604 0.073438
0 0.407031 0.694922 0.038021 0.080469
0 0.171354 0.713867 0.048958 0.078516
0 0.223698 0.708594 0.046354 0.080469
0 0.269792 0.705664 0.043750 0.074609
0 0.314844 0.702734 0.042188 0.073438
0 0.361458 0.697461 0.043750 0.077734
0 0.449479 0.690039 0.043750 0.073047
0 0.494010 0.687891 0.038021 0.073438
0 0.534115 0.682227 0.036979 0.074609
0 0.574219 0.679688 0.039062 0.074219
0 0.614323 0.677930 0.030729 0.073047
0 0.649740 0.676367 0.032813 0.069922
0 0.686979 0.669922 0.029167 0.074219
0 0.725000 0.668164 0.036458 0.070703
0 0.644010 0.807422 0.031771 0.072656
0 0.122396 0.720898 0.045833 0.073047
0 0.682552 0.803516 0.036979 0.069531
0 0.567708 0.434766 0.044792 0.061719
0 0.757812 0.799414 0.037500 0.063672
0 0.763281 0.664258 0.034896 0.075391
0 0.614844 0.433789 0.045312 0.064453
0 0.892708 0.977930 0.032292 0.044141
0 0.940104 0.975586 0.042708 0.048828
0 0.059635 0.985938 0.053646 0.021094
0 0.111979 0.981836 0.044792 0.019922
0 0.162760 0.977539 0.048438 0.028516
0 0.208854 0.971680 0.042708 0.038672
0 0.259115 0.972461 0.051562 0.052734
0 0.303385 0.968750 0.035937 0.060156
0 0.347917 0.960742 0.039583 0.078516
0 0.396875 0.959375 0.042708 0.075781
0 0.440625 0.951758 0.035417 0.076953
0 0.482812 0.948438 0.041667 0.075781
0 0.527865 0.941992 0.033854 0.074609
0 0.569271 0.937109 0.035417 0.067969
0 0.608594 0.930078 0.032813 0.073438
0 0.796615 0.794336 0.035937 0.063672
0 0.835156 0.790430 0.031771 0.060547
0 0.867708 0.786914 0.025000 0.061328
0 0.903646 0.780078 0.031250 0.067187
0 0.940104 0.776172 0.032292 0.066406
0 0.938021 0.886328 0.025000 0.066406
0 0.720313 0.804688 0.030208 0.062500
0 0.907292 0.891602 0.022917 0.064453
0 0.836198 0.902539 0.036979 0.064453
0 0.794531 0.904492 0.034896 0.068359
0 0.758073 0.908984 0.030729 0.075000
0 0.724479 0.912891 0.029167 0.072656
0 0.690365 0.919336 0.029687 0.071484
0 0.647135 0.924805 0.034896 0.069922
0 0.875521 0.895117 0.028125 0.069141
0 0.800000 0.659375 0.036458 0.079687
0 0.842448 0.497656 0.036979 0.014063
0 0.870313 0.658008 0.033333 0.069922
0 0.467187 0.437500 0.053125 0.064844
0 0.519531 0.435937 0.050521 0.064062
0 0.029167 0.277930 0.038542 0.119922
0 0.076563 0.276953 0.045833 0.123438
0 0.120313 0.275781 0.035417 0.125781
0 0.161458 0.277344 0.042708 0.124219
0 0.215365 0.300391 0.052604 0.084375
0 0.270313 0.299023 0.051042 0.081641
0 0.327604 0.301172 0.058333 0.075781
0 0.384896 0.301172 0.048958 0.073438
0 0.432812 0.305273 0.039583 0.079297
0 0.478646 0.306250 0.043750 0.078906
0 0.526302 0.305469 0.041146 0.075000
0 0.569271 0.305469 0.041667 0.072656
0 0.415625 0.437695 0.047917 0.065234
0 0.612500 0.307227 0.040625 0.070703
0 0.695573 0.308203 0.040104 0.075781
0 0.737240 0.306641 0.038021 0.072656
0 0.774479 0.308594 0.034375 0.066406
0 0.813542 0.308398 0.037500 0.063672
0 0.850521 0.309180 0.033333 0.065234
0 0.881771 0.311914 0.027083 0.055859
0 0.938542 0.306836 0.045833 0.064453
0 0.922135 0.428711 0.041146 0.062109
0 0.880729 0.429297 0.040625 0.063281
0 0.836719 0.429688 0.044271 0.064062
0 0.790885 0.431641 0.041146 0.062500
0 0.661979 0.433398 0.044792 0.063672
0 0.706250 0.433203 0.041667 0.063281
0 0.835156 0.659375 0.031771 0.072656
0 0.654167 0.306836 0.038542 0.073047
0 0.365365 0.440039 0.048438 0.065234
0 0.749479 0.432227 0.039583 0.061328
0 0.257552 0.436914 0.054688 0.078516
0 0.314323 0.441602 0.054688 0.065234
0 0.941406 0.540625 0.039062 0.065625
0 0.903906 0.540625 0.031771 0.067969
0 0.868229 0.543359 0.035417 0.067969
0 0.830469 0.543750 0.035937 0.071875
0 0.791406 0.544727 0.039062 0.073828
0 0.754167 0.547461 0.033333 0.076953
0 0.715625 0.549805 0.037500 0.073828
0 0.675781 0.550586 0.032813 0.072266
0 0.638542 0.555859 0.036458 0.068750
0 0.597917 0.555469 0.040625 0.070312
0 0.556250 0.555664 0.038542 0.073047
0 0.515885 0.558398 0.039062 0.071484
0 0.472135 0.562109 0.036979 0.071875
0 0.939844 0.652148 0.031771 0.073047
0 0.334635 0.565820 0.046354 0.083984
0 0.199219 0.438086 0.058854 0.080859
0 0.431250 0.563477 0.039583 0.069141
0 0.141927 0.440625 0.055729 0.078125
0 0.082031 0.445312 0.063021 0.072656
0 0.024219 0.447461 0.048438 0.072266
0 0.022135 0.583984 0.044271 0.092969
0 0.904948 0.656836 0.030729 0.069922
0 0.126823 0.520508 0.052604 0.016797
0 0.073958 0.581445 0.053125 0.091016
0 0.129688 0.577344 0.050000 0.087500
0 0.184635 0.571484 0.049479 0.085156
0 0.071354 0.523438 0.047917 0.014063
0 0.237240 0.570117 0.047396 0.084766
0 0.286458 0.568164 0.043750 0.083984
