0 0.637255 0.495404 0.079248 0.049020
0 0.092933 0.759038 0.059232 0.047488
0 0.248366 0.708946 0.078431 0.037990
0 0.169118 0.710478 0.073529 0.044730
0 0.091708 0.713542 0.081291 0.041054
0 0.031454 0.758425 0.054739 0.045650
0 0.482435 0.889706 0.071078 0.042279
0 0.168301 0.755974 0.080065 0.043811
0 0.248775 0.754136 0.073529 0.048100
0 0.328636 0.751379 0.069853 0.043811
0 0.405637 0.751685 0.073529 0.043811
0 0.479167 0.752911 0.073529 0.049939
0 0.557802 0.751379 0.071487 0.050551
0 0.628268 0.747089 0.066176 0.047488
0 0.707108 0.747089 0.080882 0.046875
0 0.780025 0.747702 0.063317 0.045650
0 0.040033 0.896599 0.071078 0.040748
0 0.328636 0.706495 0.076389 0.042892
0 0.112541 0.899050 0.068219 0.036458
0 0.403595 0.706801 0.073529 0.042279
0 0.557394 0.699755 0.063317 0.044118
0 0.075776 0.661152 0.078023 0.050245
0 0.157680 0.660539 0.071078 0.052083
0 0.239788 0.656556 0.080065 0.050245
0 0.399306 0.654412 0.219363 0.055147
0 0.557802 0.649816 0.071487 0.049020
0 0.631944 0.648591 0.065359 0.048407
0 0.707108 0.646140 0.076797 0.050858
0 0.786560 0.648284 0.076389 0.049020
0 0.866422 0.648284 0.073529 0.049020
0 0.948938 0.646446 0.079248 0.046569
0 0.946078 0.696998 0.085784 0.051471
0 0.866013 0.699449 0.070261 0.047794
0 0.788194 0.698836 0.082925 0.049020
0 0.709559 0.698836 0.073529 0.045956
0 0.631944 0.698223 0.073529 0.047794
0 0.481209 0.704657 0.081699 0.045343
0 0.158292 0.606311 0.238154 0.041054
0 0.185049 0.896293 0.074346 0.043199
0 0.337623 0.890931 0.066585 0.041667
0 0.333129 0.844669 0.074755 0.044118
0 0.406046 0.845895 0.066176 0.042279
0 0.481618 0.845588 0.074346 0.042892
0 0.558619 0.843137 0.064951 0.038603
0 0.631536 0.842218 0.072712 0.036152
0 0.703840 0.839767 0.070261 0.042279
0 0.777574 0.838848 0.070670 0.044730
0 0.850490 0.842525 0.070261 0.039828
0 0.924837 0.838235 0.067810 0.034314
0 0.920752 0.880208 0.075163 0.044730
0 0.844771 0.886029 0.063725 0.044730
0 0.779208 0.884804 0.068219 0.041667
0 0.702614 0.885723 0.079248 0.039216
0 0.625817 0.886642 0.073529 0.045343
0 0.552083 0.888787 0.069853 0.042279
0 0.255719 0.848039 0.071078 0.047181
0 0.263889 0.893382 0.071895 0.042279
0 0.180147 0.848652 0.079248 0.045956
0 0.037582 0.854779 0.071078 0.042892
0 0.860294 0.748621 0.089869 0.043811
0 0.940359 0.748009 0.070261 0.046262
0 0.935866 0.796875 0.081699 0.046569
0 0.857843 0.796262 0.070261 0.046569
0 0.782067 0.794424 0.078840 0.044730
0 0.705065 0.794118 0.074346 0.044730
0 0.629902 0.796262 0.069444 0.051471
0 0.559845 0.800245 0.066585 0.041667
0 0.486111 0.800858 0.071895 0.042279
0 0.408905 0.798407 0.079248 0.045343
0 0.331087 0.798100 0.071487 0.042892
0 0.256944 0.802083 0.073529 0.034926
0 0.182598 0.804534 0.075163 0.043505
0 0.105188 0.804841 0.074755 0.041667
0 0.036765 0.807292 0.061275 0.049020
0 0.107230 0.854167 0.059232 0.047181
0 0.324142 0.603401 0.081291 0.047488
0 0.406863 0.890012 0.075163 0.039828
0 0.478350 0.601256 0.083333 0.049326
0 0.636029 0.441636 0.073529 0.052390
0 0.556985 0.440717 0.073938 0.052390
0 0.473856 0.442096 0.079248 0.048407
0 0.392974 0.440870 0.076797 0.044118
0 0.312704 0.443015 0.082925 0.049632
0 0.222631 0.441942 0.082516 0.051777
0 0.139093 0.445006 0.082108 0.057904
0 0.051879 0.447917 0.091503 0.052083
0 0.391340 0.389246 0.073529 0.056066
0 0.473448 0.389400 0.089052 0.053922
0 0.401961 0.603401 0.068627 0.046875
0 0.041258 0.268229 0.074346 0.059130
0 0.046160 0.330882 0.084150 0.056373
0 0.133783 0.330270 0.075572 0.061275
0 0.044526 0.389859 0.084967 0.054841
0 0.136234 0.389400 0.084559 0.053309
0 0.470588 0.328738 0.080882 0.061275
0 0.557394 0.326900 0.078840 0.061887
0 0.638889 0.323223 0.075163 0.065564
0 0.723448 0.322610 0.076797 0.061275
0 0.803717 0.322304 0.073938 0.063725
0 0.894199 0.319853 0.092320 0.063725
0 0.972018 0.316789 0.055964 0.064951
0 0.969158 0.379289 0.061683 0.055147
0 0.896242 0.381434 0.083333 0.050858
0 0.808211 0.381434 0.087827 0.053309
0 0.723856 0.381434 0.073529 0.050858
0 0.644608 0.386029 0.072712 0.053309
0 0.799632 0.438266 0.086193 0.053002
0 0.716095 0.439185 0.074346 0.052390
0 0.965686 0.435202 0.067810 0.049939
0 0.636234 0.598499 0.228350 0.044424
0 0.873162 0.594210 0.243873 0.053615
0 0.958742 0.541360 0.074346 0.049020
0 0.875000 0.541667 0.074346 0.049632
0 0.795139 0.543505 0.082925 0.047794
0 0.710784 0.544118 0.067810 0.042279
0 0.628676 0.549939 0.079248 0.050245
0 0.552492 0.546875 0.060866 0.053922
0 0.476716 0.549326 0.076797 0.051471
0 0.397467 0.550551 0.073529 0.049020
0 0.316381 0.549326 0.078023 0.051471
0 0.883170 0.434589 0.082516 0.055453
0 0.144404 0.557904 0.076389 0.049632
0 0.228758 0.553002 0.082516 0.044730
0 0.062500 0.501225 0.079248 0.051471
0 0.963235 0.488971 0.071895 0.054534
0 0.881944 0.492034 0.079248 0.049632
0 0.797998 0.492647 0.083742 0.055760
0 0.716095 0.497243 0.072712 0.048407
0 0.058824 0.555147 0.080882 0.052083
0 0.560253 0.494485 0.073938 0.050858
0 0.560662 0.388480 0.085376 0.045956
0 0.225899 0.499694 0.078431 0.057598
0 0.145221 0.503064 0.080474 0.052083
0 0.397672 0.496017 0.244690 0.053309
