0 0.701823 0.131445 0.018229 0.047266
0 0.681771 0.131641 0.018750 0.042969
0 0.641927 0.129297 0.021354 0.050000
0 0.497656 0.551758 0.039062 0.033984
0 0.535156 0.530469 0.025521 0.071875
0 0.458594 0.536133 0.027604 0.056641
0 0.404948 0.531641 0.027604 0.069531
0 0.364323 0.521680 0.038021 0.087109
0 0.319792 0.525586 0.042708 0.090234
0 0.269531 0.523438 0.036979 0.085938
0 0.072135 0.527148 0.027604 0.062891
0 0.103906 0.529492 0.030729 0.062891
0 0.152865 0.524414 0.047396 0.059766
0 0.028125 0.596484 0.037500 0.094531
0 0.225260 0.527930 0.046354 0.051953
0 0.047656 0.107813 0.048438 0.102344
0 0.095573 0.138672 0.043229 0.038281
0 0.159896 0.109961 0.026042 0.096484
0 0.194792 0.106055 0.030208 0.103516
0 0.233594 0.107422 0.038021 0.099219
0 0.273438 0.110547 0.035417 0.090625
0 0.313542 0.108984 0.037500 0.092969
0 0.361979 0.121680 0.045833 0.047266
0 0.410677 0.120117 0.048438 0.046484
0 0.463542 0.120117 0.050000 0.046484
0 0.364323 0.065234 0.050521 0.021875
0 0.413021 0.063672 0.043750 0.021094
0 0.516146 0.126172 0.044792 0.058594
0 0.558594 0.132812 0.019271 0.045312
0 0.579688 0.133008 0.019792 0.045703
0 0.600781 0.129297 0.018229 0.050000
0 0.620573 0.130859 0.017188 0.050781
0 0.662240 0.129883 0.015104 0.046484
0 0.772396 0.122656 0.055208 0.034375
0 0.138542 0.878711 0.034375 0.093359
0 0.865625 0.133984 0.033333 0.095312
0 0.577865 0.312305 0.028646 0.084766
0 0.543490 0.325586 0.035937 0.057422
0 0.506771 0.326172 0.035417 0.058594
0 0.469010 0.325000 0.035937 0.058594
0 0.430990 0.322656 0.034896 0.065625
0 0.391667 0.321094 0.035417 0.064844
0 0.057552 0.312109 0.045312 0.079687
0 0.097656 0.309766 0.033854 0.079687
0 0.139063 0.311328 0.044792 0.080469
0 0.188542 0.308594 0.039583 0.089063
0 0.229687 0.308203 0.042708 0.088281
0 0.275000 0.308594 0.041667 0.089063
0 0.320052 0.339258 0.033854 0.025391
0 0.356771 0.324414 0.029167 0.062109
0 0.083073 0.415039 0.030729 0.048828
0 0.114844 0.412109 0.024479 0.052344
0 0.147917 0.429688 0.040625 0.026562
0 0.192969 0.413086 0.039062 0.051953
0 0.225781 0.421484 0.022396 0.040625
0 0.266927 0.426758 0.047396 0.032422
0 0.302604 0.418359 0.014583 0.046094
0 0.320052 0.421680 0.018229 0.043359
0 0.341927 0.419336 0.021354 0.045703
0 0.608333 0.312695 0.027083 0.083203
0 0.639323 0.326172 0.031771 0.058594
0 0.677604 0.326367 0.036458 0.056641
0 0.730469 0.323633 0.056771 0.060547
0 0.902083 0.132812 0.033333 0.097656
0 0.935417 0.133594 0.033333 0.097656
0 0.973698 0.136719 0.033854 0.097656
0 0.574740 0.525977 0.039062 0.012891
0 0.039583 0.215430 0.029167 0.019141
0 0.105990 0.222070 0.060937 0.025391
0 0.169792 0.222852 0.058333 0.024609
0 0.235156 0.223047 0.059896 0.027344
0 0.300521 0.221484 0.061458 0.026562
0 0.363542 0.222461 0.055208 0.023828
0 0.420312 0.210352 0.048958 0.051172
0 0.830208 0.117969 0.026042 0.082031
0 0.476042 0.223438 0.056250 0.025781
0 0.578646 0.212305 0.040625 0.045703
0 0.625000 0.210352 0.041667 0.051172
0 0.667969 0.209961 0.042188 0.050391
0 0.711979 0.210156 0.041667 0.048438
0 0.760417 0.209375 0.043750 0.049219
0 0.813802 0.211133 0.055729 0.045703
0 0.858073 0.279102 0.030729 0.101172
0 0.903906 0.267188 0.036979 0.117969
0 0.962500 0.278320 0.063542 0.099609
0 0.819010 0.310937 0.026562 0.087500
0 0.784115 0.312109 0.038021 0.084375
0 0.535417 0.212695 0.041667 0.048828
0 0.572135 0.511328 0.040104 0.011719
0 0.740625 0.426758 0.042708 0.034766
0 0.616406 0.514062 0.046354 0.012500
0 0.966146 0.654883 0.067708 0.088672
0 0.907292 0.655078 0.031250 0.091406
0 0.870052 0.653320 0.032813 0.097266
0 0.834635 0.655078 0.031771 0.089063
0 0.779948 0.640820 0.057813 0.098047
0 0.730469 0.644141 0.031771 0.088281
0 0.694271 0.646484 0.031250 0.085938
0 0.658854 0.646484 0.033333 0.083594
0 0.020313 0.734570 0.038542 0.094141
0 0.623177 0.642188 0.034896 0.089063
0 0.547917 0.639648 0.029167 0.093359
0 0.498177 0.640430 0.033854 0.092578
0 0.454688 0.644727 0.044792 0.082422
0 0.414062 0.637891 0.026042 0.094531
0 0.361458 0.635742 0.035417 0.097266
0 0.321094 0.635352 0.035937 0.091797
0 0.283594 0.638086 0.033854 0.090234
0 0.042188 0.872070 0.040625 0.094141
0 0.586198 0.642773 0.039062 0.092578
0 0.079948 0.752930 0.043229 0.094922
0 0.122656 0.754492 0.036979 0.093359
0 0.162500 0.758984 0.040625 0.083594
0 0.182292 0.883594 0.042708 0.082031
0 0.227604 0.887109 0.038542 0.089063
0 0.270833 0.884375 0.039583 0.088281
0 0.829688 0.770508 0.034375 0.092578
0 0.790104 0.754492 0.043750 0.081641
0 0.723698 0.755859 0.049479 0.091406
0 0.675781 0.756250 0.042188 0.092188
0 0.634635 0.763477 0.041146 0.083203
0 0.591667 0.757031 0.031250 0.098437
0 0.559115 0.757617 0.029687 0.097266
0 0.521875 0.757031 0.037500 0.098437
0 0.486198 0.759570 0.031771 0.091797
0 0.448437 0.759961 0.038542 0.087891
0 0.407552 0.759570 0.039062 0.087109
0 0.367188 0.758984 0.039583 0.088281
0 0.326823 0.759766 0.038021 0.090625
0 0.288542 0.758203 0.031250 0.093750
0 0.253646 0.756641 0.034375 0.092969
0 0.212240 0.758398 0.045312 0.087109
0 0.309635 0.884961 0.031771 0.089453
0 0.867969 0.777539 0.031771 0.085547
0 0.247917 0.636914 0.032292 0.090234
0 0.207031 0.641992 0.042188 0.083984
0 0.597656 0.426758 0.043229 0.037109
0 0.635156 0.421094 0.023438 0.046875
0 0.661198 0.420117 0.025521 0.051953
0 0.696615 0.428711 0.039062 0.031641
0 0.096094 0.878516 0.041146 0.090625
0 0.794010 0.430859 0.054688 0.028906
0 0.850781 0.402734 0.031771 0.107031
0 0.890104 0.410547 0.044792 0.089844
0 0.936979 0.406055 0.046875 0.101953
0 0.981771 0.404687 0.035417 0.099219
0 0.841406 0.533789 0.035937 0.094922
0 0.876563 0.531641 0.033333 0.100000
0 0.912500 0.536914 0.032292 0.089453
0 0.949219 0.537500 0.033854 0.090625
0 0.984375 0.538867 0.031250 0.088672
0 0.788021 0.554297 0.064583 0.026562
0 0.738021 0.525195 0.027083 0.087109
0 0.708073 0.537695 0.030729 0.066797
0 0.673958 0.536133 0.032292 0.066016
0 0.550781 0.425195 0.044271 0.041016
0 0.621354 0.531641 0.046875 0.012500
0 0.503646 0.425586 0.038542 0.034766
0 0.074479 0.637109 0.051042 0.095312
0 0.158594 0.642188 0.039062 0.082031
0 0.118490 0.637305 0.034896 0.095703
0 0.911719 0.772852 0.030729 0.088672
0 0.945573 0.772852 0.035937 0.090234
0 0.984635 0.775391 0.030729 0.088281
0 0.985938 0.896680 0.028125 0.094141
0 0.946354 0.894922 0.046875 0.095312
0 0.900260 0.884180 0.035937 0.078516
0 0.346615 0.887695 0.036979 0.087891
0 0.385677 0.890234 0.035937 0.088281
0 0.429427 0.886523 0.034896 0.093359
0 0.481510 0.889258 0.038021 0.091016
0 0.531250 0.883398 0.053125 0.105078
0 0.585417 0.884570 0.046875 0.102734
0 0.635417 0.876758 0.042708 0.089453
0 0.708854 0.885938 0.044792 0.107813
0 0.758854 0.882227 0.043750 0.102734
0 0.821875 0.890039 0.034375 0.099609
0 0.861198 0.895508 0.039062 0.088672
0 0.462760 0.427734 0.039062 0.029687
0 0.375521 0.426953 0.043750 0.030469
0 0.419271 0.427344 0.040625 0.031250
