0 0.318376 0.180649 0.057265 0.072837
0 0.327778 0.135096 0.060684 0.017788
0 0.082265 0.386298 0.048291 0.048558
0 0.642949 0.545072 0.070513 0.049279
0 0.545726 0.550120 0.038462 0.041106
0 0.508547 0.549159 0.036752 0.043029
0 0.452778 0.542909 0.052564 0.064183
0 0.391026 0.542668 0.044444 0.054087
0 0.441239 0.618510 0.076496 0.021154
0 0.536752 0.617067 0.084615 0.025000
0 0.626282 0.618750 0.079915 0.026442
0 0.708547 0.594231 0.087179 0.020673
0 0.710256 0.616106 0.084615 0.023558
0 0.345299 0.544832 0.047009 0.051202
0 0.302991 0.545553 0.043590 0.050240
0 0.257906 0.552043 0.038034 0.039183
0 0.219231 0.553245 0.037607 0.043990
0 0.172222 0.540505 0.054701 0.064183
0 0.113462 0.543389 0.064530 0.062740
0 0.873932 0.470673 0.085470 0.035096
0 0.708120 0.470913 0.086325 0.030769
0 0.598504 0.463582 0.054274 0.044471
0 0.507692 0.465745 0.103419 0.049279
0 0.398504 0.467909 0.093590 0.045913
0 0.713248 0.549639 0.070940 0.042067
0 0.773291 0.545793 0.054274 0.048317
0 0.820513 0.555649 0.038462 0.027644
0 0.810897 0.521635 0.022650 0.019231
0 0.380342 0.698558 0.078632 0.027404
0 0.454060 0.697115 0.067949 0.025000
0 0.508974 0.685096 0.029060 0.051923
0 0.543590 0.686298 0.042735 0.041827
0 0.583761 0.689663 0.037607 0.035577
0 0.624145 0.690385 0.041453 0.037981
0 0.668803 0.690865 0.046154 0.037981
0 0.938462 0.400481 0.033333 0.028846
0 0.768376 0.687500 0.044444 0.049519
0 0.812607 0.686779 0.043162 0.047596
0 0.306624 0.468630 0.084188 0.048317
0 0.850000 0.683173 0.033333 0.053365
0 0.208547 0.619471 0.093162 0.017788
0 0.204274 0.598798 0.086325 0.020673
0 0.274145 0.620673 0.032051 0.023077
0 0.305556 0.617067 0.031624 0.023077
0 0.361966 0.617788 0.080342 0.021154
0 0.202991 0.175120 0.056410 0.076683
0 0.158547 0.182933 0.031624 0.061538
0 0.114957 0.190865 0.042735 0.042788
0 0.073718 0.190144 0.036325 0.044712
0 0.862393 0.557572 0.045299 0.026202
0 0.127778 0.619231 0.068376 0.017788
0 0.305556 0.699519 0.074359 0.025000
0 0.223077 0.471514 0.083761 0.043510
0 0.088248 0.473317 0.061111 0.045192
0 0.771795 0.287019 0.051282 0.049038
0 0.817308 0.281250 0.039744 0.061058
0 0.851709 0.286779 0.032479 0.048558
0 0.887607 0.285337 0.035897 0.052885
0 0.915812 0.287981 0.023932 0.048558
0 0.935897 0.304087 0.012821 0.027885
0 0.961538 0.300721 0.012821 0.025962
0 0.976282 0.298077 0.016667 0.032212
0 0.991453 0.299279 0.013675 0.035096
0 0.959615 0.342308 0.038889 0.015385
0 0.911966 0.342909 0.047863 0.014183
0 0.980128 0.369231 0.032906 0.019231
0 0.677350 0.383654 0.030769 0.052885
0 0.710256 0.382452 0.033333 0.050481
0 0.741880 0.384135 0.029915 0.049038
0 0.788675 0.379447 0.025214 0.063702
0 0.822650 0.380649 0.038462 0.063221
0 0.857692 0.381130 0.032479 0.065144
0 0.897863 0.383654 0.046154 0.060096
0 0.972009 0.436418 0.038034 0.028606
0 0.933761 0.437620 0.038462 0.026202
0 0.714957 0.285577 0.048718 0.053365
0 0.653205 0.289183 0.065385 0.047596
0 0.594444 0.288221 0.050427 0.049038
0 0.533761 0.289183 0.070085 0.050000
0 0.134188 0.385577 0.055556 0.046635
0 0.182906 0.390385 0.043590 0.039904
0 0.234188 0.391587 0.056410 0.041827
0 0.288675 0.388702 0.053419 0.046154
0 0.343590 0.388221 0.054701 0.043750
0 0.396154 0.387981 0.052137 0.042308
0 0.448932 0.387981 0.052564 0.041827
0 0.501282 0.387981 0.046154 0.042308
0 0.555128 0.384135 0.066667 0.051923
0 0.610897 0.384615 0.031197 0.050000
0 0.150427 0.472957 0.062393 0.046875
0 0.644872 0.384856 0.035897 0.050481
0 0.851282 0.609375 0.048718 0.035577
0 0.061538 0.289904 0.054701 0.047596
0 0.105983 0.299038 0.033333 0.030288
0 0.152991 0.286779 0.050427 0.048558
0 0.201709 0.288702 0.045299 0.046154
0 0.254487 0.288942 0.061111 0.048077
0 0.308120 0.288702 0.045299 0.048558
0 0.365385 0.288462 0.070085 0.047115
0 0.424573 0.288942 0.047436 0.045673
0 0.472650 0.289904 0.050427 0.047596
0 0.787393 0.614183 0.065385 0.031731
0 0.237179 0.696875 0.047863 0.035577
0 0.721795 0.695673 0.049573 0.034135
0 0.142735 0.698798 0.038462 0.029327
0 0.877778 0.842788 0.047863 0.013942
0 0.880769 0.825962 0.039316 0.018750
0 0.799359 0.819832 0.106410 0.060337
0 0.800214 0.857812 0.103846 0.015625
0 0.687179 0.830889 0.121368 0.069471
0 0.601923 0.843870 0.048291 0.055529
0 0.523932 0.831130 0.097436 0.067548
0 0.419658 0.844111 0.037607 0.064663
0 0.361538 0.850841 0.045299 0.043990
0 0.319231 0.838582 0.041880 0.068029
0 0.275855 0.840264 0.026923 0.060337
0 0.241453 0.840986 0.030769 0.060817
0 0.218376 0.850841 0.018803 0.043990
0 0.194444 0.841226 0.030769 0.063702
0 0.121368 0.845072 0.029915 0.055529
0 0.090385 0.846034 0.031197 0.054087
0 0.372222 0.185817 0.041026 0.055288
0 0.425427 0.196394 0.066239 0.035577
0 0.489316 0.196875 0.062393 0.035577
0 0.554701 0.180769 0.069231 0.028365
0 0.555128 0.206010 0.062393 0.018750
0 0.618590 0.180168 0.051709 0.067548
0 0.676068 0.184615 0.069231 0.060096
0 0.747009 0.190625 0.065812 0.045673
0 0.187607 0.698558 0.051282 0.030288
0 0.865812 0.170793 0.073504 0.082452
0 0.926496 0.185337 0.045299 0.053846
0 0.949145 0.303606 0.013675 0.030769
0 0.259188 0.173197 0.061966 0.087260
0 0.874359 0.858654 0.043590 0.017308
0 0.128632 0.741947 0.074359 0.030529
0 0.804915 0.188702 0.049145 0.049519
0 0.239530 0.731250 0.069658 0.018750
0 0.107265 0.698317 0.031624 0.029808
0 0.849145 0.738582 0.070085 0.033413
0 0.184188 0.744111 0.035897 0.027163
0 0.782265 0.734495 0.055128 0.042067
0 0.714530 0.739303 0.047863 0.034856
0 0.663675 0.739303 0.048718 0.034375
0 0.615171 0.738341 0.049145 0.035337
0 0.569658 0.738101 0.039316 0.034375
0 0.520513 0.740986 0.060684 0.028606
0 0.448932 0.743149 0.061966 0.020913
0 0.381197 0.744351 0.076068 0.021875
0 0.309829 0.744351 0.065812 0.020913
0 0.976282 0.397596 0.042308 0.032692
0 0.240385 0.749399 0.068803 0.016587
