0 0.187981 0.482572 0.033654 0.016587
0 0.160256 0.482091 0.020513 0.017067
0 0.138942 0.483293 0.020833 0.021875
0 0.550641 0.308894 0.028205 0.012500
0 0.199359 0.462861 0.025641 0.019471
0 0.543750 0.266947 0.016987 0.070913
0 0.518750 0.264663 0.034295 0.068269
0 0.485096 0.265385 0.031090 0.070192
0 0.449199 0.263822 0.041987 0.073317
0 0.394071 0.262620 0.048397 0.066587
0 0.352724 0.263101 0.032372 0.067548
0 0.298237 0.253846 0.070192 0.037500
0 0.287660 0.284135 0.084936 0.021154
0 0.115224 0.482812 0.022756 0.016106
0 0.292628 0.304327 0.083974 0.021635
0 0.559936 0.268750 0.019231 0.069712
0 0.458333 0.308173 0.082051 0.020192
0 0.517147 0.310697 0.037500 0.016106
0 0.148558 0.441587 0.034295 0.020673
0 0.185256 0.440865 0.040385 0.022115
0 0.124679 0.462740 0.026282 0.019712
0 0.149519 0.463101 0.024038 0.018990
0 0.174038 0.463341 0.023718 0.018510
0 0.226442 0.288341 0.033654 0.044471
0 0.334135 0.423678 0.111859 0.017067
0 0.376763 0.305048 0.083654 0.018269
0 0.322276 0.467428 0.115705 0.021875
0 0.316667 0.711298 0.033974 0.018750
0 0.350801 0.708894 0.031731 0.023077
0 0.305929 0.730889 0.033654 0.021394
0 0.339423 0.731851 0.027564 0.023317
0 0.369872 0.731731 0.030128 0.020673
0 0.265865 0.730769 0.027244 0.024038
0 0.275641 0.709736 0.034615 0.020913
0 0.285256 0.689543 0.032051 0.018990
0 0.256571 0.664423 0.029808 0.019231
0 0.325641 0.489183 0.116026 0.022115
0 0.286058 0.671514 0.027244 0.017548
0 0.116987 0.640745 0.032051 0.125721
0 0.158173 0.564784 0.111218 0.017067
0 0.143590 0.623317 0.014744 0.024038
0 0.145192 0.645673 0.015385 0.020673
0 0.145994 0.666587 0.018269 0.020673
0 0.168109 0.672596 0.021474 0.021635
0 0.194231 0.678726 0.030769 0.020433
0 0.198237 0.701562 0.032372 0.019471
0 0.223878 0.682813 0.027244 0.019471
0 0.152404 0.687981 0.020192 0.022596
0 0.172917 0.694832 0.018910 0.020433
0 0.141827 0.707933 0.020833 0.016346
0 0.165865 0.715024 0.022756 0.019471
0 0.193429 0.722476 0.029808 0.020433
0 0.222917 0.729087 0.027885 0.018269
0 0.485417 0.718750 0.047115 0.130288
0 0.320353 0.690745 0.032372 0.021394
0 0.313301 0.671394 0.027244 0.017308
0 0.295032 0.649399 0.030449 0.025721
0 0.264423 0.643269 0.030128 0.025000
0 0.558974 0.406731 0.060897 0.012981
0 0.582853 0.418750 0.065064 0.009615
0 0.511058 0.417788 0.064423 0.010096
0 0.528846 0.427043 0.066667 0.007933
0 0.600641 0.428606 0.064744 0.011058
0 0.603045 0.438462 0.068269 0.007692
0 0.503526 0.436418 0.057051 0.010337
0 0.529167 0.455529 0.107051 0.025962
0 0.598878 0.454688 0.023397 0.019471
0 0.623558 0.456010 0.024038 0.019231
0 0.534776 0.482692 0.118269 0.025000
0 0.605288 0.475601 0.016987 0.021394
0 0.628045 0.476202 0.026603 0.022596
0 0.523558 0.721995 0.028526 0.124760
0 0.526763 0.507933 0.102244 0.022596
0 0.649359 0.511418 0.130769 0.016106
0 0.670994 0.526322 0.118910 0.008894
0 0.677724 0.443750 0.072115 0.083654
0 0.206410 0.636178 0.024359 0.027163
0 0.190224 0.655529 0.025962 0.026442
0 0.219872 0.661418 0.023718 0.022356
0 0.236378 0.636779 0.024038 0.023077
0 0.195032 0.607572 0.036859 0.024760
0 0.163942 0.606611 0.027885 0.025240
0 0.169231 0.629687 0.026282 0.018510
0 0.167147 0.650000 0.022115 0.022596
0 0.238622 0.708774 0.027885 0.022837
0 0.254808 0.685096 0.033333 0.025000
0 0.643910 0.494231 0.089103 0.011538
0 0.551442 0.715865 0.023397 0.119712
0 0.323878 0.446755 0.118910 0.021875
0 0.610737 0.714543 0.034936 0.114663
0 0.638622 0.713101 0.020192 0.117548
0 0.659615 0.716106 0.022436 0.122596
0 0.685256 0.717187 0.028205 0.120433
0 0.712179 0.717187 0.026923 0.122356
0 0.735737 0.715385 0.022115 0.126442
0 0.762179 0.715865 0.028846 0.128846
0 0.786859 0.706611 0.016667 0.127644
0 0.810417 0.710096 0.030449 0.133654
0 0.577083 0.716106 0.028526 0.118269
