0 0.276144 0.098652 0.040850 0.123775
0 0.737745 0.323989 0.023693 0.059743
0 0.705678 0.327359 0.037173 0.061581
0 0.641953 0.322457 0.030637 0.065870
0 0.398489 0.078891 0.009395 0.008885
0 0.361111 0.116728 0.054739 0.113971
0 0.315155 0.102328 0.034722 0.126225
0 0.185866 0.315717 0.101307 0.130821
0 0.554126 0.312347 0.043709 0.067708
0 0.985294 0.327359 0.026961 0.059130
0 0.945874 0.329350 0.042075 0.045956
0 0.889093 0.328585 0.046160 0.034620
0 0.885825 0.300245 0.049428 0.018995
0 0.832516 0.320619 0.059641 0.028493
0 0.822917 0.294884 0.063317 0.018076
0 0.042892 0.318015 0.075980 0.125613
0 0.173815 0.237132 0.080474 0.020221
0 0.413399 0.156250 0.039216 0.046569
0 0.168301 0.949295 0.098856 0.101409
0 0.297590 0.285999 0.073938 0.183517
0 0.362337 0.298560 0.057190 0.162684
0 0.415441 0.301164 0.046569 0.079657
0 0.459763 0.308670 0.043709 0.072610
0 0.511029 0.310968 0.035131 0.064951
0 0.603758 0.319240 0.041667 0.064338
0 0.407475 0.110600 0.033905 0.050245
0 0.692198 0.196998 0.029820 0.012868
0 0.463235 0.173407 0.037582 0.029412
0 0.892770 0.227175 0.020833 0.065870
0 0.919118 0.221661 0.031046 0.098958
0 0.948734 0.232690 0.011846 0.076900
0 0.964052 0.243873 0.010621 0.063113
0 0.977737 0.250919 0.011846 0.050245
0 0.992239 0.254596 0.014706 0.050245
0 0.480596 0.423713 0.069036 0.073529
0 0.535131 0.427390 0.025327 0.061275
0 0.593137 0.429228 0.059641 0.057598
0 0.658701 0.422794 0.047794 0.069240
0 0.713031 0.420956 0.048611 0.065564
0 0.786969 0.423254 0.020833 0.055453
0 0.815972 0.423407 0.023284 0.053309
0 0.860703 0.430607 0.028595 0.038297
0 0.884395 0.422181 0.017157 0.050858
0 0.913194 0.418045 0.032271 0.054841
0 0.957925 0.415441 0.040033 0.056985
0 0.878881 0.215686 0.009395 0.087010
0 0.458742 0.145680 0.035131 0.018076
0 0.863971 0.208180 0.015523 0.091605
0 0.817810 0.195006 0.023693 0.104473
0 0.507966 0.156403 0.042075 0.083027
0 0.784314 0.343597 0.038399 0.027880
0 0.556168 0.171109 0.041258 0.068934
0 0.604984 0.170650 0.053922 0.085172
0 0.653391 0.182445 0.037173 0.076900
0 0.694036 0.178309 0.026961 0.022059
0 0.694853 0.209865 0.028595 0.009191
0 0.695466 0.221507 0.033088 0.011029
0 0.727941 0.186275 0.032680 0.025735
0 0.729575 0.203125 0.026144 0.007966
0 0.729371 0.214461 0.032271 0.009191
0 0.729167 0.225031 0.031863 0.013174
0 0.760008 0.192708 0.029003 0.018995
0 0.760825 0.210325 0.030637 0.010110
0 0.761846 0.221814 0.029412 0.009191
0 0.760621 0.232384 0.023693 0.010723
0 0.788603 0.196232 0.027369 0.094669
0 0.844158 0.202053 0.024101 0.101409
0 0.254698 0.935968 0.063317 0.118873
0 0.134804 0.070619 0.054739 0.128983
0 0.942402 0.532169 0.018791 0.014093
0 0.248162 0.760263 0.053513 0.155331
0 0.312704 0.747243 0.065768 0.158701
0 0.371528 0.737439 0.052696 0.141544
0 0.421977 0.727175 0.046569 0.140625
0 0.414011 0.568015 0.075572 0.080882
0 0.519199 0.710325 0.038399 0.121630
0 0.560049 0.695466 0.042484 0.123775
0 0.599469 0.687040 0.033088 0.121630
0 0.635825 0.693934 0.037990 0.079044
0 0.681373 0.667892 0.050654 0.117034
0 0.751634 0.655025 0.041667 0.103554
0 0.785743 0.664216 0.021650 0.068627
0 0.826185 0.634498 0.050245 0.084559
0 0.869690 0.623928 0.033497 0.092831
0 0.897263 0.618260 0.016748 0.093750
0 0.930351 0.623009 0.043709 0.073836
0 0.963440 0.607537 0.022467 0.084559
0 0.991626 0.605852 0.016748 0.071385
0 0.983864 0.477635 0.027369 0.025123
0 0.867034 0.521906 0.034722 0.054841
0 0.073938 0.090993 0.056373 0.064951
0 0.224060 0.077665 0.051062 0.145527
0 0.743056 0.526195 0.046569 0.070772
0 0.693627 0.537531 0.049020 0.064032
0 0.273489 0.545650 0.074755 0.182598
0 0.336397 0.557292 0.047794 0.101103
0 0.556168 0.552696 0.054330 0.087010
0 0.492239 0.560662 0.069444 0.075980
0 0.639502 0.542433 0.057598 0.068934
0 0.190564 0.546875 0.087827 0.189951
0 0.176471 0.804841 0.092320 0.120098
0 0.470792 0.717218 0.052696 0.145221
0 0.957312 0.714001 0.035539 0.079963
0 0.485090 0.881281 0.042075 0.116728
0 0.437908 0.901654 0.052288 0.130515
0 0.376021 0.902574 0.032271 0.129902
0 0.608864 0.832721 0.032271 0.124387
0 0.649918 0.817555 0.040033 0.116115
0 0.687092 0.803462 0.029412 0.112439
0 0.076593 0.798100 0.107435 0.180147
0 0.724877 0.796109 0.039624 0.107537
0 0.759191 0.780944 0.030637 0.111520
0 0.790850 0.773591 0.028595 0.096814
0 0.819036 0.762102 0.019608 0.103248
0 0.567606 0.843750 0.041258 0.124387
0 0.971814 0.524510 0.026144 0.025735
0 0.325163 0.928615 0.064542 0.142770
0 0.915850 0.478094 0.034314 0.018689
0 0.910948 0.731618 0.034314 0.083333
0 0.875408 0.741728 0.028595 0.091299
0 0.844975 0.753676 0.025735 0.093137
0 0.826185 0.521293 0.040441 0.058517
0 0.991422 0.513787 0.013072 0.041054
0 0.834150 0.476562 0.056373 0.030331
0 0.104167 0.552849 0.075980 0.194547
0 0.904616 0.537837 0.028186 0.018076
0 0.942606 0.516238 0.029003 0.014093
0 0.906046 0.518995 0.034314 0.014706
0 0.938725 0.495711 0.031046 0.019608
0 0.899714 0.499081 0.041258 0.018995
0 0.034518 0.575521 0.062500 0.184130
0 0.526961 0.862898 0.035131 0.111826
