0 0.950163 0.697917 0.037582 0.067402
0 0.751225 0.492953 0.029412 0.055147
0 0.717320 0.490196 0.026961 0.060662
0 0.975694 0.604013 0.036356 0.062806
0 0.935662 0.600184 0.025735 0.065564
0 0.901348 0.597120 0.029003 0.066789
0 0.867034 0.595895 0.029820 0.066789
0 0.827002 0.587469 0.032271 0.073223
0 0.785948 0.587929 0.032680 0.067402
0 0.744485 0.580882 0.038807 0.079044
0 0.705678 0.579963 0.029820 0.066176
0 0.548203 0.653339 0.038399 0.087929
0 0.215074 0.643995 0.037990 0.069240
0 0.253472 0.645987 0.025735 0.067708
0 0.050449 0.723958 0.041258 0.074755
0 0.097631 0.723192 0.036765 0.076287
0 0.151348 0.728860 0.042075 0.077206
0 0.194444 0.737132 0.035948 0.073529
0 0.365400 0.277727 0.032271 0.075061
0 0.265114 0.264553 0.022876 0.081801
0 0.234477 0.265778 0.030229 0.073836
0 0.203023 0.266085 0.026961 0.076287
0 0.171160 0.263174 0.029412 0.084559
0 0.134191 0.264093 0.027369 0.085172
0 0.785948 0.495558 0.032680 0.057292
0 0.101103 0.261642 0.027369 0.087623
0 0.030842 0.261183 0.032271 0.088542
0 0.221814 0.158548 0.025327 0.063419
0 0.491217 0.760723 0.033088 0.080270
0 0.448121 0.755821 0.042484 0.077819
0 0.366830 0.745864 0.044935 0.087929
0 0.238562 0.737439 0.038399 0.072917
0 0.069036 0.261029 0.029412 0.091299
0 0.403391 0.277880 0.032271 0.084559
0 0.826389 0.496170 0.027778 0.060968
0 0.892770 0.501838 0.035539 0.054534
0 0.908292 0.693781 0.029820 0.068321
0 0.085172 0.157016 0.029003 0.066483
0 0.120711 0.157475 0.024101 0.063113
0 0.156046 0.160999 0.025327 0.058517
0 0.190768 0.158241 0.022059 0.061581
0 0.147059 0.549632 0.026961 0.069853
0 0.112541 0.540748 0.033905 0.087623
0 0.071487 0.539216 0.034314 0.083333
0 0.037990 0.537837 0.030229 0.083640
0 0.262868 0.449755 0.024918 0.072304
0 0.232026 0.445466 0.031863 0.075980
0 0.195057 0.443321 0.030637 0.069853
0 0.159722 0.440870 0.032680 0.067402
0 0.086193 0.439338 0.034314 0.068015
0 0.047794 0.434743 0.029412 0.074755
0 0.240196 0.355545 0.028595 0.075061
0 0.203636 0.353707 0.031454 0.068934
0 0.943832 0.504902 0.058415 0.048407
0 0.769812 0.385723 0.046160 0.083946
0 0.724060 0.386489 0.027369 0.082414
0 0.377655 0.395527 0.036356 0.091299
0 0.419322 0.402880 0.034722 0.089461
0 0.457516 0.416973 0.038399 0.071078
0 0.859273 0.499540 0.027369 0.051777
0 0.492443 0.415748 0.029003 0.075980
0 0.576389 0.407782 0.041667 0.087010
0 0.036356 0.350031 0.030229 0.064032
0 0.071691 0.349418 0.034722 0.065257
0 0.103145 0.349112 0.024918 0.068321
0 0.136438 0.351562 0.025327 0.063419
0 0.167484 0.354933 0.028595 0.066483
0 0.531046 0.406097 0.040033 0.092831
0 0.052900 0.157475 0.026552 0.065564
0 0.024918 0.155331 0.020425 0.067402
0 0.486724 0.528646 0.037173 0.087316
0 0.584559 0.165594 0.041667 0.067096
0 0.631536 0.168505 0.036765 0.058824
0 0.754902 0.174020 0.036765 0.069853
0 0.797386 0.174939 0.035948 0.075368
0 0.836193 0.172181 0.031046 0.078431
0 0.872141 0.172488 0.036765 0.080270
0 0.910539 0.181373 0.031046 0.067402
0 0.247958 0.549020 0.034314 0.078431
0 0.360498 0.526808 0.038807 0.078738
0 0.409926 0.526808 0.038807 0.083640
0 0.930556 0.397825 0.035131 0.071998
0 0.523693 0.540594 0.031863 0.070772
0 0.543301 0.162531 0.038399 0.068321
0 0.562092 0.541820 0.036765 0.080576
0 0.598039 0.535386 0.035948 0.093444
0 0.630515 0.538450 0.031454 0.089767
0 0.055964 0.633425 0.039216 0.070772
0 0.092116 0.633885 0.035539 0.067402
0 0.133987 0.637561 0.029412 0.069240
0 0.170752 0.640931 0.035131 0.077819
0 0.955270 0.182445 0.041258 0.062806
0 0.736724 0.284773 0.036356 0.085478
0 0.777574 0.283395 0.035539 0.083333
0 0.819240 0.284007 0.033088 0.082108
0 0.863154 0.285233 0.041667 0.087010
0 0.904412 0.290135 0.035131 0.082108
0 0.973652 0.395680 0.032271 0.071385
0 0.501430 0.164062 0.033905 0.070159
0 0.464461 0.165594 0.032680 0.069547
0 0.422998 0.163143 0.034722 0.067096
0 0.870302 0.693321 0.029820 0.061887
0 0.825572 0.687500 0.029412 0.066176
0 0.784109 0.683977 0.032271 0.065870
0 0.742034 0.684283 0.027369 0.062806
0 0.698938 0.680147 0.033497 0.061275
0 0.975490 0.807751 0.049020 0.075674
0 0.924224 0.803156 0.042075 0.075061
0 0.880923 0.796875 0.034722 0.077206
0 0.840278 0.803309 0.029412 0.059436
0 0.803105 0.800245 0.037582 0.068015
0 0.763072 0.794884 0.039216 0.068934
0 0.723856 0.793964 0.030229 0.065870
0 0.686070 0.786612 0.027369 0.068321
0 0.582312 0.767616 0.033905 0.081801
0 0.548611 0.765472 0.029412 0.083640
0 0.987132 0.704963 0.023284 0.061275
0 0.364583 0.638634 0.040441 0.087316
0 0.424020 0.645527 0.040850 0.085784
0 0.465686 0.652574 0.035131 0.081495
0 0.501021 0.648284 0.033088 0.094975
0 0.842729 0.395680 0.040850 0.071385
0 0.888480 0.393689 0.036765 0.070466
0 0.484069 0.278033 0.038399 0.094056
0 0.528391 0.287684 0.031454 0.079657
0 0.571487 0.293658 0.028595 0.067708
0 0.384804 0.160999 0.031046 0.076287
0 0.184641 0.550398 0.036765 0.070772
0 0.948734 0.284314 0.037990 0.091299
0 0.986111 0.289828 0.027778 0.090074
