0 0.198938 0.158854 0.062092 0.083027
0 0.830065 0.848192 0.040033 0.023591
0 0.377655 0.487132 0.056781 0.086397
0 0.439338 0.488971 0.067402 0.083946
0 0.832721 0.884498 0.045343 0.025123
0 0.276348 0.157629 0.086193 0.090993
0 0.490605 0.158241 0.050654 0.086091
0 0.376838 0.165441 0.030637 0.071691
0 0.409518 0.166360 0.034722 0.071691
0 0.444649 0.163603 0.037990 0.075368
0 0.784518 0.861826 0.046160 0.025735
0 0.562092 0.192096 0.086601 0.018382
0 0.564747 0.167433 0.082108 0.029105
0 0.628881 0.155637 0.043709 0.089461
0 0.341912 0.163603 0.034314 0.075368
0 0.784518 0.890165 0.046160 0.025429
0 0.915850 0.588235 0.065359 0.091299
0 0.683824 0.861826 0.046569 0.028186
0 0.697304 0.190717 0.082516 0.023591
0 0.273080 0.375153 0.055147 0.094056
0 0.098448 0.430913 0.089869 0.067708
0 0.026144 0.430453 0.052288 0.064338
0 0.075163 0.501685 0.101307 0.069547
0 0.183824 0.486366 0.031863 0.080576
0 0.735090 0.863817 0.042075 0.022978
0 0.223652 0.484681 0.044526 0.092525
0 0.317810 0.485294 0.058824 0.088848
0 0.959763 0.770680 0.064134 0.071998
0 0.799632 0.585478 0.037173 0.083946
0 0.849469 0.589154 0.054330 0.091912
0 0.685049 0.890625 0.052288 0.026348
0 0.735294 0.890625 0.049020 0.026348
0 0.268178 0.483609 0.042075 0.090993
0 0.698938 0.167739 0.079248 0.021752
0 0.789420 0.182445 0.034722 0.040135
0 0.828023 0.156403 0.035948 0.085478
0 0.775940 0.683824 0.053513 0.068015
0 0.829044 0.680607 0.053513 0.073836
0 0.876021 0.678309 0.037173 0.061275
0 0.922386 0.679688 0.053922 0.059130
0 0.911969 0.268689 0.038807 0.089461
0 0.864379 0.265472 0.044935 0.094056
0 0.104371 0.794424 0.089461 0.060049
0 0.722018 0.683058 0.052696 0.066483
0 0.098652 0.871477 0.090278 0.063419
0 0.237745 0.896752 0.042484 0.019608
0 0.217729 0.836550 0.042484 0.019914
0 0.260212 0.835784 0.042484 0.019608
0 0.277982 0.890012 0.031454 0.031863
0 0.316789 0.890012 0.041258 0.036765
0 0.357843 0.890319 0.041667 0.036765
0 0.396855 0.890012 0.033905 0.036765
0 0.191993 0.897978 0.042484 0.019608
0 0.432394 0.889859 0.033905 0.037071
0 0.651144 0.683058 0.088235 0.066483
0 0.473039 0.683824 0.085784 0.069240
0 0.221814 0.373009 0.047386 0.098346
0 0.675858 0.378523 0.064134 0.093444
0 0.614175 0.379749 0.060049 0.089767
0 0.553309 0.376532 0.054330 0.096201
0 0.503881 0.376532 0.043709 0.096201
0 0.456087 0.377145 0.048611 0.093137
0 0.399714 0.379442 0.060866 0.092218
0 0.560253 0.683670 0.086193 0.067708
0 0.335784 0.378523 0.061275 0.089154
0 0.091299 0.323070 0.096814 0.076287
0 0.950368 0.267310 0.036356 0.086091
0 0.493260 0.588235 0.043709 0.094363
0 0.540645 0.588542 0.041258 0.090686
0 0.207721 0.685509 0.091912 0.064645
0 0.297590 0.684283 0.085376 0.070772
0 0.384191 0.683670 0.087827 0.070159
0 0.172590 0.374847 0.046160 0.099571
0 0.465686 0.889553 0.032680 0.031556
0 0.500613 0.888940 0.033088 0.031556
0 0.535948 0.888787 0.032680 0.031250
0 0.456495 0.776042 0.052696 0.062500
0 0.508170 0.764246 0.049020 0.062194
0 0.558415 0.764553 0.052288 0.062194
0 0.612949 0.775276 0.054330 0.063419
0 0.665850 0.773284 0.053105 0.066789
0 0.718750 0.774663 0.052696 0.066483
0 0.787582 0.763021 0.055556 0.061581
0 0.404412 0.775582 0.049020 0.068934
0 0.844158 0.762255 0.052696 0.066176
0 0.258987 0.265319 0.051471 0.095588
0 0.209967 0.265012 0.047386 0.094975
0 0.164420 0.262868 0.042075 0.098039
0 0.983660 0.163297 0.032680 0.081495
0 0.945874 0.156710 0.039624 0.093444
0 0.902165 0.155178 0.040441 0.090380
0 0.865196 0.159314 0.034314 0.082721
0 0.897876 0.761949 0.053922 0.066176
0 0.250817 0.775582 0.053105 0.064645
0 0.197712 0.770987 0.047386 0.068321
0 0.570261 0.843290 0.031046 0.034007
0 0.572304 0.888634 0.032680 0.031556
0 0.607639 0.888021 0.033088 0.031556
0 0.641340 0.886489 0.032680 0.031556
0 0.404820 0.835172 0.034314 0.022672
0 0.466912 0.856158 0.036765 0.032782
0 0.502247 0.840686 0.031454 0.033701
0 0.815359 0.263174 0.047386 0.100490
0 0.714257 0.270987 0.049428 0.083027
0 0.662786 0.268229 0.053513 0.087929
0 0.607639 0.269761 0.052696 0.092218
0 0.552696 0.266238 0.049837 0.099877
0 0.502859 0.265165 0.047386 0.098958
0 0.454657 0.267616 0.045752 0.095895
0 0.405637 0.267004 0.054739 0.095282
0 0.353554 0.265778 0.047794 0.094669
0 0.307394 0.265472 0.044526 0.095895
0 0.536356 0.844056 0.031046 0.033701
0 0.524101 0.484988 0.047386 0.091299
0 0.568423 0.481005 0.041258 0.085784
0 0.350490 0.774203 0.053922 0.068015
0 0.662377 0.482690 0.055147 0.089154
0 0.829248 0.827972 0.044118 0.015012
0 0.979984 0.371324 0.037582 0.099265
0 0.937704 0.374540 0.047794 0.094669
0 0.610907 0.482230 0.043709 0.085784
0 0.882557 0.375153 0.050245 0.093444
0 0.830882 0.375919 0.050654 0.092525
0 0.780433 0.374081 0.047794 0.096201
0 0.982026 0.888174 0.035948 0.022059
0 0.924224 0.853094 0.045343 0.021752
0 0.935866 0.888021 0.053105 0.024816
0 0.877451 0.850337 0.044935 0.024816
0 0.879289 0.875000 0.040441 0.023284
0 0.731822 0.377145 0.042075 0.090686
0 0.415033 0.589001 0.052288 0.087316
0 0.776961 0.830576 0.049837 0.015931
0 0.785131 0.483303 0.044935 0.092831
0 0.826389 0.480699 0.035948 0.089461
0 0.863562 0.482537 0.036765 0.085172
0 0.968342 0.482843 0.046160 0.089461
0 0.912990 0.483762 0.047386 0.091299
0 0.085172 0.685049 0.094363 0.070466
0 0.185049 0.592218 0.046569 0.090074
0 0.255515 0.599418 0.090278 0.070772
0 0.342933 0.600031 0.084559 0.070159
0 0.093342 0.608609 0.091912 0.066483
0 0.737337 0.482537 0.049837 0.095588
