0 0.546160 0.146599 0.040850 0.102635
0 0.403799 0.154105 0.039624 0.086397
0 0.159926 0.429688 0.039624 0.097733
0 0.104371 0.429075 0.052696 0.095282
0 0.050858 0.425092 0.045343 0.094669
0 0.979779 0.309436 0.040441 0.088848
0 0.932190 0.315717 0.033497 0.079963
0 0.896650 0.315717 0.034314 0.079350
0 0.857843 0.312806 0.036765 0.082721
0 0.810866 0.306373 0.034314 0.088848
0 0.767974 0.307292 0.036765 0.083946
0 0.733252 0.309436 0.031046 0.082721
0 0.688113 0.313266 0.048611 0.071998
0 0.211806 0.428462 0.051879 0.099571
0 0.627451 0.325674 0.039216 0.047181
0 0.514910 0.330729 0.030637 0.034007
0 0.486111 0.331036 0.028595 0.035233
0 0.440972 0.300092 0.046160 0.092218
0 0.386642 0.296262 0.045343 0.094975
0 0.329453 0.291513 0.042892 0.106924
0 0.278186 0.291360 0.049020 0.115196
0 0.221609 0.287377 0.051062 0.112132
0 0.171569 0.283395 0.043301 0.117034
0 0.120302 0.287071 0.044526 0.115809
0 0.959150 0.151348 0.051471 0.117034
0 0.895425 0.152267 0.040033 0.112132
0 0.591299 0.319547 0.031454 0.054534
0 0.221609 0.532322 0.051062 0.045037
0 0.326185 0.448529 0.044526 0.057598
0 0.436070 0.447610 0.064951 0.061887
0 0.452819 0.137868 0.054330 0.120098
0 0.502042 0.145833 0.036765 0.108456
0 0.584150 0.151195 0.028595 0.101409
0 0.627247 0.143995 0.042892 0.110907
0 0.669935 0.146752 0.036765 0.113358
0 0.721609 0.146140 0.055964 0.109681
0 0.787377 0.147672 0.059232 0.112745
0 0.845997 0.144608 0.049020 0.115196
0 0.981209 0.440104 0.031046 0.073836
0 0.944853 0.439338 0.034314 0.083946
0 0.894404 0.464154 0.045343 0.037990
0 0.377859 0.445619 0.044118 0.062194
0 0.885417 0.427390 0.051879 0.026961
0 0.841503 0.462623 0.044118 0.037377
0 0.803309 0.437806 0.027369 0.090686
0 0.765114 0.437500 0.039216 0.081495
0 0.721405 0.428615 0.039216 0.086397
0 0.678922 0.429994 0.042484 0.099571
0 0.640931 0.446844 0.030229 0.071998
0 0.590891 0.472273 0.057598 0.015012
0 0.589665 0.447917 0.060049 0.026348
0 0.591299 0.420956 0.059232 0.026348
0 0.533701 0.438113 0.043709 0.081495
0 0.486520 0.450674 0.037582 0.055147
0 0.893587 0.392157 0.051879 0.034926
0 0.053717 0.280331 0.051062 0.131740
0 0.946691 0.880055 0.062500 0.111213
0 0.604984 0.535233 0.038399 0.039216
0 0.772263 0.627298 0.053513 0.058517
0 0.702819 0.622089 0.082108 0.068934
0 0.616830 0.619179 0.070261 0.069240
0 0.541258 0.622549 0.071078 0.063725
0 0.476920 0.623621 0.046160 0.065870
0 0.424632 0.621783 0.053513 0.068321
0 0.343546 0.621324 0.035131 0.067402
0 0.269812 0.630362 0.095997 0.064645
0 0.148693 0.627604 0.109477 0.070159
0 0.043505 0.628830 0.082925 0.064032
0 0.961806 0.539216 0.048611 0.025123
0 0.888480 0.540441 0.033497 0.031250
0 0.826389 0.625919 0.049837 0.058211
0 0.881536 0.511642 0.040033 0.027574
0 0.677696 0.531097 0.048203 0.048713
0 0.557598 0.532322 0.044118 0.045037
0 0.375000 0.527727 0.054739 0.054228
0 0.318627 0.526348 0.037582 0.053922
0 0.049224 0.148438 0.054330 0.071998
0 0.110498 0.151195 0.056781 0.066483
0 0.165033 0.156556 0.046569 0.061275
0 0.212010 0.139246 0.044118 0.099571
0 0.255719 0.154412 0.040033 0.074755
0 0.314951 0.145067 0.046569 0.096507
0 0.362745 0.149357 0.033497 0.094669
0 0.273080 0.534314 0.042075 0.037377
0 0.782067 0.531250 0.088644 0.052083
0 0.876430 0.626225 0.049428 0.055147
0 0.382557 0.623162 0.029820 0.061275
0 0.972222 0.621936 0.045752 0.057598
0 0.879289 0.889706 0.059232 0.103554
0 0.814338 0.889093 0.057598 0.104779
0 0.735703 0.915441 0.071895 0.055147
0 0.663603 0.922335 0.060049 0.051777
0 0.728145 0.854167 0.052696 0.060662
0 0.663194 0.861979 0.063317 0.065870
0 0.926879 0.625306 0.038399 0.056985
0 0.497345 0.847120 0.071487 0.030025
0 0.493668 0.906250 0.087827 0.085784
0 0.422181 0.888787 0.044526 0.116422
0 0.304330 0.922335 0.080882 0.059130
0 0.209559 0.906403 0.087418 0.097733
0 0.121324 0.903186 0.074346 0.079657
0 0.055556 0.879442 0.043301 0.106924
0 0.579248 0.884498 0.071078 0.087010
0 0.911969 0.747243 0.069036 0.076593
0 0.975694 0.742494 0.048611 0.072610
0 0.058619 0.736673 0.097631 0.100184
0 0.157271 0.765778 0.078431 0.072610
0 0.224673 0.755668 0.045752 0.078125
0 0.331495 0.761029 0.042892 0.064951
0 0.383374 0.745098 0.051062 0.090074
0 0.277165 0.755668 0.054330 0.075061
0 0.574142 0.751991 0.104984 0.067096
0 0.684436 0.755821 0.101716 0.060662
0 0.766544 0.743260 0.057598 0.078431
0 0.841503 0.748315 0.071895 0.072610
0 0.464257 0.754442 0.092729 0.066483
