0 0.967735 0.740024 0.064530 0.043510
0 0.435256 0.678125 0.091026 0.038462
0 0.533547 0.675962 0.088462 0.037500
0 0.619444 0.652163 0.074786 0.025962
0 0.623077 0.681250 0.087179 0.032212
0 0.831197 0.658534 0.040171 0.025240
0 0.707692 0.679087 0.079487 0.027885
0 0.779487 0.670913 0.051282 0.041346
0 0.902991 0.673438 0.053846 0.033413
0 0.957051 0.672236 0.048291 0.038702
0 0.709615 0.652885 0.078205 0.021635
0 0.354060 0.675000 0.063675 0.047596
0 0.784829 0.589904 0.036325 0.036538
0 0.185897 0.641707 0.049573 0.052644
0 0.130769 0.634976 0.043590 0.072356
0 0.069872 0.640264 0.067094 0.064663
0 0.966667 0.589543 0.056410 0.048798
0 0.901923 0.593389 0.046581 0.050240
0 0.848077 0.595313 0.053419 0.043510
0 0.718590 0.594832 0.075641 0.020913
0 0.635470 0.600481 0.085470 0.029808
0 0.546154 0.602644 0.078632 0.022596
0 0.452991 0.603966 0.089744 0.019952
0 0.895085 0.730769 0.074786 0.038462
0 0.361325 0.603606 0.083333 0.029808
0 0.281838 0.675962 0.074786 0.042788
0 0.762393 0.734495 0.053846 0.036779
0 0.135043 0.821154 0.072650 0.059615
0 0.572863 0.719712 0.064530 0.013942
0 0.265812 0.607452 0.094872 0.027885
0 0.778632 0.844591 0.091453 0.032933
0 0.680556 0.814063 0.077350 0.064663
0 0.612821 0.835096 0.045299 0.049038
0 0.562821 0.836659 0.049573 0.045913
0 0.486111 0.840986 0.088462 0.034375
0 0.388889 0.847716 0.101709 0.032452
0 0.293803 0.855048 0.088462 0.032692
0 0.209188 0.833293 0.070513 0.046875
0 0.210684 0.866947 0.073504 0.020433
0 0.129915 0.868149 0.072650 0.026683
0 0.053632 0.855529 0.070513 0.054808
0 0.500641 0.738942 0.070513 0.048558
0 0.057479 0.742548 0.032051 0.044231
0 0.133547 0.749279 0.027778 0.033654
0 0.098077 0.735216 0.041453 0.053606
0 0.157906 0.746394 0.019231 0.036538
0 0.202350 0.741226 0.056838 0.049760
0 0.282051 0.742668 0.075214 0.055529
0 0.359829 0.730288 0.070085 0.030769
0 0.430769 0.726082 0.055556 0.030529
0 0.642308 0.749279 0.063248 0.030769
0 0.573718 0.746154 0.066239 0.037019
0 0.821368 0.721154 0.057265 0.025481
0 0.703632 0.745192 0.055983 0.026923
0 0.647436 0.726803 0.068376 0.011298
0 0.025000 0.748317 0.024359 0.041346
0 0.945085 0.512620 0.055128 0.053606
0 0.675000 0.299639 0.055983 0.020433
0 0.823291 0.509856 0.050855 0.053365
0 0.801496 0.300240 0.043162 0.076923
0 0.739957 0.301683 0.071368 0.075000
0 0.674145 0.328245 0.049145 0.027644
0 0.953846 0.842668 0.082906 0.028125
0 0.590385 0.296394 0.052564 0.082692
0 0.507051 0.296514 0.104701 0.084375
0 0.428205 0.302404 0.040171 0.080769
0 0.377137 0.304688 0.047436 0.068990
0 0.331410 0.296875 0.038889 0.082212
0 0.282692 0.299519 0.045726 0.082212
0 0.240812 0.305649 0.034615 0.058894
0 0.163248 0.310817 0.087179 0.019231
0 0.848932 0.296274 0.044872 0.085817
0 0.163462 0.282572 0.082479 0.025721
0 0.973077 0.189423 0.053846 0.080769
0 0.919658 0.178966 0.035897 0.089663
0 0.862821 0.186178 0.047009 0.074279
0 0.811538 0.201563 0.037607 0.050240
0 0.769444 0.188942 0.026068 0.076923
0 0.727137 0.174760 0.050855 0.100962
0 0.675214 0.169832 0.045299 0.093990
0 0.591239 0.172356 0.111538 0.102885
0 0.499145 0.174760 0.057265 0.100962
0 0.416026 0.186058 0.036325 0.079808
0 0.158974 0.176683 0.094017 0.082212
0 0.063248 0.172837 0.095726 0.085577
0 0.061111 0.290745 0.111966 0.037740
0 0.884615 0.512019 0.053846 0.046154
0 0.900000 0.294952 0.047863 0.089904
0 0.983333 0.307933 0.033333 0.063462
0 0.767949 0.512380 0.059829 0.051202
0 0.688462 0.525721 0.088034 0.030288
0 0.492308 0.527284 0.095726 0.036298
0 0.392521 0.528726 0.098718 0.039183
0 0.287821 0.529327 0.108120 0.037981
0 0.199786 0.543990 0.051709 0.069712
0 0.141026 0.546514 0.037607 0.058894
0 0.056838 0.558293 0.103419 0.047356
0 0.177350 0.462019 0.042735 0.061538
0 0.121795 0.469111 0.056410 0.053125
0 0.061325 0.468750 0.055128 0.048077
0 0.970513 0.409615 0.058974 0.101923
0 0.945513 0.298558 0.036325 0.084135
0 0.881838 0.423678 0.115812 0.076683
0 0.672650 0.426322 0.087179 0.071394
0 0.602350 0.424760 0.045726 0.071635
0 0.610684 0.378365 0.052137 0.016827
0 0.564957 0.422476 0.028205 0.079087
0 0.495513 0.450601 0.095299 0.023317
0 0.498291 0.423678 0.092308 0.026683
0 0.393376 0.443029 0.100427 0.037981
0 0.285684 0.448918 0.104701 0.029567
0 0.282265 0.414183 0.107265 0.027404
0 0.178846 0.383413 0.055983 0.056250
0 0.112821 0.381611 0.058974 0.058413
0 0.042094 0.381971 0.068803 0.059135
0 0.769444 0.424760 0.101282 0.074519
0 0.868376 0.842668 0.078632 0.022356
