0 0.459355 0.387561 0.049428 0.031250
0 0.710784 0.331342 0.026961 0.109988
0 0.755106 0.327359 0.039624 0.110600
0 0.178717 0.563419 0.061683 0.074755
0 0.035335 0.591912 0.060866 0.064338
0 0.105596 0.554075 0.072304 0.118566
0 0.985703 0.320159 0.028595 0.094975
0 0.607435 0.352635 0.024510 0.088235
0 0.793096 0.323683 0.030637 0.106924
0 0.946078 0.324908 0.028595 0.091605
0 0.915645 0.325061 0.024101 0.093137
0 0.578840 0.356771 0.027778 0.085478
0 0.890319 0.321232 0.020833 0.103860
0 0.861724 0.324908 0.029820 0.102022
0 0.827410 0.324908 0.033088 0.100797
0 0.545139 0.302849 0.025735 0.062806
0 0.641340 0.342678 0.039216 0.099571
0 0.281250 0.352941 0.046160 0.129902
0 0.510621 0.302543 0.032680 0.066483
0 0.545752 0.370251 0.026961 0.059743
0 0.329861 0.366728 0.039624 0.102328
0 0.378064 0.368413 0.044526 0.089767
0 0.511234 0.371017 0.030637 0.068015
0 0.679330 0.331036 0.030229 0.117341
0 0.606618 0.685968 0.058007 0.021446
0 0.900531 0.635263 0.031454 0.070772
0 0.859477 0.541360 0.022059 0.086397
0 0.887051 0.535846 0.026552 0.075368
0 0.912786 0.529565 0.021650 0.081189
0 0.942606 0.536612 0.024918 0.048713
0 0.963031 0.531710 0.015114 0.048713
0 0.986928 0.523591 0.025327 0.060049
0 0.041258 0.884651 0.070261 0.128370
0 0.122345 0.851716 0.081291 0.100490
0 0.223652 0.835018 0.104167 0.109375
0 0.333333 0.824602 0.096405 0.112439
0 0.837214 0.545956 0.018382 0.079044
0 0.811887 0.551317 0.027369 0.089767
0 0.256332 0.489430 0.100082 0.053002
0 0.783088 0.556679 0.020425 0.083946
0 0.755106 0.560968 0.027369 0.089461
0 0.718954 0.572917 0.033497 0.085784
0 0.437500 0.791054 0.097222 0.061275
0 0.506127 0.767157 0.036765 0.051471
0 0.547181 0.738664 0.033088 0.109681
0 0.605392 0.734375 0.055556 0.052083
0 0.660743 0.703278 0.046160 0.105699
0 0.708946 0.690870 0.045343 0.104167
0 0.752042 0.675398 0.033497 0.099571
0 0.782680 0.664369 0.022876 0.102022
0 0.814951 0.655944 0.036765 0.086397
0 0.862745 0.652727 0.035131 0.094669
0 0.227533 0.358915 0.049020 0.139400
0 0.164420 0.360294 0.070670 0.139706
0 0.127859 0.209865 0.060458 0.046569
0 0.029820 0.330270 0.044118 0.098652
0 0.871119 0.441789 0.016748 0.083333
0 0.847018 0.446078 0.025735 0.090074
0 0.819853 0.451593 0.021242 0.088848
0 0.789216 0.455270 0.035948 0.095588
0 0.746732 0.454963 0.020425 0.088235
0 0.725490 0.455116 0.015523 0.086091
0 0.892565 0.436581 0.018791 0.083333
0 0.704044 0.487898 0.022467 0.053615
0 0.624796 0.511489 0.034722 0.039522
0 0.565972 0.502298 0.070670 0.060355
0 0.534518 0.441636 0.070670 0.047488
0 0.468137 0.507506 0.044935 0.061581
0 0.425449 0.448376 0.086193 0.037071
0 0.394404 0.534467 0.092729 0.068934
0 0.677900 0.491422 0.024101 0.052696
0 0.282884 0.553462 0.118873 0.053615
0 0.926879 0.437806 0.027778 0.082108
0 0.974060 0.427390 0.015114 0.087623
0 0.936070 0.634038 0.020833 0.073223
0 0.959967 0.631281 0.017974 0.073836
0 0.980188 0.621017 0.020833 0.068627
0 0.995915 0.601103 0.008170 0.070466
0 0.029616 0.461550 0.057598 0.084865
0 0.552288 0.602482 0.046569 0.090380
0 0.954248 0.430607 0.019608 0.090380
0 0.502655 0.615809 0.038807 0.098039
0 0.349877 0.669577 0.047794 0.059130
0 0.291462 0.671875 0.034722 0.061275
0 0.237745 0.684589 0.066176 0.070772
0 0.165441 0.687960 0.057190 0.109375
0 0.066176 0.713235 0.132353 0.077819
0 0.993464 0.427083 0.013072 0.088235
0 0.426675 0.657629 0.088644 0.075674
0 0.482639 0.033854 0.042892 0.067096
0 0.524306 0.032169 0.028186 0.063113
0 0.554943 0.035080 0.024101 0.068934
0 0.512459 0.192402 0.036356 0.096814
0 0.547181 0.202359 0.024101 0.086091
0 0.586601 0.174326 0.049020 0.020221
0 0.586397 0.197763 0.045343 0.017463
0 0.588031 0.218137 0.046160 0.015931
0 0.586806 0.237286 0.043709 0.011949
0 0.470792 0.187653 0.034722 0.106311
0 0.665441 0.179534 0.049837 0.132353
0 0.805351 0.191636 0.068219 0.112439
0 0.860907 0.192862 0.037173 0.119179
0 0.892565 0.197610 0.022059 0.102941
0 0.920752 0.197917 0.024510 0.102941
0 0.945466 0.207261 0.024101 0.083640
0 0.981618 0.208487 0.036765 0.081801
0 0.732026 0.209712 0.059641 0.074449
0 0.428513 0.188113 0.031863 0.105392
0 0.385621 0.187347 0.047386 0.109988
0 0.337418 0.181985 0.029412 0.115196
0 0.585580 0.037531 0.024918 0.071385
0 0.619690 0.045956 0.030229 0.066176
0 0.682802 0.070312 0.015114 0.031556
0 0.716503 0.055453 0.035131 0.063725
0 0.769199 0.046415 0.036765 0.091605
0 0.805964 0.058364 0.028595 0.095282
0 0.841299 0.087010 0.029820 0.041054
0 0.887051 0.070312 0.039624 0.100184
0 0.919730 0.068321 0.022467 0.103554
0 0.953023 0.068015 0.032680 0.109681
0 0.985703 0.082414 0.028595 0.090074
0 0.030842 0.207261 0.049428 0.050551
0 0.188113 0.220282 0.042892 0.031863
0 0.240400 0.186581 0.055964 0.099265
0 0.295752 0.181985 0.043301 0.109069
0 0.096201 0.359069 0.053513 0.150735
0 0.602533 0.595129 0.040033 0.101409
0 0.643995 0.584865 0.034722 0.090686
0 0.674020 0.578431 0.025327 0.094363
