0 0.357639 0.302849 0.021650 0.071998
0 0.330474 0.303002 0.022876 0.069240
0 0.387255 0.302543 0.030229 0.072610
0 0.426879 0.305607 0.031863 0.071385
0 0.465891 0.308517 0.034722 0.074755
0 0.508578 0.309283 0.035131 0.077512
0 0.550449 0.310202 0.034722 0.078125
0 0.588644 0.309130 0.026961 0.075980
0 0.633783 0.312960 0.033088 0.084252
0 0.678309 0.311275 0.037173 0.087623
0 0.722018 0.316483 0.037173 0.084559
0 0.345588 0.815411 0.044118 0.050551
0 0.294935 0.800092 0.042484 0.043199
0 0.340891 0.764859 0.041258 0.038909
0 0.301675 0.301930 0.024918 0.071385
0 0.878676 0.380055 0.047386 0.084252
0 0.155229 0.411918 0.016340 0.036458
0 0.248775 0.300551 0.016340 0.067402
0 0.045139 0.396906 0.021650 0.043199
0 0.773897 0.316023 0.043709 0.087929
0 0.097835 0.353707 0.017565 0.042586
0 0.070466 0.349877 0.031454 0.048407
0 0.040237 0.347120 0.020833 0.046569
0 0.013276 0.345282 0.023284 0.045956
0 0.070466 0.401808 0.024918 0.045037
0 0.094363 0.251072 0.026144 0.093444
0 0.062092 0.256893 0.026961 0.076900
0 0.034109 0.257047 0.021650 0.079044
0 0.107843 0.120711 0.031046 0.093750
0 0.073938 0.122702 0.026144 0.092218
0 0.049020 0.123162 0.019608 0.091299
0 0.018587 0.121324 0.024918 0.094975
0 0.137459 0.250766 0.031454 0.096507
0 0.271242 0.299326 0.023693 0.064951
0 0.100286 0.402114 0.022467 0.044424
0 0.292075 0.754289 0.040033 0.038603
0 0.224469 0.298407 0.026552 0.061887
0 0.197508 0.299020 0.013480 0.063113
0 0.176266 0.297947 0.027369 0.065257
0 0.481413 0.404718 0.028186 0.072304
0 0.454044 0.401348 0.023284 0.074142
0 0.415645 0.400123 0.030637 0.071691
0 0.129289 0.409926 0.020833 0.033701
0 0.380719 0.397518 0.026961 0.072610
0 0.316176 0.385110 0.022876 0.047794
0 0.290850 0.389553 0.018791 0.053002
0 0.263685 0.385417 0.020833 0.052083
0 0.226511 0.391544 0.024918 0.051471
0 0.200163 0.388480 0.018791 0.053309
0 0.175654 0.387561 0.019608 0.055147
0 0.347631 0.395987 0.032680 0.064032
0 0.243873 0.786458 0.034314 0.044730
0 0.020221 0.396293 0.024918 0.044424
0 0.245915 0.738051 0.035131 0.033701
0 0.294322 0.201746 0.029003 0.075061
0 0.327614 0.202053 0.030229 0.078738
0 0.378268 0.198529 0.031046 0.079044
0 0.414216 0.199755 0.031046 0.080882
0 0.449959 0.198070 0.027369 0.084252
0 0.486315 0.199142 0.028186 0.080270
0 0.522059 0.195925 0.028595 0.079963
0 0.558619 0.196691 0.033905 0.084559
0 0.602533 0.195925 0.033497 0.084865
0 0.640931 0.196538 0.033497 0.084865
0 0.259395 0.210784 0.018791 0.054534
0 0.686683 0.198989 0.033497 0.084865
0 0.809641 0.192555 0.040850 0.097733
0 0.858456 0.192249 0.041258 0.094056
0 0.727124 0.206342 0.031863 0.065870
0 0.042075 0.481464 0.043301 0.070772
0 0.094363 0.484835 0.048203 0.073836
0 0.147263 0.492494 0.051062 0.072610
0 0.240196 0.486366 0.127451 0.045037
0 0.340074 0.496477 0.045343 0.053002
0 0.394199 0.499847 0.050654 0.057904
0 0.453636 0.507200 0.056781 0.061581
0 0.765931 0.195312 0.034314 0.092218
0 0.234069 0.208180 0.021242 0.062194
0 0.199142 0.202665 0.029003 0.068321
0 0.168913 0.202206 0.022467 0.069240
0 0.199959 0.774663 0.040441 0.045037
0 0.931373 0.377757 0.043301 0.090686
0 0.913807 0.224112 0.049020 0.093444
0 0.968954 0.223346 0.053105 0.097426
0 0.819444 0.055147 0.044935 0.110294
0 0.871732 0.056526 0.049020 0.111826
0 0.927900 0.055607 0.045343 0.109375
0 0.979779 0.054841 0.040441 0.108456
0 0.146855 0.095895 0.021650 0.091912
0 0.177083 0.093903 0.020016 0.093444
0 0.211397 0.097733 0.025735 0.083333
0 0.245302 0.092678 0.028186 0.091605
0 0.277778 0.099265 0.023693 0.080270
0 0.304534 0.098039 0.021650 0.080882
0 0.332516 0.093597 0.024510 0.082414
0 0.363154 0.089920 0.026144 0.084865
0 0.401348 0.092984 0.033905 0.076900
0 0.442606 0.085784 0.034722 0.083946
0 0.486928 0.085478 0.035948 0.087010
0 0.527574 0.081495 0.038807 0.090074
0 0.573121 0.080423 0.042484 0.089767
0 0.663194 0.071232 0.044526 0.089767
0 0.711601 0.070619 0.038399 0.095282
0 0.522467 0.515319 0.066176 0.064338
0 0.600286 0.526042 0.074755 0.063725
0 0.767565 0.065870 0.040850 0.093137
0 0.773897 0.545650 0.087827 0.069240
0 0.336601 0.656556 0.044935 0.037377
0 0.389297 0.667126 0.047386 0.035233
0 0.288807 0.694393 0.045752 0.037071
0 0.336806 0.701134 0.038807 0.039522
0 0.382353 0.714767 0.049020 0.040441
0 0.447304 0.677083 0.053922 0.041054
0 0.444036 0.728094 0.059641 0.039522
0 0.517565 0.698529 0.059641 0.047181
0 0.513685 0.745864 0.058415 0.041973
0 0.667279 0.727941 0.074755 0.037377
0 0.288399 0.648438 0.044935 0.041973
0 0.582312 0.761029 0.067402 0.044118
0 0.736520 0.794730 0.078431 0.052083
0 0.849265 0.787684 0.122549 0.107843
0 0.959559 0.821232 0.080882 0.122855
0 0.799020 0.913297 0.110294 0.098652
0 0.917892 0.939491 0.110294 0.100184
0 0.631127 0.886489 0.190359 0.050551
0 0.458742 0.796415 0.160948 0.035233
0 0.455270 0.842525 0.154003 0.037990
0 0.682394 0.536458 0.079657 0.064338
0 0.199551 0.728707 0.039624 0.031556
0 0.658497 0.781250 0.072712 0.041054
0 0.242239 0.682751 0.040850 0.048100
0 0.584559 0.706189 0.065359 0.043505
0 0.069649 0.728248 0.039624 0.063113
0 0.515931 0.408088 0.031863 0.069853
0 0.552696 0.411305 0.033497 0.073223
0 0.131332 0.739583 0.065768 0.068015
0 0.592525 0.417433 0.037990 0.070159
0 0.634804 0.415594 0.040850 0.081189
0 0.678309 0.418811 0.040441 0.076593
0 0.732435 0.422488 0.042484 0.083333
0 0.783905 0.429381 0.044935 0.081189
0 0.917279 0.510570 0.165441 0.097120
0 0.933415 0.657475 0.078431 0.126838
0 0.237745 0.573376 0.122549 0.045650
0 0.329861 0.588235 0.040441 0.052083
0 0.852328 0.644455 0.061683 0.123468
0 0.100286 0.581955 0.025735 0.069547
0 0.434028 0.604013 0.042892 0.051164
0 0.491013 0.611979 0.053922 0.058517
0 0.551062 0.625613 0.048203 0.050245
0 0.608864 0.635110 0.055147 0.056985
0 0.684845 0.646752 0.087827 0.061887
0 0.012255 0.567096 0.024510 0.066176
0 0.044935 0.569240 0.014706 0.064338
0 0.070670 0.574755 0.025327 0.067402
0 0.381536 0.593750 0.037582 0.055147
0 0.023897 0.715533 0.047794 0.053002
