0 0.780729 0.640234 0.082292 0.044531
0 0.144010 0.527344 0.097396 0.041406
0 0.326823 0.716406 0.090104 0.043750
0 0.233594 0.714648 0.096354 0.037891
0 0.129948 0.712500 0.091146 0.042188
0 0.142708 0.780078 0.091667 0.040625
0 0.140365 0.454883 0.100521 0.049609
0 0.240104 0.459375 0.095833 0.042188
0 0.418229 0.711719 0.086458 0.042188
0 0.509375 0.711914 0.089583 0.041016
0 0.600260 0.711133 0.088021 0.041016
0 0.689583 0.707617 0.086458 0.040234
0 0.339323 0.460352 0.095312 0.040234
0 0.969271 0.706445 0.061458 0.037891
0 0.959375 0.637891 0.080208 0.047656
0 0.870833 0.639258 0.093750 0.042578
0 0.435156 0.462109 0.094271 0.041406
0 0.779167 0.708203 0.089583 0.041406
0 0.691667 0.642578 0.092708 0.046094
0 0.334375 0.772461 0.088542 0.045703
0 0.533333 0.396289 0.093750 0.058984
0 0.625521 0.395898 0.090625 0.056641
0 0.720052 0.396875 0.094271 0.052344
0 0.815104 0.395898 0.093750 0.048047
0 0.908594 0.395898 0.090104 0.048047
0 0.976823 0.393945 0.044271 0.044141
0 0.971094 0.456055 0.054688 0.050391
0 0.812760 0.461328 0.092188 0.039844
0 0.719271 0.460742 0.090625 0.041016
0 0.626563 0.461328 0.092708 0.039844
0 0.533073 0.460938 0.093229 0.045312
0 0.328125 0.830469 0.094792 0.040625
0 0.234635 0.834375 0.088021 0.040625
0 0.132292 0.836328 0.097917 0.040625
0 0.113542 0.897656 0.088542 0.040625
0 0.295052 0.901953 0.091146 0.034375
0 0.384115 0.898047 0.084896 0.039062
0 0.469792 0.895312 0.084375 0.039844
0 0.557031 0.891016 0.084896 0.039062
0 0.642188 0.889844 0.083333 0.035156
0 0.727083 0.886523 0.084375 0.034766
0 0.812500 0.883789 0.083333 0.039453
0 0.898177 0.882812 0.082812 0.037500
0 0.971354 0.880273 0.057292 0.033984
0 0.601302 0.643359 0.086979 0.048438
0 0.437240 0.396484 0.093229 0.059375
0 0.342708 0.395898 0.096875 0.062109
0 0.239063 0.391211 0.093750 0.061328
0 0.136719 0.389844 0.106771 0.066406
0 0.423958 0.771484 0.087500 0.045312
0 0.513542 0.768555 0.089583 0.043359
0 0.605990 0.766992 0.086979 0.042578
0 0.695312 0.764453 0.088542 0.041406
0 0.875000 0.761133 0.088542 0.043359
0 0.960938 0.762305 0.075000 0.039453
0 0.859635 0.816211 0.084896 0.037109
0 0.774219 0.817773 0.080729 0.037891
0 0.689323 0.823242 0.084896 0.038672
0 0.600781 0.819727 0.079687 0.031641
0 0.514062 0.828125 0.085417 0.038281
0 0.422656 0.830859 0.088021 0.039844
0 0.239323 0.779102 0.094271 0.040234
0 0.242708 0.527539 0.095833 0.044141
0 0.720573 0.257617 0.093229 0.047266
0 0.819271 0.258008 0.093750 0.046484
0 0.914583 0.260937 0.091667 0.052344
0 0.980729 0.261719 0.038542 0.051562
0 0.918750 0.329688 0.096875 0.048438
0 0.823698 0.330469 0.090104 0.048438
0 0.727604 0.328711 0.094792 0.050391
0 0.630469 0.330078 0.093229 0.053125
0 0.533073 0.328711 0.099479 0.050391
0 0.434896 0.326172 0.094792 0.057813
0 0.332552 0.322266 0.102604 0.053906
0 0.132292 0.314844 0.112500 0.053906
0 0.623437 0.257812 0.097917 0.050000
0 0.337500 0.526758 0.094792 0.044141
0 0.869792 0.703711 0.086458 0.047266
0 0.525781 0.525977 0.090104 0.041016
0 0.138021 0.646289 0.098958 0.050391
0 0.235417 0.647266 0.094792 0.048438
0 0.329688 0.646094 0.092708 0.043750
0 0.106250 0.180859 0.100000 0.065625
0 0.511198 0.643359 0.088021 0.044531
0 0.523438 0.254688 0.098958 0.047656
0 0.433594 0.525781 0.091146 0.040625
0 0.424740 0.244531 0.092188 0.046094
0 0.326562 0.249023 0.100000 0.055078
0 0.220833 0.249805 0.101042 0.056641
0 0.733333 0.101562 0.096875 0.082812
0 0.839323 0.088281 0.116146 0.107031
0 0.948958 0.102148 0.100000 0.081641
0 0.933854 0.199414 0.096875 0.066016
0 0.826562 0.197461 0.097917 0.069922
0 0.722396 0.197070 0.102083 0.062891
0 0.619010 0.193555 0.104688 0.060547
0 0.517188 0.187695 0.101042 0.058984
0 0.416146 0.188281 0.098958 0.057813
0 0.316406 0.182031 0.097396 0.058594
0 0.211719 0.179492 0.107813 0.066797
0 0.144010 0.583008 0.100521 0.046484
0 0.244271 0.583984 0.094792 0.048438
0 0.421354 0.644727 0.090625 0.045703
0 0.519531 0.584570 0.094271 0.037109
0 0.617708 0.526172 0.091667 0.042969
0 0.709115 0.527148 0.089063 0.041016
0 0.800521 0.524609 0.091667 0.039844
0 0.890365 0.525195 0.083854 0.043359
0 0.966146 0.522656 0.066667 0.038281
0 0.966146 0.579883 0.066667 0.036328
0 0.102604 0.085938 0.109375 0.098437
0 0.211719 0.092773 0.107813 0.095703
0 0.320573 0.095117 0.104688 0.098047
0 0.428646 0.083789 0.100000 0.118359
0 0.533333 0.085547 0.096875 0.114062
0 0.633854 0.085938 0.098958 0.108594
0 0.338542 0.583203 0.091667 0.046875
0 0.116927 0.245898 0.102604 0.056641
0 0.613021 0.588281 0.092708 0.036719
0 0.704948 0.585547 0.091146 0.037500
0 0.798438 0.584961 0.091667 0.040234
0 0.889323 0.582227 0.086979 0.041016
