0 0.778205 0.793269 0.070940 0.027404
0 0.610470 0.812380 0.081624 0.099760
0 0.700214 0.775240 0.057692 0.023077
0 0.729060 0.847957 0.076923 0.036779
0 0.791667 0.175240 0.045726 0.072596
0 0.862607 0.773438 0.027778 0.058413
0 0.900641 0.774159 0.020940 0.054567
0 0.526923 0.813221 0.066667 0.099038
0 0.809829 0.846995 0.073504 0.034856
0 0.454060 0.807572 0.050855 0.060817
0 0.486325 0.296394 0.037607 0.071635
0 0.307906 0.822236 0.048291 0.024279
0 0.227991 0.833413 0.066239 0.027404
0 0.239316 0.803005 0.084615 0.022356
0 0.323077 0.780168 0.057265 0.035337
0 0.350000 0.296394 0.041880 0.066827
0 0.391453 0.301082 0.033333 0.068510
0 0.441026 0.289663 0.050427 0.089904
0 0.927778 0.773317 0.028205 0.053365
0 0.233120 0.774038 0.085043 0.025481
0 0.397222 0.796755 0.049145 0.068510
0 0.956410 0.770673 0.024786 0.050481
0 0.519444 0.176923 0.047436 0.068750
0 0.915171 0.169832 0.037179 0.030048
0 0.122863 0.286899 0.038034 0.076683
0 0.091880 0.298918 0.018803 0.052163
0 0.064530 0.297716 0.034188 0.052163
0 0.865598 0.172115 0.050855 0.076442
0 0.780128 0.411298 0.031197 0.062500
0 0.745299 0.406971 0.035043 0.065865
0 0.706197 0.412620 0.031197 0.053125
0 0.675214 0.421875 0.029915 0.037500
0 0.742094 0.174038 0.042308 0.070192
0 0.938034 0.859976 0.100855 0.021875
0 0.699145 0.176082 0.038462 0.071875
0 0.614957 0.177043 0.043590 0.071394
0 0.568376 0.167548 0.045299 0.088942
0 0.101068 0.844231 0.076496 0.026923
0 0.466667 0.175841 0.053846 0.071394
0 0.393376 0.184375 0.032906 0.056731
0 0.351496 0.169471 0.036325 0.075962
0 0.310470 0.175601 0.040598 0.068510
0 0.261966 0.173798 0.052137 0.079808
0 0.961966 0.168149 0.040171 0.031971
0 0.660684 0.175841 0.039316 0.071394
0 0.055983 0.814663 0.064103 0.031250
0 0.548932 0.412740 0.037179 0.060577
0 0.868590 0.698918 0.035470 0.041106
0 0.279274 0.719712 0.030342 0.048558
0 0.239103 0.719712 0.032051 0.048558
0 0.916026 0.373077 0.108120 0.054327
0 0.908761 0.327644 0.107265 0.026923
0 0.919658 0.265024 0.098291 0.084375
0 0.794658 0.297957 0.055983 0.061779
0 0.733761 0.297236 0.051282 0.068510
0 0.676923 0.290024 0.041880 0.078125
0 0.621581 0.296635 0.052564 0.069712
0 0.327137 0.700721 0.052564 0.077404
0 0.572650 0.295072 0.036752 0.071394
0 0.181624 0.702284 0.064103 0.074279
0 0.119231 0.709014 0.035043 0.063702
0 0.215171 0.178606 0.036325 0.064904
0 0.171368 0.169471 0.039316 0.078365
0 0.137821 0.175841 0.024359 0.064183
0 0.102564 0.173918 0.035897 0.067548
0 0.059829 0.173918 0.041880 0.072356
0 0.965171 0.037139 0.063675 0.042548
0 0.885043 0.032813 0.089744 0.048798
0 0.530769 0.299639 0.039316 0.058413
0 0.970085 0.691587 0.056410 0.045673
0 0.386325 0.703365 0.058120 0.078846
0 0.449786 0.727043 0.055128 0.031490
0 0.819231 0.698798 0.048718 0.069712
0 0.756624 0.703846 0.040598 0.075962
0 0.700000 0.703486 0.052991 0.079087
0 0.630983 0.703486 0.049145 0.076683
0 0.640812 0.419351 0.030342 0.039663
0 0.586966 0.412019 0.034615 0.056731
0 0.164103 0.288702 0.042735 0.075481
0 0.508120 0.412861 0.037607 0.058413
0 0.468803 0.423678 0.032479 0.036779
0 0.448718 0.694231 0.048718 0.029327
0 0.425641 0.422957 0.041026 0.039663
0 0.319872 0.413582 0.042308 0.052644
0 0.266239 0.426803 0.038462 0.022837
0 0.223718 0.407452 0.040598 0.062019
0 0.090598 0.424519 0.051282 0.030288
0 0.038034 0.422596 0.041026 0.029327
0 0.570513 0.700962 0.053846 0.069231
0 0.507692 0.727764 0.049573 0.028125
0 0.509615 0.699639 0.057692 0.020433
0 0.509402 0.675000 0.057265 0.022115
0 0.383761 0.413101 0.040171 0.056490
0 0.208974 0.308413 0.036752 0.034615
0 0.781197 0.502404 0.037607 0.084135
0 0.302778 0.311298 0.042308 0.037981
0 0.661752 0.524399 0.032906 0.040144
0 0.733761 0.500361 0.051282 0.078606
0 0.262393 0.294712 0.030769 0.073077
0 0.698932 0.600481 0.038034 0.073077
0 0.822863 0.502885 0.030342 0.083173
0 0.144017 0.603726 0.023932 0.077163
0 0.178632 0.599159 0.041026 0.070433
0 0.242521 0.604087 0.069658 0.077885
0 0.310470 0.598798 0.061966 0.066827
0 0.392949 0.618750 0.062821 0.036538
0 0.451496 0.626082 0.037179 0.043990
0 0.497009 0.606370 0.041026 0.083413
0 0.542949 0.604567 0.046581 0.083654
0 0.596795 0.605649 0.041453 0.077163
0 0.613034 0.502284 0.056838 0.081490
0 0.651496 0.606731 0.055983 0.087981
0 0.057479 0.044952 0.079915 0.036538
0 0.132265 0.046995 0.056838 0.020433
0 0.111966 0.605409 0.033333 0.082933
0 0.214957 0.031250 0.035897 0.057692
0 0.263034 0.029087 0.045726 0.056250
0 0.310256 0.029327 0.040171 0.053846
0 0.388248 0.030288 0.040598 0.056250
0 0.466026 0.029087 0.056838 0.055769
0 0.532051 0.028966 0.054701 0.056490
0 0.637821 0.027644 0.145726 0.052885
0 0.084615 0.712380 0.035043 0.054087
0 0.043590 0.717067 0.035043 0.048077
0 0.035256 0.679928 0.040598 0.019952
0 0.812179 0.607332 0.048291 0.079567
0 0.076282 0.603606 0.035470 0.067308
0 0.552137 0.500120 0.056410 0.083894
0 0.745726 0.605168 0.053846 0.082452
0 0.433974 0.506611 0.044872 0.075721
0 0.092308 0.507692 0.029060 0.066346
0 0.983120 0.616947 0.030342 0.059856
0 0.489530 0.501202 0.052564 0.088942
0 0.936966 0.618149 0.055128 0.057452
0 0.879274 0.614183 0.048291 0.056731
0 0.972009 0.535697 0.055983 0.045913
0 0.983974 0.438101 0.032051 0.079567
0 0.147650 0.518870 0.061111 0.039183
0 0.891026 0.530769 0.093162 0.023558
0 0.059188 0.508293 0.027778 0.061779
0 0.813462 0.411899 0.024359 0.061298
0 0.901068 0.474279 0.096154 0.078846
0 0.023718 0.522957 0.038889 0.030048
0 0.378419 0.504207 0.046581 0.077644
0 0.216880 0.522115 0.056838 0.037500
0 0.277991 0.527404 0.040598 0.026923
0 0.333120 0.527885 0.046581 0.033173
