0 0.015039 0.389062 0.028516 0.086458
0 0.343945 0.383594 0.037109 0.033854
0 0.343945 0.418229 0.036328 0.031250
0 0.311719 0.392188 0.026562 0.085417
0 0.285742 0.391146 0.024609 0.084375
0 0.206641 0.388802 0.022656 0.085938
0 0.232422 0.389844 0.028125 0.088021
0 0.176563 0.378646 0.036719 0.105208
0 0.147070 0.388542 0.024609 0.087500
0 0.041211 0.389323 0.024609 0.084896
0 0.260156 0.390104 0.025781 0.088542
0 0.067578 0.388542 0.026562 0.087500
0 0.379883 0.386979 0.034766 0.032292
0 0.121484 0.390104 0.026562 0.084375
0 0.648633 0.358333 0.046484 0.027083
0 0.380469 0.419271 0.033594 0.033333
0 0.412109 0.402344 0.028125 0.071354
0 0.440039 0.394010 0.026953 0.083854
0 0.489453 0.397135 0.033594 0.082812
0 0.559961 0.417187 0.033203 0.042708
0 0.094727 0.388802 0.026953 0.085938
0 0.525586 0.416667 0.033984 0.043750
0 0.560742 0.383333 0.034766 0.020833
0 0.601953 0.423177 0.045312 0.029687
0 0.603125 0.392708 0.049219 0.026042
0 0.601758 0.357031 0.043359 0.031771
0 0.650977 0.424740 0.048047 0.028646
0 0.651953 0.393490 0.046875 0.029687
0 0.524805 0.383854 0.033984 0.019792
0 0.052539 0.528385 0.024609 0.084896
0 0.021875 0.520312 0.032031 0.108333
0 0.159570 0.545573 0.059766 0.047396
0 0.792578 0.396615 0.025781 0.095312
0 0.765820 0.408854 0.021484 0.069792
0 0.741602 0.409115 0.022266 0.072396
0 0.759766 0.348438 0.025781 0.036458
0 0.733789 0.349219 0.021484 0.032813
0 0.702734 0.409635 0.053125 0.068229
0 0.213672 0.746354 0.046875 0.043750
0 0.353125 0.902604 0.044531 0.077083
0 0.424023 0.899479 0.042578 0.073958
0 0.469922 0.898958 0.040625 0.072917
0 0.596289 0.878385 0.060547 0.107813
0 0.655664 0.875521 0.057422 0.111458
0 0.823047 0.394271 0.025000 0.094792
0 0.711719 0.874219 0.051562 0.108854
0 0.893164 0.874219 0.059766 0.104688
0 0.255664 0.747917 0.037109 0.042708
0 0.296875 0.748437 0.042188 0.041667
0 0.352344 0.738021 0.050000 0.060417
0 0.408203 0.742708 0.051562 0.055208
0 0.463477 0.745833 0.024609 0.070833
0 0.499023 0.744531 0.039453 0.073438
0 0.538867 0.745573 0.040234 0.071354
0 0.575391 0.747135 0.031250 0.052604
0 0.642969 0.748437 0.033594 0.061458
0 0.676953 0.755729 0.032813 0.053125
0 0.711328 0.753125 0.035937 0.060417
0 0.830469 0.878125 0.057813 0.098958
0 0.753906 0.757031 0.049219 0.047396
0 0.849023 0.390104 0.022266 0.088542
0 0.961914 0.389062 0.031641 0.100000
0 0.209375 0.241406 0.038281 0.084896
0 0.246484 0.242708 0.036719 0.080208
0 0.288086 0.250521 0.039453 0.065625
0 0.331641 0.253646 0.044531 0.063542
0 0.376172 0.243229 0.039844 0.090625
0 0.417969 0.253385 0.039844 0.067187
0 0.460156 0.246094 0.039062 0.080729
0 0.500391 0.253125 0.039062 0.070833
0 0.538477 0.255469 0.036328 0.073438
0 0.580078 0.255729 0.035937 0.076042
0 0.617188 0.256250 0.034375 0.077083
0 0.655273 0.254167 0.037109 0.079167
0 0.877734 0.391146 0.028906 0.092708
0 0.694727 0.257812 0.033984 0.073958
0 0.775781 0.240885 0.048438 0.120313
0 0.837305 0.242448 0.067578 0.123438
0 0.885352 0.241146 0.021484 0.112500
0 0.911719 0.256250 0.021094 0.079167
0 0.940039 0.240625 0.026953 0.111458
0 0.163672 0.745052 0.050000 0.046354
0 0.111523 0.746615 0.050391 0.047396
0 0.025586 0.746875 0.023047 0.070833
0 0.014453 0.900000 0.024219 0.086458
0 0.099414 0.890104 0.131641 0.102083
0 0.968750 0.246354 0.018750 0.114583
0 0.991797 0.260677 0.015625 0.074479
0 0.731641 0.258073 0.033594 0.076563
0 0.802344 0.757812 0.046875 0.048958
0 0.841211 0.747135 0.030078 0.066146
0 0.877148 0.745833 0.039453 0.066667
0 0.978711 0.540625 0.042578 0.078125
0 0.934570 0.538542 0.044141 0.073958
0 0.888477 0.559635 0.044141 0.033854
0 0.888672 0.526042 0.044531 0.032292
0 0.845313 0.537500 0.039844 0.080208
0 0.803125 0.535677 0.042188 0.077604
0 0.696289 0.511198 0.028516 0.076563
0 0.729297 0.511458 0.030469 0.072917
0 0.764844 0.510938 0.029687 0.079167
0 0.764453 0.563802 0.030469 0.022396
0 0.731641 0.565104 0.032031 0.022917
0 0.696094 0.563021 0.032031 0.025000
0 0.033594 0.651302 0.031250 0.069271
0 0.628125 0.553125 0.030469 0.032292
0 0.560742 0.561198 0.031641 0.021354
0 0.561914 0.529948 0.032422 0.031771
0 0.528320 0.537500 0.030859 0.075000
0 0.493555 0.536458 0.035547 0.075000
0 0.464062 0.536979 0.024219 0.067708
0 0.432617 0.533854 0.033203 0.079167
0 0.398438 0.522656 0.027344 0.100521
0 0.348242 0.525000 0.038672 0.100000
0 0.321289 0.533073 0.016016 0.079687
0 0.298047 0.529427 0.026562 0.082812
0 0.260742 0.546615 0.045703 0.049479
0 0.214453 0.546094 0.044531 0.048438
0 0.595117 0.536458 0.028516 0.072917
0 0.066992 0.652604 0.032422 0.068750
0 0.130469 0.664062 0.026562 0.043750
0 0.158789 0.645833 0.020703 0.086458
0 0.916211 0.745052 0.030078 0.070312
0 0.971289 0.761719 0.051953 0.041146
0 0.976562 0.657031 0.032813 0.061979
0 0.946094 0.645312 0.026562 0.081250
0 0.908789 0.655990 0.048047 0.066146
0 0.856250 0.657292 0.054688 0.066667
0 0.758398 0.671615 0.031641 0.030729
0 0.761719 0.635417 0.032031 0.037500
0 0.715430 0.661198 0.054297 0.047396
0 0.660352 0.664583 0.053516 0.042708
0 0.617578 0.619531 0.033594 0.021354
0 0.615039 0.661198 0.033984 0.053646
0 0.580469 0.652344 0.033594 0.067187
0 0.550195 0.650260 0.023828 0.071354
0 0.525391 0.650000 0.021875 0.061458
0 0.498437 0.657552 0.028906 0.058854
0 0.438672 0.648438 0.024219 0.081250
0 0.414648 0.650000 0.021484 0.073958
0 0.391992 0.652344 0.019141 0.069271
0 0.369727 0.648698 0.022266 0.074479
0 0.346484 0.648177 0.018750 0.079687
0 0.325391 0.648438 0.021875 0.072917
0 0.300391 0.650521 0.023438 0.077083
0 0.276172 0.645052 0.020313 0.081771
0 0.253711 0.645833 0.021484 0.082292
0 0.228125 0.646615 0.022656 0.084896
0 0.182422 0.650781 0.021875 0.076563
0 0.097461 0.543490 0.060547 0.051562
0 0.466406 0.658854 0.030469 0.058333
