0 0.544271 0.864453 0.036458 0.064062
0 0.490625 0.866406 0.033333 0.067969
0 0.381771 0.857227 0.035417 0.081641
0 0.343750 0.857617 0.032292 0.079297
0 0.299219 0.865625 0.035937 0.066406
0 0.259375 0.866016 0.037500 0.067187
0 0.216927 0.865430 0.032813 0.062891
0 0.176563 0.866406 0.037500 0.057813
0 0.085677 0.867969 0.036979 0.059375
0 0.591667 0.865820 0.038542 0.063672
0 0.042969 0.868555 0.035937 0.063672
0 0.918229 0.725781 0.094792 0.090625
0 0.850781 0.736133 0.032813 0.055859
0 0.807031 0.738086 0.033854 0.048047
0 0.764583 0.732031 0.041667 0.059375
0 0.726823 0.733984 0.027604 0.060156
0 0.686979 0.731445 0.036458 0.069141
0 0.639062 0.733008 0.033333 0.066797
0 0.594271 0.725977 0.040625 0.076953
0 0.133854 0.868359 0.036458 0.057813
0 0.629167 0.862891 0.033333 0.064062
0 0.748958 0.865430 0.030208 0.060547
0 0.708333 0.864062 0.037500 0.025781
0 0.688281 0.624023 0.039062 0.062891
0 0.729427 0.624219 0.041146 0.060937
0 0.775781 0.624805 0.032813 0.058984
0 0.817187 0.622852 0.042708 0.063672
0 0.861719 0.624023 0.039062 0.062891
0 0.938802 0.602148 0.069271 0.098828
0 0.029167 0.731836 0.039583 0.062109
0 0.073438 0.726953 0.046875 0.071875
0 0.125260 0.727930 0.053646 0.071484
0 0.666667 0.864453 0.031250 0.064062
0 0.178906 0.729492 0.053646 0.066797
0 0.270573 0.730469 0.043229 0.063281
0 0.314844 0.731641 0.041146 0.065625
0 0.373177 0.734375 0.041146 0.067187
0 0.417448 0.733398 0.033854 0.065234
0 0.462500 0.727930 0.034375 0.074609
0 0.973958 0.877148 0.052083 0.037891
0 0.894792 0.879492 0.090625 0.038672
0 0.825000 0.846484 0.031250 0.106250
0 0.786458 0.845117 0.035417 0.101953
0 0.227604 0.729492 0.035417 0.066016
0 0.900781 0.834961 0.090104 0.037109
0 0.424479 0.082812 0.055208 0.091406
0 0.646094 0.622656 0.043229 0.057813
0 0.365104 0.216016 0.059375 0.091406
0 0.420833 0.219141 0.043750 0.091406
0 0.470573 0.220898 0.047396 0.087109
0 0.521094 0.220703 0.051562 0.091406
0 0.570833 0.225391 0.035417 0.092188
0 0.623437 0.226172 0.047917 0.088281
0 0.672917 0.226953 0.039583 0.089844
0 0.729948 0.228906 0.053646 0.088281
0 0.781510 0.230078 0.041146 0.085938
0 0.834896 0.233203 0.032292 0.093750
0 0.878385 0.233594 0.049479 0.087500
0 0.922656 0.235156 0.030729 0.085938
0 0.022917 0.350586 0.045833 0.087891
0 0.071615 0.352930 0.039062 0.087109
0 0.117448 0.353320 0.042188 0.087891
0 0.170052 0.354883 0.051562 0.086328
0 0.220052 0.357227 0.043229 0.081641
0 0.266927 0.357031 0.040104 0.080469
0 0.311719 0.356641 0.041146 0.083594
0 0.309115 0.213867 0.047396 0.092578
0 0.360938 0.358789 0.051042 0.083203
0 0.258333 0.213477 0.050000 0.090234
0 0.153906 0.209766 0.051562 0.092188
0 0.365885 0.081445 0.053646 0.093359
0 0.312500 0.079687 0.051042 0.092188
0 0.261458 0.076953 0.044792 0.099219
0 0.207552 0.074023 0.056771 0.094922
0 0.152865 0.073047 0.047396 0.096875
0 0.098958 0.071680 0.053125 0.093359
0 0.045312 0.069141 0.052083 0.097656
0 0.527865 0.088281 0.061979 0.092188
0 0.581250 0.090234 0.044792 0.093750
0 0.631510 0.092188 0.056771 0.096094
0 0.687760 0.093945 0.050521 0.095703
0 0.739583 0.097266 0.037500 0.093750
0 0.550521 0.727344 0.033333 0.078906
0 0.789323 0.098828 0.059896 0.088281
0 0.840885 0.101172 0.032813 0.092188
0 0.891406 0.101562 0.048438 0.091406
0 0.944792 0.105859 0.032292 0.090625
0 0.047396 0.207031 0.048958 0.092969
0 0.099479 0.206250 0.052083 0.092969
0 0.205729 0.213672 0.045833 0.092188
0 0.417187 0.362305 0.047917 0.080078
0 0.469271 0.360938 0.052083 0.084375
0 0.517708 0.362891 0.041667 0.082031
0 0.749479 0.497656 0.045833 0.074219
0 0.795833 0.498437 0.042708 0.072656
0 0.840365 0.499219 0.034896 0.075000
0 0.884115 0.501563 0.044271 0.073438
0 0.952083 0.480469 0.053125 0.102344
0 0.020833 0.615430 0.041667 0.062891
0 0.066406 0.617578 0.040104 0.064844
0 0.110937 0.616406 0.044792 0.064844
0 0.160156 0.617578 0.046354 0.064844
0 0.215104 0.613672 0.043750 0.070312
0 0.261458 0.613477 0.041667 0.068359
0 0.305990 0.615039 0.043229 0.067578
0 0.348958 0.614258 0.042708 0.063672
0 0.391406 0.613086 0.043229 0.073047
0 0.432292 0.614062 0.036458 0.069531
0 0.473698 0.619922 0.038021 0.063281
0 0.516146 0.621289 0.038542 0.060547
0 0.558854 0.620898 0.038542 0.062891
0 0.607812 0.620508 0.032292 0.062109
0 0.700781 0.496875 0.041146 0.078125
0 0.659375 0.497461 0.035417 0.075391
0 0.614323 0.495703 0.045312 0.075000
0 0.566927 0.495703 0.039062 0.075000
0 0.560417 0.363086 0.034375 0.084766
0 0.611719 0.365234 0.041146 0.083594
0 0.661458 0.367773 0.035417 0.085547
0 0.712760 0.364258 0.052604 0.085547
0 0.761979 0.367578 0.040625 0.085938
0 0.808073 0.368750 0.032813 0.084375
0 0.858854 0.369336 0.044792 0.086328
0 0.910156 0.372461 0.044271 0.086328
0 0.975000 0.304883 0.050000 0.144141
0 0.477083 0.086133 0.037500 0.097266
0 0.046354 0.489258 0.042708 0.073828
0 0.149219 0.486914 0.044271 0.077734
0 0.194792 0.489453 0.046875 0.073438
0 0.240885 0.489844 0.046354 0.075000
0 0.288802 0.489844 0.042188 0.075000
0 0.334635 0.490039 0.045312 0.077734
0 0.383854 0.493359 0.046875 0.078906
0 0.431771 0.491992 0.038542 0.079297
0 0.474740 0.491211 0.044271 0.077734
0 0.523438 0.491992 0.044792 0.076953
0 0.098177 0.485156 0.049479 0.075781
0 0.507812 0.726758 0.040625 0.078516
