0 0.383374 0.268076 0.101716 0.090686
0 0.861520 0.682138 0.084150 0.092218
0 0.795547 0.704197 0.037173 0.053615
0 0.754085 0.704657 0.040033 0.051471
0 0.713848 0.704504 0.037173 0.049939
0 0.672998 0.703431 0.041258 0.052083
0 0.605392 0.622243 0.065359 0.018382
0 0.610703 0.674632 0.075980 0.086397
0 0.527574 0.678309 0.076389 0.078431
0 0.449755 0.677543 0.071895 0.089154
0 0.369281 0.681985 0.073529 0.076593
0 0.306577 0.700368 0.025735 0.049020
0 0.276552 0.705116 0.026961 0.048713
0 0.247753 0.705116 0.026552 0.049326
0 0.217525 0.705116 0.027369 0.045650
0 0.164828 0.707567 0.032271 0.048100
0 0.106413 0.704044 0.024918 0.047794
0 0.077614 0.706189 0.028595 0.045343
0 0.046977 0.708640 0.028595 0.044730
0 0.019812 0.708333 0.023284 0.046569
0 0.052288 0.584712 0.062908 0.062194
0 0.948121 0.651195 0.081699 0.033395
0 0.118260 0.582567 0.064951 0.060968
0 0.946691 0.678922 0.078840 0.021446
0 0.945057 0.722273 0.079657 0.022365
0 0.132761 0.872855 0.040033 0.094363
0 0.177900 0.872243 0.043709 0.090074
0 0.222018 0.846354 0.020833 0.108762
0 0.253881 0.862745 0.038807 0.115196
0 0.295752 0.864430 0.036765 0.117341
0 0.332925 0.861213 0.039216 0.115196
0 0.528186 0.870864 0.024510 0.041360
0 0.552492 0.869026 0.024101 0.043811
0 0.577410 0.871936 0.027369 0.039216
0 0.660743 0.868719 0.024101 0.030944
0 0.688113 0.868107 0.026552 0.031556
0 0.715278 0.868107 0.023693 0.029718
0 0.711601 0.834099 0.024510 0.035233
0 0.687296 0.835478 0.020833 0.035539
0 0.661765 0.832414 0.026961 0.041054
0 0.873366 0.900888 0.087418 0.015625
0 0.871528 0.887102 0.087827 0.012561
0 0.874592 0.868107 0.093954 0.023591
0 0.301062 0.201900 0.058824 0.091912
0 0.240400 0.199755 0.053513 0.099877
0 0.873366 0.837776 0.099673 0.030331
0 0.945057 0.699602 0.083742 0.019914
0 0.180147 0.573683 0.035131 0.054228
0 0.216912 0.578585 0.035131 0.059130
0 0.255106 0.580729 0.036356 0.061581
0 0.656863 0.422028 0.058007 0.039522
0 0.597426 0.423866 0.053513 0.038909
0 0.540850 0.422794 0.058007 0.041054
0 0.479575 0.425858 0.053922 0.037990
0 0.420956 0.427849 0.059232 0.032782
0 0.418301 0.388174 0.063725 0.039216
0 0.360498 0.428002 0.055964 0.039216
0 0.293301 0.427237 0.072712 0.083640
0 0.233660 0.451134 0.039216 0.034007
0 0.720792 0.407782 0.059232 0.064951
0 0.190359 0.426317 0.038399 0.083027
0 0.075980 0.432138 0.049837 0.080576
0 0.025940 0.430913 0.047794 0.084865
0 0.311275 0.319547 0.039216 0.082721
0 0.261438 0.320466 0.053922 0.081495
0 0.198938 0.324602 0.051471 0.072610
0 0.139297 0.323683 0.058007 0.078738
0 0.081087 0.323223 0.047794 0.081495
0 0.026961 0.325521 0.053922 0.085478
0 0.043301 0.211244 0.048203 0.076287
0 0.134191 0.429688 0.051879 0.082414
0 0.785335 0.407322 0.065768 0.062194
0 0.847018 0.406250 0.059232 0.061887
0 0.914011 0.406403 0.070670 0.063419
0 0.291462 0.582108 0.037173 0.060049
0 0.335376 0.579810 0.042484 0.060355
0 0.391748 0.501685 0.056373 0.039522
0 0.390319 0.551011 0.055147 0.034620
0 0.444649 0.552390 0.048611 0.042279
0 0.500408 0.559896 0.059641 0.043199
0 0.560049 0.558824 0.058007 0.038603
0 0.622753 0.554994 0.055147 0.040135
0 0.625613 0.500613 0.061683 0.047794
0 0.685049 0.556219 0.061275 0.043811
0 0.728962 0.509651 0.059232 0.048100
0 0.745507 0.555300 0.050654 0.039522
0 0.801062 0.565564 0.048203 0.026961
0 0.795752 0.537684 0.043301 0.028799
0 0.786969 0.492953 0.060866 0.041667
0 0.866217 0.544424 0.057598 0.030637
0 0.936683 0.557904 0.063725 0.052083
0 0.985090 0.570925 0.029003 0.031556
0 0.983047 0.536765 0.033088 0.033701
0 0.923611 0.503523 0.065359 0.051164
0 0.974265 0.394455 0.048203 0.082414
0 0.083333 0.875153 0.045752 0.087316
0 0.036560 0.857690 0.045343 0.122243
0 0.087010 0.211550 0.038399 0.080576
0 0.242851 0.073529 0.049428 0.057598
0 0.158701 0.201593 0.090278 0.089461
0 0.031046 0.060662 0.053922 0.090686
0 0.082108 0.060968 0.045752 0.091912
0 0.138276 0.062653 0.036356 0.079350
0 0.186479 0.073989 0.055147 0.056066
0 0.295343 0.070772 0.052288 0.058824
0 0.352124 0.082721 0.047386 0.134191
0 0.403186 0.081189 0.056373 0.134804
0 0.457721 0.079657 0.051062 0.137255
0 0.512255 0.078891 0.053922 0.133272
0 0.621528 0.096201 0.052696 0.091299
0 0.672794 0.094363 0.044935 0.092525
0 0.723448 0.091452 0.052288 0.090993
0 0.568219 0.077206 0.051471 0.136029
0 0.821691 0.090380 0.057598 0.088848
0 0.466708 0.268229 0.061683 0.086703
0 0.534109 0.267923 0.056781 0.081801
0 0.601920 0.269761 0.068219 0.077512
0 0.771038 0.098805 0.037173 0.077512
0 0.746936 0.273744 0.063317 0.064032
0 0.814338 0.272212 0.067402 0.060968
0 0.676879 0.267770 0.077614 0.075980
0 0.949551 0.268382 0.066585 0.065564
0 0.973039 0.067096 0.053105 0.134191
0 0.921977 0.093137 0.037582 0.082108
0 0.875613 0.092218 0.051062 0.083333
0 0.881944 0.269148 0.066993 0.067096
