0 0.596405 0.845129 0.062908 0.015012
0 0.674428 0.792279 0.062908 0.012868
0 0.669730 0.812194 0.070670 0.011029
0 0.667892 0.824755 0.058824 0.009804
0 0.665441 0.832108 0.053922 0.010417
0 0.668709 0.846661 0.056373 0.011336
0 0.204044 0.359681 0.035539 0.086397
0 0.979371 0.850643 0.041258 0.013174
0 0.881332 0.211397 0.065768 0.072304
0 0.811683 0.205576 0.064542 0.086397
0 0.754902 0.202053 0.042484 0.092218
0 0.716912 0.219516 0.026961 0.062194
0 0.687500 0.219210 0.028595 0.068321
0 0.654003 0.210018 0.031046 0.092218
0 0.615400 0.209406 0.036356 0.090993
0 0.570874 0.210478 0.037990 0.096201
0 0.528391 0.218597 0.035539 0.079963
0 0.492239 0.216452 0.031863 0.082414
0 0.463031 0.224265 0.021650 0.075368
0 0.944853 0.216299 0.058824 0.052696
0 0.153186 0.375000 0.046569 0.061887
0 0.747141 0.849418 0.070261 0.013787
0 0.743668 0.833180 0.063317 0.013787
0 0.979371 0.832567 0.041258 0.015625
0 0.916054 0.850950 0.065768 0.013787
0 0.921160 0.837623 0.071895 0.012868
0 0.916054 0.823989 0.069853 0.015012
0 0.849060 0.715074 0.061683 0.047181
0 0.783088 0.704197 0.050654 0.070772
0 0.727941 0.766391 0.009804 0.009498
0 0.647876 0.696538 0.028595 0.084865
0 0.688317 0.704810 0.052288 0.071998
0 0.625204 0.716912 0.016748 0.044118
0 0.589869 0.711091 0.040850 0.052083
0 0.909518 0.881127 0.069853 0.022059
0 0.548815 0.706955 0.033088 0.046875
0 0.443219 0.225337 0.016340 0.080576
0 0.434232 0.696998 0.032680 0.085784
0 0.975082 0.882812 0.049837 0.025429
0 0.747141 0.872549 0.070261 0.011029
0 0.747141 0.884191 0.057190 0.011642
0 0.839665 0.816483 0.064951 0.009804
0 0.844158 0.831495 0.060866 0.007353
0 0.846814 0.840227 0.074346 0.008272
0 0.848856 0.848652 0.070261 0.009191
0 0.839869 0.876991 0.060458 0.013787
0 0.742851 0.821844 0.065768 0.007047
0 0.507966 0.701900 0.037173 0.085784
0 0.470588 0.706495 0.031863 0.068627
0 0.373979 0.223958 0.033905 0.087623
0 0.336397 0.226409 0.040441 0.085784
0 0.755923 0.480239 0.035539 0.083640
0 0.796977 0.476256 0.040033 0.079350
0 0.845792 0.473652 0.033905 0.074142
0 0.883987 0.476869 0.031863 0.080576
0 0.917279 0.475337 0.033905 0.080576
0 0.966299 0.475950 0.036356 0.078738
0 0.992443 0.473958 0.015114 0.077819
0 0.714665 0.479167 0.039624 0.085172
0 0.194444 0.604933 0.042484 0.070159
0 0.258987 0.587623 0.027778 0.087010
0 0.294322 0.587929 0.034722 0.094975
0 0.327614 0.584099 0.031863 0.090380
0 0.760417 0.347426 0.036356 0.077819
0 0.716912 0.352635 0.044118 0.085172
0 0.671773 0.352328 0.036356 0.084559
0 0.628472 0.352941 0.036356 0.088848
0 0.230392 0.590533 0.031863 0.090380
0 0.594771 0.354013 0.029412 0.081189
0 0.674224 0.481771 0.036356 0.080576
0 0.605801 0.476562 0.029412 0.092831
0 0.956699 0.327359 0.086601 0.115502
0 0.895629 0.350031 0.037990 0.079963
0 0.851511 0.348346 0.036356 0.083333
0 0.808619 0.348346 0.041258 0.089461
0 0.172590 0.487592 0.037990 0.072610
0 0.211397 0.489890 0.037173 0.067402
0 0.248979 0.486060 0.034722 0.072610
0 0.638685 0.484069 0.034722 0.075368
0 0.287582 0.484375 0.029412 0.079044
0 0.370507 0.481618 0.048203 0.076593
0 0.414216 0.482843 0.031863 0.079044
0 0.452002 0.482537 0.033905 0.075368
0 0.485907 0.482843 0.036356 0.088848
0 0.520833 0.484375 0.028595 0.075980
0 0.553717 0.479779 0.024918 0.086397
0 0.579248 0.477941 0.019608 0.085784
0 0.325572 0.484069 0.040850 0.068627
0 0.412582 0.224265 0.041667 0.088235
0 0.560253 0.354473 0.037990 0.088848
0 0.454657 0.368566 0.070261 0.055760
0 0.870507 0.595435 0.053105 0.083640
0 0.925041 0.600031 0.049428 0.070159
0 0.976103 0.598346 0.047794 0.066789
0 0.206291 0.696844 0.031863 0.078738
0 0.238154 0.691176 0.026144 0.077206
0 0.263889 0.693168 0.025327 0.074449
0 0.289624 0.694547 0.025327 0.080882
0 0.821283 0.593444 0.036356 0.089461
0 0.316993 0.694700 0.026144 0.082414
0 0.374387 0.696385 0.025735 0.077819
0 0.401144 0.696078 0.027778 0.080270
0 0.148489 0.220741 0.033088 0.094056
0 0.185253 0.229013 0.033088 0.081189
0 0.222222 0.229933 0.041667 0.083027
0 0.265319 0.227635 0.037173 0.088235
0 0.301266 0.229626 0.035539 0.082414
0 0.346814 0.693934 0.026961 0.079657
0 0.515727 0.369179 0.052696 0.056373
0 0.762459 0.592218 0.052696 0.080270
0 0.661969 0.609988 0.024918 0.054534
0 0.360907 0.356158 0.037990 0.089154
0 0.328227 0.358456 0.033088 0.090074
0 0.290850 0.358150 0.031046 0.085784
0 0.256740 0.359375 0.037173 0.085784
0 0.229371 0.362592 0.017565 0.082414
0 0.111724 0.225337 0.041258 0.090380
0 0.357026 0.592984 0.026144 0.081801
0 0.707721 0.592525 0.051879 0.080882
0 0.385825 0.595435 0.022467 0.073836
0 0.451389 0.592218 0.028595 0.087010
0 0.481005 0.593903 0.026552 0.083640
0 0.507353 0.589920 0.027778 0.089154
0 0.535948 0.591912 0.028595 0.084559
0 0.569240 0.591912 0.030637 0.089461
0 0.603350 0.588235 0.029412 0.098652
0 0.632761 0.604933 0.027778 0.051777
0 0.413807 0.604320 0.031046 0.059130
0 0.594975 0.868719 0.064134 0.010110
0 0.058415 0.669424 0.090686 0.033701
0 0.532680 0.871017 0.052288 0.007966
0 0.193423 0.775276 0.053513 0.011336
0 0.197100 0.757506 0.051879 0.008272
0 0.195057 0.766391 0.052696 0.007659
0 0.026552 0.834559 0.044118 0.032475
0 0.074346 0.775735 0.031863 0.041667
0 0.132557 0.513634 0.034722 0.016850
0 0.130310 0.534620 0.035131 0.020833
0 0.091299 0.518536 0.035539 0.017463
0 0.181781 0.787071 0.056373 0.009191
0 0.090891 0.537990 0.038807 0.014093
0 0.042688 0.535692 0.051062 0.016238
0 0.103554 0.393536 0.046977 0.069547
0 0.041667 0.344210 0.074346 0.061581
0 0.039828 0.403186 0.075572 0.046569
0 0.067606 0.254289 0.048611 0.053922
0 0.021242 0.269608 0.040033 0.064951
0 0.973039 0.707874 0.053922 0.068321
0 0.056373 0.478554 0.056373 0.015319
0 0.037786 0.496783 0.066585 0.016238
0 0.173407 0.800398 0.056781 0.010110
0 0.599060 0.881434 0.055147 0.012868
0 0.130310 0.855545 0.109477 0.013174
0 0.164011 0.812806 0.059232 0.012255
0 0.529208 0.832721 0.058415 0.009804
0 0.531658 0.882506 0.054330 0.011949
0 0.533292 0.846814 0.062500 0.008578
0 0.459559 0.844975 0.062092 0.011642
0 0.465891 0.868873 0.057598 0.010417
0 0.330270 0.830576 0.037173 0.099265
0 0.262255 0.812347 0.070261 0.111826
0 0.138480 0.713082 0.090686 0.036458
0 0.382149 0.824295 0.037173 0.103248
0 0.153799 0.666513 0.064951 0.024816
0 0.048611 0.705116 0.093137 0.027267
0 0.076185 0.610447 0.069853 0.019301
0 0.078840 0.593137 0.062092 0.011029
0 0.097835 0.580882 0.069853 0.012255
0 0.151757 0.826593 0.060866 0.013480
0 0.145016 0.870558 0.064542 0.016850
0 0.087623 0.868107 0.045343 0.015625
0 0.142157 0.686121 0.071895 0.015012
