0 0.847835 0.317555 0.014297 0.008885
0 0.991830 0.558211 0.016340 0.055147
0 0.445874 0.729933 0.051062 0.071385
0 0.385825 0.742953 0.058415 0.071691
0 0.597631 0.755362 0.045752 0.058517
0 0.550041 0.768382 0.044526 0.061275
0 0.500204 0.783088 0.049428 0.064951
0 0.446283 0.801011 0.051879 0.064645
0 0.388889 0.818474 0.055556 0.067708
0 0.323734 0.836703 0.064134 0.070466
0 0.609069 0.546569 0.049020 0.061275
0 0.560458 0.551930 0.044935 0.065870
0 0.507149 0.558977 0.054330 0.068934
0 0.609681 0.610141 0.047794 0.063419
0 0.561683 0.618873 0.041667 0.065564
0 0.510825 0.628830 0.053513 0.064645
0 0.321487 0.584559 0.068627 0.077819
0 0.501021 0.714767 0.051062 0.064338
0 0.323325 0.664828 0.072304 0.072917
0 0.551062 0.702819 0.043301 0.063725
0 0.647263 0.711857 0.029003 0.088542
0 0.871528 0.209865 0.024918 0.088235
0 0.842729 0.206189 0.031863 0.089461
0 0.815359 0.203125 0.019608 0.091912
0 0.792892 0.201746 0.020425 0.095895
0 0.765727 0.196844 0.031454 0.100797
0 0.731005 0.194700 0.032271 0.106924
0 0.694444 0.154718 0.035948 0.109681
0 0.660539 0.150888 0.030229 0.114890
0 0.691993 0.276348 0.025327 0.109069
0 0.669526 0.277727 0.017157 0.105699
0 0.686887 0.387408 0.040441 0.103860
0 0.683619 0.496017 0.025735 0.101103
0 0.660743 0.503676 0.016748 0.092525
0 0.654820 0.606311 0.015523 0.088848
0 0.673203 0.702665 0.019608 0.084865
0 0.600694 0.692862 0.051879 0.060968
0 0.898080 0.212929 0.025735 0.083946
0 0.612949 0.405637 0.048611 0.068015
0 0.510008 0.409467 0.054330 0.073836
0 0.506127 0.073070 0.049837 0.078125
0 0.448121 0.058058 0.061275 0.082414
0 0.379289 0.048866 0.064951 0.087316
0 0.306577 0.042126 0.075572 0.084252
0 0.619485 0.167433 0.046977 0.075674
0 0.566789 0.160692 0.049428 0.077512
0 0.508374 0.155178 0.051062 0.078738
0 0.451389 0.147518 0.058824 0.089154
0 0.381536 0.138940 0.068627 0.084865
0 0.308824 0.131740 0.074346 0.087623
0 0.206291 0.385110 0.049837 0.152574
0 0.149306 0.388634 0.060866 0.159620
0 0.208946 0.188266 0.024101 0.147365
0 0.168913 0.179228 0.051879 0.161152
0 0.112132 0.176777 0.057598 0.160539
0 0.565564 0.080576 0.049428 0.080270
0 0.563317 0.407475 0.044935 0.071691
0 0.618056 0.088848 0.049837 0.073529
0 0.381127 0.317096 0.062908 0.080270
0 0.611315 0.473346 0.051062 0.065564
0 0.561887 0.478707 0.045343 0.065870
0 0.509804 0.484222 0.053922 0.068321
0 0.445874 0.489583 0.059232 0.072304
0 0.327410 0.495558 0.065768 0.080576
0 0.615196 0.246324 0.047386 0.069853
0 0.564134 0.244179 0.052288 0.076593
0 0.508783 0.238817 0.055147 0.080576
0 0.448938 0.236826 0.057190 0.079044
0 0.382761 0.230699 0.069444 0.083333
0 0.307598 0.227175 0.068627 0.084865
0 0.612541 0.319393 0.053513 0.071998
0 0.561070 0.319547 0.046160 0.072304
0 0.509191 0.318934 0.052696 0.077206
0 0.448121 0.317402 0.063725 0.080882
0 0.312500 0.316176 0.070261 0.087010
0 0.926471 0.215686 0.026961 0.083333
0 0.951593 0.219056 0.017565 0.081495
0 0.972631 0.221967 0.020425 0.076900
0 0.729371 0.666820 0.032271 0.034007
0 0.831291 0.679075 0.026144 0.026654
0 0.801471 0.684896 0.028595 0.034620
0 0.767157 0.691942 0.034314 0.035846
0 0.731209 0.703278 0.032680 0.032782
0 0.689134 0.617800 0.047386 0.071998
0 0.697917 0.693168 0.028186 0.071998
0 0.989583 0.488511 0.020016 0.032169
0 0.988971 0.456036 0.022059 0.030944
0 0.963235 0.458027 0.026961 0.030637
0 0.936070 0.461091 0.023284 0.032475
0 0.912582 0.461550 0.018791 0.031556
0 0.887868 0.466452 0.029820 0.030331
0 0.964461 0.491575 0.026961 0.032169
0 0.934436 0.495251 0.029003 0.032782
0 0.765319 0.657322 0.033088 0.030331
0 0.906658 0.499081 0.024101 0.031863
0 0.797794 0.650429 0.030229 0.031250
0 0.729984 0.628523 0.033497 0.036458
0 0.962214 0.565717 0.036356 0.059130
0 0.963440 0.626685 0.035539 0.057904
0 0.927492 0.556373 0.026552 0.030025
0 0.929126 0.590227 0.027369 0.031556
0 0.930147 0.621783 0.022876 0.029105
0 0.929126 0.653799 0.024101 0.031863
0 0.885008 0.584406 0.057598 0.062806
0 0.885417 0.648744 0.058415 0.061581
0 0.837827 0.573070 0.031046 0.031556
0 0.801675 0.581036 0.034722 0.034620
0 0.765319 0.586397 0.033088 0.034926
0 0.731413 0.591759 0.033088 0.032782
0 0.839052 0.610141 0.033497 0.033395
0 0.801266 0.614277 0.031454 0.031250
0 0.765523 0.622396 0.031046 0.034620
0 0.837623 0.646293 0.030637 0.029105
0 0.882149 0.503370 0.023284 0.032475
0 0.852124 0.508119 0.031046 0.035233
0 0.816381 0.513940 0.031454 0.036458
0 0.984681 0.337776 0.010212 0.008885
0 0.970792 0.337623 0.011029 0.008578
0 0.953636 0.337929 0.010212 0.007353
0 0.986928 0.322304 0.012255 0.007966
0 0.970997 0.321998 0.011438 0.007353
0 0.955678 0.323529 0.011846 0.007966
0 0.846609 0.332721 0.011846 0.007353
0 0.822304 0.336397 0.013889 0.007966
0 0.797794 0.333793 0.013072 0.009498
0 0.813113 0.317708 0.012663 0.009191
0 0.791871 0.316023 0.015114 0.010110
0 0.769608 0.313419 0.010621 0.009191
0 0.774510 0.331495 0.012255 0.009191
0 0.717116 0.334099 0.013480 0.010110
0 0.992034 0.224418 0.014297 0.073223
0 0.716299 0.376225 0.014297 0.064338
0 0.733456 0.374694 0.017565 0.065564
0 0.755923 0.373468 0.020016 0.063113
0 0.777574 0.372243 0.018382 0.060662
0 0.783905 0.477635 0.033497 0.036152
0 0.747958 0.481311 0.035131 0.034926
0 0.713235 0.486213 0.031046 0.040441
0 0.780433 0.517157 0.034722 0.036152
0 0.746119 0.522672 0.029003 0.036765
0 0.713848 0.527114 0.032271 0.039522
0 0.989788 0.370251 0.020425 0.050551
0 0.991013 0.617647 0.017157 0.056985
0 0.961806 0.371477 0.015931 0.053002
0 0.929534 0.370864 0.021650 0.056066
0 0.909109 0.372549 0.011846 0.059436
0 0.894199 0.373315 0.013072 0.060968
0 0.856618 0.373621 0.020425 0.059130
0 0.876430 0.373162 0.017565 0.058211
0 0.831291 0.373468 0.020425 0.058824
0 0.800654 0.374081 0.024510 0.060049
0 0.948121 0.370711 0.011438 0.053922
