0 0.355392 0.400940 0.014093 0.092729
0 0.449142 0.387459 0.013480 0.073938
0 0.684130 0.546977 0.010417 0.031863
0 0.696691 0.541871 0.011029 0.030637
0 0.707108 0.532680 0.006740 0.031863
0 0.719822 0.527778 0.011336 0.030229
0 0.739583 0.429330 0.006740 0.026961
0 0.746017 0.512868 0.009804 0.025735
0 0.755821 0.507149 0.008578 0.024101
0 0.764706 0.501634 0.007966 0.023693
0 0.772978 0.497549 0.008578 0.024510
0 0.685355 0.577410 0.007966 0.027369
0 0.695772 0.574346 0.009191 0.027778
0 0.715686 0.561683 0.006740 0.024510
0 0.724112 0.555964 0.007047 0.023693
0 0.732077 0.548611 0.006434 0.027778
0 0.740502 0.544730 0.008578 0.020833
0 0.748775 0.537582 0.007353 0.022059
0 0.758272 0.532271 0.008578 0.019608
0 0.768536 0.526757 0.009498 0.021650
0 0.677083 0.614788 0.011029 0.026144
0 0.689338 0.608456 0.009191 0.032271
0 0.706342 0.564747 0.007047 0.025735
0 0.699908 0.600286 0.008885 0.023284
0 0.674786 0.583538 0.009498 0.029003
0 0.652880 0.666871 0.007966 0.033088
0 0.476716 0.793096 0.023284 0.038807
0 0.498928 0.780842 0.016850 0.033905
0 0.518229 0.763480 0.019301 0.035948
0 0.539522 0.749592 0.018382 0.034314
0 0.557138 0.734886 0.012561 0.033497
0 0.574449 0.723448 0.012868 0.034314
0 0.608915 0.621732 0.013174 0.035948
0 0.625153 0.613971 0.010110 0.031863
0 0.610294 0.658905 0.014093 0.035948
0 0.666054 0.655025 0.011642 0.028186
0 0.624234 0.653595 0.009498 0.033497
0 0.626379 0.685866 0.010723 0.025327
0 0.654565 0.562296 0.022978 0.029820
0 0.637102 0.606618 0.010723 0.033497
0 0.650429 0.599673 0.012868 0.034314
0 0.663297 0.591503 0.011029 0.027778
0 0.639400 0.640931 0.012255 0.032680
0 0.652114 0.631740 0.011336 0.024918
0 0.663450 0.622549 0.008272 0.027778
0 0.639706 0.674020 0.011029 0.029412
0 0.610907 0.695874 0.015319 0.031454
0 0.450980 0.812704 0.022059 0.042892
0 0.711244 0.592116 0.008885 0.025735
0 0.730239 0.577819 0.007659 0.021650
0 0.854320 0.493056 0.012561 0.015523
0 0.798560 0.556373 0.020527 0.022059
0 0.818627 0.545752 0.011642 0.018791
0 0.836703 0.527982 0.016544 0.020016
0 0.854167 0.513685 0.012255 0.020016
0 0.422947 0.390931 0.011949 0.080065
0 0.407782 0.391953 0.014093 0.082925
0 0.386795 0.397263 0.011336 0.087010
0 0.027267 0.123979 0.039828 0.195670
0 0.836857 0.506944 0.013787 0.014706
0 0.068627 0.128676 0.039216 0.188725
0 0.149050 0.139502 0.033395 0.176062
0 0.181985 0.143382 0.031250 0.169935
0 0.215227 0.147059 0.032169 0.176471
0 0.246324 0.153391 0.027574 0.165441
0 0.275582 0.157475 0.025429 0.162990
0 0.301011 0.161356 0.024203 0.158497
0 0.326900 0.162377 0.023897 0.154820
0 0.351562 0.166258 0.024203 0.150327
0 0.373621 0.169118 0.019301 0.147059
0 0.110447 0.131740 0.041360 0.191585
0 0.720588 0.587418 0.007966 0.019608
0 0.817096 0.523489 0.016544 0.019199
0 0.857230 0.469567 0.012255 0.018382
0 0.739583 0.572508 0.006740 0.020016
0 0.748315 0.564338 0.008272 0.022467
0 0.758272 0.560662 0.009804 0.020016
0 0.768689 0.552900 0.007966 0.021650
0 0.679381 0.646446 0.011949 0.026552
0 0.694853 0.638889 0.013480 0.023693
0 0.707721 0.626838 0.009804 0.024101
0 0.718137 0.617443 0.006740 0.020833
0 0.726409 0.611928 0.008578 0.022876
0 0.795343 0.532680 0.022059 0.016340
0 0.736520 0.604167 0.009191 0.027778
0 0.756434 0.585580 0.009804 0.023284
0 0.767923 0.580474 0.009498 0.020425
0 0.797947 0.485703 0.020527 0.029412
0 0.818474 0.473856 0.016238 0.018791
0 0.839154 0.464257 0.016544 0.024918
0 0.856005 0.450980 0.014706 0.018791
0 0.797028 0.510621 0.018689 0.015523
0 0.819700 0.497549 0.013787 0.025327
0 0.837776 0.485703 0.015625 0.016340
0 0.746017 0.595180 0.008578 0.022059
0 0.425092 0.829044 0.022365 0.042892
0 0.398131 0.847018 0.024203 0.044526
0 0.368873 0.875000 0.022672 0.041667
0 0.704657 0.477533 0.010417 0.026144
0 0.714767 0.474060 0.007966 0.023284
0 0.723039 0.467525 0.006740 0.029003
0 0.732230 0.460989 0.006740 0.025735
0 0.740349 0.457721 0.007047 0.029003
0 0.750613 0.454248 0.007966 0.026961
0 0.759804 0.453227 0.006740 0.023284
0 0.767770 0.450980 0.007966 0.026961
0 0.776195 0.445057 0.006434 0.028186
0 0.693015 0.480801 0.008578 0.031046
0 0.789216 0.438725 0.007966 0.022059
0 0.812040 0.404820 0.006434 0.026144
0 0.818627 0.403391 0.006740 0.025735
0 0.826134 0.400735 0.007047 0.025327
0 0.834712 0.397059 0.009498 0.028595
0 0.086703 0.864175 0.055760 0.048611
0 0.135570 0.844363 0.040748 0.069444
0 0.179075 0.818832 0.043199 0.051062
0 0.223499 0.798815 0.040748 0.073938
0 0.264400 0.774918 0.037377 0.052288
0 0.803922 0.406658 0.006740 0.029003
0 0.301164 0.754085 0.034314 0.067810
0 0.682138 0.486111 0.009498 0.031863
0 0.658548 0.492239 0.013174 0.029412
0 0.731771 0.431781 0.007659 0.027778
0 0.723652 0.435866 0.007966 0.026961
0 0.714614 0.439134 0.007659 0.031863
0 0.705423 0.444444 0.008885 0.029412
0 0.693627 0.447508 0.011029 0.030637
0 0.680913 0.452614 0.010110 0.032680
0 0.668811 0.453431 0.010417 0.031046
0 0.656250 0.458129 0.009804 0.033088
0 0.645374 0.462418 0.011336 0.039216
0 0.671569 0.489175 0.009804 0.033905
0 0.632200 0.469363 0.012561 0.037582
0 0.767463 0.420956 0.007353 0.028186
0 0.789369 0.410948 0.007047 0.027778
0 0.796569 0.410335 0.006740 0.028186
0 0.605545 0.516953 0.014400 0.034722
0 0.619792 0.514093 0.010417 0.033905
0 0.371783 0.396855 0.015625 0.092729
0 0.435662 0.389706 0.009804 0.080882
0 0.633272 0.506536 0.012868 0.033497
0 0.646293 0.501225 0.009498 0.035948
0 0.757966 0.425858 0.009191 0.029820
0 0.335784 0.736928 0.030025 0.048203
0 0.365656 0.718750 0.022978 0.046977
0 0.390319 0.709150 0.021446 0.050654
0 0.140778 0.976511 0.040135 0.046977
0 0.185355 0.945466 0.036152 0.065768
0 0.228860 0.920547 0.034926 0.045343
0 0.271446 0.886029 0.031863 0.046569
0 0.307751 0.869077 0.027880 0.046977
0 0.340839 0.844158 0.022365 0.045343
0 0.369332 0.826389 0.025429 0.049020
0 0.396599 0.802083 0.026042 0.039624
0 0.425092 0.783497 0.027267 0.041667
0 0.569853 0.646650 0.016544 0.040033
0 0.450521 0.766748 0.022978 0.035948
0 0.493719 0.741830 0.019301 0.038399
0 0.514706 0.722426 0.018995 0.034722
0 0.534926 0.712827 0.015319 0.035131
0 0.553156 0.697917 0.016238 0.033088
0 0.571385 0.685866 0.013480 0.034314
0 0.235754 0.976307 0.035846 0.046569
0 0.273591 0.950368 0.034926 0.070670
0 0.308517 0.920956 0.029412 0.048611
0 0.341146 0.897059 0.027880 0.046569
0 0.473346 0.751225 0.017770 0.042484
0 0.553309 0.660131 0.012868 0.033497
0 0.534007 0.672998 0.017157 0.042075
0 0.512102 0.681373 0.018689 0.039216
0 0.418045 0.689338 0.022978 0.042075
0 0.444087 0.677288 0.024816 0.049020
0 0.471507 0.662173 0.023897 0.040033
0 0.493566 0.649918 0.018995 0.051471
0 0.514093 0.639297 0.019608 0.042484
0 0.536152 0.626021 0.019608 0.039624
0 0.568781 0.605801 0.018076 0.036765
0 0.610600 0.580474 0.021446 0.033497
0 0.085325 0.940972 0.049939 0.062500
0 0.137255 0.913194 0.041054 0.062500
0 0.183824 0.879902 0.039828 0.060458
0 0.223192 0.866422 0.033395 0.058007
0 0.266544 0.830270 0.036765 0.050245
0 0.303615 0.812704 0.032475 0.041258
0 0.335325 0.788399 0.027267 0.049020
0 0.365502 0.771038 0.024510 0.046977
0 0.390778 0.758987 0.022365 0.044935
0 0.419424 0.738358 0.024510 0.049428
0 0.446691 0.725286 0.023284 0.040441
0 0.470588 0.706904 0.020833 0.044526
0 0.493107 0.698734 0.015012 0.041258
0 0.397825 0.172794 0.028493 0.139706
0 0.422488 0.177696 0.018995 0.135621
0 0.734375 0.518791 0.012868 0.023693
0 0.462623 0.182394 0.020833 0.129493
0 0.057445 0.442606 0.023591 0.131127
0 0.084252 0.436887 0.026348 0.127042
0 0.110294 0.433211 0.023284 0.126225
0 0.135723 0.429943 0.023284 0.119690
0 0.159007 0.426471 0.020833 0.117647
0 0.184283 0.423203 0.024203 0.115196
0 0.207721 0.421364 0.018995 0.112337
0 0.230086 0.418096 0.019608 0.113971
0 0.032169 0.441176 0.025123 0.133987
0 0.249234 0.416258 0.013787 0.109477
0 0.285692 0.411356 0.015012 0.102124
0 0.303768 0.405637 0.019914 0.099673
0 0.322917 0.404412 0.014093 0.098856
0 0.339920 0.402574 0.015625 0.095997
0 0.511029 0.555760 0.016544 0.042075
0 0.492647 0.563317 0.018995 0.038399
0 0.468750 0.574142 0.022059 0.042075
0 0.447610 0.581291 0.018995 0.041667
0 0.266850 0.414011 0.019608 0.109886
0 0.567402 0.491830 0.016544 0.039216
0 0.642923 0.309232 0.011336 0.044118
0 0.622396 0.306168 0.009498 0.042075
0 0.425705 0.318832 0.012561 0.056781
0 0.439032 0.316993 0.012868 0.057190
0 0.453431 0.316993 0.011029 0.053922
0 0.464920 0.316381 0.007659 0.053513
0 0.474418 0.315972 0.010110 0.051062
0 0.486366 0.315564 0.009498 0.050245
0 0.497702 0.314747 0.009498 0.051879
0 0.509498 0.314134 0.010417 0.047386
0 0.632200 0.307394 0.007659 0.040441
0 0.521293 0.313930 0.011336 0.046977
0 0.541513 0.312092 0.008885 0.041667
0 0.618413 0.473243 0.012561 0.039624
0 0.603094 0.476716 0.014400 0.039216
0 0.570312 0.531863 0.014400 0.040850
0 0.550551 0.540441 0.018995 0.040033
0 0.530637 0.544118 0.015319 0.036765
0 0.551471 0.310866 0.009191 0.040850
0 0.566176 0.311887 0.012868 0.042892
0 0.532016 0.313317 0.009498 0.045752
0 0.410539 0.318832 0.014706 0.056781
0 0.549939 0.496732 0.015931 0.046569
0 0.511336 0.508578 0.017157 0.049020
0 0.121324 0.645629 0.048407 0.082108
0 0.066789 0.658701 0.058211 0.057598
0 0.678002 0.352941 0.009191 0.055556
0 0.668505 0.352941 0.008578 0.055556
0 0.658548 0.354779 0.009498 0.060866
0 0.646446 0.358660 0.009804 0.055556
0 0.634038 0.361520 0.014400 0.058007
0 0.620098 0.361520 0.009804 0.059641
0 0.170343 0.626838 0.043505 0.063317
0 0.568934 0.368056 0.011642 0.066993
0 0.540288 0.372141 0.013174 0.069444
0 0.527727 0.373366 0.007659 0.070261
0 0.516085 0.376430 0.007047 0.067402
0 0.506434 0.376430 0.010417 0.073938
0 0.495711 0.380310 0.007353 0.068627
0 0.486366 0.378676 0.011336 0.074346
0 0.473192 0.381332 0.011336 0.073121
0 0.461550 0.384395 0.008885 0.072712
0 0.555300 0.369690 0.013787 0.071078
0 0.530178 0.502655 0.017463 0.041258
0 0.214614 0.608864 0.042586 0.070670
0 0.127604 0.723039 0.044424 0.071078
0 0.489737 0.517361 0.021140 0.044526
0 0.467065 0.526552 0.021752 0.050654
0 0.443934 0.532884 0.021446 0.045343
0 0.442096 0.178922 0.018995 0.127451
0 0.422641 0.594158 0.021140 0.047794
0 0.397672 0.603350 0.025123 0.049020
0 0.368873 0.621732 0.027574 0.049020
0 0.334712 0.630106 0.035846 0.047794
0 0.074602 0.734273 0.056066 0.064951
0 0.297641 0.646242 0.029105 0.052288
0 0.419118 0.542279 0.023897 0.053513
0 0.395221 0.551675 0.021446 0.050245
0 0.366422 0.563317 0.031250 0.063725
0 0.331342 0.573529 0.035846 0.052288
0 0.296262 0.584355 0.027574 0.063317
0 0.260263 0.595588 0.040748 0.050654
0 0.218597 0.680351 0.035846 0.071487
0 0.175245 0.695466 0.042279 0.059232
0 0.262255 0.657271 0.034926 0.056373
0 0.394301 0.322508 0.011642 0.055964
0 0.748468 0.426266 0.009804 0.027369
0 0.067862 0.331495 0.016850 0.077206
0 0.023897 0.331291 0.020221 0.081699
0 0.046875 0.332516 0.022059 0.081699
0 0.089767 0.332925 0.022672 0.075980
0 0.116728 0.330678 0.027574 0.073938
0 0.142310 0.329453 0.019914 0.074755
0 0.165135 0.327614 0.023284 0.071895
0 0.188879 0.327002 0.018689 0.073121
0 0.868873 0.238562 0.007353 0.058007
0 0.207414 0.325980 0.016544 0.071078
0 0.246017 0.323325 0.018995 0.065768
0 0.265319 0.324346 0.018382 0.062908
0 0.284926 0.323938 0.018382 0.064542
0 0.303309 0.322917 0.017157 0.063317
0 0.321538 0.322100 0.016238 0.063317
0 0.338695 0.321895 0.018076 0.061275
0 0.381127 0.320670 0.012868 0.060458
0 0.226103 0.327002 0.017770 0.068219
0 0.367953 0.319649 0.009804 0.059232
0 0.856311 0.237745 0.015319 0.059641
0 0.824449 0.232843 0.013480 0.062908
0 0.483303 0.185662 0.018076 0.122958
0 0.501072 0.188725 0.016238 0.127451
0 0.519761 0.188725 0.019301 0.120915
0 0.537990 0.190768 0.015319 0.116830
0 0.552083 0.192198 0.014093 0.116422
0 0.566789 0.197712 0.014093 0.110294
0 0.613817 0.205678 0.011336 0.102533
0 0.625460 0.205678 0.011949 0.097631
0 0.839920 0.236111 0.015012 0.058824
0 0.355545 0.318832 0.012561 0.060866
0 0.638940 0.207925 0.013174 0.095588
0 0.652727 0.211806 0.012561 0.087827
0 0.693015 0.216299 0.018382 0.084559
0 0.729473 0.220792 0.015931 0.078023
0 0.745251 0.222631 0.011949 0.075163
0 0.755668 0.223243 0.009498 0.076389
0 0.766850 0.225286 0.012255 0.073938
