0 0.436858 0.522356 0.074914 0.014904
0 0.223031 0.393149 0.065925 0.032452
0 0.156250 0.394231 0.058219 0.033654
0 0.713827 0.462740 0.055223 0.041346
0 0.767337 0.463582 0.046661 0.041106
0 0.824486 0.473558 0.045377 0.041346
0 0.838185 0.435577 0.024829 0.030288
0 0.808861 0.436298 0.028682 0.028846
0 0.975171 0.451683 0.049658 0.059615
0 0.289812 0.392668 0.065068 0.030529
0 0.936002 0.452163 0.024401 0.055288
0 0.885274 0.454327 0.023116 0.051442
0 0.944991 0.400000 0.061216 0.010096
0 0.945634 0.387620 0.057363 0.009856
0 0.946062 0.376923 0.058219 0.010096
0 0.877783 0.401082 0.058647 0.012260
0 0.882277 0.389183 0.054795 0.010096
0 0.880779 0.376803 0.052654 0.009856
0 0.948416 0.328005 0.044092 0.038702
0 0.909247 0.455769 0.023116 0.051923
0 0.437714 0.546635 0.074058 0.031250
0 0.355522 0.393870 0.060360 0.030529
0 0.417166 0.390024 0.056935 0.041587
0 0.360445 0.544471 0.072774 0.035096
0 0.282748 0.543149 0.072346 0.042548
0 0.200128 0.537981 0.088613 0.057212
0 0.105736 0.578726 0.062500 0.090144
0 0.039812 0.579567 0.062500 0.092788
0 0.659675 0.464423 0.043664 0.037500
0 0.560146 0.470553 0.068921 0.030048
0 0.478810 0.469231 0.088613 0.032692
0 0.901969 0.328486 0.041952 0.037260
0 0.388485 0.468269 0.086045 0.036058
0 0.235445 0.469712 0.067637 0.038942
0 0.166952 0.470072 0.059932 0.039663
0 0.023973 0.461418 0.047945 0.108894
0 0.765839 0.389303 0.048801 0.040144
0 0.708262 0.392668 0.060360 0.033413
0 0.639555 0.388462 0.059932 0.043750
0 0.531036 0.388341 0.058647 0.040625
0 0.473031 0.389062 0.052226 0.042067
0 0.306935 0.468990 0.067637 0.038462
0 0.515411 0.523197 0.071062 0.019471
0 0.841396 0.365745 0.025257 0.043029
0 0.824914 0.305769 0.041952 0.021154
0 0.741652 0.208774 0.038099 0.023798
0 0.693493 0.238221 0.047945 0.058654
0 0.646832 0.238942 0.041096 0.058654
0 0.605094 0.239784 0.038955 0.058894
0 0.563356 0.238822 0.035103 0.057933
0 0.566139 0.196995 0.042380 0.021875
0 0.557577 0.175481 0.049229 0.016827
0 0.522902 0.235216 0.038099 0.063221
0 0.478168 0.234135 0.044521 0.066827
0 0.430865 0.233053 0.045805 0.067067
0 0.385060 0.229087 0.040668 0.075481
0 0.342680 0.229687 0.040668 0.074760
0 0.298587 0.234014 0.042380 0.064183
0 0.253211 0.234135 0.040668 0.063942
0 0.206978 0.232212 0.043236 0.065385
0 0.162671 0.232452 0.044521 0.062500
0 0.118365 0.231851 0.043236 0.061298
0 0.047303 0.247716 0.092894 0.032933
0 0.044949 0.218870 0.089897 0.020433
0 0.740368 0.243990 0.039812 0.045192
0 0.812714 0.365024 0.026113 0.042067
0 0.785317 0.240024 0.039812 0.056971
0 0.892551 0.234976 0.073630 0.021875
0 0.785745 0.324880 0.024401 0.048798
0 0.757277 0.325000 0.026541 0.049519
0 0.730522 0.324399 0.020976 0.049279
0 0.706550 0.324760 0.023545 0.050000
0 0.663955 0.325120 0.048801 0.051683
0 0.627568 0.331130 0.021404 0.034375
0 0.601455 0.331010 0.022260 0.039423
0 0.559289 0.329207 0.052654 0.041106
0 0.518622 0.324760 0.024401 0.048558
0 0.490368 0.325240 0.025257 0.049519
0 0.409247 0.334495 0.069349 0.032933
0 0.340539 0.307452 0.059503 0.024519
0 0.340539 0.336779 0.062928 0.025962
0 0.276113 0.333894 0.062500 0.031731
0 0.209974 0.328486 0.058647 0.042548
0 0.150043 0.342308 0.055223 0.016346
0 0.145334 0.325120 0.055223 0.014183
0 0.143408 0.308654 0.065925 0.016346
0 0.893622 0.256731 0.068921 0.020192
0 0.830908 0.228966 0.044521 0.077644
0 0.291310 0.816226 0.035531 0.042067
0 0.348459 0.798317 0.068493 0.011058
0 0.589897 0.547716 0.071062 0.022837
0 0.578339 0.743630 0.048801 0.051683
0 0.619221 0.739784 0.028682 0.051202
0 0.648973 0.740745 0.021404 0.050240
0 0.680223 0.740986 0.025685 0.042548
0 0.715325 0.740385 0.038527 0.044231
0 0.769478 0.740745 0.060360 0.042067
0 0.834546 0.736659 0.051798 0.052644
0 0.888913 0.735096 0.050086 0.052404
0 0.946062 0.731731 0.058219 0.048558
0 0.019050 0.338341 0.038099 0.105048
0 0.966824 0.234255 0.066353 0.020913
0 0.965539 0.256851 0.068921 0.020433
0 0.260702 0.815986 0.021404 0.042067
0 0.234375 0.816226 0.026969 0.042067
0 0.205051 0.817428 0.024829 0.046394
0 0.174658 0.816707 0.030822 0.045913
0 0.113442 0.801562 0.063356 0.085817
0 0.051370 0.800721 0.054795 0.084135
0 0.958048 0.668269 0.053938 0.042788
0 0.526969 0.742909 0.049658 0.054567
0 0.906678 0.671755 0.035959 0.038702
0 0.474315 0.746154 0.046233 0.052885
0 0.362372 0.751442 0.052654 0.050000
0 0.351027 0.812740 0.077055 0.014904
0 0.349957 0.829207 0.073202 0.014183
0 0.415240 0.814183 0.047945 0.037981
0 0.462115 0.809495 0.040668 0.042067
0 0.504923 0.807091 0.039812 0.040144
0 0.549658 0.805529 0.044521 0.040385
0 0.602526 0.803005 0.038955 0.040144
0 0.645762 0.801923 0.041524 0.038942
0 0.693921 0.799399 0.043664 0.040625
0 0.730094 0.800721 0.025257 0.040865
0 0.771404 0.800481 0.030822 0.040385
0 0.817637 0.800601 0.046233 0.037740
0 0.865796 0.800962 0.046661 0.038462
0 0.964469 0.795913 0.028253 0.031250
0 0.990154 0.795433 0.019692 0.031731
0 0.171447 0.760938 0.044949 0.042067
0 0.220676 0.755889 0.043236 0.042548
0 0.268622 0.757452 0.043236 0.043269
0 0.313356 0.756370 0.041096 0.041106
0 0.419092 0.749880 0.046233 0.046875
0 0.515839 0.547476 0.071918 0.024279
0 0.868793 0.672236 0.033818 0.039663
0 0.782320 0.677163 0.033818 0.033654
0 0.848673 0.613702 0.032106 0.027885
0 0.812928 0.613341 0.032534 0.030048
0 0.815283 0.588341 0.037243 0.017548
0 0.762414 0.613341 0.060788 0.027163
0 0.690068 0.615024 0.074486 0.025240
0 0.614940 0.615745 0.069777 0.026683
0 0.542594 0.619111 0.067209 0.022356
0 0.542594 0.599038 0.067209 0.015385
0 0.492509 0.608413 0.029538 0.049519
0 0.461259 0.605048 0.020120 0.048558
0 0.431079 0.609615 0.030822 0.053846
0 0.384418 0.616947 0.056507 0.034375
0 0.318279 0.622596 0.069777 0.026923
0 0.242937 0.624519 0.073202 0.027885
0 0.172945 0.624519 0.062500 0.027885
0 0.940925 0.538822 0.071918 0.031971
0 0.871361 0.539663 0.043236 0.027885
0 0.747860 0.540745 0.089041 0.038221
0 0.662457 0.534495 0.067209 0.047356
0 0.896404 0.610817 0.060788 0.028365
0 0.826413 0.669952 0.044949 0.046154
0 0.962971 0.607572 0.063784 0.026683
0 0.111301 0.689423 0.063356 0.085096
0 0.744435 0.678125 0.034247 0.032692
0 0.713827 0.670192 0.023545 0.053365
0 0.687928 0.671034 0.022260 0.053606
0 0.665454 0.671635 0.020120 0.054808
0 0.643836 0.671635 0.020548 0.054808
0 0.623716 0.671034 0.018836 0.053606
0 0.600171 0.672115 0.019692 0.053365
0 0.557577 0.684856 0.059503 0.027404
0 0.507063 0.679688 0.034675 0.038702
0 0.469178 0.675000 0.035959 0.050962
0 0.429366 0.670312 0.037671 0.038702
0 0.399401 0.679087 0.016267 0.037500
0 0.377783 0.689303 0.020976 0.025721
0 0.356164 0.685457 0.016267 0.036779
0 0.335616 0.686298 0.018836 0.038462
0 0.307363 0.685697 0.029110 0.042548
0 0.236301 0.686779 0.030822 0.047596
0 0.203553 0.683534 0.027825 0.054567
0 0.168450 0.685697 0.035531 0.050240
0 0.040240 0.687861 0.072774 0.090144
0 0.589469 0.523077 0.071062 0.022115
0 0.616010 0.467187 0.036815 0.036779
