0 0.425245 0.924020 0.033497 0.029412
0 0.346201 0.600797 0.104984 0.084559
0 0.584763 0.199295 0.051062 0.078738
0 0.534722 0.198070 0.044935 0.081801
0 0.486315 0.195006 0.046160 0.087316
0 0.442198 0.196538 0.040441 0.083640
0 0.393382 0.191789 0.053922 0.090074
0 0.342729 0.188879 0.044118 0.092218
0 0.292892 0.187500 0.053922 0.093137
0 0.239992 0.189185 0.046977 0.091605
0 0.189542 0.191636 0.049837 0.084865
0 0.128676 0.178768 0.049020 0.109375
0 0.083129 0.182445 0.029820 0.100797
0 0.042075 0.213848 0.050654 0.037990
0 0.443832 0.466452 0.049428 0.089154
0 0.492443 0.469975 0.042892 0.082108
0 0.635212 0.200214 0.050654 0.078738
0 0.536560 0.470129 0.039624 0.080576
0 0.624183 0.474112 0.034314 0.076900
0 0.671160 0.461397 0.051471 0.106005
0 0.720792 0.460478 0.041258 0.101716
0 0.766748 0.461091 0.044118 0.103554
0 0.294935 0.463542 0.051471 0.094363
0 0.860090 0.461091 0.044526 0.105392
0 0.959355 0.823989 0.078023 0.071998
0 0.879493 0.821385 0.067810 0.074142
0 0.800449 0.831036 0.078023 0.054228
0 0.710784 0.819393 0.089052 0.067708
0 0.964257 0.899510 0.026552 0.025735
0 0.914420 0.898438 0.060866 0.042586
0 0.858456 0.916513 0.041258 0.046262
0 0.907067 0.461397 0.049428 0.107230
0 0.581495 0.470895 0.050245 0.083946
0 0.686275 0.209865 0.045752 0.063113
0 0.733864 0.186887 0.046160 0.110294
0 0.785948 0.191789 0.053105 0.099877
0 0.246324 0.462929 0.046569 0.090074
0 0.196691 0.461857 0.047794 0.095895
0 0.151757 0.462776 0.037173 0.083640
0 0.114175 0.464920 0.035539 0.086091
0 0.453023 0.593444 0.104575 0.099877
0 0.070261 0.428156 0.027778 0.053615
0 0.041462 0.428922 0.028186 0.048407
0 0.965686 0.354320 0.068627 0.053002
0 0.901961 0.361520 0.051471 0.046569
0 0.848652 0.326593 0.051879 0.112132
0 0.795547 0.324295 0.052696 0.108150
0 0.743056 0.324142 0.049020 0.111520
0 0.693627 0.340380 0.048203 0.079657
0 0.643178 0.338695 0.051062 0.079350
0 0.589052 0.338695 0.053105 0.081189
0 0.537582 0.339614 0.050654 0.082414
0 0.486315 0.338235 0.051879 0.084559
0 0.830065 0.192555 0.034314 0.101409
0 0.868464 0.205882 0.040033 0.081495
0 0.908497 0.205729 0.037582 0.079350
0 0.953431 0.186121 0.047386 0.117953
0 0.017361 0.302083 0.022467 0.079044
0 0.041667 0.301624 0.022059 0.078125
0 0.959967 0.464308 0.048203 0.102635
0 0.074346 0.302083 0.031046 0.069853
0 0.172181 0.318168 0.053513 0.106924
0 0.227328 0.316330 0.053513 0.106924
0 0.280025 0.318168 0.053513 0.106924
0 0.334355 0.332108 0.047794 0.088235
0 0.383578 0.334712 0.051471 0.083027
0 0.435662 0.336244 0.048611 0.079963
0 0.117239 0.312806 0.053105 0.111520
0 0.016748 0.521599 0.017974 0.052390
0 0.812500 0.460172 0.047386 0.104779
0 0.017361 0.596661 0.019199 0.053615
0 0.774306 0.666513 0.056781 0.016238
0 0.927083 0.701287 0.080474 0.022059
0 0.930351 0.746017 0.099265 0.060662
0 0.852941 0.712316 0.039216 0.110294
0 0.053105 0.883885 0.057190 0.100490
0 0.012255 0.883885 0.024510 0.104779
0 0.125204 0.829810 0.054330 0.058517
0 0.177492 0.830729 0.045343 0.056679
0 0.220792 0.827665 0.031454 0.059130
0 0.252655 0.827665 0.031454 0.060355
0 0.292892 0.818168 0.041667 0.076900
0 0.340891 0.818781 0.048611 0.071385
0 0.419322 0.820466 0.101716 0.076593
0 0.522467 0.821232 0.093954 0.073223
0 0.039828 0.521906 0.021650 0.052390
0 0.104575 0.921722 0.028595 0.022365
0 0.148897 0.905944 0.025735 0.022672
0 0.793505 0.731924 0.076389 0.083333
0 0.209150 0.913450 0.031046 0.026654
0 0.724265 0.716146 0.038399 0.117953
0 0.588031 0.729473 0.074755 0.087623
0 0.353350 0.545343 0.094771 0.022059
0 0.561275 0.594210 0.101307 0.101409
0 0.665033 0.590533 0.103758 0.103248
0 0.774918 0.594210 0.115196 0.110600
0 0.880515 0.596967 0.090278 0.102022
0 0.963235 0.599418 0.073529 0.105086
0 0.029616 0.775429 0.043709 0.034926
0 0.074142 0.784620 0.035539 0.011029
0 0.071078 0.774663 0.031863 0.008272
0 0.069649 0.766697 0.035539 0.008272
0 0.077002 0.755821 0.031454 0.009191
0 0.147876 0.727788 0.102941 0.079350
0 0.251021 0.730086 0.101716 0.076593
0 0.353554 0.724571 0.095180 0.086397
0 0.437500 0.740349 0.060458 0.060355
0 0.438521 0.689951 0.063317 0.036152
0 0.513685 0.721048 0.073121 0.080576
0 0.666667 0.731311 0.070261 0.086397
0 0.178309 0.910692 0.020016 0.021140
0 0.615400 0.819087 0.087010 0.069547
0 0.241830 0.912377 0.022059 0.024510
0 0.193219 0.892004 0.025327 0.013174
0 0.593137 0.926011 0.027778 0.026042
0 0.634191 0.909467 0.033088 0.022978
0 0.668709 0.900276 0.025327 0.025429
0 0.695466 0.893842 0.017565 0.024203
0 0.724877 0.906556 0.030637 0.019608
0 0.326389 0.892004 0.028595 0.015625
0 0.765319 0.906710 0.020016 0.046875
0 0.800245 0.916207 0.029412 0.050551
0 0.149101 0.585784 0.102941 0.104779
0 0.052083 0.707567 0.042892 0.013787
0 0.058211 0.690411 0.046160 0.021140
0 0.014093 0.691023 0.028186 0.056066
0 0.078431 0.596354 0.019608 0.053002
0 0.046569 0.596048 0.019608 0.053615
0 0.528186 0.908701 0.038399 0.028186
0 0.483252 0.885110 0.033497 0.025735
0 0.563725 0.910233 0.028595 0.026961
0 0.391748 0.465380 0.049837 0.091912
0 0.266953 0.918045 0.025735 0.024203
0 0.291667 0.903646 0.023693 0.020527
0 0.333333 0.910846 0.030229 0.018995
0 0.378676 0.911305 0.026144 0.022365
0 0.447508 0.885876 0.034722 0.028493
0 0.246732 0.585478 0.089869 0.101716
