0 0.743056 0.776808 0.022876 0.054841
0 0.714052 0.777114 0.021242 0.054228
0 0.671569 0.840380 0.023693 0.066176
0 0.645221 0.842065 0.018382 0.069547
0 0.653799 0.501072 0.025735 0.071998
0 0.617647 0.844669 0.018791 0.060049
0 0.586806 0.847580 0.023284 0.065870
0 0.561070 0.848039 0.021650 0.071691
0 0.535743 0.849724 0.024101 0.075674
0 0.505719 0.884191 0.023693 0.079044
0 0.476103 0.881893 0.024101 0.086091
0 0.444649 0.884038 0.023284 0.084252
0 0.769608 0.777880 0.019608 0.057598
0 0.414420 0.878830 0.022467 0.080576
0 0.358047 0.885723 0.019199 0.078431
0 0.317810 0.872089 0.019608 0.075061
0 0.286765 0.874847 0.023693 0.071998
0 0.257353 0.874081 0.020425 0.073529
0 0.226511 0.881893 0.021650 0.071998
0 0.198938 0.909467 0.022876 0.079963
0 0.168913 0.909314 0.028186 0.075980
0 0.132353 0.910999 0.026961 0.075061
0 0.111520 0.737745 0.057190 0.112132
0 0.034722 0.744945 0.069444 0.104473
0 0.129698 0.612132 0.055964 0.114583
0 0.054534 0.613358 0.062500 0.112132
0 0.384600 0.884344 0.021650 0.078738
0 0.532680 0.776195 0.014706 0.035233
0 0.559436 0.775735 0.018382 0.033701
0 0.588235 0.774357 0.019608 0.040748
0 0.743260 0.502911 0.023284 0.070159
0 0.769199 0.501072 0.022059 0.073836
0 0.802083 0.495098 0.025735 0.069853
0 0.833129 0.495864 0.024918 0.065870
0 0.604575 0.426624 0.024510 0.068321
0 0.633170 0.425245 0.018791 0.063725
0 0.658905 0.424326 0.023693 0.063725
0 0.684845 0.425245 0.022467 0.061887
0 0.713031 0.426011 0.029003 0.064645
0 0.737541 0.426471 0.018382 0.061275
0 0.762051 0.424020 0.023284 0.066176
0 0.977328 0.832567 0.032271 0.098346
0 0.939338 0.833333 0.028186 0.094363
0 0.900327 0.841146 0.031046 0.094669
0 0.854167 0.773284 0.020425 0.056985
0 0.824959 0.775429 0.018382 0.055147
0 0.799020 0.774663 0.025327 0.059130
0 0.867851 0.857230 0.022467 0.067402
0 0.842116 0.857690 0.024101 0.068934
0 0.812908 0.861520 0.015523 0.068015
0 0.787990 0.856618 0.022059 0.071078
0 0.835580 0.627145 0.023284 0.072917
0 0.762663 0.862898 0.021242 0.070159
0 0.732026 0.866575 0.022876 0.071998
0 0.666258 0.769455 0.019608 0.032169
0 0.640523 0.772059 0.024510 0.036152
0 0.613358 0.769761 0.020016 0.035846
0 0.787173 0.424020 0.020425 0.066176
0 0.815359 0.425398 0.026961 0.061581
0 0.739379 0.225490 0.033497 0.066176
0 0.274714 0.528339 0.027369 0.085478
0 0.631332 0.335478 0.036356 0.080270
0 0.592116 0.334712 0.036356 0.080576
0 0.548815 0.334865 0.036356 0.080270
0 0.508374 0.331648 0.036356 0.080576
0 0.467116 0.332414 0.036356 0.080270
0 0.424632 0.331495 0.036356 0.080270
0 0.856618 0.335938 0.037582 0.076287
0 0.817198 0.335938 0.037173 0.073836
0 0.779616 0.334252 0.033905 0.077206
0 0.736724 0.331036 0.041258 0.076287
0 0.693627 0.335478 0.036765 0.074755
0 0.897263 0.335172 0.034722 0.072917
0 0.986928 0.274969 0.026144 0.094669
0 0.939134 0.280484 0.040033 0.090993
0 0.890727 0.228554 0.037173 0.068015
0 0.839052 0.227482 0.031863 0.064645
0 0.803309 0.224571 0.030637 0.064338
0 0.351716 0.217218 0.033497 0.071078
0 0.390114 0.216452 0.033497 0.070772
0 0.425858 0.214767 0.033905 0.071078
0 0.537990 0.219210 0.031863 0.070159
0 0.572100 0.222733 0.031454 0.070466
0 0.681373 0.501685 0.018791 0.072610
0 0.713848 0.502911 0.027369 0.070159
0 0.608864 0.219975 0.031454 0.070466
0 0.663807 0.227482 0.030229 0.058517
0 0.704657 0.225950 0.033497 0.066483
0 0.054330 0.350337 0.045752 0.115502
0 0.770833 0.225337 0.022059 0.065257
0 0.107639 0.353401 0.046160 0.115502
0 0.244485 0.319393 0.043709 0.105699
0 0.238766 0.529871 0.033905 0.079963
0 0.205678 0.530944 0.029820 0.084559
0 0.176266 0.531556 0.027369 0.080882
0 0.485498 0.596507 0.026552 0.021446
0 0.460172 0.595895 0.020016 0.025123
0 0.434641 0.596507 0.018791 0.026348
0 0.972835 0.419424 0.029003 0.096814
0 0.408905 0.598805 0.020425 0.026042
0 0.382966 0.599571 0.021650 0.026961
0 0.359273 0.599571 0.015114 0.022672
0 0.485090 0.641085 0.025735 0.061581
0 0.459355 0.640472 0.015114 0.060355
0 0.425245 0.654871 0.022059 0.066483
0 0.397672 0.654565 0.020016 0.067096
0 0.369894 0.656403 0.020833 0.065870
0 0.331087 0.607996 0.026552 0.041360
0 0.305556 0.606005 0.023693 0.039828
0 0.279412 0.606618 0.021242 0.036765
0 0.253676 0.608150 0.022876 0.040441
0 0.223652 0.609835 0.028186 0.037071
0 0.190768 0.607843 0.025327 0.041054
0 0.118873 0.480545 0.040850 0.102022
0 0.063725 0.483609 0.040033 0.106924
0 0.019608 0.485294 0.039216 0.101103
0 0.385008 0.320466 0.037990 0.099877
0 0.343750 0.320925 0.039624 0.102635
0 0.297794 0.319853 0.044118 0.105392
0 0.192810 0.316330 0.042484 0.106311
0 0.932802 0.421262 0.039624 0.099877
0 0.863562 0.625766 0.023693 0.075674
0 0.382353 0.097580 0.044118 0.089154
0 0.026757 0.092678 0.044526 0.067708
0 0.315768 0.215993 0.033497 0.071078
0 0.332925 0.094822 0.044118 0.089154
0 0.234273 0.213235 0.033905 0.071078
0 0.191176 0.212623 0.033497 0.071078
0 0.152778 0.209559 0.033497 0.071078
0 0.987541 0.124387 0.024101 0.079657
0 0.948734 0.115502 0.043709 0.090074
0 0.901552 0.113817 0.034314 0.079350
0 0.858864 0.114430 0.034722 0.079350
0 0.816176 0.114583 0.034314 0.079657
0 0.775327 0.110447 0.034314 0.079350
0 0.734681 0.110447 0.034722 0.079350
0 0.693832 0.109988 0.041258 0.081495
0 0.080474 0.098192 0.044118 0.067708
0 0.651961 0.105086 0.040850 0.081495
0 0.554330 0.102328 0.040850 0.081495
0 0.511438 0.102328 0.040850 0.081495
0 0.477941 0.111673 0.017974 0.065257
0 0.453636 0.107537 0.022467 0.068627
0 0.424428 0.106464 0.029412 0.070772
0 0.306373 0.526808 0.025327 0.083640
0 0.344363 0.525276 0.031863 0.079350
0 0.379289 0.524357 0.027369 0.082414
0 0.408701 0.524050 0.027369 0.082414
0 0.438930 0.524050 0.027369 0.082414
0 0.478554 0.503676 0.025735 0.071078
0 0.512051 0.504442 0.029820 0.069547
0 0.563930 0.516697 0.030637 0.070772
0 0.595792 0.513634 0.029003 0.074449
0 0.596405 0.100797 0.040850 0.081495
0 0.622345 0.513021 0.019199 0.073836
0 0.724673 0.695159 0.026961 0.070466
0 0.663194 0.693934 0.025735 0.079657
0 0.892157 0.623315 0.024510 0.073223
0 0.753676 0.695159 0.022059 0.072917
0 0.780637 0.695772 0.026144 0.071691
0 0.808007 0.696385 0.026961 0.066176
0 0.841299 0.700368 0.025735 0.066789
0 0.873570 0.697151 0.024918 0.066483
0 0.897059 0.694087 0.015523 0.067708
0 0.178717 0.693934 0.025735 0.077819
0 0.209763 0.688572 0.025735 0.088542
0 0.241217 0.685815 0.029003 0.086703
0 0.272467 0.674632 0.022876 0.074142
0 0.304739 0.671415 0.027778 0.070772
0 0.805147 0.621324 0.025327 0.072917
0 0.775531 0.621630 0.025735 0.074142
0 0.694649 0.694853 0.020016 0.075980
0 0.742034 0.622549 0.020833 0.070466
0 0.234477 0.091759 0.044118 0.089154
0 0.332516 0.670037 0.021242 0.075980
0 0.183007 0.088235 0.044118 0.089461
0 0.131536 0.087776 0.044118 0.089154
0 0.922998 0.669577 0.023284 0.098346
0 0.987337 0.691176 0.023693 0.094975
0 0.559232 0.622089 0.027778 0.071385
0 0.588235 0.622855 0.019608 0.071691
0 0.619894 0.620864 0.029820 0.075674
0 0.561683 0.698376 0.026144 0.075674
0 0.589869 0.699295 0.026144 0.073836
0 0.619077 0.698989 0.021650 0.069547
0 0.665441 0.611673 0.021242 0.068321
0 0.694853 0.610754 0.029412 0.068321
0 0.282271 0.089767 0.044118 0.089461
0 0.274510 0.212776 0.033497 0.070772
