0 0.437500 0.801202 0.047089 0.067308
0 0.864726 0.599159 0.029966 0.020913
0 0.476455 0.797957 0.032534 0.060817
0 0.514983 0.801803 0.044521 0.063221
0 0.563570 0.801562 0.054366 0.068029
0 0.662029 0.811298 0.038955 0.050962
0 0.706336 0.799399 0.045377 0.073798
0 0.769050 0.806971 0.068065 0.066346
0 0.823844 0.804087 0.035531 0.057692
0 0.875642 0.814543 0.041524 0.060337
0 0.907106 0.797596 0.022260 0.047596
0 0.969606 0.802764 0.060788 0.067067
0 0.093536 0.839904 0.067209 0.028365
0 0.124572 0.884375 0.025685 0.040865
0 0.075557 0.886899 0.069777 0.030529
0 0.221104 0.946154 0.164812 0.106250
0 0.366866 0.942909 0.124144 0.108894
0 0.554795 0.941106 0.254281 0.117788
0 0.834546 0.941106 0.296661 0.117788
0 0.772474 0.593990 0.025257 0.025962
0 0.802226 0.595192 0.024829 0.034615
0 0.831550 0.594591 0.029538 0.024279
0 0.866438 0.583534 0.033390 0.011298
0 0.393622 0.801442 0.041524 0.067788
0 0.616438 0.801082 0.051370 0.073798
0 0.109161 0.527644 0.093322 0.009615
0 0.859589 0.528846 0.047089 0.054808
0 0.198844 0.660096 0.070634 0.038942
0 0.094606 0.678966 0.069349 0.036779
0 0.036173 0.675481 0.044949 0.032692
0 0.115796 0.635096 0.056935 0.026442
0 0.038099 0.640024 0.059932 0.032452
0 0.694991 0.572957 0.050086 0.042067
0 0.642123 0.578606 0.053082 0.035577
0 0.581550 0.584736 0.068065 0.019471
0 0.635060 0.539663 0.056079 0.042788
0 0.475385 0.527764 0.074058 0.012740
0 0.410531 0.545312 0.047945 0.038702
0 0.477954 0.548798 0.079195 0.024038
0 0.504281 0.580769 0.083048 0.027885
0 0.197774 0.698438 0.074486 0.032933
0 0.175942 0.340264 0.024829 0.029087
0 0.319563 0.346755 0.078339 0.026683
0 0.324914 0.317067 0.083048 0.028846
0 0.401327 0.320312 0.067209 0.022837
0 0.396190 0.346514 0.073202 0.026202
0 0.391053 0.374159 0.085188 0.025240
0 0.302226 0.374639 0.092466 0.024279
0 0.218322 0.371755 0.077055 0.028125
0 0.228382 0.343630 0.080908 0.026683
0 0.239512 0.311899 0.070634 0.027644
0 0.089897 0.352885 0.048801 0.071154
0 0.032534 0.363702 0.059932 0.045673
0 0.947346 0.222837 0.075342 0.081731
0 0.869649 0.216346 0.066353 0.097115
0 0.158604 0.369712 0.044949 0.029808
0 0.271190 0.685216 0.052654 0.064663
0 0.324058 0.697236 0.054795 0.043029
0 0.336901 0.644351 0.047945 0.034856
0 0.941567 0.637500 0.042380 0.052404
0 0.980308 0.637139 0.039384 0.051202
0 0.768836 0.729567 0.056507 0.034135
0 0.840111 0.738582 0.086045 0.010817
0 0.840111 0.725000 0.084332 0.014904
0 0.922731 0.724399 0.080908 0.014663
0 0.926156 0.740024 0.086045 0.012260
0 0.029966 0.737380 0.048801 0.028125
0 0.025899 0.772957 0.051798 0.031490
0 0.093750 0.753245 0.070205 0.023317
0 0.825771 0.639303 0.028253 0.046394
0 0.797089 0.644231 0.025685 0.035577
0 0.768408 0.638221 0.033390 0.050000
0 0.089469 0.777284 0.070205 0.025721
0 0.186216 0.813101 0.056507 0.044952
0 0.270334 0.809976 0.110017 0.049760
0 0.345676 0.811659 0.038099 0.051683
0 0.522688 0.695312 0.027397 0.039183
0 0.666738 0.695793 0.048373 0.045913
0 0.610231 0.694952 0.044092 0.047596
0 0.562286 0.696274 0.051798 0.043990
0 0.812928 0.528005 0.046233 0.051202
0 0.483091 0.697356 0.050942 0.037019
0 0.432363 0.698317 0.053082 0.037500
0 0.381207 0.699519 0.049229 0.035096
0 0.548801 0.647356 0.046233 0.038462
0 0.493793 0.646394 0.045805 0.038942
0 0.444349 0.646755 0.049658 0.034375
0 0.391695 0.646995 0.053938 0.033894
0 0.797945 0.216587 0.076199 0.096635
0 0.899401 0.650601 0.039384 0.026202
0 0.675942 0.252284 0.077911 0.030529
0 0.515625 0.254808 0.078339 0.026442
0 0.237586 0.246995 0.050514 0.056490
0 0.287029 0.253606 0.045805 0.043269
0 0.287243 0.214062 0.051370 0.036779
0 0.366866 0.217188 0.069349 0.021394
0 0.356592 0.235937 0.092466 0.010337
0 0.356378 0.255409 0.092038 0.027644
0 0.105522 0.548438 0.086901 0.028606
0 0.096747 0.578365 0.083048 0.029808
0 0.025899 0.581971 0.051798 0.028846
0 0.028467 0.550240 0.051798 0.027885
0 0.927654 0.506130 0.083048 0.036779
0 0.927440 0.540264 0.085188 0.032452
0 0.463399 0.435817 0.044949 0.018269
0 0.196704 0.243269 0.031250 0.060096
0 0.521190 0.417788 0.067209 0.019231
0 0.661387 0.418149 0.070205 0.022837
0 0.527611 0.445192 0.069777 0.027885
0 0.595248 0.447115 0.068921 0.026442
0 0.667594 0.447236 0.071490 0.026202
0 0.525257 0.477404 0.075342 0.028365
0 0.600813 0.478245 0.074058 0.028125
0 0.672517 0.480288 0.071062 0.018750
0 0.790668 0.426803 0.056507 0.055529
0 0.841824 0.424159 0.038955 0.059856
0 0.879495 0.423558 0.038099 0.058173
0 0.922303 0.423197 0.047517 0.058894
0 0.968108 0.425240 0.047517 0.054808
0 0.767979 0.524399 0.043664 0.055048
0 0.589255 0.418149 0.067209 0.019952
0 0.160745 0.249038 0.038099 0.051442
0 0.081764 0.214303 0.032534 0.015625
0 0.060788 0.249038 0.042808 0.055288
0 0.435788 0.244832 0.076199 0.028125
0 0.460188 0.351442 0.048801 0.063942
0 0.513699 0.345192 0.052226 0.074038
0 0.569135 0.349519 0.054366 0.060096
0 0.627354 0.342308 0.062072 0.073558
0 0.686430 0.349519 0.055223 0.062981
0 0.792594 0.321875 0.055223 0.028846
0 0.846533 0.322236 0.048373 0.028125
0 0.900043 0.315385 0.051798 0.037500
0 0.957834 0.315986 0.058647 0.037740
0 0.038099 0.460817 0.043664 0.062500
0 0.083690 0.459976 0.047517 0.064663
0 0.180865 0.458534 0.050942 0.063702
0 0.229024 0.464543 0.038527 0.051202
0 0.268836 0.458534 0.041952 0.064663
0 0.307577 0.464663 0.038099 0.051442
0 0.346533 0.457332 0.040668 0.064663
0 0.398545 0.473438 0.056507 0.038702
0 0.457192 0.477404 0.053938 0.029808
0 0.455265 0.453125 0.058647 0.017308
0 0.396832 0.439784 0.047945 0.026202
0 0.436430 0.417668 0.077483 0.015625
0 0.422731 0.580529 0.077483 0.026442
0 0.257277 0.561418 0.073630 0.024760
0 0.335830 0.578726 0.080908 0.032933
0 0.257920 0.584736 0.074914 0.019471
0 0.199486 0.572476 0.039384 0.050240
0 0.020976 0.235096 0.036815 0.069712
0 0.596747 0.252043 0.082192 0.031010
0 0.858947 0.646394 0.034675 0.031250
