0 0.382716 0.631293 0.051698 0.022569
0 0.190779 0.713650 0.041281 0.036675
0 0.564043 0.708442 0.044753 0.036675
0 0.606289 0.707574 0.033565 0.034939
0 0.651235 0.708116 0.051698 0.036024
0 0.321181 0.323459 0.033565 0.072700
0 0.953125 0.772244 0.032793 0.045790
0 0.881173 0.779188 0.034722 0.019314
0 0.879630 0.752279 0.039352 0.019314
0 0.835648 0.752279 0.034722 0.018446
0 0.839120 0.783312 0.043981 0.019314
0 0.793403 0.783637 0.042052 0.019965
0 0.794946 0.760959 0.042052 0.023220
0 0.746528 0.779839 0.030864 0.023220
0 0.743248 0.755968 0.034336 0.018880
0 0.706790 0.778754 0.047840 0.023655
0 0.699267 0.752279 0.037423 0.016710
0 0.651620 0.752279 0.052469 0.023655
0 0.658951 0.778646 0.043210 0.022135
0 0.607253 0.777344 0.035494 0.029080
0 0.592593 0.749349 0.035494 0.016059
0 0.559606 0.768772 0.026620 0.052300
0 0.521412 0.754991 0.041281 0.019531
0 0.492091 0.698351 0.049769 0.023872
0 0.437500 0.708333 0.040895 0.039497
0 0.386767 0.709201 0.045139 0.037326
0 0.338927 0.712348 0.045139 0.036675
0 0.248650 0.423720 0.072917 0.017578
0 0.246721 0.442057 0.076775 0.013455
0 0.166667 0.434787 0.074846 0.028429
0 0.053241 0.491102 0.082562 0.023872
0 0.043981 0.467990 0.084877 0.016710
0 0.040702 0.445312 0.072145 0.017361
0 0.032407 0.425022 0.064815 0.014974
0 0.029514 0.404405 0.055941 0.018880
0 0.028742 0.381402 0.042824 0.018880
0 0.917824 0.317166 0.091049 0.074436
0 0.523727 0.782444 0.041281 0.020616
0 0.826968 0.324002 0.072917 0.068576
0 0.664159 0.327474 0.029707 0.064670
0 0.630208 0.324219 0.028935 0.060330
0 0.597608 0.334744 0.030864 0.054905
0 0.560571 0.330729 0.028549 0.050347
0 0.503279 0.345812 0.057485 0.028429
0 0.524691 0.321506 0.023920 0.011936
0 0.447917 0.320855 0.043210 0.070095
0 0.402971 0.322374 0.038966 0.073134
0 0.233989 0.713759 0.045910 0.030816
0 0.287616 0.712999 0.048997 0.029731
0 0.734568 0.322157 0.098765 0.070095
0 0.408758 0.421766 0.074460 0.056641
0 0.478781 0.778212 0.032407 0.019965
0 0.434221 0.785156 0.048997 0.023003
0 0.498843 0.037543 0.063272 0.024740
0 0.556327 0.032661 0.048611 0.019314
0 0.655864 0.032661 0.051698 0.023655
0 0.729360 0.033203 0.064429 0.028646
0 0.794946 0.030490 0.056713 0.028429
0 0.863040 0.030490 0.063272 0.030599
0 0.185957 0.212457 0.060185 0.058160
0 0.260224 0.211589 0.074460 0.056424
0 0.328318 0.213976 0.062500 0.069444
0 0.401620 0.213216 0.074846 0.056207
0 0.615355 0.212457 0.051698 0.055556
0 0.673804 0.213542 0.058256 0.044705
0 0.722608 0.211806 0.040895 0.046441
0 0.771991 0.213216 0.048611 0.046224
0 0.078511 0.330729 0.018133 0.060764
0 0.113233 0.330512 0.029707 0.059896
0 0.142361 0.329102 0.020833 0.056207
0 0.172647 0.322374 0.033565 0.073134
0 0.209491 0.322917 0.040123 0.068576
0 0.246721 0.325629 0.033565 0.071832
0 0.284336 0.324544 0.031636 0.073134
0 0.437886 0.035590 0.051698 0.028212
0 0.384838 0.033963 0.050540 0.026259
0 0.331019 0.035916 0.043981 0.025391
0 0.273148 0.035916 0.047840 0.027995
0 0.387153 0.788086 0.041281 0.027561
0 0.333912 0.791884 0.049769 0.020399
0 0.423997 0.758030 0.043210 0.019965
0 0.376157 0.762261 0.043210 0.025391
0 0.334105 0.761502 0.040123 0.026910
0 0.287616 0.782444 0.033565 0.038845
0 0.239583 0.785482 0.047840 0.034505
0 0.180170 0.777344 0.047068 0.035156
0 0.134645 0.778971 0.039352 0.034939
0 0.081404 0.763889 0.038580 0.019531
0 0.472415 0.755859 0.034336 0.015625
0 0.065972 0.790799 0.055556 0.024740
0 0.951196 0.708659 0.066744 0.050564
0 0.887924 0.705078 0.036651 0.039931
0 0.849151 0.703451 0.030864 0.043186
0 0.813272 0.703451 0.035494 0.043186
0 0.762346 0.706489 0.048611 0.041016
0 0.707755 0.708008 0.054398 0.036675
0 0.141397 0.718859 0.042824 0.028429
0 0.100694 0.037001 0.052469 0.025825
0 0.164352 0.035916 0.046296 0.025391
0 0.219907 0.034831 0.051698 0.023655
0 0.018133 0.773872 0.035494 0.055990
0 0.459877 0.440104 0.023920 0.019965
0 0.360340 0.322157 0.040123 0.072700
0 0.533372 0.418837 0.026620 0.057292
0 0.845872 0.626411 0.052855 0.026259
0 0.783372 0.626085 0.057485 0.022569
0 0.793403 0.654731 0.053627 0.019531
0 0.729745 0.654188 0.050540 0.025391
0 0.721258 0.626411 0.052855 0.026259
0 0.440008 0.632270 0.045910 0.023655
0 0.644483 0.624783 0.052855 0.023003
0 0.614776 0.649848 0.060571 0.024957
0 0.555748 0.646701 0.038194 0.022135
0 0.321952 0.575412 0.049769 0.043186
0 0.496914 0.422092 0.044753 0.054253
0 0.367863 0.570855 0.041281 0.052300
0 0.426312 0.576497 0.067130 0.031901
0 0.485532 0.581923 0.045910 0.027561
0 0.547261 0.557943 0.045139 0.021701
0 0.545332 0.583333 0.050540 0.018229
0 0.607060 0.580078 0.064429 0.026042
0 0.380980 0.659831 0.052855 0.023220
0 0.439043 0.658203 0.039352 0.020399
0 0.498843 0.651259 0.048611 0.024740
0 0.241512 0.660156 0.070988 0.026476
0 0.169174 0.659831 0.065201 0.025391
0 0.097222 0.660156 0.060185 0.026476
0 0.906636 0.624457 0.059414 0.025825
0 0.961227 0.577908 0.053627 0.026476
0 0.816165 0.582682 0.065201 0.022569
0 0.747492 0.554362 0.062114 0.023220
0 0.749807 0.578668 0.057485 0.023220
0 0.676119 0.581163 0.056713 0.024740
0 0.676698 0.556315 0.059414 0.018446
0 0.612847 0.556315 0.048997 0.019314
0 0.890818 0.580621 0.075617 0.019314
0 0.847222 0.654731 0.050926 0.023872
0 0.670332 0.653863 0.041281 0.024740
0 0.970872 0.651476 0.058256 0.025174
0 0.624035 0.514323 0.073688 0.017795
0 0.550154 0.514648 0.074074 0.021050
0 0.553434 0.493490 0.072145 0.019531
0 0.396798 0.481988 0.050540 0.017795
0 0.471836 0.496202 0.067130 0.012804
0 0.474344 0.517253 0.062114 0.021918
0 0.404321 0.517036 0.075617 0.025825
0 0.314236 0.511610 0.072917 0.025391
0 0.236690 0.515625 0.076003 0.023003
0 0.706404 0.512695 0.075617 0.023220
0 0.159915 0.514540 0.061343 0.019531
0 0.958912 0.432617 0.058256 0.021484
0 0.875965 0.410590 0.093750 0.069010
0 0.794174 0.403537 0.025849 0.012370
0 0.788773 0.428602 0.048997 0.035156
0 0.742863 0.417318 0.033565 0.058160
0 0.700231 0.418837 0.039352 0.059896
0 0.661844 0.425347 0.034336 0.047309
0 0.627894 0.425564 0.033565 0.046441
0 0.575039 0.422960 0.042824 0.055990
0 0.973187 0.407552 0.053627 0.026042
0 0.910108 0.652561 0.051698 0.029080
0 0.314429 0.660373 0.063272 0.021701
0 0.030671 0.710503 0.058256 0.031684
0 0.089699 0.720161 0.045139 0.025391
0 0.253472 0.585178 0.070988 0.031901
0 0.172454 0.592990 0.071759 0.018880
0 0.128086 0.557726 0.059414 0.022135
0 0.086227 0.589735 0.076775 0.027995
0 0.795910 0.507487 0.077932 0.025825
0 0.968364 0.507812 0.058642 0.050781
0 0.849537 0.473307 0.084105 0.022135
0 0.874035 0.509440 0.065972 0.021484
