0 0.991880 0.640865 0.016239 0.048077
0 0.030983 0.735457 0.019231 0.031010
0 0.195940 0.452764 0.048291 0.020913
0 0.162179 0.711899 0.065385 0.019952
0 0.148718 0.743269 0.066667 0.021635
0 0.598718 0.447957 0.071795 0.021875
0 0.674573 0.446755 0.063675 0.021875
0 0.738889 0.447837 0.050427 0.021635
0 0.790812 0.445793 0.046581 0.022837
0 0.855342 0.443750 0.072222 0.021154
0 0.640171 0.427043 0.041880 0.014183
0 0.700214 0.427163 0.044017 0.012019
0 0.748291 0.426322 0.046154 0.014183
0 0.938462 0.442188 0.068376 0.020913
0 0.056624 0.508173 0.042308 0.051442
0 0.132906 0.505288 0.040171 0.054327
0 0.097650 0.508173 0.026923 0.048558
0 0.015385 0.519231 0.030769 0.033654
0 0.619658 0.638462 0.042735 0.066346
0 0.189744 0.518510 0.054701 0.025000
0 0.252350 0.517188 0.052564 0.022356
0 0.308333 0.514904 0.055983 0.028365
0 0.104701 0.706971 0.050427 0.019712
0 0.225641 0.743990 0.079487 0.056250
0 0.293803 0.740385 0.038889 0.057692
0 0.336752 0.740144 0.042735 0.058654
0 0.963675 0.366947 0.022222 0.018510
0 0.985043 0.365264 0.020513 0.018029
0 0.916880 0.350481 0.025214 0.009615
0 0.064316 0.455288 0.067094 0.017788
0 0.014316 0.449159 0.027778 0.033894
0 0.132692 0.430409 0.053419 0.007933
0 0.132906 0.455889 0.058974 0.016587
0 0.193803 0.430649 0.048291 0.018029
0 0.245513 0.429327 0.048291 0.024038
0 0.416026 0.515505 0.053419 0.025240
0 0.579487 0.639423 0.032479 0.066346
0 0.314103 0.452043 0.067521 0.021875
0 0.384402 0.450120 0.067094 0.020913
0 0.453419 0.447957 0.064103 0.021875
0 0.522009 0.449038 0.065385 0.023077
0 0.155556 0.877043 0.076068 0.021875
0 0.465385 0.749279 0.025641 0.040385
0 0.438889 0.749519 0.026496 0.039904
0 0.412393 0.753846 0.027350 0.034135
0 0.376068 0.753726 0.034188 0.036779
0 0.254060 0.452764 0.046581 0.020913
0 0.471795 0.513942 0.048718 0.026442
0 0.537179 0.513101 0.066667 0.022356
0 0.603205 0.513582 0.061966 0.020433
0 0.369017 0.578606 0.050855 0.023558
0 0.423504 0.578486 0.051282 0.020433
0 0.471368 0.552764 0.052991 0.019471
0 0.475855 0.577644 0.047436 0.024038
0 0.535470 0.577885 0.067521 0.024519
0 0.651496 0.577163 0.059402 0.023077
0 0.712821 0.575361 0.064957 0.024760
0 0.760256 0.573438 0.027350 0.026202
0 0.827350 0.570793 0.020513 0.023798
0 0.324359 0.571034 0.036752 0.023317
0 0.856410 0.567668 0.031624 0.028125
0 0.895299 0.566466 0.017949 0.027163
0 0.920299 0.569712 0.027778 0.026923
0 0.947650 0.568510 0.026068 0.023077
0 0.972436 0.568630 0.023504 0.022837
0 0.991667 0.570192 0.012393 0.025962
0 0.018803 0.651082 0.037607 0.056010
0 0.060470 0.650120 0.038889 0.056010
0 0.108333 0.651202 0.042308 0.056731
0 0.154060 0.649038 0.040598 0.055769
0 0.879915 0.566707 0.011111 0.026683
0 0.940171 0.367548 0.024786 0.019712
0 0.252778 0.582212 0.053419 0.027404
0 0.195726 0.584375 0.055556 0.021154
0 0.670085 0.512861 0.064103 0.021875
0 0.733333 0.511418 0.058974 0.021394
0 0.796795 0.510096 0.065385 0.021635
0 0.662607 0.641346 0.040598 0.062981
0 0.841239 0.501803 0.026923 0.031971
0 0.707051 0.638822 0.042308 0.062260
0 0.779274 0.638702 0.038889 0.052404
0 0.817949 0.639423 0.029915 0.054327
0 0.854274 0.637861 0.043590 0.054087
0 0.200427 0.566106 0.057265 0.006250
0 0.915812 0.648438 0.028205 0.035337
0 0.971368 0.647716 0.016239 0.032452
0 0.874359 0.503365 0.029915 0.031731
0 0.906838 0.500721 0.019658 0.037019
0 0.928632 0.501322 0.020513 0.038221
0 0.949786 0.501683 0.020940 0.038942
0 0.026496 0.587139 0.050427 0.025721
0 0.092521 0.580769 0.044872 0.030288
0 0.129274 0.575721 0.024359 0.029808
0 0.154487 0.573197 0.021795 0.032452
0 0.949145 0.648678 0.023932 0.032452
0 0.218803 0.650120 0.070085 0.045433
0 0.915812 0.366346 0.023077 0.020192
0 0.811966 0.367668 0.032479 0.038702
0 0.711325 0.810937 0.047436 0.037740
0 0.658120 0.812861 0.049573 0.039183
0 0.604487 0.814663 0.050855 0.037500
0 0.545726 0.814904 0.055556 0.037981
0 0.486111 0.816346 0.054274 0.037981
0 0.431197 0.807813 0.047863 0.036779
0 0.377137 0.816226 0.052564 0.037740
0 0.325214 0.816947 0.052137 0.039183
0 0.268590 0.821394 0.051709 0.039904
0 0.214530 0.820433 0.047863 0.037981
0 0.262393 0.898438 0.039316 0.034856
0 0.226709 0.885457 0.029487 0.041106
0 0.064103 0.889543 0.071795 0.051202
0 0.148291 0.904327 0.070940 0.029808
0 0.018162 0.798438 0.036325 0.034856
0 0.015385 0.832692 0.030769 0.024519
0 0.070085 0.824880 0.055556 0.033894
0 0.141453 0.826803 0.073504 0.026683
0 0.138248 0.800000 0.073932 0.025962
0 0.761752 0.805769 0.047436 0.040865
0 0.823932 0.811418 0.051282 0.038221
0 0.877137 0.808894 0.054274 0.036538
0 0.931838 0.809736 0.050855 0.038221
0 0.964957 0.884375 0.070085 0.030769
0 0.891239 0.887981 0.050855 0.032692
0 0.840598 0.888822 0.047009 0.034375
0 0.802564 0.898558 0.023077 0.016827
0 0.800641 0.878486 0.026068 0.015144
0 0.769658 0.882812 0.032479 0.016587
0 0.772436 0.902284 0.032906 0.018029
0 0.734615 0.878486 0.028205 0.039183
0 0.702137 0.878486 0.023077 0.036298
0 0.979915 0.738702 0.038462 0.050962
0 0.666667 0.891707 0.046154 0.033894
0 0.587821 0.892067 0.039744 0.033173
0 0.547436 0.894591 0.040171 0.033413
0 0.507692 0.892548 0.035897 0.034615
0 0.467521 0.894712 0.037607 0.034615
0 0.426068 0.896995 0.041880 0.033894
0 0.385470 0.894712 0.034188 0.033173
0 0.344658 0.898317 0.044017 0.033654
0 0.304060 0.898558 0.033761 0.036058
0 0.979274 0.807332 0.040598 0.041106
0 0.626496 0.887620 0.032479 0.026202
0 0.942735 0.736779 0.029915 0.049519
0 0.908974 0.740144 0.028205 0.040385
0 0.881624 0.744832 0.020513 0.038702
0 0.147436 0.383534 0.045299 0.028125
0 0.189530 0.379207 0.036325 0.016587
0 0.224786 0.378486 0.030769 0.015144
0 0.263248 0.378606 0.031624 0.018269
0 0.298932 0.378245 0.032906 0.017548
0 0.340598 0.378365 0.033333 0.027404
0 0.375000 0.377885 0.033761 0.024519
0 0.418803 0.376563 0.032479 0.021875
0 0.453846 0.377644 0.031624 0.021635
0 0.096581 0.381611 0.052137 0.031971
0 0.485256 0.375841 0.028632 0.023317
0 0.550641 0.373437 0.027778 0.021875
0 0.580983 0.372596 0.026923 0.019231
0 0.605983 0.370192 0.020513 0.025000
0 0.626923 0.370673 0.015385 0.023558
0 0.672863 0.372716 0.022650 0.040625
0 0.697863 0.362380 0.017094 0.032933
0 0.718162 0.366707 0.019231 0.029567
0 0.744658 0.359976 0.032051 0.058894
0 0.778419 0.361058 0.031197 0.060096
0 0.518162 0.374159 0.032906 0.025240
0 0.850641 0.369832 0.038889 0.037740
0 0.044017 0.384976 0.045299 0.028125
0 0.544231 0.654687 0.033761 0.034375
0 0.854060 0.740024 0.026923 0.048317
0 0.789103 0.756130 0.099573 0.017548
0 0.785256 0.736058 0.101282 0.017788
0 0.694444 0.761298 0.079487 0.012500
0 0.693376 0.746875 0.082479 0.012981
0 0.604274 0.743269 0.082906 0.013462
0 0.607479 0.757091 0.085043 0.012260
0 0.518803 0.749159 0.076923 0.012260
0 0.519444 0.762861 0.078205 0.013221
0 0.540385 0.622596 0.030342 0.021154
0 0.467521 0.697837 0.030769 0.011058
0 0.461966 0.723558 0.024786 0.009135
0 0.296154 0.651202 0.081197 0.043269
0 0.363248 0.652885 0.043590 0.026442
0 0.413034 0.648438 0.034615 0.049279
0 0.451496 0.645913 0.038889 0.051442
0 0.503632 0.652885 0.041453 0.037500
0 0.462607 0.711899 0.026068 0.011779
0 0.077137 0.748197 0.067094 0.020913
