0 0.866406 0.579688 0.090104 0.059375
0 0.865625 0.644727 0.086458 0.057422
0 0.957292 0.576562 0.084375 0.060156
0 0.941927 0.474414 0.057813 0.066016
0 0.879687 0.476953 0.057292 0.064844
0 0.822396 0.481055 0.054167 0.066016
0 0.760938 0.483984 0.057292 0.064062
0 0.695312 0.488281 0.066667 0.064062
0 0.770052 0.574023 0.090104 0.068359
0 0.772917 0.648047 0.091667 0.073438
0 0.675781 0.579102 0.090104 0.070703
0 0.619271 0.489453 0.053125 0.057031
0 0.956250 0.638281 0.086458 0.053906
0 0.176563 0.156055 0.066667 0.070703
0 0.863802 0.761719 0.090104 0.067187
0 0.564844 0.492773 0.043229 0.063672
0 0.867969 0.831445 0.088021 0.062109
0 0.957031 0.824023 0.071354 0.063672
0 0.958854 0.891406 0.080208 0.064844
0 0.870313 0.898828 0.083333 0.064844
0 0.778385 0.906250 0.090104 0.071875
0 0.689583 0.912891 0.075000 0.070312
0 0.680208 0.650781 0.086458 0.067969
0 0.758594 0.311719 0.059896 0.063281
0 0.102344 0.154297 0.071354 0.071094
0 0.877865 0.309766 0.051562 0.064844
0 0.936458 0.308008 0.055208 0.065234
0 0.953646 0.752734 0.079167 0.071094
0 0.639583 0.425391 0.046875 0.054688
0 0.421354 0.435352 0.053125 0.052734
0 0.507552 0.498437 0.063021 0.065625
0 0.694792 0.318359 0.054167 0.063281
0 0.680729 0.251758 0.063542 0.054297
0 0.633073 0.318945 0.058854 0.064453
0 0.599219 0.262891 0.048438 0.039844
0 0.536719 0.261328 0.054688 0.038281
0 0.480990 0.262500 0.042188 0.040625
0 0.426302 0.259375 0.058854 0.054688
0 0.430990 0.325391 0.065104 0.066406
0 0.498437 0.321289 0.061458 0.069141
0 0.563542 0.321289 0.063542 0.073047
0 0.362760 0.324414 0.059896 0.073828
0 0.295052 0.324609 0.066146 0.078125
0 0.227604 0.327148 0.061458 0.069922
0 0.226042 0.272070 0.058333 0.033984
0 0.530990 0.432031 0.054688 0.047656
0 0.151302 0.329297 0.072396 0.074219
0 0.079167 0.333594 0.066667 0.073438
0 0.021615 0.333203 0.043229 0.078125
0 0.088281 0.447070 0.072396 0.058984
0 0.080469 0.514844 0.103646 0.064844
0 0.168490 0.509375 0.065104 0.067187
0 0.161458 0.438086 0.065625 0.067578
0 0.233073 0.436523 0.070312 0.066016
0 0.303125 0.435937 0.062500 0.063281
0 0.240104 0.508398 0.069792 0.068359
0 0.309896 0.504297 0.058333 0.066406
0 0.376302 0.502539 0.065104 0.066016
0 0.367188 0.438477 0.048958 0.055078
0 0.984375 0.305859 0.029167 0.058594
0 0.442708 0.500195 0.059375 0.065234
0 0.159896 0.272852 0.060417 0.030078
0 0.586979 0.154492 0.063542 0.073047
0 0.817187 0.311914 0.051042 0.065234
0 0.715365 0.153711 0.057813 0.062891
0 0.200000 0.766211 0.095833 0.053516
0 0.204948 0.833594 0.091146 0.062500
0 0.210677 0.898438 0.095312 0.056250
0 0.214062 0.961523 0.098958 0.060547
0 0.108854 0.972070 0.101042 0.055078
0 0.652344 0.152344 0.059896 0.067187
0 0.104948 0.844727 0.103646 0.056641
0 0.095312 0.776953 0.104167 0.064062
0 0.086979 0.695312 0.102083 0.060156
0 0.080990 0.621094 0.100521 0.073438
0 0.192448 0.689063 0.098437 0.064844
0 0.187240 0.613086 0.104688 0.068359
0 0.295052 0.682227 0.097396 0.063672
0 0.290885 0.608008 0.094271 0.071484
0 0.304948 0.789648 0.100521 0.093359
0 0.392708 0.669922 0.092708 0.071094
0 0.484375 0.587305 0.092708 0.076172
0 0.490625 0.664258 0.092708 0.069141
0 0.586979 0.661914 0.095833 0.062109
0 0.582552 0.593359 0.091146 0.066406
0 0.040104 0.091211 0.063542 0.051953
0 0.110937 0.088086 0.063542 0.051953
0 0.180208 0.093359 0.066667 0.050781
0 0.249740 0.094922 0.061979 0.046875
0 0.317448 0.092773 0.063021 0.044922
0 0.031250 0.155859 0.062500 0.074219
0 0.457292 0.156641 0.058333 0.071875
0 0.389583 0.155664 0.061458 0.077734
0 0.319792 0.155859 0.067708 0.074219
0 0.247917 0.157812 0.065625 0.071094
0 0.388281 0.594141 0.094271 0.073438
0 0.310156 0.873437 0.096354 0.069531
0 0.107031 0.908594 0.100521 0.060156
0 0.412500 0.943750 0.094792 0.075000
0 0.778385 0.153516 0.059896 0.067969
0 0.840625 0.152148 0.056250 0.062891
0 0.900260 0.150977 0.053646 0.060547
0 0.962240 0.154102 0.056771 0.054297
0 0.929167 0.100586 0.052083 0.030859
0 0.869531 0.092188 0.051562 0.049219
0 0.313802 0.950586 0.093229 0.075391
0 0.758594 0.092188 0.055729 0.045312
0 0.695573 0.093555 0.052604 0.042578
0 0.632552 0.094727 0.050521 0.042578
0 0.574219 0.093164 0.054688 0.041797
0 0.510677 0.094922 0.061979 0.050781
0 0.447917 0.093359 0.057292 0.047656
0 0.522656 0.155078 0.060937 0.067187
0 0.816406 0.094336 0.047396 0.044141
0 0.688281 0.840039 0.075521 0.070703
0 0.772135 0.755469 0.086979 0.075000
0 0.775260 0.830859 0.089063 0.067969
0 0.682292 0.761523 0.080208 0.079297
0 0.509115 0.934570 0.088021 0.067578
0 0.603906 0.928320 0.090104 0.060547
0 0.602083 0.860547 0.090625 0.066406
0 0.406250 0.858594 0.092708 0.084375
0 0.499219 0.787891 0.089063 0.076563
0 0.504948 0.864844 0.090104 0.065625
0 0.594271 0.781836 0.087500 0.087109
