0 0.765472 0.385417 0.026654 0.145833
0 0.734835 0.387663 0.027267 0.141340
0 0.703891 0.387663 0.031556 0.140523
0 0.798713 0.388072 0.029412 0.142974
0 0.828738 0.412786 0.028186 0.097631
0 0.853401 0.411356 0.015625 0.102941
0 0.674632 0.407067 0.022672 0.104984
0 0.914062 0.406046 0.027267 0.121732
0 0.940870 0.407475 0.021446 0.127042
0 0.967065 0.428513 0.015625 0.081699
0 0.137868 0.577206 0.054534 0.170752
0 0.063572 0.151348 0.039522 0.113971
0 0.191942 0.576389 0.047488 0.172386
0 0.101256 0.149306 0.027267 0.131127
0 0.130821 0.154208 0.024510 0.122141
0 0.169577 0.136234 0.050551 0.162990
0 0.218903 0.136234 0.041360 0.181781
0 0.264706 0.143382 0.041667 0.186275
0 0.307751 0.226307 0.037684 0.093954
0 0.612745 0.387868 0.034314 0.052696
0 0.296569 0.510212 0.043505 0.071078
0 0.245864 0.581495 0.045650 0.164624
0 0.080882 0.565564 0.053922 0.205474
0 0.024969 0.571895 0.049939 0.192810
0 0.566023 0.388889 0.034620 0.064542
0 0.154105 0.346814 0.051471 0.178105
0 0.492647 0.387868 0.026961 0.052696
0 0.909773 0.282680 0.020527 0.066176
0 0.670343 0.224469 0.025735 0.132761
0 0.566636 0.272876 0.027880 0.075980
0 0.524357 0.265523 0.028493 0.061275
0 0.497396 0.270833 0.015012 0.053105
0 0.465380 0.244485 0.036152 0.071487
0 0.427237 0.246119 0.021752 0.076389
0 0.392157 0.236111 0.039216 0.088235
0 0.349877 0.232026 0.038603 0.088235
0 0.880515 0.279412 0.022059 0.070261
0 0.856158 0.276552 0.016850 0.069444
0 0.820312 0.262255 0.035233 0.067810
0 0.793352 0.262255 0.016850 0.065359
0 0.526654 0.392157 0.033088 0.055556
0 0.763787 0.228554 0.033701 0.132761
0 0.709099 0.223856 0.029718 0.139706
0 0.929841 0.256944 0.012868 0.125817
0 0.992800 0.284926 0.013787 0.089461
0 0.042739 0.341299 0.051777 0.188317
0 0.098958 0.344363 0.050245 0.183824
0 0.202972 0.379698 0.041360 0.124592
0 0.251072 0.416667 0.041973 0.058007
0 0.296569 0.370711 0.041054 0.069036
0 0.343290 0.369894 0.035233 0.073121
0 0.377298 0.373570 0.025429 0.080474
0 0.593903 0.275940 0.020527 0.063317
0 0.411305 0.383987 0.034007 0.066993
0 0.457108 0.386029 0.037990 0.056373
0 0.733915 0.235907 0.017463 0.115605
0 0.305453 0.643791 0.042892 0.090686
0 0.992647 0.543913 0.013480 0.110703
0 0.395987 0.638072 0.035233 0.075980
0 0.785692 0.752859 0.031556 0.109477
0 0.765778 0.664420 0.049326 0.064951
0 0.749081 0.758374 0.030025 0.111520
0 0.714001 0.746119 0.035846 0.142565
0 0.672947 0.749592 0.041360 0.142157
0 0.631740 0.753472 0.028186 0.147467
0 0.599265 0.782680 0.033088 0.093954
0 0.559896 0.780025 0.024203 0.100082
0 0.519301 0.797998 0.042892 0.095997
0 0.353554 0.642770 0.045956 0.087827
0 0.471048 0.803309 0.045650 0.095997
0 0.415135 0.808619 0.017770 0.100899
0 0.391238 0.815768 0.027574 0.086601
0 0.358303 0.839257 0.029105 0.050245
0 0.324755 0.822712 0.028186 0.083333
0 0.282475 0.830474 0.033088 0.089052
0 0.242494 0.835784 0.034620 0.089052
0 0.205576 0.853554 0.028799 0.063317
0 0.172488 0.862132 0.032475 0.073938
0 0.131281 0.860294 0.047488 0.082516
0 0.432904 0.810458 0.013480 0.092320
0 0.081955 0.864583 0.046262 0.084559
0 0.857077 0.737949 0.026654 0.128676
0 0.924632 0.727328 0.024510 0.122958
0 0.968290 0.865400 0.022365 0.125408
0 0.940411 0.877042 0.032169 0.112745
0 0.878217 0.894199 0.051164 0.116013
0 0.821385 0.894199 0.052696 0.146242
0 0.763787 0.893995 0.021446 0.125408
0 0.741881 0.905229 0.021752 0.144608
0 0.719975 0.910539 0.015931 0.147876
0 0.698836 0.911560 0.021446 0.147467
0 0.674786 0.920139 0.021140 0.148284
0 0.894148 0.734069 0.029105 0.124183
0 0.646906 0.922590 0.029105 0.146650
0 0.575827 0.934232 0.030331 0.131536
0 0.544118 0.933824 0.030637 0.126634
0 0.510417 0.935049 0.025123 0.124183
0 0.439645 0.940972 0.036765 0.118056
0 0.395527 0.944853 0.033701 0.110294
0 0.327665 0.950368 0.021752 0.091095
0 0.290135 0.964052 0.024510 0.071895
0 0.975643 0.722222 0.032782 0.120098
0 0.947304 0.724265 0.018382 0.128268
0 0.611520 0.929534 0.035539 0.140931
0 0.032475 0.871936 0.050858 0.078023
0 0.823529 0.744485 0.037377 0.123775
0 0.580882 0.629085 0.037990 0.075163
0 0.616115 0.629085 0.026961 0.077614
0 0.787684 0.545343 0.037377 0.121732
0 0.606618 0.518995 0.047794 0.080474
0 0.565411 0.514502 0.030944 0.078023
0 0.526501 0.516544 0.042586 0.082925
0 0.489737 0.506944 0.029105 0.066993
0 0.443627 0.512868 0.036765 0.078840
0 0.390778 0.507761 0.034620 0.075980
0 0.826900 0.546569 0.024510 0.112745
0 0.740043 0.546364 0.037684 0.115605
0 0.891238 0.546160 0.025735 0.113562
0 0.867494 0.560049 0.018076 0.094771
0 0.484069 0.639093 0.022059 0.064134
0 0.452053 0.638276 0.033395 0.073121
0 0.685509 0.592320 0.048100 0.037582
0 0.969822 0.545139 0.025429 0.113154
0 0.940104 0.547386 0.021752 0.112745
0 0.914369 0.544118 0.016238 0.115196
0 0.021599 0.127451 0.033395 0.159314
0 0.525276 0.642565 0.048713 0.075163
