0 0.468954 0.120864 0.082516 0.054228
0 0.599060 0.443781 0.085376 0.030331
0 0.288807 0.113664 0.084967 0.064951
0 0.291258 0.052237 0.089869 0.056679
0 0.183007 0.107690 0.074346 0.055453
0 0.552288 0.064185 0.066176 0.058517
0 0.554534 0.123315 0.067402 0.059130
0 0.635621 0.066330 0.075980 0.059743
0 0.379698 0.061428 0.079657 0.049939
0 0.629289 0.126991 0.074755 0.060968
0 0.714052 0.127911 0.068627 0.056679
0 0.827206 0.135723 0.130719 0.055760
0 0.952614 0.096354 0.093954 0.041360
0 0.952819 0.143382 0.094363 0.040441
0 0.097018 0.143536 0.082108 0.278493
0 0.130106 0.401961 0.044526 0.085172
0 0.755310 0.071232 0.072712 0.055453
0 0.520221 0.443168 0.058415 0.026654
0 0.377451 0.118260 0.086601 0.056985
0 0.052083 0.329044 0.104167 0.036152
0 0.434436 0.258578 0.077206 0.049632
0 0.506536 0.259651 0.064542 0.045650
0 0.598039 0.257659 0.071895 0.053309
0 0.680964 0.225797 0.080882 0.042892
0 0.689542 0.269148 0.075980 0.034007
0 0.763276 0.222886 0.069853 0.048100
0 0.052696 0.364430 0.101307 0.031556
0 0.767770 0.269301 0.064134 0.042892
0 0.839461 0.268076 0.065359 0.042892
0 0.910743 0.225490 0.062500 0.042279
0 0.909722 0.270527 0.067810 0.045343
0 0.465891 0.064951 0.087827 0.054534
0 0.288807 0.756893 0.050654 0.032169
0 0.022263 0.467678 0.044526 0.083640
0 0.839052 0.225797 0.068627 0.039828
0 0.518178 0.492188 0.069036 0.040135
0 0.443423 0.491115 0.069036 0.046569
0 0.440359 0.439032 0.062908 0.023897
0 0.172181 0.363511 0.034722 0.063419
0 0.230392 0.361826 0.072712 0.065564
0 0.309436 0.351869 0.069853 0.095895
0 0.391748 0.353707 0.077614 0.090993
0 0.469771 0.356158 0.072712 0.095895
0 0.544322 0.332261 0.054330 0.040135
0 0.076593 0.532935 0.060049 0.298100
0 0.542484 0.375306 0.053922 0.044730
0 0.619690 0.382659 0.070261 0.045343
0 0.693015 0.341912 0.071487 0.045343
0 0.694240 0.386489 0.066585 0.041973
0 0.768587 0.340686 0.069036 0.045343
0 0.763685 0.386489 0.063317 0.041973
0 0.841708 0.343137 0.066585 0.047794
0 0.621119 0.337776 0.069853 0.039522
0 0.034926 0.212623 0.036356 0.156250
0 0.029003 0.082567 0.035948 0.097733
0 0.142770 0.852941 0.054330 0.061887
0 0.367034 0.475797 0.065768 0.055147
0 0.287173 0.487286 0.066176 0.041973
0 0.284109 0.441942 0.082925 0.032169
0 0.190564 0.477175 0.055964 0.066483
0 0.975694 0.343903 0.046977 0.046262
0 0.969363 0.389246 0.060458 0.038909
0 0.902982 0.389093 0.061683 0.038603
0 0.912990 0.340839 0.070261 0.045650
0 0.838031 0.390319 0.062500 0.038603
0 0.141953 0.478860 0.041258 0.058824
0 0.152982 0.547028 0.066585 0.071385
0 0.150327 0.609375 0.050654 0.042279
0 0.145016 0.653952 0.058824 0.038909
0 0.156250 0.706495 0.065768 0.051471
0 0.152574 0.780790 0.062500 0.076900
0 0.361928 0.255668 0.066176 0.046262
0 0.507761 0.209865 0.070261 0.050245
0 0.054126 0.774203 0.044526 0.058211
0 0.364992 0.208487 0.061683 0.047488
0 0.653799 0.546875 0.064134 0.020833
0 0.775531 0.579197 0.113154 0.076900
0 0.891953 0.578431 0.103350 0.072917
0 0.273489 0.689491 0.124592 0.037071
0 0.393995 0.694853 0.112337 0.036765
0 0.511846 0.647978 0.086601 0.018382
0 0.593342 0.546262 0.055147 0.017157
0 0.604575 0.652574 0.089052 0.027574
0 0.599673 0.693781 0.082516 0.048713
0 0.434641 0.207721 0.070261 0.045956
0 0.893995 0.687040 0.095997 0.046262
0 0.221201 0.753523 0.061683 0.033395
0 0.341299 0.781863 0.047794 0.031250
0 0.433824 0.752145 0.068627 0.030637
0 0.509600 0.692249 0.085376 0.040135
0 0.440155 0.786152 0.062500 0.034314
0 0.535948 0.545496 0.052288 0.015625
0 0.612132 0.583487 0.059232 0.038297
0 0.585784 0.486826 0.066176 0.052083
0 0.691176 0.448989 0.082516 0.038297
0 0.688317 0.492800 0.069444 0.047488
0 0.778595 0.444240 0.074346 0.028799
0 0.789420 0.492034 0.088644 0.053922
0 0.911765 0.440870 0.102124 0.022059
0 0.674428 0.583487 0.063725 0.040748
0 0.892157 0.466452 0.115196 0.022365
0 0.022263 0.575674 0.044526 0.072917
0 0.300449 0.551471 0.092729 0.013480
0 0.303309 0.583487 0.083742 0.043811
0 0.420547 0.552083 0.135212 0.031250
0 0.434232 0.592525 0.129085 0.044730
0 0.545139 0.579657 0.066585 0.038603
0 0.925245 0.499081 0.110294 0.037377
0 0.511234 0.753983 0.073938 0.034314
0 0.787377 0.683977 0.099265 0.048713
0 0.770629 0.776042 0.101716 0.030637
0 0.875817 0.779565 0.093137 0.032782
0 0.878676 0.747855 0.098856 0.028186
0 0.976103 0.693474 0.047794 0.034007
0 0.772672 0.745711 0.100082 0.026348
0 0.973243 0.746324 0.052696 0.030637
0 0.674020 0.784467 0.085784 0.034007
0 0.667279 0.748315 0.091095 0.034620
0 0.589257 0.783854 0.065768 0.035233
0 0.585784 0.741422 0.062092 0.017770
0 0.513276 0.786305 0.070670 0.032169
0 0.972426 0.781403 0.055147 0.038909
0 0.202410 0.232384 0.064951 0.082414
0 0.284518 0.232996 0.076389 0.087929
0 0.209967 0.583333 0.039216 0.049020
0 0.972835 0.658088 0.051879 0.033088
