0 0.689338 0.677492 0.037990 0.063317
0 0.729167 0.681985 0.037990 0.063317
0 0.786612 0.683824 0.071998 0.063725
0 0.614277 0.679534 0.037990 0.063317
0 0.506434 0.812296 0.050245 0.066585
0 0.606618 0.782067 0.034314 0.040441
0 0.643382 0.784109 0.034926 0.041258
0 0.682138 0.834967 0.035846 0.028595
0 0.720129 0.831291 0.035846 0.028595
0 0.757506 0.837418 0.035846 0.028595
0 0.683670 0.805556 0.035846 0.028595
0 0.721354 0.801879 0.035846 0.028595
0 0.759651 0.807598 0.035846 0.028595
0 0.754136 0.755719 0.035846 0.028595
0 0.841605 0.801062 0.060049 0.111928
0 0.641850 0.827410 0.034314 0.040441
0 0.859375 0.682190 0.069853 0.067810
0 0.604933 0.823325 0.034007 0.040441
0 0.960325 0.681168 0.038297 0.069036
0 0.560202 0.817402 0.051164 0.066993
0 0.250919 0.820670 0.052083 0.063725
0 0.197304 0.815768 0.050858 0.063725
0 0.145527 0.812092 0.049020 0.059641
0 0.071691 0.025327 0.072917 0.050654
0 0.457414 0.698325 0.052083 0.064951
0 0.916973 0.683007 0.043505 0.072712
0 0.896293 0.802288 0.045650 0.107843
0 0.349877 0.695057 0.052083 0.064951
0 0.296569 0.697100 0.052083 0.064951
0 0.242647 0.697100 0.052083 0.064951
0 0.180607 0.699551 0.056679 0.063317
0 0.371936 0.812704 0.052083 0.070670
0 0.990349 0.677696 0.018689 0.068627
0 0.403799 0.695466 0.052083 0.064951
0 0.939491 0.801471 0.037684 0.106209
0 0.138327 0.024918 0.031556 0.049837
0 0.441483 0.253676 0.028799 0.050654
0 0.327053 0.138276 0.079350 0.115605
0 0.397672 0.171773 0.057598 0.050245
0 0.397365 0.117239 0.058211 0.053922
0 0.475337 0.150123 0.092218 0.098448
0 0.561887 0.172794 0.059436 0.052288
0 0.607843 0.167075 0.027574 0.066176
0 0.664675 0.161969 0.037684 0.075572
0 0.706495 0.155433 0.039828 0.085376
0 0.666820 0.102124 0.037071 0.036765
0 0.751991 0.138276 0.047488 0.124592
0 0.804228 0.172181 0.033701 0.063317
0 0.880208 0.154616 0.047794 0.092729
0 0.963235 0.155842 0.041667 0.089461
0 0.037990 0.286356 0.075980 0.079248
0 0.114277 0.285335 0.075980 0.078840
0 0.245711 0.140727 0.074755 0.107435
0 0.979933 0.799224 0.038909 0.107435
0 0.186581 0.155229 0.041667 0.074346
0 0.057445 0.151144 0.059130 0.080065
0 0.441023 0.306577 0.033395 0.050245
0 0.350643 0.278595 0.054228 0.102941
0 0.283088 0.278391 0.077819 0.104167
0 0.191942 0.289216 0.075674 0.079248
0 0.632659 0.029820 0.036152 0.058007
0 0.669884 0.029412 0.035233 0.058007
0 0.711703 0.029003 0.041054 0.058007
0 0.754902 0.029003 0.039828 0.058007
0 0.795037 0.028799 0.035539 0.057598
0 0.843903 0.028595 0.045650 0.057190
0 0.888480 0.027982 0.038603 0.055964
0 0.927543 0.028186 0.037071 0.056373
0 0.567402 0.605596 0.052083 0.064134
0 0.967831 0.028186 0.037377 0.056373
0 0.013174 0.148897 0.026348 0.081291
0 0.119332 0.152369 0.059130 0.080065
0 0.513480 0.603554 0.052083 0.064134
0 0.101409 0.815564 0.036152 0.063317
0 0.339461 0.604371 0.057598 0.069036
0 0.576593 0.306577 0.056985 0.055147
0 0.654105 0.278799 0.052696 0.112337
0 0.738051 0.279208 0.034926 0.106618
0 0.781403 0.297998 0.043199 0.076389
0 0.783854 0.238971 0.045650 0.039216
0 0.822304 0.293709 0.028186 0.077614
0 0.868260 0.293301 0.042892 0.080065
0 0.910692 0.294118 0.038297 0.081699
0 0.176624 0.502655 0.051777 0.070670
0 0.983915 0.420752 0.032169 0.116013
0 0.942555 0.432598 0.041360 0.093954
0 0.897059 0.418096 0.047181 0.126225
0 0.848192 0.422181 0.043811 0.105801
0 0.795343 0.415441 0.056985 0.114379
0 0.748928 0.423815 0.031556 0.102533
0 0.713542 0.428922 0.036152 0.096405
0 0.627145 0.411356 0.052083 0.103758
0 0.572917 0.425041 0.054534 0.050245
0 0.502145 0.403391 0.085172 0.087827
0 0.414982 0.402165 0.087316 0.091095
0 0.343597 0.421773 0.053615 0.046977
0 0.287990 0.406658 0.055760 0.074755
0 0.459099 0.604779 0.051777 0.064134
0 0.852175 0.240400 0.041973 0.022467
0 0.903033 0.235294 0.040135 0.028595
0 0.037531 0.400735 0.065257 0.079248
0 0.109528 0.401961 0.076287 0.075163
0 0.175092 0.405637 0.049939 0.072712
0 0.229626 0.408292 0.055453 0.074755
0 0.502451 0.285335 0.088235 0.093546
0 0.227328 0.503881 0.046569 0.069853
0 0.699295 0.293505 0.036458 0.080474
0 0.649816 0.547794 0.031863 0.090686
0 0.988205 0.553717 0.023591 0.096814
0 0.867800 0.547181 0.051777 0.107435
0 0.817862 0.550245 0.041360 0.093954
0 0.768995 0.548815 0.052696 0.099265
0 0.724571 0.549020 0.033701 0.093137
0 0.685662 0.547794 0.031863 0.090686
0 0.280944 0.511438 0.055147 0.070261
0 0.614737 0.546977 0.032169 0.090686
0 0.570925 0.512663 0.053002 0.070261
0 0.507812 0.514502 0.053002 0.070670
0 0.452819 0.508783 0.054534 0.073938
0 0.395987 0.508578 0.055453 0.071895
0 0.340227 0.507557 0.053615 0.064951
0 0.205729 0.025531 0.099571 0.051062
0 0.287224 0.026961 0.059743 0.053922
0 0.349112 0.026961 0.059743 0.053922
0 0.410999 0.026961 0.059743 0.053922
0 0.489124 0.029616 0.092218 0.059232
0 0.572763 0.030025 0.065870 0.060049
0 0.109222 0.600694 0.060968 0.065768
0 0.178922 0.600694 0.053309 0.069036
0 0.234835 0.602328 0.053002 0.069036
0 0.955423 0.555556 0.038909 0.093137
0 0.914675 0.554739 0.038909 0.093137
