0 0.162243 0.346514 0.124144 0.016587
0 0.203981 0.412740 0.117723 0.013942
0 0.782106 0.328846 0.056507 0.062981
0 0.162885 0.327043 0.118579 0.017548
0 0.160959 0.306731 0.130993 0.022115
0 0.717894 0.226562 0.106164 0.017067
0 0.200985 0.427885 0.120291 0.011538
0 0.751712 0.588101 0.025685 0.061298
0 0.557577 0.474159 0.111729 0.013221
0 0.438784 0.479087 0.108733 0.013462
0 0.316995 0.493870 0.116866 0.013221
0 0.317423 0.478486 0.116866 0.013221
0 0.702269 0.322115 0.081764 0.012981
0 0.677012 0.489543 0.116866 0.013221
0 0.558647 0.491707 0.117295 0.014183
0 0.609375 0.317788 0.092038 0.014423
0 0.923801 0.689663 0.036815 0.038942
0 0.605308 0.350962 0.091610 0.010096
0 0.697132 0.343029 0.087757 0.023558
0 0.508134 0.349159 0.102740 0.016106
0 0.288527 0.345913 0.119007 0.017788
0 0.290882 0.328606 0.118579 0.012019
0 0.290668 0.307572 0.114726 0.015625
0 0.405394 0.308413 0.097603 0.012500
0 0.405608 0.327885 0.093750 0.015865
0 0.405608 0.348317 0.098031 0.017788
0 0.509204 0.329688 0.096318 0.017067
0 0.507705 0.310697 0.095034 0.016587
0 0.954623 0.692548 0.017123 0.030288
0 0.677654 0.475120 0.117295 0.013221
0 0.331336 0.401803 0.120719 0.012260
0 0.605736 0.335817 0.090753 0.013462
0 0.796661 0.476322 0.117295 0.013221
0 0.795163 0.492428 0.116866 0.013221
0 0.797731 0.508534 0.116866 0.013221
0 0.885060 0.536418 0.027825 0.037260
0 0.850171 0.533894 0.020548 0.028365
0 0.914170 0.528005 0.026113 0.024760
0 0.959332 0.531490 0.026541 0.026923
0 0.934289 0.137861 0.019264 0.057452
0 0.973031 0.139303 0.032534 0.048317
0 0.983091 0.213942 0.033818 0.017788
0 0.933005 0.231490 0.073202 0.016827
0 0.901541 0.313221 0.043664 0.014904
0 0.956122 0.314183 0.045805 0.021635
0 0.961901 0.335577 0.044521 0.016346
0 0.909675 0.337139 0.047089 0.018990
0 0.847817 0.323437 0.056079 0.071394
0 0.963399 0.401202 0.030394 0.039904
0 0.921661 0.403365 0.040240 0.042308
0 0.875214 0.403606 0.029538 0.042308
0 0.951413 0.473558 0.044949 0.031250
0 0.889341 0.469111 0.036387 0.025721
0 0.824914 0.588702 0.027397 0.062500
0 0.460830 0.587981 0.017551 0.068750
0 0.490582 0.587981 0.016267 0.079808
0 0.561216 0.564663 0.107877 0.019231
0 0.561216 0.583774 0.103596 0.014663
0 0.561216 0.597596 0.103596 0.011058
0 0.555009 0.614183 0.107449 0.016346
0 0.636986 0.590144 0.041096 0.057212
0 0.688356 0.589784 0.036815 0.055529
0 0.875428 0.615625 0.038527 0.051923
0 0.328125 0.416587 0.125428 0.011058
0 0.921875 0.610096 0.039812 0.048558
0 0.978382 0.608774 0.043236 0.047356
0 0.676584 0.506370 0.116866 0.013221
0 0.558861 0.507933 0.116866 0.012981
0 0.439854 0.505409 0.116866 0.013221
0 0.313784 0.507812 0.117295 0.013221
0 0.194135 0.506130 0.116866 0.013221
0 0.193279 0.492909 0.116010 0.009375
0 0.194777 0.479447 0.116438 0.009375
0 0.134204 0.579808 0.038955 0.075481
0 0.170805 0.582212 0.029966 0.075481
0 0.233733 0.589423 0.095890 0.015385
0 0.235873 0.604207 0.091610 0.009856
0 0.237800 0.616466 0.092038 0.011779
0 0.299658 0.582572 0.015411 0.074760
0 0.793236 0.589543 0.027397 0.063221
0 0.325771 0.583654 0.023973 0.068750
0 0.395976 0.598798 0.096747 0.011058
0 0.979024 0.691106 0.023116 0.029808
0 0.862586 0.690505 0.072774 0.041106
0 0.216824 0.672716 0.044949 0.062260
0 0.273759 0.677764 0.038955 0.072356
0 0.333904 0.674760 0.057363 0.063942
0 0.399401 0.613942 0.093322 0.012019
0 0.394050 0.671635 0.044949 0.069712
0 0.451627 0.665625 0.048801 0.057212
0 0.508776 0.673558 0.048373 0.066346
0 0.562928 0.672115 0.045377 0.070673
0 0.622003 0.673798 0.039384 0.069231
0 0.685360 0.674519 0.051370 0.070673
0 0.394692 0.581971 0.099315 0.013462
0 0.327483 0.430529 0.113014 0.012019
0 0.713185 0.246514 0.111301 0.015144
0 0.451841 0.411178 0.109161 0.011779
0 0.372860 0.131370 0.015411 0.087740
0 0.329623 0.148438 0.048801 0.054567
0 0.271832 0.150481 0.047945 0.051442
0 0.224529 0.149399 0.043236 0.054087
0 0.163099 0.144712 0.061644 0.054327
0 0.115582 0.154567 0.017979 0.033173
0 0.450985 0.395793 0.110017 0.014183
0 0.559289 0.130649 0.017551 0.095913
0 0.589683 0.131130 0.021832 0.094471
0 0.622646 0.131250 0.018408 0.094712
0 0.653039 0.134736 0.013271 0.094952
0 0.697774 0.135937 0.030822 0.085337
0 0.791096 0.129808 0.074486 0.104808
0 0.871575 0.133053 0.047945 0.093510
0 0.696704 0.395793 0.097175 0.016587
0 0.694349 0.412981 0.097603 0.013462
0 0.689426 0.430529 0.098887 0.014423
0 0.577483 0.412620 0.121575 0.014183
0 0.572988 0.430529 0.116866 0.014423
0 0.577697 0.392788 0.125428 0.017788
0 0.805865 0.396755 0.104880 0.014663
0 0.386344 0.130649 0.012414 0.086298
0 0.802012 0.413942 0.108305 0.016346
0 0.401113 0.130168 0.011986 0.090144
0 0.460402 0.131971 0.024401 0.088942
0 0.831978 0.265264 0.104024 0.016106
0 0.835188 0.244111 0.106164 0.015144
0 0.830908 0.225841 0.107021 0.012740
0 0.593536 0.263101 0.116866 0.016106
0 0.711687 0.261899 0.116866 0.016106
0 0.593108 0.244111 0.116866 0.016106
0 0.595248 0.225240 0.116866 0.016346
0 0.469606 0.223077 0.113870 0.014904
0 0.473245 0.241346 0.113442 0.014904
0 0.472603 0.262260 0.113870 0.014904
0 0.388913 0.238341 0.038955 0.056971
0 0.345676 0.240986 0.033818 0.059856
0 0.268193 0.241346 0.116866 0.018269
0 0.263699 0.259255 0.113014 0.016106
0 0.150471 0.259375 0.109161 0.015865
0 0.148116 0.238822 0.105308 0.016587
0 0.158176 0.221394 0.103168 0.011058
0 0.071062 0.215865 0.041096 0.071635
0 0.155394 0.200240 0.107877 0.016827
0 0.523116 0.133053 0.029966 0.083894
0 0.488656 0.130889 0.020976 0.081971
0 0.426370 0.133534 0.023973 0.084856
0 0.800728 0.431370 0.110873 0.015144
0 0.087329 0.154327 0.023116 0.035096
0 0.453125 0.428726 0.105736 0.013221
