0 0.017448 0.939063 0.033854 0.073438
0 0.829167 0.819336 0.026042 0.085547
0 0.171094 0.363281 0.047396 0.086719
0 0.122135 0.363672 0.043229 0.085938
0 0.075521 0.364258 0.045833 0.084766
0 0.025260 0.365039 0.045312 0.086328
0 0.307552 0.891016 0.033854 0.095312
0 0.343229 0.885742 0.032292 0.090234
0 0.159115 0.250000 0.046354 0.085938
0 0.378385 0.879687 0.036979 0.094531
0 0.484375 0.866602 0.030208 0.089453
0 0.520312 0.861719 0.033333 0.091406
0 0.553646 0.856836 0.030208 0.089453
0 0.583073 0.851758 0.026562 0.090234
0 0.616146 0.848242 0.027083 0.088672
0 0.660156 0.842969 0.054688 0.087500
0 0.448698 0.872461 0.034896 0.091797
0 0.705729 0.836328 0.029167 0.085938
0 0.108854 0.251172 0.048958 0.087500
0 0.015365 0.254102 0.030729 0.087109
0 0.876563 0.604492 0.041667 0.088672
0 0.827344 0.631836 0.050521 0.051953
0 0.747656 0.560937 0.065104 0.034375
0 0.772396 0.627930 0.048958 0.068359
0 0.624740 0.630273 0.050521 0.091797
0 0.572656 0.632617 0.043229 0.107422
0 0.057552 0.251953 0.047396 0.089063
0 0.529427 0.634375 0.035937 0.107813
0 0.452083 0.638281 0.032292 0.107813
0 0.408594 0.648438 0.048438 0.102344
0 0.359115 0.663672 0.043229 0.075000
0 0.318490 0.667578 0.032813 0.072656
0 0.290885 0.665039 0.019271 0.084766
0 0.254948 0.661133 0.051562 0.095703
0 0.488542 0.649609 0.036458 0.081250
0 0.916146 0.605469 0.035417 0.082031
0 0.737760 0.832422 0.026562 0.083594
0 0.800260 0.824805 0.026562 0.087109
0 0.102083 0.580469 0.040625 0.082812
0 0.146875 0.578516 0.041667 0.079687
0 0.191406 0.576172 0.036979 0.076563
0 0.011979 0.588672 0.023958 0.085156
0 0.051302 0.586133 0.047396 0.081641
0 0.040104 0.477539 0.042708 0.087109
0 0.202865 0.674805 0.039062 0.072266
0 0.088281 0.474219 0.045312 0.084375
0 0.180990 0.470508 0.045312 0.080859
0 0.082812 0.801562 0.044792 0.075000
0 0.034375 0.805273 0.043750 0.078516
0 0.028646 0.696484 0.050000 0.071875
0 0.078385 0.691992 0.041146 0.069141
0 0.121615 0.687109 0.038021 0.067969
0 0.135156 0.472266 0.041146 0.084375
0 0.769010 0.828906 0.030729 0.085938
0 0.161979 0.681836 0.036458 0.065234
0 0.169792 0.798828 0.035417 0.065625
0 0.967969 0.812305 0.064062 0.060547
0 0.857031 0.815039 0.023438 0.083203
0 0.885417 0.809961 0.022917 0.081641
0 0.916146 0.808008 0.026042 0.083984
0 0.918229 0.707422 0.034375 0.085938
0 0.782813 0.725781 0.051042 0.089063
0 0.128646 0.797656 0.038542 0.072656
0 0.826562 0.718945 0.033333 0.088672
0 0.398698 0.765820 0.030729 0.098047
0 0.365104 0.770117 0.031250 0.098828
0 0.331250 0.774805 0.033333 0.102734
0 0.293229 0.775586 0.035417 0.104297
0 0.252604 0.777734 0.037500 0.102344
0 0.209115 0.792383 0.041146 0.062109
0 0.872656 0.714453 0.049479 0.087500
0 0.882812 0.532422 0.059375 0.043750
0 0.678646 0.636328 0.052083 0.071875
0 0.976562 0.449414 0.046875 0.076172
0 0.765885 0.129297 0.040104 0.093750
0 0.715625 0.127930 0.052083 0.098047
0 0.643229 0.127148 0.058333 0.094141
0 0.282552 0.121680 0.066146 0.101953
0 0.544271 0.125391 0.064583 0.082812
0 0.466146 0.124805 0.037500 0.078516
0 0.362500 0.120313 0.065625 0.103906
0 0.209896 0.117578 0.063542 0.102344
0 0.142969 0.125781 0.054688 0.080469
0 0.086458 0.121289 0.053125 0.076172
0 0.973437 0.537695 0.052083 0.069141
0 0.267448 0.893750 0.036979 0.096094
0 0.224479 0.896094 0.038542 0.101562
0 0.182031 0.902148 0.036979 0.104297
0 0.142187 0.925000 0.040625 0.071094
0 0.100781 0.930664 0.038021 0.069141
0 0.059896 0.936914 0.039583 0.075391
0 0.739323 0.729297 0.026562 0.090625
0 0.707031 0.732031 0.030729 0.092188
0 0.674740 0.735156 0.030729 0.087500
0 0.639844 0.737891 0.031771 0.089063
0 0.605729 0.741211 0.031250 0.094141
0 0.571875 0.745898 0.034375 0.097266
0 0.535417 0.750195 0.032292 0.094922
0 0.501563 0.755078 0.032292 0.096875
0 0.464583 0.757227 0.036458 0.093359
0 0.429167 0.760938 0.026042 0.095312
0 0.546354 0.213867 0.050000 0.079297
0 0.813802 0.131836 0.041146 0.097266
0 0.036198 0.120313 0.041146 0.074219
0 0.916667 0.154102 0.059375 0.102734
0 0.910677 0.454883 0.054688 0.083203
0 0.846354 0.483398 0.063542 0.050391
0 0.785937 0.458789 0.046875 0.044141
0 0.723177 0.492773 0.078646 0.055859
0 0.623958 0.481641 0.077083 0.053125
0 0.860156 0.133789 0.046354 0.098047
0 0.390104 0.477539 0.070833 0.070703
0 0.312500 0.500977 0.075000 0.060547
0 0.240104 0.506055 0.064583 0.060547
0 0.979167 0.355469 0.041667 0.058594
0 0.921615 0.345313 0.068229 0.053906
0 0.846875 0.378906 0.047917 0.048438
0 0.786979 0.358984 0.066667 0.044531
0 0.486198 0.487305 0.083854 0.058203
0 0.623698 0.384961 0.076563 0.058203
0 0.853646 0.277344 0.068750 0.054688
0 0.697135 0.284766 0.064062 0.052344
0 0.980469 0.257812 0.039062 0.058594
0 0.625000 0.283594 0.070833 0.058594
0 0.492188 0.287109 0.084375 0.061719
0 0.391146 0.280273 0.081250 0.075391
0 0.975000 0.206445 0.050000 0.044141
0 0.313542 0.280469 0.071875 0.064844
0 0.489583 0.386328 0.070833 0.057031
0 0.714323 0.385547 0.075521 0.053125
0 0.393750 0.374023 0.078125 0.066797
0 0.927604 0.258789 0.063542 0.058203
