0 0.346814 0.965686 0.046569 0.020221
0 0.301062 0.902574 0.043301 0.015931
0 0.462418 0.941023 0.080882 0.074449
0 0.546773 0.939645 0.078023 0.074755
0 0.237132 0.308977 0.152369 0.104473
0 0.133987 0.307445 0.051471 0.107537
0 0.084150 0.308824 0.037582 0.098039
0 0.023693 0.307904 0.047386 0.105392
0 0.605188 0.914062 0.033088 0.032782
0 0.643587 0.917892 0.040441 0.029412
0 0.607639 0.960172 0.039624 0.032475
0 0.649101 0.960172 0.038399 0.030637
0 0.694649 0.910080 0.055964 0.030944
0 0.827410 0.939032 0.077206 0.073529
0 0.392157 0.959099 0.040033 0.034620
0 0.969771 0.938879 0.059641 0.076287
0 0.756127 0.919577 0.060458 0.037684
0 0.758783 0.958333 0.057598 0.036765
0 0.697712 0.956801 0.058007 0.034926
0 0.040237 0.539369 0.047794 0.097120
0 0.147467 0.192862 0.042484 0.098346
0 0.102737 0.190870 0.042075 0.100490
0 0.056781 0.189185 0.040033 0.100184
0 0.016136 0.189645 0.032271 0.098039
0 0.403391 0.191483 0.040441 0.098652
0 0.445261 0.195006 0.038399 0.093444
0 0.487337 0.193781 0.040850 0.097120
0 0.555351 0.184436 0.046160 0.112132
0 0.597222 0.194700 0.032680 0.092831
0 0.635825 0.192402 0.040441 0.094363
0 0.895425 0.917126 0.053922 0.048100
0 0.684028 0.227482 0.046977 0.022978
0 0.340278 0.310968 0.044118 0.099265
0 0.481209 0.312653 0.040850 0.096507
0 0.619690 0.428309 0.044935 0.091912
0 0.690564 0.428309 0.047794 0.091912
0 0.763480 0.428156 0.087418 0.088542
0 0.942402 0.426777 0.086601 0.088848
0 0.955678 0.311428 0.023284 0.094056
0 0.919526 0.306832 0.044935 0.100184
0 0.766544 0.307138 0.044526 0.103860
0 0.709150 0.304994 0.052288 0.106311
0 0.655842 0.310355 0.043709 0.098039
0 0.609477 0.309589 0.040850 0.099571
0 0.664828 0.536458 0.029003 0.094363
0 0.627042 0.535999 0.043301 0.090380
0 0.581699 0.541054 0.042484 0.091299
0 0.536152 0.537990 0.044526 0.094363
0 0.392974 0.309896 0.044118 0.103248
0 0.492851 0.536152 0.035539 0.096814
0 0.426879 0.537224 0.042484 0.095895
0 0.361520 0.534773 0.042484 0.090993
0 0.316789 0.535999 0.042075 0.093444
0 0.039216 0.423407 0.023693 0.100490
0 0.232843 0.428615 0.037582 0.092525
0 0.187704 0.429381 0.049428 0.094056
0 0.135621 0.428615 0.050654 0.092525
0 0.079861 0.428768 0.053513 0.092831
0 0.439542 0.428615 0.047386 0.092525
0 0.485294 0.427543 0.040850 0.093444
0 0.393995 0.930453 0.048611 0.015931
0 0.347018 0.946385 0.045343 0.015319
0 0.567198 0.308670 0.041258 0.100797
0 0.523080 0.309283 0.042892 0.100184
0 0.460172 0.534161 0.019199 0.092831
0 0.681781 0.202819 0.047386 0.022672
0 0.680760 0.177543 0.040441 0.024816
0 0.681168 0.151195 0.045343 0.024203
0 0.035948 0.750306 0.063725 0.069240
0 0.130310 0.742034 0.048203 0.055760
0 0.206699 0.749234 0.099673 0.067096
0 0.287173 0.749234 0.052288 0.073223
0 0.343954 0.748162 0.055556 0.074142
0 0.900123 0.840993 0.079657 0.079657
0 0.970792 0.839461 0.057598 0.079657
0 0.814134 0.839920 0.078431 0.077512
0 0.731209 0.839767 0.075980 0.077206
0 0.661560 0.820159 0.059232 0.037990
0 0.660539 0.858303 0.057190 0.037684
0 0.590891 0.838695 0.076389 0.075061
0 0.495098 0.839154 0.068627 0.072917
0 0.422998 0.839461 0.071487 0.070466
0 0.429330 0.745404 0.104575 0.071691
0 0.020833 0.845588 0.041667 0.073529
0 0.134395 0.839461 0.040850 0.058211
0 0.180556 0.850490 0.047386 0.058824
0 0.232843 0.844822 0.053922 0.071998
0 0.291258 0.844210 0.052288 0.073836
0 0.353145 0.832567 0.053513 0.065870
0 0.064338 0.930147 0.051062 0.025735
0 0.061275 0.964767 0.049020 0.024510
0 0.120915 0.956036 0.049837 0.043811
0 0.176062 0.940104 0.050654 0.024203
0 0.176879 0.964154 0.052288 0.020221
0 0.232639 0.924786 0.057598 0.029718
0 0.237745 0.957567 0.055556 0.031556
0 0.294935 0.942402 0.047386 0.028799
0 0.345588 0.926777 0.046569 0.015931
0 0.074959 0.845895 0.060049 0.071078
0 0.517770 0.746017 0.068219 0.069853
0 0.584967 0.734681 0.058007 0.050245
0 0.646446 0.734375 0.057598 0.046569
0 0.680964 0.126072 0.044935 0.022978
0 0.726103 0.194393 0.033088 0.092218
0 0.772672 0.189032 0.044526 0.099877
0 0.813317 0.200521 0.028595 0.076900
0 0.842116 0.201900 0.023284 0.073529
0 0.870098 0.202206 0.027778 0.071078
0 0.908701 0.204657 0.031454 0.063725
0 0.983864 0.201440 0.029003 0.069547
0 0.951185 0.200827 0.030637 0.068321
0 0.082312 0.652267 0.042075 0.096814
0 0.132353 0.650735 0.052288 0.096814
0 0.207721 0.650123 0.052696 0.095588
0 0.257966 0.649969 0.042892 0.095282
0 0.303105 0.648591 0.043301 0.095588
0 0.351716 0.648438 0.046569 0.095282
0 0.439134 0.646906 0.046569 0.092218
0 0.484886 0.646906 0.040033 0.095282
0 0.728350 0.747549 0.070261 0.072917
0 0.803105 0.748928 0.074346 0.072610
0 0.881536 0.761183 0.042484 0.026654
0 0.976103 0.651654 0.047794 0.089461
0 0.930147 0.649357 0.037582 0.090993
0 0.883783 0.645221 0.038807 0.091912
0 0.571487 0.428002 0.036765 0.091299
0 0.836397 0.647825 0.046160 0.097120
0 0.761029 0.647518 0.041667 0.093444
0 0.716708 0.647518 0.041258 0.093444
0 0.666667 0.648131 0.056373 0.094669
0 0.615400 0.643689 0.040441 0.088848
0 0.572712 0.645833 0.040033 0.096201
0 0.528595 0.647365 0.037582 0.096201
0 0.797386 0.652727 0.025327 0.067096
0 0.528186 0.427390 0.042484 0.093137
0 0.225899 0.540594 0.040850 0.084252
0 0.693219 0.533854 0.020425 0.089154
0 0.185458 0.535233 0.036765 0.091912
0 0.966503 0.539369 0.061275 0.094056
0 0.901348 0.537990 0.049428 0.094363
0 0.842116 0.541667 0.045343 0.092525
0 0.758783 0.539216 0.033088 0.099877
0 0.111520 0.540748 0.088235 0.093750
0 0.035335 0.653033 0.046160 0.095282
