0 0.404820 0.116115 0.035948 0.120711
0 0.362132 0.112286 0.045343 0.114277
0 0.318015 0.106924 0.038807 0.123775
0 0.426062 0.449755 0.046569 0.119485
0 0.474469 0.451593 0.048611 0.123775
0 0.634191 0.460018 0.036356 0.116728
0 0.678105 0.461550 0.044935 0.112439
0 0.720997 0.462929 0.039216 0.115196
0 0.768178 0.463082 0.051062 0.109375
0 0.245302 0.102328 0.026552 0.119485
0 0.217116 0.100950 0.029820 0.113051
0 0.188317 0.097886 0.026144 0.117341
0 0.116217 0.088848 0.033088 0.120711
0 0.081495 0.087776 0.036356 0.118566
0 0.804943 0.463848 0.024101 0.112745
0 0.569240 0.454810 0.077206 0.120404
0 0.061479 0.749387 0.034722 0.136029
0 0.933824 0.755668 0.044935 0.117953
0 0.883783 0.755821 0.051879 0.113971
0 0.965686 0.616115 0.061275 0.111520
0 0.160335 0.733150 0.048611 0.115809
0 0.808211 0.615196 0.030637 0.114583
0 0.770425 0.613358 0.043301 0.109681
0 0.725286 0.611673 0.044526 0.111826
0 0.066789 0.596967 0.029003 0.127757
0 0.641544 0.609988 0.041258 0.113358
0 0.557598 0.606924 0.116830 0.108456
0 0.210989 0.750919 0.052696 0.137868
0 0.261438 0.750306 0.049020 0.137868
0 0.311683 0.753676 0.051471 0.132353
0 0.898080 0.613511 0.048611 0.111213
0 0.412377 0.754596 0.053513 0.128064
0 0.108864 0.746324 0.053513 0.142157
0 0.848448 0.615502 0.050654 0.115196
0 0.975490 0.905790 0.049020 0.105699
0 0.916462 0.909314 0.060049 0.096201
0 0.858864 0.899050 0.049428 0.117953
0 0.811070 0.900429 0.045343 0.118873
0 0.460172 0.754442 0.042075 0.127145
0 0.508783 0.752145 0.053513 0.130515
0 0.557190 0.751532 0.043301 0.128676
0 0.605801 0.750306 0.055556 0.132353
0 0.655229 0.750306 0.040033 0.133578
0 0.701593 0.753830 0.054330 0.125306
0 0.744485 0.751379 0.029003 0.125919
0 0.790033 0.751991 0.050654 0.121630
0 0.837623 0.751685 0.042075 0.121630
0 0.809232 0.149510 0.032680 0.111520
0 0.361315 0.753064 0.046160 0.131740
0 0.279003 0.103248 0.040033 0.115809
0 0.480392 0.604933 0.038399 0.112439
0 0.898489 0.317862 0.042075 0.103248
0 0.877247 0.463695 0.067402 0.119792
0 0.260621 0.908241 0.044118 0.131434
0 0.211397 0.908701 0.055964 0.132966
0 0.160948 0.905178 0.047386 0.140012
0 0.104779 0.906250 0.064134 0.142770
0 0.054534 0.911458 0.033088 0.128676
0 0.977941 0.753676 0.044118 0.115809
0 0.864583 0.314032 0.023284 0.106618
0 0.802083 0.312040 0.020833 0.107537
0 0.775735 0.309589 0.031863 0.103860
0 0.747345 0.309130 0.025735 0.109069
0 0.716912 0.307445 0.034314 0.105699
0 0.686070 0.304994 0.026552 0.109988
0 0.660743 0.304994 0.023284 0.108150
0 0.635008 0.301777 0.028186 0.115196
0 0.604575 0.299632 0.033497 0.111520
0 0.082108 0.440717 0.040850 0.118566
0 0.125204 0.439185 0.045343 0.121630
0 0.173611 0.441636 0.049837 0.127145
0 0.233456 0.489124 0.069036 0.030944
0 0.763072 0.899357 0.050654 0.123468
0 0.715278 0.898744 0.046569 0.122243
0 0.670343 0.900582 0.039216 0.121017
0 0.623162 0.902880 0.055147 0.123162
0 0.571283 0.902267 0.042892 0.119485
0 0.522467 0.904871 0.053105 0.124081
0 0.473652 0.906097 0.043709 0.122855
0 0.419322 0.906710 0.067402 0.122855
0 0.571487 0.297028 0.031046 0.113051
0 0.368668 0.902727 0.035539 0.130208
0 0.108660 0.598499 0.049837 0.120404
0 0.381332 0.448989 0.045343 0.121017
0 0.337827 0.447610 0.040850 0.116422
0 0.152574 0.600950 0.039624 0.125919
0 0.213644 0.643076 0.066993 0.038603
0 0.296160 0.444547 0.042484 0.121324
0 0.244690 0.426011 0.056373 0.032169
0 0.234681 0.457567 0.064951 0.032782
0 0.317402 0.904565 0.066176 0.133885
0 0.535948 0.294577 0.038399 0.107537
0 0.833946 0.312500 0.040441 0.104779
0 0.472631 0.292739 0.031863 0.103860
0 0.911152 0.153493 0.027369 0.112745
0 0.880106 0.151501 0.034722 0.106924
0 0.844158 0.151501 0.026552 0.111213
0 0.403595 0.608456 0.030229 0.112745
0 0.367034 0.607690 0.042075 0.106924
0 0.328023 0.606464 0.036765 0.115502
0 0.279003 0.604320 0.058824 0.111213
0 0.447508 0.119792 0.042075 0.113358
0 0.504493 0.294424 0.026144 0.107843
0 0.483047 0.122089 0.030637 0.116115
0 0.518587 0.124081 0.038807 0.112132
0 0.553309 0.126072 0.032271 0.117341
0 0.588235 0.132506 0.026144 0.117953
0 0.775327 0.146293 0.024510 0.112439
0 0.746324 0.145374 0.032680 0.109988
0 0.718137 0.139859 0.023693 0.121017
0 0.686887 0.137714 0.037173 0.115502
0 0.954044 0.155944 0.037990 0.120098
0 0.650531 0.136029 0.030637 0.120098
0 0.073325 0.266544 0.033088 0.115809
0 0.170547 0.283241 0.021650 0.092831
0 0.445670 0.289982 0.022059 0.110600
0 0.416667 0.289369 0.034314 0.108762
0 0.380923 0.285692 0.035539 0.116115
0 0.346201 0.282475 0.029003 0.109681
0 0.314951 0.280637 0.032680 0.107230
0 0.282067 0.281097 0.027369 0.111826
0 0.247549 0.287684 0.040033 0.090686
0 0.112541 0.266850 0.038807 0.113358
0 0.618464 0.133272 0.033497 0.115196
0 0.217116 0.284926 0.020016 0.096201
0 0.441993 0.606311 0.040033 0.114583
0 0.194853 0.282935 0.026144 0.092831
