0 0.499387 0.538297 0.052696 0.082721
0 0.427083 0.321078 0.053513 0.088235
0 0.371119 0.319700 0.053513 0.087929
0 0.315768 0.320925 0.051471 0.083027
0 0.653595 0.661305 0.041667 0.054228
0 0.703636 0.657629 0.052696 0.054228
0 0.771855 0.670343 0.053513 0.050245
0 0.056577 0.730852 0.113154 0.064645
0 0.158292 0.747089 0.082925 0.035846
0 0.023489 0.815104 0.046977 0.050551
0 0.187908 0.829657 0.075980 0.030025
0 0.174224 0.797181 0.058415 0.031863
0 0.265114 0.828891 0.078431 0.038297
0 0.282680 0.747243 0.071078 0.033701
0 0.337214 0.817555 0.058415 0.057904
0 0.481005 0.317862 0.048611 0.089154
0 0.397263 0.815257 0.059232 0.068015
0 0.532067 0.319700 0.048611 0.090380
0 0.634600 0.326900 0.049428 0.077819
0 0.718546 0.066483 0.089052 0.036765
0 0.717933 0.109681 0.091095 0.044118
0 0.807598 0.066023 0.089052 0.038297
0 0.808619 0.107996 0.087827 0.043199
0 0.896650 0.069853 0.082516 0.043505
0 0.890931 0.109988 0.074346 0.036765
0 0.947508 0.112286 0.035539 0.019301
0 0.947304 0.250000 0.084967 0.114583
0 0.833333 0.211703 0.061275 0.072304
0 0.759191 0.196998 0.081291 0.102328
0 0.674224 0.196998 0.076389 0.099877
0 0.596814 0.198376 0.075980 0.100184
0 0.911765 0.362745 0.076797 0.075368
0 0.981209 0.375460 0.037582 0.103248
0 0.800245 0.323376 0.054739 0.083027
0 0.739788 0.328125 0.055556 0.075368
0 0.686275 0.327053 0.044118 0.078125
0 0.583742 0.319240 0.049837 0.089461
0 0.623366 0.110754 0.093137 0.043811
0 0.467116 0.787071 0.067402 0.098039
0 0.546977 0.786458 0.084967 0.069853
0 0.267770 0.428615 0.051062 0.080882
0 0.324142 0.430913 0.055147 0.078125
0 0.384600 0.428768 0.057598 0.086091
0 0.443627 0.430913 0.056373 0.087929
0 0.503268 0.428615 0.047386 0.071078
0 0.554739 0.435355 0.051471 0.079657
0 0.608864 0.434743 0.044526 0.073529
0 0.987745 0.588235 0.024510 0.076593
0 0.953227 0.666513 0.083742 0.032782
0 0.889297 0.712316 0.044935 0.050245
0 0.944036 0.710938 0.052288 0.054841
0 0.986928 0.711397 0.026144 0.053309
0 0.983660 0.826440 0.032680 0.073223
0 0.900531 0.812500 0.051062 0.090074
0 0.849060 0.811734 0.043709 0.093444
0 0.801266 0.814645 0.046977 0.088848
0 0.752655 0.812960 0.038807 0.090993
0 0.214461 0.430147 0.053105 0.081495
0 0.537786 0.732077 0.073121 0.035233
0 0.134395 0.472733 0.090686 0.033088
0 0.182394 0.212623 0.038807 0.066789
0 0.261234 0.318627 0.054330 0.083333
0 0.216708 0.317096 0.034722 0.082721
0 0.446487 0.546109 0.055556 0.066483
0 0.615605 0.784314 0.048203 0.090074
0 0.664828 0.806832 0.044526 0.093444
0 0.709967 0.814338 0.042484 0.090686
0 0.831087 0.677390 0.053513 0.059436
0 0.924224 0.591912 0.032271 0.073529
0 0.956495 0.589920 0.030637 0.077512
0 0.103145 0.336857 0.110703 0.040748
0 0.020425 0.287837 0.040850 0.036458
0 0.023284 0.333793 0.046569 0.054228
0 0.396242 0.214614 0.037582 0.063419
0 0.360294 0.212469 0.031863 0.066483
0 0.327206 0.212623 0.034314 0.064338
0 0.294322 0.211397 0.031454 0.064338
0 0.227941 0.211703 0.037582 0.064951
0 0.043301 0.446385 0.083333 0.072304
0 0.622958 0.067096 0.089052 0.040441
0 0.099265 0.292586 0.106209 0.048407
0 0.534314 0.066483 0.083333 0.036765
0 0.284518 0.536918 0.051879 0.082414
0 0.227737 0.538297 0.056781 0.082721
0 0.146242 0.566483 0.088235 0.047794
0 0.337623 0.548254 0.051879 0.068321
0 0.659109 0.435815 0.049428 0.073223
0 0.712010 0.438572 0.049837 0.073836
0 0.764910 0.431985 0.049428 0.085172
0 0.062908 0.647978 0.109477 0.072304
0 0.813725 0.439645 0.041667 0.071078
0 0.959967 0.484069 0.047386 0.085784
0 0.768995 0.557751 0.047794 0.054841
0 0.714257 0.514093 0.080474 0.026961
0 0.715278 0.558517 0.053105 0.056373
0 0.665033 0.555760 0.044935 0.055760
0 0.532475 0.107537 0.082925 0.042279
0 0.553105 0.551164 0.051471 0.069240
0 0.874592 0.596814 0.031863 0.078431
0 0.165441 0.632966 0.086601 0.039828
0 0.608660 0.541207 0.050654 0.083640
0 0.237541 0.665441 0.036356 0.057598
0 0.330065 0.609528 0.036765 0.032169
0 0.491830 0.660539 0.037582 0.055147
0 0.604984 0.665135 0.043301 0.049632
0 0.023080 0.109222 0.046160 0.050551
0 0.126430 0.082261 0.038807 0.033395
0 0.117851 0.115043 0.067402 0.029718
0 0.192810 0.057751 0.089052 0.026654
0 0.191585 0.085172 0.086601 0.024510
0 0.193627 0.112745 0.084150 0.030025
0 0.453023 0.669884 0.039216 0.054228
0 0.326797 0.661152 0.037582 0.058824
0 0.431373 0.047947 0.091503 0.034007
0 0.442810 0.081342 0.094771 0.026654
0 0.282271 0.665594 0.040033 0.053002
0 0.163603 0.671569 0.082925 0.037990
0 0.439134 0.113664 0.084150 0.034314
0 0.368464 0.663143 0.038399 0.062806
