0 0.741626 0.540288 0.064134 0.078125
0 0.952819 0.502145 0.052696 0.061887
0 0.991626 0.505208 0.016748 0.063113
0 0.806373 0.550245 0.062092 0.054534
0 0.954861 0.387868 0.050245 0.075980
0 0.565155 0.536918 0.063317 0.087316
0 0.382761 0.539675 0.056373 0.090993
0 0.690359 0.564032 0.035131 0.038603
0 0.501634 0.533395 0.055556 0.096814
0 0.443627 0.539828 0.055556 0.088848
0 0.322712 0.539062 0.058007 0.089767
0 0.836397 0.405484 0.058415 0.083640
0 0.641340 0.565411 0.040033 0.030944
0 0.770425 0.407782 0.066993 0.083946
0 0.103758 0.690870 0.051471 0.037990
0 0.538194 0.404105 0.060866 0.090074
0 0.477328 0.405178 0.052696 0.083027
0 0.418096 0.401501 0.056781 0.096507
0 0.359069 0.400888 0.054739 0.092831
0 0.297998 0.399357 0.054330 0.094669
0 0.238154 0.399969 0.057190 0.090993
0 0.178513 0.400888 0.053922 0.090993
0 0.099877 0.548866 0.034722 0.079350
0 0.028595 0.550398 0.057190 0.075674
0 0.037173 0.665135 0.074346 0.096201
0 0.103350 0.651808 0.044935 0.040135
0 0.053105 0.384191 0.106209 0.123775
0 0.186070 0.783088 0.026552 0.038603
0 0.596609 0.405331 0.049428 0.081495
0 0.215074 0.780944 0.026552 0.034314
0 0.642770 0.902114 0.055964 0.121017
0 0.462010 0.085784 0.043301 0.130515
0 0.561887 0.621017 0.037990 0.031250
0 0.566176 0.672794 0.046569 0.068015
0 0.513276 0.655484 0.047794 0.104473
0 0.465686 0.657935 0.044118 0.100184
0 0.413399 0.660539 0.047386 0.098652
0 0.258783 0.080423 0.049428 0.130821
0 0.207516 0.080576 0.044935 0.129289
0 0.156454 0.076134 0.049837 0.136336
0 0.041258 0.080270 0.082516 0.117034
0 0.961806 0.880055 0.070670 0.099571
0 0.901757 0.910999 0.047794 0.076287
0 0.310866 0.073989 0.049837 0.116115
0 0.363971 0.077972 0.049020 0.133272
0 0.414216 0.082414 0.049020 0.132966
0 0.505310 0.091912 0.040850 0.117034
0 0.547998 0.089001 0.041258 0.125306
0 0.600694 0.090993 0.054330 0.122549
0 0.662990 0.089154 0.062908 0.109681
0 0.719771 0.094822 0.044935 0.121017
0 0.768178 0.095741 0.043709 0.124694
0 0.821078 0.114890 0.054739 0.087623
0 0.877247 0.119945 0.054330 0.083640
0 0.969158 0.116268 0.015114 0.062806
0 0.642361 0.645221 0.040441 0.088848
0 0.610498 0.637255 0.022467 0.063725
0 0.674224 0.644301 0.018382 0.082108
0 0.705678 0.677237 0.041258 0.049326
0 0.244077 0.780025 0.029820 0.032475
0 0.276552 0.760110 0.021242 0.033701
0 0.301675 0.775888 0.025735 0.035846
0 0.356413 0.749540 0.024918 0.029105
0 0.306781 0.744179 0.023693 0.013480
0 0.383783 0.772059 0.024101 0.037377
0 0.411560 0.771752 0.024918 0.034314
0 0.440564 0.772059 0.024918 0.032475
0 0.463235 0.752451 0.017974 0.027574
0 0.492034 0.770680 0.026552 0.032169
0 0.520221 0.769301 0.024918 0.031863
0 0.988154 0.107230 0.018791 0.060662
0 0.545752 0.769455 0.024510 0.034620
0 0.602328 0.744026 0.018382 0.036458
0 0.535948 0.735447 0.022876 0.010110
0 0.105392 0.809436 0.066993 0.107230
0 0.035131 0.805760 0.070261 0.099877
0 0.971609 0.625766 0.041258 0.079350
0 0.927288 0.613051 0.040850 0.095588
0 0.803513 0.652727 0.014706 0.095895
0 0.826185 0.653799 0.031454 0.094363
0 0.739175 0.643382 0.019199 0.077819
0 0.765114 0.649050 0.025327 0.087316
0 0.786356 0.673866 0.016340 0.058517
0 0.574346 0.768995 0.026144 0.033701
0 0.014093 0.243107 0.028186 0.075674
0 0.202002 0.545190 0.058415 0.078738
0 0.057394 0.202359 0.053513 0.037684
0 0.208742 0.922181 0.038399 0.110294
0 0.908497 0.728707 0.037582 0.092831
0 0.818627 0.910539 0.047386 0.091912
0 0.759804 0.895987 0.058007 0.119792
0 0.700980 0.899357 0.056373 0.119792
0 0.261029 0.539522 0.060458 0.088235
0 0.056985 0.250613 0.049428 0.051471
0 0.581904 0.887561 0.053513 0.109681
0 0.517565 0.909620 0.064542 0.112745
0 0.799428 0.759038 0.013889 0.059130
0 0.453431 0.922947 0.062908 0.084252
0 0.191585 0.666513 0.049837 0.092218
0 0.246324 0.666054 0.052288 0.088848
0 0.304943 0.668045 0.059232 0.095282
0 0.360703 0.662224 0.051471 0.086091
0 0.355392 0.920803 0.040850 0.100797
0 0.311683 0.919424 0.041667 0.095588
0 0.971814 0.725490 0.044935 0.090686
0 0.037173 0.946691 0.074346 0.106618
0 0.116626 0.942096 0.068219 0.115809
0 0.399714 0.919577 0.041258 0.107537
0 0.768178 0.777114 0.043709 0.047488
0 0.258987 0.931679 0.059641 0.092525
0 0.677083 0.764400 0.015114 0.037990
0 0.168505 0.253830 0.061683 0.090380
0 0.232026 0.253523 0.057190 0.100797
0 0.284518 0.261795 0.037173 0.087929
0 0.327002 0.261336 0.042075 0.087010
0 0.369281 0.260876 0.038399 0.086091
0 0.412173 0.259957 0.038399 0.086703
0 0.447917 0.262561 0.030637 0.087010
0 0.478145 0.263787 0.026552 0.085172
0 0.512663 0.261029 0.034314 0.090686
0 0.566789 0.261642 0.038807 0.087623
0 0.615809 0.265165 0.047794 0.083027
0 0.658905 0.264553 0.033497 0.088542
0 0.716912 0.775888 0.051471 0.047488
0 0.694240 0.259957 0.030637 0.095895
0 0.764093 0.261795 0.026552 0.094669
0 0.802288 0.276042 0.044935 0.068015
0 0.850490 0.254749 0.043301 0.110600
0 0.963440 0.237132 0.037173 0.098039
0 0.626225 0.763634 0.026144 0.038909
0 0.656658 0.773284 0.022467 0.046569
0 0.730596 0.260876 0.038807 0.097733
