0 0.700776 0.852482 0.072304 0.044424
0 0.794730 0.864124 0.047794 0.012561
0 0.846609 0.851716 0.050245 0.055147
0 0.895221 0.850490 0.024918 0.061887
0 0.529616 0.278646 0.035539 0.057292
0 0.579453 0.284926 0.053513 0.047181
0 0.632761 0.285539 0.054739 0.046569
0 0.628472 0.855545 0.042075 0.032169
0 0.689338 0.284467 0.057598 0.046262
0 0.744894 0.278493 0.050245 0.058211
0 0.177900 0.665901 0.054330 0.059743
0 0.829861 0.278033 0.024918 0.060355
0 0.493056 0.278799 0.035948 0.058824
0 0.667484 0.582261 0.050654 0.054228
0 0.718954 0.578585 0.026961 0.037684
0 0.744485 0.579350 0.024918 0.036152
0 0.581904 0.838542 0.038807 0.062500
0 0.219363 0.663603 0.022876 0.058211
0 0.249183 0.664675 0.029412 0.060355
0 0.290850 0.669118 0.051471 0.047794
0 0.792688 0.276501 0.043709 0.061581
0 0.341299 0.669118 0.046160 0.047794
0 0.425245 0.668045 0.022876 0.054841
0 0.448938 0.662684 0.021242 0.059436
0 0.472222 0.666207 0.018791 0.054228
0 0.972631 0.857843 0.028595 0.036765
0 0.934028 0.855545 0.041258 0.056679
0 0.906046 0.380821 0.050654 0.027574
0 0.883578 0.341605 0.050654 0.041054
0 0.885212 0.291973 0.058007 0.049020
0 0.387051 0.661152 0.044526 0.068627
0 0.518995 0.846354 0.071487 0.065870
0 0.330270 0.850031 0.040441 0.045650
0 0.431373 0.838848 0.031046 0.062500
0 0.527778 0.671109 0.040033 0.039522
0 0.493056 0.664522 0.019608 0.053922
0 0.573325 0.675245 0.045343 0.041667
0 0.450776 0.286765 0.045343 0.041667
0 0.615809 0.676930 0.041258 0.041973
0 0.661765 0.676011 0.047386 0.042586
0 0.720180 0.672335 0.062092 0.048100
0 0.792892 0.672641 0.080882 0.046262
0 0.874592 0.642157 0.028595 0.036765
0 0.904412 0.642004 0.031046 0.037071
0 0.934845 0.642923 0.030637 0.038297
0 0.965482 0.642616 0.026552 0.035846
0 0.989175 0.643536 0.020833 0.039522
0 0.175041 0.748928 0.056781 0.063419
0 0.234886 0.751225 0.058007 0.060049
0 0.293913 0.751225 0.057598 0.055760
0 0.352328 0.748162 0.055964 0.060049
0 0.400531 0.837929 0.030637 0.064338
0 0.524101 0.750460 0.057190 0.060355
0 0.584967 0.750919 0.064542 0.060662
0 0.649101 0.761795 0.063725 0.038909
0 0.720180 0.766391 0.070261 0.037071
0 0.794118 0.767770 0.066993 0.034314
0 0.465278 0.837316 0.029412 0.060049
0 0.858456 0.778646 0.049428 0.046875
0 0.954861 0.775888 0.046160 0.044424
0 0.194036 0.840993 0.074346 0.073529
0 0.267157 0.844669 0.065359 0.066176
0 0.368668 0.838848 0.032271 0.065564
0 0.466708 0.749387 0.052696 0.054534
0 0.408905 0.748162 0.055556 0.055760
0 0.909314 0.776654 0.044935 0.045956
0 0.405433 0.279871 0.040441 0.049326
0 0.511846 0.580882 0.032680 0.048407
0 0.344363 0.273591 0.023693 0.060662
0 0.195670 0.476409 0.049020 0.047794
0 0.247141 0.475643 0.045752 0.049326
0 0.313725 0.483915 0.072712 0.038297
0 0.397263 0.476256 0.040441 0.056679
0 0.440359 0.473192 0.040850 0.056679
0 0.475899 0.480852 0.030229 0.047488
0 0.522059 0.475797 0.040850 0.061887
0 0.196078 0.440104 0.053922 0.021140
0 0.560458 0.482077 0.035948 0.051164
0 0.703840 0.478860 0.033497 0.052696
0 0.744281 0.479320 0.040850 0.053615
0 0.783292 0.479933 0.033088 0.057904
0 0.820057 0.480239 0.037990 0.055453
0 0.940972 0.439185 0.030637 0.031556
0 0.873366 0.474724 0.030229 0.038297
0 0.908497 0.477635 0.026961 0.041054
0 0.599265 0.481464 0.040850 0.051777
0 0.961397 0.383578 0.038807 0.033088
0 0.959967 0.347426 0.040033 0.037377
0 0.860294 0.384957 0.024510 0.035846
0 0.970180 0.266544 0.044118 0.016544
0 0.182394 0.367034 0.038807 0.061275
0 0.221405 0.366575 0.035131 0.062194
0 0.263072 0.368873 0.040850 0.055760
0 0.307598 0.367647 0.044118 0.056985
0 0.349469 0.370098 0.037990 0.058211
0 0.388072 0.370711 0.038399 0.056985
0 0.433007 0.370864 0.046569 0.053615
0 0.477533 0.370251 0.041667 0.054841
0 0.517361 0.371630 0.031454 0.055147
0 0.555351 0.372243 0.042075 0.050858
0 0.598856 0.374234 0.044118 0.054228
0 0.645221 0.375613 0.046977 0.050245
0 0.690564 0.376225 0.043709 0.052083
0 0.734273 0.374387 0.037173 0.051471
0 0.778186 0.376379 0.039216 0.052390
0 0.822100 0.376991 0.042075 0.050551
0 0.939542 0.478248 0.027778 0.042279
0 0.370507 0.275276 0.023693 0.057904
0 0.967116 0.475337 0.021650 0.036458
0 0.342525 0.157475 0.048611 0.094975
0 0.186070 0.582567 0.054330 0.033395
0 0.242034 0.546722 0.047794 0.016850
0 0.242647 0.586397 0.057190 0.031863
0 0.290850 0.564032 0.039216 0.066789
0 0.329657 0.569393 0.035131 0.068321
0 0.422998 0.578738 0.051062 0.053309
0 0.470792 0.570006 0.040441 0.081801
0 0.208742 0.272978 0.030229 0.062500
0 0.546773 0.580576 0.037173 0.047794
0 0.585784 0.578278 0.030229 0.055453
0 0.621528 0.580270 0.032271 0.047181
0 0.204657 0.159314 0.046569 0.080270
0 0.286152 0.155331 0.037990 0.093750
0 0.177083 0.272672 0.032271 0.064951
0 0.433619 0.155944 0.039624 0.094975
0 0.937908 0.159773 0.035131 0.087316
0 0.894404 0.160846 0.047794 0.097426
0 0.822304 0.187806 0.066993 0.042279
0 0.753268 0.187653 0.062908 0.038909
0 0.684028 0.183824 0.067402 0.049632
0 0.622549 0.181373 0.050654 0.053922
0 0.188725 0.551777 0.059641 0.014706
0 0.561479 0.176777 0.058415 0.056985
0 0.980392 0.563266 0.031863 0.034620
0 0.920343 0.559896 0.026144 0.034007
0 0.320874 0.274203 0.021650 0.058824
0 0.296977 0.275735 0.022876 0.061887
0 0.950163 0.565870 0.024510 0.033701
0 0.269608 0.265012 0.025327 0.083333
0 0.488358 0.161612 0.046977 0.094056
0 0.240605 0.263787 0.028595 0.080882
0 0.991422 0.473039 0.017157 0.041054
0 0.859477 0.562806 0.026961 0.039828
0 0.892361 0.564032 0.027369 0.039216
