0 0.137179 0.457933 0.101282 0.024519
0 0.259135 0.569231 0.095192 0.037019
0 0.156250 0.534856 0.101603 0.038942
0 0.255609 0.529687 0.095833 0.040144
0 0.161538 0.574159 0.100000 0.039663
0 0.246955 0.487620 0.097756 0.041106
0 0.243109 0.454688 0.102885 0.024760
0 0.144231 0.493630 0.103205 0.041587
0 0.059936 0.577043 0.098077 0.043029
0 0.084135 0.644832 0.095833 0.023317
0 0.355288 0.562500 0.093910 0.034615
0 0.045353 0.494952 0.087500 0.039423
0 0.028045 0.708293 0.052885 0.036779
0 0.101763 0.707091 0.086859 0.034375
0 0.095833 0.674038 0.081410 0.029808
0 0.025481 0.671875 0.050962 0.028846
0 0.053205 0.535577 0.103205 0.037981
0 0.042468 0.459736 0.081731 0.028125
0 0.352564 0.526082 0.094872 0.037260
0 0.731731 0.531851 0.089103 0.054087
0 0.344231 0.452885 0.097436 0.023558
0 0.908494 0.450841 0.049679 0.071394
0 0.978686 0.530048 0.041987 0.069712
0 0.914263 0.531010 0.084295 0.064904
0 0.832853 0.464784 0.090064 0.064183
0 0.824519 0.530048 0.089423 0.060096
0 0.737019 0.469111 0.095833 0.066587
0 0.111699 0.741707 0.088141 0.032933
0 0.639904 0.459856 0.091346 0.044712
0 0.637660 0.506010 0.090064 0.040385
0 0.638141 0.544471 0.091026 0.034135
0 0.544391 0.465745 0.095192 0.046875
0 0.543429 0.511298 0.096474 0.038942
0 0.545673 0.550962 0.091346 0.036058
0 0.447115 0.450361 0.098718 0.025721
0 0.446795 0.484375 0.091667 0.039423
0 0.448558 0.525000 0.088782 0.037981
0 0.450321 0.559736 0.092308 0.031971
0 0.349519 0.486298 0.098397 0.040865
0 0.310577 0.124760 0.114744 0.058654
0 0.457532 0.716707 0.081731 0.025240
0 0.307212 0.063822 0.118910 0.059375
0 0.370192 0.656731 0.089744 0.031250
0 0.373077 0.691587 0.085897 0.036058
0 0.373558 0.724519 0.086859 0.024519
0 0.458173 0.655288 0.083013 0.032212
0 0.458173 0.686899 0.079808 0.029567
0 0.976923 0.454327 0.044872 0.078365
0 0.546635 0.635096 0.086859 0.041346
0 0.543590 0.676442 0.083974 0.034615
0 0.544231 0.706250 0.085256 0.025481
0 0.887340 0.028846 0.091987 0.034135
0 0.226923 0.868510 0.090385 0.026923
0 0.230128 0.893990 0.082692 0.021635
0 0.129487 0.839904 0.089103 0.038462
0 0.133814 0.874639 0.091346 0.027644
0 0.143269 0.898077 0.085256 0.015385
0 0.042147 0.842428 0.081090 0.038702
0 0.045513 0.876322 0.081410 0.027644
0 0.455769 0.625361 0.081410 0.019471
0 0.430769 0.123678 0.112821 0.058894
0 0.369872 0.629928 0.085897 0.021875
0 0.283814 0.698558 0.089423 0.031731
0 0.303686 0.015505 0.122115 0.031010
0 0.425481 0.015745 0.115064 0.029087
0 0.425962 0.061659 0.112821 0.060817
0 0.546314 0.119952 0.114423 0.067788
0 0.544231 0.047957 0.119872 0.072356
0 0.662340 0.120313 0.113782 0.074279
0 0.661859 0.047356 0.112821 0.068750
0 0.778365 0.095553 0.113141 0.084856
0 0.890705 0.084976 0.105128 0.075721
0 0.780128 0.032332 0.113462 0.036298
0 0.033974 0.742188 0.061538 0.029087
0 0.179808 0.639303 0.089103 0.021394
0 0.187019 0.669231 0.093910 0.033654
0 0.191827 0.702163 0.088141 0.029808
0 0.197436 0.736178 0.083333 0.033894
0 0.274679 0.633293 0.088462 0.021875
0 0.280929 0.664183 0.090064 0.031250
0 0.284455 0.730288 0.084936 0.028846
0 0.947756 0.331611 0.083974 0.080529
0 0.222276 0.375601 0.108013 0.064663
0 0.924359 0.245793 0.037179 0.079087
0 0.952404 0.795192 0.068269 0.024519
0 0.876282 0.799038 0.074359 0.027404
0 0.953526 0.771995 0.071154 0.020433
0 0.876923 0.775962 0.073718 0.016346
0 0.794872 0.796154 0.076923 0.024038
0 0.959295 0.244712 0.025641 0.081250
0 0.765224 0.845313 0.077885 0.032452
0 0.819071 0.841106 0.021474 0.026442
0 0.721795 0.786538 0.042949 0.051923
0 0.720353 0.820673 0.050962 0.014423
0 0.699199 0.852524 0.046474 0.046875
0 0.631731 0.858293 0.082692 0.018510
0 0.627724 0.837139 0.080449 0.024279
0 0.553365 0.797236 0.088141 0.042548
0 0.549199 0.865505 0.085577 0.027163
0 0.947115 0.820673 0.064103 0.023558
0 0.544391 0.834255 0.082372 0.029567
0 0.872436 0.826923 0.064744 0.025962
0 0.942628 0.843990 0.073077 0.019712
0 0.633013 0.628846 0.083333 0.038462
0 0.631571 0.669351 0.084936 0.039183
0 0.629968 0.708293 0.080449 0.036779
0 0.717628 0.639904 0.083333 0.058173
0 0.804006 0.636779 0.079808 0.054327
0 0.715865 0.694111 0.079808 0.043990
0 0.802244 0.688101 0.079487 0.041106
0 0.892308 0.609375 0.076923 0.030288
0 0.964103 0.607332 0.060897 0.032933
0 0.964583 0.637019 0.067628 0.026442
0 0.885737 0.638221 0.076603 0.026442
0 0.958654 0.667067 0.080128 0.027404
0 0.880929 0.669471 0.066987 0.029808
0 0.953846 0.692187 0.077564 0.022356
0 0.880449 0.696274 0.066026 0.024760
0 0.867949 0.848918 0.075641 0.013702
0 0.463622 0.821274 0.075321 0.029567
0 0.793910 0.819712 0.078205 0.016827
0 0.467628 0.875120 0.070513 0.021394
0 0.536378 0.357452 0.100962 0.055769
0 0.640705 0.244471 0.101923 0.057212
0 0.639583 0.302163 0.102885 0.054327
0 0.383654 0.827885 0.082051 0.030769
0 0.387340 0.857212 0.077244 0.026923
0 0.392788 0.882692 0.081090 0.020192
0 0.301282 0.833053 0.077564 0.031010
0 0.308494 0.863101 0.074679 0.025721
0 0.311378 0.887260 0.075321 0.022115
0 0.463942 0.848918 0.072756 0.023317
0 0.637500 0.358293 0.098718 0.058413
0 0.747436 0.257572 0.101923 0.083413
0 0.744071 0.336418 0.101603 0.068990
0 0.854006 0.255288 0.097756 0.081250
0 0.847276 0.335697 0.097115 0.072356
0 0.533013 0.303726 0.107051 0.053125
0 0.533974 0.245673 0.105769 0.057212
0 0.218590 0.836178 0.087821 0.033894
0 0.327724 0.375240 0.102244 0.063942
0 0.432051 0.371394 0.102564 0.062500
0 0.053846 0.102885 0.104487 0.102404
0 0.178045 0.104808 0.136218 0.105769
0 0.080609 0.221394 0.113782 0.034615
0 0.089583 0.267308 0.116346 0.050962
0 0.196955 0.220553 0.110577 0.030529
0 0.205929 0.266106 0.109936 0.053365
0 0.098878 0.318269 0.114423 0.050000
0 0.972115 0.075240 0.055128 0.105769
0 0.309936 0.222236 0.110256 0.031971
0 0.422436 0.219952 0.112179 0.031731
0 0.422596 0.264062 0.106090 0.051683
0 0.315385 0.265264 0.105769 0.051202
0 0.322917 0.316947 0.101603 0.048798
0 0.426763 0.315745 0.102244 0.048798
0 0.107051 0.377404 0.113462 0.062981
0 0.213782 0.317668 0.112821 0.048798
0 0.054327 0.901563 0.083654 0.021394
