0 0.885008 0.213235 0.020833 0.083946
0 0.910335 0.212776 0.018382 0.090993
0 0.933619 0.221507 0.022467 0.087010
0 0.955065 0.226562 0.015523 0.083640
0 0.285131 0.260417 0.082516 0.101103
0 0.030229 0.227635 0.060458 0.136642
0 0.101103 0.282782 0.064134 0.044730
0 0.199346 0.269914 0.083333 0.080270
0 0.863154 0.211703 0.019608 0.094363
0 0.971814 0.223346 0.017157 0.098652
0 0.839665 0.193627 0.018382 0.113971
0 0.822304 0.754749 0.019608 0.090380
0 0.780433 0.174632 0.030637 0.126225
0 0.744485 0.161612 0.033088 0.129596
0 0.714257 0.166820 0.022467 0.113051
0 0.669526 0.152420 0.060458 0.121630
0 0.605596 0.135723 0.056781 0.138480
0 0.542484 0.126379 0.047386 0.135723
0 0.482026 0.113664 0.061275 0.145221
0 0.392565 0.085631 0.066176 0.168811
0 0.286969 0.073989 0.064134 0.145527
0 0.175654 0.065717 0.078431 0.123468
0 0.076593 0.053156 0.078840 0.106311
0 0.413399 0.262408 0.047386 0.121017
0 0.814951 0.183824 0.022059 0.118260
0 0.459967 0.271599 0.042484 0.109988
0 0.171977 0.421262 0.032680 0.061887
0 0.581699 0.310815 0.033497 0.042586
0 0.460989 0.746630 0.043709 0.137255
0 0.409722 0.756127 0.050654 0.150123
0 0.339869 0.772365 0.074346 0.150123
0 0.152574 0.838695 0.071487 0.179228
0 0.064951 0.857843 0.090686 0.189338
0 0.992647 0.486060 0.013072 0.076900
0 0.502451 0.303002 0.034314 0.042892
0 0.967729 0.492034 0.026961 0.078431
0 0.923611 0.493260 0.019608 0.094363
0 0.900123 0.497396 0.022467 0.094669
0 0.877451 0.502451 0.019608 0.096814
0 0.850286 0.503830 0.032271 0.102022
0 0.815155 0.507966 0.029820 0.115809
0 0.781046 0.516238 0.031863 0.105392
0 0.712214 0.522059 0.029003 0.122549
0 0.677492 0.527267 0.031454 0.125000
0 0.634191 0.531710 0.039624 0.128983
0 0.600694 0.851716 0.039624 0.113358
0 0.563521 0.871630 0.029003 0.118873
0 0.513480 0.893076 0.063725 0.120711
0 0.460172 0.911765 0.034722 0.123162
0 0.808211 0.638480 0.022467 0.093750
0 0.766953 0.646140 0.050245 0.112745
0 0.713848 0.654565 0.022467 0.106311
0 0.690359 0.665748 0.020425 0.107843
0 0.666871 0.672181 0.020016 0.108456
0 0.638685 0.685355 0.027369 0.111520
0 0.594771 0.701134 0.053105 0.124694
0 0.532680 0.706955 0.049020 0.118566
0 0.584967 0.538297 0.040033 0.134804
0 0.881332 0.615196 0.024101 0.088235
0 0.954453 0.694393 0.021650 0.071998
0 0.929330 0.711091 0.020425 0.075980
0 0.902778 0.716452 0.024510 0.083640
0 0.845997 0.741422 0.023693 0.083946
0 0.918505 0.587316 0.027369 0.068627
0 0.272467 0.961550 0.041667 0.071385
0 0.319853 0.955423 0.048203 0.086703
0 0.404616 0.934436 0.065768 0.129289
0 0.978350 0.680913 0.016340 0.069547
0 0.638889 0.837469 0.031046 0.104473
0 0.672386 0.819087 0.027778 0.106924
0 0.708538 0.807445 0.029003 0.103860
0 0.428922 0.370098 0.050654 0.011642
0 0.525531 0.389706 0.027369 0.060049
0 0.459150 0.403033 0.047386 0.043811
0 0.297386 0.371783 0.027778 0.024203
0 0.342116 0.372243 0.032271 0.023284
0 0.376634 0.409926 0.023693 0.051471
0 0.342729 0.416973 0.022876 0.058211
0 0.313317 0.415748 0.027778 0.055760
0 0.582312 0.412377 0.055964 0.046569
0 0.281046 0.414982 0.031046 0.057292
0 0.095384 0.419271 0.045343 0.076287
0 0.025735 0.395833 0.040850 0.119485
0 0.925654 0.315411 0.023693 0.054228
0 0.877859 0.312040 0.052288 0.058517
0 0.816381 0.314338 0.038807 0.063113
0 0.751838 0.308824 0.023284 0.075980
0 0.704044 0.297181 0.058415 0.092525
0 0.637459 0.291820 0.028186 0.089767
0 0.245302 0.414675 0.029820 0.056679
0 0.829248 0.634038 0.015523 0.091605
0 0.670343 0.425398 0.075163 0.011336
0 0.816585 0.406250 0.049837 0.042279
0 0.740196 0.791513 0.028595 0.092831
0 0.772059 0.774663 0.031863 0.097120
0 0.800858 0.764706 0.018382 0.088235
0 0.534518 0.547028 0.049428 0.143689
0 0.469975 0.558824 0.069853 0.146446
0 0.401757 0.563879 0.045343 0.155944
0 0.344363 0.578431 0.055556 0.174020
0 0.751430 0.403493 0.071487 0.047181
0 0.283292 0.587010 0.060049 0.169730
0 0.129493 0.610907 0.083333 0.169730
0 0.039011 0.618260 0.070670 0.179534
0 0.990196 0.395221 0.018791 0.036152
0 0.898897 0.400429 0.030637 0.033088
0 0.861520 0.404565 0.026961 0.038909
0 0.211601 0.600337 0.072712 0.178002
0 0.851103 0.626532 0.023284 0.087010
