0 0.726307 0.276348 0.030229 0.107843
0 0.762663 0.291973 0.033497 0.076593
0 0.678922 0.274816 0.060458 0.110907
0 0.859886 0.274663 0.080882 0.070772
0 0.934641 0.274969 0.061275 0.071998
0 0.047181 0.377298 0.047794 0.070159
0 0.099877 0.379442 0.048611 0.074449
0 0.146038 0.406863 0.033088 0.096814
0 0.175654 0.405944 0.024510 0.096201
0 0.793913 0.291820 0.028186 0.076900
0 0.033088 0.636795 0.058824 0.092831
0 0.245098 0.420956 0.037582 0.071691
0 0.067606 0.276042 0.073938 0.047794
0 0.131740 0.274969 0.029820 0.097120
0 0.164624 0.272978 0.031046 0.101103
0 0.206087 0.290748 0.038807 0.074755
0 0.243464 0.293045 0.034314 0.074449
0 0.911356 0.589154 0.047386 0.048407
0 0.962418 0.169424 0.074346 0.081495
0 0.863154 0.582414 0.040850 0.056373
0 0.775735 0.575214 0.041667 0.067708
0 0.724265 0.578738 0.053922 0.065564
0 0.662786 0.579044 0.067402 0.063113
0 0.609681 0.580116 0.033088 0.063419
0 0.570057 0.581036 0.037173 0.062194
0 0.539011 0.589154 0.021650 0.035539
0 0.821283 0.582721 0.039624 0.057598
0 0.517157 0.593137 0.017157 0.037990
0 0.888480 0.167586 0.070261 0.079044
0 0.771446 0.138480 0.047794 0.113971
0 0.225082 0.141697 0.029412 0.100184
0 0.256944 0.140778 0.032680 0.103860
0 0.293913 0.141085 0.034722 0.106924
0 0.330882 0.161458 0.032680 0.064951
0 0.365196 0.149969 0.029412 0.092218
0 0.399714 0.174020 0.037173 0.042892
0 0.821078 0.143842 0.057190 0.105699
0 0.401757 0.127911 0.037173 0.048713
0 0.461601 0.145374 0.031863 0.100184
0 0.513276 0.166054 0.060049 0.061275
0 0.564338 0.176164 0.036356 0.036765
0 0.617034 0.185662 0.059232 0.015319
0 0.677288 0.174479 0.071895 0.041973
0 0.733252 0.150429 0.028595 0.084559
0 0.432598 0.163909 0.020425 0.061275
0 0.188521 0.138174 0.032271 0.111520
0 0.493260 0.593290 0.023284 0.038297
0 0.449959 0.590993 0.019199 0.039216
0 0.474673 0.503217 0.029412 0.063419
0 0.441585 0.502604 0.035131 0.064645
0 0.400531 0.502451 0.046160 0.064951
0 0.348856 0.515319 0.050654 0.038603
0 0.300654 0.516085 0.040850 0.037684
0 0.250204 0.516544 0.055147 0.034314
0 0.518178 0.505515 0.044526 0.059436
0 0.185866 0.506127 0.069444 0.055147
0 0.035335 0.462929 0.034722 0.058211
0 0.901348 0.391697 0.055964 0.079350
0 0.833742 0.390625 0.057190 0.077206
0 0.664420 0.423866 0.038807 0.063419
0 0.727737 0.413756 0.086193 0.086091
0 0.782271 0.411918 0.020425 0.085478
0 0.094158 0.463388 0.069853 0.064032
0 0.472631 0.591452 0.017974 0.040135
0 0.561275 0.505208 0.037582 0.059436
0 0.644199 0.505821 0.037582 0.058211
0 0.426675 0.592831 0.019199 0.037377
0 0.402574 0.585478 0.018382 0.036152
0 0.381536 0.592678 0.018791 0.037071
0 0.358047 0.593444 0.019199 0.036152
0 0.338031 0.577206 0.018382 0.041054
0 0.294322 0.581801 0.056781 0.053309
0 0.603145 0.506281 0.034722 0.055453
0 0.238562 0.577359 0.045752 0.062806
0 0.094975 0.548560 0.089461 0.067096
0 0.933211 0.487286 0.080474 0.090380
0 0.851103 0.493107 0.063317 0.107537
0 0.777369 0.503217 0.044935 0.060355
0 0.729984 0.505055 0.047386 0.062806
0 0.683211 0.503830 0.036356 0.056066
0 0.178922 0.585938 0.055556 0.048100
0 0.207516 0.405944 0.034314 0.105392
0 0.156250 0.137408 0.032271 0.113051
0 0.047794 0.153646 0.095588 0.075674
0 0.493873 0.830423 0.063725 0.077512
0 0.424020 0.832261 0.064542 0.079350
0 0.349877 0.845741 0.067402 0.068321
0 0.289624 0.854320 0.044118 0.029105
0 0.237745 0.851562 0.048203 0.029105
0 0.194649 0.842678 0.026552 0.065257
0 0.559845 0.835172 0.063317 0.074755
0 0.147059 0.848192 0.039216 0.053002
0 0.071078 0.840686 0.031046 0.061275
0 0.035539 0.845895 0.031863 0.063725
0 0.976103 0.686428 0.047794 0.101409
0 0.925449 0.688113 0.042892 0.098039
0 0.867443 0.712776 0.070670 0.051164
0 0.802083 0.712776 0.051879 0.045650
0 0.108660 0.857077 0.037582 0.029718
0 0.756944 0.732690 0.033497 0.037071
0 0.624387 0.829504 0.059232 0.063419
0 0.726307 0.824602 0.040033 0.089767
0 0.280025 0.419577 0.028186 0.070772
0 0.315155 0.424020 0.037173 0.063113
0 0.355392 0.424173 0.038399 0.064032
0 0.390727 0.424939 0.030637 0.061275
0 0.437092 0.411612 0.047386 0.087316
0 0.497345 0.422335 0.067402 0.065257
0 0.680760 0.822763 0.046160 0.103860
0 0.549837 0.423100 0.035948 0.061887
0 0.625408 0.424020 0.035948 0.063725
0 0.982026 0.822457 0.034314 0.103248
0 0.934641 0.822151 0.054739 0.102635
0 0.880719 0.837163 0.047386 0.059743
0 0.828431 0.841146 0.053922 0.067096
0 0.771242 0.822151 0.044935 0.098346
0 0.588848 0.423866 0.034722 0.063419
0 0.116422 0.134498 0.038399 0.113971
0 0.716503 0.726562 0.038399 0.053615
0 0.632149 0.725490 0.042075 0.058211
0 0.629289 0.672335 0.047794 0.024203
0 0.621119 0.644608 0.037990 0.022672
0 0.577819 0.660080 0.045343 0.049326
0 0.526757 0.673100 0.046977 0.022672
0 0.477533 0.672028 0.042484 0.025429
0 0.431577 0.654412 0.046977 0.060662
0 0.675858 0.668199 0.033088 0.033088
0 0.378676 0.653339 0.053105 0.059743
0 0.292688 0.657935 0.042892 0.032782
0 0.241013 0.652420 0.047386 0.064645
0 0.181373 0.653186 0.060458 0.053309
0 0.094158 0.636336 0.047794 0.094975
0 0.986111 0.583027 0.027778 0.052083
0 0.954044 0.591299 0.032271 0.039828
0 0.336806 0.664828 0.023284 0.036152
0 0.677288 0.725643 0.039216 0.057904
0 0.705270 0.667433 0.023284 0.035846
0 0.748979 0.664062 0.017565 0.039522
0 0.587623 0.724571 0.039624 0.058211
0 0.546364 0.723652 0.036356 0.056985
0 0.463644 0.725643 0.043301 0.060968
0 0.418709 0.724418 0.035948 0.063419
0 0.378881 0.735600 0.042892 0.037990
0 0.336806 0.726409 0.037173 0.056373
0 0.726511 0.668505 0.019199 0.034926
0 0.295343 0.724877 0.037582 0.056373
0 0.212827 0.734988 0.037582 0.028799
0 0.178717 0.738817 0.023284 0.022365
0 0.191993 0.708640 0.024510 0.020833
0 0.123162 0.742341 0.069853 0.050858
0 0.070057 0.753830 0.029003 0.041360
0 0.026961 0.742800 0.028595 0.043811
0 0.257149 0.725643 0.036356 0.054841
0 0.957925 0.392310 0.053922 0.078125
0 0.611315 0.276348 0.065768 0.105392
0 0.534722 0.275735 0.073529 0.106005
0 0.471609 0.276348 0.048611 0.105392
0 0.422998 0.276808 0.044526 0.106924
0 0.323121 0.293658 0.031863 0.073223
0 0.283905 0.291360 0.039216 0.073529
