0 0.291258 0.383272 0.017157 0.025735
0 0.274510 0.381281 0.013889 0.023591
0 0.262051 0.452819 0.013480 0.020221
0 0.231822 0.443168 0.013480 0.022365
0 0.246732 0.450061 0.013072 0.019608
0 0.296569 0.439032 0.019608 0.023897
0 0.278799 0.457414 0.014297 0.025735
0 0.297794 0.464308 0.016340 0.019914
0 0.234273 0.467525 0.010212 0.025735
0 0.265523 0.477022 0.009804 0.022059
0 0.280842 0.483762 0.012663 0.020221
0 0.303105 0.489124 0.016340 0.021752
0 0.331291 0.361673 0.020425 0.025429
0 0.275940 0.429841 0.014297 0.020833
0 0.317606 0.417739 0.015114 0.024816
0 0.243260 0.420956 0.011846 0.022059
0 0.227124 0.318168 0.015523 0.026042
0 0.243873 0.321232 0.018791 0.029105
0 0.263889 0.322151 0.014706 0.024203
0 0.284314 0.324449 0.019608 0.029412
0 0.302083 0.266238 0.020016 0.032475
0 0.325368 0.265625 0.022467 0.032475
0 0.305556 0.299786 0.015523 0.029718
0 0.327614 0.300092 0.024510 0.029718
0 0.234681 0.348039 0.049428 0.017157
0 0.269812 0.353707 0.018382 0.028493
0 0.287786 0.354779 0.015931 0.025123
0 0.309232 0.329810 0.014706 0.029718
0 0.314951 0.389859 0.015523 0.026654
0 0.332721 0.390319 0.018382 0.025735
0 0.225082 0.395987 0.013889 0.022365
0 0.240809 0.399050 0.015114 0.018689
0 0.256944 0.400735 0.014706 0.027574
0 0.328840 0.331801 0.023693 0.027574
0 0.275327 0.405484 0.015523 0.020527
0 0.292484 0.411152 0.017157 0.025735
0 0.310662 0.360907 0.015114 0.026348
0 0.339461 0.419730 0.017974 0.024510
0 0.226103 0.419424 0.013480 0.022059
0 0.257353 0.428922 0.015523 0.022672
0 0.238971 0.372855 0.041667 0.021446
0 0.250817 0.472273 0.013072 0.020527
0 0.252655 0.494485 0.014297 0.023897
0 0.392361 0.493107 0.021650 0.021140
0 0.535743 0.504596 0.031454 0.027574
0 0.501430 0.495711 0.029003 0.026348
0 0.469158 0.485907 0.024918 0.027574
0 0.440564 0.479320 0.028186 0.026654
0 0.411969 0.469516 0.020016 0.024203
0 0.390319 0.463848 0.023284 0.028799
0 0.611111 0.486826 0.034314 0.032475
0 0.575163 0.477635 0.031046 0.033701
0 0.532680 0.467525 0.028595 0.031863
0 0.500408 0.461857 0.026961 0.032782
0 0.466503 0.450368 0.024510 0.029412
0 0.438930 0.446385 0.021650 0.034926
0 0.414011 0.440104 0.021650 0.029105
0 0.389297 0.434743 0.026961 0.028186
0 0.612337 0.447610 0.036765 0.030637
0 0.574959 0.440717 0.030637 0.033395
0 0.533088 0.432445 0.029412 0.030331
0 0.497753 0.425705 0.029820 0.034620
0 0.462623 0.415748 0.025735 0.028799
0 0.436275 0.410846 0.022059 0.031863
0 0.414216 0.497702 0.018791 0.029105
0 0.411560 0.407016 0.016748 0.027267
0 0.441993 0.509651 0.027778 0.025429
0 0.501634 0.525735 0.023693 0.033088
0 0.614788 0.635570 0.033497 0.028493
0 0.574755 0.619945 0.032680 0.027880
0 0.535948 0.605392 0.026961 0.036152
0 0.504085 0.588082 0.017974 0.025429
0 0.474265 0.578891 0.021242 0.026042
0 0.447304 0.568934 0.022059 0.030637
0 0.421160 0.561121 0.022059 0.027880
0 0.395425 0.548407 0.019608 0.026961
0 0.609681 0.598958 0.037173 0.033088
0 0.571078 0.583793 0.031046 0.029718
0 0.533905 0.570159 0.027778 0.033088
0 0.500000 0.556832 0.023693 0.026042
0 0.471814 0.547947 0.024510 0.032169
0 0.445261 0.537071 0.026144 0.022672
0 0.418096 0.530025 0.015931 0.026961
0 0.392974 0.519148 0.020425 0.021752
0 0.609681 0.560049 0.031454 0.030025
0 0.573938 0.548407 0.026144 0.031250
0 0.609069 0.523284 0.032680 0.027574
0 0.574142 0.515472 0.029003 0.029105
0 0.533292 0.536152 0.026552 0.028799
0 0.474060 0.517923 0.023284 0.027880
0 0.236520 0.491115 0.014706 0.018995
0 0.386642 0.405484 0.027369 0.027267
0 0.574755 0.403493 0.032680 0.037377
0 0.460172 0.307598 0.031454 0.034926
0 0.429943 0.306066 0.023284 0.033701
0 0.389502 0.302543 0.051879 0.030944
0 0.616013 0.274663 0.041667 0.045037
0 0.574142 0.274203 0.037173 0.046569
0 0.529412 0.272365 0.038399 0.041667
0 0.492239 0.269608 0.026961 0.045343
0 0.459967 0.267616 0.033497 0.040748
0 0.428717 0.265778 0.029003 0.041973
0 0.389706 0.266085 0.046569 0.036458
0 0.347631 0.530331 0.020425 0.023897
0 0.327819 0.524357 0.013480 0.021752
0 0.345180 0.502451 0.017974 0.022059
0 0.324551 0.501379 0.012663 0.021140
0 0.345792 0.477788 0.019199 0.025429
0 0.325163 0.475031 0.013889 0.026042
0 0.339869 0.448376 0.018791 0.024816
0 0.320466 0.446385 0.015114 0.028799
0 0.304330 0.515931 0.013072 0.021446
0 0.288194 0.508272 0.014297 0.024510
0 0.267157 0.501685 0.010621 0.019914
0 0.494894 0.312040 0.029820 0.035846
0 0.614379 0.407629 0.040850 0.036458
0 0.529412 0.314798 0.032680 0.035233
0 0.616626 0.321691 0.039624 0.037990
0 0.106413 0.273284 0.018382 0.056985
0 0.126225 0.276961 0.016340 0.050858
0 0.160335 0.277880 0.021650 0.057598
0 0.181985 0.279565 0.020833 0.054228
0 0.207312 0.288143 0.019199 0.029105
0 0.225694 0.291207 0.015114 0.024816
0 0.527982 0.390319 0.035539 0.031863
0 0.494281 0.388327 0.028595 0.031556
0 0.463031 0.380515 0.026552 0.033088
0 0.572508 0.322151 0.039624 0.041360
0 0.434845 0.378064 0.027369 0.031863
0 0.384600 0.372549 0.023284 0.033088
0 0.243668 0.291207 0.015114 0.026654
0 0.210784 0.317096 0.013072 0.025123
0 0.612132 0.364583 0.036356 0.036152
0 0.573325 0.361520 0.029820 0.037990
0 0.526552 0.352635 0.035131 0.037377
0 0.460580 0.344669 0.029820 0.033088
0 0.430760 0.342065 0.024918 0.035846
0 0.406046 0.337929 0.022059 0.034314
0 0.382353 0.337010 0.023693 0.034314
0 0.407680 0.373775 0.019608 0.034314
0 0.495302 0.351409 0.027369 0.036152
