0 0.675260 0.400391 0.105729 0.049219
0 0.676562 0.343164 0.111458 0.053516
0 0.566927 0.400781 0.100521 0.050000
0 0.565104 0.345898 0.100000 0.051953
0 0.461719 0.347656 0.101562 0.055469
0 0.789583 0.341797 0.110417 0.053125
0 0.051042 0.142969 0.089583 0.053906
0 0.146354 0.136914 0.096875 0.058203
0 0.244531 0.070703 0.100521 0.056250
0 0.246094 0.130078 0.100521 0.056250
0 0.353646 0.061133 0.097917 0.051172
0 0.465104 0.403906 0.095833 0.051562
0 0.787500 0.397656 0.112500 0.051562
0 0.394531 0.485742 0.094271 0.051953
0 0.913021 0.396484 0.119792 0.056250
0 0.821094 0.486914 0.116146 0.051953
0 0.822917 0.545312 0.110417 0.055469
0 0.941667 0.487695 0.116667 0.053516
0 0.707292 0.488477 0.109375 0.050391
0 0.597396 0.488477 0.102083 0.052734
0 0.598698 0.541016 0.104688 0.049219
0 0.711458 0.542188 0.108333 0.053906
0 0.146615 0.078125 0.094271 0.057031
0 0.297396 0.488086 0.089583 0.047266
0 0.295833 0.539062 0.089583 0.047656
0 0.353646 0.118359 0.101042 0.053906
0 0.910156 0.337305 0.117188 0.053516
0 0.942187 0.547266 0.114583 0.056250
0 0.670573 0.251563 0.108854 0.055469
0 0.459635 0.110742 0.103646 0.055859
0 0.258333 0.404687 0.086458 0.050781
0 0.261979 0.352344 0.093750 0.048438
0 0.166406 0.406445 0.089063 0.049609
0 0.074479 0.410547 0.088542 0.046094
0 0.168490 0.354102 0.090104 0.047266
0 0.069531 0.358594 0.098437 0.051562
0 0.164062 0.273633 0.094792 0.044922
0 0.064844 0.278320 0.082812 0.047266
0 0.164062 0.223438 0.097917 0.048438
0 0.064844 0.226758 0.085938 0.048047
0 0.350781 0.264062 0.114062 0.053906
0 0.353646 0.208008 0.110417 0.055859
0 0.462760 0.262695 0.103646 0.051172
0 0.565885 0.257422 0.092188 0.057813
0 0.562760 0.202148 0.101562 0.048828
0 0.464844 0.208594 0.095312 0.054688
0 0.495312 0.487305 0.100000 0.052734
0 0.669531 0.193945 0.103646 0.053516
0 0.912240 0.241016 0.121354 0.057813
0 0.911979 0.182227 0.130208 0.054297
0 0.785417 0.249023 0.118750 0.057422
0 0.787240 0.190234 0.111979 0.050781
0 0.939063 0.079883 0.121875 0.055859
0 0.810156 0.090039 0.116146 0.056641
0 0.814583 0.028516 0.121875 0.054688
0 0.689583 0.096094 0.115625 0.054688
0 0.689063 0.034180 0.117708 0.054297
0 0.570052 0.104688 0.109896 0.053125
0 0.572917 0.041406 0.109375 0.050000
0 0.460156 0.050391 0.101562 0.050781
0 0.397135 0.539258 0.099479 0.050391
0 0.387500 0.670703 0.098958 0.052344
0 0.189323 0.487305 0.096354 0.050391
0 0.490104 0.743750 0.098958 0.046875
0 0.486719 0.795898 0.098437 0.056641
0 0.385156 0.742578 0.097396 0.046875
0 0.392969 0.793359 0.088021 0.051562
0 0.289583 0.736328 0.073958 0.046094
0 0.293750 0.788086 0.088542 0.048047
0 0.204948 0.788281 0.088021 0.048438
0 0.123438 0.730859 0.082292 0.044531
0 0.115625 0.782031 0.079167 0.054688
0 0.036458 0.729688 0.072917 0.049219
0 0.036458 0.779297 0.072917 0.049219
0 0.078125 0.867578 0.089583 0.045312
0 0.076302 0.914648 0.082812 0.047266
0 0.590104 0.806055 0.096875 0.059766
0 0.179167 0.873242 0.095833 0.044922
0 0.275000 0.879297 0.088542 0.047656
0 0.272396 0.929492 0.095833 0.048828
0 0.435156 0.892188 0.099479 0.052344
0 0.432812 0.945898 0.097917 0.052734
0 0.564323 0.912305 0.098437 0.051953
0 0.565104 0.968164 0.106250 0.057422
0 0.675781 0.922461 0.109896 0.048828
0 0.672396 0.973828 0.109375 0.051562
0 0.796875 0.932031 0.114583 0.053906
0 0.799219 0.979883 0.113021 0.040234
0 0.929688 0.938086 0.121875 0.061328
0 0.933073 0.985742 0.119271 0.028516
0 0.362760 0.350391 0.093229 0.051562
0 0.173177 0.922461 0.093229 0.048828
0 0.495312 0.539844 0.090625 0.049219
0 0.591406 0.749414 0.099479 0.048828
0 0.918229 0.820312 0.108333 0.057813
0 0.189844 0.539258 0.095312 0.050391
0 0.094531 0.488672 0.091146 0.048438
0 0.095052 0.538867 0.089063 0.051953
0 0.021875 0.488672 0.043750 0.046094
0 0.023698 0.538672 0.044271 0.051562
0 0.030208 0.612109 0.060417 0.049219
0 0.028906 0.661133 0.057813 0.047266
0 0.114062 0.650195 0.060417 0.048828
0 0.192448 0.617188 0.094271 0.046875
0 0.195052 0.669141 0.086979 0.049219
0 0.290104 0.615820 0.087500 0.048828
0 0.291146 0.668164 0.089583 0.051953
0 0.383594 0.617773 0.097396 0.050391
0 0.696354 0.811914 0.100000 0.055078
0 0.487240 0.619922 0.102604 0.050000
0 0.150521 0.021094 0.092708 0.035156
0 0.047656 0.029687 0.092188 0.050000
0 0.488021 0.672266 0.101042 0.053125
0 0.600521 0.660937 0.111458 0.080469
0 0.709115 0.624219 0.103646 0.049219
0 0.708854 0.677734 0.106250 0.054688
0 0.823958 0.627930 0.112500 0.054297
0 0.821354 0.681836 0.113542 0.053516
0 0.941667 0.631836 0.116667 0.055078
0 0.944010 0.686523 0.111979 0.053516
0 0.804948 0.761523 0.108854 0.051172
0 0.925000 0.764258 0.118750 0.056641
0 0.807813 0.818164 0.102083 0.055859
0 0.048958 0.087695 0.088542 0.047266
0 0.696875 0.757422 0.101042 0.050000
0 0.359375 0.405273 0.106250 0.054297
