0 0.304948 0.649805 0.033854 0.057422
0 0.680729 0.300586 0.046875 0.073047
0 0.506250 0.646680 0.032292 0.066797
0 0.466406 0.648828 0.033854 0.059375
0 0.426823 0.650977 0.031771 0.049609
0 0.390365 0.657617 0.023438 0.050391
0 0.351042 0.650000 0.037500 0.054688
0 0.261719 0.644531 0.031771 0.067969
0 0.185677 0.653320 0.032813 0.065234
0 0.144010 0.651172 0.030729 0.075000
0 0.078906 0.650391 0.030729 0.076563
0 0.046875 0.650781 0.028125 0.073438
0 0.014583 0.650977 0.028125 0.076953
0 0.024740 0.535352 0.030729 0.067578
0 0.063542 0.533008 0.034375 0.069141
0 0.107552 0.531055 0.034896 0.067578
0 0.150260 0.531836 0.043229 0.069141
0 0.191406 0.528320 0.036979 0.058984
0 0.231771 0.527148 0.040625 0.066797
0 0.276042 0.525391 0.040625 0.070312
0 0.316927 0.529883 0.030729 0.066797
0 0.357292 0.531055 0.034375 0.058984
0 0.398177 0.533008 0.031771 0.060547
0 0.435417 0.529297 0.033333 0.067969
0 0.473438 0.529297 0.028125 0.059375
0 0.513802 0.532813 0.035937 0.060937
0 0.554167 0.536133 0.036458 0.048828
0 0.594271 0.534375 0.032292 0.046875
0 0.632812 0.533984 0.036458 0.058594
0 0.670833 0.534375 0.031250 0.052344
0 0.710417 0.530469 0.037500 0.048438
0 0.546354 0.645898 0.028125 0.059766
0 0.577604 0.648242 0.029167 0.058203
0 0.615625 0.644727 0.043750 0.056641
0 0.729167 0.644922 0.040625 0.050000
0 0.048958 0.784180 0.029167 0.061328
0 0.084896 0.783008 0.026042 0.058984
0 0.124219 0.781055 0.028646 0.057422
0 0.161458 0.779492 0.027083 0.063672
0 0.201042 0.783008 0.036458 0.067578
0 0.232552 0.776172 0.026562 0.067969
0 0.267448 0.775586 0.033854 0.069922
0 0.299219 0.782813 0.027604 0.060937
0 0.335677 0.776367 0.027604 0.068359
0 0.379167 0.777734 0.040625 0.060156
0 0.421094 0.780273 0.026562 0.065234
0 0.453385 0.782422 0.030729 0.060156
0 0.495052 0.780273 0.040104 0.055859
0 0.530469 0.782617 0.030729 0.058203
0 0.750521 0.533789 0.029167 0.053516
0 0.571615 0.780273 0.035937 0.047266
0 0.654427 0.774805 0.028646 0.051172
0 0.696094 0.775195 0.033854 0.055078
0 0.733073 0.772852 0.028646 0.058984
0 0.774219 0.771875 0.038021 0.059375
0 0.846094 0.771094 0.032813 0.052344
0 0.883333 0.756250 0.031250 0.081250
0 0.926562 0.766211 0.038542 0.061328
0 0.970052 0.765430 0.042188 0.057422
0 0.986979 0.638281 0.026042 0.066406
0 0.948698 0.640039 0.038021 0.059766
0 0.903125 0.639844 0.038542 0.066406
0 0.856771 0.644336 0.034375 0.062891
0 0.812760 0.644727 0.034896 0.056641
0 0.770312 0.647852 0.034375 0.047266
0 0.610938 0.776953 0.034375 0.052344
0 0.788542 0.533203 0.043750 0.054688
0 0.833333 0.528906 0.041667 0.066406
0 0.882292 0.526758 0.039583 0.064453
0 0.905208 0.189453 0.031250 0.076563
0 0.945833 0.177734 0.035417 0.096875
0 0.984115 0.178516 0.031771 0.092188
0 0.977344 0.305078 0.045312 0.052344
0 0.900260 0.299023 0.044271 0.076172
0 0.784635 0.294727 0.041146 0.076172
0 0.733073 0.298047 0.044271 0.072656
0 0.479167 0.420898 0.028125 0.071484
0 0.634115 0.298828 0.042188 0.071094
0 0.586719 0.297070 0.035937 0.074609
0 0.541667 0.296875 0.034375 0.075000
0 0.496615 0.298438 0.035937 0.077344
0 0.451302 0.298047 0.033854 0.072656
0 0.409896 0.296680 0.032292 0.069141
0 0.863281 0.186523 0.028646 0.073828
0 0.370312 0.298828 0.037500 0.073438
0 0.278646 0.300586 0.038542 0.076172
0 0.233594 0.299023 0.041146 0.073047
0 0.146094 0.302539 0.034896 0.080859
0 0.100000 0.300586 0.034375 0.079297
0 0.055208 0.301172 0.037500 0.078125
0 0.013802 0.304883 0.026562 0.079297
0 0.020833 0.424414 0.037500 0.081641
0 0.067187 0.421289 0.034375 0.079297
0 0.154167 0.420117 0.035417 0.076172
0 0.197135 0.419531 0.036979 0.077344
0 0.235677 0.426367 0.032813 0.069141
0 0.277604 0.425586 0.032292 0.065234
0 0.315885 0.419336 0.028646 0.074609
0 0.358333 0.421875 0.029167 0.069531
0 0.324740 0.300977 0.038021 0.078516
0 0.015625 0.784180 0.030208 0.058203
0 0.832552 0.175586 0.024479 0.092578
0 0.754687 0.176172 0.037500 0.094531
0 0.929167 0.522461 0.040625 0.064453
0 0.974479 0.528125 0.042708 0.067969
0 0.980208 0.415234 0.039583 0.074219
0 0.929167 0.412109 0.040625 0.063281
0 0.875260 0.413086 0.048438 0.076172
0 0.819531 0.415820 0.044271 0.067578
0 0.758333 0.414844 0.037500 0.072656
0 0.701302 0.412695 0.046354 0.062109
0 0.625000 0.406836 0.035417 0.062109
0 0.553385 0.423633 0.034896 0.066016
0 0.518750 0.418750 0.034375 0.067187
0 0.013021 0.178516 0.025000 0.103125
0 0.044271 0.178125 0.034375 0.105469
0 0.086979 0.178516 0.032292 0.098437
0 0.795833 0.174805 0.031250 0.091016
0 0.126823 0.178711 0.034896 0.106641
0 0.205990 0.175391 0.031771 0.098437
0 0.245833 0.178320 0.027083 0.104297
0 0.282813 0.175195 0.031250 0.101953
0 0.322396 0.175977 0.030208 0.106641
0 0.361198 0.175781 0.026562 0.100781
0 0.397396 0.178906 0.030208 0.097656
0 0.439063 0.179492 0.029167 0.096484
0 0.479167 0.180469 0.025000 0.091406
0 0.514062 0.184180 0.033333 0.104297
0 0.553646 0.180469 0.035417 0.094531
0 0.594010 0.177734 0.031771 0.093750
0 0.632031 0.181641 0.034896 0.100781
0 0.671615 0.176953 0.032813 0.092969
0 0.710156 0.176367 0.032813 0.094141
0 0.168229 0.179492 0.029167 0.105078
0 0.393750 0.425195 0.034375 0.060547
0 0.438021 0.419727 0.034375 0.062891
