0 0.630990 0.762500 0.045312 0.067187
0 0.643490 0.984180 0.057813 0.031641
0 0.788542 0.820508 0.038542 0.062891
0 0.577604 0.759180 0.051042 0.060547
0 0.523958 0.758398 0.047917 0.062109
0 0.989844 0.819141 0.020313 0.065625
0 0.948438 0.816602 0.045833 0.060547
0 0.892969 0.819727 0.050521 0.064453
0 0.583854 0.983398 0.046875 0.033203
0 0.737240 0.822070 0.052604 0.066016
0 0.704688 0.981055 0.047917 0.031641
0 0.832552 0.972656 0.067187 0.048438
0 0.897396 0.975586 0.056250 0.048828
0 0.915625 0.907813 0.056250 0.067187
0 0.843490 0.909961 0.068229 0.068359
0 0.770312 0.923828 0.054167 0.061719
0 0.838802 0.817187 0.047396 0.059375
0 0.765365 0.980273 0.052604 0.033203
0 0.682292 0.820898 0.043750 0.060547
0 0.604948 0.048828 0.036979 0.055469
0 0.579167 0.824805 0.045833 0.058984
0 0.706771 0.927148 0.056250 0.064453
0 0.648958 0.927344 0.048958 0.067187
0 0.589583 0.928516 0.054167 0.064844
0 0.525781 0.932227 0.059896 0.062891
0 0.975260 0.662305 0.047396 0.065234
0 0.061458 0.607812 0.051042 0.061719
0 0.073698 0.501953 0.047396 0.088281
0 0.125521 0.506641 0.052083 0.080469
0 0.115885 0.605469 0.047396 0.063281
0 0.171875 0.606836 0.051042 0.066016
0 0.459635 0.918359 0.059896 0.069531
0 0.396354 0.962500 0.045833 0.065625
0 0.632031 0.823047 0.047396 0.061719
0 0.329688 0.923828 0.061458 0.064844
0 0.264583 0.923633 0.046875 0.068359
0 0.022917 0.498633 0.045833 0.091016
0 0.970573 0.396094 0.057813 0.042188
0 0.968490 0.348047 0.061979 0.048438
0 0.890365 0.371289 0.085938 0.101172
0 0.018229 0.319531 0.036458 0.069531
0 0.015625 0.394922 0.031250 0.072656
0 0.058854 0.398633 0.048958 0.058984
0 0.184115 0.395703 0.034896 0.077344
0 0.234115 0.392773 0.054688 0.077734
0 0.292448 0.390820 0.054688 0.073828
0 0.310417 0.324023 0.054167 0.057422
0 0.205469 0.922656 0.061979 0.071094
0 0.352604 0.394727 0.058333 0.072266
0 0.475260 0.390625 0.063021 0.076563
0 0.536198 0.388867 0.052604 0.069922
0 0.595052 0.389844 0.057813 0.075000
0 0.596094 0.316602 0.059896 0.066797
0 0.657031 0.387305 0.052604 0.081641
0 0.717448 0.385547 0.060937 0.081250
0 0.796875 0.373633 0.087500 0.093359
0 0.412500 0.391602 0.054167 0.072266
0 0.128385 0.923242 0.088021 0.072266
0 0.041406 0.927148 0.082812 0.073828
0 0.988021 0.753320 0.023958 0.066016
0 0.336979 0.672070 0.043750 0.066797
0 0.286719 0.670898 0.051562 0.064453
0 0.229167 0.670508 0.053125 0.058203
0 0.170573 0.673828 0.055729 0.067187
0 0.115625 0.673828 0.042708 0.064844
0 0.062500 0.674219 0.053125 0.065625
0 0.015885 0.674805 0.031771 0.060547
0 0.389062 0.672266 0.051042 0.064062
0 0.016667 0.607617 0.033333 0.064453
0 0.921615 0.497070 0.055729 0.075391
0 0.868490 0.498047 0.042188 0.077344
0 0.821094 0.498437 0.044271 0.075000
0 0.769531 0.506445 0.052604 0.064453
0 0.710417 0.505273 0.051042 0.062109
0 0.653125 0.507227 0.048958 0.066016
0 0.598958 0.506445 0.048958 0.064453
0 0.977604 0.498437 0.043750 0.075000
0 0.960938 0.212695 0.078125 0.087891
0 0.446094 0.671094 0.048438 0.061719
0 0.546354 0.667969 0.048958 0.061719
0 0.946615 0.754297 0.042188 0.057813
0 0.898177 0.755078 0.045312 0.059375
0 0.919531 0.661523 0.044271 0.066797
0 0.865885 0.662695 0.049479 0.060547
0 0.175781 0.497461 0.042188 0.085547
0 0.240885 0.500195 0.068229 0.078516
0 0.312240 0.499023 0.066146 0.085547
0 0.493750 0.669141 0.043750 0.064062
0 0.377604 0.501953 0.052083 0.076563
0 0.491146 0.501758 0.054167 0.076172
0 0.546354 0.510742 0.052083 0.060547
0 0.814844 0.663867 0.047396 0.062891
0 0.761198 0.666211 0.052604 0.067578
0 0.707031 0.668750 0.044271 0.063281
0 0.651823 0.665820 0.048438 0.072266
0 0.598958 0.665625 0.048958 0.063281
0 0.434896 0.501953 0.054167 0.078906
0 0.885156 0.223438 0.059896 0.055469
0 0.123177 0.391797 0.061979 0.072656
0 0.759896 0.225586 0.061458 0.066016
0 0.977604 0.593945 0.043750 0.067578
0 0.682292 0.758203 0.043750 0.061719
0 0.740104 0.756641 0.054167 0.061719
0 0.789062 0.755078 0.032292 0.059375
0 0.842448 0.753906 0.054688 0.055469
0 0.919792 0.594531 0.052083 0.065625
0 0.864062 0.595898 0.045833 0.068359
0 0.813802 0.595898 0.045312 0.068359
0 0.762500 0.598047 0.046875 0.063281
0 0.707031 0.599219 0.052604 0.065625
0 0.601562 0.593359 0.054167 0.063281
0 0.544792 0.598242 0.041667 0.066797
0 0.825521 0.223242 0.056250 0.058203
0 0.441667 0.602930 0.052083 0.067578
0 0.386198 0.602148 0.045312 0.066016
0 0.008854 0.832031 0.017708 0.061719
0 0.050781 0.828516 0.049479 0.060937
0 0.104948 0.828906 0.049479 0.064062
0 0.158594 0.831055 0.052604 0.056641
0 0.525781 0.824219 0.047396 0.057813
0 0.473438 0.762109 0.046875 0.063281
0 0.421094 0.761523 0.047396 0.068359
0 0.371354 0.761914 0.043750 0.066016
0 0.319531 0.763477 0.052604 0.066016
0 0.262760 0.764453 0.047396 0.064844
0 0.211458 0.762695 0.048958 0.064453
0 0.334115 0.602734 0.045312 0.067187
0 0.153646 0.764453 0.054167 0.061719
0 0.039844 0.762109 0.047396 0.063281
0 0.476823 0.825195 0.042188 0.056641
0 0.420312 0.826562 0.045833 0.059375
0 0.369531 0.826367 0.040104 0.058984
0 0.321875 0.829492 0.045833 0.059766
0 0.265885 0.828516 0.057813 0.057813
0 0.211198 0.828516 0.045312 0.060937
0 0.093229 0.763867 0.054167 0.060547
0 0.282552 0.602930 0.051562 0.067578
0 0.495833 0.597461 0.043750 0.062109
0 0.104427 0.082031 0.052604 0.082812
0 0.663542 0.087695 0.054167 0.058203
0 0.721354 0.086719 0.048958 0.064844
0 0.770833 0.089063 0.043750 0.060937
0 0.046615 0.082812 0.056771 0.084375
0 0.869531 0.085742 0.052604 0.062891
0 0.921615 0.083789 0.044271 0.062109
0 0.975781 0.076953 0.048438 0.069531
0 0.609635 0.099023 0.042188 0.035547
0 0.146354 0.232617 0.071875 0.064453
0 0.290625 0.225195 0.079167 0.073828
0 0.373437 0.224414 0.071875 0.072266
0 0.444792 0.234180 0.058333 0.052734
0 0.504167 0.230859 0.052083 0.055469
0 0.561458 0.230078 0.054167 0.056250
0 0.626042 0.227344 0.063542 0.063281
0 0.693750 0.225586 0.066667 0.056641
0 0.214583 0.232227 0.059375 0.058203
0 0.224219 0.604492 0.050521 0.067578
0 0.819010 0.087695 0.043229 0.058203
0 0.512500 0.087500 0.044792 0.060156
0 0.167448 0.082227 0.057813 0.083203
0 0.232813 0.081641 0.056250 0.078906
0 0.294271 0.080469 0.058333 0.076563
0 0.561198 0.086133 0.042188 0.060547
0 0.354948 0.079687 0.055729 0.078125
0 0.975000 0.962305 0.050000 0.075391
0 0.213542 0.981250 0.045833 0.037500
0 0.139844 0.981250 0.082812 0.037500
0 0.268490 0.983398 0.054688 0.033203
0 0.333073 0.980469 0.059896 0.039062
0 0.459635 0.981250 0.059896 0.037500
0 0.521615 0.984570 0.058854 0.026172
0 0.412500 0.086719 0.045833 0.061719
0 0.462500 0.089453 0.045833 0.055469
0 0.049740 0.984961 0.086979 0.030078
