0 0.943750 0.343750 0.051042 0.080469
0 0.889844 0.344727 0.051562 0.080078
0 0.810677 0.365820 0.070312 0.030078
0 0.809896 0.335742 0.071875 0.028516
0 0.818229 0.303516 0.071875 0.030469
0 0.727865 0.367969 0.068229 0.029687
0 0.734896 0.335938 0.064583 0.024219
0 0.732552 0.304102 0.070312 0.029297
0 0.628385 0.367383 0.069271 0.030859
0 0.628646 0.335547 0.069792 0.028125
0 0.624740 0.300586 0.072396 0.030078
0 0.181771 0.450781 0.078125 0.044531
0 0.273177 0.451367 0.073438 0.043359
0 0.431250 0.453906 0.066667 0.042969
0 0.538021 0.365430 0.065625 0.026953
0 0.186979 0.496680 0.075000 0.037109
0 0.354167 0.497656 0.071875 0.041406
0 0.433073 0.498437 0.063021 0.042969
0 0.555990 0.424805 0.170313 0.045703
0 0.541927 0.471484 0.148438 0.035156
0 0.546354 0.505664 0.154167 0.031641
0 0.746354 0.446094 0.210417 0.060937
0 0.764583 0.499023 0.175000 0.036328
0 0.896615 0.484180 0.041146 0.083203
0 0.953906 0.494531 0.071354 0.057031
0 0.240365 0.563281 0.069271 0.042188
0 0.355208 0.453125 0.067708 0.043750
0 0.540885 0.335938 0.071354 0.028906
0 0.448177 0.367188 0.063021 0.028125
0 0.313021 0.564258 0.061458 0.036328
0 0.169010 0.162695 0.072396 0.019141
0 0.172135 0.181641 0.065104 0.016406
0 0.172135 0.198047 0.065104 0.015625
0 0.172135 0.213086 0.065104 0.012891
0 0.173177 0.228125 0.064062 0.014844
0 0.243490 0.185742 0.068229 0.105859
0 0.314323 0.223242 0.064062 0.027734
0 0.382292 0.206250 0.070833 0.061719
0 0.441146 0.206641 0.038542 0.064062
0 0.586458 0.191406 0.060417 0.099219
0 0.639583 0.196875 0.037500 0.087500
0 0.696875 0.191406 0.057292 0.096875
0 0.761198 0.187695 0.059896 0.104297
0 0.537240 0.300586 0.071354 0.032422
0 0.824479 0.186914 0.057292 0.109766
0 0.130208 0.299023 0.066667 0.021484
0 0.166146 0.323047 0.077083 0.018750
0 0.175260 0.345313 0.092188 0.019531
0 0.178646 0.368750 0.078125 0.020313
0 0.258594 0.313672 0.068229 0.025000
0 0.271875 0.340234 0.078125 0.025000
0 0.274219 0.367383 0.069271 0.023047
0 0.369531 0.314258 0.065104 0.019141
0 0.358594 0.338477 0.067187 0.026172
0 0.371354 0.367578 0.065625 0.023438
0 0.463281 0.287109 0.066146 0.023438
0 0.457292 0.312305 0.064583 0.019922
0 0.445833 0.338477 0.068750 0.026172
0 0.925260 0.189062 0.049479 0.119531
0 0.212240 0.602734 0.056771 0.032031
0 0.274479 0.497266 0.076042 0.040625
0 0.239844 0.640039 0.065104 0.030078
0 0.407552 0.721289 0.086979 0.067578
0 0.491406 0.725391 0.060937 0.081250
0 0.578906 0.741211 0.096354 0.076953
0 0.736458 0.741797 0.118750 0.080469
0 0.889062 0.767578 0.050000 0.081250
0 0.940625 0.768359 0.047917 0.080469
0 0.090104 0.826172 0.043750 0.060156
0 0.048958 0.832812 0.030208 0.046094
0 0.013542 0.827148 0.027083 0.044922
0 0.176563 0.882031 0.043750 0.118750
0 0.219531 0.875781 0.033854 0.132031
0 0.167708 0.639062 0.060417 0.033594
0 0.266406 0.747266 0.094271 0.071094
0 0.311198 0.880078 0.047396 0.122656
0 0.418229 0.863086 0.077083 0.060547
0 0.419010 0.918945 0.072396 0.049609
0 0.500781 0.861719 0.073438 0.060156
0 0.574479 0.862500 0.072917 0.060156
0 0.499479 0.915820 0.073958 0.048828
0 0.573177 0.917383 0.071354 0.045703
0 0.679688 0.880078 0.056250 0.121094
0 0.723698 0.876563 0.029687 0.117969
0 0.762240 0.873828 0.038021 0.120313
0 0.820052 0.875586 0.034896 0.118359
0 0.875000 0.901758 0.045833 0.073828
0 0.934896 0.930469 0.050000 0.036719
0 0.357031 0.877930 0.036979 0.124609
0 0.173437 0.737305 0.067708 0.073828
0 0.260156 0.876367 0.047396 0.124609
0 0.888021 0.623633 0.041667 0.081641
0 0.948438 0.633789 0.068750 0.061328
0 0.308594 0.638086 0.066146 0.031641
0 0.336719 0.605078 0.033854 0.024219
0 0.368750 0.580273 0.040625 0.023047
0 0.411979 0.582227 0.038542 0.029297
0 0.383333 0.611133 0.045833 0.023047
0 0.369792 0.642773 0.038542 0.025391
0 0.410938 0.640820 0.036458 0.031641
0 0.429688 0.610547 0.036458 0.025000
0 0.454427 0.581445 0.038021 0.027734
0 0.500000 0.582812 0.034375 0.028125
0 0.540625 0.579688 0.043750 0.034375
0 0.477344 0.613672 0.040104 0.021094
0 0.521354 0.612500 0.042708 0.028906
0 0.278906 0.602539 0.065104 0.029297
0 0.496615 0.644531 0.041146 0.026562
0 0.451823 0.643555 0.040104 0.026953
0 0.728646 0.644531 0.080208 0.021094
0 0.814844 0.619336 0.092188 0.024609
0 0.727083 0.617578 0.083333 0.023438
0 0.823438 0.591602 0.088542 0.030078
0 0.828125 0.560547 0.088542 0.026562
0 0.816667 0.645898 0.085417 0.019141
0 0.623177 0.641992 0.123438 0.028516
0 0.614323 0.615820 0.129688 0.019922
0 0.636979 0.587500 0.141667 0.032031
0 0.540104 0.642773 0.045833 0.030078
0 0.743229 0.585938 0.064583 0.028906
