0 0.040850 0.440411 0.039216 0.057292
0 0.339869 0.623468 0.043301 0.055147
0 0.294322 0.624694 0.037990 0.055147
0 0.245302 0.625306 0.045343 0.058824
0 0.203023 0.626072 0.026961 0.062806
0 0.169935 0.625000 0.026961 0.058211
0 0.142361 0.628676 0.027369 0.055760
0 0.112132 0.628676 0.023284 0.060662
0 0.085376 0.628217 0.018791 0.054841
0 0.059641 0.628983 0.023693 0.058824
0 0.034109 0.627298 0.018382 0.057904
0 0.011234 0.628523 0.019199 0.055453
0 0.434232 0.624694 0.040850 0.052696
0 0.479984 0.624540 0.043301 0.052390
0 0.388685 0.628676 0.042075 0.041054
0 0.527778 0.622549 0.040033 0.063113
0 0.575980 0.617953 0.037582 0.069240
0 0.972018 0.706955 0.051879 0.106311
0 0.904820 0.701287 0.035948 0.112132
0 0.657271 0.617494 0.042484 0.068321
0 0.705270 0.638940 0.046160 0.021752
0 0.762051 0.637408 0.054330 0.021140
0 0.781863 0.518229 0.066993 0.059743
0 0.686070 0.517770 0.050245 0.066176
0 0.594567 0.520987 0.045343 0.055453
0 0.544322 0.521906 0.046977 0.059743
0 0.495507 0.525582 0.041667 0.057292
0 0.451185 0.527574 0.038807 0.061275
0 0.400735 0.531556 0.043301 0.054534
0 0.615809 0.635263 0.028186 0.034620
0 0.034314 0.742034 0.052288 0.033088
0 0.040237 0.706955 0.044526 0.022365
0 0.078636 0.712929 0.029003 0.058824
0 0.009600 0.443781 0.015931 0.051777
0 0.262051 0.795343 0.059232 0.042892
0 0.206087 0.805760 0.049428 0.063725
0 0.133374 0.814032 0.059232 0.048407
0 0.055760 0.814645 0.045343 0.059436
0 0.015727 0.812653 0.028186 0.057904
0 0.766340 0.700674 0.029412 0.061275
0 0.734477 0.708487 0.031863 0.071998
0 0.693423 0.717371 0.038807 0.050551
0 0.655229 0.710478 0.031863 0.056373
0 0.631536 0.704657 0.017157 0.066789
0 0.605392 0.709559 0.031046 0.069240
0 0.570670 0.708333 0.033497 0.071691
0 0.541258 0.697457 0.017974 0.045037
0 0.520629 0.699908 0.019199 0.052390
0 0.492034 0.711703 0.028186 0.073529
0 0.464461 0.709559 0.018791 0.066789
0 0.438113 0.707108 0.025735 0.066789
0 0.408088 0.711244 0.025327 0.072610
0 0.381332 0.710478 0.024101 0.071078
0 0.353350 0.709099 0.017974 0.068321
0 0.331904 0.707874 0.014297 0.063419
0 0.306168 0.711550 0.029003 0.068321
0 0.273284 0.715227 0.022059 0.063419
0 0.237541 0.725950 0.046977 0.057292
0 0.197100 0.722580 0.024918 0.056066
0 0.169730 0.718903 0.023284 0.053615
0 0.145629 0.721507 0.020833 0.053922
0 0.107026 0.708487 0.016340 0.057292
0 0.349673 0.527267 0.043301 0.058211
0 0.310458 0.524203 0.027778 0.066789
0 0.126021 0.706495 0.011029 0.050858
0 0.264297 0.524663 0.021242 0.065257
0 0.364175 0.178002 0.055964 0.131127
0 0.548815 0.177390 0.062500 0.171569
0 0.626225 0.184896 0.072712 0.166973
0 0.698734 0.196538 0.062500 0.187806
0 0.773080 0.193474 0.069036 0.181679
0 0.841299 0.195925 0.037990 0.169424
0 0.917892 0.300398 0.075980 0.106311
0 0.030433 0.326900 0.051062 0.092525
0 0.088848 0.328738 0.036356 0.076593
0 0.153186 0.321998 0.072712 0.082721
0 0.213440 0.334252 0.031454 0.072917
0 0.253881 0.342984 0.023284 0.057904
0 0.291054 0.346814 0.041258 0.063113
0 0.341095 0.340533 0.029412 0.087929
0 0.454861 0.333640 0.082108 0.079044
0 0.522672 0.329504 0.046977 0.080576
0 0.581291 0.330270 0.058007 0.084559
0 0.649714 0.329044 0.063317 0.077206
0 0.712827 0.327819 0.048203 0.074755
0 0.780229 0.326593 0.057190 0.072304
0 0.712623 0.434589 0.024101 0.070772
0 0.684845 0.431373 0.024918 0.066789
0 0.652165 0.441023 0.032271 0.046262
0 0.607843 0.435815 0.045752 0.056066
0 0.555964 0.435355 0.044118 0.057598
0 0.510417 0.432904 0.035539 0.067402
0 0.286765 0.525888 0.016340 0.065257
0 0.461193 0.434589 0.052288 0.063419
0 0.412582 0.432292 0.047386 0.068627
0 0.301675 0.178002 0.049428 0.138480
0 0.226716 0.148438 0.084150 0.116115
0 0.388276 0.338695 0.041258 0.084252
0 0.084763 0.145833 0.041258 0.128676
0 0.263480 0.827665 0.055556 0.018689
0 0.473856 0.807445 0.044935 0.049939
0 0.139093 0.138480 0.051062 0.131127
0 0.518995 0.809436 0.032271 0.056373
0 0.558619 0.802849 0.039624 0.073223
0 0.601511 0.798407 0.029820 0.074142
0 0.645629 0.794271 0.048611 0.056066
0 0.648080 0.831342 0.050245 0.013787
0 0.702410 0.801777 0.043709 0.058211
0 0.421160 0.800858 0.044935 0.066789
0 0.843137 0.540288 0.035131 0.121630
0 0.982843 0.310202 0.034314 0.121017
0 0.238358 0.525123 0.028186 0.071078
0 0.213235 0.524816 0.014706 0.063113
0 0.186275 0.524357 0.029412 0.059743
0 0.762255 0.796415 0.064542 0.070159
0 0.149918 0.525582 0.032680 0.062194
0 0.098856 0.440564 0.062908 0.050245
0 0.141544 0.436581 0.015931 0.057598
0 0.165850 0.442402 0.028595 0.053922
0 0.035335 0.148897 0.051062 0.132353
0 0.232843 0.431526 0.020425 0.052390
0 0.262051 0.445312 0.029820 0.045037
0 0.197508 0.444087 0.029003 0.057292
0 0.354984 0.433824 0.047386 0.061887
0 0.010621 0.529259 0.017974 0.059743
0 0.039216 0.530484 0.035948 0.062194
0 0.077410 0.526042 0.039624 0.063113
0 0.113971 0.532782 0.033497 0.052083
0 0.306985 0.432598 0.046977 0.066789
