0 0.090686 0.778799 0.044118 0.099265
0 0.128268 0.791360 0.022876 0.096201
0 0.337623 0.802696 0.029003 0.075368
0 0.798203 0.702972 0.045752 0.051164
0 0.501021 0.501225 0.033088 0.071691
0 0.538194 0.508119 0.030637 0.054841
0 0.536969 0.453738 0.021650 0.022672
0 0.601716 0.506740 0.030229 0.061275
0 0.571283 0.506127 0.029820 0.064951
0 0.683824 0.508119 0.037582 0.071385
0 0.641136 0.510570 0.038807 0.064032
0 0.633987 0.455116 0.036765 0.015625
0 0.675654 0.455423 0.034314 0.018689
0 0.215891 0.806526 0.031454 0.073223
0 0.252042 0.805147 0.031046 0.072917
0 0.279412 0.794118 0.022059 0.082108
0 0.698325 0.689645 0.028186 0.058211
0 0.309028 0.808058 0.023284 0.078738
0 0.391340 0.813572 0.027778 0.083027
0 0.426675 0.811121 0.028186 0.087316
0 0.456904 0.814032 0.031454 0.083946
0 0.489788 0.809589 0.030229 0.086703
0 0.525735 0.797488 0.028595 0.091299
0 0.559436 0.813572 0.028186 0.085478
0 0.726511 0.471814 0.033088 0.053922
0 0.868056 0.506893 0.053922 0.076287
0 0.803309 0.500766 0.049428 0.083027
0 0.918709 0.506281 0.040850 0.051164
0 0.224265 0.679075 0.035948 0.053615
0 0.980392 0.370558 0.039216 0.098346
0 0.925041 0.375306 0.050245 0.083946
0 0.364379 0.807598 0.018791 0.075368
0 0.745915 0.691483 0.046569 0.056985
0 0.654616 0.717525 0.049428 0.022672
0 0.408088 0.498621 0.049020 0.073836
0 0.306168 0.675398 0.024101 0.058517
0 0.281658 0.675398 0.020016 0.048713
0 0.258170 0.673100 0.027778 0.060662
0 0.343954 0.696998 0.041667 0.026961
0 0.342116 0.663603 0.037990 0.030025
0 0.401144 0.681985 0.050654 0.066789
0 0.454861 0.680760 0.037173 0.064338
0 0.490809 0.681066 0.032271 0.057598
0 0.527369 0.680300 0.018791 0.046262
0 0.612337 0.689491 0.025327 0.059743
0 0.030025 0.636642 0.031454 0.060049
0 0.063725 0.642770 0.031863 0.062500
0 0.093342 0.640931 0.026552 0.063725
0 0.041258 0.773438 0.040850 0.090993
0 0.183824 0.806066 0.025327 0.070466
0 0.155025 0.801164 0.029003 0.074755
0 0.584150 0.691176 0.030229 0.053922
0 0.553105 0.689798 0.022059 0.062806
0 0.651757 0.688572 0.046977 0.034007
0 0.095792 0.535692 0.037990 0.066483
0 0.049428 0.529871 0.050654 0.071998
0 0.261438 0.497855 0.040033 0.060662
0 0.305760 0.485294 0.026552 0.080882
0 0.229167 0.493413 0.017157 0.063419
0 0.193015 0.493566 0.037173 0.071078
0 0.152982 0.492034 0.037173 0.065564
0 0.366830 0.503523 0.026961 0.052390
0 0.336601 0.493260 0.030229 0.068015
0 0.454044 0.507812 0.029003 0.075674
0 0.875613 0.386642 0.043709 0.063725
0 0.781250 0.368413 0.088644 0.108762
0 0.986111 0.506893 0.027778 0.078738
0 0.640319 0.373162 0.052696 0.082108
0 0.773080 0.823683 0.043709 0.064645
0 0.835172 0.800092 0.042892 0.089154
0 0.882557 0.800858 0.051062 0.081495
0 0.952002 0.809436 0.071487 0.083946
0 0.965686 0.704197 0.044935 0.058517
0 0.697712 0.372855 0.058824 0.079044
0 0.847631 0.696078 0.035948 0.063725
0 0.986111 0.616881 0.027778 0.053615
0 0.947712 0.618107 0.040850 0.049326
0 0.915237 0.618719 0.024101 0.048100
0 0.889297 0.618566 0.019608 0.052696
0 0.850082 0.612439 0.047386 0.064338
0 0.763276 0.771446 0.049428 0.036765
0 0.803717 0.607690 0.031454 0.068934
0 0.720384 0.603401 0.055964 0.072610
0 0.672386 0.589767 0.027778 0.050245
0 0.639502 0.591146 0.025735 0.048100
0 0.602737 0.598958 0.029003 0.063725
0 0.546569 0.598652 0.040850 0.063113
0 0.486928 0.602022 0.036765 0.060049
0 0.455474 0.597120 0.022059 0.067402
0 0.401757 0.592831 0.033088 0.065564
0 0.324551 0.584559 0.032271 0.056373
0 0.282475 0.592984 0.033905 0.060968
0 0.225082 0.591299 0.037582 0.062500
0 0.192606 0.586703 0.024101 0.065564
0 0.770833 0.606005 0.026144 0.068015
0 0.732435 0.835784 0.032680 0.055147
0 0.895629 0.695466 0.042075 0.057598
0 0.655637 0.813266 0.022876 0.096507
0 0.578840 0.372855 0.058007 0.083946
0 0.490605 0.361979 0.111111 0.107537
0 0.300449 0.375766 0.057598 0.060968
0 0.191176 0.354779 0.133170 0.100490
0 0.191381 0.287377 0.142565 0.028186
0 0.091095 0.297794 0.031863 0.080270
0 0.037990 0.303615 0.044118 0.087010
0 0.098652 0.410999 0.028186 0.068934
0 0.047386 0.407629 0.046569 0.074449
0 0.036765 0.183058 0.051471 0.087929
0 0.689542 0.835325 0.039216 0.059130
0 0.149306 0.182138 0.049428 0.119179
0 0.231005 0.171109 0.055964 0.147978
0 0.285131 0.178156 0.052288 0.133272
0 0.170752 0.675398 0.040850 0.058517
0 0.397059 0.185815 0.042484 0.119792
0 0.623775 0.818781 0.029412 0.083640
0 0.590074 0.803156 0.025735 0.083640
0 0.964665 0.215074 0.059232 0.077819
0 0.750817 0.196538 0.062908 0.112439
0 0.822917 0.189798 0.060049 0.132659
0 0.902574 0.183977 0.059232 0.137561
0 0.336193 0.187653 0.049020 0.111213
0 0.631944 0.174939 0.035948 0.145833
0 0.684028 0.175551 0.047794 0.149510
0 0.516136 0.189491 0.051062 0.119792
0 0.579453 0.185202 0.046160 0.123468
0 0.454248 0.189032 0.044935 0.116422
