0 0.078125 0.100586 0.061458 0.087891
0 0.138281 0.359375 0.040104 0.075000
0 0.760156 0.083398 0.046354 0.095703
0 0.247135 0.355078 0.042188 0.078906
0 0.294531 0.354297 0.044271 0.079687
0 0.345313 0.353125 0.044792 0.079687
0 0.394792 0.354297 0.044792 0.079687
0 0.445573 0.353125 0.044271 0.079687
0 0.016927 0.488867 0.032813 0.078516
0 0.063281 0.486719 0.041146 0.081250
0 0.109115 0.487305 0.041146 0.075391
0 0.161719 0.484180 0.039062 0.078516
0 0.205729 0.482031 0.042708 0.083594
0 0.250260 0.482031 0.040104 0.081250
0 0.296615 0.483008 0.044271 0.078516
0 0.340625 0.483789 0.040625 0.075391
0 0.385937 0.481641 0.042708 0.075781
0 0.478125 0.482031 0.040625 0.078906
0 0.818229 0.080664 0.045833 0.099609
0 0.872396 0.079297 0.043750 0.096875
0 0.923698 0.077930 0.045312 0.098828
0 0.034896 0.235156 0.041667 0.086719
0 0.090365 0.234961 0.042188 0.076953
0 0.139063 0.231250 0.044792 0.088281
0 0.186719 0.229883 0.048438 0.085547
0 0.523438 0.481250 0.040625 0.079687
0 0.244010 0.227344 0.043229 0.087500
0 0.294010 0.228320 0.039062 0.087109
0 0.095052 0.359766 0.042188 0.075781
0 0.049740 0.359570 0.042188 0.080078
0 0.497656 0.352539 0.045312 0.077734
0 0.541146 0.351172 0.040625 0.077344
0 0.021354 0.100781 0.042708 0.090625
0 0.200781 0.097656 0.057813 0.086719
0 0.260677 0.094727 0.057813 0.087891
0 0.642969 0.345117 0.045312 0.086328
0 0.326042 0.093945 0.058333 0.086328
0 0.743750 0.342773 0.048958 0.089453
0 0.797135 0.342187 0.048438 0.085938
0 0.848958 0.340625 0.043750 0.087500
0 0.901302 0.340234 0.045312 0.086719
0 0.913021 0.213477 0.045833 0.091016
0 0.861719 0.215234 0.041146 0.087500
0 0.813542 0.215625 0.039583 0.088281
0 0.763021 0.217188 0.045833 0.089063
0 0.138542 0.100000 0.056250 0.084375
0 0.708333 0.220703 0.046875 0.089063
0 0.603906 0.220117 0.049479 0.092578
0 0.552344 0.220898 0.041146 0.094141
0 0.500260 0.225391 0.044271 0.085938
0 0.383073 0.094141 0.052604 0.084375
0 0.445312 0.227539 0.047917 0.083203
0 0.390885 0.229492 0.046354 0.084766
0 0.342448 0.225586 0.044271 0.086328
0 0.440625 0.093555 0.054167 0.090234
0 0.494792 0.086914 0.048958 0.095703
0 0.555729 0.086523 0.044792 0.099609
0 0.607552 0.084570 0.047396 0.095703
0 0.659115 0.083789 0.046354 0.096484
0 0.711198 0.083789 0.046354 0.098828
0 0.657552 0.216797 0.046354 0.090625
0 0.586198 0.352344 0.045312 0.077344
0 0.750521 0.610352 0.042708 0.058203
0 0.798958 0.608984 0.038542 0.065625
0 0.211198 0.717578 0.033854 0.081250
0 0.252344 0.725781 0.044271 0.069531
0 0.296094 0.721289 0.043229 0.076953
0 0.346094 0.723047 0.035937 0.066406
0 0.385937 0.726172 0.039583 0.063281
0 0.430469 0.726172 0.040104 0.063281
0 0.169271 0.718945 0.035417 0.081641
0 0.475260 0.726758 0.041146 0.062109
0 0.561458 0.718359 0.028125 0.078125
0 0.600260 0.721875 0.023438 0.064062
0 0.648698 0.723828 0.041146 0.067969
0 0.692708 0.719141 0.037500 0.072656
0 0.738802 0.719922 0.039062 0.081250
0 0.783854 0.722461 0.037500 0.067578
0 0.521875 0.722266 0.040625 0.071875
0 0.129427 0.721094 0.032813 0.081250
0 0.090885 0.721094 0.036979 0.081250
0 0.045573 0.720508 0.036979 0.084766
0 0.654948 0.605859 0.041146 0.071094
0 0.612500 0.604492 0.041667 0.075391
0 0.566406 0.606445 0.041146 0.067578
0 0.521094 0.610742 0.039062 0.058984
0 0.478906 0.612695 0.039062 0.066016
0 0.026302 0.616016 0.052604 0.069531
0 0.081510 0.607617 0.033854 0.074609
0 0.122396 0.610938 0.033333 0.074219
0 0.167187 0.609961 0.037500 0.074609
0 0.208333 0.610938 0.034375 0.074219
0 0.255729 0.615234 0.035417 0.067969
0 0.302083 0.613086 0.039583 0.063672
0 0.348438 0.612891 0.040625 0.066406
0 0.392188 0.613477 0.039583 0.062109
0 0.434896 0.611523 0.039583 0.060547
0 0.834375 0.722461 0.040625 0.069922
0 0.875521 0.729883 0.034375 0.051172
0 0.920573 0.684961 0.032813 0.108203
0 0.954948 0.683594 0.034896 0.107813
0 0.696615 0.853711 0.035937 0.062109
0 0.739062 0.849609 0.035417 0.064062
0 0.779687 0.848633 0.035417 0.062109
0 0.822396 0.849414 0.035417 0.066016
0 0.864583 0.835938 0.034375 0.092969
0 0.909896 0.835352 0.036458 0.101172
0 0.947135 0.836719 0.035937 0.101562
0 0.984635 0.838477 0.030729 0.101953
0 0.965625 0.313672 0.068750 0.045312
0 0.973437 0.197266 0.053125 0.039844
0 0.803906 0.475781 0.042188 0.078125
0 0.756771 0.476562 0.039583 0.077344
0 0.709375 0.478906 0.039583 0.077344
0 0.658333 0.479883 0.041667 0.079297
0 0.613021 0.472461 0.039583 0.076172
0 0.653125 0.856055 0.040625 0.059766
0 0.570312 0.476172 0.042708 0.085938
0 0.610156 0.849219 0.033854 0.063281
0 0.849219 0.477539 0.038021 0.079297
0 0.985677 0.681836 0.028646 0.108203
0 0.104688 0.836133 0.035417 0.091016
0 0.149479 0.835352 0.035417 0.091016
0 0.844792 0.608398 0.035417 0.059766
0 0.251302 0.837500 0.077604 0.094531
0 0.315365 0.836719 0.033854 0.089844
0 0.357812 0.835156 0.037500 0.089063
0 0.399479 0.836523 0.035417 0.091797
0 0.440365 0.850391 0.038021 0.065625
0 0.482031 0.847461 0.039062 0.062109
0 0.524219 0.850195 0.039062 0.067578
0 0.884115 0.607227 0.039062 0.059766
0 0.984375 0.561914 0.031250 0.077734
0 0.940625 0.554688 0.048958 0.100000
0 0.897396 0.476367 0.040625 0.081641
0 0.569531 0.848828 0.041146 0.067187
0 0.191146 0.835742 0.035417 0.091016
0 0.693229 0.342383 0.044792 0.086328
0 0.189583 0.356055 0.051042 0.075391
