0 0.585262 0.395074 0.044753 0.065755
0 0.475887 0.397027 0.065201 0.076606
0 0.413002 0.399957 0.054398 0.070747
0 0.349344 0.397244 0.055170 0.071398
0 0.293789 0.397569 0.050540 0.070747
0 0.534529 0.396701 0.045910 0.076389
0 0.642747 0.397461 0.053241 0.073134
0 0.289545 0.513455 0.114583 0.043837
0 0.751350 0.399197 0.048997 0.069227
0 0.039545 0.452799 0.074460 0.042318
0 0.041088 0.510525 0.073688 0.066623
0 0.403935 0.479926 0.104167 0.014974
0 0.404900 0.531141 0.110725 0.011936
0 0.233410 0.397352 0.061728 0.071181
0 0.405285 0.498372 0.111497 0.015842
0 0.404707 0.515408 0.110340 0.016493
0 0.698688 0.403320 0.050154 0.061415
0 0.171875 0.396376 0.053627 0.073134
0 0.676890 0.281359 0.048997 0.030165
0 0.106674 0.283420 0.055941 0.079861
0 0.899498 0.361220 0.102238 0.024523
0 0.895640 0.338650 0.099151 0.018012
0 0.524691 0.459201 0.124228 0.014323
0 0.972222 0.273329 0.055556 0.057509
0 0.749035 0.294596 0.069830 0.071398
0 0.807870 0.296224 0.042438 0.069878
0 0.687693 0.313694 0.049769 0.030165
0 0.075039 0.372938 0.090664 0.093533
0 0.623071 0.313802 0.069444 0.032986
0 0.489969 0.299479 0.046296 0.056858
0 0.435764 0.294054 0.052855 0.065538
0 0.385031 0.286892 0.040895 0.077257
0 0.335455 0.289605 0.050540 0.073134
0 0.281636 0.284288 0.051698 0.084201
0 0.227045 0.282227 0.048997 0.084852
0 0.170139 0.282769 0.058642 0.083333
0 0.549383 0.312826 0.067130 0.037977
0 0.525463 0.485569 0.112654 0.033637
0 0.533372 0.698459 0.043596 0.058811
0 0.643133 0.462131 0.105710 0.017578
0 0.057870 0.691406 0.111111 0.087674
0 0.172068 0.703776 0.101080 0.062066
0 0.278742 0.685004 0.101466 0.024523
0 0.279321 0.712674 0.097994 0.024740
0 0.485725 0.700412 0.042438 0.055339
0 0.612654 0.657986 0.108025 0.018663
0 0.615934 0.696072 0.110725 0.051432
0 0.167052 0.609918 0.116512 0.056641
0 0.705826 0.681532 0.060571 0.029731
0 0.767168 0.691298 0.050540 0.079644
0 0.840471 0.641927 0.073688 0.060764
0 0.917052 0.643446 0.069444 0.059028
0 0.832176 0.701606 0.071759 0.054688
0 0.907022 0.703125 0.070216 0.058594
0 0.905285 0.320747 0.092207 0.020399
0 0.972222 0.703559 0.055556 0.056424
0 0.706211 0.714410 0.061343 0.032986
0 0.290702 0.610569 0.103781 0.046224
0 0.288773 0.574327 0.104552 0.021484
0 0.405285 0.583116 0.103009 0.012587
0 0.641782 0.481228 0.111497 0.010634
0 0.639468 0.495226 0.106867 0.009549
0 0.647184 0.521593 0.117670 0.035807
0 0.768711 0.491753 0.117670 0.019531
0 0.775077 0.508681 0.118056 0.012587
0 0.771219 0.527127 0.110340 0.018229
0 0.980131 0.574653 0.033565 0.039062
0 0.940008 0.573025 0.034336 0.037977
0 0.905864 0.574436 0.030864 0.036892
0 0.636767 0.571398 0.113812 0.020399
0 0.637153 0.591471 0.114583 0.014974
0 0.635995 0.617947 0.108410 0.034505
0 0.519483 0.563260 0.100694 0.011502
0 0.517168 0.577148 0.105324 0.012804
0 0.518519 0.602973 0.108025 0.035807
0 0.408372 0.615885 0.109182 0.032552
0 0.405864 0.563585 0.104167 0.014323
0 0.526427 0.522027 0.110725 0.034505
0 0.892554 0.288520 0.096836 0.039714
0 0.898341 0.196940 0.032022 0.046224
0 0.948302 0.158529 0.029321 0.031901
0 0.098765 0.197700 0.048611 0.026042
0 0.148341 0.193359 0.045139 0.034288
0 0.200424 0.198676 0.038194 0.025825
0 0.238812 0.198134 0.033951 0.026910
0 0.271026 0.184570 0.025849 0.050130
0 0.298418 0.185547 0.021219 0.048611
0 0.323881 0.185330 0.025077 0.049479
0 0.378472 0.179036 0.044753 0.059028
0 0.425347 0.182943 0.040509 0.054253
0 0.467207 0.195421 0.034722 0.031033
0 0.980324 0.157769 0.030093 0.030816
0 0.537809 0.192274 0.039352 0.042101
0 0.499614 0.196940 0.027006 0.034071
0 0.964699 0.198134 0.028164 0.041233
0 0.826003 0.179579 0.061728 0.065321
0 0.766975 0.189019 0.046296 0.049479
0 0.931906 0.198459 0.030478 0.041884
0 0.696566 0.199978 0.024306 0.029297
0 0.663002 0.191732 0.034336 0.045356
0 0.625772 0.190647 0.032407 0.044488
0 0.582755 0.194987 0.044367 0.034939
0 0.725309 0.198568 0.027778 0.030382
