0 0.977533 0.840533 0.044935 0.044424
0 0.066585 0.694853 0.064542 0.043505
0 0.131944 0.692402 0.066993 0.043505
0 0.199551 0.693321 0.064951 0.045343
0 0.265931 0.693168 0.063725 0.045037
0 0.333333 0.692096 0.070261 0.042892
0 0.921364 0.839308 0.064134 0.044424
0 0.019812 0.737592 0.036356 0.042586
0 0.136029 0.738358 0.058824 0.039216
0 0.199551 0.738971 0.064951 0.042892
0 0.265931 0.737898 0.060458 0.043199
0 0.331291 0.738817 0.062908 0.042586
0 0.396855 0.737592 0.063317 0.042586
0 0.462827 0.739277 0.063725 0.045956
0 0.071487 0.739583 0.067810 0.041667
0 0.853350 0.840686 0.068627 0.044730
0 0.780842 0.834559 0.071487 0.042279
0 0.979984 0.796262 0.040033 0.039828
0 0.771242 0.617034 0.065359 0.044730
0 0.840074 0.617494 0.064951 0.043199
0 0.907271 0.617800 0.068627 0.043811
0 0.971814 0.616881 0.056373 0.044424
0 0.768382 0.664062 0.066176 0.045650
0 0.838031 0.662531 0.064134 0.042586
0 0.905025 0.664216 0.067402 0.045956
0 0.970180 0.663756 0.059641 0.045037
0 0.784722 0.743719 0.072712 0.045037
0 0.858252 0.746630 0.068627 0.045956
0 0.930556 0.750460 0.066176 0.043811
0 0.984886 0.748775 0.030229 0.050245
0 0.781046 0.788450 0.071895 0.041360
0 0.854371 0.795190 0.067402 0.042586
0 0.921977 0.795037 0.065359 0.039828
0 0.525531 0.693168 0.067402 0.046262
0 0.864992 0.569547 0.072304 0.043505
0 0.595792 0.694700 0.068219 0.043199
0 0.597018 0.739583 0.067402 0.044118
0 0.531658 0.831342 0.067402 0.043811
0 0.599877 0.831495 0.069853 0.044118
0 0.669935 0.831189 0.065359 0.043505
0 0.985703 0.338848 0.028595 0.110294
0 0.014502 0.484988 0.025735 0.080270
0 0.043301 0.481311 0.031046 0.083946
0 0.597631 0.785692 0.068627 0.045650
0 0.073734 0.480392 0.029820 0.083333
0 0.135212 0.479167 0.031046 0.083946
0 0.167075 0.477022 0.029412 0.087623
0 0.197917 0.477022 0.032271 0.087010
0 0.229167 0.477482 0.029412 0.081801
0 0.260417 0.477022 0.033088 0.082108
0 0.292279 0.475643 0.030637 0.085478
0 0.104167 0.479167 0.031046 0.085784
0 0.530025 0.784773 0.067402 0.043811
0 0.464665 0.831036 0.067402 0.045650
0 0.464869 0.784007 0.061275 0.042279
0 0.666667 0.784007 0.068627 0.047181
0 0.022672 0.781250 0.042075 0.041667
0 0.024306 0.823683 0.045343 0.040748
0 0.075368 0.782475 0.062500 0.036765
0 0.081495 0.826287 0.061683 0.043505
0 0.139502 0.782169 0.062500 0.041054
0 0.144199 0.824602 0.062092 0.042586
0 0.202206 0.780331 0.063725 0.039828
0 0.208538 0.827665 0.063317 0.043811
0 0.268587 0.783548 0.065768 0.038909
0 0.274101 0.827206 0.066993 0.042892
0 0.332925 0.784314 0.059641 0.042892
0 0.398897 0.784620 0.067402 0.043505
0 0.339461 0.827819 0.059641 0.044118
0 0.400735 0.829197 0.061275 0.044424
0 0.528799 0.739430 0.064951 0.041360
0 0.323325 0.474877 0.030637 0.085172
0 0.702002 0.608303 0.070670 0.044424
0 0.568832 0.610447 0.063317 0.043811
0 0.035948 0.361366 0.052288 0.108762
0 0.084763 0.359222 0.045343 0.111826
0 0.134804 0.358150 0.053105 0.109681
0 0.188317 0.356464 0.049020 0.112439
0 0.238358 0.356464 0.051062 0.113664
0 0.287786 0.355239 0.044526 0.112439
0 0.975082 0.201440 0.049837 0.115502
0 0.337214 0.355239 0.055147 0.111213
0 0.435049 0.351256 0.044935 0.113051
0 0.482843 0.350797 0.051471 0.113971
0 0.539216 0.350337 0.056373 0.116115
0 0.594158 0.347886 0.045343 0.117341
0 0.642565 0.347426 0.053105 0.115196
0 0.697100 0.345129 0.054330 0.117953
0 0.389093 0.352328 0.047794 0.115809
0 0.920752 0.200980 0.056373 0.113971
0 0.864583 0.202972 0.055147 0.111213
0 0.814134 0.206648 0.045752 0.117341
0 0.029412 0.234835 0.042484 0.106311
0 0.074346 0.233303 0.040850 0.110600
0 0.121324 0.231618 0.055556 0.107230
0 0.175858 0.227941 0.053513 0.113971
0 0.227737 0.227022 0.049428 0.112745
0 0.277982 0.225031 0.051062 0.114890
0 0.329657 0.224571 0.053105 0.112745
0 0.379698 0.220129 0.045343 0.119792
0 0.432394 0.219363 0.059232 0.119485
0 0.487541 0.218137 0.047794 0.123775
0 0.538194 0.214001 0.047794 0.118566
0 0.588644 0.214001 0.053922 0.119792
0 0.646650 0.212010 0.058007 0.117034
0 0.702410 0.209559 0.048611 0.116422
0 0.759600 0.209252 0.061683 0.113971
0 0.755923 0.341452 0.054330 0.117953
0 0.634191 0.610294 0.065768 0.044730
0 0.810458 0.339767 0.048203 0.116422
0 0.912377 0.340074 0.037173 0.108456
0 0.067198 0.615349 0.059232 0.041360
0 0.128881 0.614737 0.060866 0.040135
0 0.192402 0.613205 0.057190 0.041973
0 0.252042 0.613051 0.062092 0.044118
0 0.314747 0.614124 0.059232 0.043811
0 0.375408 0.566789 0.062908 0.045343
0 0.254085 0.568934 0.063725 0.044730
0 0.439747 0.567096 0.060866 0.043505
0 0.376838 0.612439 0.062500 0.042892
0 0.439951 0.611673 0.064542 0.041973
0 0.505310 0.611366 0.063725 0.043199
0 0.565564 0.564491 0.063317 0.043199
0 0.631332 0.564338 0.066585 0.042892
0 0.699551 0.561734 0.062500 0.043811
0 0.502655 0.565564 0.058415 0.040441
0 0.187908 0.569240 0.064542 0.042892
0 0.124387 0.570619 0.058415 0.043199
0 0.064134 0.571078 0.059641 0.041667
0 0.485498 0.471201 0.030637 0.084559
0 0.517770 0.473805 0.030637 0.083640
0 0.550041 0.471048 0.032271 0.087316
0 0.581087 0.470282 0.028186 0.083946
0 0.614379 0.470435 0.032680 0.086091
0 0.650327 0.469210 0.035948 0.086091
0 0.683619 0.469516 0.030637 0.085478
0 0.712827 0.467065 0.026961 0.086703
0 0.760008 0.475184 0.059232 0.127451
0 0.819649 0.473192 0.056781 0.128370
0 0.883374 0.472580 0.060049 0.129596
0 0.944853 0.470282 0.058824 0.129902
0 0.988154 0.469669 0.023693 0.133578
0 0.017770 0.571078 0.032271 0.044118
0 0.018995 0.617188 0.034722 0.042586
0 0.863971 0.338082 0.057190 0.118566
0 0.356413 0.474265 0.032271 0.085172
0 0.451593 0.470435 0.034722 0.088542
0 0.418096 0.472273 0.030637 0.087316
0 0.387459 0.474265 0.028186 0.083946
