0 0.170139 0.213151 0.050463 0.035156
0 0.968287 0.199479 0.031019 0.065625
0 0.029167 0.205078 0.053704 0.062240
0 0.047917 0.285547 0.057870 0.038802
0 0.157870 0.292839 0.030556 0.067448
0 0.190278 0.292187 0.029630 0.068750
0 0.225926 0.299740 0.037963 0.055208
0 0.291435 0.307292 0.075463 0.039062
0 0.238657 0.209635 0.081019 0.014063
0 0.098380 0.207422 0.064352 0.066927
0 0.240741 0.224870 0.085185 0.015885
0 0.708796 0.209635 0.040741 0.045312
0 0.355093 0.223698 0.045370 0.018229
0 0.405556 0.202474 0.030556 0.059635
0 0.452315 0.206120 0.038889 0.052344
0 0.503009 0.196094 0.051389 0.073438
0 0.554861 0.207552 0.031019 0.053125
0 0.583102 0.209115 0.018981 0.046354
0 0.627778 0.207292 0.023148 0.050000
0 0.665278 0.209375 0.042593 0.045312
0 0.353472 0.297135 0.033796 0.057292
0 0.751852 0.210156 0.041667 0.043750
0 0.799306 0.209115 0.042130 0.046354
0 0.840741 0.208854 0.039815 0.045833
0 0.306019 0.201172 0.045370 0.059635
0 0.387963 0.297786 0.034259 0.055990
0 0.874306 0.295312 0.056019 0.024479
0 0.450231 0.301042 0.031019 0.055208
0 0.542824 0.369010 0.079167 0.011458
0 0.544444 0.380469 0.074074 0.010417
0 0.543519 0.393880 0.072222 0.013281
0 0.595602 0.377604 0.022685 0.043229
0 0.640509 0.380990 0.061574 0.011458
0 0.641204 0.394531 0.062963 0.011979
0 0.688889 0.373307 0.025926 0.053385
0 0.720602 0.372656 0.025463 0.052083
0 0.597222 0.496745 0.047222 0.008073
0 0.599537 0.505859 0.048148 0.009115
0 0.962269 0.345573 0.048611 0.031771
0 0.907870 0.325260 0.046296 0.007812
0 0.906713 0.346875 0.043981 0.031771
0 0.860880 0.346745 0.042130 0.031510
0 0.942130 0.281510 0.072222 0.014063
0 0.945602 0.298177 0.075463 0.018229
0 0.875694 0.268880 0.054167 0.024740
0 0.884028 0.202474 0.024537 0.057031
0 0.810880 0.296094 0.048611 0.023958
0 0.752778 0.308203 0.030556 0.038281
0 0.712963 0.300000 0.044444 0.036458
0 0.659954 0.314844 0.054167 0.025521
0 0.606019 0.306120 0.052778 0.041406
0 0.549537 0.307682 0.050000 0.039844
0 0.493981 0.297266 0.054630 0.057552
0 0.420370 0.300781 0.026852 0.052604
0 0.909028 0.204427 0.023611 0.056250
0 0.796528 0.072396 0.041204 0.048958
0 0.977546 0.026432 0.044907 0.028906
0 0.126389 0.069010 0.074074 0.051562
0 0.045139 0.065495 0.077315 0.054427
0 0.072685 0.362760 0.132407 0.058854
0 0.105324 0.439193 0.078241 0.063281
0 0.031019 0.436849 0.057407 0.065365
0 0.248380 0.509505 0.052315 0.025781
0 0.310880 0.511589 0.067130 0.023177
0 0.373611 0.509505 0.051852 0.023698
0 0.429167 0.508333 0.052778 0.023958
0 0.474306 0.503776 0.031944 0.036719
0 0.503241 0.503385 0.025926 0.035417
0 0.528241 0.502474 0.020370 0.033594
0 0.208565 0.046094 0.067130 0.065625
0 0.556250 0.503776 0.030093 0.036198
0 0.724769 0.503385 0.025463 0.035417
0 0.779861 0.345182 0.055093 0.023698
0 0.775000 0.366406 0.049074 0.015625
0 0.769907 0.382422 0.047222 0.014323
0 0.774306 0.399740 0.043981 0.017708
0 0.815972 0.468359 0.049537 0.025260
0 0.449769 0.758594 0.038426 0.047396
0 0.080093 0.753906 0.031481 0.032813
0 0.008102 0.750521 0.016204 0.043229
0 0.035880 0.751563 0.033796 0.040104
0 0.813426 0.493620 0.053704 0.023177
0 0.873843 0.467057 0.063426 0.023698
0 0.609259 0.517057 0.067593 0.012760
0 0.933796 0.201953 0.021296 0.061198
0 0.268750 0.085156 0.047685 0.023958
0 0.267824 0.035547 0.045833 0.023177
0 0.977315 0.054427 0.044444 0.027083
0 0.978472 0.082682 0.043056 0.026302
0 0.923843 0.026172 0.056944 0.028385
0 0.923380 0.055469 0.060648 0.027083
0 0.926620 0.083724 0.058796 0.025781
0 0.871065 0.071224 0.036574 0.051302
0 0.834722 0.071094 0.032407 0.051042
0 0.478241 0.395964 0.051852 0.009115
0 0.739583 0.057292 0.059722 0.028125
0 0.743056 0.084375 0.058333 0.022396
0 0.675231 0.073307 0.071759 0.007552
0 0.675694 0.079818 0.076389 0.005990
0 0.268750 0.060286 0.047685 0.024740
0 0.675694 0.085677 0.076389 0.005729
0 0.618981 0.072656 0.036111 0.046875
0 0.582176 0.072266 0.034722 0.046094
0 0.546528 0.073047 0.035648 0.045573
0 0.506481 0.074089 0.037037 0.042448
0 0.468750 0.073698 0.035648 0.042708
0 0.424306 0.044141 0.046759 0.035677
0 0.423611 0.079818 0.050000 0.032552
0 0.369676 0.038411 0.053241 0.038281
0 0.370602 0.077995 0.055093 0.038281
0 0.314352 0.032161 0.044444 0.025781
0 0.317824 0.058594 0.047685 0.026042
0 0.317593 0.085026 0.047222 0.023698
0 0.675463 0.092188 0.076852 0.007292
0 0.480787 0.386849 0.052315 0.011198
0 0.208796 0.373698 0.037963 0.054167
0 0.410417 0.384896 0.018981 0.028646
0 0.983565 0.684635 0.032870 0.038542
0 0.955556 0.690495 0.023148 0.028385
0 0.927083 0.689974 0.029167 0.027344
0 0.983102 0.618229 0.032870 0.042188
0 0.939815 0.619922 0.054630 0.038281
0 0.887731 0.623698 0.040278 0.033854
0 0.831944 0.630078 0.022222 0.025260
0 0.846759 0.607812 0.030556 0.018750
0 0.783796 0.617057 0.036111 0.039844
0 0.737037 0.623307 0.050000 0.035677
0 0.683333 0.622266 0.049074 0.035677
0 0.629167 0.623828 0.051852 0.034115
0 0.463194 0.622786 0.052315 0.010677
0 0.462963 0.634505 0.056481 0.010156
0 0.406944 0.625521 0.050926 0.023438
0 0.353009 0.626693 0.054167 0.023177
0 0.296296 0.628255 0.055556 0.028906
0 0.239120 0.627344 0.052315 0.024479
0 0.180787 0.613151 0.050463 0.012760
0 0.181250 0.626432 0.046759 0.010677
0 0.183333 0.637500 0.055556 0.011458
0 0.131481 0.597786 0.045370 0.049219
0 0.091898 0.595703 0.034722 0.045052
0 0.034028 0.596615 0.038426 0.044792
0 0.140741 0.521094 0.034259 0.068750
0 0.837963 0.687630 0.043519 0.032552
0 0.437269 0.387370 0.030093 0.026302
0 0.793056 0.689323 0.042593 0.033333
0 0.660417 0.690365 0.067130 0.028125
0 0.453935 0.688281 0.063426 0.026562
0 0.404861 0.744010 0.042130 0.036979
0 0.488426 0.758203 0.034259 0.044010
0 0.521991 0.757682 0.035648 0.042969
0 0.559954 0.750521 0.041204 0.055208
0 0.599306 0.756120 0.034722 0.042448
0 0.642130 0.764583 0.048148 0.030208
0 0.686111 0.762630 0.033333 0.031510
0 0.284491 0.752734 0.044907 0.054427
0 0.235648 0.752083 0.040741 0.055729
0 0.193750 0.748047 0.033796 0.050260
0 0.159722 0.756250 0.025000 0.040104
0 0.130556 0.758594 0.026852 0.035417
0 0.797917 0.760547 0.048611 0.032031
0 0.858333 0.752344 0.053704 0.058854
0 0.918287 0.752734 0.058796 0.059635
0 0.974074 0.744401 0.051852 0.030990
0 0.885417 0.683203 0.048611 0.042448
0 0.092130 0.677474 0.043519 0.054948
0 0.041667 0.678646 0.049074 0.055208
0 0.204630 0.688411 0.089815 0.036198
0 0.303472 0.676172 0.065278 0.035677
0 0.378704 0.694271 0.079630 0.023958
0 0.521296 0.691016 0.066667 0.029427
0 0.590509 0.692448 0.068056 0.032292
0 0.733333 0.695833 0.068519 0.022396
0 0.180556 0.574870 0.041667 0.027344
0 0.109028 0.521484 0.030093 0.071615
0 0.277083 0.550521 0.038426 0.019271
0 0.512037 0.449479 0.035185 0.042708
0 0.466204 0.449609 0.037037 0.045573
0 0.767130 0.434635 0.046296 0.013021
0 0.767593 0.450781 0.047222 0.016667
0 0.766667 0.469531 0.045370 0.018229
0 0.763889 0.487500 0.044444 0.015625
0 0.762500 0.519922 0.045370 0.015885
0 0.756944 0.536589 0.047222 0.015365
0 0.425694 0.450391 0.032870 0.039844
0 0.389583 0.450391 0.032870 0.039844
0 0.352315 0.448828 0.035185 0.044010
0 0.314120 0.449479 0.035648 0.045312
0 0.277778 0.449870 0.035185 0.043490
0 0.240741 0.448307 0.034259 0.042969
0 0.185185 0.465755 0.072222 0.010677
0 0.171065 0.443490 0.034722 0.030729
0 0.166667 0.369141 0.038889 0.059635
0 0.255787 0.387370 0.030093 0.007552
0 0.253472 0.396094 0.033796 0.007812
0 0.283102 0.369531 0.029167 0.019792
0 0.285417 0.390365 0.026389 0.020313
0 0.319444 0.377734 0.037963 0.045573
0 0.350000 0.379427 0.017593 0.039583
0 0.368750 0.379427 0.017130 0.039583
0 0.390509 0.384375 0.018056 0.030208
0 0.235417 0.569271 0.035648 0.028125
0 0.584722 0.450391 0.035185 0.042448
0 0.549769 0.450521 0.033796 0.042708
0 0.655093 0.447656 0.031481 0.043750
0 0.271991 0.576302 0.031944 0.028646
0 0.310417 0.575391 0.036574 0.028385
0 0.399306 0.567708 0.035648 0.044271
0 0.433565 0.568099 0.018981 0.045052
0 0.500694 0.566016 0.071759 0.009635
0 0.513889 0.577604 0.068519 0.008854
0 0.598611 0.558333 0.046296 0.008854
0 0.589120 0.577474 0.069907 0.023177
0 0.361806 0.574349 0.024537 0.030990
0 0.047222 0.514323 0.031481 0.061979
0 0.620370 0.448437 0.034259 0.045312
0 0.662963 0.576693 0.068519 0.021615
0 0.668519 0.560547 0.071296 0.008594
0 0.812500 0.559766 0.073148 0.025781
0 0.718519 0.445833 0.038889 0.047396
0 0.810880 0.416797 0.027315 0.035156
0 0.766898 0.418490 0.045833 0.019271
0 0.734259 0.576693 0.070370 0.021615
0 0.907176 0.416536 0.049537 0.036719
0 0.853009 0.415755 0.052315 0.035156
0 0.943056 0.488932 0.070370 0.028385
0 0.874537 0.491927 0.061111 0.022396
0 0.186574 0.510547 0.057407 0.023698
0 0.977546 0.557292 0.044907 0.032813
0 0.931250 0.557813 0.042130 0.033854
0 0.960648 0.417057 0.053704 0.035677
0 0.763194 0.503255 0.044907 0.015885
