0 0.404003 0.111366 0.045752 0.113664
0 0.983252 0.385876 0.033497 0.065870
0 0.707925 0.609681 0.070261 0.039216
0 0.889706 0.594516 0.062908 0.046262
0 0.070057 0.598192 0.087010 0.052390
0 0.067606 0.656250 0.098448 0.058824
0 0.161765 0.647672 0.087418 0.071691
0 0.250000 0.640012 0.088235 0.060049
0 0.338440 0.639400 0.081291 0.060662
0 0.336397 0.578278 0.085376 0.057292
0 0.420343 0.568781 0.082516 0.051777
0 0.419118 0.631434 0.067810 0.061275
0 0.494281 0.625306 0.071078 0.052083
0 0.565564 0.620404 0.066585 0.048407
0 0.639297 0.610294 0.067810 0.051471
0 0.636438 0.559896 0.068627 0.048100
0 0.718546 0.557292 0.075163 0.050245
0 0.782475 0.550858 0.051879 0.049632
0 0.839869 0.548713 0.061275 0.052696
0 0.897876 0.545650 0.054739 0.048407
0 0.949755 0.387408 0.031863 0.065257
0 0.773897 0.602482 0.055147 0.048713
0 0.828431 0.600031 0.054739 0.043811
0 0.954248 0.588695 0.061275 0.036458
0 0.919118 0.388634 0.027778 0.066483
0 0.360703 0.108609 0.040850 0.122243
0 0.159722 0.098499 0.046569 0.132659
0 0.791462 0.395067 0.033088 0.068934
0 0.758578 0.393229 0.032680 0.073836
0 0.716095 0.370711 0.033497 0.050245
0 0.681373 0.372549 0.033497 0.056373
0 0.649918 0.373468 0.031863 0.055760
0 0.612745 0.376532 0.031046 0.049632
0 0.576797 0.377451 0.040850 0.049632
0 0.816176 0.465686 0.030229 0.060049
0 0.482435 0.489583 0.092320 0.060662
0 0.398693 0.493566 0.075980 0.054534
0 0.317606 0.497855 0.084559 0.062500
0 0.230801 0.499387 0.086601 0.056985
0 0.485703 0.433670 0.074346 0.056066
0 0.404412 0.433670 0.079248 0.065870
0 0.320057 0.433977 0.089461 0.064645
0 0.230801 0.437347 0.082516 0.060968
0 0.408088 0.372855 0.082516 0.055760
0 0.823121 0.392004 0.027778 0.068321
0 0.887663 0.388940 0.034314 0.071385
0 0.854167 0.392616 0.032680 0.067708
0 0.493464 0.122396 0.044935 0.109988
0 0.214052 0.101256 0.053105 0.124694
0 0.263480 0.100950 0.045752 0.128370
0 0.498366 0.848652 0.062908 0.049020
0 0.313521 0.106771 0.051879 0.116728
0 0.971814 0.149816 0.035131 0.104167
0 0.943219 0.149816 0.022876 0.107230
0 0.913399 0.149203 0.036765 0.109069
0 0.879902 0.147059 0.035131 0.103554
0 0.844363 0.143995 0.033497 0.107843
0 0.811275 0.145833 0.032680 0.109069
0 0.777574 0.143689 0.033905 0.113358
0 0.736111 0.136183 0.040850 0.109988
0 0.698121 0.134038 0.034314 0.114890
0 0.657680 0.129749 0.043301 0.113664
0 0.616013 0.129442 0.041667 0.114890
0 0.575980 0.126991 0.039216 0.109988
0 0.535743 0.124847 0.039624 0.114890
0 0.449346 0.113817 0.042484 0.117341
0 0.423611 0.861520 0.080882 0.044118
0 0.094158 0.745558 0.094363 0.059743
0 0.419935 0.812194 0.061275 0.049632
0 0.934641 0.698529 0.054739 0.045343
0 0.876634 0.659007 0.049020 0.052083
0 0.824346 0.667279 0.054739 0.044118
0 0.708333 0.686581 0.071078 0.049020
0 0.628676 0.683824 0.062908 0.040441
0 0.558619 0.692096 0.073121 0.041667
0 0.496324 0.752604 0.066993 0.054228
0 0.427288 0.760263 0.071895 0.040135
0 0.408088 0.713542 0.070261 0.047794
0 0.347018 0.775888 0.090278 0.056679
0 0.259804 0.780944 0.075163 0.045343
0 0.176471 0.790135 0.084150 0.052696
0 0.091299 0.796262 0.088644 0.042279
0 0.712827 0.424173 0.039216 0.047488
0 0.680964 0.424479 0.024510 0.047488
0 0.651552 0.428156 0.035131 0.054841
0 0.614788 0.430300 0.035131 0.046875
0 0.786152 0.475490 0.030637 0.070466
0 0.752859 0.472426 0.037582 0.073529
0 0.877859 0.460784 0.026961 0.065564
0 0.903186 0.459865 0.024510 0.068015
0 0.931781 0.456495 0.032680 0.063113
0 0.964869 0.458946 0.033497 0.060662
0 0.982435 0.695772 0.031863 0.045956
0 0.541462 0.490502 0.034722 0.057598
0 0.608660 0.484069 0.031046 0.050858
0 0.639706 0.482230 0.031863 0.050858
0 0.673611 0.480699 0.030229 0.047181
0 0.706699 0.479473 0.039216 0.050245
0 0.540237 0.435509 0.032271 0.054228
0 0.577206 0.434589 0.041667 0.051164
0 0.575572 0.488664 0.034314 0.059436
0 0.926062 0.744026 0.049837 0.038297
0 0.976307 0.737286 0.040033 0.045037
0 0.567198 0.733915 0.069853 0.036458
0 0.974060 0.778799 0.051879 0.041667
0 0.091299 0.846814 0.088644 0.051471
0 0.093342 0.900888 0.092729 0.049326
0 0.178922 0.839461 0.084967 0.045956
0 0.183415 0.892616 0.081699 0.051164
0 0.262255 0.833640 0.084150 0.049632
0 0.919118 0.784926 0.052288 0.034926
0 0.110907 0.093903 0.050245 0.124081
0 0.018382 0.085938 0.036765 0.133885
0 0.187908 0.736060 0.078431 0.062806
0 0.320466 0.373468 0.086193 0.055760
0 0.347426 0.829350 0.082925 0.050858
0 0.265931 0.884498 0.079248 0.041054
0 0.344567 0.879902 0.077206 0.050858
0 0.063725 0.089920 0.045752 0.130821
0 0.488562 0.805760 0.071895 0.045956
0 0.862745 0.793199 0.049837 0.046569
0 0.750817 0.806679 0.053922 0.047181
0 0.632761 0.727482 0.058824 0.046262
0 0.702206 0.725184 0.071078 0.031250
0 0.764093 0.718750 0.051879 0.045956
0 0.817402 0.712623 0.057190 0.033701
0 0.869281 0.707414 0.046569 0.044118
0 0.559028 0.784314 0.053513 0.042892
0 0.810049 0.797794 0.054739 0.039216
0 0.625000 0.773897 0.066993 0.045343
0 0.763276 0.762408 0.058415 0.046875
0 0.818219 0.751685 0.050654 0.041360
0 0.875408 0.746477 0.050654 0.041973
0 0.562704 0.835478 0.069036 0.044118
0 0.632761 0.828125 0.071078 0.056373
0 0.694444 0.816483 0.051471 0.039828
0 0.699755 0.767004 0.066176 0.044424
0 0.228350 0.373775 0.089869 0.062500
0 0.535743 0.374387 0.039624 0.057598
0 0.848448 0.463235 0.029412 0.067402
0 0.472631 0.297488 0.035948 0.053309
0 0.435866 0.300551 0.031863 0.050858
0 0.406454 0.296569 0.030229 0.058211
0 0.374183 0.295650 0.031046 0.062500
0 0.339665 0.294730 0.038807 0.058824
0 0.297794 0.293199 0.044935 0.060662
0 0.253676 0.291360 0.042484 0.062500
0 0.214461 0.293505 0.033497 0.058211
0 0.170752 0.290135 0.048203 0.055760
0 0.122345 0.290441 0.040441 0.061275
0 0.081699 0.291973 0.040850 0.055147
0 0.037990 0.287071 0.043301 0.060662
0 0.946078 0.257812 0.028595 0.043811
0 0.918709 0.255974 0.026961 0.046875
0 0.893791 0.256893 0.022059 0.048713
0 0.869690 0.255362 0.026961 0.051777
0 0.839461 0.251991 0.031863 0.046262
0 0.506536 0.299020 0.034314 0.053922
0 0.544322 0.299632 0.040441 0.052083
0 0.582108 0.300551 0.035131 0.056985
0 0.618056 0.301164 0.037582 0.058211
0 0.155637 0.493566 0.042484 0.082108
0 0.109681 0.492647 0.051879 0.079044
0 0.061275 0.495711 0.044935 0.074142
0 0.157680 0.401808 0.050654 0.087929
0 0.105596 0.404259 0.051879 0.090380
0 0.052696 0.407016 0.048203 0.095282
0 0.980392 0.306679 0.035948 0.047181
0 0.948121 0.305760 0.028595 0.049020
0 0.810049 0.250153 0.026144 0.047488
0 0.919118 0.303615 0.027778 0.044118
0 0.861111 0.304841 0.026144 0.044730
0 0.833742 0.302696 0.028595 0.049020
0 0.805556 0.302390 0.029412 0.049632
0 0.777165 0.306373 0.024918 0.047181
0 0.745915 0.302696 0.031863 0.049020
0 0.714461 0.300858 0.030229 0.054534
0 0.679739 0.300245 0.038399 0.053922
0 0.649510 0.300245 0.022876 0.056373
0 0.888480 0.304228 0.031863 0.042892
0 0.781658 0.252911 0.029820 0.050551
0 0.979167 0.259038 0.033497 0.046875
0 0.716912 0.250153 0.031046 0.053615
0 0.104371 0.015625 0.047794 0.030025
0 0.158088 0.014706 0.042484 0.028799
0 0.750408 0.252604 0.032680 0.052390
0 0.206699 0.018076 0.039216 0.034314
0 0.038399 0.226256 0.044118 0.057904
0 0.084559 0.227175 0.046569 0.056066
0 0.125613 0.229320 0.034722 0.060968
0 0.165033 0.231158 0.044935 0.057292
0 0.207516 0.233609 0.040033 0.063419
0 0.253676 0.236673 0.038399 0.055453
0 0.291258 0.237898 0.035948 0.059743
0 0.021038 0.499081 0.039624 0.087623
0 0.368464 0.240043 0.035948 0.054841
0 0.329044 0.240962 0.037990 0.049939
0 0.617647 0.249234 0.032680 0.048713
0 0.685866 0.248009 0.034314 0.048100
0 0.580474 0.246783 0.031863 0.053002
0 0.547590 0.246170 0.034722 0.051777
0 0.647876 0.246783 0.031863 0.046875
0 0.511438 0.243107 0.035948 0.057904
0 0.403595 0.241575 0.032680 0.051777
0 0.470997 0.241881 0.036765 0.054228
0 0.435458 0.242800 0.031046 0.054228
