0 0.821354 0.956641 0.056250 0.082031
0 0.729948 0.190039 0.054688 0.055078
0 0.729427 0.240625 0.060937 0.044531
0 0.658594 0.191602 0.068229 0.048828
0 0.658333 0.239844 0.059375 0.042969
0 0.587500 0.186914 0.062500 0.045703
0 0.588281 0.236133 0.064062 0.050391
0 0.518490 0.186328 0.056771 0.044531
0 0.519271 0.237500 0.066667 0.050000
0 0.436979 0.217383 0.086458 0.085547
0 0.350521 0.216602 0.086458 0.083984
0 0.704688 0.749219 0.052083 0.071094
0 0.758854 0.812305 0.052083 0.058203
0 0.804948 0.231641 0.051562 0.050781
0 0.763542 0.749023 0.057292 0.064453
0 0.819010 0.748437 0.051562 0.066406
0 0.932813 0.853906 0.134375 0.051562
0 0.921094 0.753320 0.155729 0.037109
0 0.929688 0.701367 0.140625 0.062109
0 0.019271 0.660742 0.037500 0.066797
0 0.022135 0.590039 0.044271 0.066797
0 0.065104 0.662109 0.050000 0.067969
0 0.117708 0.661719 0.051042 0.067187
0 0.115885 0.594531 0.051562 0.065625
0 0.170052 0.663477 0.047396 0.065234
0 0.170833 0.593750 0.052083 0.072656
0 0.267969 0.229492 0.066146 0.058203
0 0.819271 0.812109 0.056250 0.057813
0 0.202083 0.227148 0.058333 0.056641
0 0.790365 0.178906 0.058854 0.053906
0 0.859115 0.246680 0.055729 0.080859
0 0.925781 0.946094 0.124479 0.054688
0 0.103646 0.750586 0.051042 0.064453
0 0.158073 0.818555 0.047396 0.058984
0 0.155469 0.751172 0.049479 0.065625
0 0.210417 0.814844 0.051042 0.060156
0 0.207292 0.749609 0.053125 0.062500
0 0.261458 0.812695 0.048958 0.062109
0 0.262240 0.748437 0.050521 0.066406
0 0.315625 0.747266 0.048958 0.067187
0 0.365104 0.814453 0.051042 0.059375
0 0.364844 0.749609 0.054688 0.068750
0 0.418490 0.815625 0.053646 0.064844
0 0.843750 0.177539 0.048958 0.051172
0 0.419010 0.748828 0.054688 0.067187
0 0.532552 0.814844 0.056771 0.060156
0 0.531771 0.749023 0.059375 0.067578
0 0.586458 0.812891 0.047917 0.059375
0 0.590365 0.747461 0.052604 0.067578
0 0.647656 0.813086 0.050521 0.053516
0 0.646094 0.749023 0.051562 0.067578
0 0.701823 0.814453 0.054688 0.059375
0 0.875000 0.094336 0.055208 0.058984
0 0.956771 0.155664 0.086458 0.046484
0 0.927344 0.241211 0.034896 0.084766
0 0.920052 0.334375 0.032813 0.087500
0 0.969271 0.333984 0.059375 0.044531
0 0.473438 0.807813 0.055208 0.079687
0 0.139323 0.228711 0.061979 0.056641
0 0.072656 0.226758 0.069271 0.058984
0 0.045833 0.379883 0.059375 0.084766
0 0.484896 0.499219 0.050000 0.073438
0 0.538542 0.497070 0.053125 0.072266
0 0.594271 0.496484 0.047917 0.071094
0 0.649479 0.503516 0.054167 0.055469
0 0.755990 0.507422 0.061979 0.045312
0 0.744531 0.463477 0.067187 0.041797
0 0.825000 0.513867 0.059375 0.051953
0 0.808854 0.462695 0.039583 0.042578
0 0.964583 0.464453 0.069792 0.073438
0 0.771875 0.397852 0.050000 0.048828
0 0.841927 0.316016 0.069271 0.050781
0 0.776823 0.350391 0.051562 0.046875
0 0.430990 0.495117 0.054688 0.074609
0 0.720833 0.380273 0.047917 0.083203
0 0.845313 0.377148 0.060417 0.067578
0 0.852083 0.446094 0.041667 0.072656
0 0.902083 0.432812 0.040625 0.094531
0 0.588021 0.366211 0.091667 0.105859
0 0.485677 0.392773 0.107813 0.066016
0 0.478646 0.334570 0.097917 0.048828
0 0.482292 0.297656 0.096875 0.025781
0 0.375521 0.399414 0.100000 0.048828
0 0.373958 0.349805 0.096875 0.045703
0 0.276302 0.370508 0.094271 0.087109
0 0.182812 0.374609 0.084375 0.092969
0 0.109115 0.379688 0.061979 0.082031
0 0.667969 0.382227 0.054688 0.089453
0 0.371354 0.497266 0.052083 0.072656
0 0.317708 0.497070 0.057292 0.072266
0 0.264844 0.496094 0.043229 0.082812
0 0.225000 0.664648 0.056250 0.067578
0 0.226302 0.593945 0.054688 0.070703
0 0.278125 0.660352 0.045833 0.067578
0 0.278125 0.590039 0.045833 0.068359
0 0.329427 0.661133 0.048438 0.066016
0 0.331250 0.592187 0.052083 0.069531
0 0.384635 0.659961 0.058854 0.060547
0 0.386719 0.593359 0.054688 0.069531
0 0.439323 0.662109 0.051562 0.067969
0 0.438802 0.590039 0.050521 0.071484
0 0.492708 0.660547 0.050000 0.064844
0 0.490365 0.591992 0.049479 0.072266
0 0.547656 0.659961 0.051562 0.069922
0 0.601823 0.657617 0.050521 0.062109
0 0.547396 0.590234 0.058333 0.065625
0 0.605469 0.592187 0.054688 0.069531
0 0.658854 0.659375 0.053125 0.062500
0 0.659375 0.590039 0.050000 0.068359
0 0.716406 0.662695 0.055729 0.066016
0 0.715885 0.593359 0.057813 0.069531
0 0.822135 0.661133 0.061979 0.062891
0 0.826042 0.590430 0.061458 0.075391
0 0.937760 0.567773 0.124479 0.057422
0 0.050000 0.500586 0.056250 0.067578
0 0.106771 0.504297 0.053125 0.065625
0 0.163802 0.503320 0.054688 0.069922
0 0.214323 0.495508 0.047396 0.081641
0 0.813542 0.095312 0.053125 0.057813
0 0.753385 0.093750 0.060937 0.057813
0 0.314063 0.816992 0.045833 0.067578
0 0.703906 0.980469 0.046354 0.039062
0 0.332552 0.905273 0.070312 0.072266
0 0.329427 0.971289 0.068229 0.057422
0 0.395573 0.958398 0.055729 0.083203
0 0.761719 0.972070 0.057813 0.055859
0 0.037760 0.086719 0.051562 0.061719
0 0.086979 0.088477 0.045833 0.056641
0 0.142448 0.092773 0.048438 0.062109
0 0.193229 0.091797 0.048958 0.057031
0 0.240885 0.090430 0.044271 0.057422
0 0.259115 0.973633 0.059896 0.052734
0 0.288281 0.088867 0.046354 0.060547
0 0.384375 0.091797 0.045833 0.060156
0 0.437240 0.090234 0.051562 0.060156
0 0.455729 0.955664 0.060417 0.088672
0 0.650521 0.978906 0.056250 0.042188
0 0.760938 0.903320 0.056250 0.077734
0 0.707292 0.918555 0.044792 0.077734
0 0.587240 0.969336 0.057813 0.058984
0 0.650260 0.918750 0.051562 0.078125
0 0.521354 0.966797 0.062500 0.066406
0 0.335938 0.089063 0.048958 0.060937
0 0.579688 0.908594 0.062500 0.057813
0 0.261458 0.906445 0.064583 0.074609
0 0.133594 0.978906 0.058854 0.042188
0 0.104427 0.815625 0.052604 0.064844
0 0.050260 0.751758 0.048438 0.066797
0 0.052604 0.816992 0.048958 0.061328
0 0.198958 0.977344 0.060417 0.045312
0 0.637500 0.095312 0.050000 0.057813
0 0.585156 0.093359 0.045312 0.060156
0 0.537760 0.093359 0.047396 0.060156
0 0.691406 0.093945 0.053646 0.061328
0 0.022135 0.914258 0.044271 0.080078
0 0.074219 0.914453 0.059896 0.075781
0 0.024479 0.978906 0.044792 0.042188
0 0.076823 0.977344 0.056771 0.045312
0 0.136979 0.915430 0.061458 0.080859
0 0.199219 0.909766 0.060937 0.078906
0 0.488542 0.095312 0.048958 0.060937
0 0.514583 0.908008 0.057292 0.051172
