0 0.951797 0.591912 0.049020 0.102328
0 0.988358 0.591759 0.023284 0.095895
0 0.978962 0.459559 0.042075 0.105392
0 0.935662 0.465074 0.042892 0.113358
0 0.887459 0.462469 0.027369 0.097120
0 0.304126 0.580116 0.022467 0.089767
0 0.154003 0.585478 0.048203 0.107843
0 0.233864 0.587163 0.024101 0.094056
0 0.198734 0.589920 0.026552 0.085478
0 0.915441 0.582108 0.025327 0.090686
0 0.855392 0.457108 0.021242 0.100490
0 0.108456 0.580116 0.029003 0.089767
0 0.078636 0.571385 0.027369 0.077206
0 0.268587 0.581342 0.035539 0.087316
0 0.887459 0.584252 0.024101 0.093750
0 0.736315 0.592371 0.025735 0.090380
0 0.813930 0.589920 0.038807 0.094669
0 0.766953 0.589154 0.032271 0.093750
0 0.339869 0.589614 0.026144 0.094056
0 0.704861 0.591452 0.027369 0.086091
0 0.671773 0.587623 0.031454 0.090074
0 0.636846 0.583793 0.023693 0.092218
0 0.602941 0.594822 0.033497 0.092831
0 0.569649 0.589920 0.035539 0.089767
0 0.528186 0.585784 0.031046 0.083946
0 0.492239 0.591759 0.031863 0.098346
0 0.455474 0.584559 0.034314 0.091299
0 0.417484 0.585018 0.032680 0.089767
0 0.376838 0.562653 0.029820 0.052390
0 0.040441 0.591146 0.022876 0.087929
0 0.854779 0.583946 0.029820 0.089461
0 0.012459 0.595282 0.023284 0.093750
0 0.257149 0.322457 0.032271 0.098958
0 0.024306 0.835172 0.048611 0.109681
0 0.814542 0.715074 0.049837 0.082108
0 0.882353 0.718597 0.058824 0.083027
0 0.962827 0.715380 0.074346 0.096201
0 0.973243 0.818168 0.053513 0.084252
0 0.921364 0.893382 0.105801 0.034314
0 0.907067 0.823989 0.060049 0.089767
0 0.829657 0.830882 0.078431 0.088848
0 0.759191 0.823989 0.051062 0.087316
0 0.699346 0.818474 0.051471 0.076287
0 0.630719 0.808977 0.065359 0.081189
0 0.561275 0.814798 0.055556 0.090993
0 0.511642 0.828891 0.031454 0.087316
0 0.479167 0.827665 0.025327 0.084865
0 0.441381 0.831648 0.026552 0.092831
0 0.635212 0.709712 0.057190 0.086703
0 0.589869 0.719975 0.017974 0.087010
0 0.561275 0.717065 0.022059 0.085478
0 0.089665 0.827206 0.069036 0.093137
0 0.165441 0.835478 0.042484 0.093750
0 0.232639 0.813879 0.044526 0.086091
0 0.293505 0.828125 0.059232 0.103554
0 0.375408 0.836397 0.084150 0.110907
0 0.364379 0.713082 0.088235 0.107537
0 0.029003 0.721967 0.055556 0.089767
0 0.287377 0.696538 0.050245 0.104473
0 0.817198 0.464920 0.035539 0.097120
0 0.172998 0.706955 0.035539 0.108150
0 0.098652 0.708180 0.051879 0.115502
0 0.434028 0.705116 0.033088 0.092218
0 0.479371 0.704197 0.033088 0.080576
0 0.525940 0.705116 0.035539 0.104473
0 0.230392 0.693474 0.037582 0.073836
0 0.767361 0.462623 0.033088 0.101716
0 0.705270 0.706036 0.057598 0.090380
0 0.673815 0.457567 0.030637 0.102022
0 0.854779 0.326900 0.039624 0.106005
0 0.898080 0.322610 0.035539 0.107230
0 0.983047 0.330116 0.033905 0.094669
0 0.940768 0.326900 0.040033 0.098652
0 0.954044 0.183977 0.037173 0.114890
0 0.908701 0.189032 0.043709 0.104779
0 0.868464 0.185815 0.022059 0.106311
0 0.832925 0.184743 0.035131 0.115809
0 0.800041 0.184130 0.024101 0.117034
0 0.762459 0.187806 0.039624 0.114583
0 0.723039 0.190717 0.031863 0.113664
0 0.685049 0.189491 0.030229 0.113664
0 0.647263 0.187653 0.029003 0.112439
0 0.612745 0.191023 0.024510 0.115502
0 0.813521 0.327512 0.034722 0.107230
0 0.581495 0.189491 0.027369 0.111213
0 0.494894 0.183670 0.031454 0.117953
0 0.454861 0.191942 0.042075 0.113664
0 0.414216 0.191176 0.022876 0.107843
0 0.374387 0.191789 0.033905 0.118873
0 0.340074 0.188879 0.023284 0.124694
0 0.295956 0.183211 0.038807 0.111520
0 0.250204 0.182751 0.024918 0.107537
0 0.210580 0.191942 0.029820 0.106311
0 0.178717 0.187040 0.017565 0.098958
0 0.155637 0.182904 0.017157 0.102941
0 0.128472 0.178922 0.027369 0.106005
0 0.096201 0.180453 0.017565 0.102941
0 0.064747 0.182904 0.022467 0.098039
0 0.018382 0.181832 0.034314 0.106311
0 0.537582 0.188419 0.035948 0.123162
0 0.777778 0.326440 0.031046 0.099571
0 0.738562 0.327665 0.033497 0.104473
0 0.703431 0.330423 0.028595 0.108762
0 0.634600 0.456648 0.029820 0.096507
0 0.600082 0.455116 0.035131 0.104473
0 0.556373 0.460325 0.031863 0.106311
0 0.491626 0.456342 0.077206 0.116728
0 0.418096 0.462163 0.072304 0.102635
0 0.334967 0.460018 0.074346 0.109375
0 0.267361 0.457108 0.029820 0.098039
0 0.224877 0.463695 0.032271 0.102022
0 0.191585 0.456648 0.026961 0.096507
0 0.145016 0.456801 0.024510 0.096201
0 0.109681 0.460478 0.031454 0.103554
0 0.074346 0.458793 0.022876 0.109375
0 0.039624 0.460938 0.034314 0.091605
0 0.012255 0.331801 0.020425 0.102941
0 0.048203 0.329657 0.039216 0.101103
0 0.102328 0.324449 0.034722 0.110294
0 0.145016 0.325214 0.030229 0.104473
0 0.665850 0.325980 0.034314 0.105392
0 0.634191 0.327512 0.025735 0.109681
0 0.604984 0.327206 0.028595 0.102941
0 0.572304 0.328431 0.034314 0.112745
0 0.535335 0.323836 0.034722 0.117034
0 0.497958 0.329963 0.035131 0.112132
0 0.717729 0.453431 0.037582 0.110294
0 0.458538 0.331342 0.037173 0.116728
0 0.384804 0.331801 0.029412 0.102941
0 0.342933 0.325674 0.029003 0.112745
0 0.288399 0.328125 0.031863 0.105392
0 0.762459 0.710018 0.039624 0.084865
0 0.222835 0.326134 0.026552 0.103860
0 0.182394 0.323989 0.026552 0.109375
0 0.419526 0.331342 0.025327 0.109375
