0 0.612337 0.736826 0.028595 0.039828
0 0.584967 0.737592 0.025327 0.045037
0 0.554739 0.735754 0.028595 0.043811
0 0.521855 0.729013 0.029820 0.050551
0 0.570057 0.592678 0.030637 0.060355
0 0.082721 0.479320 0.028186 0.059130
0 0.115400 0.477175 0.026552 0.059743
0 0.148284 0.488511 0.031046 0.044424
0 0.260212 0.493260 0.024510 0.068015
0 0.291462 0.494026 0.029820 0.067096
0 0.323325 0.494792 0.029820 0.063725
0 0.351103 0.494792 0.024101 0.065564
0 0.380106 0.494945 0.034722 0.066483
0 0.410131 0.497396 0.023693 0.060355
0 0.467933 0.519608 0.018382 0.063113
0 0.489992 0.519148 0.024101 0.062194
0 0.517770 0.517770 0.031454 0.061887
0 0.572100 0.520833 0.031454 0.065564
0 0.602124 0.522518 0.024510 0.060355
0 0.629698 0.520221 0.024918 0.054534
0 0.015931 0.565717 0.031863 0.047488
0 0.048203 0.566636 0.029412 0.046875
0 0.050858 0.476562 0.031454 0.059130
0 0.080065 0.568781 0.031863 0.053615
0 0.016544 0.478248 0.033088 0.054534
0 0.608456 0.444087 0.020833 0.061581
0 0.032271 0.401654 0.019608 0.043505
0 0.056781 0.402574 0.023693 0.042279
0 0.082516 0.403186 0.024510 0.040441
0 0.108864 0.403493 0.022467 0.042279
0 0.132149 0.403799 0.021650 0.045956
0 0.222426 0.412071 0.032271 0.066176
0 0.253472 0.412684 0.030637 0.064338
0 0.288194 0.413603 0.033088 0.064338
0 0.321691 0.415288 0.032271 0.064032
0 0.353758 0.416360 0.029412 0.065564
0 0.382149 0.417586 0.029003 0.064338
0 0.412786 0.417739 0.032271 0.065870
0 0.472426 0.441942 0.017565 0.070772
0 0.491830 0.442555 0.021242 0.069547
0 0.521446 0.442249 0.029003 0.064645
0 0.551266 0.442249 0.028186 0.065257
0 0.583538 0.443168 0.025735 0.064032
0 0.640319 0.445006 0.030637 0.062806
0 0.110498 0.567862 0.025735 0.056066
0 0.137868 0.565717 0.026552 0.052390
0 0.219771 0.577206 0.033497 0.056373
0 0.524101 0.655331 0.022059 0.042279
0 0.559028 0.663603 0.030637 0.058824
0 0.590686 0.664369 0.026961 0.054841
0 0.618464 0.664522 0.028595 0.055760
0 0.013480 0.733915 0.026961 0.043199
0 0.041667 0.734069 0.028595 0.042892
0 0.073734 0.733915 0.029003 0.045650
0 0.105392 0.734528 0.031863 0.044424
0 0.209150 0.746783 0.025327 0.035233
0 0.236520 0.746783 0.025327 0.036458
0 0.264910 0.747855 0.024918 0.037377
0 0.292075 0.745251 0.024510 0.034620
0 0.318015 0.745711 0.024918 0.035539
0 0.346201 0.745098 0.027369 0.034314
0 0.372958 0.739890 0.026144 0.042892
0 0.398693 0.741575 0.023693 0.037071
0 0.469567 0.731771 0.024918 0.053615
0 0.501225 0.654718 0.021242 0.038603
0 0.477124 0.665594 0.023693 0.057292
0 0.456495 0.665135 0.017565 0.056985
0 0.403391 0.643689 0.029820 0.059436
0 0.252859 0.575214 0.031046 0.056066
0 0.284722 0.574602 0.029412 0.053002
0 0.313521 0.571538 0.025735 0.058517
0 0.344975 0.572763 0.031454 0.059130
0 0.375408 0.571232 0.025327 0.058517
0 0.406046 0.573376 0.035131 0.054841
0 0.599877 0.593137 0.026552 0.058211
0 0.626430 0.593137 0.024918 0.059436
0 0.010212 0.401654 0.020425 0.042892
0 0.046977 0.645221 0.026961 0.048407
0 0.104575 0.645680 0.026961 0.046875
0 0.136438 0.644761 0.032680 0.046262
0 0.216708 0.648591 0.033905 0.064338
0 0.249796 0.646906 0.026552 0.063419
0 0.281658 0.648438 0.032271 0.061581
0 0.311683 0.648438 0.028595 0.065257
0 0.341708 0.645987 0.028186 0.059130
0 0.371936 0.644914 0.030637 0.062500
0 0.076185 0.645067 0.027369 0.050551
0 0.645629 0.369332 0.031454 0.062194
0 0.494077 0.729933 0.022467 0.051164
0 0.507149 0.350643 0.073938 0.051164
0 0.614583 0.366881 0.029820 0.067096
0 0.015727 0.236826 0.028186 0.051471
0 0.054126 0.239430 0.031454 0.051164
0 0.091299 0.242341 0.032271 0.053309
0 0.129085 0.250306 0.037582 0.041054
0 0.219363 0.253217 0.022876 0.053002
0 0.252859 0.254136 0.035948 0.053002
0 0.290441 0.255821 0.031046 0.049020
0 0.359069 0.258425 0.031046 0.051777
0 0.389093 0.261336 0.029820 0.045956
0 0.419730 0.256740 0.024101 0.060049
0 0.481209 0.285233 0.018791 0.064338
0 0.506944 0.287990 0.029412 0.059436
0 0.587010 0.286612 0.029412 0.064645
0 0.326389 0.257506 0.032680 0.048713
0 0.621936 0.286458 0.032271 0.071691
0 0.417892 0.336244 0.026961 0.065870
0 0.553309 0.301777 0.025735 0.033088
0 0.354779 0.334712 0.037990 0.067708
0 0.289216 0.331801 0.035131 0.066176
0 0.228145 0.326440 0.037173 0.070159
0 0.132149 0.316483 0.027369 0.052696
0 0.388072 0.336397 0.027778 0.065564
0 0.072304 0.314032 0.029412 0.052696
0 0.043096 0.311581 0.025735 0.050858
0 0.015931 0.310202 0.025327 0.051777
0 0.102533 0.312960 0.026144 0.053002
0 0.654820 0.289216 0.033497 0.064338
