0 0.061198 0.637891 0.045312 0.071094
0 0.869271 0.444141 0.034375 0.068750
0 0.906771 0.444531 0.035417 0.068750
0 0.944531 0.443945 0.033854 0.071484
0 0.983073 0.445117 0.033854 0.071484
0 0.060156 0.540234 0.043229 0.062500
0 0.106510 0.537695 0.033854 0.069141
0 0.145833 0.540234 0.034375 0.067969
0 0.185677 0.543359 0.032813 0.065625
0 0.222135 0.543750 0.035937 0.063281
0 0.264062 0.544336 0.034375 0.067578
0 0.306771 0.543750 0.034375 0.063281
0 0.344792 0.546484 0.033333 0.062500
0 0.381771 0.550000 0.033333 0.060156
0 0.419792 0.550586 0.032292 0.061328
0 0.456250 0.550195 0.035417 0.063672
0 0.492188 0.550977 0.030208 0.065234
0 0.527083 0.554297 0.034375 0.062500
0 0.562760 0.553711 0.032813 0.061328
0 0.014583 0.643359 0.029167 0.060156
0 0.068750 0.736523 0.035417 0.075391
0 0.977344 0.818359 0.045312 0.068750
0 0.935417 0.818359 0.032292 0.062500
0 0.901823 0.817187 0.031771 0.062500
0 0.826042 0.442383 0.033333 0.069141
0 0.787240 0.443359 0.036979 0.070312
0 0.747135 0.439844 0.034896 0.067969
0 0.707552 0.440430 0.036979 0.067578
0 0.779427 0.329492 0.033854 0.071484
0 0.175781 0.769336 0.033854 0.091016
0 0.819010 0.330664 0.038021 0.073047
0 0.863021 0.331445 0.035417 0.073828
0 0.907031 0.331250 0.035937 0.076563
0 0.951302 0.331641 0.038021 0.076563
0 0.985938 0.332813 0.028125 0.074219
0 0.052604 0.427344 0.043750 0.078125
0 0.101302 0.426758 0.031771 0.064453
0 0.138542 0.428516 0.032292 0.061719
0 0.175260 0.430469 0.032813 0.062500
0 0.865625 0.816602 0.034375 0.061328
0 0.215625 0.431055 0.031250 0.060547
0 0.289062 0.434961 0.031250 0.062891
0 0.325260 0.433984 0.030729 0.064062
0 0.364323 0.434961 0.031771 0.062891
0 0.402604 0.435547 0.030208 0.064062
0 0.438542 0.437500 0.033333 0.064844
0 0.478125 0.440234 0.030208 0.064062
0 0.516927 0.438867 0.034896 0.064453
0 0.554167 0.439063 0.036458 0.061719
0 0.596094 0.442188 0.029687 0.064844
0 0.629948 0.441602 0.032813 0.066797
0 0.667448 0.439648 0.038021 0.068359
0 0.253125 0.433008 0.033333 0.064453
0 0.828906 0.814453 0.031771 0.062500
0 0.790885 0.813867 0.028646 0.059766
0 0.757292 0.812891 0.034375 0.060156
0 0.244271 0.652734 0.032292 0.057813
0 0.278646 0.654102 0.031250 0.060547
0 0.316146 0.652539 0.029167 0.063672
0 0.352604 0.652734 0.032292 0.067969
0 0.385937 0.657422 0.030208 0.064062
0 0.420052 0.651758 0.036979 0.066797
0 0.455990 0.656445 0.030729 0.068359
0 0.492969 0.653516 0.035937 0.068750
0 0.530469 0.658398 0.029687 0.069141
0 0.567969 0.659570 0.034896 0.066016
0 0.602344 0.660547 0.026562 0.070312
0 0.211198 0.651758 0.029687 0.058984
0 0.638802 0.663086 0.038021 0.065234
0 0.714323 0.665820 0.042188 0.059766
0 0.753906 0.664844 0.027604 0.069531
0 0.787240 0.663867 0.032813 0.069922
0 0.821875 0.663477 0.029167 0.076172
0 0.860677 0.665820 0.036979 0.072266
0 0.897656 0.668164 0.029687 0.073047
0 0.931510 0.667969 0.028646 0.074219
0 0.962760 0.669531 0.025521 0.072656
0 0.989323 0.670508 0.021354 0.071484
0 0.105990 0.766016 0.028646 0.091406
0 0.141146 0.768945 0.025000 0.094141
0 0.676823 0.665039 0.032813 0.066797
0 0.740625 0.329297 0.037500 0.072656
0 0.175781 0.649805 0.033854 0.061328
0 0.103646 0.649805 0.032292 0.058203
0 0.718490 0.810937 0.033854 0.060156
0 0.682292 0.809375 0.034375 0.060156
0 0.644010 0.805859 0.033854 0.060156
0 0.605729 0.805273 0.030208 0.054297
0 0.572396 0.788672 0.031250 0.083594
0 0.537760 0.790625 0.027604 0.085938
0 0.499740 0.782813 0.032813 0.094531
0 0.466927 0.781641 0.028646 0.095312
0 0.429948 0.779102 0.035937 0.090234
0 0.389844 0.779687 0.029687 0.091406
0 0.334115 0.777930 0.065104 0.094141
0 0.139323 0.651367 0.029687 0.058203
0 0.280729 0.775195 0.031250 0.091797
0 0.600781 0.555859 0.034896 0.062500
0 0.638542 0.556641 0.033333 0.060937
0 0.679688 0.560547 0.038542 0.057031
0 0.718490 0.557031 0.033854 0.063281
0 0.757552 0.557422 0.030729 0.068750
0 0.795573 0.558008 0.038021 0.064453
0 0.836198 0.559570 0.032813 0.066797
0 0.875521 0.560352 0.038542 0.062891
0 0.912760 0.562891 0.031771 0.067969
0 0.954948 0.564648 0.042188 0.066797
0 0.989844 0.565430 0.020313 0.063672
0 0.246094 0.773828 0.031771 0.092188
0 0.698698 0.328320 0.035937 0.072266
0 0.211458 0.771094 0.029167 0.089844
0 0.611719 0.329883 0.032813 0.072266
0 0.488542 0.327930 0.035417 0.071484
0 0.445052 0.326758 0.038021 0.072266
0 0.397656 0.325000 0.041146 0.071875
0 0.353906 0.325391 0.039062 0.072656
0 0.312500 0.322461 0.033333 0.069922
0 0.267188 0.324609 0.044792 0.063281
0 0.222656 0.322266 0.045312 0.063281
0 0.176563 0.323437 0.040625 0.066406
0 0.116406 0.289258 0.073438 0.046484
0 0.964063 0.205664 0.030208 0.101172
0 0.929688 0.204102 0.032292 0.103516
0 0.887760 0.202930 0.034896 0.103516
0 0.851562 0.201953 0.031250 0.103906
0 0.818750 0.200977 0.028125 0.101172
0 0.786719 0.202539 0.028646 0.101172
0 0.752083 0.206445 0.035417 0.092578
0 0.711979 0.204883 0.027083 0.091016
0 0.078646 0.203320 0.042708 0.076172
0 0.127865 0.208789 0.047396 0.072266
0 0.174479 0.209180 0.042708 0.066797
0 0.218490 0.209961 0.045312 0.068359
0 0.266667 0.208008 0.043750 0.073828
0 0.311458 0.206445 0.039583 0.076172
0 0.530469 0.328906 0.033854 0.073438
0 0.654427 0.329297 0.041146 0.069531
0 0.452865 0.212891 0.045312 0.067969
0 0.500000 0.214844 0.045833 0.068750
0 0.547917 0.216016 0.044792 0.064844
0 0.592708 0.214844 0.039583 0.068750
0 0.639583 0.216406 0.043750 0.068750
0 0.680990 0.205273 0.032813 0.090234
0 0.405990 0.212305 0.045312 0.066797
0 0.571615 0.329297 0.041146 0.070312
0 0.359115 0.210742 0.041146 0.069922
