0 0.615598 0.249399 0.141453 0.016587
0 0.754487 0.164543 0.036325 0.065625
0 0.971795 0.166707 0.043590 0.072356
0 0.929701 0.167548 0.035470 0.071635
0 0.892521 0.163942 0.032906 0.078365
0 0.750855 0.262260 0.108547 0.016346
0 0.958120 0.296034 0.036752 0.017067
0 0.861966 0.295192 0.144444 0.020192
0 0.753419 0.278365 0.113675 0.010577
0 0.739316 0.296034 0.085470 0.017067
0 0.740171 0.162740 0.042735 0.082692
0 0.845940 0.161538 0.049145 0.083173
0 0.695940 0.162620 0.040598 0.082933
0 0.274145 0.171034 0.138034 0.018990
0 0.603632 0.098558 0.037179 0.023558
0 0.650855 0.158774 0.038462 0.092067
0 0.608333 0.159495 0.038889 0.092067
0 0.567094 0.158774 0.035043 0.092067
0 0.526068 0.161659 0.037607 0.085817
0 0.426496 0.196154 0.148718 0.018750
0 0.952350 0.715625 0.072222 0.093750
0 0.272222 0.193389 0.139316 0.023317
0 0.115385 0.194952 0.142735 0.020192
0 0.122650 0.173918 0.133333 0.017548
0 0.125855 0.154567 0.126923 0.017308
0 0.127137 0.132812 0.136325 0.022837
0 0.618376 0.269712 0.148718 0.020192
0 0.647863 0.098437 0.041880 0.020913
0 0.618590 0.293630 0.149145 0.023798
0 0.910043 0.360337 0.113248 0.022115
0 0.459829 0.294591 0.138462 0.018990
0 0.074786 0.585817 0.060684 0.093269
0 0.018803 0.600841 0.037607 0.063702
0 0.195085 0.589423 0.073077 0.090865
0 0.266453 0.585938 0.060256 0.093510
0 0.333761 0.588702 0.063248 0.091827
0 0.398932 0.588582 0.058547 0.093990
0 0.485256 0.590625 0.050000 0.083654
0 0.540598 0.568149 0.054701 0.067548
0 0.128205 0.564784 0.039316 0.068990
0 0.601496 0.599519 0.041453 0.075481
0 0.702137 0.596875 0.044444 0.084615
0 0.750427 0.589663 0.043590 0.081731
0 0.819017 0.584495 0.067094 0.100240
0 0.884402 0.584135 0.058547 0.101923
0 0.950855 0.576923 0.060684 0.085096
0 0.960470 0.462861 0.024359 0.072356
0 0.987821 0.462380 0.024359 0.072356
0 0.930556 0.449880 0.024359 0.056490
0 0.649145 0.596755 0.044444 0.081971
0 0.079487 0.817187 0.078632 0.076202
0 0.156410 0.815264 0.067521 0.077163
0 0.250855 0.810216 0.088034 0.067067
0 0.892949 0.710817 0.033761 0.096154
0 0.831197 0.700481 0.067521 0.075481
0 0.761752 0.700601 0.062821 0.078125
0 0.690171 0.712500 0.075214 0.101923
0 0.545299 0.708293 0.067521 0.093510
0 0.475000 0.690865 0.071368 0.065385
0 0.396368 0.708654 0.066239 0.094231
0 0.327991 0.709495 0.066239 0.093990
0 0.261966 0.699279 0.060684 0.086058
0 0.189103 0.699760 0.076496 0.087019
0 0.105342 0.706250 0.064530 0.098558
0 0.034829 0.702404 0.060256 0.098558
0 0.899359 0.848678 0.058547 0.077163
0 0.836966 0.848558 0.048291 0.072596
0 0.764530 0.835457 0.064103 0.091106
0 0.546581 0.815505 0.062393 0.070433
0 0.470940 0.816947 0.063248 0.070913
0 0.403419 0.818149 0.063248 0.078125
0 0.331197 0.803606 0.066667 0.049038
0 0.886538 0.451803 0.021795 0.060817
0 0.454487 0.272115 0.132051 0.021635
0 0.861966 0.454327 0.021368 0.066827
0 0.808761 0.448918 0.020940 0.059375
0 0.761966 0.372115 0.075214 0.050481
0 0.681838 0.371514 0.050000 0.054087
0 0.617521 0.393269 0.057265 0.014423
0 0.532692 0.371755 0.055983 0.055529
0 0.471154 0.372356 0.059402 0.055769
0 0.406410 0.371635 0.061538 0.056731
0 0.324145 0.389663 0.056838 0.016827
0 0.238889 0.368510 0.059829 0.060096
0 0.906838 0.338822 0.124786 0.017548
0 0.164316 0.368149 0.062821 0.064183
0 0.022650 0.367428 0.045299 0.062740
0 0.049786 0.262019 0.099573 0.013462
0 0.052350 0.296394 0.104701 0.015385
0 0.051282 0.278726 0.102564 0.018029
0 0.211325 0.295913 0.038034 0.014423
0 0.305342 0.293029 0.142308 0.020673
0 0.305769 0.272837 0.134615 0.018269
0 0.309829 0.253486 0.129915 0.017548
0 0.088034 0.366466 0.066667 0.060817
0 0.907692 0.384856 0.118803 0.023077
0 0.032692 0.487380 0.065385 0.040144
0 0.154915 0.454808 0.094444 0.016346
0 0.755983 0.449399 0.024786 0.059375
0 0.726068 0.448558 0.022222 0.054327
0 0.702564 0.447716 0.019658 0.056971
0 0.461111 0.502764 0.039316 0.015144
0 0.460684 0.481130 0.038462 0.012260
0 0.460897 0.467187 0.032906 0.014183
0 0.537393 0.461058 0.065385 0.007692
0 0.536752 0.449279 0.076923 0.012500
0 0.647009 0.496034 0.069231 0.034856
0 0.638462 0.457813 0.069231 0.039183
0 0.574359 0.488942 0.042735 0.044231
0 0.514103 0.492428 0.061538 0.044471
0 0.377564 0.500721 0.112393 0.016827
0 0.377137 0.481611 0.112393 0.018510
0 0.379701 0.463101 0.106410 0.017548
0 0.380556 0.443389 0.106410 0.017548
0 0.263889 0.498077 0.105556 0.019712
0 0.139530 0.495673 0.105556 0.019712
0 0.145085 0.476322 0.096154 0.016587
0 0.835897 0.454327 0.024786 0.065385
0 0.692735 0.823077 0.059829 0.083173
0 0.960256 0.846995 0.049573 0.073798
