0 0.732663 0.577524 0.130565 0.018029
0 0.173587 0.672356 0.151969 0.018269
0 0.779324 0.638822 0.132277 0.018990
0 0.782962 0.616466 0.134418 0.020433
0 0.630993 0.627284 0.137842 0.018990
0 0.481164 0.642188 0.136130 0.020913
0 0.324914 0.640264 0.147260 0.024760
0 0.166738 0.648918 0.148545 0.021875
0 0.730094 0.555889 0.130565 0.015144
0 0.159675 0.605409 0.149829 0.017067
0 0.589255 0.569231 0.130565 0.008654
0 0.594392 0.586899 0.116010 0.016587
0 0.461473 0.594952 0.127568 0.014904
0 0.458048 0.575000 0.125856 0.017308
0 0.458048 0.556731 0.136130 0.016346
0 0.319777 0.599519 0.147260 0.017308
0 0.315497 0.579327 0.138699 0.014423
0 0.309717 0.560216 0.137414 0.015144
0 0.590967 0.552043 0.119435 0.014183
0 0.159461 0.584736 0.144264 0.018029
0 0.776113 0.657572 0.125856 0.016106
0 0.165454 0.566346 0.151113 0.017308
0 0.271404 0.126562 0.152397 0.020433
0 0.109375 0.122957 0.157106 0.018990
0 0.109161 0.143510 0.156678 0.015385
0 0.113014 0.164543 0.154110 0.016587
0 0.272688 0.170192 0.154966 0.013942
0 0.273545 0.149279 0.155822 0.021154
0 0.431935 0.151442 0.145548 0.016827
0 0.425086 0.128966 0.145548 0.021394
0 0.431935 0.171995 0.150685 0.021875
0 0.607877 0.171995 0.148116 0.018990
0 0.610231 0.147596 0.144264 0.021635
0 0.105950 0.102043 0.160531 0.018029
0 0.609803 0.121875 0.146832 0.024038
0 0.764983 0.171274 0.139555 0.017548
0 0.787457 0.222596 0.153682 0.018750
0 0.784247 0.243389 0.147260 0.017548
0 0.781678 0.266226 0.147260 0.018029
0 0.111087 0.220433 0.175942 0.020192
0 0.284675 0.222596 0.153253 0.021635
0 0.453553 0.213582 0.137414 0.022356
0 0.627997 0.221394 0.147260 0.021154
0 0.627140 0.244111 0.140411 0.021875
0 0.630993 0.267788 0.137842 0.020673
0 0.459332 0.269952 0.133562 0.016346
0 0.760702 0.147476 0.141267 0.018990
0 0.332834 0.705168 0.152825 0.021875
0 0.328767 0.680409 0.158390 0.013702
0 0.328767 0.662740 0.149829 0.017308
0 0.775899 0.677524 0.125428 0.019471
0 0.242937 0.785937 0.029538 0.082452
0 0.145762 0.788341 0.016695 0.074760
0 0.179366 0.787500 0.024829 0.076442
0 0.346961 0.748678 0.145120 0.017548
0 0.351455 0.772837 0.148973 0.022115
0 0.355308 0.793269 0.141267 0.015865
0 0.354666 0.813582 0.150257 0.021394
0 0.499144 0.738101 0.130993 0.028125
0 0.497432 0.762740 0.127568 0.016346
0 0.627997 0.664543 0.144692 0.013702
0 0.505779 0.779567 0.133990 0.014423
0 0.506207 0.800240 0.134846 0.022115
0 0.654966 0.791226 0.134418 0.022837
0 0.646190 0.768510 0.139127 0.013462
0 0.645976 0.751683 0.131849 0.015385
0 0.646618 0.730769 0.127997 0.016827
0 0.790882 0.721154 0.134846 0.018750
0 0.791524 0.740505 0.130993 0.014663
0 0.795377 0.761899 0.128425 0.018029
0 0.799015 0.782091 0.130565 0.020913
0 0.635060 0.686058 0.130565 0.022596
0 0.489084 0.697957 0.126284 0.016106
0 0.483733 0.679928 0.130993 0.017548
0 0.482663 0.661178 0.139127 0.017548
0 0.452055 0.251803 0.148116 0.015144
0 0.633562 0.646755 0.137842 0.017548
0 0.454195 0.233654 0.148973 0.016827
0 0.112372 0.244471 0.173373 0.021154
0 0.136344 0.422115 0.164812 0.020192
0 0.305865 0.418510 0.160531 0.021635
0 0.318707 0.440745 0.165668 0.017548
0 0.478168 0.435096 0.155822 0.020192
0 0.145334 0.443389 0.151969 0.023798
0 0.153253 0.466466 0.157534 0.018029
0 0.150471 0.488462 0.162243 0.023077
0 0.318493 0.483654 0.160103 0.018269
0 0.321062 0.460938 0.153253 0.014663
0 0.481164 0.458534 0.146404 0.019471
0 0.485017 0.478245 0.148973 0.017548
0 0.633134 0.473558 0.142123 0.021154
0 0.151755 0.545913 0.139127 0.020673
0 0.455693 0.536899 0.136558 0.018510
0 0.591610 0.536538 0.120719 0.016346
0 0.729452 0.514183 0.144692 0.020673
0 0.731378 0.537260 0.127997 0.014904
0 0.814426 0.533654 0.022688 0.016346
0 0.848673 0.533293 0.029538 0.017067
0 0.820420 0.518870 0.029538 0.014183
0 0.845462 0.551683 0.023116 0.014904
0 0.817851 0.551683 0.021832 0.014904
0 0.813998 0.571755 0.021832 0.015144
0 0.842894 0.569351 0.023116 0.019952
0 0.309075 0.541827 0.141267 0.017308
0 0.632491 0.451202 0.145976 0.016827
0 0.634846 0.431130 0.145548 0.019471
0 0.632491 0.409495 0.145976 0.019471
0 0.293236 0.247716 0.160103 0.023317
0 0.294521 0.269952 0.157534 0.016346
0 0.123288 0.269591 0.169521 0.017067
0 0.107877 0.308413 0.138699 0.020192
0 0.267979 0.305168 0.171233 0.018029
0 0.110659 0.330168 0.139127 0.017067
0 0.118365 0.350721 0.133990 0.019231
0 0.113656 0.371514 0.134846 0.017548
0 0.282320 0.369231 0.153682 0.019231
0 0.282962 0.345673 0.157534 0.020673
0 0.436216 0.366466 0.143836 0.018990
0 0.435574 0.342428 0.155394 0.021394
0 0.431721 0.322957 0.150257 0.017067
0 0.436644 0.302043 0.148116 0.018510
0 0.590325 0.317188 0.143836 0.022837
0 0.589041 0.338702 0.146404 0.014423
0 0.592252 0.362981 0.142551 0.014904
0 0.741438 0.362620 0.133562 0.021394
0 0.741866 0.340505 0.132705 0.019471
0 0.741866 0.317067 0.139555 0.017308
0 0.760060 0.296635 0.142551 0.017788
0 0.782534 0.404808 0.138699 0.023077
0 0.781250 0.429207 0.141267 0.017548
0 0.783818 0.449399 0.151541 0.014663
0 0.783604 0.468269 0.140839 0.017308
0 0.172731 0.713221 0.157962 0.019231
0 0.171019 0.692909 0.157106 0.015625
0 0.270762 0.325841 0.161387 0.017067
