0 0.165171 0.127043 0.066239 0.067067
0 0.609615 0.112019 0.059402 0.099519
0 0.903846 0.250841 0.034188 0.069952
0 0.866239 0.249639 0.044444 0.068990
0 0.803205 0.246755 0.045726 0.085817
0 0.754701 0.243389 0.051282 0.079087
0 0.687607 0.246514 0.049573 0.070913
0 0.534188 0.235697 0.070940 0.063702
0 0.454487 0.234736 0.085897 0.060337
0 0.367094 0.235697 0.060684 0.063702
0 0.301709 0.239303 0.053846 0.051202
0 0.236538 0.233053 0.076496 0.063221
0 0.154701 0.232813 0.079487 0.061779
0 0.073718 0.232813 0.079060 0.062740
0 0.018376 0.238822 0.035897 0.045913
0 0.023077 0.331130 0.043590 0.056971
0 0.074145 0.320553 0.055983 0.077644
0 0.126068 0.329928 0.033333 0.052163
0 0.159402 0.329928 0.030769 0.053125
0 0.953205 0.381971 0.067094 0.059135
0 0.906410 0.371514 0.029060 0.081971
0 0.863248 0.371995 0.055556 0.084375
0 0.823077 0.380409 0.024786 0.066587
0 0.793803 0.380168 0.036325 0.064663
0 0.750427 0.368149 0.047009 0.088702
0 0.941880 0.251322 0.041880 0.068029
0 0.708547 0.378486 0.045299 0.066106
0 0.585470 0.374880 0.027350 0.075240
0 0.546581 0.338101 0.041026 0.055048
0 0.513248 0.337861 0.026496 0.055529
0 0.481624 0.338341 0.034188 0.053125
0 0.448077 0.335938 0.032906 0.056971
0 0.301496 0.330168 0.100427 0.068029
0 0.619444 0.375601 0.039744 0.074760
0 0.981410 0.258774 0.035470 0.047356
0 0.887821 0.114423 0.074786 0.104327
0 0.726923 0.109615 0.089744 0.089904
0 0.502137 0.847476 0.066667 0.025721
0 0.507692 0.889904 0.067521 0.060577
0 0.602778 0.863101 0.088462 0.083413
0 0.701709 0.900481 0.103419 0.040865
0 0.783547 0.899038 0.061966 0.054808
0 0.866667 0.845553 0.062393 0.024279
0 0.295085 0.896875 0.086752 0.026442
0 0.877350 0.890144 0.083761 0.061058
0 0.030769 0.760938 0.049573 0.068510
0 0.097222 0.762380 0.057692 0.071394
0 0.978632 0.777885 0.042735 0.021154
0 0.930342 0.780048 0.062393 0.025481
0 0.642949 0.709135 0.057692 0.015385
0 0.585043 0.715625 0.061538 0.019712
0 0.963675 0.888341 0.072650 0.085817
0 0.912821 0.483173 0.103419 0.031250
0 0.084829 0.877524 0.114103 0.071394
0 0.765812 0.711779 0.056410 0.015865
0 0.929060 0.719471 0.050427 0.024038
0 0.550000 0.119231 0.059829 0.085096
0 0.452991 0.113221 0.091453 0.097115
0 0.975000 0.742428 0.049145 0.024279
0 0.355983 0.131851 0.098291 0.059856
0 0.873077 0.718269 0.053846 0.021635
0 0.704701 0.709375 0.062393 0.012981
0 0.822009 0.717067 0.049145 0.024038
0 0.758974 0.753966 0.059829 0.018510
0 0.695726 0.754207 0.061538 0.018990
0 0.631410 0.751563 0.064530 0.023317
0 0.639530 0.730048 0.072222 0.021154
0 0.706838 0.732692 0.061538 0.026442
0 0.764957 0.732452 0.056410 0.025962
0 0.821581 0.746034 0.048291 0.031490
0 0.807051 0.482692 0.108120 0.030288
0 0.808333 0.452043 0.102991 0.031010
0 0.701282 0.487500 0.089744 0.027885
0 0.648504 0.634255 0.055983 0.033413
0 0.708974 0.635457 0.053846 0.031010
0 0.763248 0.635697 0.051282 0.030529
0 0.819017 0.634135 0.060256 0.030769
0 0.882906 0.636779 0.069231 0.024038
0 0.945299 0.639303 0.052991 0.029087
0 0.592308 0.633293 0.058974 0.033894
0 0.987179 0.635938 0.025641 0.034856
0 0.944658 0.667548 0.067094 0.028365
0 0.881624 0.668029 0.057265 0.028365
0 0.819872 0.668510 0.065385 0.030288
0 0.762393 0.668510 0.052991 0.032212
0 0.705128 0.667067 0.056410 0.029808
0 0.645513 0.665505 0.060256 0.033413
0 0.987179 0.668990 0.025641 0.026442
0 0.586752 0.663582 0.058974 0.029567
0 0.512393 0.686298 0.078632 0.041827
0 0.372222 0.684856 0.041026 0.034135
0 0.927350 0.744351 0.047009 0.019471
0 0.876496 0.746995 0.054701 0.023798
0 0.485043 0.747957 0.061538 0.030529
0 0.486325 0.778606 0.064957 0.029808
0 0.404701 0.764784 0.054701 0.056971
0 0.347863 0.766226 0.058974 0.062260
0 0.428846 0.682933 0.073077 0.039423
0 0.286966 0.766466 0.053419 0.057933
0 0.066026 0.676683 0.063675 0.051442
0 0.129487 0.677885 0.063248 0.049519
0 0.194017 0.678606 0.068376 0.050481
0 0.249359 0.675601 0.042308 0.056490
0 0.281838 0.681731 0.030342 0.042308
0 0.324786 0.673798 0.057265 0.043269
0 0.017521 0.669591 0.033333 0.046394
0 0.567094 0.740986 0.064103 0.023798
0 0.022436 0.599038 0.044872 0.049519
0 0.135470 0.612019 0.070940 0.025481
0 0.084829 0.415505 0.037179 0.070913
0 0.117521 0.415505 0.030769 0.070433
0 0.152991 0.417428 0.041880 0.072356
0 0.217094 0.416466 0.084615 0.073317
0 0.303205 0.416947 0.090171 0.073798
0 0.373504 0.433053 0.047863 0.040144
0 0.463034 0.514183 0.068803 0.055769
0 0.421581 0.435697 0.050000 0.043990
0 0.495299 0.427764 0.031624 0.054567
0 0.540171 0.433053 0.048718 0.042548
0 0.609188 0.488462 0.090171 0.023077
0 0.610043 0.467067 0.090171 0.020192
0 0.613889 0.444351 0.080769 0.024760
0 0.700000 0.463221 0.091453 0.020192
0 0.464103 0.429688 0.033333 0.056490
0 0.072436 0.601442 0.055128 0.047115
0 0.388462 0.513942 0.073504 0.056731
0 0.196154 0.511058 0.076923 0.060577
0 0.135043 0.588221 0.070940 0.022596
0 0.212393 0.587260 0.070940 0.023558
0 0.214103 0.610817 0.070940 0.025000
0 0.296368 0.597596 0.072222 0.058654
0 0.435684 0.594952 0.065385 0.058173
0 0.588462 0.560216 0.047009 0.045913
0 0.293803 0.505288 0.071368 0.063942
0 0.704274 0.561899 0.052991 0.042067
0 0.819017 0.560457 0.064530 0.046394
0 0.883333 0.562380 0.065812 0.043029
0 0.887179 0.531010 0.058974 0.019712
0 0.956197 0.565505 0.053419 0.042067
0 0.061752 0.506490 0.067949 0.073077
0 0.123504 0.506971 0.055556 0.065385
0 0.758120 0.560457 0.053846 0.044471
0 0.567094 0.754928 0.064103 0.013221
0 0.976496 0.718750 0.047009 0.025481
0 0.635256 0.779567 0.067949 0.030769
0 0.571368 0.777644 0.059829 0.027885
0 0.871795 0.778606 0.055556 0.027885
0 0.075641 0.101322 0.091453 0.111298
0 0.754701 0.781971 0.059829 0.030769
0 0.697009 0.781010 0.055556 0.027404
0 0.816880 0.781490 0.054274 0.033173
