0 0.985703 0.209252 0.016340 0.054534
0 0.967525 0.205729 0.019199 0.046875
0 0.945466 0.198376 0.013480 0.051164
0 0.992443 0.290748 0.015114 0.033088
0 0.267974 0.063419 0.047386 0.114583
0 0.962623 0.287837 0.013480 0.033395
0 0.270629 0.500460 0.024101 0.053002
0 0.244894 0.503217 0.022467 0.047488
0 0.219975 0.504749 0.023284 0.046262
0 0.192810 0.506740 0.030229 0.048407
0 0.300654 0.363205 0.035131 0.068934
0 0.333333 0.362439 0.026961 0.064951
0 0.375204 0.364890 0.043709 0.065564
0 0.418096 0.367188 0.033905 0.060968
0 0.460989 0.366728 0.044526 0.061887
0 0.504085 0.364890 0.040850 0.062500
0 0.544322 0.363971 0.029003 0.064338
0 0.574755 0.363817 0.032680 0.064645
0 0.622549 0.366422 0.044935 0.059436
0 0.666054 0.388327 0.015931 0.018689
0 0.686070 0.392310 0.020833 0.013174
0 0.713644 0.367953 0.031863 0.064338
0 0.196895 0.056066 0.066993 0.110907
0 0.742851 0.346661 0.016748 0.045037
0 0.765319 0.346354 0.025735 0.048713
0 0.294730 0.498928 0.024101 0.045037
0 0.787377 0.348652 0.018382 0.044118
0 0.319240 0.497855 0.022467 0.047181
0 0.362949 0.497855 0.024918 0.047181
0 0.805147 0.431832 0.014706 0.044424
0 0.789624 0.430607 0.015523 0.041973
0 0.773897 0.432904 0.013480 0.045343
0 0.756127 0.436121 0.018791 0.047488
0 0.737132 0.434283 0.018382 0.045037
0 0.706087 0.462623 0.028186 0.055760
0 0.681985 0.477635 0.012663 0.036765
0 0.668096 0.477941 0.013480 0.036765
0 0.653391 0.476869 0.016748 0.035233
0 0.616626 0.467525 0.036356 0.062500
0 0.571283 0.471661 0.032271 0.059130
0 0.534722 0.478401 0.031046 0.054228
0 0.507761 0.488205 0.019608 0.041360
0 0.488358 0.488817 0.016748 0.041360
0 0.467525 0.491881 0.022467 0.040748
0 0.447508 0.491422 0.018382 0.042279
0 0.426266 0.492341 0.022467 0.044730
0 0.405025 0.493873 0.019199 0.041667
0 0.385212 0.496783 0.019608 0.046875
0 0.341503 0.496936 0.017974 0.044118
0 0.808007 0.348499 0.022876 0.046875
0 0.828636 0.353094 0.018382 0.035233
0 0.862949 0.344975 0.030637 0.053922
0 0.218750 0.238051 0.092729 0.084559
0 0.928513 0.197457 0.019608 0.049939
0 0.907271 0.194700 0.021242 0.049939
0 0.882149 0.191023 0.022467 0.048713
0 0.861111 0.185509 0.019608 0.052390
0 0.839257 0.181985 0.021650 0.054534
0 0.814542 0.176777 0.026144 0.056373
0 0.787786 0.169730 0.024918 0.055147
0 0.762051 0.169271 0.025735 0.059743
0 0.729984 0.157016 0.036765 0.071385
0 0.685866 0.148591 0.031046 0.072304
0 0.655025 0.132200 0.027369 0.102635
0 0.618260 0.124540 0.043709 0.111826
0 0.584150 0.118260 0.022059 0.100490
0 0.543913 0.114890 0.052696 0.110907
0 0.493464 0.100184 0.049020 0.126225
0 0.442198 0.092984 0.046977 0.119179
0 0.391748 0.086857 0.050654 0.111213
0 0.339257 0.072151 0.053513 0.127757
0 0.299020 0.278799 0.033497 0.015931
0 0.345997 0.279718 0.031046 0.009191
0 0.422998 0.264400 0.038807 0.066789
0 0.460989 0.264246 0.033905 0.064645
0 0.893382 0.354473 0.024510 0.042892
0 0.914828 0.350950 0.017565 0.047488
0 0.919118 0.286305 0.008987 0.030944
0 0.904208 0.282629 0.015114 0.035846
0 0.886846 0.279718 0.016340 0.036152
0 0.870915 0.278339 0.013072 0.032169
0 0.852941 0.275735 0.017157 0.036152
0 0.835376 0.274969 0.017157 0.035233
0 0.818015 0.271599 0.015931 0.038909
0 0.820057 0.433058 0.015931 0.041973
0 0.800449 0.270374 0.019199 0.035846
0 0.762255 0.266697 0.022059 0.038297
0 0.724469 0.288450 0.033905 0.049326
0 0.684845 0.282935 0.018382 0.054228
0 0.665033 0.281250 0.017974 0.057598
0 0.633170 0.267463 0.041667 0.085172
0 0.592525 0.264400 0.042075 0.085784
0 0.552900 0.274969 0.024101 0.056679
0 0.527574 0.268536 0.027369 0.070772
0 0.495711 0.266697 0.035539 0.067708
0 0.781863 0.266850 0.017974 0.040441
0 0.976920 0.289675 0.013480 0.034620
0 0.835172 0.432292 0.013480 0.039828
0 0.872753 0.440870 0.016748 0.023897
0 0.780025 0.717525 0.029003 0.106618
0 0.803105 0.720282 0.013889 0.074142
0 0.819036 0.718444 0.017974 0.078431
0 0.865809 0.694700 0.040441 0.079350
0 0.899714 0.684283 0.026552 0.084252
0 0.929943 0.677083 0.030637 0.085172
0 0.956699 0.677083 0.022876 0.077206
0 0.981005 0.670190 0.024918 0.071998
0 0.983047 0.572151 0.014297 0.060355
0 0.965891 0.571232 0.020016 0.073223
0 0.944649 0.585018 0.020833 0.048100
0 0.921977 0.590380 0.022059 0.050858
0 0.898489 0.584252 0.021650 0.071691
0 0.880923 0.595282 0.011846 0.049632
0 0.863766 0.610141 0.016748 0.032782
0 0.833946 0.577512 0.035539 0.031250
0 0.838848 0.614583 0.031454 0.042892
0 0.810458 0.617494 0.025327 0.038297
0 0.782067 0.619945 0.029820 0.043199
0 0.743668 0.721661 0.040441 0.098346
0 0.733047 0.622549 0.039624 0.061887
0 0.710989 0.742341 0.020016 0.087010
0 0.672181 0.755668 0.018382 0.084252
0 0.943423 0.287684 0.021650 0.033701
0 0.963644 0.366728 0.026144 0.015931
0 0.935458 0.349265 0.020425 0.045343
0 0.982435 0.331342 0.035131 0.046262
0 0.263685 0.856618 0.040441 0.084559
0 0.313521 0.853860 0.037990 0.074142
0 0.355392 0.849724 0.035131 0.079350
0 0.390319 0.839920 0.033088 0.085478
0 0.424020 0.833180 0.028595 0.083027
0 0.454861 0.826900 0.029003 0.071691
0 0.483456 0.806985 0.024918 0.089461
0 0.506944 0.800705 0.022059 0.091605
0 0.523284 0.789216 0.009804 0.079044
0 0.551266 0.786305 0.024101 0.093444
0 0.572712 0.781403 0.017157 0.089767
0 0.594158 0.777267 0.024101 0.092525
0 0.614175 0.766085 0.015114 0.090380
0 0.633578 0.764093 0.020425 0.088848
0 0.652982 0.761183 0.019199 0.084252
0 0.691993 0.748928 0.017974 0.084252
0 0.683824 0.643382 0.026961 0.052083
0 0.657475 0.647059 0.028186 0.061887
0 0.622549 0.657782 0.022876 0.050858
0 0.792688 0.508885 0.018382 0.065564
0 0.818423 0.528033 0.023284 0.022365
0 0.840686 0.507047 0.021242 0.053922
0 0.858456 0.512561 0.016748 0.047794
0 0.874183 0.518076 0.016340 0.028799
0 0.893178 0.522518 0.018382 0.016850
0 0.911560 0.519608 0.015114 0.020221
0 0.928717 0.506434 0.014297 0.032475
0 0.942606 0.505668 0.013480 0.031556
0 0.953636 0.497702 0.011846 0.058517
0 0.968137 0.494638 0.015523 0.056679
0 0.979984 0.495711 0.012255 0.051471
0 0.993260 0.496170 0.013480 0.042586
0 0.995098 0.421415 0.009804 0.051777
0 0.976920 0.428002 0.024101 0.052083
0 0.949551 0.428615 0.023284 0.045956
0 0.922998 0.427696 0.027369 0.050245
0 0.892157 0.426624 0.018791 0.046875
0 0.873979 0.416667 0.015931 0.026348
0 0.776757 0.525276 0.014297 0.035846
0 0.753472 0.524969 0.019199 0.038909
0 0.722426 0.527727 0.039624 0.038909
0 0.683415 0.549173 0.018791 0.044424
0 0.592933 0.661612 0.032271 0.059743
0 0.552288 0.664675 0.037582 0.058517
0 0.484477 0.680607 0.031046 0.059130
0 0.453023 0.680607 0.029412 0.055453
0 0.422386 0.693474 0.032680 0.063419
0 0.382761 0.700521 0.036765 0.067708
0 0.336397 0.699449 0.036356 0.067402
0 0.295956 0.690564 0.027369 0.112132
0 0.268995 0.690564 0.020833 0.104167
0 0.853350 0.433517 0.021242 0.038603
0 0.238358 0.703738 0.042075 0.118260
0 0.210580 0.611520 0.058415 0.049020
0 0.296364 0.554534 0.054330 0.125613
0 0.348448 0.586550 0.047386 0.053615
0 0.394608 0.577053 0.034314 0.064032
0 0.482435 0.568781 0.033497 0.059130
0 0.537990 0.562653 0.033497 0.057904
0 0.572508 0.564491 0.027369 0.038297
0 0.619281 0.548560 0.023693 0.059130
0 0.656863 0.547641 0.023693 0.060968
0 0.189747 0.705729 0.042075 0.116728
0 0.234477 0.346201 0.091503 0.105392
