0 0.369281 0.363511 0.147059 0.066483
0 0.669526 0.263174 0.069444 0.031250
0 0.678717 0.293045 0.065768 0.020527
0 0.574142 0.270833 0.118873 0.066789
0 0.475490 0.283701 0.068627 0.039828
0 0.381127 0.272672 0.109477 0.051471
0 0.283701 0.281710 0.074755 0.035846
0 0.290645 0.244792 0.066585 0.029412
0 0.207925 0.240962 0.073529 0.038297
0 0.208538 0.280178 0.068219 0.034620
0 0.133374 0.280025 0.064951 0.037377
0 0.134600 0.242800 0.070670 0.032169
0 0.076797 0.231618 0.044935 0.048407
0 0.058619 0.278799 0.065768 0.034926
0 0.895016 0.601256 0.075980 0.056066
0 0.029003 0.659314 0.057190 0.050858
0 0.250408 0.660846 0.059641 0.050858
0 0.667484 0.135570 0.068627 0.095895
0 0.298611 0.459559 0.057190 0.048407
0 0.206904 0.439798 0.087827 0.055453
0 0.067402 0.444240 0.128268 0.066176
0 0.895016 0.375766 0.111111 0.073223
0 0.795139 0.382353 0.064951 0.061887
0 0.592933 0.359835 0.104984 0.076287
0 0.101307 0.662377 0.068627 0.049020
0 0.865400 0.854167 0.269199 0.051471
0 0.140727 0.359222 0.089461 0.075674
0 0.388276 0.660080 0.063317 0.049326
0 0.059028 0.356924 0.057598 0.070466
0 0.909926 0.267004 0.096814 0.056066
0 0.805964 0.265931 0.074346 0.056985
0 0.317606 0.659926 0.069036 0.049632
0 0.489175 0.363511 0.086193 0.072610
0 0.612337 0.148744 0.028595 0.064645
0 0.376838 0.818321 0.028186 0.063725
0 0.416667 0.819240 0.043301 0.069853
0 0.062296 0.121017 0.082925 0.110294
0 0.668709 0.596661 0.067810 0.041973
0 0.590891 0.591912 0.059232 0.051471
0 0.524918 0.593290 0.058824 0.045037
0 0.455678 0.593290 0.054330 0.055453
0 0.393178 0.592371 0.054330 0.059743
0 0.149510 0.122243 0.043301 0.107843
0 0.322917 0.590686 0.054330 0.051471
0 0.180964 0.587776 0.071078 0.052390
0 0.102941 0.594210 0.071895 0.049326
0 0.028186 0.592984 0.055556 0.051164
0 0.671773 0.525123 0.058415 0.047794
0 0.604575 0.525123 0.064542 0.047794
0 0.764502 0.783701 0.070670 0.063725
0 0.252247 0.590839 0.066585 0.054841
0 0.387459 0.461244 0.071487 0.036458
0 0.203840 0.115196 0.036765 0.105392
0 0.311070 0.059283 0.062500 0.065870
0 0.563521 0.155331 0.039624 0.053922
0 0.516340 0.091759 0.031863 0.051777
0 0.521242 0.146293 0.031863 0.048100
0 0.458946 0.136642 0.054330 0.064951
0 0.384395 0.139706 0.071895 0.063725
0 0.311683 0.139093 0.066993 0.074142
0 0.245507 0.113971 0.040033 0.107843
0 0.468137 0.808824 0.037582 0.075368
0 0.549020 0.820772 0.033497 0.061275
0 0.587623 0.820006 0.030637 0.060355
0 0.628881 0.823529 0.042892 0.061887
0 0.673407 0.822610 0.038807 0.060049
0 0.459559 0.064185 0.065359 0.068321
0 0.387663 0.060509 0.071895 0.068321
0 0.508783 0.819853 0.039624 0.062500
0 0.472631 0.455729 0.066176 0.045650
0 0.204248 0.815870 0.040850 0.072917
0 0.671160 0.462316 0.060458 0.039828
0 0.539216 0.732230 0.032680 0.049020
0 0.508374 0.727022 0.019199 0.049020
0 0.478350 0.731311 0.039216 0.050858
0 0.443219 0.735294 0.032680 0.048407
0 0.370915 0.730852 0.035131 0.059130
0 0.306373 0.729626 0.040033 0.054228
0 0.260212 0.731158 0.034314 0.059743
0 0.219975 0.729167 0.040441 0.059436
0 0.664828 0.662377 0.060049 0.049020
0 0.597426 0.661152 0.063317 0.052083
0 0.168913 0.733609 0.040441 0.066483
0 0.531046 0.660233 0.058007 0.056373
0 0.447712 0.524203 0.070261 0.049632
0 0.373775 0.525123 0.069444 0.050245
0 0.299020 0.523284 0.066993 0.047181
0 0.231209 0.522518 0.066176 0.047488
0 0.576185 0.445619 0.106618 0.065870
0 0.157680 0.522059 0.066176 0.049632
0 0.086193 0.520374 0.070261 0.053002
0 0.576797 0.737439 0.034314 0.055147
0 0.624796 0.728248 0.041258 0.066176
0 0.404208 0.734528 0.031454 0.051164
0 0.765523 0.697610 0.072712 0.052083
0 0.337418 0.818321 0.038399 0.068015
0 0.292892 0.815104 0.039216 0.062806
0 0.466299 0.656863 0.069036 0.053309
0 0.157067 0.812960 0.042075 0.069547
0 0.781454 0.500153 0.069444 0.062806
0 0.669322 0.728248 0.037173 0.063113
0 0.082721 0.834865 0.073121 0.026961
0 0.082516 0.800245 0.075980 0.033701
0 0.023284 0.518229 0.045752 0.057292
0 0.021038 0.821844 0.041258 0.056679
0 0.117443 0.730392 0.046160 0.056985
0 0.072304 0.729626 0.039216 0.056679
0 0.026961 0.730239 0.044118 0.059743
0 0.914216 0.698223 0.044118 0.049020
0 0.842729 0.694240 0.074346 0.050245
0 0.874796 0.490349 0.102533 0.088542
