0 0.873775 0.439491 0.046569 0.078125
0 0.988766 0.451746 0.022467 0.057904
0 0.815155 0.438725 0.054330 0.074142
0 0.911356 0.457874 0.019608 0.050551
0 0.950572 0.441942 0.045752 0.073223
0 0.768791 0.561428 0.047386 0.054841
0 0.919322 0.558058 0.045343 0.062806
0 0.869690 0.562194 0.044935 0.051471
0 0.822100 0.564185 0.038807 0.053002
0 0.766748 0.441789 0.036765 0.075368
0 0.716095 0.557751 0.047386 0.064645
0 0.969771 0.559283 0.047386 0.060355
0 0.713235 0.449295 0.055556 0.055453
0 0.316789 0.447304 0.040441 0.058824
0 0.628268 0.442708 0.036765 0.079657
0 0.589052 0.446538 0.034314 0.067096
0 0.552083 0.451134 0.029820 0.059130
0 0.519608 0.451440 0.033497 0.059743
0 0.485294 0.447304 0.021242 0.058824
0 0.456699 0.448529 0.023693 0.058824
0 0.428513 0.449908 0.026144 0.054228
0 0.382966 0.446538 0.020833 0.057292
0 0.355392 0.442708 0.028595 0.064951
0 0.671773 0.561428 0.041258 0.062194
0 0.274510 0.451900 0.031863 0.050858
0 0.246324 0.442862 0.024510 0.062194
0 0.665645 0.439032 0.035539 0.079657
0 0.622753 0.560662 0.048611 0.053309
0 0.382353 0.554534 0.026144 0.060662
0 0.545547 0.555607 0.029820 0.067708
0 0.268178 0.637868 0.038807 0.024510
0 0.267565 0.660080 0.040850 0.019914
0 0.321895 0.641085 0.047386 0.058517
0 0.363154 0.653186 0.044118 0.035539
0 0.405025 0.642770 0.022467 0.059436
0 0.432802 0.641085 0.024918 0.058517
0 0.465686 0.638021 0.031863 0.064645
0 0.494485 0.640319 0.023284 0.059436
0 0.539216 0.636336 0.049837 0.029412
0 0.540033 0.663297 0.048203 0.021446
0 0.582108 0.642463 0.023693 0.058824
0 0.612132 0.640319 0.024101 0.064338
0 0.641340 0.640778 0.026961 0.060355
0 0.675449 0.642310 0.029003 0.063419
0 0.712010 0.644455 0.035948 0.053002
0 0.764297 0.646906 0.055556 0.057904
0 0.815972 0.647212 0.039624 0.056066
0 0.230392 0.637255 0.022059 0.058211
0 0.578431 0.554994 0.029412 0.066483
0 0.208333 0.639553 0.017974 0.055453
0 0.159518 0.638787 0.015931 0.061275
0 0.508578 0.554381 0.035131 0.065257
0 0.472835 0.555760 0.032271 0.065564
0 0.437092 0.554841 0.030229 0.061275
0 0.408701 0.556066 0.023284 0.061275
0 0.216503 0.442402 0.027778 0.064338
0 0.354984 0.552543 0.021242 0.064032
0 0.326185 0.553002 0.029003 0.057598
0 0.300245 0.553309 0.020425 0.058211
0 0.273080 0.551317 0.029003 0.061581
0 0.245302 0.553309 0.022467 0.055760
0 0.220997 0.553615 0.020425 0.056373
0 0.194240 0.551317 0.029003 0.059130
0 0.166054 0.549632 0.015931 0.060662
0 0.140523 0.549020 0.030229 0.064951
0 0.108456 0.545496 0.029003 0.057904
0 0.093954 0.641085 0.029412 0.070772
0 0.127859 0.641085 0.035131 0.060968
0 0.183619 0.640472 0.027369 0.054841
0 0.178922 0.448529 0.041667 0.056373
0 0.402982 0.446998 0.015114 0.058211
0 0.141136 0.308670 0.071487 0.090993
0 0.454248 0.188572 0.051471 0.100184
0 0.401552 0.187347 0.051471 0.095282
0 0.802900 0.791820 0.053513 0.018689
0 0.861111 0.795037 0.053922 0.020221
0 0.861111 0.777114 0.053922 0.011336
0 0.858864 0.762868 0.056781 0.015319
0 0.852941 0.740809 0.051471 0.023284
0 0.506332 0.177390 0.033905 0.122549
0 0.919118 0.792126 0.048203 0.016850
0 0.971405 0.761336 0.057190 0.056373
0 0.957721 0.648438 0.046160 0.056066
0 0.908905 0.650888 0.040850 0.056066
0 0.862949 0.647365 0.044526 0.053922
0 0.605801 0.170803 0.044935 0.138787
0 0.142157 0.446078 0.030229 0.056373
0 0.111111 0.443321 0.031046 0.055760
0 0.974673 0.798560 0.050654 0.015012
0 0.077410 0.441176 0.029820 0.061887
0 0.555760 0.172794 0.046977 0.132966
0 0.192810 0.753217 0.026144 0.084865
0 0.482230 0.756434 0.028186 0.088848
0 0.510417 0.756434 0.029003 0.083946
0 0.541871 0.758272 0.025735 0.085172
0 0.573938 0.757047 0.033497 0.085172
0 0.608660 0.772059 0.031046 0.053309
0 0.643791 0.775276 0.035131 0.057292
0 0.690972 0.797335 0.056781 0.017463
0 0.163807 0.753217 0.031046 0.079963
0 0.693832 0.776501 0.052696 0.018076
0 0.390931 0.757200 0.030229 0.085478
0 0.362132 0.758732 0.022467 0.083640
0 0.334355 0.761336 0.029003 0.079044
0 0.303922 0.759498 0.027778 0.082721
0 0.276961 0.757966 0.026144 0.087010
0 0.249183 0.757659 0.023693 0.086397
0 0.222426 0.757506 0.033088 0.081189
0 0.749796 0.794577 0.046160 0.019301
0 0.451797 0.755515 0.023693 0.089461
0 0.421773 0.755515 0.025735 0.087010
0 0.206699 0.320466 0.050654 0.067402
0 0.876430 0.321844 0.095180 0.079963
0 0.956291 0.327972 0.046569 0.072610
0 0.991217 0.329044 0.017565 0.074755
0 0.710172 0.335784 0.042892 0.050858
0 0.657475 0.315717 0.062500 0.087316
0 0.575776 0.329044 0.057598 0.069853
0 0.077206 0.308977 0.049020 0.089154
0 0.516748 0.323376 0.051471 0.065870
0 0.467320 0.322917 0.048203 0.064951
0 0.395833 0.315257 0.096405 0.086397
0 0.291462 0.317249 0.104984 0.085478
0 0.798203 0.323376 0.050654 0.073223
0 0.751838 0.336244 0.037173 0.054228
0 0.135417 0.176471 0.046977 0.106005
0 0.190155 0.171569 0.051062 0.113358
0 0.242034 0.179075 0.042075 0.098346
0 0.985907 0.155484 0.027369 0.160233
0 0.928513 0.156403 0.073529 0.154718
0 0.857230 0.177237 0.063317 0.119792
0 0.793301 0.176777 0.057190 0.113971
0 0.726920 0.178462 0.065768 0.122243
0 0.662173 0.189645 0.058824 0.090074
0 0.296773 0.172488 0.046160 0.110294
0 0.345588 0.185202 0.051471 0.095895
0 0.085580 0.184896 0.033088 0.100184
