0 0.979880 0.092067 0.037671 0.064904
0 0.721533 0.174880 0.081764 0.018990
0 0.901541 0.029327 0.029966 0.049519
0 0.976670 0.204087 0.046661 0.044712
0 0.886772 0.208774 0.102312 0.041106
0 0.775257 0.209856 0.092466 0.036058
0 0.666524 0.212139 0.094178 0.031490
0 0.940283 0.028846 0.038099 0.047115
0 0.346104 0.203005 0.093750 0.031971
0 0.158176 0.194712 0.038955 0.045192
0 0.236301 0.202644 0.098459 0.032692
0 0.232021 0.163341 0.101884 0.032933
0 0.451413 0.206731 0.101455 0.030288
0 0.446490 0.168029 0.095034 0.032692
0 0.935788 0.103726 0.035103 0.065625
0 0.555223 0.208293 0.090753 0.033413
0 0.558005 0.168029 0.111729 0.032692
0 0.105522 0.195192 0.050942 0.047596
0 0.894478 0.101803 0.032106 0.063221
0 0.178296 0.094351 0.084332 0.036298
0 0.811858 0.097957 0.038099 0.061779
0 0.084760 0.262740 0.105308 0.029327
0 0.897688 0.781731 0.028253 0.028846
0 0.090539 0.013341 0.095462 0.021394
0 0.191995 0.013462 0.079195 0.026923
0 0.075985 0.048558 0.077483 0.040865
0 0.182791 0.050601 0.093322 0.036779
0 0.285745 0.051683 0.080051 0.040385
0 0.081764 0.095553 0.083048 0.042548
0 0.854452 0.100962 0.042808 0.067788
0 0.276541 0.097596 0.094178 0.035577
0 0.385488 0.061058 0.099743 0.033654
0 0.487800 0.060937 0.089469 0.040144
0 0.485017 0.107212 0.094178 0.037500
0 0.554580 0.085216 0.025257 0.069471
0 0.589041 0.085096 0.029966 0.060577
0 0.646618 0.091827 0.065497 0.071154
0 0.710188 0.094832 0.042808 0.071394
0 0.760060 0.094952 0.040668 0.067788
0 0.377140 0.103606 0.092466 0.038462
0 0.087757 0.295072 0.111301 0.024760
0 0.956764 0.791466 0.044521 0.036298
0 0.362800 0.640264 0.057791 0.056971
0 0.041096 0.571635 0.077911 0.020192
0 0.036173 0.594471 0.071490 0.022596
0 0.300086 0.563462 0.060788 0.027404
0 0.389555 0.570312 0.068493 0.037740
0 0.438142 0.633894 0.069777 0.045673
0 0.055223 0.658413 0.072774 0.032692
0 0.458904 0.577284 0.063356 0.030048
0 0.139127 0.664543 0.065068 0.029087
0 0.215539 0.662620 0.062928 0.032933
0 0.290454 0.653005 0.062928 0.043510
0 0.298801 0.618750 0.058219 0.018750
0 0.525471 0.655288 0.074058 0.023558
0 0.527397 0.630048 0.071918 0.023077
0 0.604024 0.652043 0.076199 0.024279
0 0.141053 0.630649 0.064640 0.025240
0 0.701199 0.652885 0.083048 0.022596
0 0.532962 0.571274 0.067637 0.032933
0 0.652825 0.567428 0.045377 0.040625
0 0.025043 0.512260 0.045805 0.034135
0 0.131849 0.514303 0.103596 0.042067
0 0.241866 0.510096 0.094178 0.041346
0 0.335188 0.511058 0.071918 0.036538
0 0.429580 0.506010 0.090325 0.037500
0 0.552654 0.515385 0.090753 0.036538
0 0.604238 0.567668 0.044092 0.043029
0 0.660959 0.503005 0.088185 0.031490
0 0.840111 0.504928 0.067209 0.039663
0 0.924443 0.504567 0.075771 0.037500
0 0.983305 0.507572 0.033390 0.028125
0 0.875000 0.569832 0.062500 0.029567
0 0.803510 0.572115 0.064212 0.031250
0 0.727312 0.569591 0.065925 0.036298
0 0.756207 0.511538 0.086901 0.032212
0 0.695848 0.625361 0.092894 0.023798
0 0.784889 0.649279 0.074914 0.023558
0 0.857877 0.638582 0.054795 0.048317
0 0.132277 0.826803 0.040240 0.016587
0 0.217252 0.806010 0.028682 0.058173
0 0.283390 0.821875 0.091610 0.020192
0 0.347175 0.802764 0.026541 0.058413
0 0.378425 0.797957 0.030822 0.059375
0 0.428296 0.814063 0.055223 0.035817
0 0.171447 0.815986 0.027825 0.011298
0 0.497003 0.793870 0.053938 0.022356
0 0.587329 0.814303 0.069349 0.023798
0 0.587757 0.781490 0.070205 0.026442
0 0.656464 0.807572 0.052654 0.025240
0 0.718108 0.791827 0.053510 0.023558
0 0.794307 0.797476 0.056079 0.033413
0 0.855522 0.783894 0.050086 0.054327
0 0.513271 0.821875 0.054795 0.032212
0 0.175942 0.787139 0.036815 0.035817
0 0.133776 0.785817 0.043236 0.023558
0 0.083262 0.793870 0.038099 0.016587
0 0.919307 0.638462 0.050086 0.042308
0 0.972603 0.642067 0.054795 0.035096
0 0.979238 0.712139 0.041524 0.042067
0 0.931293 0.705769 0.046661 0.045673
0 0.876070 0.709495 0.048373 0.041106
0 0.804580 0.712620 0.050086 0.038221
0 0.742723 0.712861 0.054795 0.043510
0 0.653896 0.716827 0.052654 0.038462
0 0.575985 0.716226 0.041524 0.048798
0 0.507705 0.718870 0.053938 0.049279
0 0.443921 0.716827 0.054795 0.050481
0 0.355736 0.721274 0.054795 0.050721
0 0.305009 0.714543 0.038955 0.037260
0 0.252997 0.714063 0.052226 0.038221
0 0.022902 0.811298 0.044949 0.023558
0 0.296019 0.418029 0.068921 0.090385
0 0.214683 0.423077 0.038099 0.064904
0 0.022046 0.416827 0.041524 0.092788
0 0.115154 0.425962 0.037671 0.064904
0 0.162029 0.423077 0.038099 0.064904
0 0.092466 0.328486 0.104452 0.029567
0 0.202269 0.328726 0.094606 0.029087
0 0.310146 0.330769 0.102312 0.025000
0 0.305437 0.295793 0.110017 0.035337
0 0.544307 0.310216 0.036387 0.063221
0 0.592038 0.311899 0.047089 0.068990
0 0.664170 0.306250 0.051798 0.080288
0 0.715539 0.305168 0.042380 0.079087
0 0.772902 0.301683 0.050942 0.080288
0 0.829195 0.303846 0.051370 0.085096
0 0.889127 0.298317 0.053082 0.089904
0 0.952911 0.296514 0.058219 0.084856
0 0.910959 0.412500 0.054795 0.086538
0 0.471961 0.309736 0.084332 0.076202
0 0.861729 0.426322 0.030822 0.058894
0 0.971318 0.417187 0.057363 0.086298
0 0.667380 0.422476 0.085616 0.024760
0 0.674872 0.391466 0.084332 0.026683
0 0.576413 0.390385 0.090325 0.031731
0 0.569349 0.421034 0.089041 0.024279
0 0.665668 0.449639 0.087329 0.024279
0 0.475813 0.450481 0.086901 0.025481
0 0.459546 0.416587 0.097175 0.036538
0 0.732021 0.426923 0.033390 0.057692
0 0.777611 0.428966 0.032962 0.056490
0 0.818065 0.425481 0.039384 0.057692
0 0.567851 0.449639 0.089469 0.024279
