0 0.585580 0.581495 0.017565 0.047181
0 0.604779 0.577972 0.016748 0.045650
0 0.620915 0.575674 0.016340 0.045956
0 0.410743 0.293811 0.030637 0.088848
0 0.379289 0.372855 0.029003 0.061275
0 0.410539 0.374081 0.034314 0.060662
0 0.378268 0.292433 0.030229 0.089154
0 0.524714 0.465533 0.024918 0.049939
0 0.525735 0.372243 0.031046 0.053309
0 0.554943 0.371630 0.024918 0.050245
0 0.590482 0.407935 0.024101 0.047488
0 0.345588 0.290748 0.036765 0.093750
0 0.468137 0.372549 0.026961 0.055147
0 0.495915 0.371783 0.028595 0.053615
0 0.473652 0.297181 0.030637 0.087623
0 0.442402 0.295803 0.032680 0.084865
0 0.345997 0.372089 0.034314 0.062194
0 0.441176 0.371936 0.026961 0.056373
0 0.550858 0.463542 0.027369 0.053922
0 0.157680 0.298100 0.035131 0.078431
0 0.612949 0.325827 0.015114 0.043811
0 0.594567 0.324755 0.020833 0.045956
0 0.233456 0.408548 0.032271 0.080576
0 0.265319 0.408854 0.031454 0.079350
0 0.588440 0.501685 0.015931 0.046262
0 0.546773 0.552390 0.022467 0.056985
0 0.519608 0.553768 0.029412 0.053615
0 0.492443 0.559130 0.024918 0.056985
0 0.557394 0.300705 0.029820 0.078125
0 0.467320 0.561581 0.025327 0.053309
0 0.629085 0.326593 0.017974 0.044118
0 0.439747 0.566176 0.027369 0.058824
0 0.606822 0.500919 0.016748 0.044730
0 0.623570 0.499234 0.014297 0.044424
0 0.271650 0.627911 0.032680 0.075061
0 0.240196 0.633119 0.031046 0.086703
0 0.280637 0.301777 0.032680 0.078431
0 0.242034 0.302543 0.042075 0.076900
0 0.193219 0.301011 0.031046 0.071998
0 0.340482 0.578278 0.033905 0.067708
0 0.412990 0.568781 0.027778 0.054228
0 0.377655 0.576287 0.040441 0.068627
0 0.530025 0.298254 0.024918 0.081801
0 0.586601 0.660233 0.016340 0.045343
0 0.569240 0.665441 0.017565 0.045343
0 0.197712 0.410080 0.040033 0.078738
0 0.502655 0.298866 0.027369 0.084252
0 0.272672 0.521140 0.038807 0.077206
0 0.205474 0.639706 0.037582 0.079657
0 0.267565 0.723346 0.028595 0.079044
0 0.611315 0.407169 0.015114 0.045956
0 0.629289 0.407169 0.015114 0.045343
0 0.342116 0.483762 0.033905 0.064338
0 0.376430 0.480086 0.033905 0.066789
0 0.408497 0.477175 0.030229 0.059743
0 0.601103 0.655637 0.015931 0.044730
0 0.469975 0.472120 0.030637 0.060049
0 0.439134 0.474265 0.030229 0.064951
0 0.238154 0.731005 0.031046 0.074142
0 0.202819 0.739737 0.038807 0.075061
0 0.376838 0.725337 0.095997 0.038297
0 0.385008 0.689491 0.112337 0.031556
0 0.237541 0.521293 0.033088 0.078738
0 0.201797 0.523438 0.036765 0.073836
0 0.387868 0.646140 0.118056 0.033701
0 0.506127 0.694700 0.092320 0.030944
0 0.506944 0.659773 0.093954 0.030944
0 0.619485 0.652267 0.016748 0.045956
0 0.498570 0.470282 0.026552 0.059436
