0 0.135825 0.615962 0.063317 0.039522
0 0.361724 0.596661 0.046977 0.030944
0 0.723243 0.698836 0.031454 0.024510
0 0.754493 0.693627 0.028595 0.023284
0 0.656454 0.741268 0.032680 0.023591
0 0.690972 0.734988 0.032271 0.026348
0 0.723039 0.728401 0.031046 0.025429
0 0.453023 0.589001 0.037582 0.030944
0 0.409926 0.593290 0.041258 0.030331
0 0.690564 0.705882 0.031454 0.026348
0 0.499796 0.581342 0.041258 0.034007
0 0.546364 0.544730 0.040441 0.034314
0 0.755719 0.723652 0.031046 0.025123
0 0.924020 0.586397 0.021242 0.025735
0 0.951389 0.585325 0.022876 0.027880
0 0.976920 0.580576 0.024918 0.023284
0 0.946691 0.613051 0.021650 0.024510
0 0.656863 0.710631 0.029412 0.023591
0 0.414828 0.553922 0.046977 0.037377
0 0.311479 0.601103 0.047794 0.031250
0 0.199959 0.568474 0.057598 0.041973
0 0.259395 0.566023 0.058007 0.040135
0 0.196691 0.610754 0.055147 0.035233
0 0.066789 0.621936 0.064134 0.039216
0 0.255515 0.606771 0.050245 0.036458
0 0.314951 0.562806 0.050654 0.036765
0 0.067810 0.577972 0.070261 0.039522
0 0.901552 0.464154 0.013072 0.053922
0 0.994281 0.462623 0.010621 0.053922
0 0.982230 0.465227 0.011029 0.053002
0 0.921773 0.613664 0.024918 0.022672
0 0.689338 0.643536 0.029003 0.024203
0 0.364583 0.555913 0.048611 0.044424
0 0.721201 0.638327 0.031454 0.026042
0 0.657475 0.679994 0.030637 0.026654
0 0.689338 0.672947 0.029003 0.033395
0 0.721201 0.667586 0.027369 0.026348
0 0.753064 0.664828 0.029820 0.031250
0 0.752859 0.634651 0.025327 0.027880
0 0.815359 0.653646 0.024510 0.029105
0 0.361724 0.799632 0.046977 0.030637
0 0.854984 0.390012 0.022876 0.077206
0 0.878676 0.391085 0.020425 0.075061
0 0.898284 0.391850 0.020425 0.074755
0 0.919935 0.390012 0.020425 0.074755
0 0.939134 0.391850 0.020425 0.074755
0 0.960376 0.390778 0.020425 0.075061
0 0.982843 0.394761 0.020425 0.070772
0 0.046569 0.483915 0.027778 0.084252
0 0.077614 0.482996 0.032680 0.083027
0 0.110498 0.477175 0.029003 0.076900
0 0.138276 0.477328 0.024101 0.075980
0 0.166054 0.477022 0.026552 0.073529
0 0.194853 0.475490 0.026961 0.073529
0 0.222222 0.475643 0.024510 0.073836
0 0.246119 0.473958 0.023284 0.073529
0 0.316585 0.481005 0.029412 0.078431
0 0.343954 0.480545 0.022876 0.078738
0 0.369485 0.477788 0.025735 0.075061
0 0.424632 0.480392 0.025735 0.074142
0 0.451389 0.480392 0.022059 0.072917
0 0.474877 0.478094 0.021650 0.073223
0 0.498366 0.480392 0.020425 0.069853
0 0.569444 0.476869 0.009804 0.067096
0 0.629085 0.475031 0.018791 0.066483
0 0.434436 0.693015 0.090278 0.061887
0 0.647876 0.474265 0.019608 0.066789
0 0.688930 0.472426 0.015931 0.067402
0 0.830882 0.389093 0.022876 0.077819
0 0.885212 0.464614 0.013072 0.051777
0 0.871324 0.466912 0.013889 0.056373
0 0.856005 0.466452 0.015931 0.058517
0 0.839461 0.465993 0.011438 0.057598
0 0.824959 0.467218 0.015931 0.061887
0 0.809845 0.465993 0.015931 0.061887
0 0.793913 0.467831 0.015931 0.061887
0 0.779003 0.467525 0.016340 0.061887
0 0.763072 0.469363 0.016340 0.061887
0 0.743873 0.471048 0.019608 0.064645
0 0.970997 0.606771 0.017157 0.021140
0 0.785743 0.659926 0.029820 0.023284
0 0.587418 0.541667 0.033497 0.036152
0 0.844567 0.649663 0.025735 0.024203
0 0.871732 0.645680 0.022876 0.025429
0 0.896242 0.642157 0.022876 0.025123
0 0.922794 0.639246 0.022876 0.025429
0 0.970180 0.465533 0.011438 0.053615
0 0.957721 0.466146 0.011029 0.054841
0 0.941993 0.464614 0.020425 0.054841
0 0.726103 0.471354 0.016748 0.063419
0 0.707516 0.471048 0.020425 0.064645
0 0.670139 0.473958 0.019199 0.067402
0 0.542279 0.578585 0.036356 0.031556
0 0.501021 0.736520 0.039624 0.026348
0 0.621732 0.571078 0.032680 0.028799
0 0.902574 0.549020 0.023284 0.024510
0 0.878472 0.550245 0.020016 0.023897
0 0.960580 0.518229 0.024918 0.027267
0 0.936070 0.518536 0.024918 0.027880
0 0.142770 0.840993 0.057598 0.030637
0 0.201797 0.831801 0.057190 0.030637
0 0.258170 0.820159 0.055556 0.028799
0 0.922998 0.310509 0.019199 0.076900
0 0.943015 0.315564 0.018382 0.069240
0 0.928513 0.546875 0.022059 0.023284
0 0.963031 0.315564 0.021650 0.071691
0 0.038399 0.365962 0.048203 0.120404
0 0.089052 0.370558 0.051471 0.114890
0 0.157067 0.372549 0.057598 0.109069
0 0.212214 0.372855 0.045343 0.107230
0 0.261029 0.376072 0.044935 0.103860
0 0.303105 0.375919 0.038399 0.103554
0 0.348652 0.375613 0.044526 0.102941
0 0.389093 0.378523 0.036356 0.098958
0 0.428309 0.378830 0.041258 0.100184
0 0.982230 0.319547 0.015114 0.064338
0 0.952206 0.543964 0.024510 0.022978
0 0.975899 0.542126 0.020425 0.020527
0 0.078840 0.853554 0.067810 0.034314
0 0.073121 0.683977 0.064542 0.038909
0 0.141953 0.679075 0.063317 0.037071
0 0.204044 0.674326 0.057598 0.036765
0 0.262051 0.665748 0.055147 0.034926
0 0.076593 0.726869 0.067402 0.031556
0 0.141544 0.719669 0.059232 0.029412
0 0.200776 0.712776 0.059232 0.030944
0 0.258170 0.705882 0.055556 0.029412
0 0.077614 0.767923 0.065359 0.034620
0 0.140727 0.758732 0.060866 0.034007
0 0.200572 0.751072 0.058824 0.030944
0 0.259395 0.742953 0.053922 0.033088
0 0.312296 0.733609 0.049428 0.029718
0 0.361315 0.688419 0.050245 0.031250
0 0.362541 0.725337 0.048611 0.031556
0 0.077614 0.810968 0.065359 0.034926
0 0.141544 0.800858 0.059232 0.033088
0 0.200572 0.790901 0.058824 0.034620
0 0.257966 0.781250 0.055147 0.033701
0 0.312296 0.771906 0.049428 0.030331
0 0.360090 0.761795 0.047794 0.030944
0 0.469363 0.380055 0.041667 0.098958
0 0.512868 0.375153 0.030637 0.034620
0 0.515319 0.405025 0.027369 0.020833
0 0.519404 0.432445 0.027369 0.027267
0 0.583538 0.688725 0.037990 0.028799
0 0.543913 0.696078 0.039624 0.028186
0 0.660948 0.616728 0.037582 0.025735
0 0.618668 0.653033 0.038807 0.030944
0 0.582312 0.655790 0.035539 0.030331
0 0.544118 0.662071 0.035948 0.030025
0 0.501021 0.770221 0.039624 0.026961
0 0.500000 0.702359 0.037582 0.028493
0 0.502247 0.669271 0.042075 0.026654
0 0.506536 0.633425 0.044935 0.030331
0 0.432394 0.767616 0.090278 0.054841
0 0.622958 0.684283 0.035131 0.029105
0 0.545956 0.729167 0.039624 0.026961
0 0.584355 0.720741 0.035539 0.025429
0 0.621732 0.715074 0.036765 0.026348
0 0.544118 0.762255 0.040033 0.028799
0 0.586601 0.756587 0.031863 0.026654
0 0.623366 0.747549 0.031863 0.026961
0 0.655842 0.649816 0.031454 0.024510
0 0.730392 0.531863 0.033497 0.030025
0 0.657475 0.568474 0.034722 0.029718
0 0.834355 0.303615 0.029820 0.078431
0 0.585376 0.578431 0.037582 0.031250
0 0.860703 0.305913 0.022876 0.075674
0 0.903186 0.309589 0.017157 0.071998
0 0.528391 0.460784 0.033088 0.022672
0 0.548407 0.484835 0.032271 0.024816
0 0.547181 0.379902 0.025735 0.096201
0 0.578227 0.383272 0.031454 0.089461
0 0.609477 0.382812 0.032680 0.086703
0 0.639297 0.386183 0.026961 0.080576
0 0.668096 0.388634 0.023284 0.079963
0 0.698325 0.388327 0.030637 0.076287
0 0.729984 0.388327 0.032680 0.076287
0 0.771242 0.387868 0.037582 0.074142
0 0.803717 0.388787 0.025735 0.080270
0 0.910335 0.520833 0.026552 0.026348
0 0.881740 0.522212 0.026552 0.029105
0 0.849673 0.552390 0.027778 0.028186
0 0.817198 0.555453 0.028186 0.025123
0 0.787582 0.555300 0.025327 0.024816
0 0.758783 0.559436 0.024918 0.023897
0 0.725899 0.562500 0.032680 0.026961
0 0.691585 0.565257 0.029412 0.029412
0 0.793301 0.527114 0.029412 0.026654
0 0.763889 0.528339 0.031046 0.029105
0 0.883987 0.308364 0.022876 0.075674
0 0.312500 0.810815 0.049837 0.031556
0 0.607435 0.475797 0.020425 0.066789
0 0.049224 0.232230 0.057598 0.121936
0 0.753472 0.233456 0.026552 0.029412
0 0.719158 0.231464 0.035539 0.031556
0 0.682802 0.226562 0.032271 0.030944
0 0.647059 0.223039 0.034314 0.033088
0 0.610703 0.218137 0.035131 0.032475
0 0.572917 0.211091 0.036356 0.033701
0 0.530433 0.207414 0.037173 0.035539
0 0.488358 0.199602 0.038807 0.035233
0 0.784518 0.238971 0.031454 0.028186
0 0.437704 0.190717 0.047794 0.031556
0 0.340891 0.181985 0.053513 0.036765
0 0.285743 0.172794 0.053513 0.042892
0 0.230392 0.163603 0.053105 0.039828
0 0.167075 0.156710 0.061275 0.044424
0 0.103962 0.149050 0.064951 0.041360
0 0.032271 0.138940 0.064542 0.045650
0 0.971609 0.234835 0.018382 0.027267
0 0.951185 0.231311 0.018382 0.028186
0 0.390114 0.185355 0.046569 0.040441
0 0.927492 0.229473 0.020016 0.027574
0 0.814951 0.241115 0.027778 0.032475
0 0.873366 0.251225 0.026144 0.028186
0 0.472835 0.270680 0.036356 0.103860
0 0.431985 0.267157 0.044526 0.095588
0 0.389910 0.263634 0.037990 0.105086
0 0.346405 0.259038 0.044118 0.108150
0 0.300858 0.255515 0.046977 0.100490
0 0.894608 0.695619 0.024510 0.022365
0 0.919322 0.689645 0.020016 0.022672
0 0.943423 0.686581 0.019199 0.018382
0 0.842525 0.245098 0.025735 0.031250
0 0.966708 0.682598 0.020833 0.016544
0 0.208742 0.247549 0.046569 0.104167
0 0.158701 0.241422 0.052696 0.115809
0 0.103962 0.238358 0.052696 0.110294
0 0.818219 0.210478 0.026144 0.029412
0 0.970588 0.263021 0.020425 0.027267
0 0.946487 0.259957 0.021242 0.027267
0 0.922998 0.256893 0.019199 0.027267
0 0.899306 0.254289 0.020833 0.025123
0 0.254902 0.250766 0.044935 0.109988
0 0.510008 0.274969 0.037173 0.095282
0 0.904208 0.224418 0.022467 0.029718
0 0.032067 0.039216 0.064134 0.050858
0 0.982026 0.207414 0.024510 0.026348
0 0.032067 0.090533 0.064134 0.049326
0 0.100694 0.104167 0.066585 0.045956
0 0.168096 0.110141 0.051062 0.046262
0 0.231209 0.119792 0.054739 0.044118
0 0.286560 0.129136 0.051062 0.044424
0 0.342116 0.141238 0.047794 0.037990
0 0.393382 0.143842 0.044935 0.040135
0 0.955474 0.204350 0.024510 0.026348
0 0.443832 0.156863 0.043709 0.035539
0 0.533905 0.169730 0.040033 0.036765
0 0.575368 0.173407 0.037990 0.041054
0 0.614379 0.181219 0.034314 0.035233
0 0.655229 0.188879 0.034314 0.032169
0 0.689338 0.193781 0.029003 0.032782
0 0.723243 0.199142 0.031454 0.028186
0 0.757966 0.202819 0.027369 0.029412
0 0.848856 0.214920 0.026144 0.029105
0 0.491626 0.159926 0.041258 0.044730
0 0.878064 0.221507 0.023284 0.030025
0 0.931373 0.202819 0.024510 0.026348
0 0.879085 0.190411 0.026144 0.030331
0 0.100286 0.051777 0.065768 0.054534
0 0.165645 0.060049 0.062500 0.045343
0 0.229779 0.073376 0.060049 0.048713
0 0.290645 0.083793 0.055147 0.040135
0 0.344567 0.098652 0.052696 0.047181
0 0.396038 0.102788 0.046160 0.041973
0 0.446487 0.112132 0.049020 0.047181
0 0.494894 0.115196 0.039624 0.038603
0 0.905637 0.193015 0.026144 0.030637
0 0.536765 0.128370 0.041667 0.045956
0 0.618464 0.141391 0.034314 0.041360
0 0.656658 0.150735 0.037173 0.038603
0 0.692198 0.156863 0.030637 0.041667
0 0.729167 0.161458 0.035131 0.044730
0 0.762051 0.167433 0.027369 0.038297
0 0.790850 0.172794 0.027778 0.036765
0 0.820261 0.180453 0.026144 0.030637
0 0.852941 0.184283 0.026144 0.030331
0 0.581291 0.133272 0.041667 0.036152
0 0.545752 0.277420 0.035131 0.098958
0 0.789420 0.207414 0.029003 0.032475
0 0.608456 0.283854 0.030637 0.090380
0 0.947304 0.639246 0.022876 0.025429
0 0.968954 0.632659 0.022876 0.025123
0 0.785539 0.688266 0.029412 0.024816
0 0.816585 0.682445 0.029412 0.024816
0 0.841912 0.677543 0.022059 0.024816
0 0.869281 0.674173 0.022059 0.024816
0 0.895425 0.668505 0.022059 0.025123
0 0.919935 0.664675 0.022059 0.024816
0 0.945466 0.664062 0.021650 0.024816
0 0.578227 0.282935 0.031454 0.088542
0 0.785131 0.717525 0.026144 0.025123
0 0.812092 0.711397 0.026144 0.025123
0 0.842320 0.706801 0.026144 0.025123
0 0.869281 0.700061 0.026144 0.025123
0 0.969363 0.660692 0.022059 0.024816
0 0.672181 0.289982 0.023284 0.087316
0 0.641748 0.287990 0.035948 0.084559
0 0.700368 0.294118 0.030637 0.087010
0 0.727941 0.296262 0.024510 0.080270
0 0.755923 0.297335 0.031454 0.081189
0 0.782475 0.299479 0.019199 0.082414
0 0.806985 0.303002 0.024101 0.075980
0 0.586601 0.475490 0.019608 0.067402
