0 0.028493 0.671977 0.055147 0.151961
0 0.763174 0.553309 0.032475 0.133578
0 0.036765 0.850490 0.073529 0.132353
0 0.077053 0.688930 0.033395 0.150735
0 0.426011 0.720997 0.027267 0.133987
0 0.267463 0.046160 0.037377 0.092320
0 0.153339 0.045139 0.035233 0.088644
0 0.191023 0.045547 0.038909 0.091095
0 0.230086 0.045547 0.035539 0.091095
0 0.385110 0.691993 0.025735 0.128268
0 0.305760 0.046160 0.036765 0.092320
0 0.118719 0.045139 0.031556 0.090278
0 0.110907 0.694853 0.028186 0.140523
0 0.244026 0.700776 0.041973 0.152369
0 0.306066 0.716708 0.025735 0.127859
0 0.727482 0.551675 0.034620 0.134395
0 0.690717 0.550858 0.037071 0.136846
0 0.654105 0.548407 0.031863 0.132761
0 0.582567 0.549020 0.035233 0.129085
0 0.542586 0.543505 0.034314 0.133578
0 0.647672 0.387459 0.035539 0.140114
0 0.338695 0.715278 0.032169 0.132353
0 0.019608 0.501021 0.039216 0.082925
0 0.404105 0.155229 0.047794 0.300654
0 0.873468 0.889910 0.030025 0.118873
0 0.140319 0.696078 0.026348 0.141340
0 0.172488 0.700163 0.033701 0.137255
0 0.206189 0.699755 0.030025 0.143791
0 0.283854 0.710376 0.013174 0.107843
0 0.383272 0.386438 0.044730 0.154412
0 0.618719 0.550041 0.035233 0.129493
0 0.686428 0.390319 0.036458 0.138480
0 0.066942 0.045139 0.027267 0.087827
0 0.145527 0.381332 0.024510 0.115605
0 0.175705 0.385008 0.031556 0.115605
0 0.206495 0.386846 0.025735 0.117647
0 0.237286 0.389706 0.030331 0.118464
0 0.270987 0.387051 0.030331 0.119690
0 0.304381 0.385212 0.030944 0.123366
0 0.337623 0.387868 0.031863 0.121324
0 0.428922 0.388276 0.029412 0.120507
0 0.463235 0.389297 0.032475 0.124183
0 0.166360 0.845384 0.025123 0.122141
0 0.498315 0.384191 0.035233 0.142565
0 0.536612 0.385417 0.036458 0.138480
0 0.573529 0.385621 0.034314 0.138889
0 0.610294 0.386234 0.033088 0.140114
0 0.616881 0.910131 0.040748 0.132353
0 0.556526 0.886234 0.018076 0.120507
0 0.581189 0.895833 0.028186 0.125000
0 0.532169 0.867239 0.027574 0.111928
0 0.501225 0.866013 0.027574 0.111928
0 0.115502 0.381332 0.031863 0.115605
0 0.091912 0.044935 0.020833 0.088235
0 0.083793 0.377859 0.029105 0.120915
0 0.023897 0.375613 0.024510 0.122958
0 0.505668 0.542279 0.035233 0.131127
0 0.468444 0.542075 0.034926 0.130719
0 0.432445 0.540033 0.033395 0.128268
0 0.397365 0.539216 0.033701 0.127451
0 0.364124 0.536969 0.031556 0.127859
0 0.732230 0.393995 0.037377 0.133578
0 0.939951 0.894404 0.031250 0.120507
0 0.975950 0.895221 0.038297 0.124592
0 0.335172 0.545139 0.022672 0.098448
0 0.309436 0.547794 0.026348 0.099673
0 0.282169 0.547794 0.025735 0.099673
0 0.255055 0.546160 0.024816 0.098039
0 0.228860 0.549020 0.023897 0.096405
0 0.201440 0.546160 0.027267 0.093137
0 0.176930 0.527778 0.017463 0.124183
0 0.149969 0.528391 0.034620 0.127042
0 0.115502 0.525940 0.030025 0.126225
0 0.084712 0.523693 0.029105 0.125817
0 0.055607 0.521446 0.027880 0.126225
0 0.052237 0.375408 0.029718 0.125000
0 0.790594 0.746528 0.032782 0.128676
0 0.894914 0.049224 0.044730 0.098448
0 0.812653 0.390931 0.041973 0.144608
0 0.962163 0.529820 0.027880 0.123366
0 0.931526 0.521446 0.028493 0.118873
0 0.912837 0.643791 0.029718 0.119281
0 0.946538 0.649306 0.033395 0.113154
0 0.983150 0.652778 0.033701 0.110294
0 0.864277 0.745507 0.033088 0.130719
0 0.827359 0.745915 0.035233 0.129902
0 0.768536 0.382966 0.029718 0.133578
0 0.838542 0.557394 0.033088 0.137663
0 0.752145 0.047590 0.040441 0.095180
0 0.797488 0.048407 0.044730 0.096814
0 0.939185 0.050041 0.042586 0.099265
0 0.832721 0.049224 0.022672 0.098448
0 0.858303 0.049428 0.023591 0.098856
0 0.028646 0.212214 0.032169 0.121324
0 0.988971 0.539011 0.021446 0.111520
0 0.063113 0.214461 0.034314 0.116830
0 0.707874 0.048815 0.039522 0.096814
0 0.601103 0.049428 0.041667 0.098039
0 0.877604 0.559028 0.040748 0.136846
0 0.343597 0.045547 0.035846 0.091095
0 0.459252 0.047590 0.041054 0.094363
0 0.502298 0.046977 0.041973 0.093137
0 0.544730 0.048203 0.035539 0.095588
0 0.755668 0.744281 0.032782 0.129085
0 0.719822 0.742851 0.032782 0.128676
0 0.690411 0.727533 0.022978 0.128268
0 0.662224 0.736928 0.027267 0.125817
0 0.628676 0.735090 0.034314 0.128676
0 0.594516 0.733047 0.030331 0.129493
0 0.562194 0.733252 0.031250 0.122549
0 0.526348 0.728962 0.030637 0.121324
0 0.492341 0.726920 0.031863 0.122141
0 0.458487 0.722835 0.028493 0.127859
0 0.646446 0.048611 0.039828 0.097222
0 0.097273 0.215891 0.032169 0.118056
0 0.800398 0.554739 0.037071 0.134804
0 0.162837 0.217525 0.029718 0.122141
0 0.356618 0.860498 0.026348 0.117239
0 0.326746 0.859681 0.028493 0.118056
0 0.295190 0.862132 0.029718 0.118056
0 0.267157 0.860294 0.024510 0.118464
0 0.241575 0.857435 0.022365 0.117647
0 0.217065 0.850490 0.023591 0.116830
0 0.365656 0.236315 0.026042 0.109886
0 0.192096 0.849060 0.023284 0.117239
0 0.585631 0.208946 0.037071 0.147467
0 0.546722 0.208333 0.037684 0.143791
0 0.515012 0.200776 0.024510 0.128676
0 0.469516 0.210376 0.041360 0.146242
0 0.250460 0.137255 0.083027 0.032680
0 0.130821 0.214665 0.030637 0.121324
0 0.624694 0.210376 0.037377 0.147059
0 0.412684 0.857230 0.026348 0.113971
0 0.383885 0.860907 0.026348 0.122141
0 0.467525 0.863766 0.028186 0.113971
0 0.907322 0.892974 0.029718 0.115196
0 0.197304 0.217729 0.035539 0.122549
0 0.234375 0.220997 0.034314 0.126634
0 0.854320 0.394812 0.035233 0.141748
0 0.896446 0.397672 0.038603 0.146650
0 0.935049 0.380515 0.031863 0.109886
0 0.439185 0.859069 0.023591 0.111928
0 0.981618 0.169118 0.036152 0.172386
0 0.970741 0.379289 0.036458 0.111520
0 0.304075 0.230188 0.027880 0.110703
0 0.335478 0.229575 0.031250 0.116830
0 0.863511 0.209355 0.048713 0.153186
0 0.910846 0.212623 0.037377 0.152369
0 0.704044 0.209763 0.044118 0.150735
0 0.662684 0.209763 0.037377 0.150735
0 0.270221 0.227737 0.035539 0.110703
