0 0.975694 0.770527 0.032271 0.053309
0 0.123162 0.115962 0.045343 0.078125
0 0.094567 0.816023 0.060049 0.025429
0 0.099673 0.779105 0.073529 0.018995
0 0.026348 0.821998 0.052696 0.026961
0 0.785131 0.651808 0.032680 0.037071
0 0.964665 0.667739 0.046160 0.038909
0 0.919526 0.670650 0.035948 0.034926
0 0.882149 0.663603 0.039624 0.036765
0 0.720588 0.666207 0.043301 0.065870
0 0.680147 0.669424 0.030229 0.071078
0 0.648693 0.668505 0.028595 0.072917
0 0.610294 0.678002 0.041667 0.058824
0 0.565155 0.678922 0.048611 0.055760
0 0.524101 0.670037 0.023693 0.064951
0 0.496528 0.670803 0.026552 0.071998
0 0.470384 0.672335 0.024101 0.069547
0 0.160335 0.809743 0.061683 0.026348
0 0.163194 0.840993 0.067402 0.029412
0 0.266136 0.816176 0.097631 0.111520
0 0.334355 0.829504 0.032271 0.076900
0 0.506536 0.478248 0.060458 0.064338
0 0.018382 0.113971 0.036765 0.077206
0 0.768587 0.769148 0.040441 0.060968
0 0.912377 0.794577 0.092729 0.053002
0 0.824551 0.761949 0.056781 0.060049
0 0.728350 0.808058 0.033497 0.063419
0 0.678922 0.799173 0.060458 0.089154
0 0.438521 0.678922 0.032271 0.072304
0 0.623979 0.808364 0.033088 0.053615
0 0.556985 0.828278 0.021650 0.014400
0 0.527369 0.822151 0.026961 0.056679
0 0.494485 0.815564 0.029003 0.072304
0 0.459355 0.795190 0.025735 0.078125
0 0.432190 0.819087 0.019608 0.070772
0 0.400735 0.803156 0.032680 0.078125
0 0.367647 0.821844 0.031046 0.081189
0 0.583538 0.814951 0.031454 0.063725
0 0.448734 0.479473 0.049428 0.065564
0 0.408497 0.686121 0.026144 0.062194
0 0.286356 0.667586 0.037582 0.055147
0 0.059641 0.615043 0.086601 0.025429
0 0.142770 0.609835 0.069036 0.033395
0 0.152982 0.556679 0.057598 0.024510
0 0.061683 0.582874 0.087418 0.028493
0 0.987949 0.472426 0.024101 0.057598
0 0.951797 0.473039 0.038399 0.053922
0 0.909926 0.474877 0.041258 0.055760
0 0.870507 0.474112 0.034314 0.056066
0 0.830270 0.474571 0.042892 0.056373
0 0.737745 0.474724 0.031046 0.058517
0 0.699346 0.476562 0.044118 0.066483
0 0.649714 0.474877 0.052696 0.063725
0 0.602533 0.476716 0.040850 0.061275
0 0.560458 0.484222 0.041667 0.050551
0 0.070466 0.121477 0.047794 0.065257
0 0.220180 0.582261 0.044935 0.083640
0 0.282475 0.582108 0.072304 0.067402
0 0.357026 0.581648 0.071078 0.068934
0 0.419322 0.603094 0.044526 0.025429
0 0.234886 0.697763 0.053105 0.050551
0 0.155025 0.728554 0.058415 0.023284
0 0.157475 0.688266 0.060049 0.026042
0 0.089461 0.707414 0.060458 0.026961
0 0.091299 0.675858 0.067402 0.025735
0 0.948529 0.562653 0.064542 0.068934
0 0.884395 0.564185 0.054739 0.066483
0 0.324346 0.681066 0.030229 0.082108
0 0.833742 0.563879 0.046569 0.079963
0 0.728554 0.576440 0.041258 0.062806
0 0.679126 0.583793 0.050245 0.048713
0 0.615196 0.581648 0.040850 0.053002
0 0.576185 0.572151 0.031454 0.079350
0 0.543913 0.567096 0.020833 0.074755
0 0.506944 0.584406 0.047386 0.060355
0 0.462214 0.585325 0.033088 0.050551
0 0.793913 0.569547 0.031454 0.069240
0 0.400735 0.478707 0.046569 0.065257
0 0.367443 0.690870 0.048611 0.055760
0 0.308007 0.477788 0.044935 0.068934
0 0.035948 0.256434 0.028595 0.046569
0 0.080474 0.243566 0.051471 0.065564
0 0.093750 0.202053 0.046977 0.016238
0 0.140727 0.257812 0.022467 0.049326
0 0.202614 0.264553 0.042484 0.076287
0 0.247345 0.215227 0.045343 0.077512
0 0.250000 0.279871 0.050654 0.047488
0 0.299837 0.266085 0.049837 0.076900
0 0.351920 0.267310 0.046160 0.073836
0 0.390931 0.270527 0.031046 0.068015
0 0.426879 0.273744 0.031046 0.065257
0 0.460784 0.275276 0.033497 0.061581
0 0.493056 0.275582 0.026144 0.063419
0 0.529412 0.275276 0.045752 0.064032
0 0.567810 0.284161 0.028595 0.048100
0 0.118668 0.056066 0.057598 0.039216
0 0.919526 0.142310 0.045752 0.071385
0 0.868464 0.137714 0.052288 0.075061
0 0.815155 0.137561 0.042075 0.075368
0 0.352124 0.476409 0.043301 0.068627
0 0.183415 0.080423 0.048203 0.100797
0 0.232639 0.101103 0.041258 0.107843
0 0.276348 0.104320 0.038807 0.106924
0 0.317606 0.109835 0.038807 0.095895
0 0.355188 0.109222 0.034722 0.099571
0 0.393382 0.108456 0.031863 0.103554
0 0.598856 0.273131 0.029412 0.068321
0 0.434641 0.109528 0.042484 0.101409
0 0.529616 0.115656 0.034722 0.097733
0 0.569649 0.111979 0.032271 0.105086
0 0.607026 0.112132 0.039216 0.107230
0 0.647263 0.112745 0.040441 0.111520
0 0.687092 0.123009 0.037582 0.093444
0 0.726716 0.141697 0.040850 0.056066
0 0.765114 0.137102 0.031863 0.070772
0 0.484681 0.120864 0.049428 0.087929
0 0.622753 0.276654 0.016748 0.065564
0 0.973652 0.141391 0.052696 0.073223
0 0.644812 0.278033 0.024918 0.064032
0 0.928513 0.227941 0.042484 0.056373
0 0.972222 0.228094 0.043301 0.057292
0 0.822304 0.320159 0.034314 0.057598
0 0.909518 0.322151 0.043709 0.051164
0 0.943423 0.323223 0.021650 0.049020
0 0.979371 0.327665 0.039624 0.045650
0 0.877042 0.395067 0.035948 0.051777
0 0.917484 0.394761 0.041667 0.051164
0 0.960989 0.393689 0.038807 0.051471
0 0.066993 0.450827 0.069444 0.030944
0 0.053105 0.496324 0.077614 0.038603
0 0.132761 0.501532 0.071078 0.030025
0 0.137051 0.464308 0.061683 0.030944
0 0.212418 0.479933 0.044118 0.067708
0 0.259600 0.479626 0.048611 0.070159
0 0.886642 0.227482 0.037173 0.058517
0 0.843546 0.223652 0.040850 0.053922
0 0.831495 0.393842 0.045343 0.050551
0 0.697304 0.387868 0.040033 0.064951
0 0.669118 0.278339 0.022876 0.060968
0 0.743464 0.385570 0.045752 0.067708
0 0.696078 0.272978 0.030229 0.071078
0 0.729167 0.272978 0.035131 0.068627
0 0.041054 0.378370 0.049428 0.050245
0 0.095384 0.382047 0.050245 0.047181
0 0.146446 0.382047 0.037990 0.047181
0 0.209967 0.384957 0.046569 0.074449
0 0.137663 0.339154 0.038399 0.028799
0 0.308824 0.384344 0.046569 0.073223
0 0.357435 0.384191 0.049837 0.072304
0 0.407680 0.382812 0.049837 0.070159
0 0.464461 0.388021 0.044935 0.067708
0 0.511846 0.382200 0.042484 0.068934
0 0.604575 0.384804 0.037582 0.068627
0 0.647467 0.383578 0.040850 0.066176
0 0.259191 0.384498 0.051062 0.074755
