0 0.980392 0.719975 0.020425 0.058211
0 0.960376 0.727022 0.020425 0.058211
0 0.519608 0.101716 0.039216 0.147672
0 0.313725 0.278952 0.027778 0.079963
0 0.269199 0.277727 0.040033 0.075061
0 0.228758 0.278799 0.038399 0.077819
0 0.193627 0.278952 0.032680 0.079963
0 0.131944 0.231618 0.067810 0.059436
0 0.136234 0.291973 0.073938 0.055760
0 0.050041 0.232996 0.084559 0.061581
0 0.054943 0.294884 0.085376 0.059130
0 0.056781 0.372396 0.110294 0.064645
0 0.193423 0.372396 0.136029 0.060355
0 0.210172 0.433670 0.129493 0.059130
0 0.333946 0.365502 0.113971 0.060049
0 0.450163 0.358609 0.105392 0.055453
0 0.551471 0.353401 0.081699 0.049939
0 0.356822 0.264093 0.031454 0.100490
0 0.644812 0.347580 0.084559 0.052390
0 0.454453 0.413143 0.101716 0.052390
0 0.554534 0.404718 0.078840 0.050858
0 0.646446 0.399510 0.084559 0.049632
0 0.718342 0.390931 0.045343 0.085172
0 0.763889 0.385723 0.032680 0.086397
0 0.806373 0.381740 0.037582 0.087623
0 0.849265 0.381893 0.040850 0.084865
0 0.885417 0.381434 0.021650 0.071691
0 0.918096 0.371936 0.032271 0.083946
0 0.954861 0.370404 0.032271 0.080270
0 0.986928 0.368566 0.026144 0.081495
0 0.990605 0.488664 0.017974 0.089461
0 0.964665 0.492800 0.033088 0.087929
0 0.792688 0.605852 0.046977 0.049939
0 0.340278 0.424786 0.108660 0.054228
0 0.399101 0.262255 0.036765 0.099265
0 0.437092 0.263174 0.030229 0.097426
0 0.476511 0.260723 0.026552 0.098039
0 0.022467 0.088388 0.041667 0.132659
0 0.068423 0.089001 0.047794 0.127145
0 0.112337 0.090839 0.028595 0.136949
0 0.158497 0.080423 0.050654 0.160233
0 0.248366 0.087316 0.040850 0.148897
0 0.310458 0.089461 0.052288 0.144608
0 0.417892 0.110294 0.141340 0.109681
0 0.560049 0.101869 0.031046 0.142463
0 0.597426 0.105086 0.023284 0.138480
0 0.639502 0.107690 0.043709 0.128370
0 0.680556 0.109528 0.027778 0.129596
0 0.713848 0.111979 0.029820 0.124694
0 0.754085 0.110294 0.040033 0.130515
0 0.797794 0.112132 0.041667 0.128676
0 0.842525 0.113971 0.039624 0.129902
0 0.885417 0.116881 0.046160 0.121630
0 0.926879 0.118719 0.034314 0.124694
0 0.506536 0.261183 0.028595 0.092218
0 0.541462 0.262868 0.037173 0.093750
0 0.580678 0.260263 0.029820 0.089767
0 0.616217 0.262102 0.030637 0.087929
0 0.651144 0.261183 0.023693 0.089767
0 0.679126 0.259498 0.030637 0.088848
0 0.737949 0.613051 0.053513 0.049020
0 0.726511 0.261489 0.043709 0.125919
0 0.813725 0.253523 0.037582 0.125919
0 0.855596 0.256434 0.038807 0.122549
0 0.900940 0.258732 0.037173 0.120404
0 0.939542 0.257506 0.035131 0.120404
0 0.979371 0.257506 0.029003 0.115502
0 0.965891 0.121324 0.038807 0.119485
0 0.768995 0.257353 0.036356 0.125000
0 0.674632 0.642616 0.052696 0.049326
0 0.069649 0.440257 0.114788 0.071078
0 0.557190 0.662684 0.056373 0.048407
0 0.793913 0.650735 0.043709 0.037990
0 0.841503 0.635723 0.037582 0.052083
0 0.887459 0.590839 0.046977 0.043199
0 0.931373 0.578431 0.034314 0.040441
0 0.975490 0.570772 0.049020 0.044118
0 0.976716 0.616115 0.042484 0.042892
0 0.933211 0.619638 0.037990 0.040748
0 0.887255 0.633272 0.043301 0.038603
0 0.101103 0.848039 0.185049 0.072304
0 0.106209 0.908088 0.187908 0.049020
0 0.110907 0.962623 0.187500 0.060662
0 0.279820 0.866728 0.151961 0.055760
0 0.287582 0.922488 0.151961 0.055760
0 0.416258 0.770833 0.151961 0.055760
0 0.426675 0.825214 0.134395 0.052390
0 0.434845 0.877145 0.134395 0.052083
0 0.554534 0.742034 0.125408 0.044730
0 0.937092 0.731618 0.020425 0.058211
0 0.915237 0.735600 0.020016 0.058211
0 0.891340 0.739583 0.020425 0.058211
0 0.866013 0.746324 0.020425 0.058211
0 0.845180 0.754902 0.020425 0.058211
0 0.823121 0.758885 0.020425 0.058211
0 0.742034 0.659620 0.046977 0.041054
0 0.795139 0.770833 0.020016 0.058211
0 0.748162 0.781556 0.020016 0.058211
0 0.618056 0.652574 0.055556 0.047794
0 0.682394 0.765625 0.110703 0.044118
0 0.674224 0.717525 0.110703 0.044118
0 0.563113 0.845895 0.120507 0.044118
0 0.560049 0.796875 0.125817 0.044730
0 0.769812 0.776042 0.020016 0.058211
0 0.935049 0.496170 0.022876 0.087929
0 0.682802 0.819547 0.110703 0.044118
0 0.882966 0.504902 0.029003 0.091299
0 0.909926 0.500919 0.024918 0.091912
0 0.671773 0.589614 0.050245 0.054841
0 0.613562 0.600490 0.062092 0.055760
0 0.553309 0.609681 0.054330 0.055760
0 0.496732 0.649203 0.048203 0.102941
0 0.376225 0.670190 0.055556 0.109375
0 0.314542 0.683211 0.060458 0.115196
0 0.243260 0.695619 0.067402 0.122243
0 0.166667 0.708487 0.076797 0.122243
0 0.090482 0.722733 0.073938 0.125613
0 0.023693 0.736060 0.047386 0.124081
0 0.022672 0.571232 0.045343 0.137561
0 0.091503 0.561121 0.054739 0.141238
0 0.155637 0.553768 0.054739 0.135723
0 0.214665 0.552543 0.046977 0.124081
0 0.437296 0.659007 0.060866 0.106005
0 0.319649 0.538450 0.051879 0.113664
0 0.850490 0.509191 0.034314 0.093750
0 0.267770 0.545037 0.042892 0.118873
0 0.817606 0.514246 0.029820 0.092831
0 0.786969 0.518536 0.029820 0.095895
0 0.712827 0.526042 0.027778 0.099265
0 0.671569 0.496630 0.034314 0.096201
0 0.634191 0.499694 0.036356 0.103554
0 0.750000 0.523591 0.035131 0.097426
0 0.553513 0.511183 0.040033 0.106311
0 0.372549 0.532475 0.038399 0.113971
0 0.512051 0.518229 0.033088 0.105699
0 0.472018 0.523591 0.045343 0.110907
0 0.420139 0.526808 0.038807 0.113664
0 0.596814 0.506127 0.037582 0.109069
