0 0.877083 0.408565 0.046875 0.105093
0 0.926432 0.409722 0.040885 0.091667
0 0.963542 0.411111 0.021354 0.100000
0 0.229297 0.617361 0.032552 0.037500
0 0.035937 0.589120 0.044792 0.107870
0 0.096354 0.573611 0.051562 0.133333
0 0.815365 0.406250 0.026562 0.090278
0 0.155078 0.576852 0.030990 0.112963
0 0.197005 0.609028 0.027344 0.107870
0 0.839974 0.403009 0.019531 0.086574
0 0.987891 0.407639 0.024219 0.087500
0 0.274089 0.593056 0.038802 0.150926
0 0.611719 0.603009 0.033333 0.125463
0 0.316797 0.607639 0.040885 0.134722
0 0.354427 0.604398 0.028125 0.125463
0 0.426042 0.618750 0.019792 0.105093
0 0.455990 0.620602 0.026562 0.117130
0 0.484375 0.617361 0.021354 0.099537
0 0.505990 0.619213 0.020313 0.111574
0 0.530599 0.650926 0.027344 0.040741
0 0.532943 0.607870 0.024219 0.040741
0 0.694792 0.409722 0.032813 0.162037
0 0.573177 0.595139 0.038021 0.149537
0 0.228125 0.657639 0.030208 0.016204
0 0.389583 0.599769 0.033333 0.134722
0 0.285807 0.406250 0.032031 0.146759
0 0.637630 0.425231 0.024219 0.111574
0 0.672396 0.223148 0.016667 0.133333
0 0.608854 0.229630 0.018229 0.136111
0 0.696354 0.229861 0.020313 0.128241
0 0.738802 0.233333 0.020313 0.121296
0 0.765625 0.212731 0.033333 0.196759
0 0.804818 0.207639 0.034115 0.191204
0 0.841406 0.212963 0.034896 0.199074
0 0.876302 0.206019 0.034896 0.180556
0 0.912370 0.214815 0.032552 0.195370
0 0.958203 0.219213 0.042448 0.181944
0 0.042578 0.404861 0.084635 0.152315
0 0.662500 0.405787 0.019792 0.143056
0 0.143620 0.394907 0.057031 0.175000
0 0.318490 0.410185 0.033333 0.136111
0 0.359635 0.400231 0.040104 0.143056
0 0.399479 0.408333 0.033333 0.159259
0 0.433984 0.420602 0.035677 0.134722
0 0.467057 0.411806 0.022656 0.146759
0 0.500000 0.400926 0.038542 0.141667
0 0.544271 0.419676 0.028646 0.119907
0 0.577214 0.456713 0.037240 0.045833
0 0.577214 0.415278 0.035677 0.032407
0 0.574219 0.369907 0.028125 0.055556
0 0.611068 0.429167 0.025781 0.100926
0 0.238021 0.401620 0.033333 0.161574
0 0.588281 0.225000 0.018229 0.142593
0 0.372526 0.777083 0.019010 0.149537
0 0.539714 0.226389 0.021094 0.148148
0 0.454557 0.783102 0.053906 0.145833
0 0.503776 0.782407 0.032552 0.127778
0 0.542057 0.776157 0.036198 0.137500
0 0.583724 0.771065 0.034635 0.134722
0 0.614062 0.779630 0.024479 0.144444
0 0.636328 0.772917 0.017448 0.128241
0 0.662109 0.775463 0.034115 0.133333
0 0.698177 0.771528 0.030208 0.138426
0 0.875260 0.669907 0.056771 0.126852
0 0.933854 0.674537 0.050000 0.125000
0 0.979818 0.680093 0.040365 0.136111
0 0.826302 0.823611 0.038021 0.148148
0 0.874089 0.819444 0.048698 0.142593
0 0.925651 0.820833 0.045573 0.145370
0 0.976823 0.817361 0.044792 0.125463
0 0.016406 0.950926 0.026562 0.068519
0 0.066667 0.910417 0.036458 0.068981
0 0.067839 0.976389 0.037240 0.047222
0 0.145573 0.942824 0.046875 0.114352
0 0.764583 0.515972 0.097917 0.167130
0 0.772786 0.723843 0.087240 0.102315
0 0.761849 0.937963 0.090885 0.124074
0 0.649349 0.227778 0.019010 0.129630
0 0.404036 0.775694 0.037760 0.155093
0 0.566276 0.222454 0.021094 0.140278
0 0.346094 0.772222 0.023438 0.139815
0 0.256250 0.789120 0.038021 0.160648
0 0.505729 0.209028 0.031771 0.164352
0 0.466146 0.205556 0.034896 0.184259
0 0.424870 0.209491 0.032552 0.146759
0 0.394922 0.231713 0.022656 0.131944
0 0.357812 0.228472 0.039583 0.149537
0 0.312760 0.221065 0.038542 0.169907
0 0.274870 0.210880 0.037240 0.160648
0 0.239583 0.200231 0.022917 0.157870
0 0.205859 0.237269 0.035677 0.037500
0 0.211458 0.282407 0.033333 0.023148
0 0.123177 0.187963 0.111458 0.219444
0 0.306250 0.778241 0.045312 0.147222
0 0.647005 0.597685 0.029427 0.133333
0 0.836068 0.508796 0.024219 0.098148
0 0.881771 0.513426 0.051562 0.088889
0 0.931771 0.519444 0.036458 0.103704
0 0.964193 0.518287 0.024219 0.098611
0 0.988542 0.514120 0.018229 0.095833
0 0.013542 0.769676 0.016667 0.107870
0 0.064062 0.780324 0.025000 0.091204
0 0.090625 0.772917 0.020313 0.106019
0 0.132292 0.728472 0.046354 0.055093
0 0.135286 0.799074 0.046094 0.062037
0 0.214844 0.789815 0.041667 0.162037
0 0.685807 0.601852 0.034115 0.130556
0 0.629167 0.228472 0.011979 0.131019
