0 0.371615 0.650195 0.044271 0.083984
0 0.898958 0.618359 0.077083 0.109375
0 0.814844 0.607617 0.067187 0.105078
0 0.749219 0.599414 0.060937 0.101172
0 0.687240 0.589648 0.052604 0.094141
0 0.624740 0.581250 0.055729 0.094531
0 0.567187 0.576758 0.050000 0.095703
0 0.510417 0.567383 0.048958 0.088672
0 0.463542 0.561719 0.043750 0.085156
0 0.417187 0.554883 0.050000 0.083984
0 0.371875 0.548828 0.038542 0.081250
0 0.329427 0.543945 0.039062 0.081641
0 0.288281 0.540625 0.042188 0.077344
0 0.243229 0.534766 0.031250 0.075781
0 0.207292 0.532031 0.035417 0.072656
0 0.169792 0.528125 0.039583 0.077344
0 0.135156 0.521484 0.029687 0.074219
0 0.102344 0.518750 0.032813 0.068750
0 0.069010 0.518164 0.033854 0.072266
0 0.038542 0.518164 0.028125 0.069922
0 0.010937 0.513477 0.020833 0.060547
0 0.045052 0.170117 0.030729 0.073047
0 0.074219 0.169922 0.023438 0.063281
0 0.102604 0.170703 0.030208 0.067187
0 0.137240 0.163477 0.033854 0.072266
0 0.172396 0.159180 0.038542 0.066016
0 0.210938 0.150781 0.039583 0.081250
0 0.251563 0.148438 0.038542 0.074219
0 0.971354 0.630664 0.057292 0.114453
0 0.292187 0.141211 0.046875 0.072266
0 0.964323 0.755859 0.069271 0.107813
0 0.817969 0.729688 0.059896 0.100000
0 0.381771 0.748437 0.044792 0.078125
0 0.333333 0.736133 0.043750 0.080078
0 0.291927 0.726172 0.040104 0.078125
0 0.256250 0.718945 0.034375 0.073047
0 0.219531 0.710352 0.033854 0.073047
0 0.184635 0.701758 0.035937 0.070703
0 0.142708 0.693164 0.031250 0.071484
0 0.109635 0.683984 0.027604 0.067969
0 0.078646 0.677148 0.029167 0.063672
0 0.048438 0.667969 0.031250 0.062500
0 0.021094 0.664258 0.025521 0.060547
0 0.040104 0.591797 0.031250 0.064062
0 0.099740 0.603711 0.034896 0.067578
0 0.137240 0.609375 0.033854 0.066406
0 0.172396 0.616992 0.035417 0.069922
0 0.210156 0.624023 0.038021 0.076172
0 0.249740 0.627930 0.034896 0.076953
0 0.289323 0.636133 0.038021 0.075391
0 0.330990 0.640039 0.039062 0.078516
0 0.656250 0.098437 0.063542 0.092969
0 0.415885 0.657031 0.041146 0.090625
0 0.465885 0.664648 0.034896 0.087891
0 0.515885 0.674219 0.052604 0.085156
0 0.571354 0.685352 0.052083 0.090234
0 0.625260 0.692383 0.053646 0.089453
0 0.690625 0.708398 0.062500 0.096484
0 0.751823 0.718359 0.056771 0.096875
0 0.886979 0.743164 0.069792 0.101953
0 0.428646 0.757227 0.042708 0.080859
0 0.336719 0.136523 0.044271 0.080078
0 0.431250 0.123633 0.047917 0.076953
0 0.236979 0.349805 0.045833 0.076953
0 0.099219 0.350195 0.036979 0.067578
0 0.066927 0.352734 0.031771 0.070312
0 0.032031 0.352148 0.030729 0.069141
0 0.013802 0.262109 0.025521 0.071875
0 0.070312 0.263281 0.025000 0.071875
0 0.042969 0.263477 0.029687 0.072266
0 0.097917 0.263477 0.034375 0.062109
0 0.135156 0.263672 0.035937 0.060156
0 0.183073 0.289453 0.052604 0.084375
0 0.248958 0.255469 0.045833 0.080469
0 0.294010 0.256250 0.038021 0.067187
0 0.333594 0.248242 0.041146 0.076172
0 0.380729 0.248047 0.045833 0.075781
0 0.430469 0.244141 0.046354 0.078125
0 0.484896 0.243164 0.050000 0.078516
0 0.537240 0.236719 0.049479 0.085156
0 0.592187 0.233398 0.046875 0.088672
0 0.654427 0.232617 0.056771 0.089453
0 0.716927 0.229102 0.058854 0.092578
0 0.792448 0.226758 0.061979 0.097266
0 0.865625 0.228516 0.053125 0.091406
0 0.944010 0.213672 0.084896 0.113281
0 0.955469 0.055469 0.089063 0.109375
0 0.867708 0.075195 0.077083 0.101172
0 0.786458 0.086328 0.063542 0.088281
0 0.720052 0.089453 0.061979 0.089844
0 0.285156 0.348047 0.043229 0.080469
0 0.384635 0.132422 0.044271 0.077344
0 0.329948 0.350195 0.046354 0.087109
0 0.420052 0.349219 0.042188 0.087500
0 0.015365 0.433594 0.028646 0.067187
0 0.040885 0.434766 0.028646 0.068750
0 0.069531 0.438867 0.026562 0.064453
0 0.101823 0.437305 0.035937 0.071484
0 0.208073 0.449023 0.043229 0.069922
0 0.255208 0.443555 0.035417 0.078516
0 0.292969 0.447461 0.039062 0.079297
0 0.332813 0.448242 0.036458 0.080859
0 0.371354 0.450977 0.040625 0.080859
0 0.423177 0.453711 0.055729 0.086328
0 0.477604 0.459570 0.045833 0.088672
0 0.528385 0.464258 0.054688 0.083203
0 0.583333 0.466602 0.045833 0.092578
0 0.639583 0.468750 0.056250 0.092188
0 0.698438 0.472070 0.058333 0.093359
0 0.765625 0.477344 0.061458 0.099219
0 0.839063 0.489258 0.079167 0.098047
0 0.921354 0.491016 0.072917 0.114062
0 0.936979 0.356641 0.093750 0.105469
0 0.834375 0.357422 0.103125 0.099219
0 0.740104 0.354297 0.076042 0.103125
0 0.669792 0.352539 0.057292 0.099609
0 0.607292 0.350977 0.060417 0.098828
0 0.541406 0.350391 0.067187 0.089844
0 0.484896 0.119727 0.050000 0.080859
0 0.539844 0.115039 0.051562 0.081641
0 0.476823 0.348828 0.059896 0.086719
0 0.374740 0.352344 0.041146 0.086719
0 0.477083 0.770508 0.051042 0.082422
0 0.595573 0.107227 0.060937 0.088672
0 0.597917 0.800977 0.052083 0.086328
0 0.052083 0.777344 0.038542 0.074219
0 0.087500 0.783008 0.030208 0.082422
0 0.118490 0.789258 0.029687 0.080078
0 0.151302 0.807422 0.032813 0.077344
0 0.186979 0.815625 0.040625 0.081250
0 0.233854 0.821680 0.048958 0.088672
0 0.305208 0.847656 0.050000 0.098437
0 0.356771 0.861914 0.044792 0.104297
0 0.398177 0.867969 0.038021 0.109375
0 0.446615 0.884180 0.055729 0.107422
0 0.536979 0.783008 0.055208 0.085547
0 0.565365 0.922852 0.055729 0.115234
0 0.637760 0.941016 0.066146 0.117188
0 0.707812 0.950586 0.044792 0.098828
0 0.769010 0.955469 0.065104 0.089063
0 0.967187 0.886914 0.065625 0.102734
0 0.886198 0.867188 0.081771 0.102344
0 0.804167 0.847266 0.062500 0.097656
0 0.734635 0.833984 0.061979 0.092969
0 0.662240 0.813281 0.058854 0.089063
0 0.503125 0.911523 0.053125 0.109766
