0 0.550586 0.571615 0.051953 0.033854
0 0.497461 0.600000 0.050391 0.051042
0 0.549609 0.606250 0.053125 0.031250
0 0.774609 0.283594 0.055469 0.114062
0 0.652344 0.600000 0.053125 0.048958
0 0.467187 0.442188 0.065625 0.144792
0 0.538477 0.464062 0.062891 0.097917
0 0.598828 0.445573 0.050000 0.140104
0 0.645703 0.445312 0.041406 0.144792
0 0.688672 0.446354 0.044531 0.146875
0 0.734375 0.447135 0.044531 0.148438
0 0.778125 0.448177 0.042188 0.145313
0 0.830859 0.448698 0.059375 0.145313
0 0.399219 0.441146 0.066406 0.143750
0 0.923047 0.437760 0.042188 0.134896
0 0.940234 0.600781 0.040625 0.059896
0 0.897656 0.594531 0.041406 0.067187
0 0.851758 0.597396 0.048047 0.066667
0 0.811719 0.603125 0.031250 0.058333
0 0.786719 0.581250 0.016406 0.030208
0 0.783594 0.611719 0.015625 0.026562
0 0.762695 0.599740 0.024609 0.054688
0 0.736523 0.597917 0.026953 0.059375
0 0.977734 0.600260 0.032031 0.058854
0 0.601562 0.597135 0.048438 0.050521
0 0.336719 0.446875 0.056250 0.135417
0 0.179688 0.462760 0.046094 0.093229
0 0.701172 0.607812 0.043750 0.033333
0 0.697266 0.564323 0.040625 0.027604
0 0.708008 0.296354 0.073047 0.092708
0 0.642188 0.286979 0.053906 0.111458
0 0.588867 0.290885 0.050391 0.103646
0 0.537305 0.288802 0.051172 0.095312
0 0.480469 0.272917 0.060937 0.128125
0 0.417187 0.266406 0.062500 0.133854
0 0.232031 0.462500 0.055469 0.092708
0 0.353711 0.263802 0.062109 0.131771
0 0.241406 0.276042 0.054688 0.109375
0 0.178711 0.263802 0.067578 0.131771
0 0.012500 0.230729 0.025000 0.096875
0 0.050000 0.219271 0.047656 0.117708
0 0.109570 0.260417 0.068359 0.134375
0 0.036328 0.383854 0.072656 0.141667
0 0.041406 0.544010 0.082812 0.138021
0 0.129297 0.463542 0.051562 0.090625
0 0.296094 0.277344 0.051562 0.105729
0 0.975391 0.476302 0.047656 0.095312
0 0.636523 0.077865 0.053516 0.153646
0 0.887695 0.298438 0.050391 0.090625
0 0.946289 0.778646 0.094922 0.063542
0 0.183789 0.592708 0.051172 0.053125
0 0.131445 0.589323 0.053516 0.060937
0 0.974609 0.881771 0.025781 0.102083
0 0.832227 0.281510 0.060547 0.122396
0 0.945898 0.884115 0.030859 0.109896
0 0.905078 0.882031 0.049219 0.106771
0 0.838086 0.767708 0.071484 0.060417
0 0.835742 0.883854 0.037109 0.108333
0 0.521094 0.074479 0.065625 0.147917
0 0.455859 0.074479 0.062500 0.147917
0 0.303125 0.580208 0.044531 0.062500
0 0.359766 0.082552 0.041406 0.122396
0 0.319336 0.088802 0.036328 0.110937
0 0.281250 0.083333 0.035156 0.118750
0 0.235937 0.078385 0.050781 0.127604
0 0.799414 0.882031 0.033984 0.106771
0 0.770898 0.783333 0.058984 0.045833
0 0.710938 0.777344 0.058594 0.047396
0 0.656836 0.765885 0.045703 0.061979
0 0.351562 0.583854 0.050781 0.055208
0 0.399414 0.583594 0.044922 0.076563
0 0.447656 0.593750 0.046875 0.053125
0 0.038086 0.748177 0.059766 0.098437
0 0.100977 0.767188 0.063672 0.062500
0 0.161719 0.771354 0.057031 0.065625
0 0.214453 0.773177 0.046094 0.063021
0 0.264844 0.770312 0.053125 0.061458
0 0.317773 0.762760 0.047266 0.055729
0 0.367578 0.749219 0.051562 0.030729
0 0.367383 0.783333 0.049609 0.034375
0 0.423438 0.784375 0.050000 0.029167
0 0.421680 0.752604 0.050391 0.032292
0 0.477539 0.753385 0.051953 0.044271
0 0.525391 0.755469 0.039844 0.047396
0 0.566602 0.768229 0.041797 0.059375
0 0.610742 0.765625 0.043359 0.061458
0 0.185156 0.085417 0.048438 0.114583
0 0.140234 0.088802 0.039062 0.102604
0 0.402539 0.088021 0.041016 0.118750
0 0.044727 0.041406 0.066016 0.082812
0 0.446289 0.914323 0.039453 0.049479
0 0.406445 0.887760 0.039453 0.097396
0 0.365820 0.888021 0.041797 0.100000
0 0.329102 0.885417 0.030859 0.102083
0 0.303711 0.892708 0.019922 0.087500
0 0.279883 0.893490 0.026953 0.085938
0 0.250781 0.891927 0.028906 0.093229
0 0.217969 0.911458 0.033594 0.050000
0 0.214844 0.874479 0.032031 0.019792
0 0.215625 0.845573 0.033594 0.029687
0 0.183398 0.900000 0.028516 0.078125
0 0.141797 0.904948 0.050781 0.060937
0 0.089648 0.903385 0.051172 0.060937
0 0.036914 0.898177 0.051953 0.063021
0 0.582031 0.077083 0.052344 0.153125
0 0.697070 0.079687 0.062891 0.152083
0 0.759180 0.079948 0.059766 0.152604
0 0.816602 0.087500 0.051953 0.141667
0 0.869727 0.090104 0.050391 0.143750
0 0.917969 0.091406 0.042969 0.141146
0 0.970117 0.086198 0.058984 0.151562
0 0.983203 0.280469 0.033594 0.124479
0 0.939648 0.287500 0.052734 0.110417
0 0.484570 0.901823 0.034766 0.072396
0 0.099805 0.087760 0.039453 0.101562
0 0.238672 0.596615 0.056250 0.042188
0 0.558594 0.905208 0.039062 0.019792
0 0.598633 0.927865 0.042578 0.023438
0 0.599805 0.904687 0.041016 0.020833
0 0.601172 0.882031 0.043750 0.020313
0 0.642969 0.927083 0.042969 0.019792
0 0.519141 0.907292 0.035156 0.063542
0 0.557031 0.928125 0.038281 0.023958
0 0.643555 0.906510 0.044141 0.019271
0 0.676758 0.869010 0.020703 0.078646
0 0.702344 0.893490 0.028906 0.088021
0 0.736328 0.884115 0.036719 0.106771
0 0.767773 0.882031 0.027734 0.106771
0 0.558789 0.883333 0.038672 0.022917
