0 0.623162 0.142616 0.066585 0.117341
0 0.675449 0.146599 0.033905 0.122855
0 0.734477 0.144455 0.026961 0.118566
0 0.497345 0.283854 0.054330 0.027880
0 0.500204 0.252451 0.051062 0.034926
0 0.623162 0.704504 0.041258 0.068321
0 0.574551 0.707414 0.055964 0.062500
0 0.049837 0.814798 0.051471 0.118566
0 0.135417 0.834099 0.053513 0.080576
0 0.557190 0.138787 0.065359 0.126225
0 0.189134 0.831342 0.052288 0.087929
0 0.519812 0.707414 0.055147 0.060049
0 0.490809 0.147212 0.060866 0.098958
0 0.727533 0.269301 0.038399 0.068627
0 0.552696 0.252911 0.053105 0.033395
0 0.552900 0.283701 0.051879 0.027574
0 0.598448 0.268229 0.039216 0.068934
0 0.641136 0.269455 0.044526 0.067708
0 0.681373 0.269608 0.035948 0.069240
0 0.244077 0.827359 0.060049 0.090993
0 0.767770 0.270067 0.042075 0.066483
0 0.806577 0.272212 0.037173 0.071998
0 0.848856 0.273131 0.044935 0.070159
0 0.890931 0.277114 0.032680 0.069547
0 0.927492 0.276348 0.045343 0.071078
0 0.971405 0.276348 0.040033 0.070466
0 0.109273 0.373162 0.087827 0.034314
0 0.432394 0.137102 0.055964 0.121017
0 0.305351 0.830270 0.060866 0.097426
0 0.668505 0.677543 0.048611 0.074449
0 0.460580 0.829504 0.067402 0.090380
0 0.872753 0.169271 0.047794 0.081189
0 0.909518 0.170803 0.028186 0.084865
0 0.947917 0.172794 0.047794 0.081495
0 0.076389 0.259191 0.053922 0.058211
0 0.182598 0.272212 0.049020 0.038297
0 0.236111 0.235141 0.044118 0.040748
0 0.238766 0.276195 0.046160 0.041360
0 0.291258 0.238205 0.051471 0.042586
0 0.292688 0.276501 0.047794 0.032782
0 0.341912 0.246170 0.050654 0.034007
0 0.341708 0.278799 0.048611 0.032475
0 0.390523 0.280331 0.045752 0.035539
0 0.442198 0.283701 0.055964 0.027574
0 0.380106 0.824295 0.073121 0.089767
0 0.444649 0.248928 0.056781 0.039522
0 0.928922 0.826134 0.070261 0.083640
0 0.857639 0.830882 0.071487 0.074142
0 0.779412 0.827359 0.081699 0.064645
0 0.696487 0.813419 0.084967 0.091912
0 0.979575 0.686121 0.040850 0.066483
0 0.921364 0.673100 0.078023 0.091912
0 0.848039 0.673560 0.068627 0.089154
0 0.775327 0.672181 0.076797 0.092525
0 0.712418 0.667892 0.046569 0.079044
0 0.185458 0.360141 0.048203 0.058517
0 0.630719 0.817555 0.026961 0.112439
0 0.585580 0.812194 0.061683 0.101716
0 0.526144 0.824908 0.058007 0.090993
0 0.982026 0.825980 0.035948 0.088235
0 0.250817 0.374081 0.082516 0.031250
0 0.521242 0.375306 0.048203 0.038603
0 0.319036 0.370251 0.046569 0.040135
0 0.698325 0.558824 0.082108 0.076593
0 0.775327 0.559743 0.070261 0.074755
0 0.365809 0.139859 0.066585 0.111213
0 0.318423 0.135570 0.029003 0.119792
0 0.284722 0.135876 0.038399 0.119179
0 0.239992 0.128830 0.051879 0.132659
0 0.195057 0.125460 0.035539 0.125306
0 0.164216 0.131587 0.027778 0.111826
0 0.118464 0.146752 0.048203 0.080882
0 0.112745 0.622549 0.091503 0.067402
0 0.206495 0.622396 0.096814 0.067096
0 0.280025 0.622855 0.048611 0.070466
0 0.336193 0.624387 0.064542 0.068015
0 0.401757 0.623315 0.064951 0.068934
0 0.468137 0.624847 0.047386 0.065257
0 0.516544 0.620404 0.051879 0.058824
0 0.570261 0.615349 0.047386 0.053002
0 0.615809 0.615962 0.045343 0.051164
0 0.098039 0.707874 0.052288 0.068321
0 0.149510 0.707108 0.049837 0.070466
0 0.211806 0.705423 0.069036 0.067708
0 0.272467 0.710172 0.040033 0.045956
0 0.315359 0.711244 0.045752 0.042586
0 0.362745 0.704350 0.047386 0.044118
0 0.409926 0.701900 0.046160 0.049632
0 0.464257 0.707414 0.055964 0.060049
0 0.835376 0.152267 0.026961 0.115196
0 0.624183 0.546109 0.045752 0.053615
0 0.564338 0.546262 0.057598 0.053922
0 0.510621 0.546262 0.052288 0.053922
0 0.455270 0.546262 0.056781 0.053922
0 0.369690 0.371783 0.054739 0.035846
0 0.422794 0.372243 0.049020 0.036765
0 0.471405 0.374081 0.050654 0.033701
0 0.571487 0.375613 0.052288 0.037990
0 0.631332 0.353401 0.060049 0.071385
0 0.691176 0.359528 0.058824 0.060355
0 0.747549 0.363205 0.053105 0.069547
0 0.804126 0.364277 0.060866 0.067402
0 0.868056 0.374234 0.063725 0.062806
0 0.926471 0.371324 0.053105 0.070466
0 0.976307 0.370558 0.044118 0.071998
0 0.112541 0.452359 0.119690 0.062806
0 0.200163 0.453738 0.054739 0.061275
0 0.252655 0.339614 0.079657 0.037684
0 0.247549 0.452359 0.037582 0.060355
0 0.442402 0.454657 0.088235 0.058211
0 0.576593 0.447917 0.180964 0.070466
0 0.695057 0.454504 0.037990 0.076900
0 0.738562 0.456189 0.048203 0.073529
0 0.787173 0.457414 0.049020 0.075368
0 0.872549 0.460172 0.037582 0.066789
0 0.914828 0.460631 0.045343 0.066483
0 0.967116 0.459712 0.051062 0.070772
0 0.117647 0.538450 0.113562 0.064645
0 0.202410 0.539062 0.055964 0.063419
0 0.262459 0.535386 0.055147 0.065870
0 0.322508 0.540594 0.063317 0.055453
0 0.400123 0.543811 0.055147 0.058824
0 0.331699 0.454350 0.132353 0.057598
0 0.799632 0.151501 0.029003 0.116115
0 0.072712 0.147365 0.043301 0.079044
