0 0.017130 0.786068 0.034259 0.034635
0 0.687037 0.691276 0.031481 0.047656
0 0.944676 0.398828 0.036574 0.045573
0 0.984954 0.390495 0.030093 0.058594
0 0.043981 0.460677 0.054630 0.020833
0 0.046759 0.481641 0.046296 0.020052
0 0.052083 0.504427 0.047685 0.018229
0 0.107176 0.482552 0.062500 0.045312
0 0.729630 0.677734 0.041667 0.020573
0 0.157176 0.487630 0.031944 0.050781
0 0.233102 0.483724 0.028241 0.058594
0 0.270370 0.481510 0.027778 0.019792
0 0.305556 0.481510 0.026852 0.022396
0 0.348148 0.501172 0.023148 0.016927
0 0.435185 0.472005 0.041667 0.011719
0 0.494444 0.471354 0.042593 0.007812
0 0.433796 0.488411 0.025000 0.010156
0 0.195139 0.502865 0.042130 0.017708
0 0.729861 0.702865 0.042130 0.025521
0 0.767130 0.691667 0.026852 0.045833
0 0.809028 0.689974 0.026389 0.047656
0 0.816435 0.396354 0.033796 0.049479
0 0.857407 0.392969 0.037963 0.056250
0 0.901389 0.391406 0.041667 0.059375
0 0.326620 0.770052 0.055093 0.008854
0 0.320139 0.757812 0.042130 0.013021
0 0.315509 0.740495 0.070833 0.013281
0 0.262037 0.784505 0.038889 0.048698
0 0.219213 0.770182 0.043056 0.057031
0 0.175694 0.781641 0.031019 0.026823
0 0.140509 0.777995 0.034722 0.032552
0 0.022917 0.742188 0.045833 0.033333
0 0.082176 0.785026 0.069907 0.038802
0 0.085880 0.751302 0.063426 0.019271
0 0.973148 0.697917 0.034259 0.031771
0 0.936806 0.691667 0.033796 0.048438
0 0.896991 0.693750 0.036574 0.044271
0 0.851157 0.693229 0.035648 0.045833
0 0.482639 0.488542 0.042130 0.010417
0 0.778241 0.394271 0.039815 0.054688
0 0.379398 0.497396 0.029167 0.009375
0 0.575463 0.494661 0.031481 0.040885
0 0.318750 0.563021 0.052315 0.023438
0 0.319676 0.586979 0.052315 0.023438
0 0.321065 0.611979 0.052315 0.023438
0 0.270833 0.612109 0.044444 0.024740
0 0.331481 0.790755 0.083333 0.027344
0 0.434491 0.738932 0.068056 0.010156
0 0.429398 0.754036 0.068056 0.011198
0 0.269907 0.586849 0.045370 0.021615
0 0.426389 0.772005 0.071296 0.012760
0 0.525000 0.759766 0.070370 0.028385
0 0.518981 0.792578 0.067593 0.022135
0 0.615509 0.759505 0.072685 0.030469
0 0.611574 0.791797 0.083333 0.031510
0 0.721759 0.752474 0.077778 0.032031
0 0.700463 0.788672 0.068519 0.030469
0 0.789120 0.791406 0.090278 0.035937
0 0.424074 0.795312 0.080556 0.031250
0 0.221759 0.611979 0.048148 0.023958
0 0.221065 0.586198 0.046759 0.020833
0 0.171759 0.611198 0.045370 0.022396
0 0.614352 0.480990 0.037037 0.071354
0 0.655787 0.486719 0.040278 0.061458
0 0.696065 0.487500 0.033796 0.060937
0 0.652083 0.446094 0.032870 0.015625
0 0.733102 0.484505 0.038426 0.063281
0 0.779398 0.488542 0.048611 0.057813
0 0.821991 0.487370 0.035648 0.057552
0 0.869213 0.481510 0.047685 0.072917
0 0.924074 0.482682 0.053704 0.073177
0 0.981481 0.493620 0.037037 0.046615
0 0.012731 0.502474 0.021759 0.020052
0 0.010417 0.480469 0.017130 0.021875
0 0.027083 0.580859 0.031019 0.051302
0 0.068056 0.578906 0.037037 0.050000
0 0.107639 0.597786 0.027315 0.054948
0 0.136343 0.599349 0.018056 0.051823
0 0.172917 0.586328 0.049537 0.023177
0 0.538426 0.490885 0.040741 0.051562
0 0.882639 0.790495 0.079167 0.034115
0 0.742361 0.386328 0.028241 0.069531
0 0.666667 0.362500 0.042593 0.022917
0 0.110648 0.281120 0.070370 0.064323
0 0.170833 0.282552 0.045370 0.021875
0 0.038426 0.260156 0.053704 0.017188
0 0.038426 0.292318 0.058333 0.042448
0 0.218519 0.283203 0.043519 0.020573
0 0.169444 0.304557 0.042593 0.021094
0 0.217593 0.305078 0.044444 0.019531
0 0.977546 0.181120 0.030093 0.064323
0 0.275231 0.283724 0.065278 0.065885
0 0.334259 0.305339 0.045370 0.022656
0 0.262731 0.176302 0.030093 0.064062
0 0.262037 0.135417 0.034259 0.016667
0 0.223380 0.185156 0.042130 0.046875
0 0.222454 0.148828 0.040278 0.022135
0 0.097685 0.138021 0.035185 0.027083
0 0.178704 0.149219 0.041667 0.022917
0 0.333796 0.283464 0.046296 0.021094
0 0.948380 0.191536 0.027315 0.041406
0 0.919676 0.192057 0.021759 0.039844
0 0.886806 0.198828 0.040278 0.026302
0 0.376852 0.147266 0.042593 0.024219
0 0.419213 0.185156 0.042130 0.046875
0 0.377315 0.184375 0.043519 0.048438
0 0.334259 0.183724 0.037037 0.047135
0 0.335880 0.147005 0.040278 0.023698
0 0.297454 0.178646 0.030093 0.057813
0 0.495370 0.196224 0.049074 0.022656
0 0.550463 0.169401 0.050926 0.026302
0 0.549074 0.198047 0.048148 0.027344
0 0.593750 0.181771 0.033796 0.057813
0 0.632176 0.199349 0.040278 0.022656
0 0.678935 0.199609 0.048611 0.025781
0 0.731713 0.181120 0.050463 0.054948
0 0.776157 0.177734 0.026389 0.069531
0 0.810880 0.171354 0.034722 0.025000
0 0.809491 0.198568 0.031944 0.026302
0 0.847454 0.183984 0.033796 0.056510
0 0.180093 0.185286 0.039815 0.047135
0 0.708333 0.392839 0.032407 0.059115
0 0.140509 0.182943 0.036574 0.048177
0 0.097454 0.165365 0.039352 0.026042
0 0.181944 0.380078 0.057407 0.071615
0 0.289120 0.354557 0.083796 0.038802
0 0.287037 0.396354 0.093519 0.040625
0 0.356713 0.379297 0.040278 0.073177
0 0.394676 0.380208 0.031019 0.074479
0 0.432870 0.405729 0.041667 0.027604
0 0.478472 0.404427 0.043056 0.027604
0 0.125694 0.380208 0.048611 0.074479
0 0.434259 0.376432 0.041667 0.027865
0 0.483102 0.346615 0.047685 0.021875
0 0.437037 0.347526 0.040741 0.022656
0 0.524769 0.388672 0.042130 0.059635
0 0.574306 0.388802 0.051389 0.063542
0 0.618750 0.389714 0.029167 0.060156
0 0.663889 0.410156 0.047222 0.021875
0 0.666898 0.387370 0.045833 0.020573
0 0.480787 0.375000 0.038426 0.023958
0 0.048611 0.403646 0.054630 0.023958
0 0.044907 0.378516 0.051852 0.023177
0 0.949769 0.306250 0.043981 0.024479
0 0.041898 0.154297 0.060648 0.033073
0 0.044444 0.188411 0.060185 0.032552
0 0.383102 0.291016 0.045833 0.054948
0 0.432407 0.283594 0.049074 0.023958
0 0.432407 0.307422 0.047222 0.020573
0 0.480093 0.285026 0.043519 0.020573
0 0.479398 0.306771 0.043981 0.020313
0 0.525926 0.291016 0.044444 0.054948
0 0.572454 0.280208 0.046759 0.030208
0 0.574306 0.306510 0.046759 0.021875
0 0.623380 0.286068 0.049537 0.064323
0 0.673843 0.286198 0.043981 0.063542
0 0.734954 0.303125 0.076389 0.031250
0 0.737500 0.269271 0.075926 0.029687
0 0.804398 0.294010 0.050463 0.053125
0 0.852315 0.291667 0.047222 0.053646
0 0.900231 0.307422 0.043981 0.024219
0 0.099306 0.194271 0.043056 0.028125
0 0.456481 0.173047 0.026852 0.070573
0 0.968287 0.773177 0.062500 0.072396
0 0.371296 0.612240 0.045370 0.024479
0 0.523843 0.655469 0.040278 0.018229
0 0.480324 0.679557 0.037500 0.068490
0 0.439583 0.679557 0.041204 0.068490
0 0.402083 0.680208 0.031944 0.069792
0 0.363889 0.679036 0.032407 0.070573
0 0.324537 0.682943 0.041667 0.058594
0 0.284722 0.682031 0.028704 0.056250
0 0.247917 0.683984 0.037500 0.055469
0 0.207639 0.684115 0.043056 0.058854
0 0.164352 0.681250 0.037037 0.057292
0 0.119676 0.681901 0.045833 0.058594
0 0.017130 0.659245 0.034259 0.067448
0 0.063194 0.659896 0.052315 0.068229
0 0.522454 0.677865 0.043981 0.020833
0 0.966898 0.587109 0.051389 0.064844
0 0.861111 0.606250 0.043519 0.028646
0 0.861806 0.575911 0.044907 0.028385
0 0.810648 0.587630 0.052778 0.080469
0 0.752315 0.588151 0.053704 0.082031
0 0.697222 0.614714 0.050926 0.026302
0 0.697454 0.588021 0.045833 0.023958
0 0.653472 0.600521 0.035648 0.052083
0 0.604630 0.599609 0.029630 0.051302
0 0.571065 0.601302 0.033796 0.051042
0 0.535185 0.592839 0.032407 0.058073
0 0.501389 0.594792 0.032407 0.058333
0 0.465509 0.598047 0.031944 0.051823
0 0.426157 0.612630 0.042130 0.022656
0 0.901852 0.591927 0.033333 0.055208
0 0.377315 0.585677 0.048148 0.021875
0 0.497685 0.169010 0.049074 0.028125
0 0.522454 0.701693 0.042130 0.023177
0 0.426620 0.584896 0.043056 0.028125
0 0.649306 0.701172 0.036574 0.024740
0 0.612037 0.691016 0.027778 0.044531
0 0.571065 0.703255 0.049537 0.023698
0 0.569444 0.677865 0.046296 0.020833
