0 0.900781 0.547070 0.036979 0.068359
0 0.863021 0.547656 0.036458 0.069531
0 0.804688 0.573047 0.069792 0.053125
0 0.730469 0.573828 0.072396 0.063281
0 0.506250 0.571680 0.070833 0.058984
0 0.579427 0.570898 0.074479 0.059766
0 0.935417 0.544336 0.031250 0.066016
0 0.428385 0.834375 0.076563 0.068750
0 0.346354 0.838867 0.080208 0.058984
0 0.342969 0.776367 0.084896 0.065234
0 0.654948 0.572852 0.074479 0.061328
0 0.972917 0.548242 0.037500 0.070703
0 0.132552 0.448437 0.043229 0.048438
0 0.080729 0.445312 0.057292 0.055469
0 0.179688 0.448633 0.044792 0.048828
0 0.222396 0.448242 0.040625 0.052734
0 0.272396 0.444922 0.054167 0.057813
0 0.322135 0.443945 0.046354 0.055859
0 0.432292 0.512695 0.069792 0.051172
0 0.371875 0.444336 0.048958 0.056641
0 0.422396 0.443750 0.046875 0.057813
0 0.472396 0.443750 0.050000 0.055469
0 0.523698 0.445312 0.045312 0.058594
0 0.573958 0.444336 0.048958 0.056641
0 0.506771 0.829492 0.079167 0.066797
0 0.026562 0.446289 0.051042 0.055078
0 0.239583 0.776758 0.082292 0.066016
0 0.428646 0.684375 0.072917 0.058594
0 0.181771 0.838672 0.073958 0.060156
0 0.584375 0.829102 0.073958 0.071484
0 0.042188 0.571094 0.069792 0.060156
0 0.116146 0.571484 0.075000 0.055469
0 0.195312 0.570508 0.079167 0.056641
0 0.273177 0.571094 0.073438 0.060156
0 0.361198 0.564844 0.071354 0.047656
0 0.433594 0.564453 0.069271 0.046875
0 0.944010 0.715430 0.083854 0.072266
0 0.357552 0.514844 0.077604 0.052344
0 0.963021 0.634180 0.032292 0.066016
0 0.927865 0.634570 0.033854 0.066797
0 0.893490 0.633203 0.032813 0.064062
0 0.263281 0.841016 0.078646 0.055469
0 0.859375 0.634570 0.036458 0.066797
0 0.629167 0.629297 0.059375 0.034375
0 0.765885 0.670312 0.071354 0.041406
0 0.695312 0.670508 0.066667 0.057422
0 0.632031 0.669727 0.054688 0.042578
0 0.569531 0.695898 0.075521 0.060547
0 0.497917 0.681836 0.061458 0.056641
0 0.357292 0.681055 0.069792 0.062891
0 0.272656 0.697852 0.079687 0.069141
0 0.193229 0.698242 0.071875 0.069922
0 0.116667 0.697266 0.079167 0.073438
0 0.033333 0.833594 0.063542 0.080469
0 0.104948 0.840234 0.077604 0.082812
0 0.762240 0.630273 0.064062 0.033984
0 0.659635 0.828906 0.073438 0.071094
0 0.962240 0.280859 0.042188 0.064844
0 0.812500 0.827930 0.071875 0.069141
0 0.974740 0.363867 0.041146 0.048828
0 0.928385 0.362500 0.049479 0.051562
0 0.622656 0.445117 0.046354 0.055078
0 0.885156 0.361328 0.030729 0.046094
0 0.790885 0.360156 0.046354 0.054688
0 0.741927 0.359766 0.045312 0.056250
0 0.692969 0.360156 0.050521 0.054688
0 0.643750 0.359961 0.045833 0.054297
0 0.595052 0.360547 0.044271 0.052344
0 0.546615 0.361328 0.048438 0.053906
0 0.496094 0.361719 0.047396 0.054688
0 0.446094 0.361133 0.047396 0.056641
0 0.397656 0.360156 0.047396 0.054688
0 0.022656 0.265625 0.044271 0.085938
0 0.347396 0.361133 0.050000 0.056641
0 0.247135 0.359375 0.050521 0.055469
0 0.195312 0.359570 0.051042 0.055859
0 0.144792 0.359766 0.050000 0.056250
0 0.096875 0.361719 0.039583 0.050000
0 0.055990 0.362305 0.040104 0.048047
0 0.017188 0.358594 0.033333 0.051562
0 0.942708 0.452734 0.038542 0.073438
0 0.905990 0.452734 0.032813 0.073438
0 0.869271 0.452148 0.038542 0.074609
0 0.820052 0.444922 0.047396 0.057813
0 0.770052 0.444531 0.051562 0.053906
0 0.721615 0.444922 0.043229 0.054688
0 0.673698 0.445117 0.048438 0.055078
0 0.296615 0.360742 0.049479 0.058203
0 0.735938 0.828516 0.076042 0.070312
0 0.068490 0.270703 0.047396 0.077344
0 0.941667 0.821875 0.068750 0.064844
0 0.877083 0.825781 0.057292 0.064844
0 0.909896 0.219336 0.062500 0.057422
0 0.864323 0.228516 0.031771 0.040625
0 0.818229 0.231641 0.043750 0.039062
0 0.918750 0.280078 0.040625 0.063281
0 0.871615 0.280078 0.050521 0.060937
0 0.824740 0.281055 0.042188 0.057422
0 0.778906 0.281250 0.047396 0.057813
0 0.713281 0.287500 0.088021 0.043750
0 0.624479 0.206055 0.078125 0.030859
0 0.118490 0.271289 0.050521 0.078516
0 0.538542 0.228711 0.067708 0.038672
0 0.841406 0.362500 0.054688 0.059375
0 0.424740 0.280859 0.054688 0.057031
0 0.629687 0.287891 0.075000 0.049219
0 0.044010 0.694922 0.063021 0.074219
0 0.170313 0.271094 0.054167 0.078125
0 0.222656 0.280859 0.048438 0.059375
0 0.270833 0.278906 0.047917 0.058594
0 0.550000 0.287500 0.080208 0.046094
0 0.478906 0.279297 0.052604 0.053906
0 0.632031 0.241797 0.085938 0.040625
0 0.373698 0.285742 0.045312 0.048047
0 0.321354 0.283984 0.048958 0.046875
