0 0.565768 0.246630 0.023693 0.057598
0 0.718546 0.253370 0.027778 0.045956
0 0.934845 0.259498 0.037990 0.042892
0 0.619077 0.253064 0.061683 0.045343
0 0.675858 0.254442 0.033905 0.045037
0 0.887255 0.266544 0.051471 0.023284
0 0.760621 0.252451 0.048203 0.044118
0 0.822712 0.259804 0.071078 0.031250
0 0.784926 0.323989 0.022467 0.049326
0 0.850899 0.333180 0.073529 0.033395
0 0.111928 0.396293 0.058007 0.016850
0 0.066789 0.403493 0.031454 0.069853
0 0.033905 0.403493 0.031863 0.069853
0 0.109886 0.323683 0.032680 0.038297
0 0.152574 0.320925 0.043709 0.045650
0 0.212010 0.323836 0.039216 0.041054
0 0.289624 0.323836 0.042484 0.043505
0 0.945261 0.331801 0.069444 0.099265
0 0.349673 0.330729 0.072712 0.033395
0 0.422794 0.330423 0.071895 0.032782
0 0.500817 0.330729 0.069444 0.033395
0 0.576593 0.327972 0.072304 0.038909
0 0.648693 0.325827 0.068627 0.015625
0 0.662173 0.341452 0.070261 0.012561
0 0.730596 0.336397 0.059232 0.023897
0 0.535335 0.264706 0.029003 0.021446
0 0.349265 0.307904 0.073529 0.009191
0 0.502859 0.245098 0.026144 0.057598
0 0.209763 0.247702 0.030637 0.045037
0 0.445670 0.249387 0.026961 0.049632
0 0.113358 0.421569 0.060866 0.031863
0 0.882353 0.153799 0.057190 0.043505
0 0.825776 0.153799 0.051879 0.042892
0 0.778186 0.144455 0.037582 0.060968
0 0.718750 0.154871 0.073938 0.037071
0 0.634600 0.130974 0.071487 0.084252
0 0.566789 0.151501 0.055964 0.043199
0 0.506944 0.153493 0.053105 0.036765
0 0.447712 0.136029 0.054739 0.044118
0 0.447917 0.166054 0.055147 0.014093
0 0.385008 0.133119 0.056781 0.075674
0 0.305147 0.138787 0.057190 0.061275
0 0.475082 0.246477 0.026144 0.055453
0 0.247345 0.138021 0.053513 0.061581
0 0.144199 0.136949 0.030229 0.059436
0 0.102124 0.133732 0.038399 0.065870
0 0.060866 0.129596 0.040850 0.068627
0 0.133783 0.248775 0.024101 0.036765
0 0.164216 0.248162 0.032680 0.042892
0 0.244894 0.245098 0.033088 0.051471
0 0.308619 0.248775 0.027369 0.044730
0 0.349673 0.248315 0.028595 0.046262
0 0.377859 0.251838 0.024510 0.042892
0 0.410335 0.263634 0.025735 0.021140
0 0.445670 0.215074 0.029412 0.014093
0 0.475694 0.210478 0.022467 0.015931
0 0.191176 0.134498 0.057190 0.064951
0 0.174428 0.421415 0.059641 0.033395
0 0.227737 0.828431 0.038807 0.056985
0 0.202819 0.381587 0.052696 0.034620
0 0.724469 0.579963 0.029820 0.028799
0 0.963644 0.596354 0.058824 0.059130
0 0.901961 0.595129 0.055556 0.053615
0 0.851103 0.672181 0.052696 0.043505
0 0.054126 0.491728 0.062500 0.072304
0 0.054534 0.600031 0.045343 0.016238
0 0.061070 0.570619 0.023284 0.036458
0 0.071283 0.836703 0.078840 0.078431
0 0.138480 0.838082 0.033497 0.068321
0 0.179126 0.838388 0.037173 0.071385
0 0.270629 0.827665 0.039624 0.052390
0 0.312908 0.836244 0.032680 0.064645
0 0.350899 0.833333 0.034314 0.069240
0 0.394812 0.846967 0.033905 0.056679
0 0.431168 0.844975 0.032271 0.058211
0 0.507149 0.854473 0.035539 0.058824
0 0.549020 0.846661 0.035131 0.053615
0 0.674837 0.577972 0.067810 0.027267
0 0.603758 0.860141 0.067810 0.030944
0 0.559641 0.570466 0.062908 0.015319
0 0.420956 0.573376 0.061683 0.045037
0 0.612337 0.495711 0.031046 0.042892
0 0.569853 0.504596 0.040850 0.047794
0 0.532475 0.496783 0.029820 0.040135
0 0.492851 0.506893 0.042892 0.044424
0 0.457312 0.496783 0.024918 0.040135
0 0.431577 0.490043 0.022467 0.039522
0 0.395629 0.506127 0.046160 0.039828
0 0.347018 0.505668 0.040441 0.038909
0 0.275123 0.505668 0.042892 0.032782
0 0.242851 0.507353 0.015931 0.039828
0 0.212010 0.500153 0.039216 0.038909
0 0.168096 0.498315 0.039624 0.037684
0 0.113154 0.513940 0.044935 0.030944
0 0.113766 0.579350 0.072304 0.037990
0 0.202410 0.566023 0.062500 0.032782
0 0.266136 0.570006 0.059232 0.038297
0 0.333742 0.578431 0.066993 0.036152
0 0.489175 0.577053 0.067402 0.036458
0 0.603350 0.831801 0.062092 0.023897
0 0.657680 0.837010 0.036765 0.066176
0 0.698325 0.838695 0.037173 0.064032
0 0.166667 0.742953 0.040033 0.071078
0 0.122345 0.747396 0.039624 0.071998
0 0.067606 0.691636 0.064951 0.016238
0 0.122753 0.637255 0.023284 0.038603
0 0.095588 0.632200 0.028595 0.040748
0 0.070261 0.634498 0.017157 0.039828
0 0.043301 0.635110 0.030229 0.041054
0 0.194240 0.652420 0.098448 0.073223
0 0.303309 0.651961 0.080474 0.072304
0 0.390523 0.654105 0.078431 0.076593
0 0.472631 0.655178 0.080065 0.073223
0 0.555351 0.670037 0.072304 0.031250
0 0.632557 0.672641 0.077206 0.030944
0 0.631944 0.636336 0.073529 0.037377
0 0.715482 0.664675 0.078023 0.044424
0 0.789011 0.670956 0.059232 0.028186
0 0.792075 0.637102 0.058007 0.031556
0 0.208333 0.743719 0.042484 0.067708
0 0.252042 0.736979 0.035948 0.060968
0 0.291462 0.743260 0.038807 0.071691
0 0.333333 0.744026 0.039216 0.075061
0 0.735498 0.846814 0.029820 0.051471
0 0.766748 0.832874 0.025327 0.052390
0 0.821895 0.859069 0.061275 0.028186
0 0.885008 0.829963 0.056781 0.075980
0 0.947917 0.829044 0.057598 0.077206
0 0.770221 0.754136 0.046160 0.049939
0 0.719975 0.755974 0.045343 0.048713
0 0.667892 0.744638 0.040033 0.067708
0 0.670139 0.514706 0.051062 0.033088
0 0.610703 0.743413 0.043301 0.073223
0 0.557598 0.745098 0.061275 0.022672
0 0.555964 0.718597 0.062092 0.029718
0 0.492239 0.770833 0.059641 0.018995
0 0.493260 0.752757 0.058415 0.013480
0 0.494281 0.735600 0.060458 0.020221
0 0.443423 0.752911 0.029820 0.060355
0 0.407884 0.745864 0.031454 0.071998
0 0.372958 0.746477 0.033497 0.073836
0 0.551879 0.770221 0.054739 0.025123
0 0.723448 0.525276 0.051471 0.012561
0 0.934028 0.696232 0.106618 0.098958
0 0.235703 0.419884 0.058007 0.034620
0 0.724060 0.509498 0.049428 0.015319
0 0.700368 0.474724 0.055147 0.027880
0 0.775940 0.525123 0.047794 0.014706
0 0.774510 0.508119 0.047386 0.016850
0 0.821078 0.499847 0.038399 0.064645
0 0.860498 0.499387 0.034722 0.066176
0 0.917075 0.449449 0.058824 0.131740
0 0.970384 0.453125 0.026552 0.087623
0 0.991422 0.452053 0.015523 0.087929
0 0.770016 0.488817 0.045752 0.016238
0 0.829248 0.407169 0.037582 0.072917
0 0.778391 0.420343 0.048611 0.045956
0 0.773284 0.386183 0.052288 0.019914
0 0.570261 0.416207 0.045752 0.048100
0 0.476920 0.416054 0.049428 0.047794
0 0.410948 0.424632 0.041667 0.012255
0 0.345588 0.425551 0.066176 0.019608
0 0.113971 0.377911 0.062092 0.017463
0 0.868260 0.407169 0.037173 0.068015
