0 0.319531 0.571289 0.051562 0.044141
0 0.810937 0.860352 0.060417 0.092578
0 0.316406 0.524609 0.045312 0.045312
0 0.748958 0.847266 0.050000 0.039062
0 0.749479 0.890430 0.059375 0.035547
0 0.383333 0.543750 0.065625 0.092969
0 0.445052 0.537891 0.050521 0.095312
0 0.502083 0.534961 0.045833 0.027734
0 0.503125 0.566211 0.048958 0.028516
0 0.554948 0.530859 0.045312 0.027344
0 0.557292 0.563477 0.045833 0.029297
0 0.882292 0.849414 0.068750 0.077734
0 0.687760 0.906836 0.049479 0.042578
0 0.129688 0.843555 0.059375 0.031641
0 0.121875 0.810742 0.056250 0.026953
0 0.261719 0.568164 0.042188 0.047266
0 0.213021 0.575586 0.051042 0.050391
0 0.154948 0.581641 0.048438 0.050781
0 0.606510 0.558594 0.043229 0.029687
0 0.099219 0.532227 0.051562 0.051953
0 0.792188 0.622461 0.067708 0.088672
0 0.862240 0.614062 0.065104 0.089844
0 0.929948 0.606445 0.061979 0.087109
0 0.982031 0.605078 0.035937 0.071094
0 0.690625 0.861328 0.052083 0.042188
0 0.056771 0.817578 0.060417 0.028125
0 0.060677 0.852148 0.064062 0.032422
0 0.120833 0.777734 0.062500 0.028906
0 0.155990 0.529297 0.054688 0.051562
0 0.309375 0.692187 0.047917 0.043750
0 0.655469 0.525977 0.043229 0.027734
0 0.532031 0.625195 0.040104 0.040234
0 0.575781 0.622461 0.038021 0.039453
0 0.535417 0.668750 0.039583 0.041406
0 0.581510 0.664062 0.038021 0.039062
0 0.626563 0.609180 0.045833 0.023047
0 0.674479 0.605078 0.036458 0.028125
0 0.626302 0.637695 0.045312 0.027734
0 0.482031 0.653516 0.058854 0.084375
0 0.674219 0.633594 0.035937 0.020313
0 0.677604 0.660742 0.042708 0.023828
0 0.727344 0.648828 0.044271 0.044531
0 0.723698 0.602734 0.048438 0.042188
0 0.024219 0.096289 0.048438 0.122266
0 0.203906 0.101172 0.049479 0.125000
0 0.146354 0.098828 0.052083 0.123438
0 0.083854 0.097656 0.057292 0.122656
0 0.630729 0.666406 0.046875 0.025000
0 0.605729 0.529102 0.044792 0.027734
0 0.417708 0.658203 0.060417 0.093750
0 0.182812 0.782422 0.043750 0.043750
0 0.654167 0.555078 0.040625 0.024219
0 0.709115 0.544336 0.052604 0.045703
0 0.708073 0.499023 0.050521 0.041797
0 0.767448 0.496875 0.050521 0.042969
0 0.766406 0.540820 0.058854 0.044141
0 0.832292 0.514258 0.066667 0.087891
0 0.905990 0.510938 0.074479 0.085156
0 0.359375 0.686523 0.041667 0.045703
0 0.957292 0.517188 0.021875 0.047656
0 0.048438 0.703516 0.064583 0.082031
0 0.123177 0.692383 0.071354 0.086328
0 0.191927 0.685156 0.061979 0.088281
0 0.252083 0.679883 0.055208 0.083984
0 0.941667 0.831055 0.040625 0.090234
0 0.306771 0.644727 0.046875 0.041016
0 0.359635 0.637695 0.046354 0.045703
0 0.986458 0.514453 0.023958 0.060156
0 0.232813 0.772852 0.045833 0.050391
0 0.988021 0.403320 0.022917 0.065234
0 0.033854 0.591992 0.055208 0.037891
0 0.380729 0.258203 0.039583 0.116406
0 0.428906 0.258789 0.042188 0.108984
0 0.475521 0.263477 0.041667 0.105859
0 0.533854 0.264453 0.056250 0.107031
0 0.583854 0.265430 0.038542 0.108203
0 0.631250 0.265625 0.039583 0.101562
0 0.674740 0.267383 0.032813 0.104297
0 0.720052 0.269727 0.041146 0.096484
0 0.784115 0.272852 0.068229 0.090234
0 0.335156 0.258398 0.046354 0.112891
0 0.838021 0.272852 0.033333 0.093359
0 0.916406 0.281836 0.030729 0.075391
0 0.944792 0.283398 0.017708 0.072266
0 0.982031 0.284766 0.031771 0.075781
0 0.032552 0.403906 0.060937 0.121875
0 0.090365 0.402930 0.050521 0.120703
0 0.148177 0.398242 0.059896 0.126953
0 0.209375 0.398047 0.056250 0.121094
0 0.268229 0.400195 0.051042 0.116797
0 0.096615 0.583594 0.058854 0.050000
0 0.879687 0.280273 0.038542 0.081641
0 0.281771 0.257617 0.041667 0.111328
0 0.230729 0.252539 0.050000 0.121484
0 0.166927 0.249023 0.065104 0.123047
0 0.259635 0.108203 0.050521 0.122656
0 0.321094 0.111133 0.054688 0.119922
0 0.391667 0.118750 0.044792 0.114062
0 0.447135 0.123242 0.046354 0.114453
0 0.499219 0.124609 0.040104 0.108594
0 0.542448 0.132227 0.032813 0.099609
0 0.582031 0.132617 0.030729 0.098828
0 0.623698 0.136914 0.035937 0.096484
0 0.665885 0.141406 0.034896 0.092969
0 0.707031 0.149805 0.035937 0.085547
0 0.736719 0.155273 0.021354 0.071484
0 0.771354 0.153711 0.026042 0.083984
0 0.805729 0.153125 0.037500 0.091406
0 0.847396 0.150391 0.035417 0.093750
0 0.884375 0.156055 0.035417 0.091797
0 0.925260 0.157812 0.031771 0.091406
0 0.958594 0.186328 0.021354 0.039844
0 0.984375 0.177734 0.023958 0.057031
0 0.012240 0.249023 0.024479 0.123047
0 0.055729 0.250195 0.058333 0.120703
0 0.109896 0.250781 0.041667 0.121875
0 0.615885 0.894141 0.081771 0.092188
0 0.537760 0.929688 0.051562 0.046094
0 0.042188 0.965625 0.083333 0.068750
0 0.719792 0.754883 0.053125 0.034766
0 0.537240 0.880859 0.054688 0.042188
0 0.469531 0.895117 0.070312 0.048047
0 0.460677 0.941016 0.065104 0.041406
0 0.312500 0.945117 0.111458 0.097266
0 0.157812 0.960352 0.128125 0.076172
0 0.969271 0.716016 0.026042 0.053906
0 0.936198 0.720117 0.021354 0.051953
0 0.907552 0.723242 0.025521 0.055078
0 0.353906 0.783594 0.067187 0.090625
0 0.857292 0.714258 0.067708 0.085547
0 0.420573 0.776758 0.054688 0.088672
0 0.662240 0.760352 0.048438 0.048047
0 0.718750 0.709375 0.051042 0.046094
0 0.658333 0.715234 0.053125 0.043750
0 0.603125 0.773438 0.047917 0.042969
0 0.981250 0.824414 0.037500 0.094141
0 0.542188 0.780078 0.064583 0.042188
0 0.597396 0.726172 0.048958 0.039844
0 0.783333 0.723437 0.062500 0.085156
0 0.536979 0.732422 0.050000 0.046094
0 0.288021 0.768359 0.050000 0.044531
0 0.239583 0.822852 0.046875 0.039453
0 0.032292 0.552930 0.052083 0.037891
0 0.956250 0.402148 0.032292 0.067578
0 0.920833 0.401953 0.031250 0.071875
0 0.883854 0.394727 0.030208 0.091016
0 0.845573 0.391602 0.035937 0.094141
0 0.805990 0.395117 0.033854 0.093359
0 0.770312 0.394922 0.032292 0.093750
0 0.730208 0.395508 0.041667 0.095703
0 0.292448 0.814063 0.046354 0.047656
0 0.683333 0.397852 0.037500 0.100391
0 0.557292 0.396680 0.042708 0.108984
0 0.513802 0.398242 0.036979 0.112109
0 0.469531 0.395703 0.042188 0.114062
0 0.423438 0.397070 0.043750 0.111328
0 0.370312 0.399414 0.051042 0.115234
0 0.319531 0.398633 0.044271 0.116797
0 0.187760 0.828320 0.045312 0.043359
0 0.642969 0.398633 0.038021 0.098828
0 0.478646 0.765234 0.056250 0.090625
