0 0.361315 0.723652 0.055964 0.014706
0 0.295956 0.718750 0.062500 0.082108
0 0.197508 0.722580 0.091912 0.065870
0 0.086601 0.715839 0.041667 0.043199
0 0.036356 0.715074 0.057190 0.036765
0 0.941585 0.850797 0.053922 0.035539
0 0.862745 0.865962 0.047386 0.009498
0 0.862132 0.855392 0.049428 0.012255
0 0.860907 0.834712 0.060049 0.010723
0 0.867034 0.822457 0.072304 0.011336
0 0.872141 0.809283 0.062908 0.009498
0 0.798815 0.844975 0.052696 0.015931
0 0.790850 0.820925 0.067810 0.014400
0 0.704861 0.834252 0.046977 0.056985
0 0.635621 0.894608 0.021242 0.021446
0 0.586193 0.858150 0.062908 0.013480
0 0.508170 0.862132 0.066993 0.012868
0 0.503881 0.844975 0.060049 0.020833
0 0.432802 0.833946 0.037990 0.072917
0 0.386029 0.834406 0.052288 0.070772
0 0.364379 0.738817 0.061275 0.015012
0 0.306168 0.833333 0.064134 0.071691
0 0.801675 0.863511 0.055147 0.014400
0 0.583742 0.841452 0.064542 0.016238
0 0.625408 0.768076 0.063725 0.011029
0 0.716503 0.477328 0.042484 0.053922
0 0.224265 0.833946 0.060458 0.066176
0 0.150123 0.562040 0.024918 0.074449
0 0.177900 0.561581 0.020016 0.078431
0 0.206904 0.567249 0.037990 0.068321
0 0.247549 0.566789 0.035948 0.079657
0 0.279412 0.568934 0.022876 0.074142
0 0.303922 0.569547 0.026961 0.074142
0 0.326797 0.565564 0.019608 0.081495
0 0.395221 0.597273 0.065768 0.114277
0 0.472835 0.596201 0.052696 0.104779
0 0.562500 0.584252 0.062908 0.080882
0 0.662786 0.605699 0.051879 0.126225
0 0.744690 0.586397 0.049020 0.090074
0 0.830474 0.601409 0.064542 0.103554
0 0.898897 0.597580 0.056781 0.089154
0 0.807598 0.710784 0.059641 0.016544
0 0.370711 0.479779 0.048611 0.066176
0 0.425858 0.483915 0.051879 0.071998
0 0.481005 0.482230 0.051879 0.063725
0 0.548611 0.482690 0.053105 0.064645
0 0.600899 0.486060 0.043301 0.071385
0 0.662582 0.486366 0.058824 0.070159
0 0.361315 0.774510 0.064134 0.010417
0 0.359069 0.762868 0.058007 0.012255
0 0.162377 0.833027 0.051062 0.061887
0 0.956087 0.592525 0.059232 0.099877
0 0.043301 0.819700 0.055556 0.065870
0 0.338848 0.129442 0.039624 0.100184
0 0.381536 0.132506 0.035948 0.109375
0 0.430556 0.133732 0.045752 0.101409
0 0.481209 0.149050 0.039216 0.073223
0 0.808415 0.725031 0.058824 0.011949
0 0.574551 0.150582 0.035539 0.071385
0 0.655637 0.157782 0.031863 0.050245
0 0.703840 0.177083 0.045752 0.017770
0 0.737745 0.176471 0.018791 0.042279
0 0.773284 0.160999 0.045752 0.080576
0 0.821691 0.160233 0.043709 0.079044
0 0.859477 0.164062 0.028595 0.084252
0 0.891953 0.168505 0.026552 0.064338
0 0.921364 0.172028 0.030637 0.070772
0 0.967933 0.162071 0.051879 0.084559
0 0.756332 0.745711 0.054330 0.024510
0 0.810458 0.746170 0.053922 0.024203
0 0.808824 0.765472 0.057190 0.009498
0 0.751838 0.764859 0.053513 0.008272
0 0.679739 0.755055 0.044935 0.016238
0 0.690768 0.776961 0.065359 0.017157
0 0.145425 0.297488 0.047386 0.054534
0 0.098652 0.835018 0.052696 0.075061
0 0.101307 0.282629 0.031046 0.072610
0 0.051879 0.275888 0.060458 0.087929
0 0.246936 0.139400 0.046160 0.068015
0 0.173407 0.127145 0.032271 0.045956
0 0.145425 0.160386 0.047386 0.015012
0 0.203636 0.166054 0.040441 0.014706
0 0.620098 0.753830 0.052288 0.018689
0 0.547386 0.777880 0.061275 0.007966
0 0.547590 0.769455 0.061683 0.010723
0 0.548203 0.755974 0.062908 0.014400
0 0.486111 0.776042 0.061275 0.011642
0 0.485703 0.762408 0.058007 0.010723
0 0.485907 0.744792 0.055147 0.024510
0 0.423407 0.776961 0.063317 0.007966
0 0.419526 0.768229 0.055556 0.008272
0 0.418913 0.758732 0.055964 0.008885
0 0.421977 0.737898 0.056373 0.010110
0 0.194444 0.280637 0.037582 0.088235
0 0.956495 0.386949 0.051879 0.065564
0 0.237132 0.281863 0.046977 0.087623
0 0.320261 0.283548 0.041667 0.083640
0 0.393791 0.272672 0.056373 0.094975
0 0.485907 0.271906 0.055147 0.084252
0 0.574551 0.275582 0.060866 0.098346
0 0.642157 0.284773 0.052288 0.086091
0 0.718546 0.283241 0.066993 0.083027
0 0.793096 0.283854 0.060049 0.076900
0 0.868668 0.281097 0.060049 0.076287
0 0.935866 0.288909 0.055556 0.085172
0 0.029208 0.128064 0.029820 0.085784
0 0.064542 0.130974 0.041667 0.090993
0 0.104371 0.133578 0.034722 0.087010
0 0.281046 0.282782 0.038399 0.086397
0 0.770016 0.387255 0.067810 0.066176
0 0.531658 0.152420 0.042892 0.076900
0 0.477533 0.382200 0.053105 0.076900
0 0.207108 0.422488 0.034314 0.064951
0 0.243464 0.421262 0.037582 0.067402
0 0.285131 0.419118 0.042484 0.076593
0 0.324551 0.418352 0.036356 0.078125
0 0.399510 0.380515 0.057190 0.080882
0 0.754493 0.778186 0.058007 0.011642
0 0.546977 0.385570 0.053105 0.079350
0 0.621324 0.386489 0.058824 0.081189
0 0.694444 0.386029 0.064542 0.077819
0 0.810458 0.778493 0.053922 0.011642
0 0.921364 0.764093 0.059232 0.035539
0 0.971405 0.766850 0.044935 0.028799
0 0.865400 0.764553 0.054330 0.038297
0 0.974265 0.727941 0.041667 0.017770
0 0.795752 0.479167 0.051471 0.057598
0 0.856005 0.483762 0.044526 0.052696
0 0.913399 0.484681 0.043301 0.056985
0 0.968954 0.486979 0.055556 0.061581
0 0.033497 0.414216 0.034314 0.087010
0 0.071691 0.425551 0.036356 0.063725
0 0.108047 0.422488 0.024101 0.063113
0 0.974469 0.744638 0.040441 0.015625
0 0.138685 0.420496 0.032271 0.068934
0 0.019812 0.561275 0.033088 0.087010
0 0.062092 0.553462 0.041667 0.092218
0 0.170956 0.421722 0.030637 0.066483
