0 0.122396 0.195703 0.056250 0.107813
0 0.182031 0.194531 0.058854 0.105469
0 0.598177 0.332813 0.041146 0.096875
0 0.710938 0.332227 0.047917 0.097266
0 0.763802 0.335742 0.054688 0.098047
0 0.817969 0.331445 0.038021 0.089453
0 0.869010 0.330859 0.050521 0.092188
0 0.925260 0.332031 0.049479 0.094531
0 0.978385 0.326562 0.042188 0.096094
0 0.066667 0.200977 0.042708 0.105859
0 0.651302 0.333008 0.061979 0.097266
0 0.238542 0.196484 0.043750 0.106250
0 0.281510 0.049414 0.047396 0.086328
0 0.347135 0.194727 0.061979 0.112109
0 0.696615 0.191797 0.053646 0.092969
0 0.753906 0.192188 0.052604 0.094531
0 0.811979 0.192773 0.056250 0.094141
0 0.865885 0.186914 0.050521 0.094141
0 0.917969 0.189258 0.045312 0.094922
0 0.975521 0.194141 0.048958 0.088281
0 0.030990 0.052539 0.049479 0.088672
0 0.096615 0.055469 0.059896 0.089063
0 0.167708 0.051562 0.060417 0.090625
0 0.226042 0.050195 0.047917 0.088672
0 0.549219 0.330859 0.043229 0.096875
0 0.338542 0.048047 0.058333 0.086719
0 0.288542 0.196484 0.044792 0.106250
0 0.397656 0.050391 0.044271 0.091406
0 0.521094 0.048438 0.050521 0.087500
0 0.586458 0.047266 0.052083 0.085156
0 0.654167 0.047852 0.050000 0.086328
0 0.708073 0.047266 0.047396 0.078125
0 0.764583 0.046875 0.047917 0.081250
0 0.819010 0.046875 0.049479 0.087500
0 0.873958 0.049023 0.047917 0.085547
0 0.933594 0.050977 0.050521 0.089453
0 0.984115 0.046094 0.031771 0.078125
0 0.526823 0.186523 0.052604 0.099609
0 0.461198 0.188867 0.050521 0.105078
0 0.402865 0.193555 0.045312 0.100391
0 0.458594 0.049414 0.053646 0.089453
0 0.497656 0.333398 0.054688 0.103516
0 0.050521 0.586523 0.054167 0.097266
0 0.391406 0.334570 0.050521 0.102734
0 0.469792 0.592578 0.051042 0.074219
0 0.517708 0.589844 0.041667 0.076563
0 0.568229 0.591602 0.045833 0.078516
0 0.614844 0.594727 0.041146 0.073047
0 0.668229 0.590625 0.057292 0.071094
0 0.724479 0.595117 0.046875 0.073828
0 0.769271 0.591797 0.038542 0.082031
0 0.815885 0.593750 0.045312 0.070312
0 0.866667 0.589648 0.045833 0.083984
0 0.914583 0.593555 0.046875 0.075391
0 0.972396 0.594141 0.055208 0.086719
0 0.032031 0.466992 0.042188 0.087109
0 0.092448 0.467383 0.060937 0.087109
0 0.156250 0.470703 0.051042 0.083594
0 0.207552 0.467187 0.039062 0.085938
0 0.259635 0.467187 0.056771 0.087500
0 0.320833 0.465430 0.041667 0.093359
0 0.373958 0.468555 0.060417 0.083984
0 0.429427 0.466797 0.039062 0.090625
0 0.476042 0.465039 0.045833 0.089453
0 0.530990 0.464258 0.044271 0.089453
0 0.588802 0.465430 0.052604 0.090234
0 0.642708 0.469727 0.044792 0.078516
0 0.689583 0.473828 0.035417 0.094531
0 0.347917 0.717383 0.047917 0.069141
0 0.418229 0.591016 0.045833 0.079687
0 0.363281 0.587891 0.052604 0.084375
0 0.312760 0.588672 0.045312 0.083594
0 0.259375 0.591016 0.051042 0.086719
0 0.335156 0.334961 0.054688 0.102734
0 0.277083 0.338867 0.051042 0.090234
0 0.220312 0.339258 0.056250 0.082422
0 0.164844 0.340430 0.050521 0.094922
0 0.111458 0.339648 0.050000 0.094141
0 0.061198 0.340430 0.045312 0.082422
0 0.950521 0.465625 0.058333 0.084375
0 0.894531 0.467187 0.049479 0.086719
0 0.841406 0.467969 0.042188 0.085938
0 0.788802 0.466992 0.045312 0.089453
0 0.737240 0.469531 0.048438 0.091406
0 0.441406 0.713477 0.036979 0.061328
0 0.442448 0.334180 0.044271 0.104297
0 0.493229 0.716211 0.050000 0.058984
0 0.595052 0.716211 0.043229 0.057422
0 0.640625 0.717383 0.044792 0.069141
0 0.695833 0.718164 0.052083 0.070703
0 0.746615 0.714453 0.038021 0.066406
0 0.792448 0.713867 0.039062 0.062109
0 0.841406 0.711133 0.038021 0.076172
0 0.886719 0.713477 0.047396 0.076953
0 0.942969 0.709570 0.039062 0.082422
0 0.981771 0.710938 0.035417 0.078906
0 0.102604 0.592578 0.047917 0.079687
0 0.154948 0.591602 0.048438 0.084766
0 0.208333 0.591602 0.046875 0.085547
0 0.545833 0.716602 0.039583 0.064453
0 0.400260 0.714453 0.035937 0.066406
0 0.583333 0.189258 0.045833 0.104297
0 0.160938 0.820508 0.038542 0.066016
0 0.398177 0.818750 0.040104 0.072656
0 0.437760 0.820703 0.035937 0.067969
0 0.476823 0.824414 0.030729 0.061328
0 0.514323 0.820508 0.032813 0.062891
0 0.557552 0.820312 0.036979 0.059375
0 0.604167 0.825000 0.040625 0.071875
0 0.648958 0.818750 0.039583 0.069531
0 0.695573 0.816016 0.047396 0.070312
0 0.745313 0.817383 0.039583 0.072266
0 0.790885 0.817969 0.044271 0.074219
0 0.889844 0.819922 0.045312 0.067969
0 0.938021 0.820117 0.038542 0.071484
0 0.983073 0.823047 0.033854 0.064062
0 0.056771 0.707031 0.048958 0.071094
0 0.109375 0.709570 0.038542 0.066797
0 0.156250 0.712695 0.041667 0.072266
0 0.206510 0.711133 0.052604 0.076172
0 0.252344 0.713281 0.027604 0.074219
0 0.292969 0.711719 0.049479 0.074219
0 0.299219 0.824609 0.040104 0.064062
0 0.639844 0.186328 0.051562 0.099219
0 0.347396 0.818359 0.051042 0.064062
0 0.208333 0.820703 0.038542 0.065625
0 0.121094 0.952930 0.040104 0.069922
0 0.180729 0.960742 0.043750 0.062891
0 0.226302 0.959375 0.035937 0.064062
0 0.265625 0.962695 0.033333 0.066797
0 0.302865 0.970313 0.030729 0.050000
0 0.353906 0.941211 0.054688 0.101172
0 0.409896 0.941016 0.042708 0.100781
0 0.255469 0.819922 0.043229 0.067969
0 0.523177 0.941016 0.075521 0.103906
0 0.609115 0.943750 0.080729 0.106250
0 0.453385 0.942773 0.039062 0.098047
0 0.730208 0.943164 0.043750 0.098828
0 0.780990 0.946289 0.046354 0.098047
0 0.878125 0.942578 0.038542 0.097656
0 0.923438 0.944531 0.038542 0.104688
0 0.965885 0.945312 0.039062 0.104688
0 0.072396 0.822461 0.041667 0.057422
0 0.119531 0.820117 0.041146 0.060547
0 0.676823 0.941211 0.044271 0.099609
