0 0.364788 0.394301 0.061275 0.095588
0 0.424632 0.409467 0.037173 0.069547
0 0.464665 0.409007 0.036356 0.063113
0 0.510008 0.406250 0.051062 0.078431
0 0.073529 0.154718 0.031863 0.072304
0 0.343750 0.114124 0.054330 0.114890
0 0.282884 0.119945 0.064134 0.113051
0 0.230596 0.121783 0.035539 0.118566
0 0.196283 0.127451 0.028186 0.106005
0 0.142157 0.148438 0.034314 0.076287
0 0.106618 0.154565 0.031046 0.065257
0 0.031046 0.128830 0.049020 0.130821
0 0.304739 0.410539 0.056373 0.065564
0 0.062092 0.304688 0.044118 0.062806
0 0.018791 0.308517 0.037582 0.053309
0 0.707721 0.242341 0.060049 0.129902
0 0.971405 0.063419 0.057190 0.126838
0 0.593954 0.277114 0.047386 0.069547
0 0.543096 0.278799 0.042892 0.068015
0 0.498570 0.282475 0.042892 0.068015
0 0.454657 0.285692 0.042484 0.070159
0 0.773489 0.240502 0.060049 0.129902
0 0.408905 0.287837 0.044118 0.064645
0 0.364992 0.287990 0.039624 0.071691
0 0.284109 0.290441 0.040441 0.067402
0 0.237541 0.292586 0.040441 0.067402
0 0.179943 0.297181 0.024101 0.069240
0 0.148897 0.295496 0.035539 0.075674
0 0.110907 0.296109 0.036356 0.067096
0 0.331495 0.291513 0.023284 0.059743
0 0.247549 0.412684 0.053922 0.062500
0 0.900940 0.063419 0.068219 0.126838
0 0.838440 0.238051 0.063317 0.130515
0 0.621324 0.405178 0.027778 0.073836
0 0.402165 0.111826 0.055964 0.108456
0 0.466095 0.102941 0.070261 0.110294
0 0.528799 0.095435 0.043709 0.112439
0 0.576185 0.097886 0.042892 0.119179
0 0.627247 0.113358 0.039624 0.075368
0 0.830065 0.078585 0.064542 0.111213
0 0.701185 0.098499 0.052696 0.089154
0 0.201593 0.407322 0.033088 0.071998
0 0.152778 0.409926 0.061275 0.069240
0 0.082312 0.411152 0.059232 0.120711
0 0.025735 0.413297 0.051471 0.120098
0 0.972018 0.228707 0.055964 0.147365
0 0.906863 0.229013 0.066993 0.138787
0 0.761846 0.085018 0.060458 0.111826
0 0.643382 0.276042 0.047386 0.069240
0 0.590278 0.405025 0.029412 0.075980
0 0.697712 0.401961 0.022059 0.069853
0 0.896242 0.511642 0.056373 0.090686
0 0.955678 0.531710 0.041258 0.020527
0 0.209355 0.594822 0.054330 0.067096
0 0.271446 0.606618 0.046977 0.045343
0 0.323325 0.605699 0.047794 0.053922
0 0.372753 0.605239 0.046977 0.054228
0 0.793301 0.518076 0.135621 0.069853
0 0.424837 0.611826 0.050654 0.012868
0 0.475490 0.605239 0.045752 0.071385
0 0.819444 0.929688 0.098039 0.111213
0 0.713440 0.915135 0.090278 0.115196
0 0.644404 0.917586 0.035539 0.093137
0 0.668913 0.399050 0.033088 0.072610
0 0.594975 0.909161 0.031454 0.090993
0 0.424020 0.628983 0.045752 0.013480
0 0.559232 0.905944 0.027778 0.085784
0 0.691993 0.528186 0.037582 0.053922
0 0.576797 0.517923 0.047386 0.069547
0 0.190359 0.520833 0.022059 0.036765
0 0.212623 0.521906 0.020016 0.037684
0 0.235090 0.523744 0.018382 0.038297
0 0.255923 0.522518 0.018382 0.038297
0 0.278799 0.523744 0.018382 0.038297
0 0.299224 0.524050 0.018382 0.038297
0 0.635621 0.515625 0.066993 0.073529
0 0.324551 0.523897 0.018382 0.038603
0 0.381740 0.508425 0.020016 0.075061
0 0.411560 0.506587 0.029820 0.080576
0 0.444649 0.507200 0.029820 0.080576
0 0.480801 0.527114 0.021242 0.041973
0 0.504698 0.527114 0.021650 0.044424
0 0.540441 0.525123 0.019608 0.045343
0 0.357230 0.510570 0.027369 0.073836
0 0.526552 0.891085 0.030229 0.111826
0 0.494077 0.888021 0.030637 0.111826
0 0.464461 0.882966 0.026961 0.106618
0 0.430556 0.727941 0.041667 0.063725
0 0.387051 0.727022 0.042075 0.063725
0 0.343137 0.720895 0.041667 0.061275
0 0.299837 0.719975 0.036765 0.062500
0 0.258987 0.717678 0.035131 0.060968
0 0.223039 0.713388 0.034314 0.065257
0 0.480188 0.734375 0.052696 0.064951
0 0.185458 0.714154 0.036765 0.064951
0 0.099673 0.686121 0.045752 0.101409
0 0.873979 0.632047 0.127042 0.109681
0 0.737949 0.635110 0.136029 0.092525
0 0.629493 0.609069 0.044118 0.071691
0 0.597631 0.619179 0.016340 0.037990
0 0.567606 0.612132 0.038807 0.032475
0 0.146650 0.711397 0.034314 0.063113
0 0.535131 0.736520 0.053105 0.064951
0 0.594158 0.737898 0.057598 0.066483
0 0.660131 0.742953 0.058824 0.066176
0 0.438725 0.867953 0.020425 0.102941
0 0.402982 0.877451 0.029820 0.108456
0 0.371936 0.876225 0.026552 0.106618
0 0.341912 0.869026 0.026961 0.106924
0 0.312296 0.865809 0.031454 0.106618
0 0.251430 0.863205 0.029820 0.097733
0 0.219771 0.862898 0.027778 0.097120
0 0.191381 0.861060 0.027369 0.097120
0 0.162582 0.853707 0.025327 0.097120
0 0.134395 0.846661 0.028595 0.109988
0 0.073325 0.832874 0.073121 0.125919
0 0.015931 0.833487 0.031863 0.104473
0 0.977124 0.755208 0.045752 0.101716
0 0.904412 0.762714 0.091503 0.081801
0 0.759600 0.741115 0.134395 0.088848
0 0.156454 0.520833 0.022059 0.036765
0 0.090074 0.581189 0.068219 0.068627
0 0.154003 0.595129 0.049020 0.058517
0 0.861520 0.394148 0.022059 0.097733
0 0.914011 0.359835 0.069036 0.079350
0 0.825163 0.389859 0.042484 0.102635
0 0.735703 0.388940 0.042484 0.101409
0 0.780229 0.388940 0.042484 0.101409
0 0.983252 0.381127 0.032680 0.117034
0 0.932802 0.936428 0.104167 0.124694
0 0.555351 0.405944 0.029820 0.071078
