0 0.900899 0.680529 0.020120 0.021154
0 0.930651 0.681370 0.021404 0.019471
0 0.957406 0.680409 0.022688 0.015144
0 0.039170 0.767548 0.065497 0.087019
0 0.138913 0.729688 0.129709 0.011298
0 0.084546 0.093990 0.029538 0.092788
0 0.140625 0.756250 0.132277 0.008654
0 0.141053 0.768630 0.126284 0.010817
0 0.956764 0.661298 0.019692 0.016346
0 0.281036 0.725481 0.122860 0.012500
0 0.279110 0.740745 0.124144 0.010337
0 0.048159 0.096995 0.039812 0.091587
0 0.141695 0.743750 0.135274 0.012981
0 0.930223 0.661899 0.025685 0.017548
0 0.152183 0.907572 0.130565 0.015625
0 0.825342 0.660937 0.110445 0.018990
0 0.633562 0.877885 0.107021 0.013942
0 0.404752 0.906731 0.108305 0.012981
0 0.407748 0.879207 0.110873 0.014663
0 0.405394 0.892668 0.111301 0.010817
0 0.282106 0.900240 0.120719 0.017788
0 0.120933 0.097476 0.032962 0.097356
0 0.901541 0.661298 0.024829 0.016346
0 0.034675 0.880769 0.065068 0.093750
0 0.147688 0.808894 0.134418 0.018269
0 0.282962 0.850481 0.124144 0.011538
0 0.577911 0.664543 0.130993 0.018510
0 0.708690 0.643990 0.121147 0.018269
0 0.706764 0.661779 0.117295 0.014423
0 0.827483 0.641827 0.108733 0.018750
0 0.141481 0.827524 0.134846 0.017548
0 0.158176 0.099519 0.038099 0.099038
0 0.047303 0.241947 0.042380 0.110337
0 0.250642 0.111659 0.139983 0.022837
0 0.647260 0.729087 0.107021 0.017308
0 0.647046 0.747716 0.106592 0.018510
0 0.760060 0.737139 0.106592 0.021394
0 0.887414 0.728245 0.105308 0.020433
0 0.887414 0.747236 0.112158 0.014663
0 0.963613 0.839663 0.035103 0.019231
0 0.923801 0.840625 0.029966 0.018269
0 0.819991 0.793149 0.122003 0.013702
0 0.530822 0.747596 0.112158 0.016346
0 0.835830 0.813462 0.132277 0.012981
0 0.835188 0.842187 0.134418 0.015144
0 0.560788 0.816947 0.130137 0.014663
0 0.558647 0.832332 0.132705 0.013221
0 0.694777 0.817187 0.124144 0.061779
0 0.425942 0.811298 0.121575 0.013462
0 0.423801 0.830168 0.130993 0.017548
0 0.292380 0.805769 0.128425 0.016827
0 0.282534 0.835216 0.126712 0.014663
0 0.836901 0.828966 0.134418 0.012260
0 0.252354 0.086418 0.134846 0.023798
0 0.531250 0.729567 0.110445 0.015865
0 0.280608 0.753245 0.126284 0.011779
0 0.391481 0.084856 0.134846 0.023077
0 0.389341 0.111178 0.134846 0.021875
0 0.545163 0.010817 0.162243 0.019712
0 0.542594 0.034135 0.163099 0.024519
0 0.681507 0.081611 0.119007 0.029087
0 0.684717 0.109255 0.125428 0.023317
0 0.090753 0.240865 0.033390 0.108173
0 0.125000 0.244832 0.028253 0.111298
0 0.409033 0.745913 0.112586 0.014904
0 0.157962 0.246034 0.029110 0.106010
0 0.230094 0.246755 0.033818 0.107452
0 0.265625 0.258293 0.031250 0.086779
0 0.302654 0.257212 0.035959 0.084615
0 0.342466 0.257332 0.032534 0.089663
0 0.378853 0.255769 0.031678 0.084135
0 0.422731 0.259856 0.036387 0.085096
0 0.457834 0.260577 0.028682 0.088942
0 0.489940 0.257933 0.032106 0.088462
0 0.193921 0.246034 0.030822 0.106010
0 0.409247 0.721274 0.109589 0.014183
0 0.124572 0.592187 0.117295 0.058413
0 0.439212 0.670312 0.143836 0.017067
0 0.260060 0.422115 0.128853 0.016346
0 0.402397 0.451082 0.135274 0.025721
0 0.532534 0.453486 0.108733 0.020913
0 0.531464 0.430769 0.110873 0.019231
0 0.530822 0.408654 0.113870 0.023558
0 0.665668 0.452284 0.135274 0.020433
0 0.667808 0.428966 0.135274 0.020433
0 0.666952 0.407813 0.142123 0.017067
0 0.807791 0.437981 0.136986 0.013942
0 0.795163 0.405649 0.107449 0.012740
0 0.808219 0.421755 0.133562 0.015625
0 0.938998 0.452524 0.113442 0.020433
0 0.942423 0.429567 0.115154 0.021635
0 0.906892 0.348558 0.125428 0.023077
0 0.904538 0.327764 0.121575 0.015625
0 0.516695 0.353966 0.131849 0.020913
0 0.648545 0.353726 0.129281 0.020433
0 0.256849 0.441707 0.138699 0.017548
0 0.650471 0.330409 0.122003 0.023317
0 0.125428 0.412500 0.129281 0.019231
0 0.578981 0.645553 0.135702 0.016587
0 0.619007 0.571274 0.116438 0.016587
0 0.741010 0.605409 0.116438 0.023798
0 0.940925 0.606611 0.033390 0.021394
0 0.861515 0.592067 0.118579 0.019231
0 0.871361 0.572356 0.129709 0.016346
0 0.917380 0.512740 0.125856 0.019231
0 0.909461 0.487620 0.118579 0.020433
0 0.776541 0.535577 0.118151 0.016346
0 0.781678 0.515986 0.119863 0.018510
0 0.784033 0.495673 0.124572 0.019231
0 0.655180 0.535577 0.118579 0.018750
0 0.657320 0.515986 0.114298 0.018510
0 0.652397 0.495192 0.130993 0.015865
0 0.340753 0.518029 0.116438 0.063942
0 0.227098 0.537380 0.106592 0.016587
0 0.226241 0.516947 0.100599 0.020433
0 0.116010 0.513942 0.110445 0.024038
0 0.124786 0.433894 0.124572 0.018750
0 0.740154 0.909615 0.101884 0.026923
0 0.034247 0.490865 0.042808 0.070673
0 0.846318 0.911058 0.096747 0.019712
0 0.049443 0.677764 0.038099 0.061298
0 0.013271 0.677284 0.026541 0.064183
0 0.140625 0.647476 0.141695 0.017548
0 0.947346 0.251322 0.068493 0.114183
0 0.872217 0.249760 0.068065 0.111058
0 0.797945 0.255048 0.065068 0.104808
0 0.289170 0.687139 0.143408 0.018990
0 0.014983 0.588462 0.029966 0.058654
0 0.617509 0.266346 0.134846 0.022115
0 0.527397 0.256611 0.036815 0.090625
0 0.139555 0.665745 0.134418 0.016587
0 0.140839 0.682452 0.137842 0.016827
0 0.286815 0.650841 0.142979 0.017067
0 0.285103 0.668630 0.143836 0.016106
0 0.843322 0.887981 0.090753 0.022596
0 0.437072 0.651683 0.143836 0.016346
0 0.619221 0.243269 0.133990 0.020192
0 0.046447 0.591947 0.027825 0.065625
0 0.722603 0.250481 0.062500 0.100962
0 0.379709 0.352644 0.133562 0.019231
0 0.254281 0.587260 0.113014 0.022115
0 0.633348 0.895793 0.105736 0.020913
0 0.523759 0.896154 0.108305 0.053365
0 0.517337 0.330048 0.125428 0.022596
0 0.241652 0.353846 0.126284 0.019231
0 0.108091 0.353486 0.128853 0.018510
0 0.952055 0.891106 0.038527 0.050962
0 0.238656 0.330769 0.133990 0.024038
0 0.379923 0.329688 0.133990 0.021875
0 0.618793 0.590385 0.116010 0.018269
0 0.616866 0.609495 0.116438 0.017067
0 0.496575 0.572957 0.110445 0.017067
0 0.496789 0.592067 0.115154 0.017308
0 0.496575 0.610457 0.119007 0.017067
0 0.378211 0.569712 0.108305 0.015865
0 0.380779 0.589183 0.109161 0.020673
0 0.102312 0.330769 0.130993 0.024038
0 0.910959 0.891947 0.031678 0.056010
