0 0.149740 0.750000 0.108854 0.016406
0 0.260937 0.751758 0.110417 0.019922
0 0.375260 0.746875 0.101562 0.035937
0 0.484896 0.758594 0.105208 0.021875
0 0.841406 0.854492 0.118229 0.023828
0 0.020833 0.816992 0.041667 0.022266
0 0.703906 0.286133 0.033854 0.063672
0 0.735938 0.287305 0.029167 0.067578
0 0.767708 0.287695 0.033333 0.063672
0 0.799219 0.281445 0.029687 0.082422
0 0.830208 0.282031 0.031250 0.080469
0 0.860677 0.282031 0.025521 0.081250
0 0.891927 0.283789 0.032813 0.080859
0 0.924740 0.287695 0.030729 0.073047
0 0.971615 0.293945 0.056771 0.012891
0 0.971615 0.312891 0.056771 0.019531
0 0.974219 0.192969 0.049479 0.062500
0 0.670312 0.284766 0.033333 0.066406
0 0.918490 0.190430 0.056771 0.069141
0 0.778385 0.190625 0.068229 0.060937
0 0.704688 0.185742 0.073958 0.062891
0 0.628385 0.188086 0.065104 0.059766
0 0.557292 0.182422 0.071875 0.068750
0 0.483333 0.183984 0.063542 0.067969
0 0.411719 0.174805 0.075521 0.069922
0 0.332292 0.182422 0.075000 0.064062
0 0.246094 0.178906 0.084896 0.065625
0 0.175260 0.173828 0.041146 0.075000
0 0.108854 0.199219 0.082292 0.021094
0 0.032292 0.196289 0.064583 0.020703
0 0.846354 0.186133 0.060417 0.066797
0 0.588542 0.734375 0.108333 0.013281
0 0.607812 0.307227 0.081250 0.021484
0 0.531510 0.287695 0.079687 0.012891
0 0.089323 0.823438 0.092188 0.025781
0 0.205990 0.795508 0.090104 0.024609
0 0.193490 0.824609 0.079687 0.023438
0 0.288802 0.831055 0.108854 0.026172
0 0.399740 0.803320 0.078646 0.024609
0 0.390104 0.833008 0.088542 0.025391
0 0.492188 0.837500 0.109375 0.028906
0 0.604427 0.838281 0.109896 0.034375
0 0.829427 0.814258 0.100521 0.024609
0 0.933594 0.811133 0.099479 0.015234
0 0.695052 0.735547 0.097396 0.014063
0 0.524219 0.304688 0.083854 0.021094
0 0.595052 0.765820 0.108854 0.019922
0 0.824740 0.776367 0.115104 0.018359
0 0.809896 0.736719 0.110417 0.011719
0 0.936979 0.781836 0.102083 0.016797
0 0.953646 0.859766 0.092708 0.019531
0 0.099479 0.274219 0.029167 0.065625
0 0.071354 0.273242 0.023958 0.062891
0 0.040885 0.272070 0.030729 0.059766
0 0.193490 0.298242 0.098437 0.017578
0 0.193229 0.276367 0.096875 0.018359
0 0.282552 0.298828 0.079687 0.022656
0 0.361979 0.276758 0.081250 0.069922
0 0.706250 0.768945 0.111458 0.016797
0 0.716406 0.838281 0.115104 0.046875
0 0.445312 0.290625 0.080208 0.043750
0 0.157552 0.730469 0.103646 0.015625
0 0.940625 0.392578 0.096875 0.016406
0 0.941667 0.411719 0.096875 0.015625
0 0.896615 0.466797 0.101562 0.017188
0 0.790365 0.463672 0.090104 0.020313
0 0.109896 0.424414 0.092708 0.022266
0 0.087760 0.447852 0.099479 0.019922
0 0.078385 0.468359 0.084896 0.017188
0 0.163802 0.469922 0.081771 0.020313
0 0.253385 0.472656 0.091146 0.021094
0 0.902865 0.374805 0.075521 0.016797
0 0.283073 0.449023 0.066146 0.017578
0 0.463802 0.439063 0.079687 0.015625
0 0.450781 0.458984 0.085938 0.017969
0 0.346354 0.476953 0.091667 0.015625
0 0.439063 0.478320 0.089583 0.019141
0 0.529427 0.481641 0.088021 0.019531
0 0.620833 0.482812 0.088542 0.020313
0 0.718490 0.486914 0.097396 0.018359
0 0.816927 0.489648 0.095312 0.019141
0 0.925000 0.491016 0.111458 0.022656
0 0.361458 0.456445 0.087500 0.018359
0 0.904948 0.542773 0.114062 0.043359
0 0.824219 0.389258 0.068229 0.012891
0 0.159635 0.715625 0.107813 0.012500
0 0.129167 0.274414 0.029167 0.065234
0 0.044010 0.364844 0.088021 0.021094
0 0.122396 0.353125 0.058333 0.012500
0 0.136458 0.369141 0.061458 0.015625
0 0.121354 0.389062 0.081250 0.020313
0 0.039062 0.387305 0.078125 0.019922
0 0.184896 0.361133 0.034375 0.076172
0 0.243490 0.367773 0.079687 0.066016
0 0.304948 0.367383 0.042188 0.073047
0 0.846615 0.407813 0.091146 0.017188
0 0.341406 0.372656 0.025521 0.065625
0 0.391667 0.375586 0.023958 0.066016
0 0.418750 0.374805 0.023958 0.066016
0 0.478646 0.393164 0.092708 0.030859
0 0.575000 0.382031 0.085417 0.017969
0 0.573958 0.401758 0.092708 0.016797
0 0.663802 0.381055 0.080729 0.019922
0 0.663021 0.403125 0.081250 0.017969
0 0.752865 0.406055 0.090104 0.014453
0 0.746875 0.387305 0.079167 0.016797
0 0.366406 0.373047 0.020313 0.065625
0 0.789844 0.523633 0.091146 0.021484
0 0.685937 0.547070 0.098958 0.022266
0 0.591406 0.521289 0.093229 0.022266
0 0.905990 0.625195 0.095312 0.021484
0 0.928385 0.666992 0.072396 0.020703
0 0.944010 0.710938 0.104688 0.019531
0 0.869010 0.687695 0.042188 0.068359
0 0.800521 0.708984 0.094792 0.015625
0 0.691146 0.657617 0.110417 0.023047
0 0.696875 0.680664 0.109375 0.023047
0 0.694792 0.704883 0.110417 0.016797
0 0.582292 0.688086 0.107292 0.044922
0 0.884375 0.585156 0.089583 0.015625
0 0.486198 0.662305 0.082812 0.020703
0 0.391927 0.692969 0.083854 0.025000
0 0.482031 0.694336 0.086979 0.023047
0 0.289323 0.688867 0.107813 0.027734
0 0.175000 0.677539 0.116667 0.026172
0 0.096354 0.658008 0.035417 0.066797
0 0.066927 0.656445 0.023438 0.066797
0 0.040104 0.667969 0.026042 0.045312
0 0.049479 0.725586 0.098958 0.020703
0 0.046615 0.747461 0.093229 0.018359
0 0.790365 0.550391 0.101562 0.022656
0 0.807031 0.620313 0.096354 0.018750
0 0.403646 0.652734 0.083333 0.017969
0 0.711979 0.618750 0.088542 0.021875
0 0.458333 0.568555 0.079167 0.013672
0 0.444531 0.605469 0.088021 0.022656
0 0.355990 0.603711 0.084896 0.018359
0 0.361458 0.578125 0.091667 0.017188
0 0.296615 0.591016 0.029687 0.042188
0 0.267708 0.590039 0.027083 0.047266
0 0.210938 0.569531 0.078125 0.017969
0 0.197135 0.600195 0.105729 0.017578
0 0.621615 0.612500 0.085938 0.021094
0 0.083594 0.587891 0.111979 0.029687
0 0.121615 0.519531 0.096354 0.045312
0 0.215885 0.531250 0.094271 0.019531
0 0.246615 0.504687 0.085938 0.014844
0 0.309375 0.536719 0.089583 0.023438
0 0.398177 0.537305 0.090104 0.016016
0 0.491406 0.533594 0.094271 0.032813
0 0.586979 0.544336 0.092708 0.019922
0 0.793229 0.581836 0.085417 0.016016
0 0.034115 0.525977 0.068229 0.016797
0 0.615104 0.590234 0.084375 0.017969
0 0.533594 0.607812 0.083854 0.017969
0 0.697396 0.579297 0.080208 0.015625
