0 0.314542 0.648744 0.043301 0.059743
0 0.232230 0.398897 0.028186 0.090686
0 0.199551 0.396599 0.031454 0.088542
0 0.168709 0.395374 0.026144 0.083640
0 0.091708 0.377757 0.061683 0.097426
0 0.034314 0.372855 0.045752 0.102328
0 0.975490 0.461550 0.049020 0.128983
0 0.265931 0.354013 0.036765 0.062806
0 0.920343 0.460325 0.051471 0.120404
0 0.813521 0.438879 0.052696 0.110600
0 0.758374 0.441023 0.050245 0.106924
0 0.931577 0.290901 0.077206 0.127145
0 0.859477 0.287684 0.062908 0.123162
0 0.793096 0.291207 0.057598 0.115502
0 0.731209 0.290748 0.049837 0.118873
0 0.866626 0.443627 0.042892 0.116422
0 0.642565 0.221814 0.062092 0.055147
0 0.311070 0.356311 0.047794 0.060662
0 0.321078 0.423866 0.046569 0.062806
0 0.143178 0.618107 0.077206 0.055453
0 0.066993 0.595435 0.054739 0.054841
0 0.130106 0.475337 0.067402 0.063419
0 0.057394 0.465533 0.055147 0.067096
0 0.635621 0.371477 0.073529 0.076287
0 0.642770 0.456189 0.076389 0.080270
0 0.272672 0.417433 0.041258 0.057904
0 0.583742 0.834099 0.029412 0.078125
0 0.480596 0.363664 0.060866 0.071078
0 0.492239 0.441483 0.058824 0.069853
0 0.429943 0.433670 0.047794 0.067096
0 0.420343 0.360907 0.050654 0.065564
0 0.370098 0.426930 0.035131 0.064032
0 0.365196 0.358456 0.050654 0.063113
0 0.560458 0.367341 0.062092 0.076593
0 0.637868 0.281863 0.061683 0.056373
0 0.575368 0.281710 0.058415 0.051777
0 0.581495 0.224265 0.055964 0.053922
0 0.940155 0.793505 0.046160 0.090074
0 0.038603 0.674479 0.071487 0.047488
0 0.126225 0.708793 0.088235 0.046262
0 0.244281 0.725643 0.024510 0.062806
0 0.270425 0.732690 0.022876 0.062194
0 0.297794 0.740349 0.021242 0.062194
0 0.885825 0.780484 0.044526 0.087316
0 0.330678 0.747702 0.033088 0.062194
0 0.668913 0.858150 0.035539 0.085784
0 0.620507 0.842371 0.037582 0.083640
0 0.461601 0.791667 0.022876 0.071691
0 0.489379 0.801317 0.022059 0.073836
0 0.518587 0.811121 0.026552 0.078738
0 0.550654 0.821998 0.028595 0.077206
0 0.428922 0.779412 0.034314 0.079044
0 0.836806 0.769914 0.034722 0.085172
0 0.794935 0.757353 0.038399 0.085784
0 0.755719 0.746170 0.033497 0.082414
0 0.264706 0.633578 0.036765 0.063113
0 0.315359 0.583487 0.041667 0.060968
0 0.367034 0.596201 0.046160 0.064951
0 0.363971 0.661305 0.051471 0.054841
0 0.419526 0.605699 0.052288 0.066789
0 0.415441 0.673407 0.046569 0.060049
0 0.477124 0.619179 0.053922 0.066176
0 0.470792 0.686734 0.050245 0.059130
0 0.538194 0.634191 0.060049 0.066789
0 0.533292 0.703431 0.058415 0.063113
0 0.710989 0.866115 0.032271 0.088848
0 0.606209 0.648591 0.066176 0.072304
0 0.604575 0.721507 0.068627 0.064951
0 0.676266 0.729167 0.036356 0.084559
0 0.715278 0.735447 0.031863 0.084252
0 0.174837 0.482843 0.015523 0.061275
0 0.194853 0.484835 0.018791 0.060968
0 0.561275 0.446538 0.061275 0.073836
0 0.242239 0.492647 0.020425 0.061887
0 0.173203 0.163909 0.021242 0.058211
0 0.115605 0.172641 0.035948 0.067096
0 0.744894 0.875460 0.026552 0.088542
0 0.782475 0.891544 0.033088 0.088848
0 0.826185 0.905331 0.033088 0.093137
0 0.871119 0.918658 0.037990 0.092218
0 0.195874 0.164216 0.018382 0.060662
0 0.218546 0.489737 0.021242 0.060355
0 0.979167 0.951134 0.041667 0.097733
0 0.083538 0.159467 0.025735 0.036458
0 0.057598 0.165288 0.018791 0.030944
0 0.037582 0.167433 0.015523 0.033395
0 0.784109 0.136336 0.039624 0.136642
0 0.018995 0.169118 0.018382 0.032475
0 0.919730 0.936428 0.042075 0.095895
0 0.832516 0.132047 0.040033 0.136642
0 0.215891 0.162531 0.018382 0.064032
0 0.743668 0.137868 0.024101 0.129289
0 0.306781 0.157322 0.018791 0.051164
0 0.329248 0.155790 0.021242 0.052390
0 0.358047 0.150735 0.025735 0.065564
0 0.383578 0.147825 0.019608 0.068321
0 0.409314 0.144914 0.026144 0.069240
0 0.447508 0.136489 0.023284 0.077512
0 0.237132 0.161458 0.018382 0.063725
0 0.476716 0.130515 0.027778 0.091299
0 0.532067 0.139553 0.028186 0.062806
0 0.560866 0.136489 0.026144 0.064645
0 0.593137 0.128830 0.031046 0.081189
0 0.633987 0.127145 0.031046 0.080270
0 0.668913 0.119485 0.027369 0.092525
0 0.703840 0.142157 0.034314 0.129289
0 0.505719 0.142310 0.020425 0.061581
0 0.281454 0.161765 0.022059 0.049632
0 0.880719 0.129442 0.043301 0.140012
0 0.978554 0.121936 0.040441 0.148284
0 0.685662 0.579197 0.037990 0.113664
0 0.652778 0.534620 0.022876 0.054534
0 0.616830 0.533241 0.030229 0.062194
0 0.929739 0.616115 0.047386 0.134804
0 0.981209 0.627145 0.034314 0.141544
0 0.555147 0.538143 0.037582 0.074449
0 0.511438 0.534926 0.029412 0.071691
0 0.478350 0.529412 0.027778 0.071691
0 0.446691 0.526654 0.024101 0.070466
0 0.415033 0.520987 0.026144 0.067708
0 0.387868 0.517310 0.022467 0.068321
0 0.349877 0.507047 0.034722 0.067402
0 0.316585 0.505515 0.024510 0.066176
0 0.285948 0.500153 0.022876 0.061581
0 0.264910 0.495864 0.014297 0.059743
0 0.731005 0.585478 0.037990 0.121936
0 0.929126 0.124847 0.043709 0.141238
0 0.780637 0.595129 0.040850 0.120404
0 0.828227 0.600643 0.042892 0.120404
0 0.085172 0.284620 0.110703 0.031863
0 0.198938 0.236979 0.100490 0.040748
0 0.198529 0.280178 0.099673 0.038297
0 0.272263 0.280944 0.043709 0.045956
0 0.270425 0.234222 0.040033 0.045650
0 0.315564 0.232690 0.045343 0.045037
0 0.316176 0.282322 0.040850 0.046875
0 0.362337 0.231771 0.042484 0.047488
0 0.412173 0.229933 0.049020 0.049939
0 0.410539 0.281863 0.048203 0.049632
0 0.361315 0.281403 0.042892 0.046875
0 0.464869 0.230239 0.049020 0.053002
0 0.522059 0.225184 0.058824 0.055760
0 0.491830 0.284007 0.100490 0.047794
0 0.877247 0.603554 0.042075 0.128676
0 0.258578 0.159773 0.018791 0.068934
