0 0.960897 0.766226 0.056838 0.085817
0 0.916453 0.785096 0.016667 0.059615
0 0.892949 0.791587 0.024359 0.063462
0 0.838675 0.781250 0.019231 0.067308
0 0.811752 0.781130 0.020085 0.063702
0 0.782479 0.786418 0.026496 0.068029
0 0.750214 0.788942 0.026923 0.067308
0 0.466880 0.812500 0.026068 0.068269
0 0.690598 0.805649 0.033333 0.060817
0 0.247009 0.346514 0.152991 0.026202
0 0.414316 0.314303 0.154274 0.023317
0 0.413248 0.339543 0.152137 0.021394
0 0.547650 0.307692 0.084188 0.019231
0 0.555556 0.336418 0.100000 0.024279
0 0.724786 0.304688 0.123077 0.022356
0 0.732906 0.330288 0.123077 0.027404
0 0.260897 0.428365 0.157692 0.021635
0 0.276282 0.451803 0.150000 0.022837
0 0.427778 0.409014 0.143590 0.013702
0 0.428846 0.428966 0.139744 0.019952
0 0.431624 0.448437 0.140171 0.018990
0 0.880342 0.407933 0.106838 0.016827
0 0.114530 0.532692 0.160684 0.017788
0 0.121154 0.558053 0.161111 0.021394
0 0.282265 0.520072 0.167949 0.018510
0 0.283333 0.540865 0.165812 0.016827
0 0.245299 0.321274 0.164103 0.021875
0 0.083333 0.352043 0.160684 0.027644
0 0.866026 0.227644 0.101282 0.024038
0 0.738675 0.230889 0.132051 0.024279
0 0.220513 0.068269 0.185470 0.026442
0 0.226068 0.094712 0.189744 0.024519
0 0.418162 0.066587 0.184188 0.016827
0 0.419658 0.090865 0.185470 0.031731
0 0.586111 0.072837 0.133761 0.026442
0 0.598718 0.097716 0.153846 0.018029
0 0.752778 0.096154 0.140598 0.024038
0 0.909615 0.016346 0.150000 0.020673
0 0.284829 0.556971 0.161966 0.015865
0 0.906197 0.066947 0.143162 0.023798
0 0.058974 0.093269 0.116239 0.027404
0 0.204487 0.216707 0.180769 0.029087
0 0.059829 0.274880 0.114530 0.017548
0 0.382265 0.211779 0.182479 0.025962
0 0.389103 0.237139 0.173077 0.024760
0 0.207479 0.244231 0.184188 0.025962
0 0.580556 0.234615 0.161111 0.025962
0 0.729701 0.206370 0.138034 0.021394
0 0.907692 0.092909 0.141880 0.026683
0 0.723291 0.800120 0.027778 0.061779
0 0.441026 0.516947 0.142735 0.015625
0 0.601923 0.501202 0.154274 0.011538
0 0.865385 0.503606 0.105128 0.047115
0 0.737607 0.501563 0.127350 0.012260
0 0.628632 0.684856 0.066667 0.063942
0 0.690171 0.682933 0.053846 0.065385
0 0.770085 0.680288 0.099145 0.021154
0 0.757692 0.644712 0.080342 0.017308
0 0.865171 0.651202 0.093590 0.017788
0 0.057692 0.863942 0.094017 0.085577
0 0.126068 0.609375 0.169231 0.019231
0 0.123718 0.879207 0.035470 0.048798
0 0.204274 0.825361 0.033333 0.042067
0 0.237393 0.822596 0.034615 0.042788
0 0.385043 0.828846 0.030769 0.061538
0 0.419872 0.819712 0.035470 0.061538
0 0.500214 0.802524 0.032906 0.063702
0 0.321154 0.825841 0.098718 0.063702
0 0.561966 0.833173 0.052991 0.063942
0 0.648291 0.801322 0.051282 0.088702
0 0.164103 0.865385 0.035043 0.049038
0 0.446795 0.535697 0.149145 0.016587
0 0.137179 0.631851 0.176923 0.017548
0 0.448291 0.588942 0.135043 0.009615
0 0.609188 0.516947 0.142308 0.015625
0 0.727991 0.485817 0.108120 0.014423
0 0.480983 0.699279 0.124359 0.014904
0 0.481197 0.682813 0.124786 0.014183
0 0.348291 0.716106 0.130769 0.016346
0 0.345940 0.696875 0.137179 0.017788
0 0.185897 0.733413 0.128205 0.018750
0 0.181410 0.704688 0.130342 0.016587
0 0.138462 0.652524 0.165812 0.018990
0 0.077137 0.322596 0.150000 0.024519
0 0.963462 0.576562 0.073077 0.015625
0 0.960684 0.556370 0.078632 0.018029
0 0.842949 0.581250 0.136325 0.015865
0 0.708974 0.598077 0.036752 0.018750
0 0.613248 0.612981 0.139316 0.017788
0 0.600641 0.595192 0.125214 0.012981
0 0.599359 0.581250 0.132906 0.015865
0 0.451496 0.610817 0.147436 0.016827
0 0.060256 0.722476 0.070085 0.096394
