0 0.619444 0.751172 0.055556 0.033594
0 0.959954 0.482682 0.080093 0.024740
0 0.620833 0.785677 0.053704 0.029687
0 0.192593 0.263411 0.059259 0.022656
0 0.559259 0.795573 0.054630 0.046875
0 0.686574 0.759245 0.060185 0.041406
0 0.746759 0.757943 0.056481 0.042969
0 0.684722 0.798177 0.058333 0.030729
0 0.743519 0.798438 0.057407 0.032292
0 0.812963 0.741536 0.054630 0.035677
0 0.556944 0.752214 0.054630 0.037760
0 0.433796 0.801562 0.057407 0.031771
0 0.493981 0.794922 0.058333 0.042448
0 0.492130 0.752214 0.059259 0.036198
0 0.956481 0.553125 0.087037 0.019792
0 0.956481 0.530729 0.087037 0.020833
0 0.959954 0.507031 0.080093 0.020833
0 0.700694 0.678516 0.097685 0.009115
0 0.700694 0.697005 0.100463 0.019531
0 0.803241 0.651563 0.049074 0.028125
0 0.808333 0.676042 0.073148 0.017708
0 0.809722 0.697266 0.081481 0.020052
0 0.888889 0.675260 0.077778 0.017188
0 0.871296 0.740104 0.050926 0.032813
0 0.895139 0.697266 0.079167 0.020052
0 0.094907 0.765495 0.055556 0.051302
0 0.171065 0.747396 0.059722 0.033854
0 0.157176 0.795703 0.062500 0.042969
0 0.225694 0.795182 0.068056 0.040365
0 0.295370 0.757422 0.054630 0.042448
0 0.292824 0.800911 0.060648 0.039323
0 0.356944 0.768229 0.062037 0.045833
0 0.358102 0.804297 0.064352 0.023698
0 0.427778 0.764453 0.060185 0.040885
0 0.030556 0.777474 0.061111 0.069010
0 0.876852 0.784896 0.062037 0.049479
0 0.911111 0.405599 0.025000 0.053906
0 0.955324 0.744792 0.070833 0.033854
0 0.231944 0.413021 0.061111 0.060417
0 0.172222 0.413021 0.056481 0.061458
0 0.112037 0.412630 0.051852 0.057031
0 0.847685 0.305729 0.075926 0.077604
0 0.768750 0.303516 0.070833 0.081510
0 0.509722 0.300260 0.112963 0.088542
0 0.863194 0.192708 0.125463 0.067187
0 0.418056 0.308724 0.054630 0.070052
0 0.358333 0.305078 0.060185 0.068490
0 0.294676 0.311589 0.052315 0.065365
0 0.235648 0.310807 0.054630 0.066406
0 0.018056 0.312891 0.036111 0.081510
0 0.049306 0.399219 0.060648 0.081250
0 0.112269 0.310807 0.065278 0.064323
0 0.174074 0.311589 0.055556 0.062760
0 0.441204 0.404297 0.053704 0.075260
0 0.496296 0.404557 0.052778 0.072135
0 0.575463 0.384896 0.077778 0.015104
0 0.577315 0.401953 0.086111 0.011198
0 0.966667 0.789193 0.066667 0.050260
0 0.958796 0.456901 0.082407 0.021615
0 0.965972 0.433984 0.068056 0.021615
0 0.965972 0.406510 0.068056 0.028646
0 0.129398 0.263672 0.057870 0.020573
0 0.862963 0.405469 0.056481 0.061458
0 0.796528 0.407031 0.068981 0.072917
0 0.812963 0.778516 0.054630 0.036719
0 0.881250 0.497917 0.046759 0.046875
0 0.601620 0.191276 0.056944 0.068490
0 0.666667 0.141536 0.060185 0.026302
0 0.668287 0.191016 0.061574 0.066927
0 0.751852 0.184245 0.089815 0.085677
0 0.713426 0.416927 0.080556 0.043229
0 0.649769 0.410547 0.034722 0.058073
0 0.571759 0.424219 0.084259 0.029167
0 0.600231 0.141406 0.059722 0.026562
0 0.801620 0.495052 0.093981 0.060417
0 0.717361 0.654167 0.093056 0.033333
0 0.534491 0.183854 0.057870 0.081771
0 0.471528 0.195703 0.048611 0.058073
0 0.287500 0.190365 0.053704 0.068750
0 0.142130 0.210677 0.063889 0.027604
0 0.207870 0.210156 0.061111 0.026562
0 0.224769 0.186198 0.046759 0.016667
0 0.145370 0.180859 0.062963 0.025260
0 0.073843 0.211458 0.061574 0.026562
0 0.069907 0.182161 0.073148 0.027344
0 0.080556 0.156120 0.079630 0.019531
0 0.384722 0.490625 0.075000 0.059375
0 0.300926 0.490365 0.075000 0.058854
0 0.214352 0.493750 0.078704 0.060417
0 0.135185 0.492448 0.063889 0.055208
0 0.477778 0.491146 0.102778 0.060417
0 0.073843 0.493359 0.049537 0.037760
0 0.965972 0.080078 0.068056 0.063281
0 0.900000 0.079036 0.055556 0.066406
0 0.905093 0.025130 0.058333 0.036719
0 0.839352 0.077865 0.054630 0.064062
0 0.758102 0.070443 0.104167 0.085156
0 0.657407 0.068490 0.084259 0.082812
0 0.585648 0.074870 0.054630 0.069010
0 0.490046 0.069271 0.119907 0.085938
0 0.404861 0.070312 0.047685 0.073438
0 0.352778 0.071745 0.053704 0.073177
0 0.290741 0.080599 0.050000 0.058594
0 0.235185 0.071745 0.053704 0.070573
0 0.127315 0.070052 0.135185 0.067187
0 0.021528 0.493490 0.039352 0.043750
0 0.588426 0.494661 0.108333 0.064844
0 0.349306 0.187500 0.056944 0.074479
0 0.049074 0.601823 0.093519 0.058333
0 0.438426 0.698828 0.062037 0.023177
0 0.438657 0.676823 0.067130 0.016667
0 0.434491 0.650651 0.064352 0.026302
0 0.367593 0.681120 0.054630 0.057552
0 0.312269 0.660286 0.044907 0.040365
0 0.250000 0.683333 0.059259 0.048438
0 0.250000 0.648438 0.057407 0.015104
0 0.191204 0.682422 0.047222 0.049740
0 0.601852 0.669531 0.091667 0.031771
0 0.056250 0.688411 0.112500 0.072135
0 0.601852 0.697266 0.082407 0.020052
0 0.698148 0.493229 0.104630 0.062500
0 0.469444 0.158333 0.047222 0.011979
0 0.513194 0.669531 0.074537 0.027083
0 0.145602 0.661458 0.032870 0.040104
0 0.948843 0.643099 0.091204 0.022135
0 0.946759 0.620443 0.087037 0.020052
0 0.948148 0.597786 0.085185 0.020573
0 0.745139 0.600781 0.129167 0.045312
0 0.643519 0.600651 0.055556 0.037760
0 0.583333 0.599740 0.054630 0.045833
0 0.507870 0.596745 0.090741 0.058594
0 0.415046 0.595703 0.087500 0.048698
0 0.325926 0.594531 0.081481 0.048958
0 0.241204 0.591927 0.079630 0.046354
0 0.462731 0.139844 0.053241 0.020833
0 0.413426 0.199219 0.045370 0.050521
0 0.151389 0.592187 0.082407 0.033333
0 0.970602 0.678125 0.058796 0.035417
0 0.513657 0.699479 0.078241 0.027083
