0 0.405983 0.543990 0.015385 0.008173
0 0.757265 0.461178 0.043590 0.082933
0 0.813248 0.479207 0.052991 0.054567
0 0.332265 0.796394 0.047436 0.076442
0 0.375000 0.806971 0.029487 0.069712
0 0.412393 0.819231 0.039316 0.087500
0 0.696368 0.597716 0.037179 0.070913
0 0.925000 0.492788 0.055983 0.067308
0 0.960470 0.640865 0.079060 0.082692
0 0.706838 0.451442 0.049573 0.097115
0 0.520726 0.857212 0.041453 0.081731
0 0.463248 0.859856 0.053846 0.029808
0 0.651923 0.447236 0.050855 0.086298
0 0.481197 0.446154 0.033333 0.060096
0 0.562179 0.447837 0.033761 0.065865
0 0.522436 0.447837 0.034615 0.068269
0 0.577137 0.868029 0.039744 0.100962
0 0.441880 0.428846 0.039316 0.078365
0 0.402350 0.436538 0.026923 0.062019
0 0.374359 0.436178 0.019658 0.066587
0 0.342949 0.426803 0.030342 0.071875
0 0.309829 0.424159 0.023077 0.071394
0 0.105342 0.693870 0.027778 0.071394
0 0.550427 0.697236 0.052137 0.037260
0 0.484829 0.681010 0.049145 0.040865
0 0.429060 0.665264 0.043590 0.032933
0 0.602778 0.440745 0.044872 0.092548
0 0.187821 0.422115 0.017521 0.045673
0 0.631838 0.573197 0.026068 0.014663
0 0.665812 0.580288 0.023932 0.014423
0 0.386752 0.530168 0.019658 0.010337
0 0.360256 0.528846 0.012821 0.009615
0 0.301496 0.534976 0.069658 0.019471
0 0.625214 0.894111 0.045299 0.094471
0 0.681624 0.915264 0.054701 0.092067
0 0.390385 0.543029 0.012393 0.010096
0 0.371795 0.539904 0.011111 0.009135
0 0.358333 0.537861 0.016667 0.008413
0 0.353632 0.548317 0.017521 0.011058
0 0.370726 0.552163 0.008974 0.010577
0 0.389103 0.554207 0.014957 0.008894
0 0.405556 0.556851 0.011966 0.010817
0 0.665385 0.560937 0.020513 0.014663
0 0.491026 0.556490 0.033333 0.047115
0 0.370085 0.659255 0.040171 0.029087
0 0.530769 0.576562 0.021368 0.011779
0 0.556838 0.580649 0.022222 0.012740
0 0.575641 0.568029 0.017094 0.014904
0 0.575855 0.585096 0.012393 0.014423
0 0.670299 0.541587 0.041453 0.016827
0 0.755769 0.598918 0.057692 0.090144
0 0.811111 0.616226 0.048718 0.081490
0 0.882692 0.629808 0.060256 0.082212
0 0.602137 0.571755 0.029060 0.056490
0 0.632265 0.593389 0.020085 0.016587
0 0.661325 0.599519 0.018376 0.014423
0 0.442949 0.544231 0.034615 0.055288
0 0.327137 0.658534 0.027778 0.007933
0 0.529915 0.564303 0.023932 0.011298
0 0.281838 0.632933 0.030342 0.028365
0 0.147436 0.083774 0.064957 0.088221
0 0.147009 0.699639 0.038462 0.080529
0 0.187607 0.751803 0.038462 0.009375
0 0.362179 0.327043 0.026068 0.072356
0 0.615385 0.714784 0.053846 0.026683
0 0.316026 0.338101 0.039744 0.050240
0 0.156197 0.759495 0.018376 0.010817
0 0.188889 0.767067 0.023077 0.012500
0 0.270513 0.345192 0.041880 0.030769
0 0.221368 0.325481 0.037607 0.070673
0 0.182906 0.324399 0.030769 0.065625
0 0.286538 0.200361 0.027778 0.007452
0 0.213675 0.519591 0.082051 0.019952
0 0.570299 0.204447 0.087607 0.038221
0 0.741880 0.318029 0.051282 0.109615
0 0.691453 0.320433 0.040171 0.103846
0 0.630342 0.324519 0.045299 0.078365
0 0.582692 0.323798 0.038034 0.090865
0 0.537607 0.334255 0.039316 0.068990
0 0.946581 0.183293 0.106838 0.031010
0 0.485897 0.208774 0.068376 0.042067
0 0.420513 0.217067 0.060684 0.028846
0 0.497009 0.332813 0.033333 0.068029
0 0.445940 0.345793 0.060256 0.034375
0 0.395513 0.325721 0.036325 0.071154
0 0.346795 0.219712 0.062821 0.036538
0 0.663248 0.203005 0.088889 0.030529
0 0.226709 0.108534 0.052564 0.025240
0 0.294444 0.094712 0.064103 0.024038
0 0.360043 0.079808 0.055128 0.030288
0 0.245726 0.613341 0.022222 0.037260
0 0.214957 0.611779 0.024786 0.034135
0 0.184188 0.606971 0.027350 0.031731
0 0.276709 0.426322 0.026068 0.058413
0 0.252137 0.424760 0.017949 0.053365
0 0.215385 0.423438 0.025641 0.050240
0 0.800427 0.318149 0.061538 0.116106
0 0.864957 0.315865 0.060684 0.118750
0 0.935470 0.324399 0.058974 0.109375
0 0.157692 0.601442 0.017094 0.027885
0 0.613462 0.781851 0.024359 0.048317
0 0.867949 0.486659 0.047863 0.062260
0 0.650427 0.782692 0.033333 0.070192
0 0.702350 0.798197 0.036325 0.018510
0 0.688462 0.819471 0.034188 0.018269
0 0.769658 0.820553 0.076068 0.078125
0 0.841453 0.847236 0.043590 0.065625
0 0.888889 0.859495 0.029915 0.067548
0 0.949573 0.875000 0.061538 0.073558
0 0.284829 0.801923 0.039744 0.029327
0 0.235684 0.777644 0.061966 0.020673
0 0.274573 0.226202 0.058547 0.030288
0 0.224359 0.216587 0.026496 0.059135
0 0.165385 0.233654 0.049573 0.023558
0 0.672863 0.039183 0.117521 0.017788
0 0.535256 0.034615 0.076496 0.067308
0 0.437393 0.066587 0.060256 0.032692
0 0.330128 0.648317 0.038034 0.008654
0 0.584829 0.771034 0.018376 0.045433
