0 0.031250 0.508594 0.042708 0.094531
0 0.862240 0.730664 0.042188 0.096484
0 0.555469 0.631055 0.040104 0.072266
0 0.606771 0.628320 0.041667 0.074609
0 0.660417 0.629883 0.048958 0.080078
0 0.711458 0.627344 0.039583 0.079687
0 0.763542 0.631836 0.046875 0.070703
0 0.021875 0.732227 0.036458 0.082422
0 0.071615 0.741016 0.042188 0.075781
0 0.126562 0.729102 0.047917 0.073047
0 0.176823 0.731445 0.041146 0.076172
0 0.229427 0.731445 0.030729 0.068359
0 0.909896 0.729297 0.047917 0.104688
0 0.267708 0.739648 0.039583 0.078516
0 0.358333 0.741211 0.044792 0.075391
0 0.408594 0.738867 0.041146 0.074609
0 0.513281 0.737695 0.042188 0.080078
0 0.572656 0.740820 0.045312 0.079297
0 0.622396 0.739062 0.033333 0.077344
0 0.658333 0.741797 0.030208 0.077344
0 0.711979 0.739844 0.036458 0.081250
0 0.748437 0.741406 0.022917 0.078125
0 0.800000 0.716211 0.033333 0.047266
0 0.770833 0.731250 0.017708 0.074219
0 0.310937 0.740234 0.039583 0.077344
0 0.465625 0.740039 0.039583 0.077734
0 0.033854 0.088281 0.042708 0.139063
0 0.354687 0.619922 0.037500 0.075781
0 0.617188 0.867383 0.037500 0.068359
0 0.569010 0.848437 0.034896 0.087500
0 0.517969 0.860938 0.047396 0.110937
0 0.467708 0.879492 0.040625 0.071484
0 0.424479 0.877148 0.036458 0.070703
0 0.379167 0.879687 0.042708 0.065625
0 0.330990 0.862695 0.032813 0.099609
0 0.292448 0.863672 0.039062 0.100000
0 0.251302 0.879492 0.039062 0.066016
0 0.208073 0.876367 0.039062 0.066797
0 0.152865 0.873828 0.047396 0.074219
0 0.100781 0.879687 0.043229 0.073438
0 0.054688 0.873828 0.044792 0.074219
0 0.013802 0.870117 0.027604 0.076172
0 0.959375 0.728906 0.039583 0.103125
0 0.477865 0.502734 0.050521 0.083594
0 0.532292 0.508984 0.050000 0.089844
0 0.572917 0.517383 0.031250 0.051172
0 0.621615 0.524805 0.043229 0.050391
0 0.654948 0.868359 0.030729 0.060937
0 0.710938 0.862109 0.045833 0.111719
0 0.757031 0.858789 0.036979 0.112891
0 0.810417 0.858398 0.050000 0.116016
0 0.077604 0.506250 0.043750 0.092969
0 0.124479 0.506641 0.043750 0.089063
0 0.173177 0.506445 0.044271 0.094922
0 0.968229 0.540430 0.063542 0.102734
0 0.852865 0.525195 0.092188 0.122266
0 0.801042 0.380469 0.070833 0.090625
0 0.734115 0.381836 0.052604 0.087891
0 0.680990 0.383594 0.043229 0.084375
0 0.631771 0.378320 0.034375 0.083984
0 0.673698 0.505664 0.050521 0.083203
0 0.591927 0.381641 0.033854 0.080469
0 0.479427 0.383203 0.039062 0.079687
0 0.434375 0.384180 0.038542 0.080859
0 0.221615 0.509180 0.047396 0.087109
0 0.271615 0.508984 0.036979 0.095312
0 0.340104 0.484375 0.030208 0.066406
0 0.380208 0.522656 0.031250 0.043750
0 0.422656 0.503516 0.036979 0.092969
0 0.906510 0.883594 0.026562 0.071094
0 0.864323 0.872656 0.046354 0.087500
0 0.534375 0.381445 0.044792 0.083203
0 0.722656 0.510547 0.029687 0.075781
0 0.771094 0.507812 0.040104 0.075781
0 0.012760 0.632422 0.024479 0.078906
0 0.966667 0.881641 0.060417 0.069531
0 0.044792 0.252344 0.057292 0.088281
0 0.936198 0.151758 0.085938 0.211328
0 0.863281 0.100586 0.051562 0.084766
0 0.790625 0.099023 0.039583 0.087891
0 0.726823 0.103906 0.048438 0.085938
0 0.673958 0.101562 0.051042 0.093750
0 0.622656 0.105273 0.045312 0.088672
0 0.570312 0.104688 0.052083 0.087500
0 0.105729 0.253516 0.060417 0.088281
0 0.513542 0.106641 0.056250 0.088281
0 0.404167 0.107227 0.057292 0.082422
0 0.343750 0.108984 0.051042 0.081250
0 0.287500 0.087305 0.050000 0.126953
0 0.241406 0.085742 0.036979 0.130078
0 0.201042 0.085547 0.039583 0.139063
0 0.161979 0.084766 0.036458 0.137500
0 0.119531 0.087305 0.045312 0.137891
0 0.079427 0.087109 0.032813 0.132812
0 0.304167 0.627734 0.043750 0.086719
0 0.459115 0.107227 0.045312 0.084766
0 0.403646 0.624023 0.041667 0.080859
0 0.229948 0.245508 0.053646 0.094141
0 0.346875 0.243164 0.057292 0.101172
0 0.049219 0.628711 0.036979 0.073828
0 0.103906 0.617969 0.042188 0.087500
0 0.203385 0.626172 0.047396 0.082031
0 0.257031 0.624414 0.046354 0.082422
0 0.381250 0.387500 0.046875 0.076563
0 0.334115 0.378320 0.043229 0.089453
0 0.272396 0.377930 0.041667 0.093359
0 0.221875 0.378906 0.044792 0.091406
0 0.167448 0.410938 0.036979 0.027344
0 0.286458 0.241797 0.052083 0.101562
0 0.123958 0.380859 0.042708 0.092969
0 0.021094 0.381445 0.042188 0.091797
0 0.846094 0.218164 0.049479 0.046484
0 0.784375 0.244727 0.062500 0.090234
0 0.720313 0.241797 0.053125 0.092969
0 0.658854 0.244141 0.059375 0.093750
0 0.593750 0.240039 0.059375 0.101953
0 0.529167 0.238281 0.062500 0.103125
0 0.466667 0.248242 0.053125 0.088672
0 0.407031 0.247070 0.058854 0.093359
0 0.070312 0.379688 0.043750 0.097656
0 0.452083 0.630664 0.038542 0.075391
0 0.507031 0.646484 0.040104 0.041406
