0 0.639297 0.664522 0.040850 0.088235
0 0.365809 0.820159 0.035539 0.080882
0 0.418709 0.814338 0.030229 0.082108
0 0.454044 0.811734 0.035539 0.083640
0 0.494894 0.809743 0.037173 0.079657
0 0.532271 0.806219 0.035131 0.081801
0 0.568832 0.804688 0.031454 0.081801
0 0.603962 0.802696 0.033088 0.080270
0 0.639706 0.799326 0.035948 0.079657
0 0.340891 0.679534 0.031454 0.090686
0 0.380719 0.677237 0.036765 0.091605
0 0.418709 0.660080 0.033497 0.083640
0 0.455474 0.656556 0.035948 0.075368
0 0.494485 0.651195 0.039624 0.068321
0 0.262255 0.823223 0.045752 0.093750
0 0.552696 0.667433 0.038399 0.087929
0 0.362337 0.562960 0.043301 0.094669
0 0.405637 0.558517 0.040850 0.102328
0 0.445670 0.556219 0.030229 0.100797
0 0.483456 0.556526 0.037173 0.102022
0 0.520221 0.555607 0.033905 0.099571
0 0.555760 0.558977 0.033088 0.094669
0 0.590278 0.556526 0.034314 0.094669
0 0.630719 0.556526 0.043301 0.093444
0 0.333538 0.436275 0.024101 0.091912
0 0.364583 0.435662 0.033088 0.088235
0 0.399714 0.425398 0.032271 0.076287
0 0.495915 0.438879 0.050654 0.054228
0 0.544730 0.438113 0.045343 0.052083
0 0.595180 0.664675 0.035131 0.088542
0 0.596201 0.438113 0.042892 0.052696
0 0.210989 0.827359 0.051062 0.095282
0 0.111315 0.835325 0.042892 0.098346
0 0.039828 0.160080 0.051062 0.095282
0 0.097631 0.159926 0.061275 0.094975
0 0.160539 0.159773 0.049837 0.101409
0 0.214257 0.160539 0.049428 0.102328
0 0.055760 0.294730 0.042892 0.097426
0 0.108252 0.294730 0.051471 0.097426
0 0.166258 0.294730 0.053105 0.097426
0 0.220588 0.295496 0.050654 0.093444
0 0.014706 0.454504 0.029412 0.046875
0 0.046569 0.458333 0.033497 0.054534
0 0.077614 0.456648 0.029412 0.055453
0 0.118668 0.433670 0.043709 0.114277
0 0.173815 0.441176 0.051062 0.088848
0 0.160131 0.831495 0.043301 0.097426
0 0.224673 0.436275 0.041667 0.091912
0 0.066993 0.572917 0.036765 0.109681
0 0.111111 0.563725 0.042484 0.121936
0 0.154820 0.563879 0.038399 0.121630
0 0.199142 0.561734 0.044526 0.116115
0 0.248775 0.565717 0.049837 0.100797
0 0.018791 0.698529 0.037582 0.107230
0 0.062296 0.693168 0.048611 0.103248
0 0.111111 0.690717 0.045752 0.100184
0 0.159926 0.686428 0.046977 0.102022
0 0.208742 0.683364 0.040850 0.098346
0 0.254902 0.681985 0.047386 0.101716
0 0.018995 0.835172 0.037990 0.117647
0 0.061275 0.836857 0.040033 0.099571
0 0.025327 0.575980 0.042484 0.101716
0 0.635417 0.433517 0.033088 0.087010
0 0.442402 0.437806 0.049020 0.052696
0 0.369690 0.302849 0.040850 0.111826
0 0.332721 0.309743 0.032271 0.099877
0 0.862745 0.408395 0.031046 0.038603
0 0.898693 0.410999 0.026144 0.043199
0 0.927288 0.409620 0.026144 0.040441
0 0.957312 0.406710 0.026552 0.043199
0 0.763276 0.494638 0.023284 0.065257
0 0.792688 0.492647 0.030637 0.067402
0 0.824142 0.491728 0.031454 0.065564
0 0.854984 0.490962 0.026961 0.068321
0 0.886234 0.489890 0.027369 0.068627
0 0.921160 0.488051 0.036765 0.069853
0 0.981413 0.492953 0.029003 0.059436
0 0.779820 0.587929 0.031046 0.065564
0 0.812704 0.587163 0.033905 0.064032
0 0.980392 0.335631 0.021242 0.070159
0 0.868056 0.583946 0.030229 0.066176
0 0.934641 0.581648 0.023693 0.065870
0 0.991217 0.578431 0.017565 0.061887
0 0.756536 0.677543 0.024510 0.069547
0 0.784722 0.682138 0.029412 0.057904
0 0.820466 0.680607 0.035539 0.056679
0 0.864583 0.678309 0.040441 0.055147
0 0.896242 0.677390 0.021242 0.058824
0 0.925858 0.672794 0.032271 0.064338
0 0.954657 0.671109 0.024510 0.062806
0 0.983864 0.667739 0.031454 0.063419
0 0.766748 0.777420 0.047386 0.091605
0 0.815359 0.782322 0.042484 0.078125
0 0.857026 0.776654 0.034314 0.079657
0 0.925654 0.788143 0.066993 0.042586
0 0.902778 0.582874 0.034314 0.068321
0 0.957312 0.337469 0.020833 0.069547
0 0.810866 0.414522 0.061275 0.033088
0 0.909314 0.337163 0.022059 0.070159
0 0.411356 0.314798 0.038399 0.084865
0 0.460580 0.317708 0.037173 0.087623
0 0.506536 0.315564 0.043301 0.087623
0 0.553105 0.307292 0.039216 0.105392
0 0.595997 0.305300 0.040033 0.105699
0 0.645221 0.305760 0.049428 0.104779
0 0.401144 0.165594 0.037582 0.102022
0 0.442198 0.165901 0.031454 0.102635
0 0.932190 0.338082 0.022059 0.068934
0 0.522467 0.171109 0.038399 0.096507
0 0.562092 0.172181 0.037582 0.094363
0 0.603554 0.173254 0.037990 0.094056
0 0.645016 0.174939 0.040850 0.095588
0 0.482026 0.180453 0.036765 0.074142
0 0.786969 0.185815 0.028186 0.080576
0 0.886642 0.337316 0.019199 0.071691
0 0.866422 0.333946 0.015523 0.074142
0 0.847222 0.336857 0.017157 0.066483
0 0.778595 0.286458 0.028595 0.091912
0 0.988971 0.197917 0.021242 0.066176
0 0.816381 0.285846 0.044526 0.091299
0 0.924837 0.188419 0.030229 0.079657
0 0.890727 0.187347 0.030637 0.083027
0 0.857230 0.187653 0.031454 0.084252
0 0.821895 0.185662 0.035131 0.082108
0 0.959559 0.188419 0.034314 0.083333
