0 0.783905 0.538143 0.029412 0.060968
0 0.820466 0.541360 0.038807 0.055760
0 0.752859 0.536612 0.027778 0.057904
0 0.719975 0.531863 0.037990 0.063725
0 0.146242 0.205882 0.087418 0.032475
0 0.142770 0.168199 0.088644 0.037990
0 0.859477 0.540594 0.031863 0.057292
0 0.900531 0.540748 0.033905 0.060662
0 0.939542 0.543199 0.031863 0.056373
0 0.963848 0.634804 0.036356 0.079657
0 0.927696 0.636489 0.031863 0.076900
0 0.892770 0.633425 0.030637 0.092218
0 0.857843 0.630821 0.032680 0.087010
0 0.620507 0.534926 0.035948 0.054534
0 0.579453 0.528493 0.038807 0.069240
0 0.444036 0.529565 0.049020 0.076900
0 0.512255 0.509191 0.032680 0.060662
0 0.313317 0.358456 0.049020 0.140319
0 0.363358 0.425092 0.036356 0.076287
0 0.233864 0.460172 0.042075 0.052696
0 0.184845 0.451440 0.052696 0.050551
0 0.134191 0.439185 0.039624 0.053002
0 0.719771 0.038450 0.030229 0.046875
0 0.688113 0.038603 0.030637 0.047181
0 0.642157 0.037071 0.057190 0.073529
0 0.583333 0.043658 0.046569 0.057292
0 0.532680 0.037531 0.047386 0.072610
0 0.478758 0.037837 0.053922 0.069547
0 0.424632 0.038297 0.050245 0.074142
0 0.371732 0.037990 0.047386 0.074755
0 0.309232 0.063572 0.056373 0.021752
0 0.237541 0.045650 0.069853 0.064338
0 0.172794 0.049020 0.056373 0.055760
0 0.113154 0.060355 0.041667 0.039216
0 0.044730 0.040135 0.089461 0.080270
0 0.290645 0.582414 0.015114 0.134804
0 0.057802 0.516238 0.087827 0.071691
0 0.146855 0.521446 0.084559 0.069853
0 0.062908 0.583180 0.085784 0.057904
0 0.150531 0.584252 0.084559 0.050858
0 0.389297 0.522059 0.047386 0.068015
0 0.824551 0.629749 0.026552 0.087929
0 0.543301 0.521906 0.030229 0.067708
0 0.792075 0.629136 0.030229 0.086703
0 0.377451 0.622243 0.048203 0.082108
0 0.703227 0.626685 0.052696 0.087929
0 0.899918 0.840380 0.061275 0.093137
0 0.833946 0.844210 0.065768 0.095282
0 0.768587 0.838848 0.059232 0.087623
0 0.705678 0.837163 0.061683 0.086703
0 0.643587 0.834712 0.054330 0.081801
0 0.582312 0.835478 0.064134 0.089461
0 0.518995 0.833180 0.058415 0.087929
0 0.450163 0.835938 0.068627 0.087316
0 0.972835 0.841299 0.054330 0.074142
0 0.378268 0.834559 0.069444 0.087623
0 0.238358 0.804688 0.059232 0.060968
0 0.241422 0.863358 0.053105 0.052083
0 0.178717 0.802083 0.055964 0.068015
0 0.184028 0.863511 0.046977 0.049326
0 0.130310 0.847120 0.035948 0.064951
0 0.083129 0.849571 0.053513 0.063725
0 0.022876 0.801777 0.045752 0.061275
0 0.026552 0.859528 0.053105 0.053615
0 0.304126 0.835784 0.065768 0.087010
0 0.959763 0.739124 0.080474 0.050551
0 0.887051 0.753370 0.055147 0.058211
0 0.831087 0.747396 0.051879 0.060968
0 0.648897 0.626838 0.052696 0.088235
0 0.597426 0.633119 0.046160 0.070159
0 0.545343 0.633578 0.050654 0.065564
0 0.480188 0.632659 0.048611 0.066789
0 0.429534 0.632812 0.047794 0.067096
0 0.408905 0.424786 0.046569 0.078738
0 0.070261 0.716146 0.084150 0.070772
0 0.160948 0.715533 0.080882 0.066483
0 0.247958 0.714614 0.078431 0.067708
0 0.204044 0.639859 0.074755 0.029718
0 0.320057 0.740502 0.045343 0.068627
0 0.367647 0.738817 0.044935 0.067708
0 0.432190 0.738971 0.049020 0.065564
0 0.494894 0.744945 0.046160 0.059130
0 0.574346 0.737132 0.040033 0.064338
0 0.615400 0.741881 0.037990 0.065257
0 0.654412 0.742034 0.035948 0.062500
0 0.693423 0.742188 0.041258 0.068934
0 0.743873 0.750306 0.045752 0.054534
0 0.757353 0.628523 0.032680 0.085478
0 0.469771 0.423560 0.048203 0.076287
0 0.668709 0.523897 0.048203 0.083946
0 0.520016 0.421262 0.035948 0.074755
0 0.952206 0.024510 0.061275 0.039828
0 0.885825 0.022059 0.069036 0.037990
0 0.811070 0.054994 0.072304 0.034620
0 0.811683 0.019148 0.075163 0.037071
0 0.748162 0.038603 0.022467 0.025735
0 0.061070 0.173254 0.065768 0.042586
0 0.065359 0.211550 0.074346 0.031556
0 0.040645 0.354626 0.081291 0.061581
0 0.949959 0.062500 0.064951 0.028799
0 0.131944 0.354320 0.095588 0.060968
0 0.624183 0.299173 0.035131 0.086091
0 0.662990 0.300092 0.036765 0.087929
0 0.700163 0.299173 0.039216 0.086091
0 0.741013 0.299479 0.040033 0.089767
0 0.803309 0.292739 0.076389 0.100797
0 0.867239 0.309130 0.047386 0.066789
0 0.926062 0.293811 0.065359 0.096814
0 0.982026 0.293199 0.035948 0.101716
0 0.223856 0.354167 0.086601 0.060662
0 0.930147 0.410386 0.057190 0.103860
0 0.883170 0.058977 0.067810 0.030331
0 0.949755 0.189951 0.040033 0.069853
0 0.239175 0.202512 0.096814 0.046569
0 0.246936 0.155637 0.080474 0.031250
0 0.247345 0.120711 0.081291 0.033701
0 0.407067 0.185355 0.063317 0.018382
0 0.407884 0.162224 0.056781 0.022978
0 0.335376 0.214461 0.075980 0.028186
0 0.329044 0.187806 0.075572 0.023284
0 0.328023 0.125919 0.073529 0.041054
0 0.986928 0.191023 0.026144 0.065870
0 0.411969 0.128217 0.069036 0.033395
0 0.618668 0.210325 0.113154 0.046875
0 0.625204 0.138174 0.105801 0.092525
0 0.720792 0.120864 0.072304 0.051777
0 0.741217 0.187347 0.096814 0.076287
0 0.812500 0.192402 0.042484 0.062500
0 0.858252 0.194853 0.037582 0.064338
0 0.824551 0.124081 0.051062 0.067402
0 0.902574 0.190257 0.037990 0.070466
0 0.480801 0.193015 0.085784 0.066789
0 0.870507 0.416054 0.038399 0.099877
0 0.324551 0.160846 0.070670 0.029412
0 0.814951 0.423407 0.063725 0.087623
0 0.748570 0.422335 0.063317 0.085478
0 0.571078 0.420650 0.053922 0.073529
