0 0.190311 0.784722 0.014881 0.059524
0 0.212632 0.784350 0.007937 0.058780
0 0.386409 0.782862 0.006944 0.059276
0 0.151620 0.786954 0.010913 0.058532
0 0.136243 0.788318 0.014550 0.057292
0 0.169808 0.786458 0.012897 0.053571
0 0.224868 0.783234 0.011243 0.062500
0 0.343419 0.802827 0.015542 0.066964
0 0.259755 0.788070 0.007606 0.059276
0 0.268849 0.786954 0.008598 0.061012
0 0.282077 0.783854 0.009259 0.061260
0 0.310185 0.801463 0.009921 0.067212
0 0.324405 0.801463 0.007937 0.061756
0 0.119378 0.788442 0.010582 0.058532
0 0.368552 0.782242 0.010251 0.058036
0 0.250000 0.789311 0.009921 0.059276
0 0.094411 0.787078 0.012235 0.054812
0 0.257440 0.670139 0.007606 0.059524
0 0.061839 0.792907 0.011905 0.060020
0 0.537202 0.676835 0.007606 0.060020
0 0.741237 0.674479 0.006944 0.061756
0 0.527612 0.678075 0.006944 0.058532
0 0.519345 0.677951 0.007606 0.059276
0 0.510747 0.676835 0.007606 0.058532
0 0.502480 0.676091 0.006944 0.058532
0 0.491733 0.678199 0.011243 0.059772
0 0.275132 0.671503 0.008598 0.059276
0 0.265873 0.669395 0.007275 0.058036
0 0.248677 0.670511 0.007275 0.059772
0 0.239914 0.670883 0.006944 0.058036
0 0.231316 0.670387 0.006944 0.060020
0 0.012566 0.804936 0.007937 0.074157
0 0.028108 0.801215 0.017196 0.075149
0 0.119874 0.838294 0.080357 0.011905
0 0.080522 0.788814 0.010251 0.054812
0 0.377976 0.788814 0.007275 0.048363
0 0.629299 0.622892 0.083333 0.012153
0 0.447586 0.774926 0.008929 0.059772
0 0.673115 0.771329 0.007606 0.055556
0 0.664187 0.770957 0.008267 0.058284
0 0.425761 0.814484 0.064484 0.006448
0 0.419147 0.826513 0.072421 0.007688
0 0.593585 0.783110 0.008598 0.056300
0 0.582672 0.784598 0.008598 0.059276
0 0.573247 0.785342 0.006944 0.057788
0 0.563161 0.783854 0.007937 0.057292
0 0.614749 0.781498 0.007937 0.059524
0 0.625000 0.783730 0.007275 0.058532
0 0.632440 0.785342 0.006944 0.057788
0 0.642030 0.785466 0.006944 0.058036
0 0.651290 0.787202 0.008929 0.058036
0 0.690642 0.678819 0.008929 0.063988
0 0.750000 0.676339 0.007275 0.062500
0 0.681052 0.771949 0.006944 0.053819
0 0.690972 0.771205 0.007606 0.055308
0 0.710979 0.791295 0.011243 0.056796
0 0.727183 0.797247 0.009259 0.058780
0 0.458333 0.776414 0.009259 0.059276
0 0.471726 0.775422 0.010251 0.058780
0 0.415509 0.775174 0.009590 0.060268
0 0.404431 0.772321 0.008598 0.061012
0 0.488922 0.798239 0.010251 0.057788
0 0.502646 0.796503 0.011905 0.055308
0 0.518519 0.796999 0.009259 0.055308
0 0.436839 0.773934 0.009259 0.060764
0 0.533896 0.800347 0.014220 0.060516
0 0.849537 0.803075 0.008598 0.057540
0 0.835483 0.802083 0.010913 0.055556
0 0.817791 0.800967 0.013889 0.056796
0 0.785714 0.797619 0.012566 0.056548
0 0.770337 0.796999 0.009590 0.055308
0 0.753142 0.796131 0.009590 0.060020
0 0.740245 0.794767 0.012897 0.058780
0 0.866071 0.805060 0.011905 0.060020
0 0.758433 0.675967 0.006944 0.061756
0 0.567791 0.676463 0.008598 0.059276
0 0.775794 0.675843 0.007275 0.058036
0 0.191138 0.471478 0.009921 0.060516
0 0.203538 0.482639 0.006944 0.062004
0 0.213624 0.482763 0.011243 0.063740
0 0.237930 0.476562 0.015542 0.066220
0 0.262566 0.475198 0.009259 0.062500
0 0.274471 0.476190 0.011243 0.062004
0 0.293816 0.480159 0.006944 0.062500
0 0.304894 0.480407 0.011905 0.061012
0 0.326554 0.480159 0.012235 0.062500
0 0.350198 0.481399 0.007937 0.062996
0 0.361276 0.480407 0.009590 0.063988
0 0.381283 0.481647 0.008598 0.060020
0 0.391700 0.482267 0.008929 0.061260
0 0.354332 0.575025 0.007606 0.059772
0 0.602348 0.673363 0.013558 0.062996
0 0.586971 0.673611 0.008598 0.063492
0 0.555886 0.673983 0.008598 0.060268
0 0.365079 0.573785 0.011905 0.062252
0 0.388393 0.576637 0.006944 0.059524
0 0.401455 0.577009 0.011243 0.062252
0 0.429398 0.580853 0.006944 0.058532
0 0.177579 0.471850 0.011243 0.059772
0 0.441634 0.578621 0.010251 0.062004
0 0.327712 0.573413 0.014550 0.059524
0 0.270668 0.576265 0.016865 0.063740
0 0.196429 0.676587 0.014550 0.062996
0 0.163360 0.667535 0.017196 0.061756
0 0.136574 0.669519 0.010582 0.061756
0 0.118056 0.687872 0.011243 0.052331
0 0.106151 0.687748 0.007937 0.053571
0 0.092758 0.688988 0.013558 0.052083
0 0.879299 0.588914 0.012566 0.061756
0 0.109458 0.470362 0.012566 0.063244
0 0.124504 0.470238 0.012235 0.062996
0 0.143519 0.477679 0.010582 0.064980
0 0.156415 0.476935 0.011905 0.064484
0 0.005126 0.576141 0.010251 0.062004
0 0.020668 0.575645 0.015542 0.064980
0 0.044147 0.573165 0.010913 0.062500
0 0.059358 0.568948 0.015542 0.065476
0 0.087136 0.575893 0.014881 0.064484
0 0.114583 0.566964 0.010913 0.064484
0 0.144345 0.570561 0.013558 0.063740
0 0.174272 0.574405 0.017196 0.064980
0 0.206680 0.573909 0.017857 0.064980
0 0.234623 0.572669 0.013558 0.064484
0 0.297784 0.568452 0.014881 0.062500
0 0.462136 0.579241 0.016865 0.061756
0 0.496197 0.580853 0.016204 0.063988
0 0.883763 0.488715 0.012897 0.064732
0 0.534888 0.582837 0.007606 0.062500
0 0.525959 0.582837 0.006944 0.060020
0 0.516204 0.583085 0.008598 0.062996
0 0.559358 0.582837 0.008929 0.060020
0 0.572255 0.584449 0.008929 0.059276
0 0.591766 0.578745 0.013558 0.061756
0 0.616402 0.580729 0.007275 0.061260
0 0.628307 0.580481 0.009259 0.061756
0 0.653439 0.582093 0.007937 0.057540
0 0.026124 0.673363 0.009259 0.062996
0 0.676753 0.583333 0.006944 0.066468
0 0.685847 0.583209 0.007937 0.063244
0 0.694940 0.582217 0.006944 0.062748
0 0.713459 0.590898 0.011574 0.060268
0 0.725860 0.589658 0.010582 0.056796
0 0.743552 0.581101 0.007606 0.062004
0 0.755787 0.581473 0.010251 0.059772
0 0.777943 0.581473 0.007606 0.062748
0 0.791501 0.581473 0.012897 0.059772
0 0.817295 0.584077 0.012897 0.061508
0 0.845899 0.589906 0.014550 0.058780
0 0.425926 0.477803 0.008598 0.063740
0 0.413194 0.481027 0.008929 0.062252
0 0.445106 0.480159 0.008598 0.060516
0 0.453538 0.481275 0.006944 0.064732
0 0.854663 0.489831 0.010251 0.060516
0 0.823909 0.488839 0.013558 0.058532
0 0.795139 0.485739 0.011574 0.061756
0 0.780919 0.482763 0.013558 0.063740
0 0.761409 0.483879 0.012897 0.061508
0 0.746528 0.482515 0.013558 0.060764
0 0.718254 0.482887 0.008598 0.062500
0 0.706515 0.481895 0.010913 0.062004
0 0.677745 0.484127 0.008929 0.061012
0 0.688988 0.483259 0.010251 0.060268
0 0.218254 0.676215 0.010582 0.063740
0 0.640873 0.478671 0.008598 0.062004
0 0.616071 0.482887 0.010582 0.063492
0 0.604828 0.482763 0.009921 0.065724
0 0.572090 0.482639 0.008598 0.065476
0 0.584160 0.484995 0.011574 0.052827
0 0.548611 0.482639 0.013228 0.065476
0 0.523313 0.479539 0.010251 0.063740
0 0.512070 0.480655 0.008929 0.064484
0 0.494378 0.483259 0.007937 0.060268
0 0.482639 0.482019 0.010251 0.061756
0 0.462798 0.481771 0.007606 0.063740
0 0.651786 0.480035 0.009259 0.063244
0 0.288360 0.677579 0.009259 0.061012
0 0.082837 0.479043 0.019511 0.061260
0 0.344742 0.675471 0.009590 0.058780
0 0.624173 0.289559 0.012897 0.065228
0 0.051091 0.374876 0.020172 0.059276
0 0.078538 0.376612 0.014881 0.062748
0 0.107308 0.367312 0.016865 0.068452
0 0.127149 0.372396 0.008929 0.064236
0 0.139716 0.370784 0.012897 0.067956
0 0.163360 0.372396 0.008598 0.064236
0 0.175595 0.370164 0.011243 0.066220
0 0.195106 0.379216 0.011905 0.067956
0 0.222884 0.375000 0.011243 0.062996
0 0.235780 0.378348 0.011243 0.063244
0 0.260582 0.367436 0.009259 0.063740
0 0.598876 0.292783 0.015212 0.066220
0 0.272321 0.365451 0.011574 0.065724
0 0.325562 0.375372 0.018849 0.062252
0 0.355655 0.378224 0.014220 0.062996
0 0.385582 0.374504 0.008598 0.062500
0 0.396991 0.375372 0.008929 0.062252
0 0.416501 0.381076 0.006944 0.062252
0 0.425595 0.379588 0.007937 0.063244
0 0.446759 0.377852 0.007275 0.062252
0 0.457341 0.376984 0.007937 0.064484
0 0.475694 0.379464 0.009590 0.062996
0 0.486607 0.378224 0.009590 0.062996
0 0.510251 0.375992 0.013889 0.064980
0 0.540013 0.380456 0.009259 0.064980
0 0.296296 0.375992 0.011905 0.067956
0 0.567295 0.379960 0.016204 0.066468
0 0.567460 0.291543 0.012566 0.063740
0 0.515377 0.288566 0.015542 0.064236
0 0.785218 0.675719 0.008929 0.054812
0 0.806217 0.676587 0.007937 0.059524
0 0.729167 0.671999 0.008598 0.060268
0 0.718915 0.670759 0.008598 0.060268
0 0.709160 0.671131 0.007606 0.061012
0 0.005787 0.270957 0.006944 0.061260
0 0.015708 0.271949 0.009590 0.066716
0 0.004299 0.373760 0.008598 0.066964
0 0.016204 0.372148 0.010582 0.065228
0 0.043155 0.283482 0.012897 0.060516
0 0.072255 0.283978 0.015542 0.064484
0 0.100529 0.276414 0.015873 0.065724
0 0.544643 0.292411 0.018519 0.060516
0 0.136574 0.277034 0.010582 0.065476
0 0.193783 0.284102 0.013228 0.067212
0 0.230655 0.279390 0.014220 0.065228
0 0.258598 0.282738 0.018519 0.060516
0 0.285714 0.280630 0.007937 0.064732
0 0.298115 0.280630 0.011574 0.064732
0 0.322090 0.284226 0.011905 0.068452
0 0.351852 0.281002 0.011243 0.066964
0 0.387731 0.286210 0.018188 0.062500
0 0.412037 0.285838 0.011243 0.063740
0 0.425099 0.285714 0.010251 0.064980
0 0.456349 0.287078 0.013889 0.061260
0 0.486772 0.287078 0.014550 0.067708
0 0.171627 0.285714 0.011905 0.058532
0 0.317956 0.672123 0.008267 0.060516
0 0.598049 0.380828 0.013558 0.064236
0 0.787202 0.294395 0.012897 0.065972
0 0.767196 0.674603 0.007275 0.059028
0 0.886078 0.297371 0.012897 0.062500
0 0.899967 0.296379 0.010913 0.060516
0 0.755952 0.382688 0.015212 0.066964
0 0.783565 0.387897 0.018849 0.065972
0 0.823247 0.389013 0.024802 0.063740
0 0.855985 0.382812 0.012897 0.072173
0 0.888062 0.385417 0.012897 0.064484
0 0.015377 0.479663 0.013558 0.062500
0 0.030919 0.477059 0.014220 0.065228
0 0.056217 0.480407 0.013228 0.063988
0 0.678571 0.676835 0.010582 0.062500
0 0.663690 0.679439 0.007275 0.062252
0 0.653770 0.679563 0.008598 0.060020
0 0.630952 0.676339 0.014550 0.056052
0 0.614253 0.675595 0.011574 0.058532
0 0.830853 0.681424 0.010251 0.059772
0 0.862269 0.678199 0.012897 0.062748
0 0.477183 0.678199 0.007937 0.059772
0 0.467097 0.677951 0.009590 0.056796
0 0.457837 0.678943 0.008267 0.061260
0 0.434358 0.672247 0.012897 0.058780
0 0.399967 0.671751 0.012897 0.059772
0 0.364253 0.674231 0.010251 0.061260
0 0.354332 0.679439 0.007606 0.052331
0 0.845073 0.298983 0.012897 0.065724
0 0.815311 0.295387 0.013558 0.063988
0 0.663690 0.580605 0.007937 0.059524
0 0.664517 0.381324 0.009590 0.065724
0 0.729497 0.294767 0.013889 0.065228
0 0.698743 0.295387 0.007937 0.061508
0 0.690146 0.295511 0.007937 0.063740
0 0.661541 0.289187 0.008929 0.064484
0 0.650463 0.288938 0.010582 0.063988
0 0.724702 0.385293 0.014220 0.064732
0 0.697255 0.383805 0.009590 0.061260
0 0.686673 0.382688 0.009590 0.060516
0 0.652116 0.381944 0.009921 0.064484
0 0.623677 0.378100 0.017196 0.065724
0 0.757937 0.292535 0.014550 0.066716
