0 0.571875 0.350781 0.046875 0.084375
0 0.257292 0.212305 0.048958 0.087109
0 0.205990 0.213086 0.046354 0.088672
0 0.148438 0.215430 0.052083 0.087109
0 0.098177 0.215234 0.043229 0.084375
0 0.045052 0.213672 0.046354 0.083594
0 0.360938 0.830078 0.042708 0.069531
0 0.124479 0.350781 0.043750 0.089844
0 0.503646 0.349023 0.047917 0.089453
0 0.225260 0.351367 0.048438 0.085547
0 0.276562 0.350977 0.046875 0.084766
0 0.335417 0.352734 0.056250 0.088281
0 0.453646 0.350000 0.047917 0.082812
0 0.622917 0.348047 0.048958 0.084375
0 0.073698 0.349023 0.047396 0.089453
0 0.399740 0.352344 0.048438 0.089844
0 0.171354 0.350000 0.050000 0.079687
0 0.677083 0.349805 0.048958 0.084766
0 0.858073 0.691797 0.069271 0.085156
0 0.449740 0.832617 0.040104 0.074609
0 0.497135 0.833398 0.038021 0.073047
0 0.539583 0.835547 0.038542 0.075000
0 0.580469 0.836914 0.040104 0.074609
0 0.625781 0.839648 0.046354 0.076953
0 0.699219 0.841211 0.036979 0.076953
0 0.769010 0.842969 0.055729 0.068750
0 0.819792 0.836914 0.041667 0.113672
0 0.934375 0.699609 0.061458 0.079687
0 0.860156 0.836133 0.038021 0.112109
0 0.951562 0.838477 0.043750 0.116797
0 0.982812 0.962305 0.034375 0.072266
0 0.942187 0.959570 0.040625 0.075391
0 0.871354 0.957227 0.032292 0.073828
0 0.826562 0.960156 0.046875 0.079687
0 0.693750 0.969727 0.058333 0.051172
0 0.755208 0.975781 0.056250 0.047656
0 0.628125 0.957812 0.047917 0.084375
0 0.571615 0.955664 0.054688 0.088672
0 0.905208 0.839844 0.046875 0.119531
0 0.515625 0.954883 0.051042 0.090234
0 0.789844 0.736523 0.038021 0.072266
0 0.688021 0.729492 0.046875 0.082422
0 0.309635 0.828320 0.049479 0.066016
0 0.262760 0.827930 0.043229 0.068359
0 0.215885 0.827148 0.042188 0.066797
0 0.125260 0.825195 0.042188 0.072266
0 0.076563 0.818750 0.036458 0.074219
0 0.036198 0.821289 0.040104 0.069922
0 0.018229 0.715820 0.036458 0.066797
0 0.061198 0.721289 0.042188 0.062891
0 0.107552 0.715625 0.042188 0.078906
0 0.736458 0.740039 0.039583 0.061328
0 0.152083 0.715039 0.042708 0.077734
0 0.251302 0.716797 0.041146 0.078125
0 0.293490 0.717773 0.036979 0.080078
0 0.336979 0.717969 0.035417 0.083594
0 0.380990 0.722266 0.051562 0.079687
0 0.436458 0.719336 0.045833 0.080078
0 0.487240 0.724609 0.046354 0.082031
0 0.540104 0.724219 0.043750 0.083594
0 0.586458 0.727930 0.044792 0.079297
0 0.635677 0.725000 0.046354 0.079687
0 0.202604 0.717187 0.047917 0.082031
0 0.311458 0.210938 0.048958 0.090625
0 0.462760 0.953320 0.046354 0.093359
0 0.363542 0.950977 0.044792 0.098047
0 0.119271 0.476758 0.045833 0.083203
0 0.173437 0.476562 0.050000 0.082812
0 0.228385 0.478711 0.047396 0.083984
0 0.277865 0.480859 0.045312 0.082031
0 0.330469 0.482031 0.050521 0.078906
0 0.382552 0.482031 0.046354 0.081250
0 0.429948 0.477734 0.048438 0.088281
0 0.481250 0.479883 0.046875 0.083203
0 0.535677 0.482422 0.047396 0.085156
0 0.070052 0.479297 0.043229 0.075781
0 0.584375 0.482227 0.043750 0.084766
0 0.686979 0.483008 0.044792 0.080859
0 0.741927 0.483984 0.053646 0.082812
0 0.869531 0.567383 0.076563 0.056641
0 0.956510 0.562500 0.077604 0.058594
0 0.798438 0.491992 0.047917 0.070703
0 0.880729 0.367773 0.047917 0.062891
0 0.886719 0.295117 0.046354 0.080859
0 0.797135 0.366992 0.072396 0.050391
0 0.731250 0.348438 0.048958 0.085156
0 0.637760 0.484180 0.046354 0.080078
0 0.411458 0.950977 0.043750 0.094922
0 0.022917 0.477734 0.041667 0.085156
0 0.069271 0.601172 0.041667 0.075781
0 0.316406 0.950391 0.042188 0.099219
0 0.270052 0.950391 0.042188 0.099219
0 0.224219 0.947852 0.034896 0.103516
0 0.132292 0.944922 0.043750 0.107031
0 0.082812 0.948047 0.040625 0.103906
0 0.040365 0.945508 0.040104 0.105078
0 0.790625 0.612109 0.059375 0.082812
0 0.728125 0.610742 0.058333 0.080078
0 0.670312 0.614453 0.043750 0.069531
0 0.021354 0.600000 0.042708 0.076563
0 0.621875 0.611133 0.046875 0.071484
0 0.513281 0.610938 0.046354 0.071094
0 0.460417 0.608203 0.045833 0.068750
0 0.410938 0.611523 0.046875 0.066797
0 0.364323 0.610156 0.042188 0.069531
0 0.315104 0.610938 0.043750 0.065625
0 0.258333 0.602148 0.042708 0.080859
0 0.209115 0.602344 0.041146 0.081250
0 0.162500 0.603516 0.043750 0.083594
0 0.117708 0.606445 0.042708 0.065234
0 0.571615 0.613477 0.043229 0.067578
0 0.366927 0.212305 0.051562 0.090234
0 0.024219 0.349023 0.044271 0.083203
0 0.473177 0.210547 0.046354 0.089844
0 0.422396 0.210352 0.045833 0.089453
0 0.033073 0.069531 0.046354 0.093750
0 0.084115 0.068945 0.051562 0.089453
0 0.136198 0.067969 0.047396 0.090625
0 0.185156 0.068555 0.045312 0.088672
0 0.238021 0.059961 0.054167 0.101953
0 0.295312 0.063672 0.044792 0.096875
0 0.350781 0.064258 0.047396 0.092578
0 0.409896 0.062695 0.053125 0.092578
0 0.467448 0.059375 0.051562 0.097656
0 0.523177 0.058789 0.054688 0.099609
0 0.405208 0.833789 0.039583 0.071484
0 0.634115 0.056055 0.051562 0.100391
0 0.578385 0.056836 0.048438 0.098828
0 0.635938 0.205859 0.055208 0.092188
0 0.747917 0.206250 0.054167 0.092969
0 0.798958 0.200977 0.043750 0.094922
0 0.580208 0.207617 0.047917 0.090234
0 0.814323 0.051758 0.054688 0.094141
0 0.755990 0.053906 0.057813 0.096094
0 0.689583 0.052148 0.054167 0.101172
0 0.527344 0.209570 0.050521 0.091016
0 0.904167 0.173242 0.048958 0.153516
