0 0.426119 0.460286 0.103009 0.014757
0 0.560378 0.631293 0.038966 0.044271
0 0.600887 0.625434 0.034336 0.046441
0 0.635031 0.629340 0.026235 0.052517
0 0.663580 0.628255 0.023920 0.050347
0 0.688465 0.625543 0.025849 0.056641
0 0.717014 0.625326 0.024306 0.056207
0 0.745563 0.624240 0.026620 0.059245
0 0.860918 0.651259 0.017361 0.045139
0 0.880980 0.650933 0.020448 0.045356
0 0.516397 0.624240 0.049769 0.058377
0 0.884066 0.620443 0.049769 0.010851
0 0.728202 0.469727 0.083719 0.013672
0 0.730903 0.453016 0.089892 0.018880
0 0.732060 0.433594 0.086806 0.018229
0 0.633295 0.441298 0.103009 0.014106
0 0.631173 0.456055 0.098765 0.014106
0 0.629630 0.470161 0.099537 0.011502
0 0.528549 0.470920 0.097994 0.011285
0 0.424576 0.444227 0.099151 0.015625
0 0.446566 0.205404 0.018904 0.076172
0 0.957369 0.650174 0.050540 0.046007
0 0.467207 0.622287 0.046296 0.062283
0 0.391975 0.649740 0.098765 0.009983
0 0.323110 0.630642 0.032022 0.050347
0 0.137731 0.299696 0.116512 0.014323
0 0.135417 0.283095 0.117284 0.017144
0 0.030285 0.393012 0.059028 0.032986
0 0.031250 0.366862 0.057870 0.016710
0 0.722029 0.530707 0.015818 0.053602
0 0.743248 0.531033 0.019676 0.057292
0 0.761767 0.523220 0.014275 0.049045
0 0.882330 0.517795 0.029321 0.030816
0 0.652199 0.207899 0.033565 0.068576
0 0.614198 0.204427 0.034722 0.070747
0 0.563657 0.203125 0.044753 0.073351
0 0.528164 0.202908 0.024691 0.075087
0 0.501736 0.203668 0.019676 0.078342
0 0.475694 0.204536 0.026235 0.075738
0 0.670718 0.728516 0.031250 0.051215
0 0.707176 0.727539 0.035494 0.052300
0 0.901042 0.729058 0.043596 0.038411
0 0.934606 0.730360 0.023534 0.035807
0 0.959105 0.724284 0.025463 0.047960
0 0.267361 0.630642 0.027778 0.050347
0 0.294174 0.630317 0.025849 0.051866
0 0.427083 0.473958 0.095679 0.016059
0 0.319059 0.476780 0.113426 0.008681
0 0.317708 0.462999 0.114583 0.012370
0 0.320023 0.450955 0.111497 0.012153
0 0.989005 0.454753 0.021219 0.041450
0 0.984954 0.516493 0.030093 0.030382
0 0.045332 0.208225 0.018133 0.075738
0 0.069830 0.207465 0.020062 0.078993
0 0.108603 0.204536 0.021219 0.078342
0 0.135417 0.205187 0.019290 0.078776
0 0.712577 0.200304 0.069444 0.081597
0 0.788387 0.199544 0.072145 0.083116
0 0.867091 0.212023 0.024306 0.057292
0 0.893711 0.212457 0.018133 0.057292
0 0.918017 0.213433 0.019676 0.055339
0 0.945795 0.213325 0.028164 0.055556
0 0.983796 0.212240 0.032407 0.057726
0 0.094907 0.337674 0.044753 0.059028
0 0.106867 0.384874 0.030093 0.028863
0 0.082369 0.405165 0.018904 0.030816
0 0.173997 0.203125 0.020062 0.087240
0 0.213927 0.201172 0.044367 0.086806
0 0.280478 0.200738 0.070988 0.092014
0 0.328511 0.207248 0.018904 0.077691
0 0.355131 0.204210 0.019676 0.077691
0 0.958526 0.453234 0.035880 0.043186
0 0.383102 0.205729 0.020062 0.077691
0 0.919560 0.453125 0.035880 0.042969
0 0.833140 0.430013 0.072917 0.023220
0 0.805748 0.672309 0.063657 0.145399
0 0.852238 0.566732 0.041667 0.066189
0 0.838349 0.512478 0.056327 0.020182
0 0.849730 0.492947 0.065201 0.017144
0 0.837384 0.473307 0.062886 0.016059
0 0.929591 0.421332 0.042052 0.012804
0 0.946566 0.394314 0.042052 0.019531
0 0.983410 0.393338 0.032407 0.021484
0 0.984954 0.370551 0.030093 0.024089
0 0.948302 0.371853 0.037809 0.023655
0 0.900270 0.374674 0.044367 0.018012
0 0.899498 0.392578 0.046682 0.013021
0 0.584684 0.397027 0.101466 0.014540
0 0.584877 0.382161 0.104167 0.013889
0 0.583333 0.364800 0.108025 0.017361
0 0.691744 0.365234 0.104167 0.015191
0 0.689622 0.381293 0.104552 0.016927
0 0.689043 0.395725 0.101080 0.011936
0 0.761188 0.372179 0.029321 0.058594
0 0.819830 0.346463 0.087963 0.047960
0 0.843943 0.453125 0.076003 0.021267
0 0.838156 0.396484 0.064429 0.037760
0 0.257137 0.283746 0.116898 0.018446
0 0.257137 0.266276 0.117670 0.014757
0 0.259259 0.316298 0.116512 0.016276
0 0.092014 0.541016 0.026620 0.026910
0 0.075617 0.499132 0.036265 0.053385
0 0.118056 0.483073 0.028549 0.059462
0 0.230324 0.475911 0.055556 0.011719
0 0.229360 0.464735 0.058256 0.011068
0 0.231289 0.452040 0.062114 0.014323
0 0.232639 0.435981 0.064815 0.016059
0 0.167631 0.452908 0.058256 0.054688
0 0.126157 0.526367 0.022377 0.014540
0 0.117284 0.427192 0.033951 0.038845
0 0.477816 0.397027 0.106867 0.011502
0 0.372492 0.396593 0.096836 0.011502
0 0.373264 0.380968 0.106096 0.016276
0 0.257909 0.300998 0.115355 0.014323
0 0.267747 0.363824 0.096451 0.015842
0 0.264082 0.381944 0.094522 0.015625
0 0.264660 0.398980 0.094136 0.014974
0 0.173418 0.397678 0.069830 0.015842
0 0.479167 0.382378 0.103395 0.014757
0 0.169753 0.380317 0.060957 0.014974
0 0.137539 0.544162 0.018904 0.018880
0 0.051312 0.626736 0.051698 0.073785
0 0.703318 0.531684 0.016975 0.055990
0 0.673611 0.528971 0.013117 0.060547
0 0.658372 0.532227 0.014275 0.057075
0 0.641397 0.532769 0.017361 0.058160
0 0.603781 0.535590 0.052469 0.053385
0 0.533951 0.557726 0.074846 0.009983
0 0.536073 0.545573 0.079090 0.014323
0 0.534529 0.531467 0.076003 0.012587
0 0.097801 0.642687 0.025849 0.100911
0 0.460648 0.550890 0.030093 0.022786
0 0.269676 0.533095 0.112654 0.015408
0 0.272377 0.547743 0.114198 0.012587
0 0.268519 0.562174 0.114969 0.012370
0 0.187307 0.561849 0.042052 0.013455
0 0.186535 0.547418 0.048997 0.013238
0 0.182099 0.533746 0.053241 0.012370
0 0.039159 0.550456 0.075231 0.012370
0 0.041281 0.538954 0.074074 0.010634
0 0.373264 0.551975 0.081404 0.020182
0 0.166860 0.364366 0.060571 0.016493
0 0.372106 0.364041 0.104552 0.015842
0 0.870949 0.292860 0.075231 0.029297
0 0.244985 0.728407 0.016975 0.056207
0 0.302469 0.712131 0.088735 0.014106
0 0.301119 0.728841 0.088349 0.014106
0 0.302276 0.741211 0.088349 0.010200
0 0.302469 0.752713 0.094136 0.011502
0 0.186728 0.722765 0.048611 0.071398
0 0.946181 0.300239 0.067515 0.015842
0 0.061150 0.723633 0.035108 0.077908
0 0.019290 0.724067 0.037809 0.077040
0 0.897377 0.576714 0.030093 0.038411
0 0.945602 0.576063 0.054012 0.039714
0 0.468364 0.283637 0.092593 0.015625
0 0.469329 0.301215 0.097608 0.016059
0 0.471258 0.317057 0.089892 0.013455
0 0.369020 0.316081 0.098380 0.015842
0 0.368248 0.299371 0.099151 0.015842
0 0.367477 0.282552 0.099923 0.018229
0 0.220100 0.721897 0.018133 0.067491
0 0.360725 0.722548 0.028549 0.065755
0 0.137153 0.724935 0.049769 0.067925
0 0.451196 0.702040 0.092207 0.020399
0 0.778164 0.312934 0.097994 0.014323
0 0.778742 0.294596 0.100694 0.015842
0 0.779900 0.277669 0.101466 0.015842
0 0.387924 0.721246 0.021219 0.068359
0 0.676698 0.297743 0.096451 0.008681
0 0.674769 0.313368 0.096451 0.020833
0 0.572338 0.315538 0.099923 0.014757
0 0.572145 0.298720 0.096451 0.017144
0 0.670910 0.284505 0.088735 0.016059
0 0.599537 0.707574 0.092593 0.014540
0 0.569252 0.281576 0.093750 0.014106
0 0.449267 0.719184 0.090664 0.007812
0 0.448110 0.735460 0.090664 0.013455
0 0.450039 0.749132 0.097608 0.012587
0 0.514853 0.721788 0.023534 0.064670
0 0.413580 0.204536 0.030093 0.075738
0 0.537809 0.722873 0.023920 0.065104
0 0.604167 0.747938 0.096451 0.013672
0 0.603588 0.733181 0.094522 0.013238
