0 0.323325 0.294118 0.174428 0.131740
0 0.320261 0.824908 0.070261 0.011336
0 0.327206 0.811275 0.071895 0.012255
0 0.247345 0.913756 0.069853 0.009498
0 0.244485 0.900123 0.069853 0.012868
0 0.169322 0.904565 0.073938 0.011949
0 0.166462 0.891391 0.071487 0.011949
0 0.166871 0.876685 0.072304 0.013174
0 0.321895 0.837469 0.071078 0.010110
0 0.096814 0.897365 0.061275 0.018995
0 0.239992 0.089461 0.067402 0.177696
0 0.323529 0.089920 0.076797 0.179228
0 0.415850 0.092984 0.085784 0.184743
0 0.497753 0.143536 0.063317 0.088542
0 0.578023 0.101562 0.089052 0.172488
0 0.665237 0.103248 0.073938 0.175858
0 0.743056 0.107996 0.075980 0.163909
0 0.091912 0.870864 0.066993 0.008272
0 0.087623 0.859988 0.071487 0.010417
0 0.087010 0.846507 0.073529 0.011642
0 0.992034 0.732537 0.015931 0.067402
0 0.492443 0.303156 0.144199 0.143689
0 0.935049 0.727482 0.028595 0.068321
0 0.093954 0.881281 0.068627 0.008272
0 0.322917 0.850797 0.073121 0.011029
0 0.320057 0.863511 0.068219 0.013174
0 0.168301 0.087929 0.059641 0.175858
0 0.972222 0.875919 0.055556 0.139706
0 0.883783 0.872243 0.092729 0.143382
0 0.796160 0.879596 0.071895 0.160539
0 0.709355 0.877451 0.090278 0.166054
0 0.619485 0.862439 0.070670 0.140319
0 0.540237 0.924786 0.073121 0.010110
0 0.541462 0.910080 0.069036 0.013787
0 0.543301 0.879902 0.072712 0.012255
0 0.468342 0.926624 0.067402 0.008885
0 0.466912 0.911612 0.064542 0.011949
0 0.466503 0.897365 0.066993 0.012255
0 0.468954 0.883885 0.068627 0.011029
0 0.881536 0.743566 0.069444 0.059436
0 0.468342 0.870404 0.067402 0.012255
0 0.393791 0.916667 0.069444 0.015319
0 0.393995 0.896140 0.067402 0.009804
0 0.395016 0.883272 0.069444 0.012255
0 0.394608 0.870711 0.068627 0.010417
0 0.395629 0.857384 0.070670 0.010110
0 0.475694 0.840227 0.069853 0.013174
0 0.397467 0.842831 0.071078 0.014093
0 0.319036 0.905331 0.065359 0.013480
0 0.319444 0.889093 0.066176 0.012255
0 0.320261 0.876685 0.064542 0.010723
0 0.041258 0.083793 0.048203 0.167586
0 0.101307 0.086397 0.054739 0.172181
0 0.468342 0.856311 0.070670 0.010417
0 0.811479 0.735754 0.058415 0.073836
0 0.966095 0.735600 0.027778 0.071078
0 0.712418 0.726103 0.042484 0.075368
0 0.901757 0.495711 0.021650 0.106005
0 0.857435 0.499694 0.062092 0.118873
0 0.757557 0.725337 0.042075 0.076900
0 0.716912 0.488817 0.067810 0.094669
0 0.650940 0.490809 0.042892 0.088848
0 0.588440 0.483609 0.065768 0.095895
0 0.524306 0.479473 0.050245 0.096814
0 0.469771 0.488817 0.051471 0.075674
0 0.417279 0.483303 0.037990 0.081189
0 0.377247 0.491268 0.033905 0.060968
0 0.339665 0.479626 0.033905 0.083027
0 0.295752 0.480086 0.040850 0.079044
0 0.252655 0.486213 0.039624 0.068015
0 0.209763 0.485600 0.038807 0.069240
0 0.162582 0.480392 0.051471 0.072917
0 0.113562 0.485754 0.038399 0.055453
0 0.058824 0.462469 0.054739 0.100797
0 0.969975 0.375306 0.060049 0.016544
0 0.900123 0.377757 0.062500 0.014093
0 0.900531 0.357690 0.047794 0.021140
0 0.827206 0.330270 0.076797 0.121936
0 0.750000 0.323223 0.073529 0.122549
0 0.825572 0.109375 0.080065 0.171569
0 0.921977 0.124540 0.099673 0.138174
0 0.056781 0.291207 0.107026 0.128983
0 0.142361 0.318474 0.058415 0.073836
0 0.203227 0.320312 0.053513 0.076287
0 0.933211 0.498315 0.033905 0.108762
0 0.969567 0.499081 0.034722 0.107843
0 0.790850 0.500153 0.042484 0.079350
0 0.020629 0.652420 0.041258 0.098346
0 0.670343 0.724265 0.037582 0.074755
0 0.616217 0.718750 0.055147 0.072917
0 0.555556 0.719975 0.059641 0.075980
0 0.487132 0.714767 0.060866 0.069240
0 0.420343 0.720435 0.059641 0.060968
0 0.358252 0.718137 0.052288 0.061887
0 0.291667 0.712776 0.070261 0.066483
0 0.224877 0.710631 0.052696 0.056679
0 0.092116 0.592065 0.092729 0.076900
0 0.098856 0.713082 0.058824 0.059130
0 0.986520 0.622855 0.026961 0.085784
0 0.950163 0.623775 0.040033 0.083333
0 0.904616 0.622549 0.042892 0.085784
0 0.160743 0.713695 0.060049 0.057904
0 0.817402 0.610447 0.032680 0.075674
0 0.181373 0.596048 0.066993 0.079963
0 0.250000 0.596967 0.053105 0.076287
0 0.856005 0.609681 0.040441 0.079044
0 0.376430 0.604320 0.066585 0.073836
0 0.443627 0.607384 0.062092 0.081189
0 0.309845 0.600337 0.062500 0.083640
0 0.587623 0.609375 0.067402 0.087623
0 0.650123 0.609835 0.043709 0.086091
0 0.695874 0.617953 0.044526 0.079044
0 0.738766 0.613817 0.032271 0.084865
0 0.777574 0.614124 0.040441 0.087929
0 0.513276 0.611213 0.063317 0.074755
