0 0.803906 0.253516 0.064062 0.042188
0 0.723177 0.715430 0.035937 0.079297
0 0.245573 0.351367 0.053646 0.115234
0 0.300781 0.353711 0.049479 0.112891
0 0.354687 0.353906 0.053125 0.115625
0 0.414062 0.353320 0.058333 0.119141
0 0.472135 0.351758 0.056771 0.116016
0 0.533854 0.353711 0.056250 0.115234
0 0.594271 0.355273 0.056250 0.118359
0 0.660156 0.356445 0.064062 0.115234
0 0.736719 0.356836 0.063021 0.113672
0 0.817969 0.355078 0.072396 0.115625
0 0.894010 0.310937 0.057813 0.100781
0 0.959115 0.307812 0.060937 0.094531
0 0.035417 0.426758 0.070833 0.080078
0 0.041146 0.503320 0.082292 0.071484
0 0.120833 0.458398 0.068750 0.055078
0 0.126302 0.515625 0.066146 0.054688
0 0.195312 0.458594 0.070833 0.055469
0 0.198958 0.516797 0.064583 0.054688
0 0.762760 0.714648 0.040104 0.083203
0 0.260937 0.494141 0.052083 0.094531
0 0.803125 0.713672 0.039583 0.081250
0 0.912240 0.748633 0.052604 0.074609
0 0.454167 0.830664 0.036458 0.099609
0 0.383333 0.831055 0.035417 0.098047
0 0.348698 0.832422 0.031771 0.100781
0 0.313021 0.830273 0.035417 0.101172
0 0.276562 0.828125 0.031250 0.101562
0 0.242969 0.829297 0.031771 0.103906
0 0.480990 0.240625 0.054688 0.064844
0 0.586979 0.251953 0.051042 0.048438
0 0.662240 0.251367 0.054688 0.049609
0 0.735677 0.251563 0.054688 0.047656
0 0.036979 0.325391 0.057292 0.065625
0 0.104167 0.352344 0.052083 0.112500
0 0.163021 0.351953 0.055208 0.114062
0 0.204427 0.825781 0.036979 0.111719
0 0.167187 0.829492 0.034375 0.099609
0 0.129948 0.831445 0.034896 0.101172
0 0.058854 0.857617 0.094792 0.060547
0 0.056771 0.792188 0.084375 0.064062
0 0.967448 0.746289 0.054688 0.075391
0 0.856771 0.749219 0.055208 0.078906
0 0.494010 0.832031 0.034896 0.097656
0 0.315365 0.496094 0.052604 0.091406
0 0.634896 0.711914 0.042708 0.080078
0 0.313281 0.611523 0.042188 0.094141
0 0.270052 0.607617 0.036979 0.094141
0 0.226823 0.606641 0.045312 0.089844
0 0.368490 0.497266 0.051562 0.091406
0 0.420052 0.498047 0.047396 0.090625
0 0.470833 0.496875 0.051042 0.088281
0 0.520312 0.497266 0.047917 0.089063
0 0.576823 0.491406 0.056771 0.106250
0 0.637760 0.490234 0.054688 0.103906
0 0.705469 0.505273 0.075521 0.075391
0 0.791406 0.505469 0.084896 0.078125
0 0.886979 0.427539 0.054167 0.079297
0 0.948698 0.424219 0.053646 0.079687
0 0.877344 0.530859 0.064062 0.082812
0 0.940625 0.532422 0.060417 0.078125
0 0.178125 0.608203 0.045833 0.090625
0 0.127865 0.608398 0.050521 0.093359
0 0.050000 0.683789 0.090625 0.077734
0 0.987240 0.531055 0.025521 0.077734
0 0.359635 0.610352 0.043229 0.091797
0 0.680469 0.713477 0.042188 0.083203
0 0.407552 0.608203 0.045312 0.092969
0 0.500260 0.609570 0.041146 0.090234
0 0.590104 0.712891 0.040625 0.079687
0 0.545833 0.714063 0.043750 0.082031
0 0.500260 0.711914 0.041146 0.082422
0 0.457552 0.715430 0.040104 0.081641
0 0.412760 0.714063 0.039062 0.082031
0 0.367448 0.715039 0.043229 0.080859
0 0.317708 0.715234 0.047917 0.081250
0 0.269010 0.715039 0.045312 0.080859
0 0.225781 0.713086 0.040104 0.080078
0 0.180208 0.714648 0.043750 0.083203
0 0.132292 0.715039 0.042708 0.082422
0 0.935417 0.639648 0.059375 0.091797
0 0.872917 0.636523 0.061458 0.093359
0 0.793750 0.613086 0.040625 0.092578
0 0.743750 0.614258 0.041667 0.092578
0 0.689583 0.611523 0.047917 0.094141
0 0.639583 0.613086 0.045833 0.090234
0 0.592969 0.612109 0.040104 0.090625
0 0.545573 0.608594 0.040104 0.091406
0 0.453125 0.610547 0.038542 0.092188
0 0.578906 0.833789 0.031771 0.098047
0 0.418750 0.830078 0.034375 0.098437
0 0.650521 0.831445 0.034375 0.101172
0 0.697135 0.091211 0.121354 0.062109
0 0.595313 0.133398 0.073958 0.100391
0 0.514583 0.131836 0.079167 0.099609
0 0.442188 0.150000 0.065625 0.064844
0 0.846615 0.852539 0.064062 0.065234
0 0.079687 0.086523 0.067708 0.060547
0 0.148177 0.088672 0.068229 0.060156
0 0.081510 0.149219 0.068229 0.056250
0 0.150000 0.149414 0.068750 0.056641
0 0.227083 0.068945 0.088542 0.074609
0 0.614062 0.831836 0.033333 0.097266
0 0.305469 0.136719 0.066146 0.087500
0 0.374479 0.136719 0.066667 0.087500
0 0.441406 0.100586 0.064062 0.030078
0 0.920833 0.858203 0.062500 0.049219
0 0.695312 0.154297 0.117708 0.061719
0 0.785677 0.157617 0.050521 0.055859
0 0.228125 0.143164 0.087500 0.070703
0 0.916146 0.078906 0.095833 0.050000
0 0.283333 0.241016 0.060417 0.058594
0 0.351042 0.241992 0.062500 0.060547
0 0.422656 0.243164 0.055729 0.062891
0 0.794271 0.841992 0.034375 0.077734
0 0.759375 0.842969 0.033333 0.077344
0 0.725521 0.839258 0.031250 0.077734
0 0.096875 0.244727 0.063542 0.048828
0 0.217708 0.241797 0.063542 0.060156
0 0.687240 0.830664 0.035937 0.099609
0 0.843229 0.154297 0.051042 0.051562
0 0.029948 0.252344 0.059896 0.076563
0 0.929427 0.193945 0.105729 0.087109
0 0.156250 0.245703 0.051042 0.048438
