0 0.918301 0.838848 0.049020 0.063113
0 0.379493 0.828278 0.068627 0.083640
0 0.443015 0.826746 0.054330 0.084865
0 0.499183 0.828431 0.058007 0.088235
0 0.557190 0.827359 0.058824 0.090993
0 0.617443 0.829044 0.061683 0.094363
0 0.679739 0.832874 0.061275 0.087316
0 0.743056 0.832874 0.066176 0.083027
0 0.812092 0.832874 0.070261 0.079963
0 0.871324 0.832414 0.044935 0.077206
0 0.974877 0.844210 0.050245 0.069547
0 0.950776 0.782169 0.060049 0.037377
0 0.776961 0.671109 0.053922 0.049939
0 0.257149 0.825980 0.066585 0.088235
0 0.174837 0.205270 0.068627 0.089461
0 0.109681 0.145987 0.039624 0.072610
0 0.109273 0.212010 0.039624 0.060662
0 0.061070 0.204350 0.058415 0.080270
0 0.907884 0.060662 0.098448 0.075980
0 0.827206 0.083793 0.058824 0.031556
0 0.761642 0.077512 0.068219 0.039828
0 0.216708 0.549173 0.069036 0.090993
0 0.139093 0.548100 0.082925 0.097426
0 0.698121 0.081495 0.059641 0.026348
0 0.651348 0.050245 0.036356 0.088235
0 0.610703 0.052543 0.041667 0.089154
0 0.559232 0.075827 0.048203 0.041360
0 0.560458 0.033854 0.053105 0.043811
0 0.505719 0.060355 0.052288 0.066176
0 0.461806 0.064338 0.034722 0.061275
0 0.414420 0.055147 0.055147 0.081495
0 0.358456 0.055453 0.055147 0.079657
0 0.304739 0.056526 0.053105 0.078738
0 0.247345 0.060202 0.060049 0.072610
0 0.127042 0.044884 0.053105 0.025429
0 0.181373 0.045343 0.055556 0.026961
0 0.177083 0.074908 0.060049 0.032169
0 0.300858 0.228248 0.042075 0.044118
0 0.120302 0.075521 0.055147 0.033395
0 0.340891 0.229320 0.038807 0.040135
0 0.423203 0.213388 0.040850 0.067096
0 0.734069 0.672641 0.032680 0.053002
0 0.688113 0.671415 0.052696 0.059743
0 0.633170 0.651961 0.044935 0.059436
0 0.586397 0.662224 0.050245 0.073836
0 0.535131 0.661458 0.047386 0.071078
0 0.483660 0.659161 0.053105 0.067708
0 0.356618 0.655637 0.066993 0.084559
0 0.288399 0.657169 0.068627 0.081495
0 0.219567 0.657629 0.068219 0.083027
0 0.148489 0.661918 0.069853 0.071998
0 0.085376 0.664522 0.055556 0.075980
0 0.040645 0.666513 0.033088 0.071385
0 0.922590 0.584865 0.099265 0.085784
0 0.819853 0.556373 0.060458 0.071691
0 0.753676 0.547794 0.071895 0.093137
0 0.948734 0.197763 0.091095 0.124694
0 0.869077 0.190104 0.069036 0.135723
0 0.680351 0.546415 0.075572 0.091605
0 0.608456 0.547181 0.065768 0.091912
0 0.534926 0.548254 0.082108 0.095282
0 0.452819 0.547947 0.077206 0.095895
0 0.710784 0.219516 0.071895 0.071998
0 0.491422 0.213695 0.093954 0.072610
0 0.381740 0.216146 0.041258 0.062806
0 0.827819 0.678615 0.037990 0.033701
0 0.064338 0.075827 0.055147 0.034007
0 0.067810 0.733303 0.065359 0.027880
0 0.352328 0.436121 0.126225 0.100184
0 0.192606 0.434743 0.119690 0.094975
0 0.107026 0.443627 0.041667 0.076593
0 0.045752 0.441176 0.078431 0.086397
0 0.925654 0.384191 0.063725 0.060662
0 0.861724 0.332567 0.060866 0.077512
0 0.797794 0.336244 0.066993 0.075674
0 0.734477 0.329504 0.058824 0.090380
0 0.673203 0.329963 0.064542 0.093137
0 0.071283 0.016085 0.055964 0.027267
0 0.611315 0.331648 0.055964 0.090380
0 0.552900 0.331955 0.063317 0.084252
0 0.490196 0.332874 0.056373 0.083027
0 0.430556 0.326287 0.058824 0.093137
0 0.378268 0.330729 0.046569 0.083640
0 0.325572 0.329504 0.059641 0.081801
0 0.269608 0.331495 0.053105 0.077819
0 0.170547 0.320619 0.136846 0.102022
0 0.052083 0.323223 0.082108 0.090074
0 0.823734 0.743719 0.042075 0.065257
0 0.884395 0.715074 0.067810 0.068627
0 0.958538 0.718290 0.082108 0.074449
0 0.132149 0.811121 0.072304 0.058517
0 0.558824 0.448223 0.059641 0.078431
0 0.825776 0.637561 0.042892 0.045956
0 0.618260 0.447457 0.056781 0.078738
0 0.726103 0.451900 0.051879 0.077206
0 0.068832 0.761336 0.060866 0.026348
0 0.131332 0.756587 0.055147 0.026654
0 0.185458 0.756893 0.054739 0.026042
0 0.242851 0.757506 0.060049 0.028493
0 0.303105 0.757506 0.059641 0.029105
0 0.362541 0.756587 0.060049 0.028493
0 0.419322 0.744945 0.051879 0.051777
0 0.473243 0.745098 0.057598 0.051471
0 0.128064 0.729013 0.048611 0.024203
0 0.185458 0.730086 0.063725 0.026348
0 0.249387 0.729933 0.064134 0.026654
0 0.308824 0.729933 0.054739 0.026042
0 0.364175 0.728860 0.053513 0.026961
0 0.591708 0.741575 0.051879 0.058517
0 0.651144 0.741881 0.067810 0.057904
0 0.720384 0.742494 0.062500 0.055453
0 0.777165 0.741115 0.051879 0.059436
0 0.068219 0.044424 0.062092 0.028799
0 0.070874 0.548407 0.049428 0.080270
0 0.903391 0.477482 0.022467 0.081801
0 0.875817 0.495251 0.034314 0.090993
0 0.838031 0.484222 0.038807 0.067708
0 0.780842 0.452665 0.055964 0.078125
0 0.674632 0.450827 0.051062 0.079350
0 0.792892 0.189032 0.083333 0.132966
0 0.424224 0.653033 0.068219 0.080576
