0 0.192949 0.629567 0.037179 0.035096
0 0.239957 0.632091 0.046581 0.031490
0 0.285256 0.633053 0.038034 0.036298
0 0.326923 0.632933 0.041026 0.033173
0 0.367308 0.633293 0.037179 0.032933
0 0.409829 0.632933 0.042735 0.033173
0 0.498291 0.634014 0.035897 0.035337
0 0.044872 0.711899 0.049573 0.034375
0 0.540385 0.628005 0.034615 0.041106
0 0.579487 0.629327 0.033333 0.040385
0 0.613675 0.630048 0.037607 0.039423
0 0.698718 0.628245 0.033333 0.043029
0 0.748504 0.632452 0.048291 0.032212
0 0.802350 0.629327 0.041453 0.037500
0 0.843803 0.630529 0.038889 0.036058
0 0.660043 0.629808 0.040598 0.043750
0 0.043590 0.684255 0.047009 0.009856
0 0.454487 0.633053 0.037179 0.033413
0 0.277564 0.444832 0.042308 0.032452
0 0.794017 0.505889 0.034188 0.031490
0 0.119658 0.621995 0.082051 0.050721
0 0.557479 0.507452 0.054274 0.023077
0 0.485684 0.509856 0.065385 0.030769
0 0.379060 0.256250 0.044444 0.053846
0 0.430769 0.252524 0.049573 0.059856
0 0.486752 0.252524 0.037607 0.063702
0 0.220513 0.780769 0.027350 0.049038
0 0.254487 0.786058 0.031197 0.042788
0 0.292308 0.772356 0.036752 0.065865
0 0.330769 0.772716 0.034188 0.066587
0 0.376923 0.774880 0.056410 0.065144
0 0.498718 0.776563 0.041026 0.051683
0 0.540812 0.782332 0.031197 0.048317
0 0.573077 0.780649 0.020513 0.043029
0 0.599786 0.781370 0.029487 0.044471
0 0.638462 0.776563 0.041880 0.054567
0 0.616667 0.512380 0.052991 0.022837
0 0.182692 0.603486 0.036325 0.013702
0 0.673718 0.510457 0.062821 0.020913
0 0.119444 0.698438 0.079915 0.046875
0 0.050641 0.629207 0.046581 0.045433
0 0.832906 0.571394 0.052137 0.019712
0 0.833547 0.550962 0.048291 0.017788
0 0.778846 0.568990 0.053419 0.017308
0 0.721795 0.568990 0.053846 0.017308
0 0.669444 0.568630 0.044017 0.022356
0 0.613462 0.568269 0.056838 0.024519
0 0.517949 0.569111 0.054701 0.023317
0 0.411111 0.571034 0.060684 0.016106
0 0.276709 0.562380 0.060256 0.037740
0 0.205556 0.563341 0.062393 0.037260
0 0.133547 0.555168 0.052564 0.040144
0 0.079274 0.554087 0.044017 0.040865
0 0.028846 0.554808 0.051709 0.038942
0 0.830983 0.501683 0.023504 0.037019
0 0.740171 0.511538 0.060684 0.020192
0 0.186325 0.695192 0.029060 0.045673
0 0.133333 0.778606 0.052137 0.055769
0 0.248718 0.695913 0.023932 0.047115
0 0.536325 0.342788 0.036752 0.038462
0 0.475000 0.337861 0.033761 0.051202
0 0.435043 0.335457 0.038462 0.051683
0 0.394017 0.339062 0.030769 0.041587
0 0.359402 0.338221 0.036752 0.043269
0 0.324145 0.338942 0.031197 0.044712
0 0.289744 0.337861 0.036752 0.048317
0 0.246368 0.333413 0.044872 0.050481
0 0.196368 0.334135 0.044017 0.046635
0 0.152564 0.362981 0.016239 0.036058
0 0.129915 0.361058 0.025641 0.038462
0 0.097863 0.348918 0.029915 0.059375
0 0.060470 0.348798 0.034615 0.061538
0 0.031197 0.355769 0.022222 0.044712
0 0.011111 0.355769 0.017949 0.044712
0 0.925855 0.232212 0.087607 0.018269
0 0.949359 0.269471 0.101282 0.048558
0 0.866239 0.256971 0.034188 0.046154
0 0.827564 0.260216 0.041453 0.051202
0 0.782479 0.254327 0.046154 0.060577
0 0.729274 0.250721 0.044017 0.061538
0 0.681624 0.258053 0.038462 0.052644
0 0.643162 0.258894 0.036752 0.052885
0 0.599145 0.263341 0.033333 0.042067
0 0.563462 0.263101 0.031197 0.038702
0 0.525855 0.264904 0.035470 0.034135
0 0.097436 0.264904 0.036752 0.034135
0 0.064103 0.257812 0.018803 0.041587
0 0.037607 0.256731 0.025641 0.042788
0 0.137607 0.266827 0.035897 0.032212
0 0.215598 0.695793 0.027778 0.045433
0 0.189316 0.258774 0.029915 0.043990
0 0.254274 0.258654 0.030769 0.043750
0 0.277778 0.693630 0.023077 0.051202
0 0.308547 0.695312 0.034188 0.043510
0 0.342735 0.693029 0.028205 0.050000
0 0.383761 0.698678 0.045299 0.044471
0 0.484615 0.697476 0.052991 0.050240
0 0.539103 0.693630 0.032051 0.045433
0 0.397436 0.431130 0.063248 0.010817
0 0.252778 0.754928 0.022650 0.014183
0 0.188675 0.783053 0.033761 0.053606
0 0.679274 0.777885 0.028632 0.048558
0 0.073504 0.777644 0.047009 0.059615
0 0.020940 0.776563 0.037607 0.057452
0 0.844658 0.693990 0.050855 0.046154
0 0.788034 0.692548 0.052137 0.046154
0 0.723504 0.696394 0.052991 0.039904
0 0.633761 0.692308 0.032479 0.051442
0 0.603419 0.693990 0.026496 0.049038
0 0.571795 0.693990 0.028205 0.046154
0 0.058974 0.427163 0.023077 0.041827
0 0.020513 0.422837 0.038462 0.056250
0 0.940598 0.394832 0.117949 0.125721
0 0.843162 0.337740 0.058120 0.050000
0 0.781197 0.338582 0.053846 0.049760
0 0.727350 0.334615 0.045299 0.056250
0 0.684829 0.336779 0.035470 0.051923
0 0.641453 0.336779 0.037607 0.051923
0 0.605983 0.342067 0.031624 0.042788
0 0.570513 0.340865 0.030769 0.043750
0 0.292949 0.253726 0.043162 0.050721
0 0.224573 0.259255 0.028632 0.042548
0 0.721581 0.771875 0.049145 0.059135
0 0.338462 0.256010 0.039316 0.052404
0 0.813248 0.770312 0.033333 0.067067
0 0.636325 0.434255 0.057265 0.008413
0 0.633974 0.452404 0.057692 0.022596
0 0.699573 0.449399 0.059829 0.024760
0 0.112393 0.426683 0.025641 0.046635
0 0.824573 0.446875 0.035470 0.025481
0 0.867735 0.437019 0.017521 0.030769
0 0.866453 0.474639 0.025214 0.021875
0 0.871154 0.524038 0.019231 0.031250
0 0.880128 0.574880 0.022650 0.040625
0 0.902564 0.616226 0.022222 0.042067
0 0.586966 0.452524 0.028632 0.022837
0 0.940598 0.643389 0.023932 0.045913
0 0.056838 0.494111 0.039316 0.035817
0 0.098504 0.494231 0.038034 0.034135
0 0.141026 0.493750 0.033333 0.035096
0 0.195940 0.483173 0.028632 0.013942
0 0.198504 0.506971 0.028632 0.027885
0 0.235897 0.508293 0.033333 0.027644
0 0.272222 0.507692 0.031624 0.032212
0 0.303419 0.483293 0.023932 0.017067
0 0.308547 0.507572 0.034188 0.026202
0 0.353846 0.511178 0.050427 0.022356
0 0.016667 0.491827 0.031624 0.038942
0 0.558974 0.432572 0.027350 0.007933
0 0.551923 0.450000 0.028632 0.023077
0 0.496154 0.452404 0.068376 0.019712
0 0.143590 0.426442 0.023077 0.046154
0 0.260256 0.383534 0.037607 0.010817
0 0.249573 0.400120 0.051282 0.018510
0 0.314957 0.400841 0.065812 0.019952
0 0.385470 0.401082 0.064103 0.020433
0 0.451709 0.402163 0.057265 0.016346
0 0.450855 0.381971 0.055556 0.013462
0 0.565171 0.402764 0.074786 0.021394
0 0.772863 0.777284 0.041453 0.053125
0 0.639744 0.402644 0.064103 0.018269
0 0.493376 0.399159 0.010684 0.028125
0 0.503632 0.398558 0.010684 0.027885
0 0.513034 0.396995 0.010684 0.028125
0 0.703632 0.382692 0.067949 0.014904
0 0.704701 0.402163 0.064957 0.017308
0 0.775214 0.387740 0.066667 0.005288
0 0.841453 0.388462 0.059829 0.006731
0 0.770513 0.401082 0.062393 0.018029
0 0.838889 0.401923 0.069231 0.019712
0 0.189744 0.443990 0.035897 0.030769
0 0.230769 0.443630 0.043590 0.031490
0 0.443376 0.450481 0.035470 0.023558
0 0.497222 0.432452 0.062821 0.013462
0 0.417949 0.489784 0.058974 0.013221
0 0.417094 0.510697 0.067521 0.027163
0 0.767521 0.449639 0.070940 0.025240
0 0.086325 0.426803 0.028205 0.042548
0 0.847863 0.769952 0.037607 0.061058
0 0.940812 0.776803 0.118376 0.063221
0 0.960256 0.564784 0.079487 0.097837
0 0.397009 0.450601 0.057265 0.021875
