0 0.464869 0.063879 0.045752 0.098958
0 0.879902 0.760570 0.035131 0.068934
0 0.415033 0.069547 0.043301 0.079044
0 0.812500 0.764706 0.027778 0.063725
0 0.844158 0.762255 0.029003 0.071691
0 0.623366 0.088695 0.044935 0.060968
0 0.512051 0.065564 0.039624 0.098652
0 0.557802 0.068168 0.046160 0.096507
0 0.675858 0.095741 0.037990 0.046875
0 0.949959 0.083487 0.039624 0.091605
0 0.749183 0.099724 0.021242 0.041973
0 0.779208 0.101409 0.023284 0.038603
0 0.820261 0.083333 0.055556 0.091912
0 0.898693 0.091452 0.053105 0.067096
0 0.912173 0.758885 0.029412 0.060662
0 0.124387 0.211857 0.104984 0.047488
0 0.201185 0.187194 0.046160 0.102328
0 0.258374 0.178462 0.047794 0.114277
0 0.311070 0.179534 0.044526 0.114583
0 0.946895 0.758272 0.022059 0.061887
0 0.716503 0.094669 0.037582 0.052083
0 0.375817 0.067708 0.031046 0.079657
0 0.666667 0.382966 0.031046 0.039216
0 0.286356 0.063113 0.045752 0.090074
0 0.014706 0.437347 0.029412 0.081801
0 0.982435 0.757659 0.034314 0.057598
0 0.415033 0.371783 0.027778 0.058517
0 0.447917 0.369638 0.035539 0.054228
0 0.595792 0.385263 0.032271 0.034620
0 0.635417 0.382200 0.026552 0.035233
0 0.700368 0.380821 0.022467 0.037990
0 0.727941 0.380821 0.029412 0.037990
0 0.760008 0.382047 0.020016 0.037990
0 0.785743 0.380821 0.017565 0.034926
0 0.810049 0.382812 0.019608 0.030944
0 0.830270 0.382506 0.016748 0.037071
0 0.909518 0.385417 0.020833 0.042892
0 0.931577 0.384038 0.022467 0.040135
0 0.954657 0.380821 0.017974 0.040441
0 0.981618 0.378983 0.029412 0.047181
0 0.985498 0.313419 0.029003 0.044730
0 0.951593 0.308517 0.034722 0.054534
0 0.687500 0.779871 0.037582 0.065257
0 0.731005 0.775582 0.039624 0.059130
0 0.773693 0.771446 0.040033 0.058824
0 0.334967 0.058824 0.041667 0.103554
0 0.642565 0.868566 0.040850 0.056373
0 0.041871 0.311121 0.076389 0.110600
0 0.562296 0.872396 0.031454 0.057292
0 0.338644 0.731158 0.072712 0.078125
0 0.247753 0.733456 0.088644 0.076593
0 0.156046 0.743107 0.079248 0.083640
0 0.486315 0.207721 0.061683 0.067402
0 0.560866 0.204963 0.067810 0.069853
0 0.677083 0.210172 0.059232 0.056373
0 0.742647 0.206648 0.054739 0.060355
0 0.821283 0.212776 0.069036 0.059743
0 0.923815 0.222120 0.052696 0.047181
0 0.975694 0.215533 0.048611 0.063419
0 0.057598 0.438266 0.045752 0.076900
0 0.120507 0.308058 0.062908 0.110600
0 0.183415 0.317402 0.053105 0.094975
0 0.233047 0.318168 0.035539 0.090380
0 0.916258 0.308670 0.030229 0.054228
0 0.879289 0.305760 0.033905 0.060049
0 0.279616 0.318781 0.051879 0.097733
0 0.465278 0.303922 0.054739 0.063725
0 0.535335 0.299632 0.070670 0.069240
0 0.654412 0.299326 0.060458 0.066789
0 0.716708 0.308824 0.046160 0.047794
0 0.414216 0.703431 0.022059 0.034926
0 0.600286 0.866575 0.037990 0.066483
0 0.439542 0.702972 0.022876 0.035846
0 0.474877 0.711857 0.038807 0.015012
0 0.512255 0.874387 0.040033 0.062500
0 0.467933 0.876838 0.036356 0.051471
0 0.427900 0.856464 0.029820 0.019914
0 0.360294 0.185355 0.046569 0.109069
0 0.419730 0.209559 0.056781 0.066176
0 0.939747 0.674786 0.026552 0.048713
0 0.912173 0.680913 0.017974 0.036458
0 0.888685 0.685355 0.021650 0.042279
0 0.865196 0.681679 0.013072 0.031863
0 0.839665 0.683058 0.020016 0.037684
0 0.814542 0.683058 0.020425 0.035233
0 0.784518 0.684896 0.026552 0.037071
0 0.755923 0.685968 0.023284 0.041054
0 0.726920 0.689032 0.020016 0.034926
0 0.705065 0.692402 0.018791 0.039828
0 0.679739 0.694393 0.022059 0.041360
0 0.650940 0.695466 0.026552 0.036152
0 0.625613 0.695159 0.018382 0.028186
0 0.556985 0.698070 0.020833 0.034007
0 0.531863 0.695772 0.021242 0.038603
0 0.510825 0.696691 0.021650 0.042892
0 0.475899 0.689491 0.040850 0.024816
0 0.104371 0.437500 0.037990 0.078431
0 0.785131 0.291820 0.054739 0.079350
0 0.328431 0.431526 0.052288 0.087316
0 0.847835 0.534773 0.021650 0.038297
0 0.884600 0.528799 0.029003 0.041054
0 0.042279 0.647365 0.057598 0.063113
0 0.106005 0.657629 0.049428 0.048100
0 0.216095 0.638940 0.056373 0.073836
0 0.355188 0.634651 0.051062 0.076900
0 0.416462 0.621783 0.022467 0.041360
0 0.440359 0.620098 0.020425 0.041667
0 0.463644 0.621630 0.020425 0.038603
0 0.489379 0.622243 0.025327 0.034314
0 0.537377 0.621017 0.024101 0.042892
0 0.564951 0.617341 0.025327 0.044118
0 0.590482 0.619179 0.018382 0.034926
0 0.637051 0.618107 0.018382 0.037071
0 0.612132 0.615349 0.015114 0.036458
0 0.662990 0.615349 0.019608 0.039522
0 0.159314 0.431066 0.054739 0.085784
0 0.715482 0.612745 0.020016 0.039216
0 0.738766 0.611826 0.024101 0.034926
0 0.763072 0.613358 0.018791 0.037990
0 0.787173 0.611673 0.023693 0.041360
0 0.824346 0.532016 0.017157 0.032169
0 0.801675 0.530790 0.021650 0.037071
0 0.776757 0.533854 0.022467 0.037071
0 0.685049 0.538756 0.017157 0.027267
0 0.840278 0.307751 0.029412 0.061581
0 0.436275 0.543658 0.023693 0.037684
0 0.465074 0.540441 0.023284 0.035539
0 0.490605 0.540901 0.019608 0.034620
0 0.515931 0.539982 0.020425 0.036458
0 0.411560 0.545956 0.020833 0.041667
0 0.373162 0.544884 0.041258 0.061581
0 0.326185 0.547947 0.043709 0.060968
0 0.277369 0.543658 0.047386 0.072610
0 0.228350 0.544730 0.041667 0.070466
0 0.813930 0.612132 0.023284 0.034314
0 0.176266 0.544884 0.057598 0.073223
0 0.100899 0.559283 0.070261 0.018076
0 0.102124 0.539675 0.072712 0.022365
0 0.028186 0.554994 0.056373 0.070159
0 0.986315 0.461397 0.026552 0.033701
0 0.942198 0.454963 0.031454 0.046569
0 0.903595 0.460018 0.020425 0.036458
0 0.543913 0.538143 0.021650 0.040135
0 0.566789 0.539675 0.017565 0.037071
0 0.635417 0.535846 0.028186 0.041667
0 0.661765 0.535846 0.016340 0.041667
0 0.101103 0.577359 0.062500 0.016850
0 0.878472 0.609988 0.020833 0.033088
0 0.691381 0.614124 0.022467 0.036458
0 0.932394 0.607230 0.020016 0.038603
0 0.429534 0.787837 0.041258 0.060968
0 0.904820 0.606924 0.022876 0.039216
0 0.518587 0.784926 0.044526 0.060662
0 0.561887 0.782322 0.038807 0.065870
0 0.604984 0.783548 0.039216 0.057904
0 0.647263 0.780790 0.034722 0.054841
0 0.836397 0.459712 0.013480 0.045650
0 0.813113 0.459252 0.025735 0.046569
0 0.347631 0.829350 0.079248 0.064951
0 0.778186 0.461397 0.017974 0.039216
0 0.649101 0.466759 0.031046 0.034620
0 0.602328 0.468750 0.033905 0.030637
0 0.562500 0.468750 0.035948 0.033701
0 0.523897 0.470435 0.036356 0.030331
0 0.480392 0.468137 0.034314 0.034926
0 0.443423 0.475184 0.026552 0.023284
0 0.410948 0.477482 0.026961 0.030331
0 0.375204 0.432598 0.037173 0.087010
0 0.695057 0.467984 0.041258 0.032169
0 0.353962 0.889400 0.079657 0.049632
0 0.474060 0.787377 0.037173 0.061887
0 0.096201 0.048866 0.087827 0.097120
0 0.172590 0.049939 0.046977 0.036765
0 0.230801 0.043811 0.050654 0.060662
0 0.075163 0.740196 0.065359 0.060049
0 0.019608 0.739890 0.039216 0.055147
0 0.026552 0.857996 0.053105 0.062806
0 0.105392 0.892157 0.079248 0.087623
0 0.263480 0.803309 0.062092 0.035539
0 0.249592 0.891544 0.076797 0.074755
0 0.029820 0.918964 0.059641 0.045650
0 0.019812 0.057598 0.039624 0.085172
0 0.870915 0.459099 0.017157 0.038297
0 0.972018 0.673254 0.033088 0.048713
0 0.981413 0.606311 0.024918 0.034314
0 0.952206 0.609222 0.013072 0.028493
