0 0.439542 0.392463 0.053922 0.099265
0 0.364583 0.390012 0.082925 0.096814
0 0.181781 0.333640 0.082516 0.050858
0 0.176062 0.399050 0.040850 0.073223
0 0.130719 0.398131 0.040850 0.073223
0 0.083946 0.397825 0.040441 0.073223
0 0.208129 0.467065 0.087010 0.044424
0 0.540850 0.912531 0.048203 0.091605
0 0.595384 0.914216 0.051062 0.095588
0 0.650531 0.909467 0.054330 0.083640
0 0.708129 0.909620 0.056781 0.083333
0 0.768178 0.913450 0.055964 0.090380
0 0.822100 0.909926 0.046977 0.080882
0 0.880923 0.916667 0.064951 0.090686
0 0.986111 0.916973 0.027778 0.090686
0 0.041258 0.395680 0.040850 0.076900
0 0.945466 0.916513 0.049428 0.084865
0 0.205474 0.607077 0.071895 0.053615
0 0.218546 0.397059 0.037582 0.062500
0 0.286969 0.405025 0.065768 0.066789
0 0.182802 0.206648 0.068219 0.034620
0 0.071487 0.251685 0.038399 0.078738
0 0.283292 0.287990 0.058415 0.055760
0 0.811070 0.117800 0.038807 0.096507
0 0.771038 0.117953 0.035539 0.095588
0 0.731209 0.119945 0.037582 0.093444
0 0.696691 0.131587 0.027369 0.066483
0 0.668301 0.131587 0.024510 0.067708
0 0.633578 0.119332 0.036765 0.091605
0 0.594567 0.119485 0.035539 0.091912
0 0.513276 0.124081 0.040441 0.080270
0 0.468137 0.123315 0.044118 0.078738
0 0.422998 0.125000 0.041258 0.079657
0 0.377859 0.123009 0.045752 0.079963
0 0.330065 0.124234 0.040850 0.077512
0 0.289216 0.122702 0.040033 0.083027
0 0.212214 0.131740 0.033905 0.066176
0 0.166871 0.128983 0.039624 0.066176
0 0.127655 0.128830 0.033905 0.066483
0 0.090278 0.128983 0.033497 0.065564
0 0.054943 0.128983 0.033905 0.063113
0 0.017361 0.128064 0.034722 0.066176
0 0.849877 0.121017 0.031454 0.091299
0 0.884191 0.119026 0.032271 0.093444
0 0.923407 0.119332 0.037990 0.096507
0 0.969975 0.117647 0.037173 0.096201
0 0.279616 0.216759 0.060049 0.078738
0 0.209967 0.260723 0.032680 0.063113
0 0.178922 0.258578 0.026961 0.065564
0 0.151348 0.258578 0.026552 0.065564
0 0.112337 0.251991 0.038399 0.078738
0 0.489583 0.912684 0.048611 0.093137
0 0.026348 0.250153 0.042892 0.080576
0 0.343954 0.241422 0.052288 0.103554
0 0.399918 0.242953 0.051471 0.102328
0 0.277165 0.343597 0.064951 0.046875
0 0.452206 0.241881 0.046569 0.105086
0 0.554739 0.244485 0.038399 0.104167
0 0.600694 0.242647 0.043709 0.104167
0 0.648897 0.240962 0.047794 0.109988
0 0.696283 0.241881 0.042892 0.109375
0 0.742851 0.240962 0.048611 0.112439
0 0.793913 0.239430 0.048611 0.114277
0 0.844771 0.241575 0.042484 0.113664
0 0.893995 0.239430 0.045343 0.114277
0 0.944444 0.240656 0.047386 0.111826
0 0.505923 0.244179 0.052696 0.104779
0 0.432802 0.907782 0.056781 0.093750
0 0.554330 0.125153 0.036765 0.076287
0 0.330065 0.901961 0.058824 0.084559
0 0.497141 0.393076 0.053922 0.099265
0 0.118056 0.542126 0.034314 0.065257
0 0.081904 0.534773 0.033088 0.079350
0 0.042075 0.534161 0.042484 0.080576
0 0.081904 0.473039 0.042075 0.039828
0 0.025327 0.652420 0.050654 0.115502
0 0.111315 0.671109 0.116422 0.072610
0 0.315972 0.653186 0.059232 0.114583
0 0.379085 0.654259 0.062092 0.113664
0 0.510621 0.655484 0.059641 0.108762
0 0.546977 0.393842 0.043301 0.096507
0 0.573529 0.656097 0.059641 0.108762
0 0.684436 0.657475 0.050245 0.112132
0 0.739583 0.659773 0.056781 0.114277
0 0.796364 0.661918 0.056781 0.113051
0 0.852941 0.661612 0.050654 0.112439
0 0.909314 0.663143 0.058007 0.112439
0 0.970792 0.666207 0.058415 0.116115
0 0.959559 0.792586 0.080882 0.102941
0 0.887255 0.792892 0.053922 0.101103
0 0.831291 0.791054 0.053922 0.104779
0 0.760008 0.794577 0.064951 0.106924
0 0.630310 0.656556 0.051471 0.108456
0 0.591503 0.399203 0.041667 0.091299
0 0.635008 0.397672 0.037990 0.090686
0 0.676266 0.390012 0.041258 0.108456
0 0.381740 0.904412 0.037990 0.072917
0 0.512663 0.517157 0.056373 0.118260
0 0.563113 0.540288 0.038807 0.078125
0 0.605188 0.536152 0.042075 0.086397
0 0.451593 0.516544 0.059232 0.119485
0 0.387459 0.516544 0.061683 0.121936
0 0.317606 0.516697 0.060049 0.121017
0 0.226103 0.532629 0.033088 0.084252
0 0.189338 0.542433 0.036356 0.065870
0 0.153186 0.541667 0.031046 0.064338
0 0.652982 0.531250 0.046160 0.098652
0 0.699755 0.531097 0.044118 0.098346
0 0.745507 0.531863 0.042484 0.097426
0 0.800449 0.523438 0.063317 0.118566
0 0.862949 0.526348 0.058415 0.115196
0 0.921569 0.525735 0.052288 0.116422
0 0.975694 0.524510 0.048611 0.120711
0 0.945670 0.389400 0.042484 0.108456
0 0.905637 0.389553 0.031863 0.106924
0 0.863358 0.389859 0.051062 0.109988
0 0.811683 0.390319 0.049837 0.108456
0 0.764297 0.390319 0.041667 0.108456
0 0.720180 0.390319 0.041667 0.108456
0 0.696691 0.792433 0.056781 0.112439
0 0.640523 0.789216 0.046569 0.106005
0 0.445057 0.653339 0.058415 0.108762
0 0.068219 0.796109 0.034314 0.069547
0 0.156046 0.902880 0.044118 0.087010
0 0.111724 0.902880 0.041258 0.088848
0 0.058415 0.900276 0.044118 0.089154
0 0.016748 0.899663 0.033497 0.089767
0 0.023897 0.780637 0.047794 0.108456
0 0.124183 0.789982 0.072712 0.086091
0 0.203431 0.792279 0.080882 0.083333
0 0.586397 0.786612 0.056781 0.105699
0 0.204044 0.903799 0.044526 0.089461
0 0.452819 0.782169 0.064951 0.104167
0 0.525531 0.786305 0.060049 0.105086
0 0.366013 0.783395 0.063725 0.108456
0 0.301675 0.780331 0.053513 0.107230
