0 0.651202 0.545940 0.030769 0.053419
0 0.307212 0.731197 0.025962 0.132479
0 0.041466 0.776496 0.013702 0.051282
0 0.688582 0.490598 0.032933 0.052991
0 0.413702 0.715385 0.029808 0.143590
0 0.379688 0.747436 0.027163 0.091453
0 0.339904 0.733120 0.030288 0.134615
0 0.275240 0.787393 0.015865 0.065385
0 0.256971 0.788248 0.016346 0.061111
0 0.234976 0.770726 0.018029 0.053419
0 0.215865 0.776282 0.013462 0.042308
0 0.199038 0.771368 0.018750 0.046154
0 0.178005 0.772863 0.015144 0.052564
0 0.158654 0.773718 0.015385 0.053419
0 0.140385 0.777991 0.015865 0.050855
0 0.121274 0.780556 0.014663 0.057692
0 0.099880 0.778205 0.016106 0.059829
0 0.081731 0.781410 0.014904 0.059402
0 0.112981 0.701709 0.014904 0.053846
0 0.096034 0.702991 0.015144 0.057265
0 0.075962 0.709188 0.016827 0.060256
0 0.059135 0.776923 0.015385 0.052991
0 0.024279 0.778205 0.018269 0.065812
0 0.652163 0.489316 0.032692 0.049573
0 0.486538 0.436325 0.033654 0.053846
0 0.726322 0.485897 0.035817 0.056410
0 0.789543 0.218162 0.023798 0.124359
0 0.691106 0.318162 0.022596 0.122650
0 0.665986 0.319017 0.018029 0.129487
0 0.643269 0.314744 0.019712 0.126068
0 0.615385 0.305128 0.029808 0.157265
0 0.009135 0.334615 0.018269 0.089744
0 0.037019 0.325427 0.023558 0.098718
0 0.066466 0.329274 0.018029 0.088462
0 0.089663 0.329915 0.019231 0.071795
0 0.110577 0.322650 0.017308 0.064957
0 0.127764 0.326282 0.016106 0.057692
0 0.081370 0.238462 0.014183 0.062393
0 0.818510 0.221368 0.021154 0.117949
0 0.100000 0.237607 0.017788 0.070940
0 0.151562 0.242949 0.041587 0.080769
0 0.204327 0.241667 0.052885 0.083333
0 0.157692 0.334829 0.040385 0.083333
0 0.208053 0.335897 0.046875 0.083761
0 0.267067 0.291239 0.026442 0.139744
0 0.298558 0.294872 0.032212 0.141880
0 0.336418 0.299573 0.033413 0.150427
0 0.370673 0.301282 0.029808 0.158974
0 0.409014 0.296795 0.031971 0.147436
0 0.442788 0.305128 0.033654 0.148718
0 0.476562 0.304274 0.027163 0.150427
0 0.513101 0.296581 0.032933 0.153846
0 0.118149 0.236538 0.018510 0.057692
0 0.847115 0.225427 0.022596 0.113248
0 0.872476 0.221795 0.022837 0.123077
0 0.898197 0.219658 0.021875 0.124786
0 0.043389 0.088248 0.034375 0.161966
0 0.081490 0.085897 0.034615 0.170085
0 0.121514 0.085897 0.023798 0.166667
0 0.153606 0.089744 0.028846 0.162393
0 0.185096 0.088248 0.029327 0.159402
0 0.218630 0.088889 0.031010 0.170085
0 0.264183 0.090385 0.037500 0.167094
0 0.305288 0.089530 0.037019 0.165385
0 0.347716 0.093162 0.035817 0.161538
0 0.383053 0.095940 0.030529 0.152564
0 0.421154 0.089957 0.034615 0.155983
0 0.459375 0.091880 0.036538 0.160684
0 0.497115 0.089957 0.032692 0.161966
0 0.532933 0.087821 0.033654 0.172222
0 0.566466 0.089103 0.033413 0.169658
0 0.601683 0.089103 0.032692 0.169658
0 0.640144 0.087393 0.040385 0.167094
0 0.683413 0.085470 0.039423 0.170940
0 0.719351 0.088034 0.030529 0.159829
0 0.753245 0.088462 0.029087 0.155556
0 0.800120 0.046795 0.034856 0.089316
0 0.850000 0.047436 0.040385 0.082051
0 0.722837 0.425214 0.024038 0.024786
0 0.905409 0.044231 0.039663 0.085043
0 0.950481 0.055769 0.037019 0.065385
0 0.939183 0.219444 0.024519 0.119231
0 0.916707 0.217521 0.017067 0.123077
0 0.545913 0.307479 0.029327 0.152564
0 0.580889 0.304060 0.030048 0.156838
0 0.724279 0.544658 0.038462 0.050000
0 0.835216 0.451496 0.032452 0.062821
0 0.730168 0.754487 0.033413 0.109829
0 0.692668 0.757051 0.032452 0.098718
0 0.649880 0.745085 0.028125 0.114103
0 0.689904 0.434402 0.030288 0.057692
0 0.653846 0.431410 0.029327 0.051709
0 0.622957 0.433547 0.031490 0.053419
0 0.619952 0.493590 0.027404 0.050427
0 0.618149 0.547863 0.030529 0.049573
0 0.585577 0.544444 0.030769 0.050427
0 0.587019 0.434615 0.030288 0.048718
0 0.587260 0.491026 0.034135 0.046154
0 0.552284 0.487607 0.030048 0.050427
0 0.554688 0.435043 0.030048 0.050427
0 0.519471 0.428632 0.025481 0.029915
0 0.552644 0.546154 0.030769 0.052991
0 0.518990 0.548077 0.031250 0.058547
0 0.620072 0.746368 0.025721 0.117521
0 0.520312 0.481838 0.031971 0.064530
0 0.686298 0.544017 0.031731 0.051282
0 0.486779 0.542949 0.030769 0.047436
0 0.388221 0.653205 0.024038 0.073077
0 0.468630 0.788889 0.026683 0.056410
0 0.593029 0.750000 0.027404 0.116239
0 0.499639 0.750214 0.027644 0.139744
0 0.532212 0.757692 0.025481 0.115385
0 0.783413 0.428205 0.026923 0.085470
0 0.561538 0.754701 0.028365 0.106838
0 0.773077 0.812179 0.038462 0.045726
0 0.776442 0.735470 0.038462 0.082051
0 0.486178 0.489103 0.031010 0.044017
0 0.848558 0.749359 0.034135 0.168803
0 0.962620 0.453205 0.029567 0.064530
0 0.923558 0.451282 0.025481 0.051282
0 0.812500 0.766453 0.032692 0.134615
0 0.937019 0.559615 0.026923 0.089316
0 0.985697 0.564957 0.028606 0.084615
0 0.871995 0.552991 0.013702 0.075214
0 0.853125 0.556624 0.014423 0.073932
0 0.819231 0.560897 0.042788 0.104701
0 0.773798 0.555342 0.044712 0.097863
0 0.017909 0.496154 0.030529 0.146154
0 0.054207 0.498504 0.027644 0.148291
0 0.086058 0.494444 0.030288 0.153846
0 0.121875 0.491667 0.027885 0.153419
0 0.896034 0.572436 0.027644 0.066239
0 0.190865 0.491667 0.032692 0.150000
0 0.154928 0.493590 0.028125 0.152137
0 0.923918 0.756838 0.026202 0.150427
0 0.890024 0.750855 0.029087 0.177778
0 0.986659 0.736111 0.023317 0.185897
0 0.416106 0.542094 0.036058 0.049145
0 0.377163 0.540812 0.034135 0.057692
0 0.452284 0.541026 0.032452 0.054701
0 0.416587 0.472009 0.030288 0.063675
0 0.376803 0.476923 0.036779 0.068376
0 0.317188 0.493803 0.039183 0.145726
0 0.274880 0.500000 0.036779 0.133333
0 0.450721 0.468376 0.029327 0.064957
0 0.953846 0.759829 0.028846 0.141880
