0 0.826496 0.578005 0.046154 0.039183
0 0.517094 0.649159 0.055556 0.041587
0 0.460897 0.650000 0.053419 0.043269
0 0.404701 0.646154 0.051282 0.049038
0 0.351068 0.645913 0.050000 0.050962
0 0.288675 0.649159 0.047436 0.043510
0 0.248504 0.644712 0.027778 0.041827
0 0.216026 0.642428 0.032051 0.041587
0 0.119658 0.654327 0.039316 0.035577
0 0.160470 0.657212 0.035470 0.027885
0 0.022436 0.705288 0.044872 0.062019
0 0.072222 0.706851 0.029915 0.067548
0 0.151068 0.719351 0.032906 0.039663
0 0.180769 0.713942 0.023077 0.051923
0 0.206410 0.713221 0.025641 0.050481
0 0.604701 0.652284 0.055556 0.043029
0 0.234188 0.712861 0.019658 0.049760
0 0.664957 0.651202 0.049573 0.040865
0 0.784402 0.646274 0.055983 0.047356
0 0.379487 0.589663 0.033333 0.025481
0 0.417949 0.576322 0.036752 0.051683
0 0.460043 0.570673 0.039744 0.022115
0 0.461538 0.592428 0.038462 0.019952
0 0.498077 0.589904 0.026068 0.021635
0 0.555556 0.584135 0.054701 0.042308
0 0.612393 0.577043 0.050427 0.041587
0 0.667735 0.580048 0.038889 0.050000
0 0.717308 0.576803 0.056838 0.052644
0 0.773504 0.575962 0.050427 0.050962
0 0.503846 0.726923 0.086325 0.027404
0 0.981197 0.617548 0.037607 0.024038
0 0.981197 0.643750 0.037607 0.025962
0 0.920085 0.637500 0.058120 0.034135
0 0.850855 0.645673 0.054701 0.046154
0 0.722650 0.642067 0.050427 0.040865
0 0.260043 0.713942 0.026923 0.051923
0 0.286966 0.713702 0.023504 0.049038
0 0.313248 0.712620 0.023077 0.051202
0 0.325855 0.805529 0.064530 0.021635
0 0.290598 0.765024 0.030769 0.023317
0 0.217094 0.798317 0.042735 0.032212
0 0.175641 0.803846 0.033333 0.025000
0 0.136111 0.801803 0.039744 0.023317
0 0.076496 0.788101 0.038462 0.048798
0 0.390171 0.780288 0.062393 0.021635
0 0.036966 0.789784 0.025214 0.047356
0 0.977137 0.707812 0.045726 0.025721
0 0.921368 0.706971 0.060684 0.026442
0 0.853846 0.724639 0.064103 0.027163
0 0.773932 0.720673 0.092308 0.037500
0 0.679060 0.718510 0.086325 0.037981
0 0.412607 0.733173 0.070513 0.012019
0 0.011538 0.790144 0.023077 0.050481
0 0.394444 0.803365 0.058974 0.021635
0 0.435256 0.791106 0.018376 0.052404
0 0.456624 0.791707 0.020085 0.051202
0 0.337179 0.712380 0.022222 0.050721
0 0.362821 0.712260 0.023932 0.052885
0 0.412607 0.718149 0.067094 0.014183
0 0.982265 0.794111 0.035470 0.046875
0 0.926709 0.793269 0.071368 0.045192
0 0.926496 0.764543 0.079487 0.006010
0 0.923932 0.752644 0.061538 0.012019
0 0.843803 0.789303 0.073077 0.057933
0 0.780556 0.786058 0.044017 0.060577
0 0.722009 0.772476 0.049145 0.033413
0 0.657051 0.789663 0.033761 0.049519
0 0.610470 0.793510 0.050855 0.043269
0 0.545085 0.802885 0.062821 0.025481
0 0.500641 0.790264 0.018376 0.050721
0 0.478632 0.788462 0.019658 0.051923
0 0.342308 0.581130 0.035897 0.043029
0 0.295940 0.574038 0.050000 0.049519
0 0.590385 0.714784 0.084188 0.034856
0 0.214530 0.575361 0.029060 0.052163
0 0.596368 0.398438 0.091880 0.049279
0 0.693590 0.398558 0.090598 0.047115
0 0.775427 0.396394 0.046581 0.054327
0 0.817308 0.393990 0.027778 0.051923
0 0.859402 0.396875 0.042735 0.055288
0 0.899359 0.396514 0.032906 0.052163
0 0.926923 0.458053 0.071795 0.031010
0 0.938248 0.487019 0.050000 0.022115
0 0.045299 0.453486 0.058120 0.044471
0 0.135470 0.504447 0.050427 0.041106
0 0.193803 0.507332 0.040598 0.037740
0 0.065171 0.528606 0.049145 0.041346
0 0.017094 0.525962 0.034188 0.047115
0 0.243162 0.493029 0.046154 0.075481
0 0.483761 0.391466 0.062393 0.062740
0 0.293590 0.494832 0.048718 0.076683
0 0.381410 0.514062 0.032906 0.038221
0 0.420726 0.512260 0.038034 0.049519
0 0.461538 0.513702 0.034188 0.038942
0 0.503846 0.507933 0.041026 0.050481
0 0.547009 0.505529 0.037607 0.046154
0 0.588462 0.511659 0.035043 0.043990
0 0.635043 0.514062 0.051282 0.033894
0 0.752991 0.512861 0.054701 0.043029
0 0.810043 0.511538 0.050000 0.046154
0 0.871795 0.512019 0.062393 0.047115
0 0.924786 0.541707 0.035043 0.032933
0 0.959615 0.541106 0.026923 0.034615
0 0.970513 0.576082 0.036752 0.032933
0 0.929487 0.574639 0.040171 0.027163
0 0.348291 0.514303 0.028205 0.040144
0 0.412607 0.392548 0.067094 0.062500
0 0.345513 0.392668 0.059402 0.065144
0 0.030342 0.187500 0.044444 0.065385
0 0.288889 0.392308 0.047863 0.057692
0 0.224573 0.390625 0.066239 0.058654
0 0.103632 0.391827 0.048291 0.063462
0 0.037393 0.380409 0.062821 0.043029
0 0.039957 0.349279 0.059402 0.014904
0 0.895726 0.293870 0.066667 0.069471
0 0.819017 0.303365 0.080769 0.047115
0 0.736966 0.304567 0.075641 0.044712
0 0.661325 0.294351 0.067094 0.065144
0 0.593376 0.293269 0.061111 0.065865
0 0.520513 0.303606 0.074359 0.046635
0 0.445940 0.294591 0.067949 0.066106
0 0.375641 0.294111 0.062393 0.065625
0 0.311325 0.294471 0.063675 0.068269
0 0.229060 0.302524 0.066667 0.046394
0 0.161538 0.299760 0.062393 0.051442
0 0.095085 0.293510 0.063675 0.062019
0 0.082479 0.180288 0.050427 0.084615
0 0.146795 0.196755 0.056838 0.049279
0 0.207906 0.198197 0.060256 0.046394
0 0.269658 0.184014 0.053846 0.069952
0 0.341026 0.191707 0.078632 0.056971
0 0.426068 0.188101 0.069231 0.071394
0 0.882906 0.587740 0.036752 0.035577
0 0.249359 0.581370 0.033761 0.043510
0 0.588248 0.187139 0.075641 0.069471
0 0.746581 0.186779 0.074359 0.064423
0 0.820940 0.188582 0.055556 0.065144
0 0.876282 0.195312 0.048291 0.052163
0 0.921368 0.193990 0.035043 0.052885
0 0.025214 0.275601 0.050427 0.053606
0 0.502350 0.189062 0.079060 0.068990
0 0.124145 0.557091 0.048291 0.015625
0 0.695940 0.512740 0.054274 0.046154
0 0.182692 0.584014 0.031197 0.037260
0 0.144872 0.586418 0.036752 0.035337
0 0.070726 0.616346 0.047436 0.074519
0 0.017094 0.615385 0.034188 0.072596
0 0.109615 0.584495 0.027778 0.031490
