0 0.252865 0.623828 0.045312 0.083594
0 0.323958 0.617969 0.046875 0.077344
0 0.370573 0.613086 0.031771 0.090234
0 0.417187 0.608203 0.044792 0.079687
0 0.459115 0.601367 0.032813 0.087109
0 0.752083 0.578906 0.033333 0.072656
0 0.562240 0.600195 0.050521 0.080078
0 0.658594 0.586133 0.034896 0.074609
0 0.703906 0.585938 0.042188 0.068750
0 0.206250 0.627148 0.038542 0.083984
0 0.505469 0.598047 0.051562 0.076563
0 0.615625 0.592383 0.041667 0.074609
0 0.502083 0.496484 0.044792 0.100781
0 0.872917 0.477734 0.035417 0.080469
0 0.826562 0.480078 0.051042 0.085156
0 0.777083 0.486328 0.041667 0.087500
0 0.735417 0.487500 0.041667 0.085156
0 0.689063 0.488672 0.047917 0.078125
0 0.639583 0.487500 0.041667 0.087500
0 0.597917 0.492773 0.051042 0.091016
0 0.550000 0.493945 0.051042 0.095703
0 0.451823 0.502344 0.043229 0.091406
0 0.409375 0.501758 0.044792 0.092578
0 0.363021 0.505469 0.044792 0.111719
0 0.309375 0.504687 0.042708 0.100781
0 0.791406 0.578320 0.041146 0.067578
0 0.968229 0.487500 0.063542 0.046875
0 0.837500 0.575781 0.044792 0.074219
0 0.297917 0.860742 0.068750 0.122266
0 0.950000 0.567383 0.056250 0.063672
0 0.946354 0.778906 0.095833 0.049219
0 0.853125 0.776367 0.068750 0.099609
0 0.713021 0.797266 0.080208 0.103125
0 0.636979 0.804492 0.068750 0.115234
0 0.555469 0.823828 0.081771 0.146094
0 0.467708 0.836328 0.081250 0.121094
0 0.376563 0.848242 0.071875 0.130859
0 0.251042 0.508984 0.054167 0.096875
0 0.228646 0.871680 0.060417 0.141797
0 0.130208 0.897461 0.116667 0.118359
0 0.879687 0.657422 0.036458 0.075781
0 0.834896 0.665625 0.045833 0.069531
0 0.792188 0.674023 0.039583 0.083984
0 0.886198 0.570703 0.039062 0.069531
0 0.748698 0.680469 0.042188 0.078125
0 0.650000 0.688477 0.043750 0.072266
0 0.607292 0.692578 0.037500 0.082812
0 0.551042 0.698828 0.053125 0.078906
0 0.498958 0.707812 0.044792 0.082812
0 0.446354 0.712891 0.055208 0.080469
0 0.395052 0.709375 0.042188 0.085156
0 0.347135 0.720117 0.035937 0.073047
0 0.298958 0.721289 0.051042 0.089453
0 0.246094 0.722656 0.028646 0.071094
0 0.122656 0.744336 0.085938 0.137109
0 0.037500 0.748242 0.071875 0.133984
0 0.925000 0.657813 0.046875 0.073438
0 0.982031 0.641797 0.035937 0.055469
0 0.697656 0.682617 0.046354 0.073828
0 0.204687 0.510938 0.041667 0.103125
0 0.924740 0.294336 0.040104 0.044141
0 0.065365 0.588086 0.070312 0.130859
0 0.729167 0.264453 0.038542 0.092188
0 0.690625 0.262109 0.038542 0.087500
0 0.646615 0.260156 0.036979 0.091406
0 0.579427 0.252344 0.036979 0.096875
0 0.526042 0.257227 0.054167 0.094922
0 0.478906 0.252930 0.040104 0.088672
0 0.425260 0.252539 0.034896 0.104297
0 0.364583 0.252539 0.057292 0.106641
0 0.307031 0.250586 0.057813 0.115234
0 0.244010 0.248828 0.046354 0.116406
0 0.183073 0.254297 0.052604 0.103125
0 0.063281 0.263086 0.055729 0.135547
0 0.973958 0.176367 0.052083 0.048047
0 0.733073 0.152930 0.036979 0.077734
0 0.684375 0.152148 0.035417 0.086328
0 0.641927 0.152148 0.040104 0.086328
0 0.589844 0.143945 0.054688 0.088672
0 0.535677 0.142773 0.034896 0.088672
0 0.499740 0.135352 0.040104 0.086328
0 0.446615 0.137891 0.046354 0.083594
0 0.397135 0.121680 0.049479 0.097266
0 0.338021 0.119922 0.059375 0.107813
0 0.276562 0.122852 0.035417 0.104297
0 0.227865 0.120508 0.055729 0.118359
0 0.155990 0.114453 0.055729 0.096875
0 0.086458 0.101758 0.041667 0.119922
0 0.030729 0.107813 0.060417 0.100781
0 0.765885 0.263867 0.022396 0.086328
0 0.792969 0.264453 0.031771 0.087500
0 0.828125 0.259570 0.038542 0.090234
0 0.865625 0.260352 0.033333 0.086328
0 0.976302 0.412500 0.047396 0.060156
0 0.921615 0.414844 0.040104 0.055469
0 0.951042 0.348438 0.044792 0.049219
0 0.869792 0.374023 0.044792 0.079297
0 0.820312 0.372852 0.044792 0.086328
0 0.767969 0.375781 0.046354 0.085156
0 0.722656 0.372852 0.028646 0.081641
0 0.685937 0.373437 0.035417 0.094531
0 0.640365 0.372266 0.040104 0.096875
0 0.586719 0.378320 0.044271 0.090234
0 0.536979 0.376563 0.041667 0.096094
0 0.485156 0.380078 0.040104 0.089063
0 0.444531 0.380664 0.031771 0.090234
0 0.136719 0.585742 0.058854 0.130859
0 0.954167 0.835742 0.091667 0.028516
0 0.885677 0.907031 0.064062 0.114062
0 0.495573 0.957422 0.079687 0.085156
0 0.595313 0.951367 0.071875 0.097266
0 0.668229 0.947266 0.054167 0.103125
0 0.735417 0.930469 0.060417 0.100781
0 0.814583 0.916602 0.075000 0.113672
0 0.978125 0.290039 0.043750 0.052734
0 0.398698 0.386133 0.043229 0.095703
0 0.304427 0.385352 0.055729 0.106641
0 0.247135 0.384180 0.036979 0.104297
0 0.184635 0.384766 0.049479 0.103125
0 0.017969 0.425781 0.034896 0.132031
0 0.065625 0.431055 0.054167 0.118359
0 0.955990 0.919727 0.054688 0.055078
0 0.909635 0.162500 0.057813 0.087500
