0 0.848958 0.752075 0.149306 0.029541
0 0.863715 0.727905 0.120660 0.020264
0 0.476128 0.853516 0.137153 0.099121
0 0.605469 0.824585 0.126736 0.087158
0 0.845703 0.778442 0.141927 0.022705
0 0.712891 0.802124 0.088108 0.085693
0 0.843750 0.797485 0.147569 0.016846
0 0.083550 0.367188 0.044705 0.055664
0 0.030816 0.172363 0.041667 0.060547
0 0.084418 0.136108 0.054253 0.056396
0 0.082248 0.186279 0.046441 0.040039
0 0.088976 0.237305 0.055556 0.059570
0 0.024523 0.235962 0.045573 0.054443
0 0.029080 0.287109 0.040799 0.046875
0 0.084852 0.311035 0.047309 0.055664
0 0.026476 0.342163 0.040799 0.055908
0 0.319661 0.881348 0.158420 0.090820
0 0.844835 0.817627 0.140191 0.020508
0 0.129557 0.927734 0.210503 0.133301
0 0.877170 0.608765 0.053819 0.034912
0 0.578993 0.706909 0.101562 0.056885
0 0.719835 0.631226 0.048177 0.021729
0 0.452908 0.656982 0.045573 0.027344
0 0.506293 0.654175 0.049913 0.028564
0 0.564236 0.644165 0.052083 0.027100
0 0.615234 0.642334 0.048177 0.024902
0 0.669922 0.635254 0.047309 0.022949
0 0.934896 0.582153 0.067708 0.026611
0 0.940972 0.609131 0.054688 0.027832
0 0.941840 0.637817 0.065104 0.025635
0 0.948134 0.666016 0.061198 0.029297
0 0.824219 0.611328 0.053819 0.029785
0 0.029297 0.397949 0.042101 0.048340
0 0.819227 0.644897 0.055990 0.028564
0 0.824870 0.678955 0.066406 0.032227
0 0.884766 0.674805 0.049045 0.031250
0 0.287109 0.761230 0.154080 0.096680
0 0.466363 0.737671 0.116753 0.094971
0 0.725911 0.703613 0.126302 0.081543
0 0.038845 0.446533 0.044705 0.044434
0 0.121528 0.744507 0.051215 0.041748
0 0.048611 0.496338 0.039931 0.049805
0 0.872179 0.197510 0.064670 0.032715
0 0.937500 0.199951 0.064236 0.031250
0 0.867622 0.230957 0.063368 0.030762
0 0.935330 0.232178 0.068576 0.031250
0 0.866536 0.263672 0.077691 0.030762
0 0.932509 0.264404 0.054253 0.030762
0 0.979167 0.266968 0.041667 0.036377
0 0.154948 0.194824 0.065104 0.038574
0 0.228299 0.200195 0.065104 0.033203
0 0.168837 0.228394 0.068576 0.025635
0 0.234158 0.229126 0.060330 0.025635
0 0.312066 0.229614 0.081597 0.039307
0 0.408637 0.233276 0.111545 0.031006
0 0.509766 0.242188 0.089844 0.033203
0 0.595269 0.217163 0.085503 0.032959
0 0.682943 0.223022 0.087240 0.026611
0 0.768663 0.228027 0.085938 0.031738
0 0.598524 0.247803 0.084201 0.029785
0 0.682075 0.252686 0.085503 0.030762
0 0.946615 0.166016 0.066840 0.037598
0 0.089193 0.438843 0.031684 0.063232
0 0.869792 0.159424 0.079861 0.038086
0 0.683811 0.172241 0.091580 0.028076
0 0.110026 0.528442 0.044705 0.061279
0 0.051215 0.553955 0.041667 0.059570
0 0.052083 0.611694 0.043403 0.049072
0 0.112413 0.647461 0.053819 0.042480
0 0.033854 0.662354 0.039062 0.047363
0 0.118924 0.697266 0.042535 0.050293
0 0.070964 0.709229 0.025608 0.069824
0 0.770399 0.624634 0.041667 0.026611
0 0.066406 0.796509 0.055556 0.049561
0 0.122830 0.829346 0.041667 0.048828
0 0.096571 0.085327 0.070747 0.034912
0 0.167969 0.092041 0.065104 0.030273
0 0.242188 0.095703 0.080729 0.037598
0 0.160156 0.123169 0.063368 0.028564
0 0.232422 0.130493 0.081163 0.027100
0 0.499132 0.149170 0.095486 0.037109
0 0.594401 0.160889 0.088108 0.037598
0 0.682943 0.139404 0.085503 0.038086
0 0.771050 0.149780 0.077691 0.030518
0 0.768663 0.178833 0.077257 0.026123
0 0.767578 0.596802 0.047309 0.026123
0 0.127170 0.783081 0.050347 0.033936
0 0.666233 0.609009 0.052083 0.025146
0 0.781250 0.346436 0.058160 0.022949
0 0.720486 0.346802 0.062500 0.022217
0 0.655816 0.346436 0.067708 0.022949
0 0.774306 0.324097 0.044271 0.024170
0 0.724609 0.321899 0.056858 0.026611
0 0.656901 0.321655 0.069878 0.026123
0 0.563802 0.331421 0.096354 0.027588
0 0.718533 0.606201 0.050781 0.026855
0 0.470486 0.327026 0.092882 0.034912
0 0.381510 0.326782 0.082465 0.034424
0 0.305339 0.326416 0.072483 0.035645
0 0.234375 0.326782 0.057292 0.031982
0 0.169705 0.326172 0.065972 0.030762
0 0.778429 0.299072 0.043837 0.024902
0 0.726128 0.296387 0.058160 0.024414
0 0.660156 0.294800 0.068576 0.025146
0 0.565104 0.301880 0.098958 0.032471
0 0.470703 0.292603 0.088976 0.034912
0 0.383681 0.293091 0.078125 0.032959
0 0.304688 0.288818 0.078993 0.036133
0 0.230035 0.294922 0.064236 0.029297
0 0.863932 0.330200 0.084635 0.041260
0 0.158637 0.292114 0.068142 0.033936
0 0.861111 0.389648 0.090278 0.075195
0 0.391059 0.491943 0.080729 0.045898
0 0.291667 0.375732 0.122396 0.028809
0 0.196398 0.380127 0.058594 0.038086
0 0.138672 0.379639 0.056858 0.039062
0 0.947049 0.406738 0.066840 0.031250
0 0.946832 0.376221 0.070747 0.029785
0 0.942057 0.346191 0.061198 0.029297
0 0.410590 0.376587 0.099826 0.029053
0 0.511502 0.376587 0.101128 0.028564
0 0.289280 0.413574 0.101128 0.038086
0 0.401042 0.414429 0.121528 0.035889
0 0.511719 0.411621 0.093750 0.029785
0 0.606337 0.388550 0.074653 0.020264
0 0.692708 0.388550 0.092882 0.025635
0 0.770616 0.387939 0.061198 0.023438
0 0.609158 0.412964 0.093316 0.026611
0 0.693142 0.414917 0.077257 0.023193
0 0.764540 0.413086 0.065538 0.020996
0 0.138238 0.417480 0.064670 0.036621
0 0.203993 0.417725 0.065104 0.036133
0 0.186632 0.500610 0.108507 0.049561
0 0.296007 0.496948 0.106771 0.056396
0 0.939453 0.313232 0.064670 0.037109
0 0.769314 0.258057 0.084635 0.027344
0 0.876085 0.644043 0.060330 0.030762
0 0.406901 0.587646 0.083767 0.031250
0 0.714627 0.488770 0.112413 0.023438
0 0.176432 0.655029 0.071615 0.027832
0 0.707031 0.463867 0.117188 0.014648
0 0.873047 0.474854 0.155816 0.036621
0 0.199870 0.564209 0.097656 0.025391
0 0.209201 0.594727 0.121528 0.035645
0 0.848090 0.536743 0.134549 0.027588
0 0.179470 0.686157 0.069010 0.035400
0 0.269097 0.646606 0.105903 0.027100
0 0.375217 0.636719 0.085503 0.028320
0 0.863932 0.506714 0.125434 0.024658
0 0.651259 0.563843 0.075087 0.026611
0 0.577474 0.493286 0.127170 0.028076
0 0.726780 0.530884 0.087240 0.034424
0 0.406467 0.553589 0.087240 0.034912
0 0.318142 0.588135 0.094618 0.029297
0 0.638455 0.533936 0.082465 0.028809
0 0.270833 0.676636 0.092882 0.025146
0 0.371094 0.667603 0.098090 0.026611
0 0.453776 0.628906 0.063802 0.023926
0 0.508898 0.624023 0.042969 0.031738
0 0.560981 0.617188 0.057726 0.023438
0 0.615234 0.613525 0.048177 0.032227
0 0.495009 0.572021 0.084635 0.036133
0 0.574870 0.568726 0.073351 0.041260
0 0.315538 0.556641 0.097222 0.028320
0 0.473090 0.497070 0.081597 0.035645
