0 0.394010 0.498437 0.047396 0.060156
0 0.442188 0.494727 0.045833 0.058984
0 0.503906 0.467969 0.035937 0.098437
0 0.545573 0.460156 0.033854 0.100000
0 0.585938 0.442383 0.043750 0.058984
0 0.630469 0.439844 0.041146 0.049219
0 0.671875 0.435156 0.038542 0.047656
0 0.710938 0.453516 0.037500 0.049219
0 0.940104 0.422070 0.016667 0.051172
0 0.831250 0.524023 0.029167 0.073828
0 0.870573 0.515039 0.045312 0.076172
0 0.915885 0.506836 0.041146 0.072266
0 0.802865 0.534961 0.022396 0.052734
0 0.958594 0.500000 0.036979 0.067969
0 0.675260 0.551367 0.028646 0.081641
0 0.706250 0.548633 0.031250 0.073828
0 0.759896 0.543555 0.056250 0.055859
0 0.884115 0.419141 0.033854 0.077344
0 0.916406 0.415234 0.025521 0.069531
0 0.961979 0.421484 0.023958 0.054688
0 0.989844 0.509961 0.020313 0.033203
0 0.741406 0.812305 0.035937 0.048047
0 0.881771 0.629492 0.030208 0.026953
0 0.167708 0.639844 0.051042 0.095312
0 0.114062 0.657227 0.050000 0.085547
0 0.059896 0.669141 0.046875 0.079687
0 0.017188 0.672852 0.034375 0.083984
0 0.245312 0.626367 0.044792 0.077734
0 0.290365 0.623047 0.040104 0.076563
0 0.334115 0.615039 0.043229 0.073047
0 0.050521 0.052148 0.101042 0.096484
0 0.192708 0.971094 0.081250 0.057813
0 0.264323 0.938086 0.066146 0.101953
0 0.381510 0.911719 0.078646 0.083594
0 0.029427 0.808203 0.058854 0.078125
0 0.538542 0.865234 0.045833 0.052344
0 0.625521 0.840430 0.041667 0.057422
0 0.667969 0.827539 0.039062 0.052734
0 0.706250 0.819531 0.032292 0.050781
0 0.986198 0.578516 0.026562 0.064062
0 0.988802 0.723242 0.021354 0.051172
0 0.956250 0.735742 0.035417 0.048828
0 0.923438 0.747656 0.030208 0.057813
0 0.878646 0.760547 0.045833 0.051562
0 0.835677 0.772852 0.022396 0.055859
0 0.807031 0.786523 0.030729 0.051172
0 0.774479 0.792969 0.029167 0.057031
0 0.583333 0.852539 0.039583 0.059766
0 0.928385 0.603711 0.058854 0.074609
0 0.090365 0.798242 0.058854 0.084766
0 0.237760 0.780664 0.055729 0.049609
0 0.881250 0.600977 0.031250 0.026953
0 0.851823 0.621875 0.028646 0.066406
0 0.648177 0.553711 0.020313 0.081641
0 0.619271 0.556055 0.036458 0.083984
0 0.573958 0.587695 0.043750 0.037891
0 0.498958 0.603125 0.036458 0.031250
0 0.460677 0.611523 0.039062 0.035547
0 0.417969 0.594336 0.034896 0.031641
0 0.419792 0.622852 0.036458 0.025391
0 0.378385 0.602539 0.043229 0.030078
0 0.378385 0.633008 0.040104 0.026953
0 0.145052 0.800000 0.045312 0.048438
0 0.351042 0.484180 0.034375 0.108203
0 0.776302 0.635938 0.042188 0.072656
0 0.733333 0.658984 0.039583 0.041406
0 0.695312 0.667773 0.032292 0.040234
0 0.662240 0.674609 0.022396 0.038281
0 0.631510 0.674414 0.040104 0.074609
0 0.586979 0.681445 0.045833 0.073828
0 0.519010 0.700000 0.046354 0.066406
0 0.468229 0.708984 0.047917 0.075000
0 0.421354 0.717187 0.045833 0.073438
0 0.374219 0.732617 0.044271 0.069922
0 0.327344 0.742188 0.046354 0.074219
0 0.818750 0.625586 0.038542 0.073828
0 0.307552 0.489844 0.046354 0.107031
0 0.888802 0.099219 0.029687 0.039844
0 0.216406 0.499609 0.042188 0.110156
0 0.598437 0.189258 0.037500 0.095703
0 0.563021 0.220898 0.029167 0.035547
0 0.526042 0.211133 0.040625 0.052734
0 0.478906 0.213281 0.049479 0.057031
0 0.379688 0.214648 0.048958 0.057422
0 0.331510 0.201172 0.045312 0.082812
0 0.281771 0.199414 0.051042 0.094141
0 0.226042 0.200195 0.055208 0.093359
0 0.175000 0.206055 0.042708 0.082422
0 0.132812 0.207227 0.039583 0.087109
0 0.150000 0.050586 0.063542 0.101172
0 0.220573 0.050195 0.064062 0.098047
0 0.335417 0.058789 0.019792 0.083203
0 0.640625 0.175586 0.045833 0.016797
0 0.372135 0.064648 0.043229 0.080078
0 0.521354 0.076758 0.047917 0.058984
0 0.568229 0.078320 0.045833 0.057422
0 0.612240 0.079492 0.038021 0.059766
0 0.647135 0.083984 0.028646 0.049219
0 0.680990 0.075781 0.036979 0.075000
0 0.743490 0.084375 0.043229 0.057031
0 0.783333 0.092383 0.033333 0.038672
0 0.821094 0.091016 0.035937 0.057813
0 0.856250 0.092383 0.030208 0.053516
0 0.919792 0.100586 0.029167 0.037891
0 0.952083 0.098047 0.034375 0.044531
0 0.985677 0.098633 0.028646 0.041016
0 0.260417 0.495312 0.043750 0.112500
0 0.420312 0.072070 0.051042 0.064453
0 0.638802 0.213672 0.042188 0.053125
0 0.471875 0.074609 0.047917 0.062500
0 0.770833 0.195898 0.031250 0.079297
0 0.743490 0.193750 0.020313 0.085156
0 0.055208 0.204297 0.110417 0.108594
0 0.074479 0.524805 0.118750 0.101953
0 0.079427 0.358008 0.056771 0.096484
0 0.150781 0.364648 0.076563 0.077734
0 0.220573 0.354883 0.051562 0.090234
0 0.277604 0.347070 0.053125 0.096484
0 0.399740 0.366211 0.032813 0.053516
0 0.442188 0.360938 0.052083 0.055469
0 0.486719 0.355664 0.038021 0.050391
0 0.526042 0.353320 0.040625 0.049609
0 0.571615 0.350195 0.043229 0.048828
0 0.633333 0.345313 0.077083 0.054688
0 0.691406 0.338281 0.038021 0.052344
0 0.346094 0.369727 0.071354 0.052734
0 0.766406 0.334375 0.042188 0.046875
0 0.807813 0.195508 0.040625 0.076953
0 0.728125 0.335742 0.032292 0.051953
0 0.857292 0.211523 0.056250 0.044141
0 0.916146 0.209766 0.054167 0.042969
0 0.959375 0.210938 0.028125 0.032813
0 0.988281 0.210742 0.023438 0.034766
0 0.980208 0.318359 0.023958 0.034375
0 0.164583 0.504687 0.056250 0.110937
0 0.931771 0.308398 0.026042 0.069141
0 0.889323 0.318359 0.027604 0.054688
0 0.862240 0.316406 0.025521 0.072656
0 0.835417 0.314844 0.028125 0.072656
0 0.802865 0.332422 0.029687 0.045312
0 0.957292 0.318359 0.020833 0.036719
