0 0.546233 0.685457 0.055651 0.050240
0 0.263913 0.690264 0.057791 0.043510
0 0.203981 0.691346 0.056935 0.045192
0 0.023973 0.838341 0.043664 0.078125
0 0.026327 0.747957 0.052654 0.051202
0 0.145120 0.693750 0.055651 0.045192
0 0.084974 0.695673 0.059503 0.057212
0 0.074486 0.614904 0.047945 0.062500
0 0.119649 0.613221 0.027825 0.056731
0 0.153682 0.614062 0.032534 0.060817
0 0.234161 0.597596 0.017123 0.027885
0 0.200128 0.604327 0.035531 0.044231
0 0.269264 0.623197 0.048801 0.036779
0 0.322988 0.613462 0.050086 0.049038
0 0.375428 0.609736 0.049658 0.059375
0 0.428724 0.608654 0.050942 0.052885
0 0.478596 0.609255 0.047089 0.051202
0 0.539170 0.605048 0.060360 0.053846
0 0.605308 0.619231 0.053082 0.022596
0 0.607663 0.593269 0.051798 0.026923
0 0.660531 0.602764 0.046233 0.046875
0 0.721961 0.606130 0.061216 0.050721
0 0.791952 0.597837 0.053082 0.041827
0 0.332620 0.688702 0.046233 0.045673
0 0.382705 0.688702 0.047089 0.045673
0 0.430437 0.689543 0.043236 0.047356
0 0.485231 0.688702 0.056935 0.049519
0 0.648116 0.442308 0.062500 0.078846
0 0.590325 0.449880 0.046233 0.061298
0 0.544949 0.450240 0.039384 0.062019
0 0.496361 0.446394 0.051798 0.070673
0 0.442637 0.446394 0.049658 0.070673
0 0.385488 0.444712 0.045805 0.075481
0 0.322560 0.450601 0.070634 0.059856
0 0.383134 0.759615 0.046233 0.044712
0 0.443707 0.759856 0.051798 0.050481
0 0.498288 0.758774 0.045377 0.051202
0 0.231807 0.466226 0.104880 0.037740
0 0.550514 0.754687 0.046233 0.054087
0 0.650257 0.753125 0.047945 0.048077
0 0.708476 0.747115 0.058219 0.044231
0 0.778682 0.746394 0.064212 0.048077
0 0.856378 0.744231 0.082620 0.049038
0 0.935574 0.743389 0.066353 0.042067
0 0.928724 0.675000 0.100599 0.045192
0 0.824700 0.675120 0.098887 0.051202
0 0.726670 0.673077 0.080908 0.044231
0 0.637414 0.675481 0.087329 0.040865
0 0.896618 0.523197 0.028682 0.054567
0 0.597603 0.752524 0.045377 0.051683
0 0.133990 0.463341 0.077055 0.042548
0 0.058005 0.458774 0.073202 0.052163
0 0.936858 0.351923 0.126284 0.035577
0 0.666310 0.170192 0.041524 0.073558
0 0.623716 0.167788 0.033390 0.063462
0 0.584118 0.171875 0.030394 0.047115
0 0.553082 0.171995 0.026541 0.047356
0 0.505137 0.168990 0.045377 0.049519
0 0.403253 0.153606 0.134418 0.097115
0 0.256849 0.153486 0.125000 0.091106
0 0.149401 0.156130 0.077055 0.083894
0 0.088185 0.153486 0.041952 0.083413
0 0.030394 0.155649 0.058219 0.079567
0 0.708904 0.165144 0.034247 0.085577
0 0.205908 0.519351 0.065925 0.028125
0 0.300086 0.518269 0.038527 0.025962
0 0.353810 0.536058 0.064640 0.048077
0 0.410959 0.532332 0.045377 0.052644
0 0.465753 0.529928 0.055651 0.055529
0 0.527611 0.529327 0.058647 0.057692
0 0.585188 0.530409 0.047089 0.055529
0 0.641267 0.529928 0.058219 0.054567
0 0.694563 0.530168 0.043236 0.052163
0 0.744435 0.530168 0.047089 0.056971
0 0.796233 0.525000 0.037671 0.052885
0 0.244863 0.548317 0.143836 0.026442
0 0.750214 0.173197 0.041524 0.074279
0 0.801584 0.163341 0.038099 0.083894
0 0.839683 0.162740 0.032962 0.085577
0 0.771404 0.351562 0.131849 0.042548
0 0.661387 0.351442 0.071918 0.045673
0 0.582192 0.364663 0.070205 0.027404
0 0.574486 0.336899 0.064212 0.021394
0 0.450342 0.349639 0.151541 0.038702
0 0.273973 0.351562 0.183219 0.042548
0 0.970462 0.272476 0.059075 0.065144
0 0.904966 0.267188 0.062500 0.073317
0 0.808647 0.276562 0.110445 0.059856
0 0.636986 0.265745 0.070205 0.065144
0 0.565283 0.268990 0.059503 0.057692
0 0.495291 0.267668 0.069349 0.060817
0 0.428082 0.277885 0.054795 0.049038
0 0.360873 0.272957 0.071918 0.064663
0 0.293878 0.270433 0.059503 0.066346
0 0.220890 0.262500 0.062500 0.075000
0 0.124358 0.263582 0.072346 0.074279
0 0.046019 0.263822 0.080908 0.077644
0 0.867295 0.601322 0.049658 0.051683
0 0.930223 0.599159 0.041096 0.055529
0 0.951413 0.527284 0.059503 0.051683
0 0.969178 0.153125 0.061644 0.098558
0 0.898973 0.162139 0.070205 0.081490
0 0.709546 0.442067 0.051798 0.075962
0 0.769906 0.452284 0.061216 0.055529
0 0.848673 0.524880 0.060360 0.055048
0 0.202055 0.834976 0.077055 0.064663
0 0.893836 0.450361 0.047945 0.059856
0 0.949486 0.453125 0.055651 0.054327
0 0.075771 0.516707 0.088185 0.028125
0 0.074914 0.549159 0.080479 0.033413
0 0.141053 0.532332 0.037243 0.056490
0 0.895548 0.820553 0.111301 0.050721
0 0.725813 0.829567 0.092894 0.058173
0 0.834760 0.453365 0.065925 0.054808
0 0.407534 0.835577 0.064212 0.064904
0 0.471961 0.832572 0.060360 0.063221
0 0.088399 0.765986 0.051798 0.055048
0 0.149187 0.768029 0.052654 0.057692
0 0.210616 0.760337 0.047089 0.049038
0 0.264341 0.759255 0.044092 0.052163
0 0.326413 0.757692 0.052654 0.049038
0 0.119435 0.839063 0.080479 0.068029
0 0.281250 0.833413 0.077911 0.065865
