0 0.131332 0.754749 0.033088 0.094056
0 0.292075 0.154871 0.042484 0.084865
0 0.047590 0.756587 0.050245 0.097733
0 0.781046 0.350490 0.044118 0.043505
0 0.822100 0.349571 0.036356 0.043505
0 0.875613 0.354779 0.064951 0.037990
0 0.878881 0.313266 0.060049 0.041360
0 0.955474 0.331648 0.089052 0.081801
0 0.165033 0.405025 0.042484 0.018995
0 0.213848 0.406403 0.046160 0.021140
0 0.167279 0.431373 0.038807 0.028799
0 0.209967 0.435202 0.043301 0.032169
0 0.145833 0.476409 0.053922 0.039216
0 0.203636 0.476562 0.058415 0.040748
0 0.266340 0.464920 0.048203 0.034620
0 0.278799 0.416360 0.040441 0.029412
0 0.732639 0.350184 0.046160 0.041667
0 0.320057 0.415748 0.037173 0.030025
0 0.361928 0.476256 0.050654 0.035846
0 0.416462 0.476869 0.057598 0.034007
0 0.413603 0.440411 0.060049 0.034620
0 0.407475 0.408548 0.051879 0.026042
0 0.468750 0.457721 0.046977 0.063113
0 0.520629 0.464308 0.055964 0.065257
0 0.520425 0.412224 0.060458 0.033395
0 0.580474 0.415441 0.053105 0.046569
0 0.637868 0.418964 0.053513 0.048100
0 0.694444 0.419271 0.055556 0.050551
0 0.750817 0.415901 0.049020 0.041973
0 0.791258 0.411918 0.027778 0.032782
0 0.582516 0.466759 0.053105 0.050551
0 0.320670 0.451593 0.030229 0.029412
0 0.599469 0.283701 0.066585 0.056373
0 0.677288 0.342371 0.058007 0.057292
0 0.612949 0.343903 0.069036 0.059743
0 0.093137 0.133272 0.058824 0.134191
0 0.140727 0.135723 0.031454 0.131740
0 0.183824 0.131127 0.051471 0.136029
0 0.240400 0.130515 0.058415 0.139093
0 0.161969 0.035386 0.049428 0.055453
0 0.334763 0.153339 0.042075 0.087316
0 0.381536 0.149203 0.049020 0.092525
0 0.428717 0.149203 0.045343 0.092525
0 0.476307 0.149510 0.045752 0.090074
0 0.525531 0.150429 0.054330 0.087010
0 0.584559 0.121630 0.065359 0.144608
0 0.650940 0.120711 0.067402 0.142770
0 0.717116 0.119179 0.064134 0.146446
0 0.789828 0.120098 0.073938 0.147672
0 0.848448 0.124081 0.043301 0.139706
0 0.900940 0.122855 0.062500 0.147059
0 0.951389 0.124081 0.040033 0.139706
0 0.986111 0.123468 0.027778 0.139093
0 0.151348 0.266697 0.081291 0.047488
0 0.147672 0.335018 0.102533 0.085478
0 0.234681 0.335325 0.067402 0.083027
0 0.296569 0.333180 0.051471 0.081801
0 0.356005 0.337776 0.068219 0.075061
0 0.370507 0.266391 0.051471 0.065257
0 0.434436 0.277267 0.064951 0.114583
0 0.431577 0.353554 0.071487 0.042279
0 0.498162 0.344210 0.056781 0.059130
0 0.497345 0.284926 0.060049 0.060662
0 0.553513 0.344822 0.048203 0.059130
0 0.639297 0.468444 0.052288 0.047794
0 0.094363 0.756281 0.040850 0.096507
0 0.697100 0.469363 0.056781 0.046569
0 0.827410 0.434589 0.038807 0.041360
0 0.448734 0.676011 0.066585 0.020527
0 0.514910 0.681985 0.065768 0.019608
0 0.517361 0.699295 0.062500 0.010723
0 0.591095 0.689645 0.058007 0.062500
0 0.651961 0.691023 0.056373 0.048713
0 0.735294 0.700214 0.067810 0.068321
0 0.806577 0.699755 0.062500 0.070466
0 0.945057 0.686275 0.068219 0.025123
0 0.943627 0.710784 0.073529 0.018382
0 0.871324 0.693474 0.064542 0.070159
0 0.193219 0.855086 0.111928 0.079657
0 0.312908 0.853860 0.100490 0.030637
0 0.327614 0.783701 0.089052 0.028799
0 0.448734 0.696232 0.064951 0.016238
0 0.423815 0.795650 0.096814 0.022059
0 0.544526 0.848499 0.104575 0.032169
0 0.655637 0.847886 0.101307 0.037071
0 0.654616 0.880515 0.105801 0.028799
0 0.763072 0.848346 0.102941 0.034926
0 0.762663 0.879749 0.107843 0.030331
0 0.868873 0.855852 0.100490 0.031556
0 0.868873 0.884038 0.100490 0.023591
0 0.935458 0.866728 0.028595 0.047181
0 0.970792 0.867953 0.037990 0.045343
0 0.078840 0.395374 0.033497 0.101409
0 0.028391 0.655637 0.048611 0.099265
0 0.073529 0.655025 0.044118 0.099265
0 0.113562 0.649203 0.030229 0.092525
0 0.537990 0.882506 0.116013 0.032169
0 0.752655 0.467371 0.048611 0.053002
0 0.375817 0.691942 0.070261 0.082414
0 0.237132 0.705576 0.064134 0.066789
0 0.901961 0.413909 0.056373 0.039828
0 0.915645 0.463848 0.067402 0.053922
0 0.418913 0.591146 0.070670 0.049939
0 0.488766 0.596201 0.062500 0.053922
0 0.424632 0.551011 0.065768 0.018689
0 0.494485 0.550092 0.061683 0.013787
0 0.492851 0.562960 0.069036 0.008885
0 0.354984 0.594975 0.053922 0.045343
0 0.148897 0.584406 0.039624 0.073223
0 0.189747 0.585478 0.038807 0.072304
0 0.229167 0.585172 0.035948 0.071691
0 0.267770 0.586397 0.034722 0.073529
0 0.308007 0.585938 0.037582 0.073223
0 0.305351 0.703431 0.064951 0.063725
0 0.356005 0.545650 0.051879 0.045343
0 0.563521 0.542739 0.064134 0.011336
0 0.171977 0.689798 0.056373 0.097120
0 0.982843 0.590993 0.033497 0.052696
0 0.974877 0.554228 0.050245 0.018995
0 0.924224 0.587010 0.072304 0.047794
0 0.850899 0.581801 0.060458 0.043505
0 0.560866 0.527267 0.075980 0.017770
0 0.785948 0.609222 0.070261 0.030944
0 0.699551 0.540594 0.078023 0.048100
0 0.711601 0.591759 0.065359 0.050551
0 0.639706 0.594669 0.069444 0.053922
0 0.563930 0.594056 0.056781 0.055760
0 0.566789 0.559896 0.062500 0.008885
0 0.566993 0.552543 0.058824 0.006434
0 0.774101 0.569547 0.050654 0.040441
0 0.424837 0.876991 0.098856 0.043199
