0 0.180556 0.615809 0.066993 0.080270
0 0.817810 0.821998 0.046569 0.032475
0 0.578840 0.595282 0.118464 0.030025
0 0.483456 0.613358 0.055964 0.075368
0 0.425449 0.614430 0.054330 0.075674
0 0.365400 0.613358 0.055964 0.077819
0 0.302288 0.612745 0.070261 0.083946
0 0.241422 0.611520 0.035131 0.074142
0 0.111928 0.620404 0.057190 0.082721
0 0.765727 0.860294 0.047794 0.034926
0 0.908905 0.503523 0.043301 0.098346
0 0.867239 0.504136 0.040033 0.099571
0 0.808211 0.505974 0.062500 0.108150
0 0.750613 0.503676 0.049428 0.105392
0 0.701797 0.507812 0.048203 0.104473
0 0.647467 0.507200 0.048203 0.105699
0 0.595588 0.507812 0.043301 0.092218
0 0.692198 0.619792 0.102533 0.083946
0 0.040645 0.618719 0.055964 0.079350
0 0.804943 0.617494 0.078023 0.090993
0 0.465891 0.719975 0.055964 0.090074
0 0.961193 0.612132 0.077614 0.082721
0 0.027369 0.863358 0.053922 0.026348
0 0.975694 0.720588 0.048611 0.079044
0 0.918505 0.720588 0.059232 0.091299
0 0.853758 0.723039 0.070261 0.086397
0 0.787377 0.717065 0.059232 0.098346
0 0.725694 0.714614 0.054330 0.093444
0 0.663399 0.712316 0.066993 0.086397
0 0.597018 0.721814 0.059232 0.083946
0 0.528391 0.723039 0.069036 0.083946
0 0.545139 0.505974 0.032271 0.105699
0 0.399714 0.716299 0.051062 0.082721
0 0.338031 0.719975 0.055964 0.075368
0 0.276552 0.710478 0.051471 0.075368
0 0.215891 0.718137 0.051062 0.081495
0 0.159109 0.712776 0.046160 0.070772
0 0.092729 0.729013 0.073529 0.079350
0 0.021038 0.729013 0.041258 0.083640
0 0.885825 0.614583 0.054330 0.087623
0 0.503676 0.509038 0.044935 0.116115
0 0.580474 0.252451 0.038399 0.109069
0 0.044730 0.368719 0.054330 0.121017
0 0.708946 0.112132 0.049428 0.116422
0 0.657067 0.116268 0.047794 0.117341
0 0.609069 0.115196 0.038399 0.107843
0 0.556373 0.115196 0.051471 0.110294
0 0.510825 0.117494 0.046160 0.117341
0 0.457108 0.115656 0.035131 0.116115
0 0.415850 0.115196 0.038399 0.115196
0 0.372549 0.110907 0.044935 0.123775
0 0.257353 0.101409 0.153595 0.113971
0 0.147263 0.118719 0.057598 0.088542
0 0.095997 0.120404 0.028595 0.085172
0 0.037582 0.115656 0.068627 0.092218
0 0.386846 0.509038 0.041667 0.104473
0 0.340482 0.504902 0.047794 0.107843
0 0.286969 0.507200 0.046160 0.110600
0 0.238971 0.502298 0.040033 0.098346
0 0.192606 0.498162 0.052696 0.109069
0 0.760212 0.114430 0.053105 0.125919
0 0.444444 0.506587 0.057190 0.102022
0 0.806577 0.115656 0.042892 0.102022
0 0.022467 0.244638 0.044935 0.117341
0 0.945670 0.248315 0.065359 0.100797
0 0.884804 0.242953 0.043301 0.111520
0 0.836193 0.245864 0.048203 0.117341
0 0.775327 0.248162 0.048203 0.117647
0 0.730801 0.246324 0.038399 0.113971
0 0.682598 0.245098 0.041667 0.111520
0 0.631536 0.250000 0.035131 0.113971
0 0.102328 0.375153 0.044526 0.124694
0 0.528391 0.250000 0.042892 0.101716
0 0.482026 0.250000 0.036765 0.111520
0 0.430760 0.251225 0.052696 0.116422
0 0.377247 0.245711 0.057598 0.110294
0 0.319649 0.253523 0.051062 0.104473
0 0.262868 0.240962 0.052696 0.100797
0 0.211806 0.247702 0.049428 0.121017
0 0.141748 0.251225 0.073529 0.105392
0 0.078023 0.250306 0.044935 0.117647
0 0.931577 0.103094 0.136846 0.114890
0 0.092729 0.868107 0.054739 0.033395
0 0.581904 0.633732 0.105801 0.041973
0 0.537786 0.820772 0.055964 0.030025
0 0.218342 0.380821 0.049428 0.111520
0 0.161560 0.375306 0.064134 0.115196
0 0.956087 0.501225 0.044526 0.102941
0 0.708129 0.856771 0.051062 0.034620
0 0.652165 0.858456 0.047794 0.036152
0 0.595384 0.852022 0.052696 0.027574
0 0.532475 0.856618 0.051062 0.027574
0 0.481209 0.858456 0.038399 0.028799
0 0.271650 0.381434 0.041667 0.110294
0 0.424428 0.857843 0.062092 0.022672
0 0.423815 0.823223 0.051062 0.032475
0 0.364583 0.854933 0.051062 0.035846
0 0.311683 0.854320 0.044935 0.039522
0 0.257353 0.857843 0.051471 0.022672
0 0.204657 0.863358 0.048203 0.018995
0 0.258987 0.830270 0.048203 0.022672
0 0.207108 0.834559 0.036765 0.026348
0 0.148693 0.844056 0.044935 0.033701
0 0.482026 0.820159 0.046569 0.033701
0 0.321487 0.382506 0.041667 0.114890
0 0.768178 0.825061 0.052696 0.028799
0 0.431577 0.384191 0.051062 0.106618
0 0.816176 0.859681 0.046569 0.033701
0 0.869077 0.827206 0.055964 0.028799
0 0.928922 0.826134 0.063725 0.024203
0 0.872753 0.856618 0.051062 0.032475
0 0.925654 0.855392 0.048203 0.030025
0 0.367647 0.378370 0.044935 0.109069
0 0.133374 0.496936 0.049428 0.118873
0 0.074142 0.505974 0.055964 0.090993
0 0.979575 0.378983 0.040850 0.105392
0 0.974060 0.858609 0.051879 0.038297
0 0.482843 0.377604 0.035131 0.095895
0 0.874592 0.381893 0.044935 0.104473
0 0.820874 0.379442 0.055964 0.104473
0 0.768995 0.378370 0.047794 0.106618
0 0.720180 0.379596 0.043301 0.106618
0 0.672181 0.381281 0.055964 0.117341
0 0.573938 0.380055 0.041667 0.098346
0 0.532475 0.383732 0.047794 0.095895
0 0.932802 0.378830 0.049428 0.098346
