0 0.379698 0.190564 0.082925 0.104167
0 0.233864 0.745404 0.056781 0.042892
0 0.347631 0.745251 0.113562 0.068934
0 0.484886 0.743413 0.059641 0.057904
0 0.547386 0.743719 0.061275 0.060968
0 0.636029 0.748009 0.062092 0.064645
0 0.690359 0.751379 0.047386 0.049939
0 0.741217 0.750000 0.051062 0.047181
0 0.798611 0.751685 0.033497 0.048100
0 0.834967 0.751685 0.033497 0.050551
0 0.771855 0.060049 0.039624 0.103554
0 0.723652 0.081955 0.047794 0.059743
0 0.678105 0.067096 0.041667 0.082108
0 0.629493 0.081342 0.049020 0.058517
0 0.628472 0.026501 0.053513 0.045650
0 0.583333 0.073683 0.038399 0.068934
0 0.527778 0.094363 0.063725 0.025123
0 0.527369 0.068781 0.062908 0.023591
0 0.032271 0.056985 0.054739 0.073529
0 0.105188 0.055453 0.080474 0.037377
0 0.105188 0.087010 0.078023 0.022059
0 0.175449 0.041207 0.053513 0.018689
0 0.176879 0.062806 0.053922 0.021446
0 0.174837 0.086857 0.052288 0.021752
0 0.157067 0.732843 0.080474 0.048407
0 0.241626 0.027114 0.066585 0.027880
0 0.238562 0.085631 0.057190 0.024203
0 0.305760 0.060968 0.061683 0.026961
0 0.301879 0.088542 0.063725 0.025123
0 0.365400 0.062653 0.057598 0.078125
0 0.424020 0.079197 0.049020 0.051777
0 0.477941 0.068015 0.036765 0.072304
0 0.237949 0.058517 0.064951 0.029412
0 0.033292 0.740349 0.041258 0.060968
0 0.818219 0.082567 0.047386 0.060968
0 0.873162 0.059743 0.049428 0.022059
0 0.598039 0.311428 0.058824 0.098958
0 0.484069 0.311887 0.067810 0.097426
0 0.421364 0.327665 0.052696 0.062806
0 0.359681 0.308364 0.071487 0.097733
0 0.296160 0.307598 0.049020 0.096201
0 0.230392 0.325061 0.059641 0.060049
0 0.644812 0.215380 0.088644 0.063725
0 0.172181 0.323223 0.053513 0.063725
0 0.041871 0.320312 0.055147 0.064645
0 0.059232 0.195772 0.055556 0.069240
0 0.014910 0.201593 0.029820 0.061887
0 0.136438 0.186581 0.061275 0.098039
0 0.212623 0.187806 0.064951 0.096201
0 0.297181 0.197763 0.069853 0.080576
0 0.105188 0.302696 0.068219 0.100490
0 0.486724 0.196385 0.110703 0.098652
0 0.656250 0.333487 0.051879 0.057904
0 0.746528 0.217065 0.036356 0.062194
0 0.873366 0.081801 0.046569 0.021446
0 0.876225 0.103401 0.043301 0.021752
0 0.924428 0.081189 0.053922 0.072304
0 0.970180 0.087163 0.031863 0.065257
0 0.993668 0.087163 0.012663 0.062806
0 0.782680 0.216146 0.032680 0.065257
0 0.711193 0.322763 0.053922 0.081801
0 0.819240 0.214001 0.033088 0.067708
0 0.877247 0.219975 0.079657 0.055760
0 0.943423 0.209865 0.051062 0.080882
0 0.882557 0.315104 0.087010 0.097120
0 0.791667 0.315564 0.089052 0.098039
0 0.986520 0.210018 0.026961 0.081189
0 0.709355 0.216146 0.034722 0.062806
0 0.815564 0.440717 0.025735 0.078125
0 0.544118 0.328738 0.045752 0.067402
0 0.769812 0.437040 0.054330 0.079963
0 0.980801 0.439032 0.037582 0.082108
0 0.947917 0.546109 0.028186 0.084865
0 0.982435 0.542892 0.034314 0.094975
0 0.032271 0.646446 0.032680 0.091299
0 0.062908 0.647212 0.027778 0.088542
0 0.098652 0.652114 0.029820 0.081189
0 0.136846 0.653952 0.043301 0.075674
0 0.180351 0.652114 0.038807 0.079350
0 0.219567 0.652574 0.037990 0.077819
0 0.254698 0.654105 0.029003 0.075980
0 0.286765 0.654565 0.030229 0.076900
0 0.885825 0.539062 0.087827 0.099571
0 0.320261 0.654259 0.033497 0.076287
0 0.398489 0.648131 0.042075 0.092218
0 0.439951 0.652267 0.035948 0.079657
0 0.483864 0.652114 0.038807 0.081189
0 0.528595 0.645987 0.036765 0.086091
0 0.570466 0.648131 0.037990 0.085478
0 0.627247 0.666973 0.056781 0.063725
0 0.707516 0.644914 0.100490 0.057598
0 0.711397 0.685662 0.089461 0.023284
0 0.774714 0.660233 0.036356 0.064338
0 0.826797 0.661612 0.064542 0.074449
0 0.357843 0.649969 0.036765 0.084252
0 0.815564 0.547488 0.051062 0.078431
0 0.752042 0.542279 0.069444 0.093750
0 0.682598 0.544884 0.053922 0.080576
0 0.716503 0.434130 0.049020 0.081495
0 0.666258 0.435049 0.046569 0.080882
0 0.609273 0.443781 0.059232 0.060355
0 0.544118 0.444087 0.042484 0.060968
0 0.488971 0.438879 0.045752 0.067096
0 0.428922 0.424632 0.058824 0.098039
0 0.369894 0.438266 0.051062 0.070772
0 0.310866 0.437347 0.056373 0.066483
0 0.235703 0.425092 0.070261 0.091605
0 0.172998 0.432751 0.042892 0.076287
0 0.044730 0.434130 0.067402 0.069853
0 0.013480 0.547335 0.026961 0.070772
0 0.049020 0.548866 0.040850 0.064645
0 0.096609 0.534467 0.041258 0.092831
0 0.142565 0.535233 0.038399 0.087010
0 0.191381 0.539062 0.054330 0.085478
0 0.262868 0.535846 0.077206 0.088235
0 0.329248 0.540901 0.054739 0.079350
0 0.383374 0.546722 0.049428 0.071998
0 0.440359 0.544884 0.053105 0.075674
0 0.493668 0.543811 0.051879 0.078431
0 0.550041 0.546569 0.054330 0.076593
0 0.616422 0.538909 0.079248 0.096814
0 0.900327 0.661458 0.075163 0.074142
0 0.965278 0.316636 0.069444 0.105086
0 0.684232 0.833946 0.035131 0.077819
0 0.981618 0.748315 0.035948 0.056066
0 0.943832 0.748928 0.039624 0.057292
0 0.986520 0.667433 0.026961 0.067096
0 0.956904 0.667739 0.027369 0.065257
0 0.963644 0.834252 0.037582 0.078431
0 0.928513 0.836091 0.031046 0.082108
0 0.868464 0.750766 0.031046 0.051164
0 0.893587 0.847273 0.033905 0.080576
0 0.852533 0.844363 0.036765 0.079657
0 0.811683 0.844669 0.040033 0.080270
0 0.766136 0.843597 0.041258 0.080576
0 0.725082 0.845435 0.031863 0.079350
0 0.880923 0.437806 0.052696 0.079657
0 0.649101 0.840227 0.031046 0.085478
0 0.608047 0.840533 0.037173 0.090993
0 0.903595 0.750460 0.034314 0.050551
0 0.522059 0.839308 0.039216 0.088542
0 0.565768 0.842065 0.041667 0.084865
0 0.105392 0.834712 0.046569 0.089154
0 0.053717 0.835172 0.053513 0.075368
0 0.012459 0.834252 0.024918 0.075980
0 0.156454 0.832721 0.050654 0.087010
0 0.933415 0.438419 0.046569 0.082721
0 0.078840 0.740809 0.040850 0.069240
0 0.292688 0.836397 0.035539 0.090074
0 0.336193 0.836397 0.046569 0.092525
0 0.388685 0.839614 0.041258 0.086703
0 0.433211 0.837929 0.042075 0.088235
0 0.479575 0.838235 0.040033 0.088848
0 0.243873 0.836550 0.045752 0.087929
