0 0.048450 0.060562 0.069767 0.037791
0 0.098958 0.846738 0.062742 0.030039
0 0.718629 0.758075 0.073886 0.047158
0 0.796269 0.751615 0.072674 0.055556
0 0.797238 0.708979 0.074612 0.027132
0 0.798571 0.681686 0.075824 0.023579
0 0.721172 0.702681 0.074612 0.059755
0 0.640867 0.753876 0.077762 0.046512
0 0.636991 0.709948 0.074370 0.032946
0 0.635780 0.680071 0.066134 0.022287
0 0.869792 0.738695 0.067587 0.076873
0 0.562621 0.756783 0.074855 0.053618
0 0.561894 0.687661 0.073401 0.029716
0 0.486434 0.753391 0.072674 0.052003
0 0.486313 0.712048 0.070494 0.025517
0 0.485102 0.685239 0.074855 0.022933
0 0.433866 0.741925 0.028101 0.074289
0 0.432171 0.688469 0.027616 0.029393
0 0.390988 0.742571 0.053295 0.073643
0 0.562379 0.716408 0.072917 0.025840
0 0.933987 0.689115 0.059351 0.044251
0 0.938227 0.743056 0.063469 0.059109
0 0.982800 0.689276 0.034399 0.042636
0 0.595082 0.838663 0.080184 0.079780
0 0.523256 0.869994 0.054748 0.077842
0 0.524588 0.813792 0.055959 0.030039
0 0.478198 0.865472 0.028585 0.095284
0 0.442708 0.878068 0.031734 0.071382
0 0.438832 0.822028 0.029312 0.036822
0 0.400315 0.886628 0.050630 0.063307
0 0.389535 0.827035 0.030523 0.052649
0 0.348595 0.824289 0.048450 0.045220
0 0.289729 0.882267 0.054748 0.077842
0 0.231468 0.883075 0.060320 0.069767
0 0.169816 0.878876 0.057655 0.063307
0 0.110465 0.886789 0.054264 0.046835
0 0.035610 0.098999 0.065407 0.034561
0 0.097505 0.818314 0.064196 0.023579
0 0.035974 0.875484 0.058866 0.084948
0 0.985707 0.744348 0.028585 0.057817
0 0.390383 0.689922 0.050630 0.029070
0 0.338663 0.734496 0.048450 0.078165
0 0.252059 0.768411 0.053052 0.043282
0 0.265383 0.720769 0.079215 0.045543
0 0.233164 0.631298 0.046269 0.052003
0 0.345325 0.564922 0.065649 0.055556
0 0.345809 0.626292 0.061289 0.060724
0 0.691497 0.628230 0.069525 0.055556
0 0.759569 0.622578 0.063227 0.044251
0 0.760780 0.571221 0.055475 0.053295
0 0.698886 0.582203 0.061531 0.031331
0 0.699976 0.546350 0.062258 0.035853
0 0.550993 0.619994 0.064680 0.057817
0 0.411701 0.560724 0.059351 0.047158
0 0.410368 0.618863 0.058140 0.065245
0 0.464632 0.560239 0.036822 0.050065
0 0.461967 0.617571 0.035368 0.064599
0 0.500727 0.612726 0.032461 0.071705
0 0.554869 0.561208 0.075339 0.053941
0 0.633358 0.560562 0.066618 0.066214
0 0.619065 0.624031 0.067103 0.058140
0 0.226865 0.570252 0.042393 0.064922
0 0.595567 0.904393 0.078246 0.045866
0 0.181807 0.600291 0.043362 0.115310
0 0.130208 0.570575 0.055475 0.057817
0 0.183018 0.747255 0.081638 0.069444
0 0.105378 0.734335 0.068314 0.075904
0 0.033309 0.744025 0.065649 0.074612
0 0.931807 0.601906 0.125727 0.076550
0 0.920058 0.542474 0.101260 0.035853
0 0.829578 0.580426 0.073886 0.104005
0 0.704215 0.464470 0.100291 0.080103
0 0.809714 0.461402 0.107316 0.080426
0 0.914002 0.435401 0.094477 0.128553
0 0.981347 0.436370 0.037306 0.125323
0 0.966449 0.236596 0.067103 0.070736
0 0.963905 0.297965 0.072190 0.047481
0 0.873910 0.236273 0.109738 0.068152
0 0.869307 0.298450 0.112161 0.050388
0 0.761507 0.239341 0.109738 0.065245
0 0.753513 0.300549 0.113614 0.050711
0 0.050024 0.606589 0.099079 0.097545
0 0.135296 0.628553 0.047238 0.054264
0 0.683503 0.836402 0.091812 0.075258
0 0.345082 0.883721 0.049661 0.067183
0 0.764293 0.855459 0.068314 0.075258
0 0.689075 0.078327 0.041909 0.059755
0 0.684230 0.029393 0.049176 0.036176
0 0.732316 0.027616 0.044089 0.034561
0 0.734375 0.078165 0.046269 0.063953
0 0.697796 0.142603 0.044816 0.062984
0 0.742975 0.142765 0.041667 0.063307
0 0.679021 0.895349 0.082849 0.037468
0 0.630935 0.146802 0.080669 0.062339
0 0.791546 0.138404 0.051599 0.071382
0 0.924055 0.060239 0.059351 0.075258
0 0.849079 0.136951 0.058624 0.071059
0 0.917636 0.135820 0.072190 0.072674
0 0.977471 0.057009 0.045058 0.075904
0 0.978198 0.135336 0.043605 0.076873
0 0.042030 0.256298 0.082607 0.075904
0 0.049782 0.330588 0.075339 0.065568
0 0.860223 0.060562 0.063953 0.075904
0 0.118096 0.307817 0.049661 0.105297
0 0.549782 0.146964 0.079215 0.058786
0 0.639898 0.094638 0.048692 0.033592
0 0.113009 0.093992 0.035126 0.047804
0 0.039244 0.156492 0.077035 0.073966
0 0.169695 0.153747 0.066134 0.064599
0 0.231105 0.150194 0.054264 0.071059
0 0.292272 0.147933 0.062258 0.075581
0 0.285974 0.079134 0.056928 0.057494
0 0.228198 0.085271 0.056686 0.049096
0 0.572069 0.098837 0.076793 0.029070
0 0.353319 0.145833 0.056444 0.086886
0 0.413275 0.056040 0.061047 0.083656
0 0.475412 0.052164 0.056928 0.087532
0 0.418968 0.141473 0.057897 0.085917
0 0.477108 0.141150 0.050630 0.083333
0 0.520712 0.086079 0.019622 0.060401
0 0.553537 0.071221 0.041182 0.022933
0 0.591691 0.060885 0.032219 0.040375
0 0.345325 0.054910 0.058866 0.087209
0 0.176841 0.314438 0.054748 0.095930
0 0.793726 0.061208 0.067587 0.078488
0 0.294574 0.323966 0.066860 0.074935
0 0.157825 0.491118 0.068072 0.069444
0 0.960150 0.877584 0.051599 0.041990
0 0.401042 0.410368 0.064196 0.052003
0 0.400073 0.473837 0.061289 0.069121
0 0.459181 0.410045 0.043362 0.051357
0 0.501575 0.409561 0.038033 0.052326
0 0.453004 0.471415 0.037791 0.067506
0 0.496851 0.471576 0.037306 0.068475
0 0.294574 0.247093 0.074128 0.076873
0 0.840480 0.853682 0.079700 0.077519
0 0.909641 0.827519 0.055717 0.054264
0 0.964995 0.825258 0.052083 0.054264
0 0.553779 0.410045 0.062984 0.059109
0 0.555111 0.474483 0.067103 0.062661
0 0.621366 0.474322 0.061531 0.056525
0 0.273740 0.410691 0.040698 0.050711
0 0.332485 0.474322 0.064196 0.072028
0 0.088178 0.489987 0.066860 0.057494
0 0.275436 0.475291 0.045543 0.072028
0 0.361919 0.247416 0.056202 0.069767
0 0.360828 0.319929 0.055475 0.070090
0 0.425993 0.244509 0.057897 0.065891
0 0.423086 0.319283 0.056444 0.077196
0 0.478803 0.252261 0.032703 0.049096
0 0.513929 0.251776 0.032219 0.048127
0 0.329215 0.414083 0.063469 0.042636
0 0.574976 0.292474 0.084060 0.115956
0 0.906977 0.879360 0.050872 0.046835
0 0.656977 0.295058 0.077035 0.104328
0 0.217175 0.474322 0.047238 0.079780
0 0.155523 0.420866 0.069283 0.065891
0 0.083939 0.425549 0.070979 0.069444
0 0.474927 0.315568 0.036095 0.074935
0 0.511628 0.315407 0.031492 0.074612
0 0.662912 0.224322 0.085029 0.033269
