0 0.977083 0.544727 0.028125 0.022266
0 0.881510 0.539062 0.029687 0.039844
0 0.913542 0.535937 0.030208 0.045312
0 0.948958 0.543555 0.027083 0.023047
0 0.929167 0.440430 0.026042 0.022266
0 0.867969 0.455664 0.025521 0.047266
0 0.712760 0.455078 0.054688 0.053125
0 0.757292 0.458008 0.034375 0.047266
0 0.792188 0.457031 0.035417 0.043750
0 0.844531 0.466211 0.022396 0.025391
0 0.645573 0.460742 0.057813 0.052734
0 0.849219 0.539453 0.035937 0.042188
0 0.800521 0.254102 0.042708 0.068359
0 0.777083 0.539648 0.035417 0.054297
0 0.742969 0.539258 0.031771 0.054297
0 0.698438 0.541016 0.056250 0.053906
0 0.641927 0.544727 0.054688 0.060547
0 0.589844 0.543359 0.047396 0.067187
0 0.537760 0.543750 0.049479 0.068750
0 0.461979 0.495703 0.055208 0.081250
0 0.951823 0.267773 0.034896 0.044922
0 0.920833 0.275781 0.025000 0.030469
0 0.884635 0.280078 0.043229 0.016406
0 0.836719 0.267969 0.030729 0.037500
0 0.895312 0.456445 0.029167 0.048047
0 0.810677 0.539062 0.031771 0.056250
0 0.923698 0.465430 0.026562 0.028516
0 0.134375 0.377344 0.119792 0.099219
0 0.974740 0.453516 0.032813 0.042969
0 0.758854 0.253320 0.037500 0.066797
0 0.505208 0.243945 0.019792 0.061328
0 0.473698 0.252930 0.028646 0.043359
0 0.434896 0.252344 0.048958 0.044531
0 0.381250 0.250781 0.057292 0.041406
0 0.322656 0.246680 0.063021 0.048047
0 0.258594 0.234570 0.058854 0.065234
0 0.411458 0.216016 0.047917 0.025781
0 0.361979 0.210742 0.045833 0.025391
0 0.192708 0.224219 0.061458 0.079687
0 0.133854 0.240820 0.057292 0.041797
0 0.072396 0.216211 0.052083 0.081641
0 0.948698 0.463477 0.017188 0.023828
0 0.020833 0.212695 0.041667 0.090234
0 0.250000 0.380859 0.107292 0.089844
0 0.348177 0.386523 0.079687 0.069141
0 0.448958 0.381836 0.088542 0.082422
0 0.564583 0.331445 0.041667 0.052734
0 0.609115 0.344336 0.046354 0.076172
0 0.654687 0.344336 0.041667 0.078516
0 0.709635 0.349023 0.056771 0.070703
0 0.779167 0.347461 0.067708 0.069922
0 0.836719 0.351367 0.036979 0.062109
0 0.909896 0.353711 0.051042 0.069922
0 0.952083 0.355469 0.033333 0.066406
0 0.985938 0.358789 0.027083 0.054297
0 0.034115 0.365625 0.060937 0.124219
0 0.719792 0.252148 0.040625 0.067578
0 0.821875 0.466211 0.022917 0.025391
0 0.637500 0.252539 0.026042 0.055078
0 0.632292 0.625391 0.070833 0.070312
0 0.555729 0.627930 0.081250 0.076953
0 0.960938 0.691602 0.022917 0.056641
0 0.938281 0.691406 0.017188 0.053906
0 0.906510 0.691797 0.047396 0.052344
0 0.858594 0.698047 0.041146 0.064844
0 0.817187 0.702734 0.039583 0.053125
0 0.777083 0.707227 0.038542 0.059766
0 0.729427 0.712891 0.045312 0.058594
0 0.681250 0.716797 0.050000 0.053125
0 0.631250 0.721875 0.052083 0.064062
0 0.584375 0.718945 0.040625 0.069141
0 0.925521 0.778125 0.026042 0.049219
0 0.902344 0.779492 0.018229 0.047266
0 0.879167 0.778906 0.023958 0.063281
0 0.804688 0.794922 0.040625 0.057813
0 0.764323 0.798047 0.040104 0.050781
0 0.710677 0.804492 0.049479 0.061328
0 0.655729 0.808398 0.051042 0.060547
0 0.587500 0.809766 0.075000 0.067187
0 0.508854 0.820312 0.077083 0.077344
0 0.440104 0.318750 0.088542 0.037500
0 0.323177 0.318750 0.085938 0.027344
0 0.572917 0.450977 0.043750 0.027734
0 0.581510 0.413672 0.040104 0.026562
0 0.547656 0.381641 0.058854 0.033594
0 0.676042 0.250781 0.043750 0.064844
0 0.702865 0.642578 0.068229 0.035156
0 0.769271 0.634766 0.064583 0.021094
0 0.541406 0.722070 0.042188 0.074609
0 0.871875 0.631055 0.048958 0.013672
0 0.553646 0.245898 0.044792 0.067578
0 0.823698 0.634766 0.046354 0.021875
0 0.594531 0.246094 0.033854 0.067969
0 0.387240 0.498047 0.093229 0.076563
0 0.294531 0.501172 0.075521 0.087500
0 0.208073 0.501367 0.098437 0.087109
0 0.094271 0.505078 0.118750 0.103125
0 0.474479 0.602539 0.070833 0.094922
0 0.392969 0.605664 0.091146 0.084766
0 0.227604 0.617578 0.079167 0.100000
0 0.117188 0.633008 0.117708 0.087109
0 0.491146 0.715625 0.051042 0.061719
0 0.426563 0.723047 0.055208 0.066406
0 0.364063 0.730469 0.061458 0.067969
0 0.309635 0.609375 0.075521 0.092969
0 0.950521 0.616211 0.030208 0.035547
0 0.916406 0.627148 0.038021 0.019141
0 0.290885 0.737305 0.071354 0.062891
0 0.981771 0.617773 0.029167 0.033203
0 0.076823 0.880469 0.078646 0.089063
0 0.244010 0.846094 0.077604 0.098437
0 0.163281 0.867773 0.083854 0.066016
0 0.429427 0.830078 0.079687 0.092188
0 0.048177 0.761328 0.089063 0.066406
0 0.136198 0.742383 0.063021 0.066797
0 0.213802 0.746875 0.077604 0.065625
0 0.342187 0.840234 0.091667 0.082812
