0 0.271038 0.880362 0.022467 0.058517
0 0.242647 0.870558 0.026961 0.047488
0 0.299632 0.837010 0.027369 0.039216
0 0.303309 0.880974 0.023284 0.046262
0 0.392157 0.317096 0.037582 0.028186
0 0.335580 0.880055 0.029820 0.033395
0 0.407475 0.817249 0.094363 0.026042
0 0.414216 0.856311 0.014706 0.014706
0 0.434641 0.856158 0.020425 0.011949
0 0.211193 0.878983 0.028595 0.061887
0 0.333946 0.839154 0.028186 0.044730
0 0.165441 0.869332 0.027778 0.056066
0 0.197917 0.761336 0.024918 0.021446
0 0.095792 0.872089 0.028186 0.054841
0 0.061683 0.872396 0.030229 0.053615
0 0.029616 0.871324 0.029820 0.049020
0 0.092525 0.824602 0.036356 0.036458
0 0.050858 0.828431 0.025735 0.028799
0 0.015319 0.826746 0.030637 0.036458
0 0.240400 0.781863 0.011029 0.023284
0 0.218342 0.785233 0.011029 0.023284
0 0.197917 0.778952 0.016748 0.013174
0 0.459967 0.856771 0.018791 0.011336
0 0.220180 0.760110 0.017157 0.017157
0 0.242647 0.759191 0.015523 0.015319
0 0.186887 0.736213 0.011846 0.025735
0 0.208129 0.735754 0.019199 0.020527
0 0.131127 0.873009 0.031863 0.049939
0 0.415441 0.870558 0.022876 0.008272
0 0.591503 0.818321 0.018791 0.011029
0 0.458129 0.870098 0.015114 0.013480
0 0.588644 0.843597 0.024510 0.008885
0 0.592525 0.832567 0.018382 0.010723
0 0.671773 0.820006 0.013480 0.016238
0 0.651552 0.816942 0.013889 0.014400
0 0.635212 0.818474 0.013072 0.015625
0 0.616626 0.819087 0.019199 0.016850
0 0.227328 0.738051 0.016748 0.023284
0 0.565155 0.826900 0.015931 0.008578
0 0.563113 0.838542 0.017565 0.011642
0 0.561479 0.850184 0.017565 0.013480
0 0.562908 0.866881 0.013889 0.016238
0 0.542279 0.866422 0.013480 0.015319
0 0.628268 0.844669 0.042484 0.039216
0 0.437092 0.867647 0.016340 0.011029
0 0.522263 0.838542 0.046977 0.036152
0 0.524101 0.867494 0.012255 0.017463
0 0.485498 0.864277 0.016748 0.015319
0 0.481413 0.847886 0.017565 0.006434
0 0.481413 0.835172 0.020833 0.009804
0 0.481822 0.821691 0.021650 0.008578
0 0.562296 0.810509 0.015931 0.010723
0 0.541258 0.809130 0.017974 0.009804
0 0.520833 0.808824 0.014706 0.009191
0 0.501021 0.812194 0.012663 0.011642
0 0.480392 0.808058 0.021242 0.011949
0 0.409722 0.884038 0.020425 0.015625
0 0.430760 0.884038 0.012663 0.010723
0 0.452002 0.884804 0.014297 0.012255
0 0.504902 0.867034 0.017974 0.020833
0 0.287990 0.779259 0.018791 0.015625
0 0.482435 0.727635 0.025327 0.023897
0 0.268791 0.762714 0.026961 0.008885
0 0.697100 0.184896 0.083742 0.010110
0 0.695670 0.196538 0.083333 0.010110
0 0.785743 0.159467 0.083742 0.010110
0 0.665441 0.729013 0.029412 0.016238
0 0.692810 0.714154 0.026144 0.007966
0 0.779820 0.175858 0.080065 0.007966
0 0.780433 0.185815 0.078840 0.010723
0 0.782271 0.197763 0.079248 0.010110
0 0.780637 0.209865 0.075980 0.008578
0 0.108660 0.293505 0.080065 0.099265
0 0.090482 0.358609 0.029003 0.023591
0 0.032067 0.352328 0.055147 0.039216
0 0.045343 0.314032 0.035131 0.034926
0 0.242443 0.341605 0.044526 0.050858
0 0.292892 0.341912 0.049020 0.055760
0 0.696078 0.173254 0.083333 0.010110
0 0.663603 0.713082 0.023284 0.010110
0 0.695670 0.161918 0.083333 0.010110
0 0.697712 0.211550 0.079248 0.011949
0 0.014093 0.170190 0.028186 0.121630
0 0.051879 0.165748 0.042484 0.123775
0 0.139093 0.180300 0.042075 0.097733
0 0.169935 0.178156 0.013072 0.095895
0 0.201185 0.166973 0.046160 0.121936
0 0.244690 0.207567 0.025327 0.038909
0 0.251430 0.174632 0.024101 0.025123
0 0.260621 0.149203 0.031046 0.020221
0 0.294935 0.191942 0.032680 0.055453
0 0.352124 0.198223 0.067810 0.052696
0 0.416871 0.195159 0.046160 0.055760
0 0.515931 0.173407 0.045752 0.097426
0 0.571283 0.181219 0.051062 0.084252
0 0.608864 0.179075 0.024101 0.078125
0 0.638072 0.198070 0.024510 0.043811
0 0.699551 0.146293 0.082925 0.014400
0 0.264910 0.777420 0.015931 0.011949
0 0.677696 0.775582 0.036765 0.032782
0 0.749592 0.769608 0.022876 0.049020
0 0.402982 0.762868 0.033088 0.013480
0 0.437092 0.761336 0.027778 0.010417
0 0.406863 0.779718 0.031863 0.016544
0 0.438317 0.780944 0.022059 0.018995
0 0.373366 0.763021 0.026144 0.020527
0 0.340482 0.767770 0.024101 0.025735
0 0.339257 0.738817 0.028186 0.024816
0 0.377247 0.741728 0.016748 0.023897
0 0.306168 0.732843 0.016748 0.010417
0 0.309845 0.748621 0.012663 0.011336
0 0.309641 0.763634 0.023693 0.015012
0 0.316381 0.777880 0.016748 0.017770
0 0.261642 0.734988 0.018382 0.017157
0 0.282067 0.732230 0.012663 0.017770
0 0.269812 0.751225 0.025735 0.007966
0 0.407475 0.740656 0.029820 0.026042
0 0.711193 0.774357 0.027778 0.030331
0 0.443423 0.741422 0.034722 0.018995
0 0.591095 0.858456 0.023693 0.011642
0 0.779820 0.764093 0.025327 0.060049
0 0.296364 0.296569 0.052696 0.028799
0 0.697712 0.729320 0.026961 0.011949
0 0.633783 0.736979 0.021650 0.049326
0 0.603554 0.730392 0.025735 0.036152
0 0.577002 0.769148 0.033905 0.015625
0 0.577614 0.787531 0.031863 0.015012
0 0.572100 0.741881 0.024101 0.015625
0 0.536765 0.740349 0.031863 0.016850
0 0.541258 0.770833 0.029412 0.016544
0 0.541871 0.788297 0.033088 0.014093
0 0.506740 0.769761 0.030637 0.016850
0 0.509191 0.785999 0.032271 0.011949
0 0.473243 0.768995 0.030637 0.015319
0 0.474265 0.785539 0.029412 0.012868
0 0.510621 0.727175 0.017974 0.027880
0 0.586397 0.873162 0.014297 0.013480
0 0.757761 0.657782 0.071078 0.020221
0 0.629085 0.873315 0.015523 0.015625
0 0.448325 0.420956 0.038807 0.043505
0 0.403595 0.407782 0.040033 0.047794
0 0.403186 0.460784 0.033497 0.050858
0 0.362132 0.445925 0.033088 0.078125
0 0.280842 0.471814 0.042075 0.017770
0 0.329453 0.453431 0.022467 0.053309
0 0.447304 0.459099 0.035948 0.030944
0 0.288603 0.424326 0.042075 0.072917
0 0.730596 0.815870 0.014297 0.023284
0 0.750817 0.817708 0.022059 0.025123
0 0.770221 0.816023 0.014297 0.021752
0 0.690768 0.840839 0.016340 0.025429
0 0.691176 0.860907 0.013889 0.010417
0 0.708946 0.837010 0.017565 0.022059
0 0.708946 0.815870 0.014297 0.018995
0 0.489992 0.456495 0.040441 0.046569
0 0.491013 0.407935 0.040033 0.045037
0 0.529616 0.460018 0.032271 0.040135
0 0.228962 0.558211 0.010212 0.083333
0 0.217525 0.554381 0.010212 0.083027
0 0.206087 0.557138 0.010212 0.083027
0 0.189747 0.559283 0.010212 0.083027
0 0.177083 0.561275 0.010212 0.083333
0 0.163807 0.560968 0.012255 0.082721
0 0.137051 0.584865 0.029003 0.049632
0 0.106209 0.571998 0.028595 0.067402
0 0.075163 0.585325 0.024510 0.043811
0 0.046977 0.571691 0.017974 0.073529
0 0.784109 0.449142 0.042075 0.058211
0 0.735294 0.433824 0.038399 0.075368
0 0.692402 0.435202 0.040033 0.076287
0 0.628472 0.428156 0.051879 0.094669
0 0.570057 0.438266 0.041258 0.078125
0 0.729371 0.838082 0.017565 0.019914
0 0.749387 0.840686 0.019199 0.014093
0 0.773080 0.840839 0.017565 0.018689
0 0.709150 0.857843 0.017974 0.017770
0 0.648693 0.327053 0.032680 0.074449
0 0.605801 0.345588 0.053105 0.034926
0 0.551062 0.348346 0.045752 0.029412
0 0.543709 0.318627 0.040033 0.022672
0 0.501430 0.290441 0.046160 0.022672
0 0.249183 0.301317 0.031863 0.024816
0 0.184232 0.344210 0.056373 0.053615
0 0.216503 0.301930 0.024510 0.021752
0 0.345180 0.349418 0.036765 0.033395
0 0.395833 0.350337 0.041667 0.035233
0 0.496732 0.316330 0.042484 0.026654
0 0.500408 0.346507 0.052288 0.032475
0 0.446078 0.349265 0.052288 0.033088
0 0.447712 0.312500 0.046569 0.034314
0 0.400735 0.287071 0.036765 0.031250
0 0.697304 0.336091 0.040850 0.055147
0 0.257353 0.570925 0.040033 0.065870
0 0.742239 0.320619 0.039216 0.078738
0 0.789624 0.335018 0.041667 0.053002
0 0.731005 0.860141 0.017565 0.018076
0 0.748366 0.855852 0.011438 0.015625
0 0.769812 0.860141 0.019199 0.018076
0 0.032271 0.763787 0.038399 0.055147
0 0.071487 0.763787 0.031863 0.059436
0 0.107026 0.763787 0.026961 0.045956
0 0.137459 0.771293 0.026552 0.049939
0 0.168709 0.770221 0.027778 0.041667
0 0.187908 0.465074 0.049020 0.044118
0 0.152369 0.411918 0.056373 0.040748
0 0.135825 0.459252 0.050245 0.047794
0 0.036560 0.463082 0.052696 0.046262
0 0.024918 0.412531 0.049837 0.037071
0 0.943423 0.533088 0.107435 0.162377
0 0.880515 0.341605 0.130310 0.145221
0 0.786765 0.283088 0.044935 0.049632
0 0.301266 0.566789 0.013480 0.083333
0 0.314747 0.565104 0.008578 0.087316
0 0.327410 0.564032 0.008578 0.087623
0 0.528799 0.655025 0.021650 0.012255
0 0.552696 0.640931 0.017157 0.014706
0 0.574959 0.642770 0.017565 0.016544
0 0.530842 0.639553 0.020016 0.014400
0 0.462214 0.671415 0.016748 0.016850
0 0.485090 0.672641 0.019199 0.012561
0 0.506944 0.672641 0.018791 0.016850
0 0.507557 0.655944 0.011846 0.007966
0 0.462214 0.657016 0.023284 0.010110
0 0.479984 0.639400 0.014706 0.011642
0 0.501225 0.640319 0.016340 0.017770
0 0.457516 0.641391 0.022059 0.015625
0 0.432802 0.664828 0.019199 0.018995
0 0.416667 0.666667 0.016340 0.015931
0 0.394199 0.665594 0.021242 0.018076
0 0.575368 0.657322 0.015931 0.010723
0 0.393382 0.649969 0.025327 0.013174
0 0.570466 0.672488 0.017565 0.012255
0 0.530025 0.672028 0.018382 0.013787
0 0.650327 0.873621 0.013889 0.010110
0 0.669730 0.871017 0.015114 0.015319
0 0.670956 0.856924 0.017565 0.009191
0 0.674428 0.845435 0.018791 0.010110
0 0.671773 0.833640 0.019199 0.008578
0 0.690359 0.816942 0.012255 0.021140
0 0.757353 0.678768 0.075980 0.016238
0 0.656250 0.668658 0.020016 0.015625
0 0.682190 0.668658 0.016340 0.015625
0 0.701797 0.667739 0.014706 0.013787
0 0.702002 0.651808 0.018382 0.010110
0 0.657884 0.650888 0.020016 0.010723
0 0.701593 0.634651 0.014297 0.019914
0 0.681373 0.635570 0.014706 0.019301
0 0.656250 0.636336 0.020016 0.016544
0 0.549224 0.672335 0.015931 0.016238
0 0.607843 0.872702 0.019608 0.012561
0 0.433211 0.633885 0.014297 0.015931
0 0.392565 0.632200 0.023693 0.015012
0 0.768791 0.557138 0.044118 0.013787
0 0.736315 0.562347 0.011846 0.086703
0 0.723243 0.563266 0.011846 0.086703
0 0.708946 0.562040 0.011846 0.086703
0 0.710784 0.501685 0.041667 0.016238
0 0.688725 0.581801 0.026961 0.047794
0 0.657475 0.579810 0.031454 0.049939
0 0.620507 0.563113 0.033497 0.069240
0 0.579657 0.573683 0.044935 0.066483
0 0.533088 0.575214 0.044935 0.069547
0 0.485498 0.570619 0.040441 0.077512
0 0.441789 0.569700 0.040441 0.075674
0 0.464461 0.510110 0.039216 0.028799
0 0.399510 0.556373 0.034314 0.104167
0 0.358660 0.556679 0.037582 0.102328
0 0.772672 0.568934 0.042892 0.006740
0 0.415237 0.633425 0.013480 0.019301
0 0.772672 0.576746 0.048611 0.007047
0 0.771038 0.598652 0.051062 0.009191
0 0.365196 0.679994 0.018791 0.025429
0 0.343954 0.681526 0.017157 0.032782
0 0.323325 0.680607 0.022467 0.028493
0 0.302492 0.667586 0.015931 0.017770
0 0.284314 0.671109 0.013889 0.016238
0 0.262051 0.668964 0.022467 0.016238
0 0.264706 0.652114 0.027778 0.010723
0 0.302083 0.632812 0.017565 0.013787
0 0.282475 0.634038 0.016748 0.016238
0 0.260825 0.636795 0.020016 0.015625
0 0.213031 0.672947 0.043709 0.039522
0 0.149306 0.674786 0.050245 0.045650
0 0.108864 0.665288 0.022467 0.046262
0 0.059641 0.671262 0.037582 0.047181
0 0.018587 0.665441 0.037173 0.042279
0 0.772059 0.586397 0.047386 0.008578
0 0.235907 0.445772 0.039624 0.083946
