0 0.662377 0.100950 0.061683 0.113664
0 0.709559 0.116881 0.029412 0.083640
0 0.743873 0.117188 0.033497 0.083027
0 0.779003 0.118413 0.033497 0.083027
0 0.884804 0.107996 0.057190 0.093444
0 0.945670 0.093290 0.062092 0.122855
0 0.612745 0.103554 0.029412 0.105392
0 0.989992 0.094210 0.020016 0.121017
0 0.826797 0.109375 0.057190 0.093750
0 0.580678 0.103554 0.029003 0.105392
0 0.044935 0.249694 0.089869 0.090686
0 0.440768 0.102328 0.059641 0.112745
0 0.376021 0.101716 0.064134 0.111520
0 0.310253 0.101256 0.064134 0.111213
0 0.244894 0.099877 0.064134 0.110294
0 0.180556 0.098192 0.060458 0.109988
0 0.118668 0.081955 0.058415 0.137561
0 0.060049 0.097580 0.054739 0.101409
0 0.015727 0.097886 0.031454 0.100184
0 0.567606 0.410539 0.046977 0.011029
0 0.536969 0.102941 0.055147 0.109681
0 0.124387 0.265778 0.067402 0.060355
0 0.635008 0.366881 0.057598 0.100184
0 0.250204 0.266085 0.055964 0.060968
0 0.641340 0.585784 0.034314 0.036152
0 0.677288 0.586091 0.034314 0.036152
0 0.728962 0.581955 0.024101 0.043811
0 0.754902 0.585018 0.024510 0.043811
0 0.781046 0.586550 0.024510 0.043811
0 0.823325 0.571691 0.057598 0.072304
0 0.676879 0.548866 0.033497 0.037684
0 0.872958 0.591452 0.041667 0.038909
0 0.765114 0.550398 0.022876 0.018689
0 0.093137 0.690257 0.100490 0.061887
0 0.178105 0.672028 0.066176 0.100797
0 0.260212 0.664216 0.094771 0.119485
0 0.323734 0.677849 0.033088 0.102022
0 0.358047 0.676317 0.033088 0.102022
0 0.937092 0.573223 0.083333 0.075368
0 0.637663 0.547488 0.032680 0.037377
0 0.598039 0.584712 0.051471 0.037071
0 0.543709 0.568168 0.053105 0.064645
0 0.797590 0.490349 0.068219 0.064645
0 0.873775 0.507506 0.037582 0.026654
0 0.851307 0.480086 0.038399 0.028186
0 0.106005 0.496783 0.013480 0.029105
0 0.026961 0.579044 0.040033 0.017157
0 0.110703 0.565870 0.042484 0.043505
0 0.156454 0.567708 0.047386 0.044730
0 0.201797 0.555453 0.042484 0.071691
0 0.243464 0.556373 0.042484 0.071691
0 0.283088 0.575368 0.039216 0.035539
0 0.331699 0.563419 0.058824 0.061887
0 0.386642 0.583180 0.050245 0.023591
0 0.438317 0.582261 0.051471 0.032169
0 0.490196 0.585325 0.051471 0.032169
0 0.493056 0.557751 0.047386 0.015012
0 0.391748 0.679688 0.033497 0.102022
0 0.725082 0.485600 0.071078 0.066176
0 0.425858 0.701287 0.036356 0.060049
0 0.505719 0.704657 0.041667 0.060662
0 0.675041 0.836244 0.029820 0.105086
0 0.644812 0.834406 0.030637 0.103860
0 0.615196 0.836397 0.030229 0.102328
0 0.578636 0.850797 0.037990 0.077819
0 0.538603 0.846354 0.042075 0.077512
0 0.479167 0.835325 0.031046 0.097733
0 0.707108 0.837776 0.030229 0.107537
0 0.447917 0.832874 0.029820 0.098958
0 0.388072 0.831648 0.029412 0.098958
0 0.355801 0.829657 0.036765 0.098039
0 0.290441 0.836091 0.039216 0.078431
0 0.257966 0.819087 0.020833 0.110600
0 0.169322 0.804075 0.158905 0.084252
0 0.190155 0.263940 0.064951 0.063419
0 0.417892 0.832567 0.029412 0.098958
0 0.739992 0.839920 0.031454 0.105086
0 0.771038 0.840074 0.029003 0.106005
0 0.799428 0.840380 0.029412 0.106005
0 0.549837 0.705270 0.044118 0.061275
0 0.597018 0.707108 0.044526 0.061275
0 0.642974 0.703125 0.044118 0.061275
0 0.695057 0.711244 0.055147 0.061581
0 0.742647 0.708946 0.038399 0.066176
0 0.785539 0.709559 0.038399 0.066176
0 0.864379 0.687500 0.116013 0.111520
0 0.693219 0.658395 0.059641 0.044118
0 0.631536 0.636183 0.049837 0.038909
0 0.961601 0.689032 0.076797 0.115196
0 0.012051 0.790441 0.024101 0.112132
0 0.056577 0.780637 0.061683 0.114583
0 0.320057 0.802390 0.011846 0.060049
0 0.955678 0.853401 0.088644 0.100184
0 0.864175 0.845282 0.090278 0.104167
0 0.466095 0.702819 0.038399 0.060049
0 0.658497 0.481618 0.059641 0.073529
0 0.022672 0.683058 0.039624 0.074449
0 0.541462 0.482996 0.037990 0.065257
0 0.760417 0.219516 0.050245 0.024203
0 0.949755 0.241575 0.057190 0.119179
0 0.891748 0.243260 0.057190 0.119485
0 0.833333 0.247702 0.057190 0.119179
0 0.775327 0.268076 0.056373 0.074142
0 0.682190 0.266238 0.045752 0.074142
0 0.594363 0.479933 0.063725 0.071385
0 0.632353 0.265319 0.045752 0.074142
0 0.567810 0.264553 0.080882 0.075674
0 0.505719 0.268076 0.035948 0.062500
0 0.468750 0.268536 0.035539 0.061581
0 0.989583 0.248315 0.020833 0.116115
0 0.429739 0.268536 0.042484 0.061581
0 0.758783 0.389706 0.037990 0.061275
0 0.719975 0.388021 0.035539 0.060968
0 0.683007 0.386183 0.036765 0.060968
0 0.497958 0.370864 0.089869 0.087316
0 0.433211 0.381740 0.035539 0.062500
0 0.396242 0.380515 0.035948 0.062500
0 0.359886 0.379902 0.035948 0.059436
0 0.321691 0.380208 0.039624 0.061887
0 0.282884 0.379596 0.039624 0.061887
0 0.386029 0.266391 0.042484 0.059130
0 0.341708 0.265931 0.044526 0.060049
0 0.799224 0.388787 0.037990 0.062500
0 0.073121 0.387255 0.066176 0.125613
0 0.015523 0.395067 0.031046 0.097733
0 0.204657 0.488051 0.022876 0.037990
0 0.433211 0.479473 0.037173 0.063113
0 0.397467 0.478094 0.029412 0.065257
0 0.372549 0.490656 0.022876 0.037684
0 0.348652 0.491268 0.022467 0.037684
0 0.325572 0.487898 0.022876 0.037684
0 0.299837 0.489124 0.022876 0.037684
0 0.274918 0.487286 0.022876 0.037684
0 0.252859 0.487592 0.022876 0.037684
0 0.227737 0.488205 0.022467 0.037684
0 0.131536 0.387255 0.051471 0.122549
0 0.180556 0.487132 0.022876 0.037990
0 0.157271 0.485294 0.022876 0.037990
0 0.047794 0.549786 0.082516 0.034007
0 0.073325 0.506587 0.051879 0.036458
0 0.024101 0.513787 0.047386 0.035539
0 0.933211 0.373162 0.033905 0.099265
0 0.983047 0.375153 0.033905 0.098958
0 0.887459 0.372243 0.053513 0.096201
0 0.839257 0.389093 0.037990 0.062500
0 0.247141 0.391850 0.034314 0.037377
0 0.298815 0.267310 0.041258 0.058517
0 0.211193 0.390931 0.034314 0.037377
0 0.174837 0.377911 0.036765 0.062806
0 0.471405 0.481005 0.036765 0.064338
0 0.506536 0.481771 0.033497 0.065257
