0 0.159314 0.222580 0.067810 0.041360
0 0.335580 0.214920 0.046977 0.051777
0 0.284109 0.213695 0.054330 0.053615
0 0.222631 0.222273 0.059641 0.041973
0 0.224469 0.187040 0.073121 0.022978
0 0.705882 0.429228 0.066176 0.044118
0 0.105596 0.225490 0.035539 0.042892
0 0.319240 0.396752 0.073121 0.037377
0 0.053922 0.444393 0.055556 0.035846
0 0.117443 0.443781 0.060866 0.038909
0 0.186887 0.444087 0.073938 0.039522
0 0.257353 0.442555 0.068627 0.041360
0 0.332108 0.438419 0.067810 0.042279
0 0.406454 0.437960 0.081699 0.041360
0 0.387255 0.395680 0.058824 0.038909
0 0.434845 0.402574 0.037990 0.020833
0 0.482639 0.388634 0.035539 0.034007
0 0.524714 0.387868 0.043709 0.032475
0 0.152369 0.190717 0.071078 0.019301
0 0.479167 0.432292 0.044118 0.055147
0 0.582516 0.428002 0.061275 0.057598
0 0.639093 0.425551 0.051879 0.061887
0 0.052288 0.076134 0.104575 0.106311
0 0.196895 0.079044 0.180556 0.082108
0 0.343750 0.078891 0.094363 0.084252
0 0.490196 0.056219 0.194444 0.112439
0 0.183824 0.401654 0.064542 0.040441
0 0.726920 0.084865 0.132761 0.043505
0 0.886846 0.052543 0.177288 0.093444
0 0.027369 0.227328 0.051471 0.041667
0 0.069036 0.225490 0.034314 0.044730
0 0.524101 0.432292 0.048203 0.055147
0 0.249183 0.400888 0.066993 0.041973
0 0.898489 0.421109 0.029003 0.051164
0 0.419526 0.214001 0.047386 0.049326
0 0.060866 0.633425 0.079248 0.028493
0 0.042484 0.659161 0.048203 0.022365
0 0.111928 0.654565 0.083333 0.013174
0 0.298611 0.644761 0.050654 0.038909
0 0.356005 0.644301 0.063317 0.040441
0 0.302492 0.680607 0.054330 0.035233
0 0.362541 0.681679 0.061683 0.033701
0 0.426879 0.664675 0.064542 0.060968
0 0.181781 0.646446 0.061275 0.031250
0 0.490605 0.660539 0.060458 0.068627
0 0.613766 0.675245 0.062500 0.034926
0 0.678105 0.677083 0.065359 0.037377
0 0.740196 0.674020 0.058007 0.044118
0 0.650735 0.629902 0.080882 0.047794
0 0.559232 0.630515 0.075980 0.050245
0 0.801879 0.678462 0.062908 0.034620
0 0.866626 0.677543 0.064951 0.030331
0 0.880106 0.637255 0.044526 0.040441
0 0.553922 0.675092 0.058824 0.035846
0 0.946895 0.634651 0.083333 0.040135
0 0.242239 0.636029 0.059641 0.046569
0 0.184641 0.681219 0.060458 0.036458
0 0.380923 0.562653 0.061683 0.037684
0 0.429330 0.560202 0.023693 0.037684
0 0.470792 0.546109 0.057598 0.064032
0 0.376430 0.212929 0.037173 0.049632
0 0.598448 0.555760 0.062092 0.039828
0 0.601920 0.508272 0.059232 0.052083
0 0.663603 0.503676 0.060866 0.046569
0 0.664011 0.551930 0.064951 0.048713
0 0.244077 0.679381 0.056781 0.040135
0 0.739992 0.555147 0.088644 0.043505
0 0.898489 0.530331 0.056781 0.051471
0 0.952614 0.534161 0.054739 0.076287
0 0.931168 0.482077 0.051879 0.019914
0 0.829453 0.482690 0.037990 0.048100
0 0.826797 0.540901 0.039216 0.065257
0 0.832721 0.617341 0.041258 0.087623
0 0.033292 0.684589 0.060866 0.025429
0 0.110703 0.680147 0.089869 0.034314
0 0.742239 0.510876 0.084150 0.045037
0 0.933619 0.675245 0.065768 0.033701
0 0.985498 0.676011 0.029003 0.035846
0 0.038807 0.779565 0.065359 0.027267
0 0.157067 0.906403 0.069853 0.046875
0 0.275327 0.882353 0.107026 0.083333
0 0.397059 0.856005 0.124183 0.035539
0 0.392361 0.884038 0.122141 0.021140
0 0.359069 0.911612 0.057190 0.032169
0 0.421773 0.913297 0.064134 0.033701
0 0.499387 0.896752 0.072304 0.059436
0 0.593954 0.885263 0.105392 0.082414
0 0.160743 0.854320 0.073938 0.054841
0 0.772876 0.871783 0.117647 0.069547
0 0.866013 0.916513 0.056373 0.025429
0 0.917484 0.916207 0.047386 0.026042
0 0.938725 0.868566 0.063725 0.061275
0 0.823325 0.405331 0.013480 0.101716
0 0.837623 0.405790 0.014297 0.101409
0 0.851307 0.406863 0.011438 0.102941
0 0.053105 0.402114 0.063725 0.035846
0 0.121528 0.406403 0.062500 0.038297
0 0.869894 0.886489 0.064134 0.032169
0 0.035131 0.872549 0.054739 0.025735
0 0.036765 0.905025 0.053922 0.040441
0 0.095997 0.910539 0.049837 0.027574
0 0.036356 0.801164 0.072712 0.015319
0 0.120711 0.792586 0.088644 0.025735
0 0.204657 0.794271 0.072712 0.030944
0 0.201185 0.754596 0.080474 0.050245
0 0.274918 0.750153 0.063725 0.039522
0 0.274306 0.790594 0.069036 0.035233
0 0.369894 0.746630 0.125408 0.045956
0 0.372141 0.791207 0.120915 0.038909
0 0.453636 0.766085 0.034722 0.078125
0 0.498570 0.782322 0.055147 0.053002
0 0.552696 0.784161 0.053105 0.048713
0 0.629289 0.786458 0.090278 0.045343
0 0.742239 0.758272 0.111111 0.048407
0 0.864788 0.786458 0.084150 0.036152
0 0.952002 0.784926 0.090278 0.040441
0 0.953636 0.741115 0.087010 0.045343
0 0.861315 0.742188 0.091095 0.043811
0 0.051879 0.844669 0.070261 0.031250
0 0.092320 0.878983 0.053105 0.033088
0 0.316176 0.562347 0.066993 0.037684
0 0.247549 0.564032 0.060458 0.034926
0 0.534926 0.545496 0.066585 0.060968
0 0.380106 0.523591 0.072304 0.039828
0 0.549428 0.287224 0.080882 0.045037
0 0.469771 0.284161 0.076797 0.040748
0 0.094363 0.339767 0.039216 0.038603
0 0.299632 0.291513 0.085376 0.037071
0 0.218750 0.295803 0.064134 0.041360
0 0.221814 0.335784 0.058007 0.037377
0 0.181373 0.565104 0.071895 0.034007
0 0.624183 0.284620 0.067810 0.039216
0 0.467116 0.209712 0.046977 0.052390
0 0.568832 0.207108 0.051879 0.047181
0 0.729575 0.207108 0.058824 0.037990
0 0.792075 0.201134 0.061275 0.054228
0 0.866217 0.197763 0.069036 0.046875
0 0.940972 0.194700 0.078023 0.051164
0 0.045343 0.299632 0.066176 0.034926
0 0.039011 0.340380 0.069036 0.038603
0 0.516340 0.209099 0.050654 0.051777
0 0.694444 0.286152 0.071078 0.025735
0 0.387051 0.287684 0.086193 0.044118
0 0.379493 0.332874 0.080065 0.040748
0 0.316381 0.522825 0.055147 0.041360
0 0.251225 0.523131 0.065359 0.043199
0 0.184232 0.525888 0.068627 0.038297
0 0.022467 0.562347 0.044118 0.035233
0 0.943015 0.371170 0.066585 0.026654
0 0.951593 0.435355 0.074755 0.028799
0 0.947100 0.402267 0.055964 0.033701
0 0.774101 0.428002 0.071078 0.045343
0 0.974265 0.321078 0.051471 0.030025
0 0.294935 0.332108 0.087418 0.043505
0 0.151961 0.335018 0.074346 0.037071
0 0.920139 0.313266 0.045343 0.046262
0 0.793709 0.320312 0.070261 0.051777
0 0.719158 0.322763 0.071487 0.046875
0 0.626634 0.327512 0.069444 0.037990
0 0.550245 0.329350 0.072712 0.037377
0 0.467933 0.331648 0.091912 0.041973
