0 0.872396 0.369485 0.010723 0.061683
0 0.802237 0.626634 0.054841 0.057190
0 0.801471 0.686683 0.055147 0.047386
0 0.794118 0.745711 0.042892 0.054330
0 0.862132 0.371119 0.007353 0.062500
0 0.882812 0.367851 0.010110 0.059232
0 0.845129 0.532475 0.024816 0.069036
0 0.901961 0.367851 0.007353 0.066585
0 0.919884 0.371936 0.020527 0.049428
0 0.933364 0.421569 0.022365 0.026961
0 0.760570 0.472222 0.034620 0.052288
0 0.792279 0.466299 0.025735 0.058415
0 0.819700 0.466708 0.011949 0.051062
0 0.831036 0.466095 0.008272 0.051471
0 0.892770 0.366422 0.007966 0.058824
0 0.931832 0.457108 0.023591 0.026961
0 0.438266 0.797386 0.074449 0.051471
0 0.519455 0.708946 0.080576 0.056781
0 0.918964 0.515523 0.010723 0.065359
0 0.930607 0.515114 0.011336 0.064542
0 0.204350 0.923815 0.015319 0.083742
0 0.838695 0.373366 0.010110 0.064542
0 0.851256 0.371936 0.012561 0.062500
0 0.223039 0.923611 0.018382 0.086601
0 0.242034 0.912990 0.012868 0.087418
0 0.257506 0.908701 0.015012 0.078840
0 0.275429 0.901757 0.011029 0.090278
0 0.291513 0.900531 0.012561 0.084559
0 0.312960 0.892770 0.016850 0.080474
0 0.332108 0.893178 0.015931 0.078023
0 0.357230 0.882761 0.020833 0.077614
0 0.389706 0.872753 0.017157 0.074755
0 0.517463 0.842320 0.069240 0.044935
0 0.411918 0.707925 0.086091 0.062092
0 0.438879 0.867647 0.075061 0.062908
0 0.513634 0.777165 0.078125 0.049428
0 0.597426 0.686275 0.069240 0.052288
0 0.596661 0.755923 0.065870 0.056781
0 0.592371 0.813521 0.065257 0.042892
0 0.294730 0.632761 0.047794 0.094771
0 0.338695 0.627655 0.036458 0.095997
0 0.380208 0.619485 0.039828 0.087827
0 0.417892 0.611520 0.030025 0.087418
0 0.728401 0.773080 0.061581 0.045343
0 0.738511 0.709150 0.058517 0.049837
0 0.737898 0.644608 0.063419 0.059641
0 0.856771 0.670343 0.048100 0.053105
0 0.855086 0.729984 0.048407 0.053105
0 0.909161 0.710172 0.050551 0.046160
0 0.919271 0.647059 0.062806 0.052288
0 0.456036 0.604371 0.035846 0.086193
0 0.490349 0.595792 0.028493 0.088644
0 0.523744 0.591095 0.032169 0.076797
0 0.556679 0.582516 0.027574 0.079248
0 0.589461 0.578023 0.030637 0.078431
0 0.621170 0.573734 0.023591 0.079657
0 0.661612 0.568832 0.049326 0.075572
0 0.810355 0.540850 0.039216 0.067810
0 0.247089 0.642770 0.037684 0.100899
0 0.203431 0.646242 0.043505 0.098856
0 0.212010 0.542075 0.058824 0.088235
0 0.275429 0.532067 0.058211 0.087827
0 0.669271 0.659109 0.064645 0.063317
0 0.669730 0.725286 0.067402 0.043709
0 0.662531 0.787173 0.057292 0.045752
0 0.841452 0.463440 0.010110 0.049428
0 0.852482 0.462623 0.007047 0.047794
0 0.861520 0.459763 0.007966 0.045343
0 0.871324 0.457516 0.006740 0.048203
0 0.879289 0.457925 0.007353 0.049020
0 0.890472 0.454657 0.008885 0.044118
0 0.866728 0.525735 0.018382 0.067810
0 0.858915 0.606822 0.052390 0.047794
0 0.628064 0.487949 0.009191 0.070670
0 0.639400 0.485703 0.008578 0.065359
0 0.650582 0.484681 0.010110 0.064134
0 0.662377 0.482843 0.009191 0.074346
0 0.565411 0.503881 0.049326 0.051879
0 0.508272 0.512051 0.054534 0.058415
0 0.449142 0.515523 0.053922 0.060458
0 0.392463 0.519199 0.052696 0.080065
0 0.334252 0.524918 0.052696 0.081699
0 0.617341 0.489992 0.010417 0.069853
0 0.602788 0.491830 0.013787 0.071078
0 0.517310 0.413603 0.011949 0.042075
0 0.816483 0.375000 0.011029 0.067810
0 0.374847 0.292688 0.015625 0.078023
0 0.394455 0.295547 0.016850 0.075572
0 0.413603 0.295752 0.017157 0.081699
0 0.430607 0.294322 0.015012 0.080474
0 0.448376 0.291667 0.016238 0.079248
0 0.358456 0.207721 0.015319 0.076389
0 0.356924 0.293913 0.015931 0.083742
0 0.376379 0.206087 0.018689 0.077206
0 0.411918 0.209355 0.011949 0.069036
0 0.426011 0.208333 0.011949 0.070261
0 0.443934 0.209967 0.017157 0.070261
0 0.348805 0.128676 0.011949 0.062908
0 0.366728 0.127655 0.011029 0.064134
0 0.382047 0.131536 0.012868 0.065359
0 0.827206 0.373570 0.008578 0.066585
0 0.336703 0.293096 0.013480 0.087010
0 0.320925 0.291462 0.011949 0.099265
0 0.301471 0.291871 0.015319 0.099265
0 0.169884 0.195057 0.018689 0.091095
0 0.190564 0.195466 0.015931 0.091095
0 0.210478 0.193627 0.015931 0.088235
0 0.234222 0.196283 0.019914 0.091912
0 0.255208 0.195057 0.020221 0.088644
0 0.275735 0.195874 0.016544 0.087010
0 0.293964 0.195261 0.015625 0.078431
0 0.314491 0.194240 0.016850 0.075572
0 0.332874 0.196283 0.015625 0.078023
0 0.173100 0.294730 0.017157 0.095180
0 0.194393 0.291054 0.021752 0.094363
0 0.216759 0.290237 0.017463 0.091095
0 0.240809 0.289420 0.019608 0.090278
0 0.264400 0.293096 0.017157 0.094363
0 0.283088 0.284926 0.016544 0.086193
0 0.397672 0.135825 0.011029 0.055147
0 0.415748 0.137868 0.017770 0.050245
0 0.396599 0.210784 0.015625 0.072712
0 0.214308 0.404616 0.021752 0.108252
0 0.493719 0.411356 0.010110 0.054739
0 0.504749 0.416054 0.007659 0.046160
0 0.902114 0.518178 0.007659 0.070670
0 0.530178 0.413603 0.010723 0.041258
0 0.545496 0.410743 0.011336 0.042892
0 0.560049 0.409314 0.011642 0.048203
0 0.548560 0.358456 0.013174 0.011846
0 0.186275 0.408497 0.028186 0.104575
0 0.629596 0.383374 0.026961 0.090278
0 0.661458 0.382149 0.028186 0.090278
0 0.715839 0.374796 0.032169 0.085376
0 0.744485 0.370711 0.021446 0.082108
0 0.768995 0.368056 0.022672 0.082516
0 0.793199 0.362949 0.019608 0.085376
0 0.599724 0.386438 0.030331 0.088235
0 0.533854 0.356413 0.008885 0.018382
0 0.576287 0.404616 0.011642 0.052696
0 0.508272 0.358864 0.011029 0.020833
0 0.521140 0.358252 0.007966 0.017157
0 0.243566 0.402369 0.025123 0.107843
0 0.270987 0.402982 0.021140 0.106618
0 0.295343 0.400327 0.022059 0.103758
0 0.320159 0.405842 0.016544 0.099265
0 0.337316 0.406046 0.012868 0.095588
0 0.357077 0.402982 0.016238 0.093546
0 0.373162 0.402778 0.010417 0.097222
0 0.889859 0.520833 0.013787 0.065359
0 0.407169 0.404003 0.017770 0.091503
0 0.430300 0.418709 0.012561 0.062092
0 0.442555 0.413399 0.011336 0.053922
0 0.457261 0.417484 0.011336 0.062092
0 0.468750 0.413399 0.008578 0.055556
0 0.480852 0.413194 0.011336 0.058415
0 0.493719 0.362745 0.011949 0.013072
0 0.388940 0.403799 0.015625 0.095180
