0 0.813113 0.430607 0.024101 0.102022
0 0.967116 0.421415 0.035539 0.080576
0 0.850694 0.452665 0.042075 0.012561
0 0.850694 0.469363 0.045343 0.011029
0 0.898693 0.426011 0.034314 0.085478
0 0.929534 0.423100 0.023284 0.080882
0 0.993464 0.417126 0.013072 0.067096
0 0.643587 0.120558 0.065768 0.068934
0 0.362541 0.082261 0.047794 0.112439
0 0.500817 0.086244 0.044935 0.122855
0 0.546773 0.087776 0.045343 0.128370
0 0.590482 0.091912 0.029003 0.120711
0 0.709763 0.123468 0.053513 0.062500
0 0.854575 0.163143 0.053105 0.049939
0 0.785948 0.447304 0.022876 0.070466
0 0.042075 0.716912 0.080882 0.163603
0 0.306781 0.080116 0.049837 0.116115
0 0.767361 0.267923 0.039624 0.026042
0 0.756944 0.445772 0.024510 0.088235
0 0.900940 0.157782 0.035539 0.064338
0 0.980188 0.162071 0.039624 0.058211
0 0.028186 0.262255 0.053922 0.153186
0 0.105801 0.264246 0.094771 0.146752
0 0.288194 0.262255 0.069853 0.129902
0 0.347426 0.248928 0.037173 0.155944
0 0.403799 0.269608 0.042892 0.102328
0 0.463848 0.268076 0.058415 0.108456
0 0.520221 0.264093 0.045343 0.102941
0 0.567198 0.262102 0.035539 0.108762
0 0.608456 0.260570 0.039624 0.104473
0 0.658497 0.254289 0.051471 0.119485
0 0.023080 0.062347 0.045343 0.123468
0 0.082108 0.065411 0.063725 0.128983
0 0.167075 0.069393 0.085784 0.118566
0 0.720792 0.253217 0.046977 0.114277
0 0.768995 0.297181 0.045343 0.025123
0 0.732639 0.450368 0.016748 0.083946
0 0.709355 0.443627 0.024101 0.104779
0 0.675858 0.487592 0.029003 0.023591
0 0.635417 0.463388 0.039624 0.081189
0 0.526348 0.438572 0.167892 0.128370
0 0.360294 0.464154 0.119281 0.162377
0 0.250817 0.088542 0.051471 0.101716
0 0.045956 0.489430 0.091095 0.178002
0 0.976103 0.268842 0.047794 0.008885
0 0.975490 0.251225 0.049020 0.015931
0 0.924837 0.294118 0.039216 0.016544
0 0.863562 0.231924 0.089869 0.045956
0 0.876634 0.282475 0.049837 0.049020
0 0.819853 0.288297 0.053105 0.040441
0 0.978554 0.281863 0.042892 0.011029
0 0.941789 0.159161 0.032271 0.060968
0 0.256127 0.676930 0.109477 0.133272
0 0.145016 0.703125 0.104575 0.178309
0 0.907271 0.656863 0.032680 0.079657
0 0.937908 0.650888 0.021242 0.067096
0 0.968137 0.643076 0.031863 0.074142
0 0.989583 0.839614 0.020833 0.089154
0 0.958538 0.852482 0.031454 0.084865
0 0.922998 0.873162 0.032271 0.064951
0 0.876634 0.903952 0.040850 0.018076
0 0.875204 0.886795 0.040441 0.014400
0 0.880310 0.861979 0.041667 0.033395
0 0.835989 0.898744 0.034722 0.102022
0 0.777165 0.920190 0.068219 0.117341
0 0.693423 0.956955 0.092729 0.076900
0 0.987132 0.722733 0.025735 0.079657
0 0.830474 0.607690 0.055556 0.013787
0 0.463031 0.779871 0.037990 0.083640
0 0.762255 0.619485 0.051471 0.011029
0 0.761438 0.604779 0.055556 0.009804
0 0.760008 0.590993 0.052696 0.011029
0 0.758170 0.573683 0.052288 0.016238
0 0.872345 0.666360 0.025735 0.071691
0 0.686683 0.640319 0.060458 0.017157
0 0.838031 0.678922 0.035539 0.087010
0 0.760212 0.698836 0.066176 0.090074
0 0.415441 0.786305 0.034314 0.101409
0 0.356618 0.799020 0.039216 0.085784
0 0.309641 0.809436 0.043301 0.072304
0 0.263072 0.828738 0.044118 0.104167
0 0.201797 0.887102 0.066993 0.056066
0 0.133170 0.875153 0.055556 0.095282
0 0.078636 0.893076 0.040441 0.112132
0 0.024101 0.913143 0.046569 0.079350
0 0.945874 0.550092 0.015114 0.085478
0 0.973856 0.548254 0.030229 0.071998
0 0.915645 0.555147 0.039624 0.089461
0 0.879085 0.561275 0.026961 0.081495
0 0.769608 0.556373 0.062908 0.012255
0 0.763276 0.535999 0.069036 0.023591
0 0.560049 0.777114 0.058824 0.030944
0 0.621119 0.760417 0.051879 0.044730
0 0.664011 0.707567 0.059232 0.019914
0 0.674224 0.728860 0.060866 0.014706
0 0.686070 0.751225 0.049428 0.012255
0 0.807190 0.690870 0.021242 0.071078
0 0.684436 0.606618 0.059232 0.020833
0 0.821895 0.587010 0.053922 0.019608
0 0.676062 0.542279 0.089869 0.019608
0 0.653391 0.841605 0.053513 0.015931
0 0.561887 0.898131 0.059232 0.013787
0 0.541667 0.876991 0.040850 0.020527
0 0.554330 0.852788 0.053922 0.019914
0 0.575980 0.828431 0.081699 0.011029
0 0.499796 0.877298 0.036356 0.079963
0 0.464052 0.900123 0.031046 0.083333
0 0.422794 0.915441 0.039216 0.102941
0 0.376634 0.931373 0.041667 0.080270
0 0.333333 0.945006 0.040033 0.102635
0 0.259804 0.983456 0.088235 0.033088
0 0.256536 0.942096 0.075163 0.025735
0 0.183824 0.974571 0.053105 0.050858
0 0.993464 0.633578 0.013072 0.069240
0 0.125000 0.985294 0.051471 0.029412
0 0.442606 0.639246 0.088644 0.121630
0 0.355392 0.660539 0.075163 0.147672
0 0.650735 0.859681 0.051471 0.014706
0 0.687704 0.570925 0.046977 0.020527
0 0.504902 0.767616 0.036765 0.098958
0 0.902369 0.758578 0.029412 0.020221
0 0.960784 0.733303 0.019608 0.068934
0 0.937908 0.736979 0.021242 0.070159
0 0.905229 0.777727 0.035131 0.011336
0 0.870507 0.766238 0.028595 0.068627
0 0.823734 0.786612 0.051062 0.089154
0 0.772672 0.799326 0.037173 0.089461
0 0.718546 0.844210 0.054739 0.016850
0 0.701389 0.823989 0.058824 0.009498
0 0.699755 0.801930 0.076797 0.015012
0 0.540850 0.641544 0.058824 0.024510
0 0.632557 0.879136 0.055964 0.015625
0 0.607435 0.631740 0.046569 0.018995
0 0.598448 0.659926 0.053922 0.018995
0 0.629289 0.579810 0.055964 0.026042
0 0.586193 0.605699 0.064542 0.018995
0 0.524510 0.675092 0.053922 0.022978
