0 0.649510 0.323836 0.043301 0.109681
0 0.609069 0.324142 0.031863 0.107230
0 0.698121 0.329810 0.042484 0.112439
0 0.565359 0.328125 0.041667 0.106005
0 0.503676 0.324449 0.053105 0.101716
0 0.455678 0.326746 0.038807 0.103248
0 0.274714 0.374234 0.039624 0.115502
0 0.410335 0.328431 0.042075 0.115809
0 0.745507 0.204044 0.047386 0.108456
0 0.696895 0.204810 0.042484 0.116115
0 0.651757 0.203738 0.039624 0.117034
0 0.607639 0.202359 0.045343 0.123468
0 0.560253 0.203125 0.043709 0.118873
0 0.742239 0.326134 0.036765 0.108150
0 0.365605 0.326900 0.040850 0.120098
0 0.379289 0.448223 0.037173 0.107230
0 0.425858 0.447610 0.040441 0.106005
0 0.613154 0.682751 0.031863 0.111826
0 0.649101 0.682751 0.030229 0.108762
0 0.686479 0.680607 0.031454 0.107537
0 0.726103 0.678922 0.033088 0.113358
0 0.572917 0.796722 0.064951 0.046262
0 0.635008 0.789828 0.051062 0.047794
0 0.645221 0.842065 0.071487 0.032782
0 0.576797 0.841759 0.052288 0.035233
0 0.511438 0.851103 0.068627 0.038603
0 0.439542 0.862439 0.063725 0.042892
0 0.441585 0.810968 0.059641 0.050245
0 0.506127 0.801317 0.062092 0.055453
0 0.382966 0.568321 0.032271 0.102941
0 0.420752 0.564032 0.038399 0.094363
0 0.462010 0.564032 0.035131 0.100490
0 0.506944 0.560355 0.043301 0.093137
0 0.551471 0.558517 0.038399 0.098652
0 0.594363 0.556219 0.039216 0.100184
0 0.640114 0.553922 0.040850 0.095588
0 0.680351 0.551471 0.035539 0.096814
0 0.721814 0.554075 0.040850 0.098958
0 0.728962 0.442402 0.038807 0.104779
0 0.686070 0.441636 0.042892 0.103248
0 0.600082 0.445006 0.038399 0.106924
0 0.555351 0.443015 0.041258 0.107230
0 0.509804 0.445619 0.040850 0.105086
0 0.466299 0.446232 0.035539 0.103248
0 0.515319 0.199449 0.039624 0.120711
0 0.465891 0.201593 0.051062 0.121936
0 0.614175 0.089154 0.037990 0.092525
0 0.375204 0.197457 0.037173 0.119792
0 0.886642 0.407322 0.040441 0.095895
0 0.927492 0.405025 0.035539 0.096201
0 0.973243 0.404718 0.037990 0.096814
0 0.851103 0.293505 0.038807 0.103554
0 0.896038 0.294424 0.038807 0.108456
0 0.934845 0.291513 0.030637 0.099571
0 0.976307 0.289828 0.040033 0.102328
0 0.863766 0.147365 0.055964 0.127451
0 0.925654 0.147212 0.044935 0.126532
0 0.841503 0.411152 0.040033 0.106618
0 0.976103 0.145987 0.047794 0.124081
0 0.162990 0.842984 0.077614 0.120404
0 0.237541 0.503983 0.046977 0.109069
0 0.287173 0.504289 0.048203 0.109681
0 0.227124 0.376838 0.042484 0.120711
0 0.177288 0.381434 0.044935 0.108456
0 0.121936 0.378830 0.051879 0.115502
0 0.069036 0.387408 0.048203 0.114277
0 0.019608 0.387102 0.039216 0.113664
0 0.056373 0.254136 0.044935 0.119179
0 0.086601 0.849418 0.058824 0.111826
0 0.418096 0.199602 0.040441 0.121630
0 0.967525 0.518076 0.034722 0.072917
0 0.898080 0.522212 0.030637 0.068934
0 0.366422 0.080270 0.052288 0.090074
0 0.421160 0.079504 0.043301 0.091605
0 0.471201 0.083180 0.041258 0.086703
0 0.519608 0.082567 0.048203 0.094669
0 0.569444 0.086091 0.037582 0.083333
0 0.573734 0.688572 0.036356 0.102022
0 0.658497 0.087929 0.036765 0.080882
0 0.704861 0.088695 0.035539 0.085478
0 0.753881 0.093137 0.051879 0.088235
0 0.932802 0.518842 0.030637 0.068321
0 0.885212 0.762408 0.082516 0.059743
0 0.889706 0.815564 0.050654 0.037990
0 0.952410 0.807292 0.061683 0.033701
0 0.824551 0.628830 0.030637 0.065257
0 0.859477 0.628064 0.035131 0.063725
0 0.894812 0.625919 0.032271 0.065564
0 0.927900 0.625766 0.029003 0.065257
0 0.968137 0.621324 0.035948 0.062500
0 0.826185 0.523284 0.033905 0.086397
0 0.862132 0.521140 0.032271 0.079044
0 0.828227 0.816789 0.054330 0.043505
0 0.536765 0.690564 0.032680 0.109069
0 0.640727 0.444700 0.038807 0.103248
0 0.453840 0.690870 0.035131 0.112745
0 0.267565 0.252451 0.043301 0.110907
0 0.219771 0.252757 0.043301 0.110907
0 0.171773 0.135110 0.042075 0.090686
0 0.125000 0.133885 0.041667 0.090686
0 0.073734 0.131434 0.049428 0.085784
0 0.022059 0.133425 0.041667 0.094056
0 0.495711 0.692708 0.037173 0.107230
0 0.167892 0.253983 0.044935 0.119485
0 0.114788 0.253983 0.044935 0.119485
0 0.263072 0.134804 0.041667 0.090686
0 0.218137 0.136336 0.041667 0.090686
0 0.081495 0.505821 0.047794 0.109681
0 0.380310 0.699142 0.026961 0.110907
0 0.276961 0.641697 0.055556 0.117341
0 0.211397 0.647518 0.053513 0.119179
0 0.154616 0.649816 0.054330 0.122549
0 0.093546 0.651042 0.056373 0.121936
0 0.037173 0.654412 0.045752 0.125613
0 0.132353 0.507966 0.048203 0.110907
0 0.027574 0.511642 0.055147 0.109069
0 0.185253 0.507047 0.048611 0.102941
