0 0.721814 0.206495 0.055556 0.048407
0 0.660743 0.256740 0.055147 0.048407
0 0.720792 0.257200 0.051062 0.049326
0 0.781863 0.225184 0.051471 0.040441
0 0.839869 0.224724 0.058824 0.041973
0 0.897467 0.227482 0.052288 0.037684
0 0.953840 0.226869 0.053105 0.037684
0 0.780229 0.265778 0.051471 0.037684
0 0.976920 0.712776 0.045343 0.044424
0 0.249387 0.340533 0.079657 0.038297
0 0.839052 0.267157 0.050654 0.040441
0 0.892565 0.266544 0.052288 0.035539
0 0.948529 0.267770 0.049020 0.039216
0 0.079861 0.338082 0.073121 0.033395
0 0.085784 0.378830 0.072712 0.040748
0 0.162377 0.341452 0.075572 0.032782
0 0.164624 0.380515 0.073529 0.039216
0 0.656454 0.205116 0.056373 0.048100
0 0.248162 0.380821 0.080474 0.039828
0 0.975694 0.669271 0.048611 0.034007
0 0.599060 0.254442 0.053513 0.048713
0 0.050041 0.204504 0.071487 0.039522
0 0.533088 0.254749 0.055556 0.051164
0 0.653595 0.683517 0.072712 0.041054
0 0.799632 0.099571 0.058415 0.043505
0 0.796977 0.141085 0.058824 0.040135
0 0.864379 0.097886 0.056373 0.040135
0 0.866013 0.140012 0.049837 0.040441
0 0.920343 0.103094 0.049837 0.038297
0 0.928309 0.145067 0.046977 0.035846
0 0.978758 0.105852 0.042484 0.038909
0 0.976920 0.147212 0.046160 0.038909
0 0.121732 0.206495 0.067810 0.036765
0 0.051471 0.246630 0.074346 0.039828
0 0.121119 0.247089 0.063317 0.035846
0 0.205678 0.239583 0.097631 0.064338
0 0.297386 0.188113 0.058007 0.035539
0 0.284314 0.240656 0.044118 0.059130
0 0.330882 0.238664 0.025327 0.057598
0 0.404616 0.197763 0.045343 0.057292
0 0.405842 0.252145 0.047794 0.045956
0 0.466912 0.199449 0.054739 0.051471
0 0.469158 0.252604 0.055964 0.049326
0 0.527982 0.203738 0.051879 0.045343
0 0.591503 0.204810 0.060458 0.047488
0 0.575980 0.728707 0.077614 0.042586
0 0.966708 0.873621 0.065768 0.020527
0 0.740809 0.674786 0.084559 0.037684
0 0.650940 0.837623 0.099265 0.034926
0 0.118873 0.923713 0.074346 0.012868
0 0.967116 0.910080 0.065768 0.047488
0 0.735090 0.130668 0.053513 0.048100
0 0.891953 0.914522 0.069853 0.049632
0 0.807394 0.919271 0.095997 0.045037
0 0.742647 0.787990 0.094771 0.034314
0 0.750408 0.829657 0.087418 0.040441
0 0.834763 0.785846 0.073938 0.036765
0 0.645833 0.790135 0.089052 0.033701
0 0.835172 0.827053 0.068219 0.042586
0 0.916054 0.827206 0.079657 0.037990
0 0.036152 0.933058 0.072304 0.019301
0 0.036765 0.967678 0.073529 0.043199
0 0.115400 0.962316 0.080474 0.049632
0 0.212418 0.922794 0.089052 0.023284
0 0.214052 0.961703 0.085784 0.048407
0 0.296364 0.951287 0.068219 0.044118
0 0.707925 0.925092 0.095588 0.049326
0 0.601920 0.929534 0.100899 0.043505
0 0.928105 0.786305 0.084967 0.042586
0 0.572100 0.833946 0.053513 0.037377
0 0.571283 0.798866 0.051879 0.022365
0 0.513072 0.837469 0.050654 0.039522
0 0.747141 0.720129 0.080882 0.046875
0 0.835784 0.677849 0.060458 0.027267
0 0.830678 0.719516 0.072304 0.043199
0 0.906863 0.670650 0.071078 0.036765
0 0.911560 0.715839 0.080474 0.045650
0 0.420139 0.738205 0.069853 0.022978
0 0.392974 0.816176 0.031046 0.071078
0 0.338440 0.795190 0.043709 0.036458
0 0.345997 0.854473 0.036765 0.066176
0 0.395016 0.895374 0.035131 0.066483
0 0.349265 0.927696 0.030229 0.073529
0 0.034722 0.819853 0.069444 0.035539
0 0.120302 0.814951 0.096814 0.035539
0 0.218954 0.812500 0.092320 0.030025
0 0.036152 0.861060 0.069036 0.041360
0 0.121732 0.857537 0.093137 0.041054
0 0.217933 0.854167 0.090278 0.046569
0 0.291871 0.850490 0.049428 0.046569
0 0.449346 0.799020 0.058007 0.034314
0 0.450368 0.843597 0.060049 0.037071
0 0.510008 0.798407 0.054330 0.028186
0 0.659109 0.725797 0.083742 0.044118
0 0.741422 0.088848 0.053922 0.033701
0 0.874796 0.335478 0.070670 0.045343
0 0.607026 0.124694 0.059641 0.050245
0 0.512051 0.571538 0.090278 0.049326
0 0.444240 0.621630 0.044526 0.041667
0 0.404412 0.626225 0.035131 0.063113
0 0.419322 0.566636 0.071487 0.041973
0 0.321078 0.629289 0.072712 0.037990
0 0.318423 0.584865 0.077206 0.040441
0 0.242034 0.627604 0.068219 0.039522
0 0.237541 0.586857 0.075572 0.041973
0 0.157475 0.633119 0.078023 0.038297
0 0.515727 0.620098 0.087827 0.043505
0 0.155637 0.588542 0.077614 0.042892
0 0.076185 0.593597 0.065768 0.035846
0 0.962010 0.481005 0.075980 0.084559
0 0.884600 0.499694 0.061683 0.045956
0 0.823121 0.501991 0.050654 0.045037
0 0.888072 0.453431 0.058824 0.045343
0 0.825776 0.454504 0.055964 0.048100
0 0.763685 0.500000 0.056781 0.045343
0 0.763480 0.451746 0.056373 0.047488
0 0.698529 0.500460 0.063725 0.043811
0 0.078636 0.634038 0.067402 0.035233
0 0.610090 0.571998 0.088644 0.043505
0 0.608047 0.615196 0.084559 0.038603
0 0.705474 0.566483 0.096405 0.044118
0 0.489379 0.944087 0.093137 0.041360
0 0.573938 0.684283 0.076797 0.042586
0 0.493873 0.726256 0.070261 0.040135
0 0.489379 0.683517 0.076797 0.038603
0 0.399101 0.692402 0.031046 0.056373
0 0.336397 0.736520 0.026552 0.068015
0 0.290645 0.733915 0.046977 0.060355
0 0.313317 0.682445 0.083333 0.019301
0 0.217116 0.735907 0.091912 0.056985
0 0.209559 0.692249 0.096405 0.022365
0 0.114788 0.746936 0.082516 0.045343
0 0.110907 0.696078 0.081291 0.042279
0 0.033497 0.755668 0.066993 0.041360
0 0.032271 0.707874 0.064542 0.037071
0 0.965891 0.607690 0.067402 0.042586
0 0.966095 0.563419 0.067810 0.040441
0 0.884191 0.608915 0.086193 0.045037
0 0.883783 0.563572 0.085376 0.043199
0 0.796160 0.611673 0.083333 0.041360
0 0.796773 0.565717 0.078023 0.042586
0 0.707516 0.615349 0.088235 0.046262
0 0.699142 0.452665 0.064951 0.046875
0 0.672998 0.128830 0.054330 0.046875
0 0.619894 0.500000 0.088644 0.045343
0 0.524306 0.501225 0.086193 0.043505
0 0.424632 0.377911 0.069036 0.046262
0 0.412377 0.324908 0.057598 0.052390
0 0.338848 0.399663 0.041258 0.067708
0 0.332516 0.324449 0.033497 0.069240
0 0.033088 0.065257 0.066176 0.036765
0 0.115605 0.066330 0.064542 0.038909
0 0.040645 0.104933 0.071487 0.039522
0 0.111315 0.107537 0.065768 0.039828
0 0.207516 0.046569 0.095588 0.040441
0 0.492239 0.326593 0.060458 0.049020
0 0.209150 0.100490 0.098856 0.064338
0 0.309641 0.107843 0.091503 0.060049
0 0.410948 0.059589 0.058007 0.056679
0 0.477941 0.065257 0.063725 0.053922
0 0.543096 0.069087 0.056781 0.049326
0 0.607230 0.071385 0.056781 0.049020
0 0.675245 0.084406 0.058824 0.034620
0 0.412377 0.117034 0.064134 0.053922
0 0.479371 0.119332 0.056781 0.051777
0 0.540441 0.122243 0.058007 0.052696
0 0.310662 0.057598 0.093546 0.036152
0 0.496528 0.378676 0.065768 0.049632
0 0.574755 0.328431 0.065359 0.050245
0 0.565359 0.379749 0.062908 0.045037
0 0.524306 0.454044 0.099265 0.047181
0 0.449551 0.500613 0.051879 0.042279
0 0.446078 0.452053 0.048203 0.048100
0 0.404208 0.499234 0.028186 0.079963
0 0.343342 0.481311 0.034722 0.063113
0 0.261438 0.505821 0.075163 0.037990
0 0.180147 0.507506 0.072712 0.041360
0 0.261438 0.463695 0.075163 0.038909
0 0.181577 0.464614 0.078840 0.041973
0 0.024306 0.511642 0.048611 0.035539
0 0.102328 0.510110 0.073938 0.036765
0 0.101716 0.470588 0.072712 0.034926
0 0.030229 0.472426 0.060458 0.038603
0 0.957108 0.363511 0.084967 0.081801
0 0.865605 0.384804 0.068627 0.050245
0 0.792484 0.381893 0.062908 0.046875
0 0.798407 0.332261 0.061683 0.048100
0 0.713440 0.382812 0.071487 0.043811
0 0.716503 0.333027 0.067810 0.049632
0 0.639297 0.380208 0.063725 0.048407
0 0.640319 0.330882 0.059232 0.047794
0 0.620915 0.451593 0.087418 0.047181
0 0.490400 0.905025 0.091912 0.030637
