0 0.622958 0.220588 0.024510 0.055147
0 0.470792 0.201746 0.020833 0.062806
0 0.594363 0.216299 0.024510 0.056373
0 0.572508 0.213235 0.015114 0.056373
0 0.556781 0.212776 0.010621 0.056066
0 0.538399 0.209865 0.021242 0.060049
0 0.515523 0.205116 0.017157 0.060355
0 0.493668 0.203738 0.021650 0.061887
0 0.444649 0.197763 0.029003 0.064645
0 0.281250 0.179228 0.034722 0.075368
0 0.375613 0.189185 0.029003 0.071385
0 0.348039 0.187194 0.024510 0.072304
0 0.317198 0.183670 0.033088 0.072610
0 0.225899 0.161458 0.032680 0.090074
0 0.188725 0.157322 0.035131 0.091605
0 0.154820 0.152727 0.028595 0.094669
0 0.114583 0.149357 0.040441 0.094669
0 0.024306 0.129289 0.048611 0.119485
0 0.644812 0.222886 0.016748 0.054841
0 0.402982 0.192555 0.022467 0.068321
0 0.663194 0.225490 0.015114 0.052696
0 0.647263 0.667433 0.044526 0.059743
0 0.698325 0.229167 0.014297 0.052696
0 0.793301 0.316636 0.022876 0.016850
0 0.791054 0.295496 0.028186 0.022365
0 0.747958 0.325674 0.022059 0.025735
0 0.723856 0.325827 0.022059 0.023591
0 0.747958 0.297947 0.018791 0.027267
0 0.723652 0.297335 0.021650 0.028493
0 0.697712 0.311734 0.017157 0.053002
0 0.680147 0.316483 0.013889 0.047794
0 0.666871 0.317555 0.008578 0.042586
0 0.655842 0.318781 0.010212 0.042586
0 0.644199 0.320925 0.009804 0.035233
0 0.631740 0.320006 0.010212 0.035846
0 0.617647 0.315870 0.013889 0.041667
0 0.602124 0.317096 0.014706 0.046569
0 0.585376 0.309589 0.013072 0.055453
0 0.792075 0.334865 0.020425 0.017157
0 0.126225 0.473805 0.089052 0.045650
0 0.133170 0.523897 0.099673 0.045343
0 0.134191 0.657169 0.086193 0.041054
0 0.722426 0.469363 0.009395 0.034926
0 0.734069 0.468750 0.009804 0.035539
0 0.746119 0.465227 0.008578 0.035846
0 0.758987 0.464920 0.008987 0.035233
0 0.771242 0.463542 0.010621 0.034926
0 0.783905 0.462010 0.010621 0.034314
0 0.708538 0.512102 0.011846 0.038297
0 0.567198 0.308670 0.018382 0.056066
0 0.721405 0.507812 0.011438 0.038297
0 0.746119 0.504136 0.010212 0.036458
0 0.758578 0.501838 0.009804 0.036152
0 0.771038 0.499694 0.010212 0.036152
0 0.782271 0.497855 0.009804 0.036152
0 0.793913 0.495251 0.010212 0.036458
0 0.194444 0.431526 0.036765 0.067096
0 0.289624 0.428002 0.032680 0.057598
0 0.734477 0.505055 0.009804 0.036458
0 0.709967 0.472120 0.013072 0.035539
0 0.548203 0.311887 0.015523 0.053309
0 0.320261 0.426930 0.023693 0.057904
0 0.213031 0.303768 0.029820 0.063419
0 0.241422 0.304228 0.022059 0.059436
0 0.263480 0.304688 0.015523 0.060355
0 0.284518 0.306832 0.022467 0.059743
0 0.307190 0.308824 0.019608 0.058824
0 0.332925 0.308977 0.029412 0.056679
0 0.359886 0.311734 0.019608 0.057292
0 0.383374 0.314032 0.021650 0.047794
0 0.405637 0.314032 0.017974 0.045343
0 0.425449 0.315564 0.019199 0.043505
0 0.442810 0.316023 0.013072 0.044424
0 0.459559 0.313113 0.017157 0.053309
0 0.479371 0.312653 0.015114 0.049939
0 0.498366 0.314032 0.017974 0.050245
0 0.515319 0.313879 0.013480 0.047488
0 0.183007 0.302543 0.026961 0.065257
0 0.805964 0.401348 0.019608 0.033088
0 0.763889 0.400735 0.060458 0.038603
0 0.717116 0.402880 0.020833 0.042892
0 0.347631 0.424786 0.026961 0.057904
0 0.371936 0.423713 0.018382 0.055760
0 0.393178 0.422028 0.019199 0.054841
0 0.418709 0.421415 0.025327 0.053615
0 0.443015 0.418964 0.019199 0.053615
0 0.465686 0.417739 0.020425 0.051164
0 0.487949 0.417279 0.020016 0.050245
0 0.531863 0.311275 0.014706 0.053922
0 0.508987 0.415594 0.017157 0.051777
0 0.554534 0.412684 0.024918 0.048407
0 0.586601 0.408854 0.022059 0.045650
0 0.612337 0.407629 0.019608 0.048100
0 0.630719 0.408241 0.014706 0.046875
0 0.647059 0.406097 0.015523 0.045037
0 0.666667 0.406250 0.018791 0.045343
0 0.693015 0.405178 0.024101 0.043199
0 0.530025 0.413603 0.020833 0.050245
0 0.697304 0.513940 0.009804 0.037684
0 0.684232 0.516697 0.013072 0.038297
0 0.670752 0.519608 0.011438 0.039216
0 0.450980 0.740809 0.089869 0.074142
0 0.517974 0.649663 0.080065 0.062194
0 0.589869 0.633885 0.059641 0.060049
0 0.532067 0.716146 0.066585 0.064032
0 0.596201 0.695925 0.055147 0.059130
0 0.692402 0.601716 0.051471 0.052083
0 0.696691 0.656403 0.046977 0.049939
0 0.738358 0.585325 0.034722 0.053002
0 0.775940 0.575827 0.033088 0.051164
0 0.741422 0.642004 0.034314 0.053615
0 0.777982 0.629442 0.030637 0.048100
0 0.209150 0.593597 0.037582 0.062194
0 0.239175 0.531556 0.033905 0.053309
0 0.288194 0.528033 0.033088 0.056066
0 0.318832 0.524663 0.024101 0.056679
0 0.362949 0.761949 0.060866 0.072917
0 0.285539 0.795803 0.088235 0.070159
0 0.337623 0.693934 0.038807 0.056985
0 0.271855 0.725950 0.089461 0.068321
0 0.713235 0.230392 0.013072 0.053309
0 0.727941 0.231771 0.013889 0.051164
0 0.743056 0.233609 0.012255 0.049939
0 0.757149 0.235141 0.013480 0.049326
0 0.770221 0.238051 0.008578 0.046569
0 0.781658 0.238971 0.009395 0.046569
0 0.792892 0.239890 0.008987 0.046569
0 0.343750 0.520680 0.022467 0.057904
0 0.804534 0.239737 0.009395 0.046262
0 0.112541 0.244026 0.105801 0.085478
0 0.024510 0.309436 0.049020 0.129902
0 0.021446 0.652114 0.042892 0.083640
0 0.063317 0.643842 0.036765 0.083640
0 0.045752 0.854779 0.091503 0.117034
0 0.173203 0.746477 0.097222 0.070772
0 0.188113 0.821998 0.095180 0.077819
0 0.814951 0.242494 0.008987 0.046262
0 0.369281 0.517770 0.022059 0.054534
0 0.390727 0.514400 0.017565 0.052696
0 0.412990 0.512561 0.023693 0.051471
0 0.621119 0.482077 0.011029 0.043199
0 0.635008 0.479473 0.013480 0.040441
0 0.514297 0.549020 0.017974 0.042892
0 0.532067 0.544118 0.015114 0.045343
0 0.550041 0.540901 0.015114 0.043199
0 0.566176 0.538143 0.013072 0.042586
0 0.580474 0.535692 0.013072 0.042586
0 0.607435 0.484528 0.012255 0.043199
0 0.595997 0.531710 0.012255 0.041973
0 0.625817 0.526042 0.013072 0.042892
0 0.639910 0.523897 0.010212 0.040441
0 0.652369 0.479167 0.016340 0.042279
0 0.666871 0.476869 0.010212 0.040135
0 0.679534 0.475337 0.012663 0.039522
0 0.694649 0.472580 0.014297 0.038909
0 0.654820 0.522978 0.014706 0.038603
0 0.610498 0.529259 0.012663 0.041973
0 0.681373 0.228401 0.016340 0.054228
0 0.594158 0.486826 0.011846 0.041054
0 0.564338 0.491575 0.012663 0.045650
0 0.292279 0.588235 0.024918 0.053922
0 0.318015 0.582874 0.022467 0.053002
0 0.343137 0.579810 0.021242 0.054228
0 0.368464 0.576440 0.023693 0.052390
0 0.391953 0.570006 0.020016 0.051164
0 0.414011 0.564645 0.019199 0.047794
0 0.434028 0.562653 0.019199 0.046875
0 0.579453 0.489430 0.014297 0.041360
0 0.449551 0.507353 0.026552 0.050858
0 0.494485 0.500000 0.016748 0.047794
0 0.456699 0.560355 0.021242 0.046569
0 0.477328 0.555147 0.017565 0.047794
0 0.495302 0.551930 0.015114 0.046262
0 0.512459 0.499694 0.014297 0.047181
0 0.529820 0.495404 0.017157 0.045956
0 0.548407 0.492034 0.015931 0.046569
0 0.474469 0.502911 0.018382 0.051164
0 0.262459 0.590839 0.032271 0.059130
