0 0.325397 0.721354 0.080026 0.063740
0 0.411541 0.721106 0.092923 0.062252
0 0.241733 0.701141 0.083995 0.099702
0 0.502811 0.720486 0.075728 0.064980
0 0.336475 0.650670 0.085648 0.072173
0 0.420470 0.652902 0.082341 0.076637
0 0.668651 0.645957 0.077381 0.074653
0 0.580192 0.718998 0.071759 0.073909
0 0.663360 0.719370 0.087302 0.072173
0 0.744874 0.718006 0.075066 0.068948
0 0.824735 0.716766 0.083995 0.070933
0 0.906746 0.714906 0.076720 0.069196
0 0.077381 0.711062 0.097884 0.088790
0 0.749008 0.647073 0.083333 0.072917
0 0.503142 0.645585 0.076389 0.067956
0 0.975033 0.716146 0.049934 0.074653
0 0.912864 0.819568 0.072421 0.070188
0 0.971892 0.895461 0.056217 0.062252
0 0.908896 0.232391 0.043981 0.079365
0 0.833333 0.646577 0.076720 0.075893
0 0.030589 0.851687 0.057209 0.155754
0 0.095734 0.855903 0.065146 0.152282
0 0.162698 0.854787 0.068783 0.153026
0 0.238922 0.858011 0.065807 0.153522
0 0.386409 0.799107 0.194114 0.062996
0 0.590774 0.796999 0.207341 0.063740
0 0.744213 0.823041 0.085648 0.080109
0 0.831349 0.824777 0.084656 0.072173
0 0.383763 0.896701 0.204696 0.074653
0 0.590443 0.899058 0.210648 0.070437
0 0.740906 0.894469 0.083003 0.061260
0 0.822421 0.894841 0.083333 0.060516
0 0.904431 0.895337 0.076058 0.065972
0 0.979167 0.826513 0.041667 0.056300
0 0.037037 0.111855 0.041667 0.125992
0 0.299272 0.087426 0.052249 0.116815
0 0.122685 0.115079 0.045635 0.125992
0 0.682540 0.332713 0.048280 0.077629
0 0.641534 0.331101 0.035053 0.081349
0 0.597884 0.332341 0.045635 0.084325
0 0.557374 0.333705 0.034061 0.083085
0 0.515873 0.330853 0.044974 0.078373
0 0.471230 0.327753 0.041667 0.077629
0 0.426587 0.330233 0.045635 0.082589
0 0.380787 0.329985 0.043981 0.082093
0 0.340774 0.331473 0.033399 0.080109
0 0.658399 0.107763 0.048942 0.090526
0 0.707011 0.104291 0.039683 0.086062
0 0.750661 0.103051 0.049603 0.087550
0 0.797950 0.106647 0.042328 0.097222
0 0.844081 0.107267 0.044643 0.088046
0 0.726190 0.331721 0.037698 0.082589
0 0.893684 0.104911 0.054563 0.096726
0 0.980159 0.111111 0.039683 0.081349
0 0.303902 0.220610 0.045635 0.090526
0 0.352679 0.225694 0.051257 0.083829
0 0.402943 0.227307 0.043320 0.090526
0 0.449735 0.230283 0.042989 0.087054
0 0.496528 0.224702 0.047288 0.091766
0 0.545139 0.227431 0.046627 0.089286
0 0.589947 0.224206 0.046296 0.084325
0 0.635251 0.225074 0.042989 0.082093
0 0.681878 0.227183 0.042328 0.087302
0 0.730655 0.229291 0.054563 0.082589
0 0.778770 0.226314 0.041005 0.082589
0 0.823247 0.229663 0.043981 0.078869
0 0.866567 0.229291 0.040675 0.085565
0 0.940807 0.110615 0.038360 0.081349
0 0.767361 0.329117 0.042659 0.081845
0 0.805390 0.328125 0.032738 0.081349
0 0.901620 0.333085 0.033399 0.075893
0 0.173280 0.098462 0.056878 0.160714
0 0.236442 0.093254 0.052910 0.159226
0 0.351852 0.089658 0.051587 0.111359
0 0.406911 0.092014 0.051257 0.113591
0 0.459987 0.096602 0.042989 0.106399
0 0.511739 0.102679 0.053241 0.086310
0 0.563161 0.103051 0.045635 0.084573
0 0.609954 0.107143 0.041336 0.091766
0 0.822421 0.545883 0.038360 0.079365
0 0.777612 0.543403 0.046627 0.075397
0 0.733962 0.544023 0.040675 0.072669
0 0.692626 0.547371 0.043981 0.076389
0 0.649636 0.547743 0.043320 0.077133
0 0.604993 0.548239 0.043981 0.077629
0 0.562335 0.547371 0.040013 0.079365
0 0.980159 0.428075 0.039683 0.088790
0 0.938657 0.434276 0.042659 0.085813
0 0.947586 0.332713 0.047950 0.077629
0 0.293651 0.427579 0.044974 0.078373
0 0.335979 0.430184 0.039683 0.072173
0 0.377976 0.433408 0.042328 0.077629
0 0.420304 0.431176 0.041667 0.079613
0 0.478340 0.429936 0.039352 0.077133
0 0.079200 0.113095 0.040013 0.125496
0 0.519345 0.432168 0.040013 0.074653
0 0.608796 0.429688 0.042989 0.070188
0 0.692626 0.428695 0.040013 0.072173
0 0.731481 0.429688 0.035714 0.076637
0 0.775132 0.429688 0.049603 0.076637
0 0.851356 0.432416 0.039352 0.079117
0 0.895833 0.429439 0.042328 0.077133
0 0.563492 0.431796 0.046296 0.077877
0 0.650794 0.428447 0.041667 0.071181
0 0.517361 0.541295 0.043981 0.079613
0 0.298776 0.332713 0.047288 0.078125
0 0.293485 0.546255 0.040675 0.077133
0 0.337963 0.547371 0.048280 0.076389
0 0.381614 0.544023 0.037698 0.072669
0 0.424438 0.541667 0.049934 0.078869
0 0.047288 0.564236 0.045635 0.128472
0 0.099041 0.563616 0.051257 0.126736
0 0.156911 0.564608 0.061177 0.132192
0 0.980655 0.548611 0.036706 0.069940
0 0.251157 0.548239 0.045966 0.069196
0 0.110450 0.397321 0.049603 0.144345
0 0.168320 0.397817 0.063492 0.150298
0 0.230324 0.398810 0.057209 0.144345
0 0.041997 0.252604 0.042989 0.055804
0 0.091766 0.254216 0.053241 0.057540
0 0.141534 0.252232 0.046296 0.058036
0 0.209325 0.255332 0.083995 0.051835
0 0.053406 0.397197 0.053902 0.146081
0 0.939815 0.547743 0.041005 0.066716
0 0.475529 0.542163 0.041667 0.078373
0 0.861607 0.552579 0.039352 0.065972
0 0.954530 0.233631 0.045966 0.084821
0 0.898975 0.549603 0.036706 0.068452
