0 0.051042 0.262109 0.102083 0.089844
0 0.170052 0.263477 0.043229 0.080859
0 0.194531 0.149023 0.043229 0.080078
0 0.260937 0.154297 0.083333 0.082812
0 0.322396 0.156445 0.037500 0.077734
0 0.358073 0.159766 0.034896 0.077344
0 0.476302 0.172266 0.031771 0.068750
0 0.565885 0.164258 0.054688 0.100391
0 0.615104 0.166602 0.040625 0.095703
0 0.660156 0.172852 0.044271 0.094141
0 0.708594 0.174609 0.048438 0.097656
0 0.800260 0.171875 0.033854 0.079687
0 0.835156 0.173047 0.032813 0.079687
0 0.868750 0.180859 0.027083 0.069531
0 0.901042 0.183594 0.030208 0.069531
0 0.933594 0.183594 0.028646 0.075000
0 0.960677 0.194336 0.022396 0.057422
0 0.986979 0.186914 0.026042 0.078516
0 0.125781 0.259961 0.043229 0.083203
0 0.233854 0.297656 0.073958 0.115625
0 0.697135 0.749219 0.013021 0.066406
0 0.567448 0.430664 0.023438 0.091797
0 0.373958 0.299805 0.054167 0.108203
0 0.643750 0.761719 0.014583 0.075000
0 0.626042 0.771875 0.017708 0.073438
0 0.604167 0.779102 0.018750 0.078516
0 0.579948 0.785742 0.027604 0.082422
0 0.553906 0.796680 0.017188 0.077734
0 0.528125 0.804688 0.030208 0.082031
0 0.462760 0.812891 0.022396 0.070312
0 0.434115 0.833398 0.033854 0.079297
0 0.376823 0.849219 0.030729 0.086719
0 0.345052 0.864648 0.031771 0.091797
0 0.313802 0.875000 0.026562 0.092969
0 0.285938 0.885742 0.028125 0.092578
0 0.665625 0.758203 0.016667 0.070312
0 0.254688 0.893359 0.033333 0.093750
0 0.175521 0.934766 0.040625 0.064062
0 0.131510 0.948242 0.042188 0.064453
0 0.085677 0.966992 0.046354 0.066016
0 0.034635 0.970703 0.050521 0.058594
0 0.186719 0.833398 0.076563 0.083203
0 0.108073 0.851172 0.072396 0.087500
0 0.033854 0.875195 0.067708 0.083984
0 0.184375 0.733203 0.084375 0.080469
0 0.095052 0.756250 0.091146 0.085938
0 0.185417 0.629687 0.069792 0.070312
0 0.109896 0.646094 0.076042 0.074219
0 0.033854 0.653320 0.067708 0.083984
0 0.218490 0.922656 0.040104 0.063281
0 0.964583 0.567187 0.059375 0.019531
0 0.960938 0.543555 0.064583 0.022266
0 0.846875 0.618750 0.097917 0.044531
0 0.713021 0.746875 0.015625 0.069531
0 0.778385 0.710156 0.098437 0.096875
0 0.876302 0.691211 0.093229 0.075391
0 0.961979 0.660352 0.076042 0.081641
0 0.246615 0.750586 0.035937 0.110547
0 0.284115 0.747266 0.033854 0.110937
0 0.316927 0.739844 0.029687 0.103125
0 0.342708 0.729688 0.017708 0.107813
0 0.368490 0.724219 0.030729 0.106250
0 0.399479 0.718945 0.028125 0.104297
0 0.428906 0.710742 0.026562 0.102734
0 0.456771 0.705273 0.025000 0.101172
0 0.481250 0.699609 0.018750 0.099219
0 0.502604 0.692187 0.023958 0.094531
0 0.529948 0.685352 0.026562 0.094922
0 0.554948 0.677930 0.019271 0.094141
0 0.578906 0.673438 0.022396 0.095312
0 0.601823 0.669336 0.017188 0.094141
0 0.621094 0.663281 0.017188 0.089063
0 0.643490 0.654102 0.024479 0.087891
0 0.667969 0.648438 0.018229 0.085938
0 0.689583 0.645117 0.019792 0.083984
0 0.712500 0.639844 0.020833 0.082812
0 0.761198 0.593750 0.073438 0.030469
0 0.760417 0.621875 0.071875 0.021094
0 0.761198 0.645508 0.070312 0.022266
0 0.846875 0.572266 0.093750 0.044531
0 0.165365 0.509766 0.070312 0.074219
0 0.087760 0.523242 0.081771 0.078516
0 0.960156 0.588867 0.066146 0.019141
0 0.910937 0.578906 0.028125 0.074219
0 0.782292 0.520898 0.071875 0.012891
0 0.783854 0.537305 0.075000 0.014453
0 0.848958 0.472266 0.051042 0.023438
0 0.848698 0.496680 0.047396 0.022266
0 0.848437 0.523438 0.056250 0.022656
0 0.929167 0.496094 0.096875 0.045312
0 0.221094 0.451758 0.030729 0.123828
0 0.298438 0.446484 0.043750 0.113281
0 0.340885 0.444531 0.035937 0.111719
0 0.379427 0.442578 0.035937 0.113281
0 0.415365 0.439844 0.031771 0.112500
0 0.448177 0.437891 0.029687 0.110937
0 0.479427 0.435352 0.028646 0.108203
0 0.509375 0.433594 0.031250 0.095312
0 0.539583 0.433008 0.030208 0.096484
0 0.682031 0.754102 0.011979 0.069141
0 0.590365 0.428516 0.023438 0.094531
0 0.617708 0.423242 0.027083 0.093359
0 0.682813 0.425000 0.051042 0.085156
0 0.734896 0.406250 0.034375 0.076563
0 0.770833 0.416602 0.032292 0.046484
0 0.818750 0.425586 0.058333 0.028516
0 0.815885 0.386133 0.046354 0.021484
0 0.910937 0.370117 0.073958 0.017578
0 0.917708 0.394727 0.033333 0.022266
0 0.872135 0.421680 0.033854 0.025391
0 0.972135 0.397852 0.031771 0.037891
0 0.782031 0.506250 0.071354 0.014844
0 0.309635 0.301758 0.069271 0.114453
0 0.780990 0.486133 0.078646 0.019922
0 0.687760 0.535156 0.020313 0.084375
0 0.238802 0.608984 0.033854 0.112500
0 0.303125 0.595508 0.043750 0.114453
0 0.339062 0.592383 0.026042 0.110547
0 0.385417 0.586914 0.038542 0.106641
0 0.446354 0.571094 0.032292 0.103906
0 0.479687 0.569141 0.032292 0.102344
0 0.511198 0.564648 0.027604 0.100391
0 0.023177 0.523242 0.043229 0.080078
0 0.140885 0.385352 0.108854 0.077734
0 0.041667 0.392188 0.083333 0.079687
0 0.965365 0.312500 0.031771 0.039844
0 0.909115 0.314258 0.069271 0.041016
0 0.535156 0.559961 0.018229 0.098047
0 0.552865 0.556445 0.015104 0.096484
0 0.571875 0.553125 0.021875 0.094531
0 0.604167 0.549609 0.028125 0.094531
0 0.643490 0.541016 0.027604 0.086719
0 0.915625 0.268750 0.069792 0.039062
0 0.851823 0.297070 0.038021 0.071484
0 0.801562 0.294531 0.055208 0.051562
0 0.731510 0.306250 0.043229 0.058594
0 0.687500 0.295117 0.041667 0.097266
0 0.644010 0.295508 0.040104 0.101172
0 0.598958 0.295312 0.044792 0.105469
0 0.547396 0.295898 0.055208 0.105078
0 0.437240 0.296680 0.065104 0.111328
0 0.667448 0.538672 0.017188 0.086719
0 0.707812 0.533594 0.018750 0.089063
0 0.436719 0.167969 0.039062 0.071875
0 0.036458 0.133789 0.057292 0.083203
0 0.143490 0.144922 0.047396 0.078906
