0 0.604880 0.392067 0.039384 0.026442
0 0.236515 0.297837 0.044092 0.056731
0 0.565497 0.403005 0.029110 0.055529
0 0.533818 0.402644 0.029966 0.057212
0 0.382705 0.401683 0.043664 0.052885
0 0.335402 0.401082 0.043236 0.054087
0 0.290454 0.400841 0.043236 0.053606
0 0.243151 0.398798 0.046233 0.054327
0 0.147260 0.397476 0.047089 0.054087
0 0.043878 0.395673 0.049229 0.055288
0 0.042166 0.291226 0.052654 0.060337
0 0.116652 0.265865 0.078339 0.038942
0 0.112800 0.305168 0.086045 0.039663
0 0.183861 0.295192 0.055223 0.059615
0 0.196490 0.398197 0.042808 0.055529
0 0.099101 0.396274 0.044092 0.054087
0 0.972175 0.492548 0.055651 0.085577
0 0.636772 0.413221 0.022688 0.037500
0 0.214897 0.487620 0.040240 0.056010
0 0.302868 0.489423 0.038955 0.054808
0 0.344820 0.491947 0.040668 0.052163
0 0.390839 0.491226 0.042808 0.051202
0 0.456550 0.500721 0.077483 0.037019
0 0.546661 0.489423 0.077055 0.059615
0 0.628853 0.485817 0.053082 0.069231
0 0.754709 0.497236 0.088185 0.051202
0 0.824700 0.494471 0.045805 0.059135
0 0.873288 0.493750 0.042808 0.058173
0 0.919735 0.510216 0.039812 0.049279
0 0.976670 0.412139 0.044092 0.030529
0 0.906892 0.408413 0.062928 0.054327
0 0.842038 0.401683 0.044521 0.064904
0 0.778682 0.396274 0.071062 0.073317
0 0.707192 0.411538 0.060788 0.043750
0 0.661601 0.414303 0.025257 0.037260
0 0.603382 0.420312 0.036387 0.027644
0 0.259418 0.487981 0.044521 0.057692
0 0.139555 0.159495 0.053082 0.081490
0 0.813356 0.854207 0.046233 0.072837
0 0.824914 0.311659 0.049658 0.048317
0 0.878425 0.312500 0.053938 0.049038
0 0.967680 0.291707 0.064640 0.089183
0 0.938570 0.190745 0.066353 0.050721
0 0.794307 0.205048 0.093750 0.016827
0 0.794092 0.188221 0.094178 0.013942
0 0.796233 0.171274 0.089041 0.016587
0 0.691353 0.305769 0.026541 0.052885
0 0.696918 0.204087 0.091610 0.012500
0 0.485445 0.163822 0.074486 0.085337
0 0.546875 0.168750 0.038955 0.078365
0 0.589041 0.171635 0.037671 0.076923
0 0.628639 0.171034 0.035531 0.078125
0 0.701199 0.173317 0.095890 0.015865
0 0.696062 0.188942 0.089897 0.013462
0 0.171447 0.487139 0.041524 0.056971
0 0.413527 0.171154 0.062500 0.068750
0 0.858305 0.848678 0.035103 0.073798
0 0.345890 0.173798 0.047089 0.064423
0 0.239512 0.164543 0.047517 0.072356
0 0.761772 0.852764 0.052654 0.071394
0 0.704195 0.855048 0.056507 0.066827
0 0.658390 0.856851 0.028253 0.058413
0 0.602526 0.870673 0.058647 0.035577
0 0.284461 0.299159 0.045805 0.056490
0 0.333476 0.300361 0.046233 0.056490
0 0.379923 0.299038 0.043236 0.059135
0 0.290454 0.163942 0.046661 0.073558
0 0.427440 0.300361 0.045805 0.058894
0 0.553724 0.279687 0.080051 0.035337
0 0.551156 0.315745 0.080908 0.035337
0 0.605950 0.306731 0.022688 0.053365
0 0.635060 0.306370 0.023545 0.054087
0 0.662885 0.307332 0.023545 0.054567
0 0.080051 0.156611 0.057363 0.085337
0 0.190497 0.165986 0.043664 0.070433
0 0.474957 0.302163 0.040668 0.055288
0 0.056935 0.581611 0.086473 0.064663
0 0.861729 0.768510 0.071062 0.036058
0 0.217466 0.590745 0.063356 0.047356
0 0.291952 0.759976 0.037671 0.056971
0 0.371789 0.758173 0.081764 0.060577
0 0.458262 0.756731 0.079195 0.060096
0 0.548159 0.760697 0.088613 0.048798
0 0.639769 0.759135 0.079195 0.048077
0 0.724101 0.760577 0.077483 0.058173
0 0.792594 0.768149 0.056079 0.037260
0 0.863442 0.728966 0.071062 0.038702
0 0.187072 0.872476 0.070205 0.010337
0 0.188998 0.860577 0.070634 0.012500
0 0.143193 0.579928 0.077483 0.068510
0 0.136986 0.876923 0.024829 0.032692
0 0.100813 0.861058 0.041524 0.061538
0 0.048159 0.860697 0.045805 0.060817
0 0.925514 0.834495 0.048801 0.107933
0 0.977098 0.828966 0.044949 0.116106
0 0.020334 0.158774 0.040668 0.075721
0 0.188570 0.884615 0.071490 0.012500
0 0.262628 0.870793 0.076627 0.011298
0 0.260702 0.884255 0.071918 0.013221
0 0.314640 0.869111 0.023973 0.038702
0 0.367509 0.868510 0.077483 0.037019
0 0.445205 0.864904 0.072774 0.044712
0 0.441567 0.823918 0.073202 0.035817
0 0.608947 0.829808 0.062928 0.040385
0 0.259204 0.762740 0.022688 0.048077
0 0.150043 0.754087 0.044092 0.071635
0 0.186430 0.847356 0.075771 0.012500
0 0.040454 0.748918 0.077483 0.075240
0 0.577055 0.664663 0.050514 0.044712
0 0.635274 0.662019 0.053082 0.047596
0 0.699058 0.664062 0.058219 0.048317
0 0.791524 0.678245 0.039384 0.024760
0 0.838613 0.664663 0.052226 0.049519
0 0.889127 0.667548 0.041096 0.043750
0 0.989084 0.689663 0.021832 0.058173
0 0.940283 0.706130 0.052654 0.031010
0 0.939854 0.669591 0.056079 0.039183
0 0.951627 0.588582 0.075342 0.062260
0 0.855308 0.583654 0.108733 0.073558
0 0.643622 0.585216 0.061216 0.060337
0 0.568279 0.600361 0.064640 0.035337
0 0.499144 0.587139 0.063356 0.059375
0 0.106807 0.745673 0.038099 0.072115
0 0.517337 0.660096 0.037243 0.044231
0 0.283818 0.591947 0.063356 0.047356
0 0.749358 0.679567 0.034675 0.022115
0 0.240796 0.664904 0.052654 0.046635
0 0.164598 0.663341 0.055223 0.044952
0 0.314640 0.659255 0.045377 0.045913
0 0.367509 0.664423 0.046661 0.042788
0 0.420163 0.664543 0.044092 0.044952
0 0.472175 0.662139 0.046233 0.044952
0 0.114726 0.659615 0.039384 0.030769
0 0.052440 0.664062 0.057791 0.045913
