0 0.926879 0.213235 0.116013 0.101716
0 0.015114 0.358456 0.030229 0.058211
0 0.048203 0.358762 0.030229 0.061887
0 0.115400 0.358150 0.028186 0.060049
0 0.155025 0.344056 0.031454 0.090074
0 0.187908 0.346048 0.034314 0.087316
0 0.247753 0.348192 0.069036 0.087316
0 0.477124 0.349877 0.084967 0.091912
0 0.408905 0.351716 0.049837 0.087623
0 0.572100 0.347273 0.060866 0.090380
0 0.637051 0.365656 0.023284 0.065257
0 0.666054 0.365349 0.027369 0.060968
0 0.692606 0.363971 0.023284 0.064338
0 0.784722 0.214614 0.109477 0.104473
0 0.322917 0.348346 0.080474 0.087623
0 0.708333 0.208180 0.035948 0.120404
0 0.742239 0.357384 0.066176 0.053615
0 0.614379 0.206189 0.039216 0.126225
0 0.015727 0.238205 0.028186 0.080576
0 0.047386 0.237898 0.028595 0.077512
0 0.080678 0.236979 0.029820 0.079350
0 0.191176 0.230239 0.022059 0.090993
0 0.218750 0.228860 0.030637 0.097426
0 0.250204 0.227788 0.031454 0.098958
0 0.663194 0.205729 0.043709 0.127145
0 0.291258 0.222120 0.042484 0.110294
0 0.371936 0.231158 0.023284 0.085478
0 0.414420 0.212776 0.045343 0.119792
0 0.455270 0.212929 0.033905 0.121324
0 0.494281 0.209099 0.040850 0.128983
0 0.531863 0.209406 0.030229 0.122855
0 0.571895 0.205270 0.044118 0.133578
0 0.343546 0.231618 0.030229 0.088848
0 0.814338 0.357230 0.070670 0.058211
0 0.117647 0.558058 0.032680 0.080576
0 0.965891 0.355852 0.056781 0.060355
0 0.075776 0.772518 0.028186 0.078125
0 0.045752 0.769761 0.025327 0.077512
0 0.020221 0.767004 0.024918 0.074449
0 0.966912 0.744638 0.066176 0.055453
0 0.895629 0.740196 0.063317 0.049020
0 0.828023 0.735294 0.063725 0.053309
0 0.757353 0.730239 0.058007 0.048100
0 0.691993 0.723192 0.060458 0.050551
0 0.627859 0.718290 0.061275 0.045650
0 0.569036 0.714308 0.054739 0.046875
0 0.104575 0.774969 0.026144 0.078125
0 0.508170 0.708946 0.055556 0.048407
0 0.398693 0.700674 0.054739 0.043505
0 0.342525 0.696844 0.050245 0.042586
0 0.289624 0.694547 0.051471 0.042892
0 0.231209 0.688572 0.054739 0.040135
0 0.175858 0.686887 0.048611 0.042279
0 0.965074 0.690717 0.069036 0.047488
0 0.894608 0.689032 0.063725 0.050858
0 0.826593 0.684589 0.069853 0.040748
0 0.759600 0.679381 0.062500 0.048100
0 0.692606 0.674020 0.064134 0.040441
0 0.452002 0.704810 0.051062 0.043199
0 0.626634 0.669884 0.062092 0.048100
0 0.130515 0.776808 0.023284 0.079963
0 0.190359 0.766391 0.055556 0.044424
0 0.979984 0.883119 0.039216 0.048100
0 0.926879 0.874847 0.065359 0.044424
0 0.862541 0.873468 0.060049 0.047794
0 0.985090 0.831342 0.029820 0.051164
0 0.933619 0.826134 0.066585 0.041973
0 0.869281 0.822151 0.058007 0.051777
0 0.748775 0.861826 0.059641 0.041054
0 0.611315 0.842984 0.063317 0.046262
0 0.548815 0.838235 0.055147 0.041667
0 0.487337 0.830882 0.061275 0.043505
0 0.151552 0.778339 0.018791 0.078125
0 0.425654 0.825674 0.058007 0.044730
0 0.311887 0.816636 0.055147 0.040748
0 0.615605 0.798866 0.062092 0.041973
0 0.549632 0.792433 0.056781 0.046875
0 0.486724 0.786612 0.056781 0.042586
0 0.426675 0.779718 0.056781 0.039828
0 0.367647 0.776501 0.056373 0.043811
0 0.310662 0.772825 0.055964 0.043199
0 0.893587 0.356771 0.081291 0.059743
0 0.191381 0.809283 0.051062 0.038297
0 0.248366 0.767310 0.057190 0.038909
0 0.368056 0.820619 0.053922 0.041973
0 0.566176 0.668199 0.051471 0.042892
0 0.247345 0.811734 0.055147 0.043199
0 0.449959 0.659161 0.053513 0.039522
0 0.415850 0.594363 0.058007 0.051471
0 0.350082 0.543352 0.071078 0.067708
0 0.252655 0.545956 0.094363 0.068015
0 0.050245 0.440870 0.034314 0.073529
0 0.098039 0.442249 0.047386 0.073836
0 0.199551 0.459559 0.057598 0.056373
0 0.292892 0.459559 0.045752 0.053922
0 0.342116 0.459865 0.052696 0.053922
0 0.510417 0.465074 0.051062 0.058211
0 0.564542 0.466299 0.051471 0.055760
0 0.497549 0.545956 0.059641 0.047181
0 0.619690 0.467984 0.058007 0.059130
0 0.768995 0.475337 0.037173 0.066483
0 0.860498 0.440870 0.090278 0.050245
0 0.863766 0.489277 0.091095 0.047181
0 0.956495 0.441789 0.087010 0.049632
0 0.955678 0.490656 0.088644 0.047488
0 0.009600 0.551011 0.019199 0.079963
0 0.032884 0.552849 0.028186 0.081801
0 0.059641 0.555300 0.024510 0.082414
0 0.087214 0.557598 0.025735 0.079657
0 0.507353 0.662377 0.057190 0.045343
0 0.683824 0.468903 0.066176 0.057292
0 0.563930 0.544730 0.066585 0.050245
0 0.438317 0.452665 0.049020 0.049939
0 0.693015 0.552696 0.071487 0.048407
0 0.394608 0.655025 0.056373 0.047181
0 0.626838 0.548713 0.058415 0.047794
0 0.286560 0.646906 0.051879 0.049939
0 0.231618 0.643229 0.052288 0.043199
0 0.177083 0.642770 0.054330 0.044118
0 0.126634 0.664216 0.026144 0.074755
0 0.099673 0.664062 0.025327 0.076900
0 0.071691 0.660233 0.023284 0.080882
0 0.045956 0.656097 0.022467 0.084865
0 0.019812 0.656097 0.024101 0.079963
0 0.966095 0.617341 0.067810 0.052083
0 0.339052 0.652880 0.052288 0.040441
0 0.823734 0.612745 0.061683 0.050245
0 0.760825 0.555760 0.061683 0.054534
0 0.892974 0.615196 0.070261 0.052696
0 0.894812 0.562500 0.073938 0.047794
0 0.966912 0.564338 0.066176 0.052696
0 0.501021 0.595129 0.057598 0.048100
0 0.827002 0.560815 0.061683 0.050551
0 0.622958 0.599418 0.058007 0.046875
0 0.686683 0.603554 0.062092 0.048407
0 0.755515 0.610294 0.064134 0.052083
0 0.561275 0.596967 0.061275 0.045650
