0 0.233660 0.794884 0.032680 0.028493
0 0.273693 0.797488 0.042484 0.024510
0 0.263480 0.658548 0.034314 0.036458
0 0.263685 0.824449 0.025735 0.027574
0 0.289011 0.824908 0.024918 0.026654
0 0.183824 0.820619 0.031863 0.027880
0 0.234477 0.825674 0.031046 0.027574
0 0.219567 0.656097 0.049428 0.038909
0 0.155842 0.820006 0.020833 0.028493
0 0.222018 0.698070 0.047794 0.038909
0 0.129902 0.789675 0.032680 0.022978
0 0.553717 0.696078 0.106618 0.037377
0 0.557190 0.653952 0.103758 0.039522
0 0.447508 0.696078 0.095997 0.037377
0 0.447917 0.656250 0.109069 0.036765
0 0.344975 0.698529 0.104984 0.039828
0 0.336601 0.661612 0.103758 0.030944
0 0.335376 0.633425 0.105392 0.023591
0 0.356005 0.785846 0.053513 0.025123
0 0.270016 0.698223 0.044118 0.039216
0 0.170547 0.790441 0.046977 0.024510
0 0.412377 0.790901 0.051062 0.032782
0 0.730392 0.683670 0.044118 0.034007
0 0.358660 0.822304 0.042484 0.040441
0 0.040033 0.768076 0.066993 0.058824
0 0.820057 0.520374 0.022467 0.040748
0 0.825163 0.456801 0.032680 0.081495
0 0.945466 0.804994 0.057598 0.034620
0 0.871732 0.822457 0.087418 0.035846
0 0.868260 0.782322 0.087010 0.034620
0 0.789624 0.826287 0.060458 0.031250
0 0.733252 0.825674 0.040850 0.027574
0 0.794935 0.787990 0.058007 0.038603
0 0.752859 0.747549 0.089052 0.027574
0 0.738358 0.789828 0.047794 0.039828
0 0.678309 0.821232 0.058415 0.030944
0 0.621119 0.821691 0.046160 0.024510
0 0.412990 0.824142 0.058824 0.029412
0 0.680760 0.788603 0.060049 0.030637
0 0.640727 0.754902 0.114788 0.032475
0 0.552696 0.824755 0.059641 0.026961
0 0.496119 0.823683 0.051879 0.030944
0 0.986111 0.697151 0.027778 0.034620
0 0.897672 0.698223 0.136029 0.036765
0 0.900327 0.659620 0.144608 0.038603
0 0.785131 0.689645 0.061275 0.033701
0 0.689747 0.684436 0.027369 0.030637
0 0.694649 0.645527 0.033905 0.039216
0 0.645016 0.692708 0.058824 0.037990
0 0.652982 0.653033 0.046160 0.040135
0 0.563317 0.792433 0.045752 0.035846
0 0.501634 0.789675 0.072712 0.035233
0 0.621528 0.791207 0.050245 0.033395
0 0.130515 0.817402 0.027369 0.030637
0 0.270833 0.096507 0.062092 0.037377
0 0.135008 0.659161 0.109886 0.040135
0 0.092116 0.343290 0.072304 0.036458
0 0.026144 0.341912 0.052288 0.041054
0 0.229984 0.308824 0.072712 0.039828
0 0.948121 0.247089 0.066993 0.038297
0 0.883783 0.246630 0.063317 0.039828
0 0.815359 0.248928 0.070261 0.037684
0 0.814134 0.208027 0.061275 0.037377
0 0.751021 0.216452 0.056781 0.027880
0 0.742443 0.248621 0.064951 0.032782
0 0.680147 0.244945 0.058824 0.038909
0 0.613358 0.245558 0.069036 0.038909
0 0.666462 0.211550 0.056781 0.027267
0 0.606413 0.209865 0.048611 0.023897
0 0.551062 0.211244 0.053105 0.029105
0 0.665441 0.182598 0.054739 0.024510
0 0.605596 0.184896 0.063317 0.024203
0 0.547794 0.183824 0.053105 0.022059
0 0.021650 0.206648 0.043301 0.034620
0 0.022672 0.240502 0.042075 0.032475
0 0.079453 0.197610 0.069036 0.040441
0 0.149306 0.198529 0.064951 0.039828
0 0.076389 0.239277 0.060458 0.042279
0 0.149918 0.239583 0.069444 0.037990
0 0.163807 0.347886 0.062092 0.034007
0 0.235703 0.240043 0.062092 0.041360
0 0.360907 0.203431 0.060049 0.034926
0 0.366217 0.242034 0.060866 0.037990
0 0.424020 0.206801 0.054739 0.039216
0 0.485703 0.208027 0.060458 0.037377
0 0.430351 0.245558 0.058415 0.030944
0 0.487337 0.246324 0.053922 0.034314
0 0.297181 0.243719 0.057598 0.036458
0 0.224265 0.348958 0.058824 0.031250
0 0.285131 0.349571 0.065359 0.034926
0 0.349265 0.348499 0.058824 0.037071
0 0.333129 0.436275 0.042892 0.037990
0 0.217729 0.469516 0.051471 0.030331
0 0.275735 0.474877 0.058824 0.028799
0 0.336397 0.473192 0.052696 0.032782
0 0.390523 0.435815 0.061275 0.032169
0 0.394404 0.471661 0.056781 0.032169
0 0.276552 0.438725 0.066993 0.035539
0 0.451389 0.472426 0.055556 0.031250
0 0.453840 0.439032 0.053922 0.033701
0 0.518587 0.434436 0.064951 0.036765
0 0.583129 0.422028 0.060049 0.038297
0 0.578636 0.472426 0.079657 0.033701
0 0.666258 0.431373 0.085784 0.037990
0 0.141748 0.699449 0.111111 0.036765
0 0.508783 0.471354 0.058415 0.031556
0 0.928309 0.113817 0.033905 0.019301
0 0.213644 0.434743 0.056373 0.030025
0 0.664420 0.471661 0.085376 0.037071
0 0.411560 0.350031 0.064951 0.040748
0 0.473243 0.351103 0.057598 0.038603
0 0.548407 0.313725 0.060866 0.032475
0 0.609069 0.311734 0.048203 0.033395
0 0.922181 0.349265 0.063317 0.039828
0 0.976103 0.349877 0.043709 0.040441
0 0.149101 0.469975 0.067810 0.033701
0 0.071283 0.433058 0.078840 0.041360
0 0.077410 0.470895 0.078023 0.030637
0 0.949346 0.470895 0.082516 0.037990
0 0.873162 0.473192 0.058415 0.035233
0 0.903186 0.425398 0.057190 0.040135
0 0.756332 0.469363 0.083742 0.036765
0 0.749796 0.428922 0.076389 0.042279
0 0.148693 0.431832 0.070261 0.038909
0 0.977124 0.144455 0.045752 0.024816
0 0.551879 0.248162 0.054739 0.036152
0 0.932394 0.141850 0.042075 0.035539
0 0.800654 0.353401 0.060458 0.040135
0 0.739379 0.351256 0.062092 0.033395
0 0.165645 0.549326 0.055964 0.038603
0 0.975694 0.120404 0.048611 0.020221
0 0.110907 0.543352 0.049428 0.021752
0 0.018791 0.545956 0.034314 0.036765
0 0.906250 0.306219 0.063317 0.039522
0 0.029208 0.585325 0.058415 0.036458
0 0.107639 0.133119 0.036356 0.030944
0 0.144812 0.134191 0.037173 0.028799
0 0.201389 0.092984 0.073529 0.032782
0 0.197917 0.129749 0.066585 0.038909
0 0.271038 0.132506 0.065768 0.032169
0 0.342320 0.093444 0.071078 0.033701
0 0.038399 0.127298 0.073529 0.038909
0 0.345384 0.132200 0.067402 0.036458
0 0.971609 0.306373 0.056781 0.039828
0 0.255106 0.576593 0.097631 0.052696
0 0.037990 0.682445 0.075980 0.045650
0 0.957312 0.589767 0.085376 0.033088
0 0.866013 0.589614 0.091503 0.030331
0 0.878676 0.550398 0.094771 0.043199
0 0.763276 0.576593 0.064951 0.035539
0 0.767157 0.532322 0.070261 0.040748
0 0.169730 0.587163 0.061683 0.035233
0 0.676062 0.586857 0.098856 0.037071
0 0.569649 0.585784 0.103350 0.037377
0 0.568423 0.545956 0.104167 0.036765
0 0.461601 0.585631 0.104575 0.037071
0 0.457516 0.545496 0.109477 0.035846
0 0.867647 0.349112 0.047386 0.041360
0 0.354779 0.577359 0.095997 0.051777
0 0.676675 0.546569 0.106618 0.037990
0 0.973243 0.424479 0.053513 0.035846
0 0.103554 0.585938 0.063317 0.035233
0 0.408497 0.132659 0.053105 0.039828
0 0.885417 0.115809 0.050245 0.023284
0 0.663194 0.315717 0.053513 0.036458
0 0.726103 0.315104 0.051879 0.031556
0 0.540441 0.351562 0.063725 0.038909
0 0.604371 0.351716 0.064134 0.037377
0 0.672794 0.350643 0.072712 0.034620
0 0.765931 0.099418 0.064542 0.036458
0 0.704861 0.098805 0.060049 0.037071
0 0.416667 0.094516 0.066176 0.028493
0 0.824346 0.107690 0.046569 0.023591
0 0.597018 0.102788 0.049428 0.016238
0 0.767565 0.136949 0.061275 0.035539
0 0.468342 0.131127 0.057598 0.039216
0 0.531658 0.102635 0.075572 0.020833
0 0.707516 0.137561 0.056373 0.035539
0 0.601716 0.135417 0.068627 0.033701
0 0.534314 0.134651 0.064542 0.036458
0 0.829453 0.137102 0.056781 0.034620
0 0.886642 0.144148 0.050245 0.031556
