0 0.707108 0.600184 0.061275 0.101103
0 0.709763 0.876379 0.072304 0.109375
0 0.788807 0.882047 0.080065 0.102328
0 0.859477 0.876072 0.057190 0.095895
0 0.932598 0.871783 0.075980 0.103860
0 0.630923 0.601256 0.084559 0.102635
0 0.559641 0.879596 0.066176 0.102941
0 0.784314 0.387102 0.045752 0.085478
0 0.705678 0.392923 0.049428 0.073836
0 0.612949 0.392770 0.059232 0.082721
0 0.542688 0.394148 0.037990 0.073836
0 0.443219 0.393995 0.048203 0.070466
0 0.397876 0.395221 0.036765 0.077819
0 0.827614 0.387561 0.033497 0.087010
0 0.777778 0.601562 0.071895 0.105699
0 0.910743 0.599112 0.074755 0.100797
0 0.976307 0.600031 0.047386 0.103248
0 0.069853 0.886029 0.029412 0.094363
0 0.034109 0.888787 0.031454 0.089461
0 0.008170 0.885570 0.016340 0.082414
0 0.097222 0.689185 0.035948 0.059130
0 0.843750 0.601409 0.054330 0.104779
0 0.768178 0.724571 0.075572 0.102941
0 0.865809 0.386795 0.035539 0.086091
0 0.963031 0.384498 0.046160 0.086397
0 0.140931 0.884651 0.026961 0.101409
0 0.103350 0.888480 0.034314 0.097426
0 0.398489 0.495558 0.037990 0.080576
0 0.839052 0.280484 0.051471 0.088542
0 0.486315 0.495711 0.032271 0.076593
0 0.529820 0.494792 0.044118 0.080882
0 0.910948 0.385263 0.049837 0.082414
0 0.573734 0.494792 0.038807 0.078431
0 0.663807 0.499694 0.045752 0.068627
0 0.768791 0.498315 0.053105 0.067096
0 0.821078 0.499694 0.042484 0.069240
0 0.875613 0.499234 0.046160 0.069547
0 0.927696 0.496936 0.046569 0.072304
0 0.975490 0.495558 0.043301 0.068321
0 0.618873 0.499234 0.044935 0.068321
0 0.840686 0.723346 0.065359 0.104779
0 0.908292 0.722886 0.055964 0.103860
0 0.970997 0.724724 0.056373 0.111826
0 0.058007 0.266544 0.039216 0.050858
0 0.018178 0.272978 0.036356 0.040441
0 0.174020 0.282935 0.048203 0.090380
0 0.225694 0.280637 0.046977 0.096201
0 0.276348 0.279871 0.050245 0.094056
0 0.331495 0.281250 0.053513 0.093750
0 0.027982 0.380668 0.047794 0.041360
0 0.386438 0.282016 0.050654 0.092831
0 0.520425 0.280637 0.049020 0.092525
0 0.573121 0.282016 0.051471 0.090380
0 0.630923 0.282475 0.048611 0.091299
0 0.686887 0.281250 0.052696 0.091299
0 0.736315 0.280637 0.038807 0.090686
0 0.782884 0.281710 0.047794 0.089767
0 0.439542 0.281556 0.049837 0.093137
0 0.072304 0.378217 0.036765 0.050551
0 0.175245 0.395374 0.047386 0.077512
0 0.219975 0.394761 0.037990 0.078738
0 0.533497 0.726256 0.064542 0.101409
0 0.470588 0.725797 0.058007 0.103554
0 0.404616 0.727788 0.060049 0.100797
0 0.335784 0.725643 0.066993 0.107537
0 0.263072 0.726409 0.074346 0.101103
0 0.181781 0.725031 0.078431 0.099571
0 0.124592 0.781863 0.025327 0.053922
0 0.092116 0.784161 0.036356 0.056679
0 0.053717 0.781097 0.033905 0.059743
0 0.016748 0.784467 0.028595 0.051164
0 0.021650 0.688419 0.035131 0.056373
0 0.058415 0.685662 0.031863 0.065564
0 0.356005 0.395067 0.043709 0.078738
0 0.310049 0.394608 0.042484 0.077206
0 0.265727 0.395221 0.044526 0.074755
0 0.191585 0.885723 0.060458 0.091912
0 0.262868 0.881281 0.069853 0.103860
0 0.443832 0.494485 0.043709 0.079044
0 0.418301 0.879289 0.055556 0.107843
0 0.319240 0.144761 0.058415 0.117953
0 0.380310 0.147825 0.055556 0.109988
0 0.442402 0.148438 0.063725 0.109988
0 0.570466 0.150735 0.051062 0.106005
0 0.626634 0.159161 0.044118 0.089154
0 0.674837 0.156097 0.041667 0.089154
0 0.725899 0.154105 0.053105 0.093137
0 0.249796 0.140778 0.069036 0.120404
0 0.782475 0.154565 0.055964 0.090380
0 0.879698 0.174479 0.046977 0.049939
0 0.923407 0.174020 0.020833 0.046569
0 0.977328 0.169730 0.032271 0.059436
0 0.979779 0.285080 0.020016 0.073223
0 0.944853 0.281403 0.040850 0.084865
0 0.893178 0.281710 0.053513 0.087929
0 0.346201 0.882353 0.078023 0.099877
0 0.833946 0.154105 0.042892 0.088848
0 0.132149 0.147518 0.080474 0.112439
0 0.507557 0.148591 0.060866 0.110294
0 0.315564 0.604779 0.062500 0.102328
0 0.485907 0.879749 0.071487 0.107537
0 0.548203 0.600797 0.071895 0.101716
0 0.632761 0.876838 0.071078 0.106005
0 0.448938 0.625000 0.049020 0.049632
0 0.033292 0.136029 0.058415 0.110907
0 0.246936 0.604933 0.074755 0.103860
0 0.167688 0.605699 0.069036 0.098652
0 0.043096 0.586857 0.032271 0.074449
0 0.081495 0.597580 0.038807 0.054841
0 0.046364 0.486520 0.038807 0.072917
0 0.013276 0.485600 0.024101 0.075368
0 0.192198 0.492800 0.034722 0.076900
0 0.230392 0.492800 0.034314 0.078125
0 0.274101 0.495251 0.043301 0.075061
0 0.315359 0.493566 0.031863 0.076593
0 0.354779 0.493719 0.037990 0.076287
0 0.011846 0.593290 0.023693 0.063419
