0 0.970313 0.809375 0.034375 0.085156
0 0.753385 0.184961 0.036979 0.080859
0 0.823958 0.204297 0.081250 0.052344
0 0.080729 0.841016 0.035417 0.088281
0 0.038021 0.837500 0.034375 0.093750
0 0.912500 0.731445 0.040625 0.083203
0 0.654687 0.726562 0.045833 0.076563
0 0.834896 0.760156 0.036458 0.027344
0 0.796615 0.729688 0.034896 0.085938
0 0.753125 0.720898 0.044792 0.097266
0 0.703646 0.731055 0.046875 0.079297
0 0.703125 0.185547 0.050000 0.085938
0 0.604427 0.720313 0.045312 0.089063
0 0.558073 0.725781 0.032813 0.084375
0 0.871615 0.738281 0.029687 0.065625
0 0.645312 0.175977 0.043750 0.109766
0 0.147396 0.212305 0.051042 0.018359
0 0.505990 0.206836 0.104688 0.044922
0 0.519792 0.730078 0.040625 0.077344
0 0.985156 0.947070 0.029687 0.105078
0 0.023438 0.130469 0.045833 0.044531
0 0.016927 0.186328 0.033854 0.064844
0 0.708333 0.950977 0.060417 0.081641
0 0.772656 0.953125 0.058854 0.079687
0 0.593229 0.174219 0.052083 0.109375
0 0.836979 0.961133 0.061458 0.060547
0 0.082552 0.203516 0.068229 0.032031
0 0.178385 0.856445 0.054688 0.062109
0 0.125260 0.843164 0.040104 0.073828
0 0.218490 0.181641 0.083854 0.085938
0 0.317969 0.205078 0.098437 0.041406
0 0.410677 0.214648 0.073438 0.023047
0 0.896875 0.952734 0.051042 0.078906
0 0.946875 0.947070 0.037500 0.098828
0 0.465625 0.732617 0.053125 0.071484
0 0.354427 0.736133 0.053646 0.067578
0 0.046354 0.952344 0.034375 0.075000
0 0.013542 0.952148 0.022917 0.080859
0 0.904427 0.848828 0.070312 0.075781
0 0.781510 0.838672 0.064062 0.089844
0 0.716667 0.841406 0.060417 0.082812
0 0.651563 0.840625 0.060417 0.087500
0 0.589323 0.840820 0.057813 0.087891
0 0.517708 0.874805 0.065625 0.030078
0 0.439323 0.883789 0.080729 0.023047
0 0.436719 0.845117 0.083854 0.043359
0 0.350260 0.863281 0.074479 0.053906
0 0.268490 0.847266 0.075521 0.063281
0 0.463021 0.477930 0.035417 0.070703
0 0.414583 0.503125 0.056250 0.023438
0 0.415885 0.457227 0.058854 0.065234
0 0.347135 0.454102 0.064062 0.030078
0 0.347135 0.479883 0.068229 0.019922
0 0.347656 0.504102 0.073438 0.018359
0 0.277083 0.495703 0.062500 0.035156
0 0.191146 0.478516 0.092708 0.057031
0 0.113542 0.467969 0.055208 0.084375
0 0.082812 0.964844 0.031250 0.057813
0 0.121094 0.959180 0.040104 0.069141
0 0.164323 0.957812 0.043229 0.078125
0 0.216927 0.949219 0.047396 0.085938
0 0.650781 0.487695 0.079687 0.048047
0 0.583594 0.470117 0.042188 0.086328
0 0.545052 0.961914 0.035937 0.062109
0 0.594010 0.975781 0.045312 0.038281
0 0.644531 0.978320 0.042188 0.032422
0 0.592708 0.927734 0.046875 0.025781
0 0.645052 0.927148 0.047396 0.030859
0 0.544271 0.498633 0.030208 0.029297
0 0.502604 0.471094 0.039583 0.084375
0 0.655208 0.445508 0.076042 0.021484
0 0.061458 0.469922 0.038542 0.080469
0 0.736979 0.492383 0.080208 0.048047
0 0.933073 0.488867 0.098437 0.055078
0 0.929167 0.449805 0.086458 0.017578
0 0.028385 0.593555 0.048438 0.097266
0 0.509375 0.953320 0.028125 0.080078
0 0.473177 0.954688 0.039062 0.079687
0 0.429688 0.965625 0.044792 0.057031
0 0.382552 0.965039 0.039062 0.055859
0 0.340885 0.966992 0.034896 0.059766
0 0.302083 0.962695 0.025000 0.063672
0 0.266667 0.955469 0.041667 0.067187
0 0.825260 0.487500 0.079687 0.045312
0 0.018490 0.461523 0.034896 0.103516
0 0.969531 0.322070 0.057813 0.115234
0 0.906510 0.321875 0.053646 0.108594
0 0.418490 0.595117 0.039062 0.097266
0 0.463802 0.591211 0.041146 0.105078
0 0.516146 0.605664 0.045833 0.080859
0 0.566146 0.606250 0.044792 0.078906
0 0.611458 0.590820 0.038542 0.104297
0 0.656771 0.604492 0.044792 0.081641
0 0.732031 0.583984 0.078646 0.021875
0 0.737760 0.611133 0.081771 0.022266
0 0.742708 0.634766 0.082292 0.022656
0 0.809896 0.594922 0.040625 0.100000
0 0.367969 0.606055 0.051562 0.078516
0 0.859896 0.595117 0.047917 0.097266
0 0.922656 0.571680 0.065104 0.044141
0 0.981771 0.649805 0.036458 0.124609
0 0.010937 0.721289 0.020833 0.091016
0 0.044531 0.720313 0.039062 0.089063
0 0.084896 0.722852 0.031250 0.091016
0 0.122135 0.729492 0.033854 0.076172
0 0.157812 0.732812 0.034375 0.080469
0 0.206771 0.737695 0.047917 0.070703
0 0.255729 0.738086 0.045833 0.066797
0 0.304427 0.737109 0.042188 0.068750
0 0.921094 0.620508 0.057813 0.044141
0 0.414844 0.738086 0.044271 0.055859
0 0.310417 0.602930 0.041667 0.069141
0 0.219792 0.596289 0.040625 0.090234
0 0.844792 0.320117 0.060417 0.111328
0 0.786458 0.350000 0.040625 0.051562
0 0.738021 0.330469 0.047917 0.095312
0 0.685156 0.348438 0.051562 0.059375
0 0.626042 0.347656 0.059375 0.053906
0 0.570312 0.347070 0.044792 0.058203
0 0.525781 0.329492 0.034896 0.087109
0 0.477604 0.335938 0.056250 0.077344
0 0.404948 0.336328 0.057813 0.076563
0 0.349219 0.326367 0.043229 0.087109
0 0.266406 0.603711 0.041146 0.073828
0 0.302865 0.328906 0.043229 0.088281
0 0.195833 0.340430 0.085417 0.063672
0 0.117708 0.329688 0.051042 0.080469
0 0.067969 0.326367 0.043229 0.087109
0 0.022396 0.331250 0.040625 0.079687
0 0.984375 0.186719 0.028125 0.089844
0 0.942448 0.186133 0.049479 0.088672
0 0.896875 0.186914 0.038542 0.093359
0 0.079167 0.603711 0.040625 0.076953
0 0.132552 0.622266 0.054688 0.041406
0 0.180208 0.609570 0.029167 0.059766
0 0.261458 0.331836 0.035417 0.079297
0 0.844010 0.840625 0.046354 0.087500
0 0.518229 0.841016 0.066667 0.031250
