0 0.559635 0.345898 0.034896 0.094141
0 0.229948 0.768359 0.041146 0.067187
0 0.184896 0.769141 0.041667 0.067187
0 0.144010 0.766211 0.038021 0.066797
0 0.044531 0.774414 0.036979 0.058984
0 0.080729 0.771680 0.033333 0.066016
0 0.033854 0.891992 0.043750 0.062891
0 0.078906 0.890430 0.038021 0.060547
0 0.119531 0.897070 0.039062 0.049609
0 0.011719 0.770898 0.021354 0.062891
0 0.111458 0.769336 0.022917 0.068359
0 0.900781 0.565234 0.043229 0.257812
0 0.157812 0.878125 0.033333 0.073438
0 0.727344 0.887891 0.042188 0.063281
0 0.770833 0.890234 0.037500 0.058594
0 0.815885 0.891211 0.047396 0.071484
0 0.872917 0.881445 0.054167 0.029297
0 0.709635 0.343750 0.029687 0.099219
0 0.670573 0.344141 0.033854 0.096094
0 0.634115 0.344922 0.034896 0.096875
0 0.851823 0.353711 0.049479 0.079297
0 0.378646 0.347656 0.032292 0.096094
0 0.905208 0.335938 0.050000 0.114844
0 0.871354 0.912695 0.054167 0.029297
0 0.968490 0.472070 0.059896 0.037891
0 0.850260 0.466211 0.052604 0.062891
0 0.796615 0.464062 0.048438 0.069531
0 0.597135 0.346094 0.034896 0.094531
0 0.684896 0.889062 0.040625 0.063281
0 0.928125 0.934375 0.048958 0.126562
0 0.744271 0.465430 0.043750 0.065234
0 0.451823 0.346875 0.032813 0.102344
0 0.197396 0.885156 0.039583 0.066406
0 0.236979 0.889062 0.031250 0.058594
0 0.271094 0.874219 0.029687 0.090625
0 0.304427 0.874414 0.032813 0.092578
0 0.340625 0.874805 0.031250 0.091016
0 0.377344 0.875391 0.035937 0.092188
0 0.423177 0.894336 0.042188 0.055078
0 0.466406 0.894336 0.035937 0.052734
0 0.506250 0.895898 0.036458 0.051953
0 0.548698 0.895117 0.041146 0.053516
0 0.585417 0.896680 0.027083 0.055078
0 0.617448 0.895312 0.031771 0.050781
0 0.648698 0.897461 0.026562 0.051953
0 0.524740 0.344336 0.029687 0.096484
0 0.490625 0.346289 0.036458 0.098828
0 0.416667 0.347852 0.036458 0.098047
0 0.972396 0.319922 0.055208 0.042969
0 0.976562 0.611523 0.046875 0.141797
0 0.650521 0.464062 0.044792 0.067187
0 0.700260 0.773242 0.034896 0.069141
0 0.655990 0.771094 0.042188 0.071875
0 0.609635 0.772070 0.039062 0.069141
0 0.570052 0.769922 0.036979 0.071875
0 0.529167 0.771289 0.038542 0.067578
0 0.487760 0.772656 0.039062 0.067969
0 0.446354 0.771289 0.036458 0.067578
0 0.404167 0.769727 0.041667 0.067578
0 0.360156 0.767773 0.042188 0.068359
0 0.317188 0.768555 0.039583 0.069141
0 0.273958 0.770117 0.042708 0.069141
0 0.183594 0.675781 0.042188 0.065625
0 0.141406 0.675586 0.040104 0.066016
0 0.097396 0.676172 0.044792 0.064844
0 0.052344 0.677148 0.039062 0.061328
0 0.015104 0.678906 0.030208 0.062500
0 0.749740 0.354883 0.045312 0.079297
0 0.740365 0.771484 0.039062 0.072656
0 0.835938 0.573242 0.043750 0.072266
0 0.782031 0.771094 0.035937 0.069531
0 0.985417 0.814844 0.029167 0.150781
0 0.228125 0.675391 0.039583 0.068750
0 0.272396 0.676758 0.043750 0.068359
0 0.316146 0.674805 0.039583 0.067578
0 0.359635 0.673047 0.042188 0.068750
0 0.401042 0.674219 0.038542 0.068750
0 0.442448 0.672070 0.042188 0.068359
0 0.484115 0.677344 0.039062 0.060156
0 0.528125 0.677930 0.043750 0.063672
0 0.572917 0.672852 0.040625 0.069141
0 0.615625 0.672852 0.041667 0.066797
0 0.660417 0.671680 0.041667 0.071484
0 0.705990 0.672266 0.043229 0.072656
0 0.750000 0.672656 0.041667 0.069531
0 0.792448 0.673242 0.039062 0.070703
0 0.835677 0.673633 0.042188 0.069922
0 0.937240 0.787891 0.059896 0.141406
0 0.879427 0.760156 0.048438 0.078906
0 0.824740 0.769922 0.045312 0.067187
0 0.790625 0.568750 0.043750 0.073438
0 0.744792 0.569727 0.044792 0.073047
0 0.698958 0.570312 0.042708 0.070312
0 0.338542 0.463281 0.040625 0.072656
0 0.383333 0.465430 0.037500 0.065234
0 0.427344 0.466797 0.039062 0.065625
0 0.470833 0.465039 0.042708 0.066797
0 0.516406 0.466016 0.041146 0.066406
0 0.559635 0.465430 0.042188 0.067578
0 0.603906 0.465625 0.041146 0.065625
0 0.008594 0.352930 0.017188 0.081641
0 0.036458 0.353320 0.036458 0.083984
0 0.074740 0.352734 0.035937 0.085156
0 0.112760 0.347852 0.036979 0.094922
0 0.149219 0.355469 0.033854 0.078125
0 0.189583 0.355078 0.036458 0.083594
0 0.226823 0.347070 0.032813 0.099609
0 0.267448 0.346484 0.036979 0.098437
0 0.303906 0.347656 0.031771 0.098437
0 0.339323 0.348047 0.034896 0.097656
0 0.292708 0.464062 0.041667 0.071875
0 0.246354 0.467187 0.044792 0.068750
0 0.197135 0.466602 0.047396 0.071484
0 0.019010 0.465039 0.038021 0.076172
0 0.655208 0.567187 0.042708 0.077344
0 0.612240 0.565625 0.041146 0.077344
0 0.570312 0.572070 0.038542 0.065234
0 0.528646 0.569727 0.040625 0.069922
0 0.484375 0.569727 0.040625 0.068359
0 0.439583 0.570703 0.041667 0.067969
0 0.396354 0.570312 0.040625 0.067969
0 0.354427 0.571875 0.041146 0.067187
0 0.697135 0.463086 0.039062 0.072266
0 0.310937 0.572656 0.041667 0.064844
0 0.222917 0.573633 0.046875 0.063672
0 0.179167 0.571875 0.038542 0.069531
0 0.136458 0.572070 0.043750 0.069141
0 0.089583 0.573242 0.044792 0.069141
0 0.041667 0.572461 0.044792 0.073047
0 0.153125 0.466602 0.036458 0.075391
0 0.110417 0.466797 0.042708 0.078125
0 0.063542 0.465820 0.042708 0.076172
0 0.267708 0.573633 0.035417 0.066016
0 0.800260 0.353516 0.049479 0.079687
