0 0.708027 0.052900 0.033088 0.035539
0 0.703278 0.458538 0.073223 0.118873
0 0.761183 0.471405 0.038909 0.100490
0 0.796722 0.460784 0.026654 0.082516
0 0.845435 0.491013 0.047488 0.044118
0 0.924632 0.464461 0.041667 0.095588
0 0.971507 0.465482 0.038603 0.104167
0 0.052543 0.336601 0.059743 0.094771
0 0.109375 0.331699 0.044730 0.089869
0 0.155790 0.331699 0.039522 0.090686
0 0.200521 0.328840 0.043199 0.098856
0 0.250000 0.333333 0.051471 0.103758
0 0.297181 0.335989 0.036152 0.097631
0 0.345895 0.335376 0.052696 0.098039
0 0.398131 0.333129 0.045037 0.103350
0 0.450827 0.323121 0.057292 0.116830
0 0.508272 0.327819 0.045956 0.124592
0 0.551624 0.327410 0.039522 0.101716
0 0.140319 0.915237 0.034926 0.080474
0 0.608303 0.322304 0.040748 0.113562
0 0.082261 0.931168 0.071385 0.062500
0 0.186887 0.903186 0.039828 0.031863
0 0.829350 0.909926 0.039216 0.068219
0 0.785233 0.917484 0.046569 0.076797
0 0.695466 0.916871 0.043505 0.072304
0 0.641544 0.906658 0.042892 0.077206
0 0.593597 0.913399 0.042586 0.080882
0 0.547947 0.912990 0.041973 0.071078
0 0.503830 0.929943 0.037071 0.031454
0 0.459865 0.936070 0.039828 0.031454
0 0.379749 0.884191 0.041973 0.032271
0 0.455882 0.898080 0.039216 0.034722
0 0.416667 0.937092 0.039216 0.035948
0 0.370711 0.942198 0.041667 0.034722
0 0.327359 0.935253 0.039522 0.035539
0 0.285999 0.934845 0.040135 0.031454
0 0.235907 0.944240 0.045956 0.037990
0 0.235600 0.905637 0.044118 0.033497
0 0.189032 0.943627 0.041667 0.040033
0 0.019455 0.921977 0.038909 0.082516
0 0.868566 0.906863 0.033088 0.069444
0 0.650735 0.323734 0.033088 0.109886
0 0.770374 0.325776 0.062194 0.098448
0 0.785999 0.147876 0.032782 0.022876
0 0.868413 0.190564 0.029105 0.075572
0 0.922488 0.196078 0.032475 0.089869
0 0.970435 0.186479 0.059130 0.087010
0 0.945312 0.128676 0.069547 0.025327
0 0.047335 0.036969 0.037684 0.067402
0 0.098192 0.040237 0.036458 0.072304
0 0.134498 0.037582 0.029412 0.068627
0 0.162684 0.038603 0.025123 0.069036
0 0.192708 0.036765 0.027574 0.066993
0 0.223958 0.039828 0.023284 0.069853
0 0.250460 0.034314 0.026654 0.062092
0 0.074295 0.797181 0.050551 0.074755
0 0.018842 0.792892 0.037684 0.113562
0 0.975184 0.903595 0.030637 0.074346
0 0.940257 0.902982 0.032475 0.069853
0 0.667586 0.053105 0.035539 0.042484
0 0.779412 0.109273 0.037377 0.050245
0 0.704963 0.326389 0.064951 0.107026
0 0.809743 0.213848 0.029412 0.052696
0 0.696691 0.187704 0.031863 0.101716
0 0.920803 0.322508 0.050551 0.113971
0 0.973192 0.319444 0.053002 0.120915
0 0.012561 0.190359 0.025123 0.098039
0 0.047947 0.189542 0.038909 0.101307
0 0.087469 0.185866 0.036458 0.094771
0 0.129749 0.184845 0.042586 0.104167
0 0.176164 0.182190 0.047181 0.125817
0 0.228248 0.181781 0.046569 0.102941
0 0.276501 0.182394 0.036458 0.112337
0 0.318474 0.186683 0.043199 0.106209
0 0.356618 0.191585 0.031250 0.097222
0 0.397059 0.189338 0.047794 0.104984
0 0.459406 0.190564 0.041360 0.104167
0 0.505668 0.196895 0.040748 0.084967
0 0.557138 0.171977 0.045650 0.121732
0 0.605392 0.197100 0.037377 0.091912
0 0.651501 0.181781 0.051777 0.113562
0 0.736366 0.190768 0.045037 0.102124
0 0.904105 0.910948 0.033701 0.075980
0 0.286918 0.898897 0.038909 0.033905
0 0.189645 0.471609 0.034926 0.106618
0 0.510263 0.621732 0.040135 0.117647
0 0.452972 0.611520 0.066483 0.122549
0 0.159620 0.801471 0.042892 0.086601
0 0.392157 0.626225 0.045343 0.123366
0 0.348958 0.611111 0.025123 0.121732
0 0.310509 0.620302 0.041360 0.113971
0 0.256740 0.620507 0.060049 0.108660
0 0.201900 0.622549 0.039216 0.116013
0 0.141238 0.620711 0.055760 0.131944
0 0.090533 0.618260 0.037684 0.113971
0 0.034926 0.622345 0.060049 0.141748
0 0.962929 0.813930 0.041667 0.063317
0 0.918811 0.806373 0.037377 0.070261
0 0.884498 0.802492 0.028186 0.069036
0 0.848805 0.795956 0.035233 0.094363
0 0.548713 0.620915 0.031250 0.090686
0 0.804075 0.798203 0.043811 0.092320
0 0.700214 0.608660 0.051777 0.129902
0 0.635876 0.468750 0.043811 0.113971
0 0.978707 0.605392 0.042586 0.120098
0 0.032016 0.470792 0.035233 0.102533
0 0.074295 0.470180 0.043811 0.108660
0 0.132966 0.465278 0.063113 0.113562
0 0.873621 0.595180 0.041973 0.099673
0 0.231005 0.470384 0.039828 0.110703
0 0.276654 0.469567 0.037990 0.093546
0 0.323683 0.476307 0.037071 0.107026
0 0.374081 0.472222 0.042279 0.107843
0 0.815564 0.604984 0.059436 0.125817
0 0.425245 0.464052 0.051471 0.123366
0 0.472886 0.477737 0.037071 0.113154
0 0.514400 0.471201 0.034314 0.100082
0 0.550092 0.474877 0.029718 0.100899
0 0.589308 0.470588 0.041360 0.107843
0 0.752451 0.605596 0.050245 0.120507
0 0.758119 0.792892 0.040135 0.091503
0 0.625000 0.063521 0.040441 0.024918
0 0.741422 0.039420 0.028186 0.072304
0 0.329350 0.038399 0.036152 0.075980
0 0.291054 0.022263 0.026348 0.025735
0 0.289369 0.060866 0.035233 0.024510
0 0.378217 0.793096 0.038909 0.095180
0 0.317402 0.748570 0.026961 0.009395
0 0.315411 0.737745 0.024816 0.009804
0 0.317708 0.799837 0.025123 0.083333
0 0.266391 0.796569 0.036458 0.095588
0 0.217831 0.794322 0.058824 0.100899
0 0.714461 0.793913 0.038603 0.087010
0 0.771752 0.036765 0.022059 0.066176
0 0.796722 0.040237 0.019301 0.067402
0 0.830576 0.046160 0.027574 0.079248
0 0.379749 0.057190 0.056679 0.038399
0 0.874234 0.022263 0.040748 0.029003
0 0.347273 0.792075 0.021752 0.092320
0 0.414369 0.792279 0.029718 0.083742
0 0.451593 0.795139 0.032475 0.079657
0 0.502604 0.795139 0.051164 0.095997
0 0.560968 0.796773 0.053309 0.114788
0 0.614277 0.804943 0.045956 0.093546
0 0.437194 0.039216 0.053922 0.071895
0 0.495711 0.038807 0.056373 0.074346
0 0.564951 0.060253 0.068627 0.046977
0 0.565257 0.016953 0.049632 0.033088
0 0.625153 0.027574 0.034007 0.033088
0 0.668964 0.783905 0.049939 0.108660
0 0.878523 0.063725 0.038909 0.031863
0 0.379136 0.018178 0.057292 0.029820
