0 0.435866 0.089001 0.089052 0.106311
0 0.313930 0.109222 0.048611 0.056066
0 0.365196 0.116115 0.049837 0.052083
0 0.517974 0.055760 0.069444 0.053922
0 0.643382 0.437500 0.084150 0.037377
0 0.581904 0.112286 0.054330 0.062806
0 0.580678 0.051471 0.057598 0.059436
0 0.633170 0.114277 0.047386 0.061887
0 0.838235 0.429994 0.074346 0.054228
0 0.755923 0.439032 0.084559 0.040441
0 0.553309 0.423866 0.091095 0.063419
0 0.424428 0.423866 0.151961 0.069547
0 0.526552 0.112592 0.053922 0.062806
0 0.261846 0.050551 0.055556 0.058211
0 0.149101 0.108915 0.049837 0.054228
0 0.204657 0.109528 0.058824 0.053615
0 0.683007 0.215074 0.073529 0.037990
0 0.602533 0.255055 0.083333 0.043199
0 0.607026 0.213848 0.076797 0.040441
0 0.618873 0.181066 0.079248 0.020221
0 0.523489 0.255362 0.073938 0.039522
0 0.525531 0.216605 0.080474 0.037990
0 0.527165 0.185049 0.078840 0.024510
0 0.447712 0.255668 0.083333 0.041973
0 0.445670 0.219975 0.080065 0.028186
0 0.444036 0.192402 0.078431 0.028186
0 0.037173 0.099112 0.066176 0.075674
0 0.096609 0.107384 0.050245 0.055453
0 0.301266 0.403033 0.078023 0.037684
0 0.145425 0.050245 0.055556 0.061887
0 0.091708 0.049326 0.052696 0.058824
0 0.262255 0.107384 0.051471 0.054228
0 0.304126 0.439951 0.073938 0.037377
0 0.027369 0.645833 0.050654 0.053922
0 0.104779 0.429381 0.074755 0.054228
0 0.765319 0.719056 0.037990 0.048407
0 0.725490 0.716299 0.035948 0.060049
0 0.684232 0.255362 0.083333 0.042586
0 0.656863 0.715993 0.041667 0.060662
0 0.613154 0.715993 0.044118 0.058824
0 0.570057 0.716299 0.042892 0.060049
0 0.803105 0.721814 0.036765 0.052083
0 0.522876 0.716299 0.046569 0.063113
0 0.427696 0.717218 0.044118 0.064338
0 0.379493 0.715074 0.045752 0.063113
0 0.334355 0.716912 0.044526 0.064951
0 0.282680 0.717831 0.039216 0.062500
0 0.238971 0.717218 0.045752 0.064338
0 0.173611 0.724877 0.070261 0.049020
0 0.471814 0.716605 0.046569 0.066176
0 0.204657 0.425092 0.116013 0.067096
0 0.836601 0.720588 0.030229 0.051471
0 0.983252 0.806066 0.033497 0.063725
0 0.033088 0.429688 0.062092 0.054841
0 0.970997 0.505515 0.058007 0.053309
0 0.827206 0.507047 0.068627 0.053922
0 0.389706 0.647672 0.070261 0.050858
0 0.165441 0.651348 0.074346 0.055147
0 0.090074 0.650735 0.073938 0.056985
0 0.033905 0.721814 0.063725 0.052083
0 0.967933 0.648284 0.064134 0.055147
0 0.941993 0.723039 0.036765 0.046569
0 0.774306 0.798713 0.043709 0.075368
0 0.817810 0.797794 0.041667 0.072917
0 0.863154 0.807598 0.042484 0.063725
0 0.904820 0.806066 0.040033 0.058824
0 0.945670 0.806066 0.035948 0.063725
0 0.984273 0.718750 0.031454 0.058211
0 0.962827 0.242188 0.074346 0.068934
0 0.171569 0.575827 0.074346 0.053002
0 0.787786 0.245558 0.123775 0.059130
0 0.518178 0.337623 0.102533 0.077206
0 0.066585 0.820466 0.071895 0.044118
0 0.177083 0.814338 0.137663 0.059436
0 0.364175 0.807904 0.067402 0.053922
0 0.444853 0.825980 0.086601 0.042279
0 0.444036 0.784314 0.090686 0.039828
0 0.513480 0.799326 0.044118 0.074142
0 0.558211 0.800245 0.043709 0.077819
0 0.640931 0.803615 0.050654 0.066176
0 0.691176 0.804228 0.040850 0.064338
0 0.729984 0.804534 0.036765 0.064951
0 0.426471 0.337316 0.082516 0.075368
0 0.311479 0.335784 0.133578 0.071691
0 0.199346 0.343137 0.076797 0.053309
0 0.093750 0.342525 0.077206 0.055147
0 0.950163 0.423866 0.098039 0.069547
0 0.683007 0.576440 0.065359 0.051777
0 0.752247 0.506434 0.073121 0.051471
0 0.678922 0.505821 0.073529 0.051471
0 0.604167 0.504902 0.071078 0.054534
0 0.532067 0.505821 0.069036 0.061887
0 0.459559 0.507047 0.071078 0.056985
0 0.386029 0.507659 0.071078 0.055147
0 0.887663 0.253830 0.075163 0.042586
0 0.262255 0.504289 0.080065 0.055760
0 0.107230 0.502757 0.075572 0.052696
0 0.035539 0.503064 0.066993 0.055147
0 0.968954 0.578278 0.062092 0.054228
0 0.900327 0.577053 0.071895 0.053615
0 0.826797 0.576134 0.067810 0.051164
0 0.756332 0.576440 0.073121 0.051777
0 0.185049 0.504289 0.072712 0.054534
0 0.753472 0.340074 0.157271 0.075368
0 0.634804 0.360294 0.046569 0.034926
0 0.849673 0.035539 0.072712 0.070466
0 0.912582 0.058977 0.051471 0.059130
0 0.954657 0.118566 0.049837 0.056985
0 0.906863 0.117953 0.044118 0.057598
0 0.845180 0.108303 0.075980 0.076900
0 0.770629 0.106464 0.073121 0.081189
0 0.694444 0.106158 0.075980 0.081189
0 0.632353 0.053462 0.048203 0.060968
0 0.871324 0.343444 0.079248 0.074755
0 0.955678 0.341299 0.088644 0.077206
0 0.117034 0.188113 0.079657 0.045956
0 0.090074 0.241881 0.065768 0.049326
0 0.163807 0.240656 0.079248 0.056679
0 0.247958 0.241268 0.080065 0.057292
0 0.345384 0.236366 0.115605 0.071998
0 0.264706 0.184436 0.078431 0.034926
0 0.699346 0.034007 0.081699 0.063725
0 0.776757 0.034007 0.069036 0.066789
0 0.861520 0.714154 0.018791 0.045956
0 0.023693 0.339154 0.043301 0.057598
0 0.616013 0.576134 0.066176 0.052390
0 0.545956 0.575214 0.068219 0.052390
0 0.466503 0.575521 0.068627 0.053615
0 0.394199 0.576134 0.075163 0.051164
0 0.902369 0.723652 0.039216 0.048407
0 0.293301 0.577359 0.076797 0.053615
0 0.460784 0.644608 0.069444 0.050245
0 0.616013 0.644608 0.070261 0.050858
0 0.687500 0.643689 0.066176 0.052083
0 0.096201 0.577053 0.073938 0.053002
0 0.899101 0.647672 0.069444 0.053309
0 0.827206 0.646446 0.072712 0.052696
0 0.755515 0.647059 0.071487 0.049632
