0 0.913248 0.066106 0.052991 0.062981
0 0.846154 0.068870 0.069231 0.064183
0 0.771368 0.050000 0.067521 0.030769
0 0.770513 0.084375 0.069231 0.033173
0 0.694872 0.069952 0.072650 0.062019
0 0.535470 0.060577 0.173504 0.092308
0 0.415385 0.068269 0.056410 0.081731
0 0.233333 0.060697 0.050427 0.093990
0 0.834402 0.818149 0.042308 0.056010
0 0.783120 0.818870 0.045726 0.052644
0 0.638889 0.801202 0.070940 0.042308
0 0.553846 0.824279 0.082906 0.038462
0 0.551496 0.779567 0.091880 0.045192
0 0.452350 0.793149 0.069658 0.046875
0 0.458547 0.831370 0.076923 0.027644
0 0.375000 0.825361 0.077350 0.043029
0 0.293376 0.824639 0.080769 0.041106
0 0.202137 0.791707 0.081197 0.038221
0 0.203846 0.828365 0.089744 0.033654
0 0.140171 0.807692 0.031624 0.069712
0 0.103632 0.806731 0.039744 0.072115
0 0.057479 0.808173 0.037179 0.068269
0 0.021154 0.786659 0.030342 0.075721
0 0.099145 0.725000 0.047009 0.022596
0 0.035256 0.082212 0.067949 0.060577
0 0.107265 0.072716 0.059829 0.072356
0 0.171795 0.066827 0.070085 0.080769
0 0.972009 0.075601 0.055983 0.045913
0 0.977137 0.249159 0.045726 0.063702
0 0.750427 0.323317 0.040171 0.022596
0 0.958547 0.331490 0.028205 0.050481
0 0.028205 0.423798 0.056410 0.065385
0 0.100641 0.397476 0.054274 0.040144
0 0.153632 0.396635 0.046581 0.040865
0 0.157265 0.437981 0.048718 0.036538
0 0.103419 0.439063 0.058120 0.034856
0 0.207479 0.428125 0.051709 0.060577
0 0.271154 0.444351 0.056838 0.028606
0 0.328632 0.443990 0.049573 0.027885
0 0.330342 0.414303 0.057265 0.031490
0 0.269444 0.414062 0.056838 0.032452
0 0.025214 0.315745 0.050427 0.029087
0 0.404915 0.412260 0.047436 0.060577
0 0.544231 0.411058 0.044872 0.056250
0 0.590385 0.411178 0.047436 0.058413
0 0.641667 0.410697 0.044017 0.059375
0 0.689530 0.406611 0.033761 0.068029
0 0.739530 0.407452 0.055983 0.065865
0 0.803419 0.399038 0.049573 0.027404
0 0.801923 0.426683 0.051709 0.025481
0 0.849359 0.390625 0.038889 0.028365
0 0.894444 0.393510 0.043590 0.018750
0 0.919017 0.423317 0.061966 0.039423
0 0.458120 0.411178 0.052137 0.060817
0 0.987179 0.328606 0.025641 0.056250
0 0.024786 0.345793 0.049573 0.028606
0 0.081410 0.316587 0.053419 0.029808
0 0.905769 0.332692 0.039744 0.050000
0 0.845940 0.336659 0.028632 0.044952
0 0.806197 0.328365 0.047436 0.061058
0 0.758974 0.349279 0.037607 0.022115
0 0.731624 0.348438 0.017094 0.020913
0 0.708761 0.334255 0.026068 0.051683
0 0.684829 0.339183 0.016667 0.041827
0 0.645299 0.333293 0.038462 0.058894
0 0.599145 0.338101 0.045299 0.048798
0 0.533761 0.334375 0.061538 0.053846
0 0.078419 0.347476 0.055128 0.027644
0 0.448077 0.331250 0.037179 0.060096
0 0.378419 0.340745 0.047436 0.041587
0 0.313462 0.342668 0.057692 0.039663
0 0.311111 0.306370 0.055556 0.027163
0 0.253846 0.297476 0.054701 0.035337
0 0.251068 0.341466 0.057692 0.040625
0 0.198291 0.285697 0.052137 0.031971
0 0.141667 0.287260 0.050855 0.028846
0 0.193162 0.317668 0.052137 0.027644
0 0.137821 0.346995 0.054274 0.031010
0 0.136111 0.317067 0.051709 0.028846
0 0.381838 0.299760 0.047436 0.037500
0 0.192308 0.347716 0.051282 0.028125
0 0.047863 0.701442 0.051282 0.021635
0 0.852991 0.424639 0.043590 0.033894
0 0.822222 0.615024 0.017949 0.057933
0 0.794658 0.615625 0.023504 0.055288
0 0.769231 0.616707 0.025641 0.054567
0 0.740812 0.616947 0.026068 0.052644
0 0.713889 0.616587 0.020940 0.051923
0 0.685684 0.617188 0.029487 0.052163
0 0.636752 0.631490 0.046154 0.024519
0 0.641453 0.607452 0.046154 0.017788
0 0.639530 0.582452 0.047436 0.027404
0 0.586538 0.584495 0.045726 0.035337
0 0.590385 0.626683 0.043162 0.033173
0 0.540171 0.633534 0.044444 0.019471
0 0.493590 0.635096 0.041026 0.017788
0 0.496795 0.614904 0.046581 0.017788
0 0.540812 0.613101 0.039744 0.019952
0 0.534829 0.586178 0.042308 0.036298
0 0.045299 0.723077 0.046154 0.021635
0 0.441239 0.615986 0.050855 0.053125
0 0.402778 0.574880 0.042308 0.015144
0 0.392094 0.620553 0.042308 0.045433
0 0.339744 0.627404 0.046154 0.025481
0 0.851282 0.619231 0.039316 0.050481
0 0.973718 0.637019 0.051709 0.125000
0 0.968162 0.723798 0.048291 0.036538
0 0.899359 0.702284 0.048291 0.070433
0 0.100000 0.699399 0.048718 0.024760
0 0.155342 0.697837 0.039744 0.072115
0 0.201923 0.697476 0.044872 0.071394
0 0.249145 0.697476 0.040171 0.068510
0 0.306624 0.719111 0.046581 0.030048
0 0.309188 0.682933 0.046581 0.037981
0 0.355983 0.717428 0.046154 0.030529
0 0.405342 0.718029 0.052564 0.030288
0 0.404060 0.685216 0.048291 0.033413
0 0.462607 0.704087 0.057692 0.057212
0 0.336111 0.600120 0.044017 0.026683
0 0.524145 0.704928 0.056838 0.054567
0 0.637393 0.724639 0.043162 0.018029
0 0.637607 0.703966 0.046154 0.020433
0 0.682692 0.695673 0.040598 0.021635
0 0.685256 0.727404 0.044017 0.020192
0 0.729487 0.726923 0.045299 0.020192
0 0.726282 0.707572 0.045726 0.018510
0 0.729487 0.687019 0.049573 0.018750
0 0.763675 0.681611 0.013675 0.042548
0 0.798932 0.704688 0.045726 0.067548
0 0.847863 0.704808 0.049573 0.058654
0 0.582051 0.705649 0.058974 0.056490
0 0.287821 0.627404 0.050000 0.027404
0 0.491026 0.588221 0.040171 0.029808
0 0.168376 0.628486 0.051282 0.027644
0 0.133547 0.497476 0.059402 0.016587
0 0.148932 0.478125 0.040598 0.018750
0 0.188889 0.515264 0.029915 0.065144
0 0.229701 0.518389 0.042308 0.061779
0 0.270299 0.517188 0.038034 0.061779
0 0.314744 0.517909 0.038889 0.065144
0 0.354487 0.519591 0.038889 0.064183
0 0.937821 0.819591 0.024359 0.053606
0 0.175214 0.599639 0.049573 0.027644
0 0.113889 0.530048 0.093590 0.041827
0 0.395726 0.490865 0.023932 0.020673
0 0.392735 0.517548 0.034188 0.023558
0 0.436966 0.527043 0.047436 0.049279
0 0.476709 0.521154 0.032906 0.058173
0 0.510897 0.521394 0.030342 0.058173
0 0.632265 0.542308 0.041453 0.020192
0 0.586111 0.542668 0.043162 0.018029
0 0.588034 0.521274 0.039316 0.021875
0 0.634615 0.514543 0.043590 0.033894
0 0.677778 0.527764 0.042735 0.051683
0 0.393803 0.541587 0.032906 0.021154
0 0.044444 0.602284 0.047863 0.027163
0 0.968590 0.821154 0.032906 0.057212
0 0.045513 0.631010 0.043162 0.025962
0 0.089530 0.618870 0.032051 0.051202
0 0.123718 0.619471 0.031197 0.048558
