0 0.342187 0.552734 0.035417 0.070312
0 0.098698 0.428711 0.035937 0.073047
0 0.056510 0.424414 0.032813 0.073828
0 0.031771 0.511328 0.055208 0.065625
0 0.041146 0.582422 0.052083 0.043750
0 0.046875 0.633398 0.060417 0.030859
0 0.046094 0.717578 0.057813 0.046094
0 0.144271 0.428516 0.038542 0.076563
0 0.118490 0.663867 0.025521 0.066797
0 0.201823 0.666016 0.030729 0.060156
0 0.247396 0.666016 0.037500 0.062500
0 0.294792 0.667969 0.036458 0.058594
0 0.337760 0.668750 0.026562 0.057031
0 0.386198 0.670898 0.026562 0.064453
0 0.425521 0.666211 0.032292 0.056641
0 0.160938 0.662109 0.026042 0.061719
0 0.197135 0.429102 0.029687 0.078516
0 0.292969 0.431641 0.040104 0.078906
0 0.340365 0.426172 0.039062 0.084375
0 0.825781 0.292187 0.041146 0.072656
0 0.884115 0.291016 0.039062 0.066406
0 0.940625 0.287109 0.056250 0.065625
0 0.928646 0.420508 0.043750 0.078516
0 0.877865 0.418164 0.042188 0.074609
0 0.826562 0.419531 0.042708 0.082812
0 0.770312 0.420117 0.034375 0.084766
0 0.724479 0.424414 0.038542 0.081641
0 0.673177 0.423047 0.040104 0.075781
0 0.624479 0.423047 0.038542 0.078906
0 0.575781 0.423633 0.048438 0.077734
0 0.532031 0.422461 0.030729 0.083203
0 0.489583 0.423242 0.037500 0.075391
0 0.436719 0.424805 0.040104 0.078516
0 0.386198 0.424805 0.046354 0.078516
0 0.465625 0.666016 0.032292 0.060156
0 0.776563 0.290430 0.039583 0.081641
0 0.506250 0.666211 0.032292 0.053516
0 0.596875 0.669141 0.044792 0.056250
0 0.386458 0.549219 0.031250 0.068750
0 0.300781 0.548242 0.032813 0.073828
0 0.257812 0.550000 0.035417 0.070312
0 0.214323 0.550000 0.032813 0.064062
0 0.176042 0.548438 0.033333 0.070312
0 0.128385 0.552344 0.038021 0.076563
0 0.425781 0.551758 0.032813 0.069141
0 0.084635 0.550781 0.034896 0.064062
0 0.840625 0.870508 0.033333 0.091797
0 0.801562 0.887109 0.035417 0.058594
0 0.761198 0.892188 0.031771 0.053906
0 0.718490 0.889648 0.034896 0.053516
0 0.683594 0.890234 0.029687 0.052344
0 0.643229 0.889062 0.033333 0.049219
0 0.883333 0.880469 0.037500 0.071875
0 0.474219 0.546484 0.029687 0.074219
0 0.522135 0.546680 0.033854 0.073828
0 0.564063 0.548438 0.040625 0.067187
0 0.643229 0.665625 0.037500 0.049219
0 0.688281 0.669141 0.027604 0.050781
0 0.727865 0.664844 0.029687 0.053906
0 0.770833 0.664844 0.039583 0.056250
0 0.819271 0.667383 0.039583 0.062891
0 0.866667 0.662305 0.038542 0.055859
0 0.905990 0.664062 0.036979 0.060937
0 0.920833 0.543750 0.032292 0.067969
0 0.872656 0.545898 0.039062 0.069922
0 0.829948 0.551172 0.034896 0.067969
0 0.778125 0.552734 0.045833 0.064844
0 0.730990 0.548633 0.024479 0.078516
0 0.692448 0.546094 0.028646 0.063281
0 0.649479 0.550000 0.038542 0.064062
0 0.606250 0.549414 0.033333 0.071484
0 0.553385 0.667773 0.034896 0.056641
0 0.727344 0.287891 0.036979 0.084375
0 0.054948 0.667188 0.058854 0.034375
0 0.629687 0.288477 0.041667 0.076953
0 0.322396 0.765430 0.030208 0.080078
0 0.290625 0.764062 0.023958 0.068750
0 0.258073 0.766016 0.024479 0.078906
0 0.219010 0.764844 0.034896 0.078125
0 0.178906 0.767969 0.030729 0.080469
0 0.139063 0.765820 0.029167 0.067578
0 0.363542 0.771094 0.035417 0.060156
0 0.107552 0.764844 0.023438 0.069531
0 0.030729 0.779297 0.027083 0.045312
0 0.014583 0.888867 0.025000 0.062891
0 0.051042 0.887695 0.029167 0.057422
0 0.088021 0.893555 0.030208 0.059766
0 0.126302 0.888477 0.033854 0.055859
0 0.164844 0.891797 0.029687 0.054688
0 0.072135 0.771484 0.025521 0.053906
0 0.408073 0.763672 0.031771 0.066406
0 0.446354 0.767578 0.032292 0.070312
0 0.486979 0.766016 0.032292 0.075781
0 0.933073 0.878125 0.048438 0.030469
0 0.979167 0.822461 0.040625 0.032422
0 0.927083 0.825781 0.040625 0.037500
0 0.945312 0.773242 0.045833 0.030078
0 0.946875 0.705273 0.041667 0.048047
0 0.886979 0.769531 0.029167 0.066406
0 0.854167 0.767773 0.025000 0.066797
0 0.811979 0.762695 0.033333 0.071484
0 0.769271 0.771484 0.036458 0.062500
0 0.730208 0.770117 0.034375 0.056641
0 0.678125 0.290625 0.038542 0.081250
0 0.654687 0.774023 0.026042 0.042578
0 0.616406 0.770703 0.038021 0.055469
0 0.570052 0.772461 0.033854 0.060547
0 0.527604 0.770312 0.033333 0.070312
0 0.202604 0.891602 0.032292 0.055078
0 0.236198 0.892773 0.030729 0.052734
0 0.692187 0.774609 0.032292 0.044531
0 0.325000 0.891016 0.035417 0.056250
0 0.278125 0.890820 0.036458 0.051172
0 0.581510 0.293555 0.045312 0.078516
0 0.530208 0.295508 0.045833 0.089453
0 0.487240 0.293555 0.036979 0.083984
0 0.439844 0.293555 0.042188 0.091016
0 0.394271 0.282031 0.031250 0.107031
0 0.355729 0.283398 0.031250 0.113672
0 0.312760 0.284961 0.038021 0.112891
0 0.271094 0.279883 0.030729 0.114453
0 0.188021 0.284766 0.037500 0.107813
0 0.138021 0.279687 0.026042 0.111719
0 0.095573 0.279883 0.029687 0.108984
0 0.057813 0.279492 0.022917 0.106641
0 0.015885 0.283008 0.029687 0.107422
0 0.226302 0.282422 0.029687 0.109375
0 0.407813 0.886719 0.023958 0.059375
0 0.442708 0.893555 0.036458 0.051172
0 0.486719 0.896289 0.028646 0.051953
0 0.526042 0.894531 0.037500 0.049219
0 0.564844 0.896484 0.029687 0.046875
0 0.602865 0.890820 0.038021 0.051172
0 0.368750 0.886719 0.034375 0.053906
