0 0.177865 0.115625 0.026562 0.099219
0 0.209635 0.112500 0.029687 0.097656
0 0.543750 0.601953 0.035417 0.093750
0 0.773958 0.330078 0.041667 0.106250
0 0.823958 0.333984 0.045833 0.102344
0 0.880729 0.331641 0.059375 0.111719
0 0.942187 0.337109 0.048958 0.113281
0 0.988021 0.344727 0.022917 0.118359
0 0.156250 0.116992 0.011458 0.097266
0 0.134635 0.119531 0.023438 0.095312
0 0.108073 0.121875 0.024479 0.095312
0 0.076302 0.124414 0.030729 0.090234
0 0.044792 0.127734 0.026042 0.087500
0 0.019010 0.126953 0.022396 0.092969
0 0.015104 0.231641 0.020833 0.082031
0 0.039323 0.228711 0.024479 0.085547
0 0.066406 0.227344 0.024479 0.087500
0 0.092448 0.227734 0.021354 0.090625
0 0.145052 0.231641 0.015104 0.091406
0 0.120313 0.229297 0.029167 0.086719
0 0.218750 0.225977 0.031250 0.094922
0 0.273958 0.236523 0.027083 0.082422
0 0.312500 0.236328 0.045833 0.089063
0 0.353646 0.232422 0.032292 0.090625
0 0.387240 0.233008 0.029687 0.091797
0 0.422396 0.231445 0.035417 0.098047
0 0.953385 0.468555 0.046354 0.098047
0 0.901563 0.466016 0.041667 0.097656
0 0.848958 0.458594 0.044792 0.089844
0 0.802865 0.453906 0.039062 0.092188
0 0.376302 0.101562 0.020313 0.107031
0 0.347917 0.104492 0.027083 0.105859
0 0.312760 0.107813 0.033854 0.110156
0 0.277083 0.105078 0.030208 0.111719
0 0.240885 0.105469 0.027604 0.110156
0 0.754167 0.901367 0.059375 0.133984
0 0.819271 0.927344 0.059375 0.118750
0 0.902344 0.943555 0.097396 0.112891
0 0.733073 0.756641 0.047396 0.091406
0 0.799219 0.769922 0.070312 0.113281
0 0.882292 0.788086 0.072917 0.120703
0 0.463542 0.228711 0.038542 0.100391
0 0.961719 0.810547 0.075521 0.127344
0 0.815365 0.668555 0.025521 0.066016
0 0.854948 0.668359 0.044271 0.087500
0 0.904427 0.675391 0.044271 0.089063
0 0.954427 0.687109 0.044271 0.089063
0 0.992708 0.694531 0.012500 0.086719
0 0.784115 0.557813 0.043229 0.084375
0 0.834635 0.566992 0.045312 0.083984
0 0.883333 0.572656 0.036458 0.082812
0 0.932292 0.580664 0.047917 0.082422
0 0.980990 0.590625 0.036979 0.089844
0 0.758333 0.451172 0.036458 0.091406
0 0.783333 0.662500 0.029167 0.065625
0 0.509896 0.231250 0.035417 0.103125
0 0.548698 0.229687 0.032813 0.104688
0 0.590104 0.230859 0.041667 0.107031
0 0.608594 0.492578 0.036979 0.095312
0 0.564323 0.488086 0.038021 0.098047
0 0.528125 0.487109 0.027083 0.089063
0 0.494531 0.481641 0.029687 0.088281
0 0.459896 0.476953 0.028125 0.088281
0 0.426302 0.472266 0.034896 0.090625
0 0.388021 0.465820 0.034375 0.087891
0 0.352865 0.459766 0.027604 0.092188
0 0.323437 0.454492 0.019792 0.086328
0 0.293490 0.451172 0.027604 0.086719
0 0.263802 0.446484 0.022396 0.079687
0 0.653906 0.500195 0.041146 0.101172
0 0.238542 0.445898 0.022917 0.078516
0 0.183854 0.435352 0.018750 0.083984
0 0.158073 0.431055 0.025521 0.084766
0 0.586719 0.609961 0.041146 0.097266
0 0.598177 0.088086 0.035937 0.116016
0 0.644010 0.083203 0.044271 0.121094
0 0.692448 0.080273 0.045312 0.122266
0 0.747135 0.076953 0.052604 0.122656
0 0.976302 0.065039 0.047396 0.127734
0 0.920312 0.068164 0.056250 0.119922
0 0.857031 0.073633 0.058854 0.118359
0 0.802083 0.075195 0.046875 0.118359
0 0.209375 0.438867 0.025000 0.088672
0 0.409375 0.099414 0.035417 0.112109
0 0.700521 0.503906 0.039583 0.102344
0 0.051562 0.530078 0.016667 0.033594
0 0.634896 0.229297 0.032292 0.108594
0 0.679427 0.228906 0.041146 0.112500
0 0.727604 0.229492 0.041667 0.116016
0 0.782552 0.212305 0.043229 0.093359
0 0.888542 0.210352 0.054167 0.104297
0 0.948958 0.206836 0.055208 0.109766
0 0.504948 0.596484 0.034896 0.092188
0 0.467187 0.586719 0.033333 0.089063
0 0.429688 0.580859 0.031250 0.094531
0 0.396875 0.578320 0.026042 0.087109
0 0.363802 0.572070 0.030729 0.081641
0 0.026823 0.509375 0.024479 0.064062
0 0.329167 0.564453 0.021875 0.083594
0 0.255208 0.533008 0.031250 0.041797
0 0.256510 0.573242 0.026562 0.033984
0 0.224219 0.547070 0.026562 0.072266
0 0.194010 0.525195 0.026562 0.036328
0 0.195052 0.560937 0.025521 0.030469
0 0.165104 0.536328 0.029167 0.065625
0 0.130990 0.529883 0.031771 0.066797
0 0.104948 0.506445 0.018229 0.037109
0 0.103385 0.544531 0.018229 0.031250
0 0.077083 0.517383 0.030208 0.072266
0 0.051823 0.495898 0.017188 0.030078
0 0.293229 0.561133 0.039583 0.074609
0 0.445833 0.095117 0.031250 0.113672
0 0.834115 0.210547 0.050521 0.095312
0 0.522396 0.091602 0.028125 0.108984
0 0.578385 0.722070 0.072396 0.103516
0 0.658594 0.740234 0.076563 0.106250
0 0.017708 0.684570 0.035417 0.066797
0 0.055469 0.698438 0.033854 0.073438
0 0.094792 0.710156 0.039583 0.077344
0 0.133854 0.746484 0.028125 0.017969
0 0.132552 0.727344 0.031771 0.013281
0 0.129688 0.706641 0.026042 0.017969
0 0.131250 0.427148 0.026042 0.084766
0 0.104167 0.425977 0.022917 0.084766
0 0.516146 0.710352 0.044792 0.082422
0 0.075000 0.423633 0.029167 0.073828
0 0.027865 0.417773 0.023438 0.077734
0 0.007031 0.413086 0.014063 0.090234
0 0.718490 0.371094 0.040104 0.108594
0 0.673698 0.368945 0.035937 0.105078
0 0.631771 0.367188 0.038542 0.099219
0 0.587760 0.362891 0.039062 0.100781
0 0.546354 0.359570 0.036458 0.103516
0 0.509635 0.358984 0.031771 0.101562
0 0.470573 0.354883 0.029687 0.100391
0 0.429167 0.352148 0.042708 0.099609
0 0.050781 0.419531 0.017188 0.076563
0 0.389062 0.351953 0.030208 0.087500
0 0.470052 0.700000 0.045312 0.083594
0 0.339062 0.665039 0.038542 0.076172
0 0.012240 0.601172 0.024479 0.025000
0 0.483073 0.092188 0.039062 0.117188
0 0.035156 0.607031 0.016146 0.025000
0 0.036979 0.578711 0.026042 0.025391
0 0.056250 0.613672 0.022917 0.018750
0 0.060677 0.592578 0.019271 0.017188
0 0.083594 0.621680 0.026562 0.020703
0 0.084635 0.597461 0.025521 0.017578
0 0.104688 0.611914 0.011458 0.053516
0 0.129688 0.635938 0.026042 0.015625
0 0.426302 0.688867 0.040104 0.080078
0 0.128385 0.615430 0.026562 0.015234
0 0.160677 0.641211 0.027604 0.020703
0 0.160156 0.619141 0.029687 0.015625
0 0.158854 0.598828 0.033333 0.020313
0 0.189583 0.642383 0.020833 0.033203
0 0.190625 0.607812 0.026042 0.028906
0 0.215104 0.649414 0.023958 0.034766
0 0.221094 0.615234 0.029687 0.028906
0 0.242448 0.655078 0.023438 0.039062
0 0.273958 0.645898 0.034375 0.073828
0 0.304688 0.671680 0.020833 0.038672
0 0.126042 0.595313 0.028125 0.020313
0 0.357031 0.348438 0.026562 0.087500
0 0.380729 0.674805 0.035417 0.080859
0 0.296875 0.343359 0.028125 0.089844
0 0.202083 0.744922 0.030208 0.072656
0 0.230469 0.760547 0.022396 0.058594
0 0.258073 0.783594 0.023438 0.037500
0 0.258594 0.742773 0.025521 0.036328
0 0.286719 0.753906 0.026562 0.032813
0 0.286458 0.794336 0.026042 0.039453
0 0.318750 0.803906 0.036458 0.046875
0 0.318229 0.756250 0.035417 0.037500
0 0.368490 0.803125 0.058854 0.092969
0 0.423438 0.785547 0.044792 0.041406
0 0.485938 0.836328 0.063542 0.101562
0 0.546875 0.879492 0.051042 0.051172
0 0.550781 0.826758 0.049479 0.039453
0 0.619010 0.878320 0.077604 0.108984
0 0.696354 0.886914 0.050000 0.130859
0 0.558073 0.089453 0.034896 0.114062
0 0.327865 0.344141 0.026562 0.088281
0 0.167969 0.733789 0.034896 0.072266
0 0.629427 0.615430 0.036979 0.102734
0 0.425000 0.836719 0.043750 0.050000
0 0.236979 0.336719 0.022917 0.090625
0 0.032031 0.326172 0.016146 0.081250
0 0.010417 0.322070 0.020833 0.083203
0 0.077344 0.330859 0.017188 0.074219
0 0.101562 0.332422 0.023958 0.077344
0 0.126562 0.333203 0.022917 0.078906
0 0.054688 0.328125 0.022917 0.080469
0 0.151042 0.333984 0.023958 0.080469
0 0.678385 0.630273 0.045312 0.101953
0 0.011198 0.577930 0.022396 0.016797
0 0.014323 0.557227 0.028646 0.013672
0 0.264323 0.339258 0.026562 0.091016
0 0.207031 0.334766 0.024479 0.091406
