0 0.250260 0.734766 0.021354 0.054688
0 0.301563 0.744922 0.079167 0.030469
0 0.382031 0.745313 0.076563 0.032813
0 0.604688 0.733984 0.071875 0.050000
0 0.523177 0.740625 0.080729 0.035156
0 0.682292 0.744141 0.079167 0.030469
0 0.766146 0.745117 0.083333 0.025391
0 0.370833 0.656836 0.069792 0.036328
0 0.908594 0.746484 0.055729 0.029687
0 0.966146 0.743750 0.055208 0.029687
0 0.029687 0.653906 0.037500 0.072656
0 0.072396 0.653711 0.048958 0.076953
0 0.138281 0.660352 0.078646 0.033203
0 0.214062 0.658398 0.072917 0.037109
0 0.293750 0.657422 0.079167 0.036719
0 0.451562 0.745703 0.056250 0.031250
0 0.223958 0.730469 0.026042 0.045312
0 0.845052 0.746875 0.066146 0.028906
0 0.130990 0.734570 0.076563 0.051953
0 0.433594 0.658398 0.051562 0.031641
0 0.043750 0.780078 0.068750 0.118750
0 0.153125 0.844336 0.072917 0.051172
0 0.223698 0.838672 0.065104 0.050781
0 0.298958 0.840820 0.073958 0.040234
0 0.372917 0.841016 0.067708 0.044531
0 0.445052 0.837305 0.065104 0.049609
0 0.195312 0.730664 0.026042 0.051172
0 0.503385 0.832422 0.047396 0.060156
0 0.607031 0.837695 0.050521 0.044922
0 0.662240 0.828320 0.051562 0.060547
0 0.718750 0.839453 0.062500 0.041406
0 0.786198 0.841602 0.063021 0.031641
0 0.847396 0.837305 0.054167 0.041797
0 0.905729 0.836719 0.059375 0.039062
0 0.962240 0.842187 0.053646 0.029687
0 0.552604 0.829492 0.046875 0.058203
0 0.488542 0.641797 0.043750 0.064062
0 0.097396 0.311523 0.063542 0.087891
0 0.569271 0.641602 0.035417 0.057422
0 0.529427 0.641602 0.035937 0.060547
0 0.447656 0.210156 0.057813 0.035156
0 0.384896 0.208203 0.060417 0.035156
0 0.313802 0.176563 0.080729 0.027344
0 0.309375 0.207813 0.087500 0.034375
0 0.221094 0.208984 0.083854 0.034375
0 0.154688 0.196289 0.046875 0.055859
0 0.084375 0.205273 0.088542 0.041016
0 0.597135 0.208203 0.058854 0.039062
0 0.961719 0.317969 0.076563 0.064844
0 0.872656 0.330078 0.095312 0.041406
0 0.727604 0.336133 0.061458 0.027734
0 0.648698 0.334570 0.082812 0.041016
0 0.580990 0.320898 0.049479 0.068359
0 0.528646 0.321680 0.053125 0.067578
0 0.387500 0.334180 0.100000 0.044922
0 0.309635 0.313867 0.047396 0.080859
0 0.262240 0.315234 0.045312 0.078906
0 0.862500 0.289062 0.097917 0.035937
0 0.209115 0.315234 0.056771 0.081250
0 0.691667 0.202734 0.123958 0.042969
0 0.868229 0.207422 0.064583 0.028906
0 0.758854 0.713672 0.084375 0.017188
0 0.982812 0.072266 0.034375 0.034375
0 0.918490 0.069141 0.094271 0.039844
0 0.903385 0.028125 0.064062 0.036719
0 0.841146 0.052344 0.044792 0.072656
0 0.763281 0.067383 0.106771 0.045703
0 0.681771 0.051562 0.052083 0.081250
0 0.624219 0.048633 0.052604 0.084766
0 0.794010 0.205664 0.081771 0.037109
0 0.570052 0.057422 0.049479 0.074219
0 0.394010 0.052734 0.049479 0.081250
0 0.334115 0.049414 0.064062 0.083203
0 0.273177 0.072266 0.050521 0.036719
0 0.199219 0.073242 0.091146 0.040234
0 0.090885 0.066406 0.121354 0.056250
0 0.023958 0.291016 0.044792 0.037500
0 0.019271 0.172656 0.035417 0.085938
0 0.952344 0.200000 0.095312 0.045312
0 0.480990 0.065039 0.118229 0.054297
0 0.154948 0.316211 0.049479 0.080859
0 0.521354 0.209180 0.086458 0.039453
0 0.955729 0.446680 0.088542 0.039453
0 0.684375 0.556641 0.095833 0.043750
0 0.589583 0.559961 0.087500 0.041016
0 0.498177 0.562305 0.094271 0.041016
0 0.127344 0.568555 0.078646 0.031641
0 0.264323 0.568555 0.055729 0.029297
0 0.326042 0.563867 0.057292 0.037891
0 0.381510 0.542969 0.049479 0.074219
0 0.430990 0.536719 0.033854 0.070312
0 0.040104 0.527734 0.077083 0.097656
0 0.606510 0.642383 0.035937 0.062109
0 0.117708 0.456445 0.082292 0.035547
0 0.252865 0.442969 0.032813 0.060937
0 0.302604 0.457227 0.058333 0.030078
0 0.364323 0.457617 0.059896 0.032422
0 0.425260 0.456055 0.048438 0.034766
0 0.482812 0.456445 0.060417 0.035547
0 0.480990 0.419531 0.057813 0.031250
0 0.535417 0.442383 0.044792 0.059766
0 0.132031 0.416797 0.063021 0.030469
0 0.592969 0.415234 0.070312 0.029687
0 0.195833 0.458594 0.068750 0.029687
0 0.770052 0.567187 0.066146 0.026562
0 0.203125 0.568750 0.064583 0.028125
0 0.917708 0.561914 0.086458 0.032422
0 0.677604 0.455469 0.076042 0.033594
0 0.600521 0.454492 0.079167 0.036328
0 0.802865 0.425195 0.053646 0.022266
0 0.748958 0.428125 0.053125 0.026562
0 0.839583 0.565430 0.067708 0.030078
0 0.879167 0.430273 0.054167 0.076172
0 0.754948 0.456836 0.074479 0.028516
0 0.932552 0.657813 0.068229 0.029687
0 0.037240 0.403906 0.048438 0.088281
0 0.822656 0.456445 0.055729 0.027734
0 0.804948 0.659180 0.068229 0.024609
0 0.735677 0.657813 0.064062 0.028125
0 0.661719 0.622461 0.067187 0.023828
0 0.984375 0.658594 0.031250 0.029687
0 0.979688 0.564453 0.040625 0.032813
0 0.663802 0.653125 0.074479 0.035156
0 0.869792 0.660156 0.057292 0.028125
