0 0.690625 0.455078 0.056250 0.062500
0 0.632552 0.456445 0.057813 0.059766
0 0.576562 0.456055 0.052083 0.063672
0 0.520312 0.455469 0.054167 0.064844
0 0.465104 0.455469 0.053125 0.064062
0 0.245573 0.455273 0.054688 0.071484
0 0.355729 0.450781 0.059375 0.077344
0 0.299219 0.452930 0.051562 0.073828
0 0.752083 0.454102 0.060417 0.061328
0 0.187500 0.454883 0.057292 0.069141
0 0.129427 0.457227 0.054688 0.069922
0 0.054688 0.450781 0.085417 0.037500
0 0.816667 0.543750 0.059375 0.065625
0 0.412760 0.455664 0.050521 0.067578
0 0.817969 0.454297 0.055729 0.060937
0 0.031510 0.280078 0.042188 0.121875
0 0.029427 0.377930 0.047396 0.064453
0 0.936719 0.306641 0.054688 0.065625
0 0.879427 0.306055 0.058854 0.066797
0 0.934896 0.372070 0.059375 0.065234
0 0.877865 0.372070 0.055729 0.066016
0 0.817187 0.349805 0.056250 0.087891
0 0.760677 0.350586 0.057813 0.091016
0 0.703125 0.350391 0.056250 0.089063
0 0.073438 0.347656 0.040625 0.102344
0 0.644531 0.351367 0.057813 0.089453
0 0.530729 0.351172 0.054167 0.089844
0 0.472917 0.350391 0.057292 0.089063
0 0.355729 0.358984 0.059375 0.073438
0 0.296615 0.355469 0.058854 0.081250
0 0.234635 0.358398 0.061979 0.075391
0 0.120833 0.325391 0.035417 0.040625
0 0.131250 0.399609 0.034375 0.037500
0 0.586458 0.350781 0.059375 0.089844
0 0.414323 0.351367 0.057813 0.089453
0 0.489063 0.649414 0.048958 0.060547
0 0.691406 0.545312 0.061979 0.065625
0 0.063542 0.920508 0.122917 0.033984
0 0.064062 0.886914 0.125000 0.027734
0 0.064323 0.854492 0.124479 0.033984
0 0.166406 0.904297 0.064062 0.050781
0 0.164844 0.843359 0.066146 0.068750
0 0.232292 0.899609 0.060417 0.050781
0 0.229167 0.838281 0.059375 0.066406
0 0.290625 0.842383 0.059375 0.066797
0 0.350000 0.839844 0.059375 0.066406
0 0.410156 0.837695 0.057813 0.063672
0 0.292187 0.900586 0.058333 0.045703
0 0.352083 0.897461 0.056250 0.048828
0 0.410938 0.895312 0.055208 0.050000
0 0.468490 0.890234 0.059896 0.051562
0 0.468490 0.832812 0.061979 0.062500
0 0.526823 0.891797 0.054688 0.051562
0 0.526823 0.832227 0.055729 0.066797
0 0.963802 0.479687 0.072396 0.061719
0 0.065104 0.567969 0.085417 0.038281
0 0.056510 0.510938 0.084896 0.039062
0 0.138021 0.547852 0.060417 0.075391
0 0.629427 0.545898 0.064062 0.064453
0 0.566406 0.546875 0.060937 0.065625
0 0.504687 0.546094 0.063542 0.064844
0 0.442188 0.546484 0.060417 0.066406
0 0.377083 0.548633 0.064583 0.063672
0 0.309896 0.548438 0.069792 0.064844
0 0.108333 0.250391 0.033333 0.045312
0 0.540104 0.646484 0.048958 0.061719
0 0.753125 0.543945 0.062500 0.063672
0 0.589583 0.645703 0.050000 0.059375
0 0.693490 0.642578 0.049479 0.067969
0 0.744792 0.641992 0.050000 0.067578
0 0.793750 0.641016 0.050000 0.064844
0 0.888021 0.542969 0.080208 0.060937
0 0.887760 0.481836 0.079687 0.060547
0 0.964844 0.541016 0.070312 0.061719
0 0.248438 0.546289 0.047917 0.075391
0 0.196354 0.547070 0.054167 0.073047
0 0.642448 0.643164 0.053646 0.068359
0 0.157812 0.250781 0.054167 0.070312
0 0.177083 0.367383 0.047917 0.055859
0 0.257552 0.250000 0.050521 0.068750
0 0.475521 0.761719 0.062500 0.030469
0 0.476302 0.728125 0.063021 0.035937
0 0.539323 0.759570 0.058854 0.031641
0 0.538281 0.725781 0.060937 0.034375
0 0.601042 0.752539 0.060417 0.039453
0 0.661198 0.756836 0.058854 0.030859
0 0.661198 0.721875 0.059896 0.039062
0 0.411458 0.728320 0.065625 0.035547
0 0.721875 0.756445 0.061458 0.031641
0 0.785677 0.754883 0.063021 0.028516
0 0.784896 0.721094 0.061458 0.038281
0 0.066667 0.707812 0.088542 0.055469
0 0.066146 0.648242 0.091667 0.061328
0 0.171615 0.670312 0.098437 0.038281
0 0.170313 0.630469 0.100000 0.039062
0 0.246615 0.648242 0.048438 0.076953
0 0.722917 0.720703 0.062500 0.039062
0 0.411198 0.762500 0.064062 0.031250
0 0.347135 0.728906 0.064062 0.037500
0 0.348438 0.764062 0.060417 0.031250
0 0.584115 0.863281 0.054688 0.099219
0 0.637760 0.862500 0.052604 0.098437
0 0.691667 0.860742 0.050000 0.101172
0 0.756771 0.857031 0.082292 0.096094
0 0.851562 0.877148 0.092708 0.052734
0 0.854167 0.815430 0.093750 0.069141
0 0.940365 0.873437 0.078646 0.054688
0 0.940625 0.804688 0.080208 0.082031
0 0.868490 0.705469 0.090104 0.075000
0 0.870052 0.628711 0.091146 0.076172
0 0.957031 0.705469 0.082812 0.071875
0 0.959375 0.628711 0.080208 0.076172
0 0.081510 0.787109 0.081771 0.071094
0 0.156771 0.764258 0.064583 0.043359
0 0.208594 0.250000 0.046354 0.068750
0 0.253906 0.732031 0.067187 0.040625
0 0.285417 0.766602 0.061458 0.025391
0 0.308854 0.670312 0.067708 0.032813
0 0.308333 0.633203 0.068750 0.039062
0 0.219792 0.768945 0.060417 0.030859
0 0.379948 0.631055 0.064062 0.034766
0 0.305469 0.251367 0.044271 0.068359
0 0.192969 0.134180 0.068229 0.070703
0 0.118490 0.059766 0.076563 0.076563
0 0.119531 0.133984 0.072396 0.071094
0 0.049219 0.115625 0.065104 0.057031
0 0.045312 0.054688 0.069792 0.063281
0 0.825260 0.244336 0.048438 0.084766
0 0.191406 0.060547 0.069271 0.077344
0 0.773438 0.245117 0.054167 0.084766
0 0.604427 0.244531 0.054688 0.085156
0 0.549219 0.245117 0.054688 0.084766
0 0.496875 0.251367 0.047917 0.071484
0 0.450000 0.251953 0.043750 0.071094
0 0.402604 0.250977 0.051042 0.070703
0 0.352865 0.251367 0.049479 0.069141
0 0.379167 0.665430 0.065625 0.033203
0 0.664323 0.246094 0.056771 0.082812
0 0.274740 0.141211 0.089063 0.056641
0 0.718490 0.246289 0.054688 0.082422
0 0.362760 0.142773 0.084896 0.056641
0 0.437760 0.649805 0.051562 0.061328
0 0.274740 0.083203 0.091146 0.060156
0 0.039844 0.197070 0.079687 0.040234
0 0.964844 0.140039 0.066146 0.066016
0 0.895312 0.140234 0.069792 0.067969
0 0.961198 0.206055 0.071354 0.063672
0 0.838281 0.139648 0.045312 0.068359
0 0.795573 0.140625 0.042188 0.070312
0 0.755990 0.148242 0.035937 0.055078
0 0.891927 0.207227 0.067187 0.066016
0 0.657031 0.106445 0.089063 0.041016
0 0.656250 0.150977 0.089583 0.046484
0 0.551042 0.086914 0.116667 0.058203
0 0.552604 0.145117 0.114583 0.058203
0 0.448698 0.085742 0.084896 0.058203
0 0.449219 0.143945 0.082812 0.057422
0 0.362500 0.085547 0.086458 0.058594
0 0.720052 0.146875 0.033854 0.057813
