0 0.687305 0.481771 0.030859 0.067708
0 0.216211 0.121875 0.041797 0.120833
0 0.624805 0.809896 0.026953 0.069792
0 0.658594 0.798438 0.019531 0.082292
0 0.689453 0.804427 0.026562 0.068229
0 0.717969 0.798958 0.028125 0.075000
0 0.744922 0.805729 0.023438 0.070833
0 0.774414 0.774740 0.036328 0.128646
0 0.156445 0.301823 0.041016 0.131771
0 0.193164 0.298698 0.026953 0.136979
0 0.225781 0.308594 0.039062 0.115104
0 0.263672 0.309896 0.036719 0.112500
0 0.303906 0.309635 0.039062 0.111979
0 0.340430 0.307812 0.032422 0.105208
0 0.376172 0.309115 0.037500 0.108854
0 0.411523 0.313281 0.033984 0.100521
0 0.446680 0.314844 0.034766 0.103646
0 0.483008 0.310677 0.036328 0.113021
0 0.516992 0.310417 0.031641 0.113542
0 0.160352 0.643490 0.034766 0.123438
0 0.194531 0.612240 0.026562 0.108854
0 0.232031 0.610938 0.028906 0.106250
0 0.263281 0.609375 0.032813 0.103125
0 0.298828 0.613021 0.027344 0.100000
0 0.176563 0.481510 0.035937 0.084896
0 0.175977 0.116667 0.035547 0.114583
0 0.142383 0.463281 0.024609 0.100521
0 0.762891 0.313021 0.036719 0.108333
0 0.731055 0.315885 0.027734 0.103646
0 0.697070 0.307812 0.031641 0.106250
0 0.659570 0.311979 0.030859 0.107292
0 0.617773 0.310937 0.030859 0.110417
0 0.584961 0.302865 0.029297 0.113021
0 0.830273 0.313802 0.025391 0.116146
0 0.597070 0.807552 0.028516 0.074479
0 0.568750 0.807031 0.026562 0.076563
0 0.538672 0.808594 0.030469 0.072396
0 0.735156 0.616406 0.029687 0.079687
0 0.704492 0.611458 0.027734 0.094792
0 0.676758 0.608333 0.026172 0.092708
0 0.644531 0.616927 0.033594 0.075521
0 0.609570 0.605208 0.023047 0.094792
0 0.574023 0.607552 0.023047 0.094271
0 0.767383 0.619010 0.022266 0.072396
0 0.548242 0.615625 0.026953 0.082292
0 0.490234 0.619271 0.029687 0.077083
0 0.456641 0.621094 0.032031 0.073438
0 0.420898 0.622135 0.026172 0.077604
0 0.390625 0.614062 0.032813 0.092708
0 0.358789 0.611979 0.030078 0.097917
0 0.326953 0.612240 0.030469 0.098437
0 0.519727 0.619010 0.030078 0.076563
0 0.126562 0.646875 0.028906 0.120833
0 0.791797 0.626563 0.025000 0.054167
0 0.057422 0.803125 0.029687 0.112500
0 0.508594 0.808854 0.027344 0.079167
0 0.481250 0.809635 0.027344 0.076563
0 0.451953 0.791667 0.027344 0.111458
0 0.423438 0.783854 0.029687 0.127083
0 0.392773 0.781771 0.030078 0.128125
0 0.344922 0.784896 0.058594 0.131250
0 0.019531 0.817448 0.039062 0.110937
0 0.298242 0.788542 0.031641 0.127083
0 0.239258 0.785937 0.032422 0.131250
0 0.207813 0.791927 0.028125 0.121354
0 0.184180 0.767708 0.018359 0.082292
0 0.151562 0.787500 0.032813 0.082292
0 0.112695 0.777865 0.037109 0.074479
0 0.083984 0.790104 0.020313 0.094792
0 0.270117 0.780990 0.024609 0.134896
0 0.099609 0.634635 0.019531 0.120313
0 0.797656 0.314323 0.032813 0.111979
0 0.039453 0.639844 0.032813 0.123438
0 0.541211 0.125521 0.037109 0.118750
0 0.842187 0.645833 0.061719 0.050000
0 0.912891 0.647135 0.077344 0.049479
0 0.978906 0.618490 0.042188 0.040104
0 0.975000 0.660417 0.042969 0.034375
0 0.837891 0.800260 0.064844 0.099479
0 0.902344 0.820833 0.060937 0.046875
0 0.956250 0.827604 0.046094 0.034375
0 0.984961 0.794531 0.029297 0.027604
0 0.018945 0.421615 0.037109 0.125521
0 0.072266 0.629167 0.032813 0.130208
0 0.256836 0.121875 0.037109 0.120833
0 0.114844 0.415365 0.027344 0.081771
0 0.300781 0.121615 0.045312 0.117188
0 0.345313 0.121354 0.043750 0.119792
0 0.547461 0.314063 0.026953 0.064583
0 0.920117 0.420833 0.068359 0.050000
0 0.579883 0.125000 0.040234 0.119792
0 0.619531 0.126823 0.039062 0.123438
0 0.660742 0.120833 0.036328 0.137500
0 0.700586 0.124479 0.043359 0.130208
0 0.740234 0.126042 0.030469 0.138542
0 0.467383 0.122396 0.037109 0.129167
0 0.845703 0.589844 0.072656 0.056771
0 0.427930 0.123698 0.040234 0.131771
0 0.775391 0.126562 0.039844 0.137500
0 0.809961 0.126302 0.029297 0.133854
0 0.905078 0.209115 0.121875 0.371354
0 0.019531 0.263021 0.033594 0.191667
0 0.983203 0.066406 0.025781 0.116146
0 0.018164 0.077604 0.034766 0.145833
0 0.388672 0.117708 0.039844 0.129167
0 0.814063 0.481510 0.032031 0.076563
0 0.919531 0.591667 0.072656 0.057292
0 0.746289 0.478906 0.031641 0.073438
0 0.013281 0.646354 0.021094 0.112500
0 0.938281 0.480990 0.078125 0.066146
0 0.214258 0.474479 0.032422 0.088542
0 0.248828 0.470833 0.032031 0.095833
0 0.284375 0.471615 0.037500 0.095312
0 0.323633 0.475521 0.039453 0.086458
0 0.359766 0.476302 0.032031 0.088021
0 0.393750 0.477604 0.035937 0.085417
0 0.426367 0.478125 0.027734 0.084375
0 0.456836 0.476562 0.032422 0.084375
0 0.782031 0.482292 0.028906 0.072917
0 0.521289 0.479427 0.033203 0.081771
0 0.589648 0.475781 0.026172 0.083854
0 0.488672 0.477344 0.032031 0.084896
0 0.504297 0.126562 0.036719 0.120833
0 0.655664 0.474219 0.026172 0.085938
0 0.716992 0.479948 0.024609 0.069271
0 0.139844 0.114323 0.032813 0.119271
0 0.080859 0.183594 0.086719 0.367188
0 0.621094 0.472396 0.032031 0.084375
