0 0.426720 0.181040 0.094234 0.034561
0 0.723716 0.460756 0.026890 0.090762
0 0.696463 0.457687 0.026647 0.091085
0 0.667999 0.458979 0.026890 0.091085
0 0.639414 0.460756 0.026890 0.090762
0 0.611434 0.460756 0.026647 0.090762
0 0.533672 0.459464 0.122093 0.090116
0 0.427083 0.451712 0.084787 0.030039
0 0.426357 0.483043 0.084787 0.030039
0 0.333697 0.482881 0.098110 0.029716
0 0.333697 0.459141 0.099079 0.011951
0 0.331395 0.411014 0.102229 0.010013
0 0.332849 0.435078 0.098837 0.034884
0 0.144985 0.410368 0.088905 0.013243
0 0.234375 0.423934 0.088905 0.017119
0 0.237161 0.449612 0.091085 0.032300
0 0.235465 0.482397 0.090116 0.030039
0 0.128391 0.444929 0.104167 0.033269
0 0.751696 0.461563 0.025678 0.089147
0 0.783067 0.462855 0.028828 0.091731
0 0.815528 0.463178 0.027859 0.092377
0 0.844961 0.461563 0.028101 0.092377
0 0.433624 0.534561 0.081880 0.027132
0 0.433866 0.564761 0.080911 0.029393
0 0.434593 0.594315 0.079942 0.029070
0 0.345082 0.569606 0.095688 0.007429
0 0.342418 0.527778 0.098110 0.013566
0 0.344356 0.593185 0.095688 0.036499
0 0.252059 0.598837 0.079700 0.023256
0 0.250848 0.575581 0.079700 0.018088
0 0.129360 0.481751 0.103198 0.034561
0 0.240189 0.555071 0.083576 0.018411
0 0.141109 0.563953 0.100048 0.032946
0 0.157461 0.595930 0.100775 0.030362
0 0.051235 0.593185 0.093750 0.026809
0 0.046512 0.561854 0.085756 0.030039
0 0.045300 0.530846 0.090601 0.028101
0 0.938227 0.493379 0.088663 0.031977
0 0.938590 0.460756 0.087936 0.030039
0 0.876575 0.462694 0.029797 0.094638
0 0.143653 0.532138 0.099806 0.023579
0 0.038396 0.479328 0.076793 0.032946
0 0.036579 0.445413 0.073159 0.032300
0 0.960877 0.309270 0.078246 0.031331
0 0.213421 0.328811 0.093023 0.032300
0 0.216085 0.364987 0.093508 0.036176
0 0.114099 0.362242 0.107074 0.036499
0 0.111071 0.325258 0.106831 0.036176
0 0.109617 0.284076 0.104409 0.039083
0 0.043847 0.313630 0.025678 0.129199
0 0.013687 0.313146 0.027374 0.128230
0 0.965601 0.232881 0.068798 0.036822
0 0.212209 0.293120 0.094477 0.037145
0 0.966206 0.193960 0.067587 0.035853
0 0.853561 0.180717 0.045785 0.135982
0 0.800024 0.177164 0.045785 0.135982
0 0.750727 0.176518 0.045543 0.135982
0 0.709666 0.176357 0.031250 0.137597
0 0.667272 0.174257 0.051114 0.136628
0 0.625000 0.173934 0.030523 0.137920
0 0.585271 0.171673 0.049419 0.137920
0 0.543847 0.171350 0.028585 0.137920
0 0.904554 0.181848 0.049903 0.141473
0 0.526163 0.562177 0.099322 0.029393
0 0.312379 0.289890 0.102471 0.013889
0 0.313590 0.342539 0.103440 0.013243
0 0.959666 0.343831 0.080669 0.032623
0 0.959423 0.378230 0.081153 0.033592
0 0.903828 0.333656 0.026163 0.122093
0 0.873062 0.333172 0.026163 0.121770
0 0.843992 0.331880 0.026163 0.121770
0 0.815165 0.331395 0.026163 0.122093
0 0.788639 0.329942 0.024952 0.120478
0 0.711361 0.295220 0.127665 0.032946
0 0.311410 0.316214 0.102471 0.035530
0 0.707485 0.332526 0.120882 0.036499
0 0.704094 0.371932 0.120397 0.035853
0 0.579094 0.342539 0.125727 0.092700
0 0.500363 0.325097 0.028343 0.119186
0 0.470688 0.326066 0.028101 0.119186
0 0.411216 0.297642 0.089390 0.034561
0 0.412064 0.333818 0.085756 0.030685
0 0.411822 0.369509 0.085271 0.032946
0 0.315286 0.368540 0.101986 0.035530
0 0.425872 0.220930 0.092539 0.032946
0 0.523983 0.595607 0.096415 0.031654
0 0.344113 0.550872 0.095203 0.028101
0 0.642078 0.558301 0.116521 0.034561
0 0.615431 0.875807 0.088421 0.026163
0 0.523861 0.876130 0.089874 0.026809
0 0.524346 0.905200 0.089874 0.023579
0 0.421996 0.871770 0.079942 0.024548
0 0.429748 0.900194 0.093992 0.025194
0 0.333939 0.899225 0.095688 0.026486
0 0.323765 0.871932 0.080669 0.023579
0 0.241400 0.846576 0.083091 0.023902
0 0.613372 0.903747 0.086725 0.023902
0 0.503513 0.170704 0.049176 0.135982
0 0.243096 0.901163 0.080669 0.025840
0 0.149830 0.902293 0.100048 0.028101
0 0.145228 0.875323 0.100533 0.021964
0 0.642321 0.596415 0.113614 0.038437
0 0.922844 0.794251 0.089874 0.025194
0 0.925630 0.765181 0.090601 0.025194
0 0.834666 0.795704 0.083576 0.026163
0 0.835877 0.767119 0.085029 0.023902
0 0.241037 0.875000 0.082364 0.024548
0 0.736071 0.781492 0.109738 0.054587
0 0.715843 0.871124 0.096899 0.026486
0 0.799903 0.900678 0.088663 0.022933
0 0.425872 0.142442 0.093508 0.036822
0 0.320252 0.214793 0.107074 0.040698
0 0.318072 0.186208 0.109012 0.013243
0 0.316739 0.158107 0.107316 0.039729
0 0.315649 0.129683 0.109981 0.014535
0 0.211361 0.134528 0.095203 0.035853
0 0.213905 0.174580 0.094477 0.037791
0 0.217660 0.212371 0.095203 0.037791
0 0.705426 0.902132 0.093023 0.024548
0 0.109981 0.209141 0.114341 0.037791
0 0.101986 0.128068 0.117248 0.041021
0 0.143411 0.088501 0.103198 0.029716
0 0.018411 0.146156 0.036822 0.153424
0 0.976381 0.876292 0.047238 0.025840
0 0.970446 0.903101 0.058624 0.024548
0 0.891594 0.901324 0.088421 0.024225
0 0.905281 0.875969 0.085756 0.021318
0 0.813106 0.869994 0.090359 0.028101
0 0.106105 0.170381 0.114341 0.035853
0 0.632510 0.759851 0.092539 0.029393
0 0.142684 0.848837 0.101744 0.027132
0 0.534763 0.793443 0.098110 0.035207
0 0.364826 0.695252 0.112888 0.033915
0 0.365795 0.654231 0.113857 0.033269
0 0.258842 0.660691 0.088421 0.027455
0 0.258115 0.695575 0.088421 0.028101
0 0.160974 0.695252 0.103440 0.028747
0 0.630208 0.791505 0.089390 0.029393
0 0.057292 0.696059 0.096172 0.030362
0 0.053658 0.665698 0.093750 0.026486
0 0.469961 0.700258 0.081395 0.027778
0 0.049903 0.639696 0.095930 0.022287
0 0.975533 0.572513 0.048934 0.030039
0 0.946705 0.541990 0.096899 0.020026
0 0.888324 0.604167 0.093023 0.023579
0 0.898619 0.576550 0.087452 0.023256
0 0.831395 0.559755 0.022771 0.034238
0 0.829215 0.598191 0.021802 0.036822
0 0.758842 0.598999 0.113130 0.038437
0 0.761507 0.560562 0.113614 0.032623
0 0.976017 0.606266 0.047481 0.029716
0 0.465964 0.674419 0.083091 0.021964
0 0.157098 0.661660 0.105862 0.031331
0 0.560441 0.697351 0.093750 0.026486
0 0.535126 0.750323 0.097384 0.029716
0 0.441618 0.795220 0.080426 0.027132
0 0.562984 0.665052 0.092539 0.029716
0 0.350775 0.760982 0.098353 0.028424
0 0.351139 0.790859 0.096657 0.028101
0 0.257389 0.795381 0.085029 0.026809
0 0.258600 0.765988 0.080669 0.026809
0 0.164850 0.763727 0.103924 0.028747
0 0.164244 0.794735 0.100291 0.029393
0 0.441134 0.765988 0.079457 0.028101
0 0.061894 0.761789 0.099079 0.033269
0 0.974201 0.702035 0.051599 0.022933
0 0.896923 0.701066 0.091812 0.030685
0 0.898135 0.669735 0.092781 0.026163
0 0.784641 0.699128 0.112888 0.028747
0 0.786701 0.664244 0.110707 0.031331
0 0.667636 0.662468 0.110465 0.032946
0 0.665334 0.698159 0.109738 0.036499
0 0.062984 0.796189 0.098837 0.029070
