0 0.922135 0.181250 0.043229 0.087500
0 0.231771 0.589648 0.046875 0.062891
0 0.141146 0.584375 0.035417 0.102344
0 0.184115 0.588672 0.049479 0.089844
0 0.705990 0.053320 0.056771 0.051953
0 0.279427 0.577148 0.044271 0.030859
0 0.278906 0.606250 0.045312 0.027344
0 0.327865 0.587891 0.049479 0.061719
0 0.375000 0.604883 0.045833 0.026953
0 0.375000 0.576172 0.045833 0.030469
0 0.107813 0.593359 0.029167 0.077344
0 0.421875 0.576562 0.044792 0.029687
0 0.481510 0.578906 0.052604 0.075000
0 0.572917 0.593359 0.100000 0.039844
0 0.668229 0.591602 0.091667 0.041797
0 0.737500 0.572266 0.040625 0.087500
0 0.017188 0.704297 0.034375 0.048438
0 0.057552 0.704688 0.045312 0.045312
0 0.104167 0.704102 0.046875 0.043359
0 0.149479 0.673828 0.039583 0.035156
0 0.421094 0.605469 0.045312 0.028125
0 0.148958 0.708984 0.040625 0.034375
0 0.072396 0.618945 0.041667 0.026953
0 0.025781 0.624805 0.051562 0.012891
0 0.432812 0.478516 0.060417 0.051562
0 0.483854 0.477539 0.035417 0.054297
0 0.517188 0.448437 0.029167 0.110156
0 0.548177 0.450586 0.031771 0.105859
0 0.586979 0.464258 0.045833 0.082422
0 0.632552 0.464844 0.042188 0.083594
0 0.678646 0.463086 0.042708 0.082422
0 0.723958 0.463672 0.047917 0.082031
0 0.071875 0.590625 0.042708 0.027344
0 0.771875 0.466992 0.042708 0.076172
0 0.862240 0.460547 0.046354 0.082031
0 0.919792 0.425391 0.057292 0.050000
0 0.920312 0.476172 0.055208 0.049219
0 0.977865 0.428711 0.044271 0.030078
0 0.975521 0.470508 0.048958 0.052734
0 0.022135 0.578320 0.044271 0.026172
0 0.025260 0.597852 0.050521 0.012891
0 0.025260 0.610938 0.050521 0.013281
0 0.813802 0.455859 0.041146 0.079687
0 0.373437 0.467187 0.055208 0.074219
0 0.192708 0.683008 0.046875 0.029297
0 0.248438 0.705664 0.051042 0.069922
0 0.419271 0.822070 0.077083 0.032422
0 0.420312 0.855273 0.076042 0.030078
0 0.488802 0.833789 0.060937 0.073047
0 0.540625 0.828906 0.038542 0.081250
0 0.608333 0.778516 0.079167 0.018750
0 0.608854 0.801172 0.089583 0.019531
0 0.610938 0.829297 0.090625 0.016406
0 0.608594 0.855078 0.082812 0.029687
0 0.342187 0.838672 0.075000 0.063281
0 0.686198 0.833984 0.054688 0.068750
0 0.791146 0.771680 0.065625 0.038672
0 0.802865 0.830469 0.064062 0.075781
0 0.867708 0.838281 0.063542 0.060156
0 0.926823 0.800586 0.049479 0.041797
0 0.927083 0.841016 0.047917 0.037500
0 0.982552 0.831641 0.034896 0.051562
0 0.790365 0.571289 0.048438 0.090234
0 0.842708 0.568164 0.055208 0.095703
0 0.736458 0.818750 0.044792 0.050000
0 0.195312 0.713867 0.045833 0.029297
0 0.204948 0.845703 0.043229 0.050000
0 0.266146 0.840625 0.073958 0.067187
0 0.301302 0.704102 0.052604 0.069141
0 0.354687 0.702734 0.052083 0.066406
0 0.400260 0.702148 0.035937 0.067578
0 0.444792 0.701953 0.052083 0.067187
0 0.496354 0.701953 0.047917 0.067187
0 0.544531 0.706641 0.043229 0.057813
0 0.615885 0.662109 0.091146 0.014063
0 0.616406 0.679297 0.089063 0.019531
0 0.160156 0.847070 0.042188 0.047266
0 0.617708 0.711328 0.094792 0.039062
0 0.713542 0.715234 0.090625 0.032031
0 0.810417 0.683984 0.101042 0.033594
0 0.810156 0.719727 0.094271 0.033984
0 0.892448 0.701367 0.059896 0.056641
0 0.955990 0.700586 0.060937 0.055078
0 0.022917 0.827734 0.045833 0.093750
0 0.069792 0.833398 0.044792 0.076953
0 0.116667 0.832031 0.043750 0.081250
0 0.712760 0.679883 0.092188 0.037109
0 0.318229 0.468164 0.055208 0.075391
0 0.266406 0.469336 0.049479 0.073828
0 0.215365 0.470313 0.048438 0.071094
0 0.103906 0.177344 0.011979 0.020313
0 0.092448 0.177148 0.010937 0.017578
0 0.080208 0.177930 0.011458 0.019141
0 0.187760 0.190820 0.044271 0.090234
0 0.249219 0.200977 0.078646 0.062891
0 0.324479 0.200000 0.070833 0.063281
0 0.381510 0.180078 0.042188 0.101562
0 0.425000 0.179492 0.041667 0.102734
0 0.116927 0.177344 0.013021 0.022656
0 0.476562 0.187891 0.062500 0.085938
0 0.573698 0.175977 0.044271 0.102734
0 0.615885 0.176563 0.040104 0.101562
0 0.660937 0.172266 0.045833 0.107813
0 0.711198 0.196289 0.054688 0.062891
0 0.768229 0.183203 0.047917 0.091406
0 0.821354 0.177734 0.053125 0.099219
0 0.872396 0.179883 0.047917 0.094922
0 0.972135 0.174023 0.054688 0.101953
0 0.529427 0.200781 0.041146 0.057813
0 0.007812 0.324609 0.015625 0.039844
0 0.130469 0.177734 0.010937 0.021094
0 0.156250 0.177734 0.011458 0.021094
0 0.651042 0.040234 0.047917 0.078125
0 0.597656 0.039844 0.051562 0.077344
0 0.542969 0.040039 0.052604 0.078516
0 0.490365 0.041406 0.051562 0.080469
0 0.439323 0.041406 0.047396 0.080469
0 0.386979 0.041016 0.053125 0.082031
0 0.332813 0.041016 0.053125 0.082031
0 0.178646 0.042578 0.051042 0.085156
0 0.144792 0.177539 0.011458 0.020703
0 0.125781 0.051562 0.052604 0.098437
0 0.021094 0.050781 0.039062 0.094531
0 0.766146 0.014258 0.060417 0.026172
0 0.827344 0.044922 0.055729 0.066406
0 0.888281 0.044141 0.054688 0.069531
0 0.939063 0.038867 0.039583 0.075391
0 0.979427 0.038672 0.041146 0.076563
0 0.017708 0.166211 0.035417 0.058203
0 0.057031 0.176367 0.034896 0.075391
0 0.069792 0.050781 0.057292 0.099219
0 0.024479 0.325391 0.017708 0.041406
0 0.042708 0.325586 0.015625 0.039453
0 0.066927 0.323242 0.020313 0.044922
0 0.424219 0.329102 0.058854 0.080078
0 0.482031 0.318359 0.056771 0.101562
0 0.539583 0.322461 0.033333 0.078516
0 0.599479 0.337500 0.064583 0.056250
0 0.648958 0.337500 0.031250 0.053906
0 0.698177 0.286133 0.056771 0.044141
0 0.755729 0.286133 0.058333 0.044141
0 0.697396 0.337695 0.052083 0.056641
0 0.360677 0.341016 0.064062 0.059375
0 0.752083 0.337109 0.057292 0.057813
0 0.867708 0.283203 0.054167 0.057031
0 0.863021 0.337695 0.051042 0.051953
0 0.920052 0.332031 0.048438 0.060156
0 0.061458 0.454688 0.046875 0.101562
0 0.098698 0.470898 0.029687 0.069922
0 0.128906 0.474805 0.027604 0.066016
0 0.154167 0.486914 0.023958 0.042578
0 0.178125 0.485742 0.025000 0.042578
0 0.806771 0.336523 0.050000 0.056641
0 0.295833 0.340039 0.063542 0.058984
0 0.241927 0.329492 0.044271 0.080078
0 0.197135 0.328711 0.043229 0.081641
0 0.103646 0.319141 0.014583 0.014844
0 0.120833 0.319141 0.014583 0.012500
0 0.144010 0.318359 0.013021 0.013281
0 0.158594 0.318555 0.014063 0.012109
0 0.096354 0.351758 0.012500 0.011328
0 0.108594 0.350977 0.011979 0.011328
0 0.121615 0.351562 0.013021 0.010937
0 0.139844 0.350781 0.014063 0.009375
0 0.165885 0.350391 0.016146 0.010937
0 0.153125 0.350781 0.012500 0.009375
0 0.157292 0.340625 0.011458 0.008594
0 0.121094 0.285352 0.011979 0.011328
0 0.133594 0.276953 0.010937 0.010937
0 0.142708 0.266016 0.016667 0.008594
0 0.137500 0.286914 0.012500 0.009766
0 0.149479 0.277148 0.011458 0.008984
0 0.163542 0.275781 0.014583 0.010937
0 0.151562 0.286914 0.012500 0.009766
0 0.164323 0.286523 0.013021 0.009766
0 0.894271 0.567969 0.047917 0.095312
0 0.951562 0.565820 0.064583 0.098047
0 0.766146 0.053125 0.060417 0.049219
