0 0.941585 0.388634 0.035131 0.065257
0 0.807190 0.507353 0.047386 0.079657
0 0.865809 0.496630 0.037173 0.093750
0 0.121936 0.543658 0.045343 0.053615
0 0.064338 0.539522 0.038807 0.057598
0 0.211601 0.503370 0.062092 0.090686
0 0.979779 0.393995 0.034722 0.056373
0 0.894404 0.722580 0.029820 0.059130
0 0.850490 0.393995 0.038399 0.063725
0 0.804126 0.393076 0.032271 0.061887
0 0.760621 0.396906 0.031046 0.050551
0 0.721609 0.392004 0.036356 0.064645
0 0.023693 0.224418 0.040850 0.149203
0 0.075368 0.223805 0.045343 0.135723
0 0.122753 0.220129 0.041258 0.140625
0 0.196078 0.171875 0.091503 0.065564
0 0.712010 0.500460 0.129085 0.089767
0 0.898284 0.383119 0.040850 0.078125
0 0.580270 0.502145 0.121324 0.093137
0 0.888276 0.855852 0.078840 0.081189
0 0.466708 0.514093 0.047794 0.009191
0 0.657680 0.046875 0.049020 0.081495
0 0.291462 0.175092 0.078023 0.064645
0 0.789828 0.833027 0.064134 0.059436
0 0.696487 0.857996 0.053105 0.075674
0 0.628472 0.854933 0.057598 0.069547
0 0.862337 0.722120 0.026961 0.058211
0 0.548203 0.856771 0.070261 0.056679
0 0.475490 0.856464 0.055556 0.060355
0 0.463848 0.534926 0.048611 0.017157
0 0.410539 0.842831 0.047386 0.083946
0 0.297998 0.842678 0.033088 0.086091
0 0.237949 0.827665 0.034722 0.096507
0 0.162377 0.844363 0.075572 0.082108
0 0.056577 0.830423 0.106618 0.114277
0 0.284926 0.507047 0.048611 0.093137
0 0.347835 0.494792 0.043709 0.097426
0 0.412786 0.494179 0.045343 0.103554
0 0.477737 0.492494 0.050245 0.023591
0 0.353554 0.842984 0.038807 0.074449
0 0.676062 0.382966 0.044118 0.075368
0 0.022467 0.544271 0.038399 0.064645
0 0.380923 0.169424 0.083742 0.074755
0 0.030433 0.609375 0.047794 0.017157
0 0.107230 0.642923 0.054330 0.038909
0 0.178105 0.631127 0.052288 0.068015
0 0.236111 0.625000 0.044118 0.072304
0 0.619690 0.401808 0.053105 0.043199
0 0.448121 0.393995 0.029412 0.058824
0 0.377042 0.635110 0.040850 0.063725
0 0.037582 0.632200 0.062092 0.015012
0 0.330474 0.628983 0.040850 0.047181
0 0.429126 0.632812 0.039624 0.040135
0 0.483047 0.619792 0.051879 0.088235
0 0.547998 0.632047 0.066585 0.050858
0 0.615605 0.637408 0.044935 0.064032
0 0.681985 0.641238 0.075572 0.054534
0 0.965891 0.653799 0.055147 0.026961
0 0.407271 0.390165 0.037582 0.068321
0 0.287786 0.623009 0.025735 0.049326
0 0.030637 0.653799 0.058007 0.019608
0 0.028799 0.717218 0.051062 0.058211
0 0.092933 0.715686 0.055147 0.055147
0 0.932598 0.724877 0.030229 0.058824
0 0.973448 0.717525 0.038399 0.063113
0 0.823938 0.721507 0.033497 0.056985
0 0.785743 0.718903 0.039624 0.073223
0 0.742443 0.716146 0.039624 0.070159
0 0.696487 0.719669 0.024510 0.058211
0 0.661152 0.719210 0.030637 0.049939
0 0.617443 0.714001 0.032271 0.056066
0 0.584150 0.717984 0.026961 0.052390
0 0.529820 0.720435 0.040033 0.068934
0 0.479984 0.719210 0.032680 0.066483
0 0.437704 0.722120 0.041258 0.072304
0 0.399306 0.716299 0.028186 0.063113
0 0.360907 0.721507 0.024918 0.064338
0 0.330270 0.722733 0.027369 0.064338
0 0.277165 0.720741 0.064951 0.065257
0 0.208129 0.723805 0.045343 0.059130
0 0.363562 0.385876 0.036765 0.078738
0 0.305964 0.399357 0.049020 0.043199
0 0.489992 0.382047 0.039624 0.087623
0 0.196283 0.396446 0.050245 0.063725
0 0.477124 0.172947 0.090686 0.067708
0 0.247753 0.389859 0.047794 0.067708
0 0.572304 0.169577 0.086601 0.068321
0 0.670752 0.167279 0.088235 0.072917
0 0.739992 0.173866 0.034722 0.064645
0 0.425041 0.285233 0.031454 0.064338
0 0.390727 0.289216 0.020833 0.050858
0 0.876430 0.178156 0.020016 0.054228
0 0.350082 0.300245 0.048203 0.041667
0 0.292075 0.282935 0.047386 0.069547
0 0.784518 0.175398 0.033905 0.065257
0 0.241013 0.290901 0.018791 0.064032
0 0.213235 0.285999 0.026961 0.058517
0 0.177083 0.283548 0.037990 0.060968
0 0.971405 0.175398 0.043301 0.060355
0 0.915850 0.166667 0.044118 0.079044
0 0.357435 0.254136 0.043301 0.040748
0 0.458946 0.294271 0.022467 0.051164
0 0.832312 0.177849 0.050245 0.058517
0 0.564747 0.296109 0.048611 0.045650
0 0.143791 0.449295 0.031863 0.049939
0 0.095997 0.453891 0.035131 0.046875
0 0.048611 0.453125 0.033497 0.035539
0 0.126430 0.369945 0.054330 0.051777
0 0.060662 0.369026 0.057598 0.057292
0 0.904003 0.277267 0.055556 0.079657
0 0.849469 0.294424 0.036356 0.047181
0 0.961806 0.617953 0.050245 0.022672
0 0.810662 0.642157 0.047794 0.044730
0 0.754698 0.636795 0.047794 0.038297
0 0.934436 0.511795 0.081291 0.068934
0 0.536765 0.388940 0.034314 0.068321
0 0.572712 0.396293 0.026144 0.058517
0 0.808007 0.292126 0.030229 0.049326
0 0.768178 0.293811 0.042892 0.036152
0 0.711193 0.282169 0.050654 0.072917
0 0.618464 0.284007 0.044118 0.064338
0 0.506740 0.282935 0.057598 0.067096
