0 0.656658 0.735754 0.060049 0.102022
0 0.718546 0.735141 0.062092 0.102635
0 0.784518 0.739737 0.063317 0.106924
0 0.840891 0.729320 0.044526 0.086703
0 0.899918 0.734528 0.073529 0.097120
0 0.969158 0.744026 0.061683 0.106924
0 0.017565 0.789828 0.028595 0.059436
0 0.046977 0.793811 0.030229 0.050245
0 0.080678 0.791667 0.033088 0.058211
0 0.117034 0.789216 0.035539 0.058211
0 0.031863 0.885723 0.031863 0.088235
0 0.389297 0.318015 0.049020 0.086397
0 0.065564 0.885570 0.032271 0.085478
0 0.055964 0.699755 0.031863 0.060662
0 0.090074 0.698529 0.033088 0.063725
0 0.129493 0.701134 0.038399 0.060355
0 0.195670 0.741881 0.071895 0.105086
0 0.268791 0.742034 0.074346 0.103554
0 0.344567 0.740043 0.075572 0.096507
0 0.408905 0.738971 0.053922 0.101716
0 0.467320 0.737132 0.055556 0.101103
0 0.527165 0.735754 0.063317 0.097120
0 0.939134 0.218750 0.036765 0.053922
0 0.973448 0.216146 0.032680 0.056066
0 0.922386 0.173560 0.041667 0.018689
0 0.878472 0.173100 0.039624 0.017770
0 0.021446 0.306219 0.039624 0.041973
0 0.060049 0.301930 0.033497 0.048713
0 0.592525 0.738817 0.059232 0.100184
0 0.099060 0.887561 0.035539 0.082108
0 0.717933 0.886949 0.065768 0.094975
0 0.164011 0.887714 0.033905 0.084865
0 0.495507 0.318781 0.044935 0.086091
0 0.548203 0.317402 0.053922 0.089461
0 0.595384 0.318015 0.039624 0.087010
0 0.641748 0.318474 0.045752 0.087929
0 0.689951 0.317249 0.046569 0.089767
0 0.737541 0.314951 0.042892 0.092525
0 0.786560 0.314185 0.051062 0.093444
0 0.834763 0.314645 0.042075 0.087623
0 0.881536 0.315717 0.045752 0.087316
0 0.927900 0.313113 0.041258 0.086397
0 0.966912 0.311581 0.038399 0.088235
0 0.032475 0.414982 0.046160 0.065257
0 0.139093 0.420650 0.070670 0.083333
0 0.143791 0.488051 0.066993 0.047794
0 0.157680 0.535692 0.075163 0.042586
0 0.312296 0.316023 0.049428 0.087316
0 0.261642 0.315564 0.050245 0.089461
0 0.223039 0.886642 0.058824 0.094363
0 0.292892 0.877451 0.071078 0.106005
0 0.365809 0.878064 0.073121 0.106005
0 0.437092 0.880055 0.062092 0.105699
0 0.501838 0.879596 0.063317 0.102328
0 0.573938 0.885876 0.073529 0.102635
0 0.131127 0.887102 0.028595 0.083640
0 0.647263 0.885110 0.069853 0.101103
0 0.780637 0.875000 0.058824 0.095588
0 0.839052 0.860907 0.050654 0.096201
0 0.891953 0.879749 0.054330 0.098346
0 0.940359 0.865502 0.039216 0.093137
0 0.024306 0.695619 0.032271 0.070159
0 0.210580 0.316483 0.050245 0.086397
0 0.444853 0.318934 0.049837 0.083946
0 0.933824 0.619179 0.073529 0.094363
0 0.667688 0.520833 0.040441 0.068627
0 0.789828 0.622549 0.064134 0.100490
0 0.476103 0.051777 0.053513 0.085784
0 0.423815 0.052543 0.048611 0.086091
0 0.376021 0.052543 0.045343 0.084252
0 0.316585 0.049020 0.070261 0.090686
0 0.234681 0.048866 0.082108 0.091605
0 0.153186 0.048407 0.075980 0.089461
0 0.522263 0.052390 0.037173 0.092525
0 0.174632 0.571538 0.061683 0.025429
0 0.250204 0.423254 0.039624 0.079350
0 0.302083 0.419884 0.044526 0.075061
0 0.344567 0.421109 0.040441 0.073836
0 0.386234 0.421569 0.040441 0.075980
0 0.426471 0.422181 0.037582 0.079657
0 0.465891 0.420956 0.036356 0.079044
0 0.207925 0.421109 0.041667 0.075061
0 0.560253 0.051164 0.036356 0.094363
0 0.605392 0.050705 0.053105 0.089154
0 0.650327 0.069087 0.031046 0.056679
0 0.889502 0.222580 0.055964 0.035233
0 0.829861 0.204350 0.054330 0.075368
0 0.777369 0.202359 0.041667 0.082414
0 0.735090 0.200214 0.041258 0.088542
0 0.689747 0.197763 0.046160 0.090993
0 0.644812 0.198989 0.039624 0.090993
0 0.595588 0.197610 0.053105 0.093750
0 0.540237 0.190411 0.057598 0.107537
0 0.477328 0.191330 0.062500 0.103860
0 0.415237 0.188725 0.060049 0.111520
0 0.354575 0.189645 0.060458 0.109681
0 0.296364 0.182138 0.052696 0.124694
0 0.165645 0.188879 0.075572 0.109375
0 0.049224 0.177390 0.096814 0.105392
0 0.928717 0.083027 0.051062 0.024510
0 0.568627 0.420496 0.046569 0.078125
0 0.859477 0.619026 0.071895 0.094056
0 0.618464 0.418505 0.050654 0.083946
0 0.722222 0.422028 0.040850 0.074449
0 0.768382 0.521293 0.056373 0.065257
0 0.822712 0.521906 0.049837 0.067708
0 0.014502 0.611060 0.028186 0.053615
0 0.045139 0.611826 0.029003 0.053309
0 0.077410 0.605239 0.036356 0.066483
0 0.114583 0.612439 0.030637 0.052083
0 0.155229 0.316483 0.054739 0.088848
0 0.198529 0.628676 0.082516 0.090686
0 0.352124 0.618260 0.061275 0.097426
0 0.420752 0.619945 0.067810 0.095895
0 0.493668 0.620098 0.079657 0.096201
0 0.574346 0.619026 0.077614 0.097733
0 0.649714 0.618413 0.071487 0.097733
0 0.722018 0.621630 0.069036 0.101716
0 0.280229 0.619485 0.067810 0.102328
0 0.715891 0.520833 0.046977 0.068015
0 0.625613 0.522365 0.039624 0.068627
0 0.582721 0.518229 0.042892 0.076287
0 0.766748 0.419424 0.043301 0.080882
0 0.812500 0.418964 0.045752 0.085478
0 0.862745 0.417739 0.053105 0.084865
0 0.914216 0.415594 0.047386 0.083027
0 0.963440 0.415594 0.046977 0.083027
0 0.020425 0.506740 0.034314 0.078431
0 0.053105 0.505362 0.026144 0.078125
0 0.083946 0.509344 0.037173 0.071385
0 0.250204 0.518689 0.042892 0.075980
0 0.292484 0.517923 0.041667 0.076900
0 0.333538 0.517616 0.037173 0.076287
0 0.374183 0.517004 0.044935 0.078738
0 0.420752 0.516850 0.042484 0.076593
0 0.465482 0.517004 0.045343 0.076287
0 0.537786 0.518382 0.046160 0.072917
0 0.674020 0.417739 0.053105 0.084865
0 0.099469 0.302696 0.045343 0.051471
