0 0.336198 0.108008 0.101562 0.054297
0 0.233333 0.107227 0.100000 0.054297
0 0.236458 0.159375 0.102083 0.050000
0 0.133594 0.156445 0.100521 0.051172
0 0.041146 0.150195 0.082292 0.058984
0 0.954167 0.883594 0.079167 0.040625
0 0.955729 0.840039 0.080208 0.047266
0 0.538021 0.907813 0.085417 0.046875
0 0.625781 0.899805 0.084896 0.037891
0 0.713542 0.895703 0.081250 0.046875
0 0.713021 0.852344 0.082292 0.041406
0 0.795573 0.850391 0.078646 0.037500
0 0.796354 0.891602 0.079167 0.043359
0 0.876563 0.865430 0.077083 0.091797
0 0.626302 0.854688 0.085938 0.044531
0 0.336198 0.160547 0.096354 0.048438
0 0.536198 0.163672 0.094271 0.046094
0 0.439323 0.111523 0.099479 0.055078
0 0.045573 0.290625 0.091146 0.052344
0 0.145052 0.292383 0.101562 0.049609
0 0.906771 0.301953 0.083333 0.047656
0 0.819010 0.302539 0.092188 0.048828
0 0.726823 0.302148 0.092188 0.047266
0 0.636719 0.301758 0.086979 0.049609
0 0.543490 0.300195 0.096354 0.048047
0 0.447135 0.300000 0.095312 0.049219
0 0.349219 0.300781 0.099479 0.050000
0 0.248958 0.296680 0.102083 0.051953
0 0.243490 0.247266 0.096354 0.045312
0 0.348438 0.247461 0.102083 0.052734
0 0.439323 0.162305 0.099479 0.045703
0 0.446875 0.248828 0.096875 0.051562
0 0.731771 0.254297 0.089583 0.043750
0 0.820573 0.254102 0.088021 0.045703
0 0.909375 0.255859 0.089583 0.043750
0 0.913542 0.171680 0.090625 0.047266
0 0.915885 0.122070 0.091146 0.051172
0 0.821615 0.122852 0.090104 0.051172
0 0.821615 0.171094 0.090104 0.046094
0 0.729167 0.120703 0.090625 0.052344
0 0.728125 0.169922 0.094792 0.045312
0 0.631250 0.167187 0.094792 0.046875
0 0.633073 0.118750 0.092188 0.050781
0 0.537240 0.114062 0.095312 0.053125
0 0.640885 0.249414 0.092188 0.051953
0 0.544531 0.250000 0.097396 0.050781
0 0.152083 0.497656 0.103125 0.049219
0 0.044010 0.237500 0.088021 0.047656
0 0.853385 0.613281 0.079687 0.042969
0 0.935417 0.610156 0.085417 0.046094
0 0.853125 0.656836 0.079167 0.044141
0 0.935156 0.655273 0.084896 0.041797
0 0.963802 0.754297 0.072396 0.080469
0 0.769271 0.743750 0.088542 0.068750
0 0.667708 0.769531 0.113542 0.069531
0 0.554167 0.773633 0.114583 0.067578
0 0.435417 0.779492 0.119792 0.078516
0 0.312240 0.784961 0.125521 0.066016
0 0.184896 0.792383 0.128125 0.066797
0 0.060417 0.798242 0.120833 0.067578
0 0.046875 0.924414 0.093750 0.078516
0 0.181771 0.936523 0.094792 0.050391
0 0.274219 0.928906 0.088021 0.038281
0 0.770573 0.660937 0.081771 0.043750
0 0.768490 0.614453 0.084896 0.049219
0 0.683333 0.619141 0.082292 0.042188
0 0.597917 0.620508 0.086458 0.046484
0 0.049479 0.499805 0.098958 0.048828
0 0.049479 0.549219 0.098958 0.046094
0 0.038281 0.639648 0.076563 0.047266
0 0.038802 0.687891 0.077604 0.045312
0 0.127604 0.685156 0.095833 0.048438
0 0.127344 0.638086 0.097396 0.045703
0 0.227344 0.678320 0.096354 0.047266
0 0.361719 0.922656 0.086979 0.044531
0 0.226823 0.630859 0.096354 0.046875
0 0.327604 0.675000 0.094792 0.046875
0 0.422135 0.672070 0.094271 0.047266
0 0.512760 0.669141 0.083854 0.041406
0 0.600521 0.666992 0.087500 0.044922
0 0.685677 0.663477 0.082812 0.042578
0 0.418750 0.625781 0.091667 0.045312
0 0.509115 0.625781 0.089063 0.043750
0 0.323177 0.630078 0.096354 0.042969
0 0.151042 0.546875 0.102083 0.046875
0 0.360938 0.875000 0.089583 0.048438
0 0.176823 0.886719 0.095312 0.046094
0 0.871094 0.419336 0.091146 0.044922
0 0.784115 0.418555 0.082812 0.041797
0 0.697135 0.420508 0.089063 0.045703
0 0.607812 0.371680 0.093750 0.048828
0 0.603385 0.419727 0.093229 0.047266
0 0.500000 0.420117 0.096875 0.048047
0 0.497917 0.373242 0.098958 0.046484
0 0.390885 0.373633 0.095312 0.048047
0 0.390885 0.420117 0.096354 0.046484
0 0.254688 0.424219 0.097917 0.046875
0 0.247917 0.373437 0.102083 0.050000
0 0.145313 0.373047 0.103125 0.049219
0 0.148698 0.423242 0.109896 0.049609
0 0.046875 0.423633 0.093750 0.048828
0 0.046354 0.370117 0.092708 0.055078
0 0.958854 0.418359 0.082292 0.047656
0 0.959635 0.370508 0.080729 0.044922
0 0.874219 0.372461 0.090104 0.048047
0 0.788802 0.372852 0.082812 0.046484
0 0.250260 0.499219 0.096354 0.047656
0 0.250260 0.545117 0.098437 0.044141
0 0.341927 0.529883 0.082812 0.072266
0 0.451042 0.908594 0.082292 0.057813
0 0.421615 0.527539 0.078646 0.067578
0 0.500521 0.526758 0.079167 0.069141
0 0.587240 0.490625 0.089063 0.045312
0 0.269010 0.883984 0.090104 0.052344
0 0.677865 0.489844 0.092188 0.044531
0 0.586979 0.536719 0.090625 0.046094
0 0.673438 0.536719 0.084375 0.044531
0 0.758854 0.535937 0.088542 0.044531
0 0.845052 0.535547 0.083854 0.042188
0 0.931771 0.533008 0.089583 0.048047
0 0.934375 0.487109 0.088542 0.044531
0 0.701823 0.372461 0.093229 0.048047
0 0.770312 0.488672 0.090625 0.047656
0 0.536979 0.863867 0.089583 0.040234
