0 0.253268 0.238511 0.037582 0.067096
0 0.287990 0.240809 0.027778 0.062500
0 0.317402 0.241268 0.030229 0.063419
0 0.352533 0.240196 0.032680 0.066789
0 0.393791 0.228860 0.048203 0.090686
0 0.449755 0.229933 0.054739 0.093444
0 0.494894 0.242341 0.037990 0.065564
0 0.532271 0.241575 0.032680 0.070159
0 0.567198 0.243413 0.035539 0.067708
0 0.603350 0.242800 0.036765 0.067708
0 0.971814 0.165441 0.056373 0.147672
0 0.609477 0.021752 0.129902 0.042279
0 0.708946 0.375306 0.068219 0.023284
0 0.203227 0.236826 0.051879 0.073529
0 0.076185 0.149663 0.050245 0.055453
0 0.137051 0.159007 0.053513 0.042892
0 0.095588 0.258732 0.101307 0.081801
0 0.027778 0.158241 0.043301 0.044424
0 0.090482 0.024663 0.087010 0.048713
0 0.407884 0.564951 0.061683 0.065564
0 0.467933 0.571078 0.046977 0.053309
0 0.520016 0.570006 0.044935 0.052390
0 0.567606 0.569547 0.046160 0.053309
0 0.618873 0.572151 0.043301 0.051164
0 0.666054 0.566023 0.047794 0.057292
0 0.907271 0.203431 0.069444 0.146446
0 0.639297 0.374234 0.063725 0.031556
0 0.562296 0.375460 0.064134 0.026042
0 0.544935 0.345282 0.029412 0.034314
0 0.666667 0.651654 0.073529 0.072917
0 0.903595 0.630362 0.062092 0.017463
0 0.840482 0.672947 0.042075 0.042586
0 0.791667 0.671262 0.045752 0.042892
0 0.741422 0.671262 0.047386 0.042892
0 0.918913 0.723499 0.100899 0.063419
0 0.830270 0.745711 0.054330 0.068015
0 0.766544 0.746630 0.052696 0.058824
0 0.707516 0.747243 0.049020 0.061887
0 0.595384 0.739430 0.049428 0.053002
0 0.538807 0.726716 0.049837 0.030025
0 0.537173 0.757047 0.050654 0.026961
0 0.428513 0.716759 0.045752 0.010110
0 0.716708 0.568781 0.046977 0.057904
0 0.481618 0.722886 0.049837 0.022365
0 0.421773 0.760723 0.052696 0.037990
0 0.384395 0.750460 0.018791 0.066483
0 0.081087 0.386183 0.051879 0.053615
0 0.151757 0.381893 0.063317 0.060355
0 0.212010 0.348652 0.036765 0.079657
0 0.247141 0.348958 0.031863 0.080270
0 0.283497 0.351716 0.036765 0.076593
0 0.320670 0.350643 0.033497 0.078738
0 0.356209 0.366728 0.023693 0.042279
0 0.416054 0.373775 0.069853 0.026348
0 0.402778 0.343750 0.035131 0.031250
0 0.436479 0.344210 0.029003 0.030944
0 0.491013 0.372549 0.068627 0.028799
0 0.481618 0.763787 0.053922 0.041054
0 0.764093 0.568168 0.043709 0.059130
0 0.809641 0.568321 0.041667 0.060049
0 0.862745 0.568168 0.053922 0.056066
0 0.370302 0.482230 0.031454 0.029412
0 0.407271 0.453278 0.031863 0.029105
0 0.253881 0.774050 0.018382 0.022365
0 0.226307 0.774357 0.028595 0.016850
0 0.285131 0.742953 0.023693 0.009804
0 0.258987 0.741728 0.016340 0.015319
0 0.234886 0.741268 0.021242 0.016238
0 0.284722 0.724877 0.026961 0.024510
0 0.257353 0.724112 0.021242 0.016850
0 0.236520 0.721967 0.020425 0.021140
0 0.186070 0.719210 0.042075 0.053002
0 0.117239 0.727022 0.034314 0.068627
0 0.073938 0.726716 0.045752 0.071078
0 0.332108 0.435202 0.056373 0.043811
0 0.030433 0.723499 0.036356 0.066483
0 0.408497 0.483303 0.030229 0.027267
0 0.453431 0.474265 0.050654 0.048407
0 0.519199 0.437194 0.051471 0.036765
0 0.514093 0.478094 0.049428 0.040748
0 0.760417 0.433211 0.060866 0.041667
0 0.754698 0.477788 0.053513 0.038297
0 0.687296 0.470895 0.041258 0.049020
0 0.672181 0.425245 0.043709 0.033088
0 0.634804 0.473805 0.050654 0.046262
0 0.561479 0.131434 0.037990 0.058211
0 0.958538 0.021446 0.078023 0.042892
0 0.858047 0.021752 0.097631 0.042279
0 0.743464 0.023591 0.120915 0.044730
0 0.049020 0.871477 0.016340 0.018689
0 0.324959 0.477482 0.054330 0.035846
0 0.205882 0.472733 0.020425 0.039216
0 0.229779 0.474571 0.023284 0.044118
0 0.946487 0.508425 0.074346 0.071998
0 0.875613 0.474724 0.051062 0.044424
0 0.263276 0.019914 0.135212 0.039828
0 0.395629 0.021293 0.110703 0.040135
0 0.359273 0.750306 0.025735 0.068015
0 0.322917 0.754289 0.042075 0.041667
0 0.280842 0.756127 0.023284 0.013480
0 0.255923 0.755515 0.022467 0.011642
0 0.228145 0.757353 0.028186 0.014093
0 0.278799 0.772825 0.023284 0.019914
0 0.716912 0.348039 0.035131 0.028799
0 0.784314 0.374234 0.067810 0.025429
0 0.860294 0.372702 0.077614 0.029718
0 0.952410 0.410846 0.061683 0.069240
0 0.964869 0.319393 0.070261 0.040135
0 0.897059 0.328738 0.053105 0.018382
0 0.675041 0.200061 0.057598 0.150123
0 0.732435 0.201287 0.045752 0.148897
0 0.792892 0.202359 0.064542 0.148591
0 0.848243 0.201287 0.037173 0.148897
0 0.415850 0.665748 0.077614 0.020221
0 0.417075 0.684283 0.075980 0.016850
0 0.580065 0.677237 0.079248 0.027267
0 0.351307 0.627911 0.053922 0.022365
0 0.271650 0.641391 0.062092 0.022978
0 0.283088 0.619026 0.064542 0.015625
0 0.025735 0.648131 0.043301 0.043199
0 0.282884 0.473958 0.023284 0.042892
0 0.256740 0.471967 0.024101 0.046875
0 0.575776 0.474571 0.058415 0.047794
0 0.499592 0.674786 0.077614 0.026654
0 0.422998 0.640319 0.079657 0.028186
0 0.051062 0.538909 0.032680 0.007966
0 0.635417 0.868719 0.084559 0.064032
0 0.717320 0.863971 0.072712 0.067402
0 0.797998 0.860754 0.070670 0.049326
0 0.872345 0.857230 0.040441 0.028799
0 0.904616 0.836550 0.023284 0.021752
0 0.939134 0.827819 0.035131 0.047181
0 0.022876 0.818015 0.021242 0.015319
0 0.026348 0.873009 0.020016 0.015625
0 0.161765 0.602328 0.066993 0.036765
0 0.089665 0.654565 0.064951 0.024203
0 0.092320 0.625153 0.062092 0.030944
0 0.159518 0.632659 0.066585 0.022059
0 0.162582 0.656863 0.064542 0.022672
0 0.015727 0.528646 0.031454 0.031556
0 0.054126 0.525888 0.030637 0.015625
0 0.084763 0.524510 0.026552 0.015319
0 0.083946 0.539062 0.024918 0.013787
0 0.124796 0.512714 0.041258 0.066483
0 0.167279 0.507353 0.041258 0.075980
0 0.287582 0.560662 0.053105 0.068015
0 0.344363 0.559896 0.056373 0.067708
0 0.436070 0.890778 0.060866 0.010723
0 0.435253 0.878676 0.059232 0.010417
0 0.024510 0.795803 0.020425 0.026042
0 0.533497 0.886642 0.092320 0.022059
0 0.053105 0.799939 0.020425 0.026961
0 0.075572 0.799786 0.020425 0.024816
0 0.101920 0.801164 0.020016 0.027574
0 0.436275 0.865043 0.061275 0.013174
0 0.147672 0.799632 0.022467 0.027574
0 0.172998 0.799786 0.024101 0.024816
0 0.072712 0.875766 0.022876 0.025429
0 0.097631 0.875919 0.019608 0.023897
0 0.120302 0.876532 0.020016 0.026961
0 0.140319 0.876225 0.020016 0.024510
0 0.164624 0.874694 0.019608 0.027574
0 0.125000 0.800092 0.022059 0.025429
0 0.058619 0.827053 0.019199 0.021752
0 0.189338 0.874234 0.024101 0.026654
0 0.534722 0.856311 0.102941 0.027574
0 0.311887 0.846354 0.167075 0.087316
0 0.139297 0.838848 0.013889 0.017157
0 0.330882 0.679688 0.082516 0.022978
0 0.159518 0.839308 0.021650 0.018076
0 0.119281 0.835018 0.017974 0.015625
0 0.098243 0.834406 0.016748 0.017463
0 0.080270 0.833180 0.013480 0.015625
