0 0.308211 0.651042 0.106618 0.034314
0 0.119485 0.682292 0.078840 0.076593
0 0.065155 0.693627 0.024918 0.053309
0 0.868464 0.587623 0.046569 0.072917
0 0.963848 0.592984 0.039624 0.063419
0 0.918505 0.593290 0.044526 0.060968
0 0.302083 0.700980 0.107435 0.057598
0 0.823529 0.587929 0.027778 0.063725
0 0.026961 0.695312 0.026961 0.051164
0 0.393382 0.696998 0.062092 0.056985
0 0.651961 0.702053 0.049020 0.045037
0 0.526961 0.695466 0.057190 0.061887
0 0.596609 0.696844 0.060866 0.059743
0 0.701593 0.702665 0.046160 0.048100
0 0.751021 0.702512 0.046160 0.053922
0 0.795956 0.702053 0.033905 0.062194
0 0.940359 0.690564 0.057190 0.023897
0 0.937908 0.717831 0.049020 0.027574
0 0.785948 0.589154 0.034314 0.066789
0 0.021650 0.782169 0.043301 0.102328
0 0.070670 0.785539 0.049837 0.096814
0 0.460376 0.696385 0.060458 0.061275
0 0.744077 0.598039 0.029003 0.045343
0 0.348039 0.788756 0.039216 0.077512
0 0.678105 0.597426 0.026144 0.044118
0 0.980392 0.796875 0.039216 0.093137
0 0.939134 0.793505 0.041667 0.087010
0 0.849469 0.793658 0.038807 0.094669
0 0.803922 0.793199 0.043301 0.096814
0 0.760825 0.792126 0.028186 0.089154
0 0.720180 0.794271 0.042484 0.095895
0 0.677492 0.790594 0.035539 0.088542
0 0.633987 0.798866 0.040033 0.079963
0 0.552288 0.800705 0.036765 0.078738
0 0.512051 0.796569 0.033905 0.080270
0 0.470588 0.795190 0.040033 0.077512
0 0.427288 0.787990 0.038399 0.075980
0 0.386846 0.789522 0.035948 0.074142
0 0.305760 0.790594 0.036356 0.081189
0 0.261029 0.571385 0.042484 0.086397
0 0.318423 0.580576 0.069036 0.068627
0 0.395425 0.578891 0.080065 0.069547
0 0.467729 0.581955 0.054739 0.064645
0 0.535539 0.578125 0.080882 0.073529
0 0.603554 0.579350 0.050245 0.074755
0 0.645833 0.595588 0.033497 0.043505
0 0.710784 0.598958 0.030229 0.047181
0 0.898080 0.796569 0.041258 0.095588
0 0.232639 0.782935 0.050245 0.091605
0 0.209355 0.229933 0.064951 0.105086
0 0.074551 0.233150 0.065768 0.091299
0 0.971609 0.142463 0.055147 0.074755
0 0.917688 0.148438 0.042892 0.062194
0 0.859477 0.147365 0.066176 0.060049
0 0.794935 0.147825 0.042484 0.060968
0 0.730801 0.116728 0.080882 0.121324
0 0.646446 0.117034 0.085376 0.120711
0 0.511846 0.113051 0.084967 0.120711
0 0.427492 0.109681 0.076389 0.125000
0 0.140931 0.235600 0.060458 0.087623
0 0.342116 0.110447 0.082108 0.116115
0 0.204657 0.128523 0.052288 0.071998
0 0.150327 0.126685 0.052288 0.075061
0 0.090278 0.128217 0.061275 0.070159
0 0.028186 0.121170 0.056373 0.084252
0 0.846201 0.368107 0.049428 0.075674
0 0.894812 0.366881 0.047794 0.077512
0 0.948325 0.369026 0.053513 0.071998
0 0.792688 0.368566 0.047794 0.071691
0 0.164216 0.468290 0.056373 0.081189
0 0.265523 0.130362 0.065359 0.076900
0 0.223856 0.466605 0.053105 0.086397
0 0.272467 0.250153 0.054739 0.065870
0 0.392974 0.245558 0.054739 0.080576
0 0.737745 0.364890 0.053922 0.079657
0 0.678513 0.369332 0.061275 0.067708
0 0.624183 0.365502 0.044118 0.075368
0 0.569649 0.364430 0.054330 0.069547
0 0.510008 0.352635 0.064134 0.098039
0 0.440564 0.350337 0.071487 0.095282
0 0.383170 0.364737 0.041667 0.066483
0 0.318015 0.347120 0.068219 0.096814
0 0.254289 0.360754 0.052696 0.065870
0 0.332925 0.249694 0.057190 0.068015
0 0.192606 0.353707 0.058415 0.079963
0 0.052696 0.355852 0.058007 0.068934
0 0.894608 0.252911 0.064542 0.078125
0 0.828840 0.252757 0.066176 0.077206
0 0.769199 0.252911 0.052288 0.078125
0 0.704657 0.254442 0.072712 0.075061
0 0.638685 0.256127 0.049428 0.069240
0 0.579453 0.254749 0.063317 0.070772
0 0.517974 0.250919 0.049837 0.074755
0 0.457925 0.249847 0.068627 0.078738
0 0.120507 0.344822 0.073529 0.094669
0 0.284722 0.470129 0.062908 0.079963
0 0.090686 0.461703 0.085784 0.091912
0 0.404412 0.469363 0.063725 0.083946
0 0.122549 0.781556 0.051471 0.091299
0 0.344975 0.472580 0.053513 0.080576
0 0.208129 0.569087 0.038807 0.086091
0 0.171977 0.572763 0.031046 0.076900
0 0.128676 0.563725 0.026144 0.074142
0 0.039828 0.565564 0.045343 0.087623
0 0.970588 0.479473 0.057190 0.082108
0 0.087623 0.567249 0.042892 0.087316
0 0.840074 0.475797 0.047794 0.086397
0 0.770221 0.478401 0.057598 0.078738
0 0.696691 0.482690 0.053513 0.072610
0 0.625408 0.464920 0.070261 0.100797
0 0.556168 0.470129 0.054330 0.095895
0 0.482843 0.464154 0.084967 0.099877
0 0.906250 0.470895 0.060866 0.101716
