0 0.507966 0.124540 0.045343 0.019914
0 0.505515 0.107537 0.049428 0.014093
0 0.063317 0.179228 0.028595 0.071078
0 0.437500 0.555760 0.031046 0.041667
0 0.365809 0.545343 0.030637 0.053309
0 0.333333 0.550398 0.026144 0.043199
0 0.300449 0.544271 0.037990 0.040135
0 0.234886 0.529105 0.037582 0.052083
0 0.192198 0.531250 0.033905 0.041667
0 0.158701 0.529871 0.024101 0.041360
0 0.126021 0.523284 0.031454 0.042279
0 0.101307 0.520680 0.018791 0.038297
0 0.077206 0.512255 0.025327 0.044118
0 0.049428 0.510570 0.032680 0.046262
0 0.061887 0.564338 0.029820 0.027574
0 0.043709 0.602788 0.022876 0.048100
0 0.065768 0.609681 0.019608 0.042279
0 0.469363 0.559436 0.033497 0.055147
0 0.088440 0.611979 0.024101 0.047488
0 0.130719 0.620711 0.023693 0.049020
0 0.151552 0.625000 0.018791 0.052696
0 0.184641 0.628217 0.034314 0.051777
0 0.218954 0.633272 0.031046 0.054534
0 0.277369 0.648591 0.036765 0.049632
0 0.328431 0.657475 0.023693 0.055147
0 0.370302 0.663603 0.025735 0.049020
0 0.403391 0.671415 0.041258 0.049326
0 0.440155 0.679534 0.029003 0.063113
0 0.483456 0.686581 0.052696 0.058211
0 0.551471 0.691023 0.079248 0.064645
0 0.638072 0.717984 0.093954 0.071385
0 0.738154 0.727328 0.065359 0.089461
0 0.792688 0.745404 0.045343 0.065564
0 0.108660 0.616115 0.018791 0.052083
0 0.509804 0.566330 0.040850 0.053615
0 0.572508 0.568934 0.060049 0.045343
0 0.653391 0.585631 0.095997 0.051777
0 0.069853 0.392616 0.017157 0.042586
0 0.052492 0.392310 0.011029 0.041360
0 0.037173 0.392463 0.017157 0.041054
0 0.021650 0.392770 0.014706 0.042279
0 0.006944 0.394301 0.013889 0.045956
0 0.018791 0.450368 0.019608 0.026348
0 0.035539 0.451440 0.014706 0.026654
0 0.054739 0.453738 0.023693 0.033088
0 0.076593 0.454504 0.018382 0.031556
0 0.095997 0.455882 0.016340 0.033088
0 0.116217 0.457567 0.024101 0.031556
0 0.137459 0.459099 0.018382 0.032782
0 0.160743 0.459865 0.024918 0.030025
0 0.188521 0.462010 0.026552 0.033088
0 0.228350 0.457414 0.028595 0.051471
0 0.256332 0.460784 0.025735 0.047181
0 0.290441 0.462010 0.035131 0.048407
0 0.733047 0.588235 0.059232 0.074142
0 0.784518 0.593444 0.039624 0.088848
0 0.870915 0.603401 0.090686 0.077512
0 0.964665 0.613664 0.069853 0.092525
0 0.947508 0.515012 0.064134 0.043505
0 0.714665 0.495251 0.120507 0.058517
0 0.900327 0.749081 0.103758 0.091912
0 0.582312 0.502451 0.095180 0.019608
0 0.505106 0.478860 0.050245 0.054534
0 0.032680 0.184743 0.028595 0.074142
0 0.439134 0.481311 0.022876 0.037377
0 0.415850 0.479013 0.020425 0.034620
0 0.386029 0.470435 0.035131 0.053002
0 0.347835 0.467525 0.037990 0.048407
0 0.578840 0.480699 0.093137 0.020221
0 0.946283 0.949908 0.102533 0.100184
0 0.846405 0.900123 0.089052 0.074142
0 0.848039 0.955423 0.089869 0.037071
0 0.092116 0.302696 0.024101 0.033701
0 0.121528 0.297028 0.025735 0.041973
0 0.143995 0.295650 0.017565 0.044118
0 0.140319 0.249694 0.020833 0.046569
0 0.165850 0.246630 0.030229 0.044730
0 0.168096 0.292586 0.030637 0.044730
0 0.233252 0.277574 0.051471 0.065564
0 0.271650 0.276654 0.024510 0.060662
0 0.296160 0.280178 0.027778 0.060355
0 0.321895 0.291973 0.021242 0.036765
0 0.350286 0.274203 0.037173 0.069240
0 0.390114 0.273131 0.043301 0.071998
0 0.436479 0.268842 0.044526 0.064645
0 0.494690 0.257047 0.034314 0.091299
0 0.531250 0.258885 0.038807 0.092525
0 0.588644 0.259498 0.025327 0.083333
0 0.620711 0.253217 0.038807 0.096507
0 0.555556 0.110600 0.046569 0.106005
0 0.604984 0.106005 0.040033 0.099877
0 0.648080 0.094669 0.044526 0.113358
0 0.697304 0.102482 0.049020 0.091605
0 0.756127 0.095741 0.064542 0.095895
0 0.820057 0.075214 0.062500 0.121630
0 0.062704 0.302390 0.029820 0.034314
0 0.882557 0.072457 0.057598 0.107537
0 0.961806 0.243107 0.076389 0.091605
0 0.886846 0.242188 0.073529 0.093444
0 0.821895 0.245558 0.056373 0.099571
0 0.767157 0.235447 0.047386 0.119179
0 0.718546 0.247089 0.051471 0.099571
0 0.666871 0.251532 0.052696 0.093137
0 0.947304 0.075980 0.055556 0.095588
0 0.089461 0.393842 0.019608 0.046875
0 0.036765 0.302083 0.020425 0.032475
0 0.035743 0.267157 0.018382 0.031250
0 0.773489 0.895374 0.054330 0.126532
0 0.717933 0.882047 0.053513 0.131740
0 0.568423 0.783548 0.100899 0.032169
0 0.649101 0.820925 0.080065 0.034007
0 0.643382 0.879442 0.084150 0.078738
0 0.543096 0.852328 0.095180 0.099877
0 0.485907 0.761489 0.058415 0.042586
0 0.472222 0.824449 0.043301 0.075980
0 0.430351 0.810662 0.037173 0.094363
0 0.398080 0.792739 0.021650 0.092831
0 0.376021 0.788450 0.022467 0.083640
0 0.354575 0.781556 0.020425 0.085784
0 0.323734 0.782169 0.031454 0.087010
0 0.295956 0.779105 0.016748 0.096201
0 0.262051 0.771906 0.030637 0.067708
0 0.236928 0.769608 0.017157 0.071078
0 0.215278 0.761183 0.026961 0.058517
0 0.058619 0.268689 0.027369 0.033088
0 0.091503 0.267463 0.027778 0.033701
0 0.019199 0.270833 0.013889 0.031250
0 0.005923 0.271293 0.011846 0.029105
0 0.007966 0.705116 0.015931 0.048713
0 0.022672 0.709252 0.012663 0.054534
0 0.010621 0.304075 0.021242 0.033395
0 0.043505 0.711857 0.025735 0.050551
0 0.093546 0.715686 0.019608 0.082108
0 0.112745 0.729013 0.013072 0.075674
0 0.130106 0.732230 0.015931 0.073529
0 0.152165 0.740349 0.019199 0.076900
0 0.172181 0.743413 0.018382 0.072610
0 0.190768 0.749234 0.018791 0.082414
0 0.070670 0.712929 0.022876 0.083333
0 0.125613 0.395374 0.023284 0.049939
0 0.465891 0.481618 0.026552 0.036765
0 0.525735 0.391697 0.048203 0.092218
0 0.667484 0.397212 0.051471 0.088542
0 0.190155 0.395987 0.033905 0.054841
0 0.219975 0.395221 0.020016 0.059436
0 0.244077 0.395221 0.027369 0.056373
0 0.282067 0.397212 0.029820 0.063419
0 0.321691 0.403033 0.043709 0.053002
0 0.716299 0.401195 0.048611 0.086703
0 0.356618 0.405484 0.024510 0.045037
0 0.367851 0.356158 0.034722 0.040135
0 0.427900 0.401961 0.052696 0.063725
0 0.429126 0.352635 0.055147 0.034926
0 0.480392 0.390472 0.043301 0.090380
0 0.570466 0.399969 0.039624 0.074449
0 0.616830 0.383119 0.051471 0.114277
0 0.383374 0.403952 0.029003 0.052390
0 0.770425 0.400735 0.056373 0.094363
0 0.151552 0.396446 0.026144 0.052696
0 0.878676 0.401348 0.053105 0.102328
0 0.104371 0.177543 0.029003 0.073223
0 0.163194 0.175245 0.065768 0.071691
0 0.232843 0.157169 0.017157 0.083333
0 0.252042 0.153186 0.018791 0.083333
0 0.282475 0.148591 0.038807 0.094363
0 0.313521 0.155025 0.023284 0.072304
0 0.823734 0.401654 0.049428 0.096814
0 0.372141 0.145987 0.035131 0.075061
0 0.402165 0.143382 0.025735 0.074142
0 0.339052 0.150582 0.025327 0.068934
0 0.503881 0.159467 0.041258 0.017463
0 0.507353 0.142463 0.039216 0.016544
0 0.195874 0.291207 0.020833 0.044424
0 0.218137 0.232537 0.032680 0.021446
0 0.934232 0.401348 0.053922 0.105392
0 0.429943 0.139400 0.028186 0.068015
