0 0.180147 0.663450 0.050654 0.040135
0 0.132353 0.673407 0.046569 0.015319
0 0.079453 0.677696 0.026552 0.016544
0 0.082925 0.661152 0.035948 0.014093
0 0.036356 0.671875 0.037582 0.014093
0 0.898897 0.632353 0.034722 0.056373
0 0.928309 0.626072 0.039624 0.055453
0 0.964257 0.624081 0.042075 0.053922
0 0.654003 0.446232 0.031863 0.055453
0 0.621528 0.447151 0.023284 0.053002
0 0.584150 0.443015 0.053105 0.052083
0 0.542892 0.450674 0.030229 0.043505
0 0.506944 0.437194 0.047386 0.066176
0 0.470588 0.437040 0.027778 0.063419
0 0.136438 0.647365 0.029412 0.012868
0 0.435253 0.442708 0.049428 0.064951
0 0.347018 0.433211 0.046160 0.069853
0 0.304943 0.431219 0.028186 0.075674
0 0.256536 0.427696 0.071078 0.094975
0 0.205270 0.431832 0.034722 0.088542
0 0.730392 0.438419 0.035948 0.075980
0 0.777369 0.425092 0.044118 0.058517
0 0.893178 0.440104 0.036356 0.071998
0 0.859273 0.438419 0.031454 0.068627
0 0.823938 0.440104 0.036765 0.074449
0 0.938113 0.434896 0.040441 0.061581
0 0.981822 0.440564 0.036356 0.061275
0 0.981822 0.542433 0.026552 0.022978
0 0.950572 0.547181 0.027778 0.028186
0 0.911560 0.549020 0.041258 0.029412
0 0.388685 0.438419 0.034722 0.082721
0 0.869690 0.553768 0.030229 0.034007
0 0.044935 0.723652 0.086601 0.020833
0 0.118464 0.762408 0.120098 0.036458
0 0.853145 0.820312 0.056781 0.053002
0 0.737745 0.829810 0.091503 0.105699
0 0.648693 0.838082 0.087418 0.088542
0 0.546569 0.834099 0.094771 0.085478
0 0.443015 0.851256 0.095997 0.071998
0 0.361111 0.862592 0.074346 0.083027
0 0.280229 0.866881 0.080065 0.093444
0 0.205270 0.874081 0.063317 0.094363
0 0.932190 0.813266 0.044118 0.083640
0 0.108660 0.903493 0.132353 0.055760
0 0.821487 0.630055 0.066176 0.051777
0 0.767770 0.631587 0.037990 0.045037
0 0.697917 0.619485 0.091095 0.077819
0 0.611315 0.619179 0.085376 0.076593
0 0.142157 0.713388 0.091503 0.028493
0 0.502247 0.627298 0.104167 0.071998
0 0.334967 0.650429 0.050654 0.052083
0 0.292892 0.643229 0.032680 0.061581
0 0.263072 0.646446 0.036765 0.060049
0 0.226716 0.649816 0.030229 0.060049
0 0.965278 0.707874 0.062908 0.057904
0 0.886438 0.713235 0.072712 0.059436
0 0.802492 0.713695 0.085376 0.055453
0 0.727328 0.717525 0.048611 0.079657
0 0.668913 0.718444 0.067402 0.084559
0 0.597835 0.722120 0.067402 0.086397
0 0.507149 0.727941 0.104167 0.093750
0 0.399101 0.735294 0.112745 0.079657
0 0.306373 0.742188 0.066176 0.079350
0 0.232230 0.745864 0.066585 0.074449
0 0.387663 0.624540 0.054739 0.061581
0 0.073734 0.173560 0.064951 0.036458
0 0.142770 0.175858 0.064134 0.031863
0 0.744690 0.545496 0.045752 0.053002
0 0.586806 0.325827 0.033088 0.078125
0 0.551266 0.328891 0.037990 0.072610
0 0.507966 0.321691 0.049428 0.083946
0 0.464461 0.312653 0.037582 0.101409
0 0.421977 0.328278 0.047386 0.026042
0 0.418301 0.353094 0.049837 0.026042
0 0.378472 0.326287 0.027369 0.079044
0 0.345792 0.318781 0.037173 0.085478
0 0.311070 0.313725 0.037990 0.094363
0 0.271038 0.312040 0.039624 0.089154
0 0.225694 0.318781 0.037173 0.097120
0 0.171977 0.338848 0.056373 0.042892
0 0.111928 0.338082 0.056373 0.041360
0 0.043913 0.296109 0.059232 0.118566
0 0.630310 0.335325 0.040850 0.068934
0 0.982639 0.198529 0.034722 0.095588
0 0.914011 0.187806 0.036356 0.096201
0 0.869485 0.191176 0.033088 0.100490
0 0.805147 0.190717 0.033497 0.083027
0 0.768791 0.183670 0.030229 0.102022
0 0.737745 0.206342 0.022059 0.049326
0 0.706699 0.183670 0.035948 0.092218
0 0.663399 0.175245 0.047386 0.109069
0 0.609069 0.165288 0.058824 0.126532
0 0.550654 0.158701 0.055556 0.111520
0 0.499183 0.157629 0.040850 0.116115
0 0.450163 0.148131 0.047386 0.127757
0 0.395629 0.147978 0.058415 0.125613
0 0.327002 0.154718 0.060049 0.100490
0 0.271650 0.142770 0.047386 0.117034
0 0.946283 0.203738 0.024918 0.090074
0 0.786765 0.547028 0.044118 0.046875
0 0.669730 0.333640 0.037990 0.072304
0 0.733047 0.329044 0.037990 0.081495
0 0.692606 0.540748 0.051879 0.041054
0 0.644404 0.536152 0.037990 0.058211
0 0.610498 0.536612 0.033088 0.061581
0 0.573938 0.536765 0.035948 0.056985
0 0.533905 0.537224 0.018791 0.031556
0 0.515114 0.542126 0.018791 0.036458
0 0.492443 0.540748 0.015114 0.036765
0 0.465482 0.541513 0.027369 0.047488
0 0.439134 0.541513 0.025327 0.047488
0 0.406658 0.535539 0.045343 0.052083
0 0.363358 0.537224 0.034722 0.057904
0 0.319649 0.537224 0.051879 0.057904
0 0.262868 0.542433 0.042075 0.065870
0 0.220180 0.540748 0.039216 0.060049
0 0.704044 0.328278 0.027369 0.083027
0 0.139093 0.586397 0.028186 0.056985
0 0.046569 0.587316 0.035948 0.056373
0 0.162582 0.499847 0.025327 0.046875
0 0.126430 0.506434 0.031454 0.060049
0 0.091095 0.511949 0.030229 0.054534
0 0.052083 0.505668 0.041258 0.058517
0 0.013276 0.509957 0.020016 0.060355
0 0.166054 0.432445 0.034722 0.061581
0 0.099469 0.426317 0.066585 0.065870
0 0.035335 0.427543 0.051879 0.068321
0 0.946283 0.336397 0.063317 0.090074
0 0.889093 0.323376 0.043709 0.097120
0 0.849265 0.324602 0.036765 0.094669
0 0.815972 0.335938 0.024101 0.071998
0 0.785335 0.337776 0.034722 0.078125
0 0.095588 0.592525 0.036765 0.054534
0 0.835580 0.545037 0.034722 0.035539
0 0.976920 0.810968 0.045343 0.091299
