0 0.558619 0.926317 0.084559 0.059130
0 0.650123 0.925858 0.085376 0.055760
0 0.735703 0.925705 0.080882 0.057292
0 0.558824 0.978401 0.088235 0.040748
0 0.833538 0.937347 0.087827 0.056679
0 0.734886 0.976409 0.081699 0.039216
0 0.832721 0.983762 0.095180 0.032475
0 0.469975 0.970741 0.086193 0.053615
0 0.645629 0.977328 0.082925 0.041667
0 0.380310 0.975490 0.089052 0.049020
0 0.689338 0.074142 0.078840 0.145833
0 0.197508 0.974724 0.087827 0.049939
0 0.534109 0.353707 0.051062 0.108150
0 0.589052 0.351562 0.052288 0.107537
0 0.641748 0.354473 0.042484 0.113971
0 0.691585 0.361060 0.053105 0.105086
0 0.739583 0.356311 0.033905 0.108456
0 0.783905 0.360907 0.052288 0.098652
0 0.839052 0.359528 0.050654 0.105086
0 0.485090 0.357384 0.043709 0.106311
0 0.894608 0.365349 0.049837 0.109375
0 0.036765 0.488205 0.041667 0.098958
0 0.081495 0.488511 0.047794 0.099571
0 0.126838 0.485907 0.039624 0.108456
0 0.166667 0.491728 0.032680 0.110294
0 0.210784 0.487745 0.040850 0.107230
0 0.257966 0.518076 0.049428 0.115196
0 0.310253 0.518689 0.047794 0.123162
0 0.950572 0.367494 0.062908 0.106924
0 0.287377 0.973192 0.085376 0.046875
0 0.392361 0.354473 0.042892 0.104779
0 0.342525 0.357077 0.051879 0.105086
0 0.020221 0.070006 0.039624 0.125919
0 0.109477 0.071691 0.093954 0.138480
0 0.206904 0.069853 0.097631 0.139706
0 0.323121 0.074449 0.073529 0.139093
0 0.410131 0.075214 0.091503 0.146752
0 0.510621 0.072917 0.090686 0.140931
0 0.603758 0.072763 0.094771 0.144914
0 0.787582 0.076134 0.081699 0.142463
0 0.861724 0.081036 0.057598 0.132659
0 0.908497 0.076287 0.029412 0.140319
0 0.964461 0.078431 0.071078 0.137868
0 0.031454 0.351409 0.044118 0.105392
0 0.080270 0.352482 0.038807 0.100797
0 0.131127 0.352022 0.051471 0.099877
0 0.185662 0.350797 0.051879 0.106618
0 0.241217 0.353554 0.060049 0.109681
0 0.295139 0.356464 0.043709 0.102635
0 0.390727 0.494179 0.046160 0.103554
0 0.437500 0.494945 0.043301 0.101409
0 0.440155 0.354167 0.048611 0.104779
0 0.499796 0.676777 0.094363 0.063113
0 0.283701 0.918045 0.084559 0.056679
0 0.196487 0.913909 0.089052 0.052083
0 0.104779 0.915441 0.091095 0.049020
0 0.284109 0.855852 0.095180 0.061581
0 0.190155 0.856618 0.086193 0.061275
0 0.093954 0.856464 0.092320 0.065257
0 0.899510 0.752757 0.084967 0.055760
0 0.801266 0.751532 0.096814 0.056985
0 0.908701 0.694700 0.100082 0.059130
0 0.808415 0.691023 0.094771 0.065257
0 0.690359 0.743873 0.095588 0.060662
0 0.597018 0.738205 0.091095 0.059130
0 0.691585 0.676930 0.091503 0.060968
0 0.111928 0.968137 0.086601 0.051471
0 0.598856 0.678156 0.091503 0.059130
0 0.811070 0.521599 0.048611 0.129596
0 0.405433 0.737898 0.094363 0.058517
0 0.406046 0.676011 0.096405 0.064032
0 0.312704 0.731618 0.091095 0.060662
0 0.310253 0.669118 0.089461 0.060049
0 0.215482 0.729013 0.088644 0.067096
0 0.213644 0.664216 0.098039 0.055147
0 0.121732 0.720282 0.096405 0.059436
0 0.117239 0.654871 0.093954 0.057904
0 0.038399 0.769148 0.073529 0.053615
0 0.032271 0.712163 0.064542 0.051777
0 0.031454 0.651654 0.053105 0.066176
0 0.960989 0.522825 0.048611 0.129596
0 0.499592 0.739583 0.091503 0.059436
0 0.912582 0.522978 0.044118 0.124387
0 0.758987 0.517616 0.047386 0.138174
0 0.658701 0.520374 0.047794 0.124694
0 0.709559 0.519148 0.044118 0.129596
0 0.483864 0.495711 0.043709 0.104167
0 0.862745 0.518229 0.043301 0.132659
0 0.605392 0.525429 0.053105 0.119485
0 0.558007 0.525276 0.041667 0.119792
