0 0.080556 0.363341 0.043162 0.028606
0 0.035043 0.365144 0.049573 0.025000
0 0.197863 0.318149 0.088889 0.082452
0 0.277991 0.321995 0.073932 0.072837
0 0.349573 0.321034 0.068376 0.068990
0 0.490598 0.317668 0.056410 0.081490
0 0.123932 0.344832 0.043590 0.078125
0 0.558547 0.322957 0.076923 0.070913
0 0.613462 0.321995 0.032906 0.070913
0 0.570513 0.562981 0.070940 0.015865
0 0.494444 0.566346 0.072650 0.011058
0 0.514103 0.602163 0.073504 0.030769
0 0.420299 0.326803 0.073077 0.056010
0 0.956624 0.426322 0.075641 0.084856
0 0.777778 0.433774 0.033333 0.072356
0 0.868803 0.440986 0.036752 0.072356
0 0.818162 0.437380 0.045726 0.078606
0 0.705983 0.442428 0.094872 0.059856
0 0.625000 0.439543 0.047436 0.065625
0 0.582906 0.427043 0.040171 0.069952
0 0.443803 0.600481 0.068803 0.033173
0 0.640385 0.584375 0.061111 0.025000
0 0.451496 0.435697 0.020085 0.068510
0 0.276709 0.437380 0.054274 0.068990
0 0.579060 0.591827 0.057265 0.035096
0 0.415385 0.437139 0.050427 0.068510
0 0.325641 0.439784 0.041880 0.062740
0 0.645513 0.562260 0.058547 0.016827
0 0.902991 0.436178 0.032479 0.064183
0 0.429701 0.566346 0.057692 0.020192
0 0.201709 0.657091 0.045299 0.021394
0 0.280556 0.582452 0.103846 0.026923
0 0.989744 0.818269 0.018803 0.053846
0 0.629701 0.653726 0.035470 0.028125
0 0.580769 0.663582 0.048718 0.034375
0 0.531624 0.673077 0.048718 0.037019
0 0.490598 0.643990 0.050427 0.009615
0 0.480342 0.669231 0.052991 0.035577
0 0.964744 0.815865 0.032051 0.049519
0 0.420726 0.673077 0.048291 0.027404
0 0.367094 0.678606 0.052137 0.024038
0 0.318376 0.686779 0.052991 0.028365
0 0.330342 0.650361 0.059829 0.019952
0 0.259188 0.654687 0.052564 0.026202
0 0.259615 0.685817 0.058547 0.026442
0 0.196581 0.684135 0.054701 0.032692
0 0.389316 0.644832 0.041026 0.011298
0 0.379487 0.584856 0.059829 0.035577
0 0.686325 0.661659 0.051282 0.044952
0 0.844872 0.671635 0.061538 0.041346
0 0.192735 0.468269 0.100855 0.011058
0 0.192308 0.449399 0.099145 0.020913
0 0.137607 0.432692 0.011111 0.011538
0 0.040171 0.684375 0.077778 0.037981
0 0.109615 0.447476 0.044017 0.042548
0 0.294658 0.606971 0.081624 0.021154
0 0.739316 0.663822 0.050427 0.041587
0 0.214530 0.606490 0.079487 0.023558
0 0.850855 0.826562 0.064957 0.061298
0 0.126709 0.601923 0.087607 0.021635
0 0.907692 0.830649 0.041880 0.042548
0 0.122009 0.631851 0.098718 0.038221
0 0.043590 0.615264 0.057265 0.069952
0 0.930769 0.684135 0.062393 0.023077
0 0.652564 0.312861 0.043590 0.091106
0 0.692308 0.313101 0.037607 0.091587
0 0.858120 0.512740 0.083761 0.032212
0 0.776282 0.594231 0.068803 0.042308
0 0.202137 0.820913 0.046154 0.039423
0 0.249359 0.823798 0.046581 0.043269
0 0.297863 0.826923 0.050427 0.044231
0 0.347863 0.828726 0.039316 0.050721
0 0.577350 0.497596 0.082051 0.014423
0 0.664957 0.499279 0.076923 0.020192
0 0.558547 0.744351 0.034188 0.053125
0 0.517949 0.746514 0.047009 0.049279
0 0.459615 0.734736 0.049145 0.032933
0 0.897863 0.160938 0.133333 0.101202
0 0.283120 0.759976 0.062821 0.041106
0 0.219658 0.757332 0.055556 0.054087
0 0.146154 0.735577 0.070940 0.017788
0 0.827350 0.335457 0.039316 0.054567
0 0.861538 0.333774 0.026496 0.056490
0 0.903846 0.335216 0.034188 0.039663
0 0.934615 0.335938 0.027350 0.040144
0 0.126282 0.760697 0.077350 0.029567
0 0.066026 0.153726 0.106410 0.050721
0 0.176496 0.108894 0.120513 0.192308
0 0.292521 0.124760 0.109829 0.160577
0 0.395940 0.126202 0.098718 0.162500
0 0.102350 0.243389 0.059402 0.021394
0 0.146581 0.836178 0.046154 0.065625
0 0.493590 0.129928 0.095726 0.154567
0 0.761966 0.164784 0.036752 0.090144
0 0.804060 0.162620 0.045726 0.094952
0 0.711111 0.591346 0.062393 0.031731
0 0.058120 0.244351 0.026496 0.020913
0 0.969872 0.321995 0.033761 0.066106
0 0.966880 0.279327 0.040598 0.019231
0 0.701282 0.198077 0.081197 0.019712
0 0.093376 0.835938 0.058547 0.064183
0 0.363675 0.750601 0.058120 0.064663
0 0.493162 0.520433 0.082906 0.021635
0 0.757265 0.749399 0.064957 0.033413
0 0.819444 0.752764 0.052564 0.040144
0 0.872650 0.752764 0.048718 0.036298
0 0.032906 0.843149 0.061538 0.048317
0 0.576923 0.518029 0.083761 0.026442
0 0.784829 0.319832 0.043162 0.076202
0 0.737179 0.320072 0.050427 0.076683
0 0.683761 0.746034 0.058974 0.048317
0 0.447222 0.835938 0.050000 0.050721
0 0.601068 0.822837 0.042308 0.052404
0 0.674359 0.829207 0.057265 0.044471
0 0.725214 0.824159 0.035043 0.051683
0 0.782692 0.831130 0.064530 0.053125
0 0.865812 0.608894 0.069231 0.016346
0 0.844444 0.590385 0.067521 0.022596
0 0.842308 0.566827 0.060684 0.021154
0 0.532051 0.825721 0.092308 0.047115
0 0.642735 0.741707 0.023932 0.039183
0 0.100641 0.269471 0.045726 0.023558
0 0.395726 0.832812 0.053846 0.043990
0 0.604060 0.739062 0.044017 0.048798
0 0.410897 0.501923 0.088462 0.015865
0 0.404487 0.523077 0.085897 0.019712
0 0.656624 0.518750 0.093590 0.020673
0 0.764744 0.512260 0.105556 0.031731
0 0.947650 0.516106 0.087607 0.037019
0 0.309615 0.517548 0.102991 0.025000
0 0.939530 0.568029 0.077350 0.031731
0 0.063248 0.442668 0.049573 0.053125
0 0.217521 0.514904 0.081197 0.027404
0 0.109829 0.523918 0.082906 0.052644
0 0.945513 0.600481 0.074786 0.030769
0 0.019444 0.444832 0.038034 0.055048
