0 0.545513 0.571635 0.039744 0.080288
0 0.101709 0.592187 0.097436 0.044952
0 0.712821 0.581130 0.041880 0.066106
0 0.600214 0.559615 0.060256 0.036058
0 0.178632 0.575361 0.050427 0.084375
0 0.232692 0.576683 0.045726 0.082692
0 0.281197 0.573317 0.036752 0.080288
0 0.330128 0.573438 0.045726 0.087260
0 0.659402 0.598317 0.054701 0.033654
0 0.442949 0.574519 0.047436 0.082692
0 0.493590 0.575962 0.047863 0.078846
0 0.599786 0.598918 0.058547 0.031490
0 0.394231 0.574880 0.044017 0.083413
0 0.561966 0.462981 0.048718 0.085577
0 0.933761 0.467187 0.054701 0.080529
0 0.792521 0.478606 0.080769 0.040385
0 0.727991 0.468269 0.044017 0.075962
0 0.679915 0.469952 0.048718 0.072596
0 0.754274 0.579688 0.031624 0.066587
0 0.507479 0.464663 0.046581 0.085577
0 0.448504 0.490986 0.058547 0.028606
0 0.388675 0.433774 0.056838 0.027163
0 0.385256 0.466587 0.055983 0.029327
0 0.384188 0.496514 0.059829 0.026202
0 0.322222 0.463462 0.053846 0.029808
0 0.712393 0.204928 0.042735 0.077644
0 0.981410 0.465144 0.037179 0.086538
0 0.823077 0.603245 0.099145 0.020433
0 0.622863 0.466106 0.052564 0.078365
0 0.824573 0.563341 0.090171 0.020433
0 0.661966 0.203245 0.047863 0.077644
0 0.568590 0.080889 0.073932 0.098798
0 0.569658 0.186899 0.082051 0.107933
0 0.428632 0.174760 0.053846 0.034135
0 0.490171 0.195553 0.052991 0.018990
0 0.490598 0.223077 0.059829 0.030769
0 0.423291 0.215986 0.061111 0.046394
0 0.242308 0.167067 0.064957 0.051923
0 0.160043 0.157332 0.078205 0.058894
0 0.237821 0.215986 0.061966 0.043029
0 0.163889 0.213101 0.061966 0.040625
0 0.105342 0.209976 0.050855 0.044471
0 0.822650 0.583293 0.092308 0.016106
0 0.048291 0.211899 0.049573 0.034856
0 0.528632 0.713702 0.041026 0.051923
0 0.480342 0.713462 0.039316 0.058173
0 0.430556 0.706010 0.051709 0.069712
0 0.365598 0.706370 0.057692 0.070433
0 0.311111 0.707452 0.049573 0.072596
0 0.254487 0.709976 0.056838 0.070913
0 0.199359 0.709976 0.050000 0.070913
0 0.147222 0.695793 0.052564 0.082452
0 0.084829 0.702644 0.063675 0.086538
0 0.942735 0.567909 0.048718 0.029567
0 0.954701 0.600240 0.048718 0.027885
0 0.889957 0.571394 0.026068 0.079808
0 0.762607 0.204567 0.043162 0.073558
0 0.851709 0.143750 0.055556 0.048077
0 0.866239 0.686298 0.037607 0.076923
0 0.500427 0.351322 0.044444 0.074760
0 0.907265 0.370433 0.060684 0.040865
0 0.831410 0.376442 0.067949 0.028846
0 0.761325 0.377404 0.057692 0.030769
0 0.694017 0.376803 0.058974 0.029567
0 0.628419 0.376563 0.057692 0.029087
0 0.558120 0.376803 0.058974 0.029567
0 0.445085 0.347356 0.057692 0.083654
0 0.375855 0.352404 0.060256 0.076923
0 0.969231 0.377284 0.058974 0.027644
0 0.307906 0.337019 0.060256 0.036058
0 0.312179 0.372115 0.057692 0.029808
0 0.246581 0.372115 0.062393 0.029808
0 0.187607 0.350962 0.050427 0.070673
0 0.126282 0.361298 0.063675 0.048077
0 0.053846 0.361298 0.072650 0.048077
0 0.840385 0.183413 0.056838 0.024519
0 0.910684 0.326562 0.061538 0.042067
0 0.213034 0.782813 0.089316 0.033894
0 0.245726 0.336178 0.060684 0.037740
0 0.854274 0.230168 0.054701 0.038221
0 0.355128 0.199519 0.060684 0.076923
0 0.896795 0.284135 0.062821 0.033173
0 0.202137 0.826202 0.103419 0.041346
0 0.347009 0.810216 0.038462 0.072356
0 0.409402 0.816827 0.086325 0.049038
0 0.476923 0.813942 0.038462 0.062981
0 0.522436 0.811058 0.040598 0.063942
0 0.577350 0.812981 0.056410 0.061058
0 0.656624 0.803365 0.079060 0.075000
0 0.744231 0.801923 0.079915 0.075481
0 0.819658 0.806851 0.042735 0.058894
0 0.862607 0.810937 0.030342 0.050240
0 0.901068 0.811058 0.036325 0.063942
0 0.939744 0.809375 0.030769 0.060577
0 0.979274 0.816346 0.038889 0.054808
0 0.806838 0.538582 0.064957 0.017548
0 0.933761 0.540264 0.048718 0.020913
0 0.451068 0.429928 0.051709 0.029087
0 0.035470 0.430288 0.058974 0.036538
0 0.688889 0.295673 0.030769 0.046635
0 0.728205 0.296514 0.039316 0.044952
0 0.529060 0.678606 0.041880 0.014904
0 0.533333 0.657813 0.045299 0.016587
0 0.972436 0.343389 0.055128 0.032452
0 0.589103 0.707091 0.020940 0.071875
0 0.564103 0.707091 0.023932 0.068510
0 0.633120 0.295433 0.061111 0.052885
0 0.263675 0.294712 0.054701 0.024519
0 0.325641 0.297236 0.054701 0.022837
0 0.062821 0.493750 0.060684 0.027404
0 0.064957 0.465385 0.070940 0.026923
0 0.132479 0.493990 0.058120 0.024519
0 0.195726 0.495433 0.060684 0.024038
0 0.133974 0.467067 0.061111 0.026923
0 0.138675 0.437620 0.063675 0.029087
0 0.195940 0.467788 0.056838 0.026923
0 0.259402 0.494351 0.058120 0.021875
0 0.257906 0.469231 0.061111 0.025000
0 0.259829 0.440385 0.064957 0.030288
0 0.320299 0.494591 0.055983 0.022356
0 0.915385 0.193510 0.058974 0.035096
0 0.916667 0.229207 0.055556 0.030048
0 0.777350 0.704087 0.030769 0.056250
0 0.564103 0.300721 0.058974 0.039904
0 0.823291 0.695913 0.045726 0.079327
0 0.973932 0.227524 0.052137 0.026683
0 0.104487 0.822957 0.091026 0.044471
0 0.979060 0.698438 0.038462 0.074760
0 0.920726 0.693510 0.057692 0.087981
0 0.627991 0.723678 0.044872 0.028606
0 0.834829 0.340745 0.056838 0.040144
0 0.673718 0.708053 0.036325 0.060817
0 0.731624 0.700361 0.052991 0.081971
0 0.958333 0.163702 0.050000 0.018269
0 0.628632 0.688341 0.046154 0.031010
0 0.904701 0.134375 0.043590 0.039423
0 0.762393 0.340986 0.065812 0.037260
0 0.695940 0.342067 0.056838 0.039423
0 0.810684 0.106370 0.056410 0.023317
0 0.630556 0.342428 0.061966 0.036779
0 0.294658 0.822236 0.057692 0.053125
0 0.558974 0.340986 0.060684 0.037260
0 0.966239 0.133534 0.048718 0.037740
