0 0.652574 0.417279 0.043709 0.036152
0 0.292688 0.629902 0.018382 0.056985
0 0.276961 0.628523 0.013072 0.060355
0 0.260417 0.625919 0.019199 0.055147
0 0.243260 0.623775 0.015114 0.060662
0 0.227124 0.622243 0.015523 0.057598
0 0.213031 0.621324 0.013480 0.058211
0 0.195466 0.620864 0.020833 0.055453
0 0.178717 0.618873 0.013480 0.058211
0 0.166258 0.617800 0.011438 0.054228
0 0.154208 0.614430 0.013480 0.059130
0 0.139093 0.613511 0.015931 0.055453
0 0.120711 0.612286 0.021650 0.057292
0 0.104167 0.610754 0.011438 0.053615
0 0.091708 0.610447 0.012663 0.053615
0 0.779820 0.547794 0.052288 0.105392
0 0.732026 0.545190 0.042484 0.105086
0 0.691381 0.543352 0.036356 0.102635
0 0.650123 0.544424 0.035539 0.101103
0 0.605801 0.539062 0.052288 0.094056
0 0.534518 0.537684 0.040441 0.094975
0 0.492034 0.535386 0.037173 0.091605
0 0.458538 0.534007 0.025735 0.092525
0 0.309436 0.631893 0.015931 0.062194
0 0.327819 0.634498 0.020016 0.057598
0 0.344975 0.637408 0.015114 0.063419
0 0.365809 0.639246 0.024101 0.060355
0 0.172181 0.187960 0.023284 0.027267
0 0.568015 0.087163 0.042075 0.031556
0 0.523897 0.096048 0.042075 0.027267
0 0.481822 0.101869 0.042892 0.029105
0 0.441585 0.112745 0.037582 0.031250
0 0.401961 0.123009 0.037582 0.019914
0 0.363766 0.129902 0.033088 0.023897
0 0.331087 0.132353 0.029820 0.023897
0 0.297794 0.136795 0.031863 0.027880
0 0.263276 0.141391 0.032271 0.030944
0 0.397263 0.531556 0.037990 0.084559
0 0.229779 0.147212 0.033905 0.026654
0 0.441585 0.074602 0.034314 0.034007
0 0.443219 0.037224 0.040850 0.030331
0 0.486928 0.032629 0.046569 0.026042
0 0.483252 0.010263 0.032680 0.018689
0 0.443423 0.010417 0.044526 0.018382
0 0.359886 0.060509 0.035131 0.027880
0 0.303309 0.013174 0.039624 0.021446
0 0.468546 0.636489 0.039216 0.095895
0 0.431168 0.631740 0.033905 0.085172
0 0.399306 0.630055 0.029003 0.090380
0 0.487132 0.066942 0.043709 0.028493
0 0.367647 0.543045 0.021242 0.061581
0 0.348039 0.542892 0.017974 0.059436
0 0.330474 0.541054 0.015523 0.062500
0 0.512663 0.279105 0.040850 0.027574
0 0.615605 0.268382 0.041667 0.035539
0 0.665645 0.260723 0.056781 0.037377
0 0.112745 0.337469 0.025327 0.028493
0 0.139706 0.337010 0.026961 0.028799
0 0.167892 0.337010 0.025327 0.028186
0 0.197917 0.335018 0.032271 0.028493
0 0.230801 0.333946 0.026144 0.028799
0 0.261846 0.333946 0.035948 0.030025
0 0.111520 0.367953 0.026144 0.028186
0 0.469158 0.282935 0.043709 0.032782
0 0.138072 0.366422 0.026961 0.028799
0 0.198734 0.366575 0.024101 0.030331
0 0.228554 0.365962 0.031454 0.029718
0 0.261642 0.363358 0.035539 0.026348
0 0.384804 0.335938 0.098039 0.027880
0 0.465278 0.331189 0.055556 0.030637
0 0.519199 0.313879 0.039216 0.033395
0 0.562704 0.308977 0.044526 0.035846
0 0.610703 0.304994 0.041667 0.037684
0 0.659926 0.303002 0.045343 0.033701
0 0.710376 0.298560 0.048203 0.037071
0 0.168913 0.366115 0.031454 0.027574
0 0.424428 0.287071 0.040033 0.032475
0 0.384804 0.289216 0.032680 0.028186
0 0.324142 0.297641 0.032271 0.031556
0 0.313930 0.540441 0.018382 0.056985
0 0.295547 0.539982 0.017565 0.057904
0 0.210580 0.535539 0.018382 0.049020
0 0.276348 0.539982 0.018382 0.055453
0 0.262663 0.538756 0.010621 0.057904
0 0.248979 0.536152 0.016748 0.053309
0 0.232230 0.535999 0.015931 0.052390
0 0.170343 0.530790 0.016340 0.051777
0 0.150735 0.532935 0.016340 0.051777
0 0.136029 0.531250 0.016340 0.055147
0 0.762255 0.454810 0.060458 0.041360
0 0.707108 0.454963 0.048203 0.040441
0 0.654412 0.457567 0.049837 0.033395
0 0.606618 0.456648 0.043301 0.035846
0 0.323529 0.263021 0.031046 0.031556
0 0.425041 0.252757 0.044526 0.028799
0 0.475286 0.246630 0.036356 0.031250
0 0.613154 0.230086 0.036765 0.034926
0 0.661765 0.223499 0.052288 0.034620
0 0.168505 0.306679 0.032271 0.028799
0 0.226511 0.303615 0.024101 0.027574
0 0.257149 0.301930 0.029820 0.030331
0 0.291258 0.297947 0.031863 0.028493
0 0.199551 0.183058 0.029003 0.027267
0 0.231618 0.178768 0.031046 0.028493
0 0.262459 0.174632 0.030637 0.027574
0 0.296160 0.169577 0.031863 0.027267
0 0.088235 0.780178 0.013072 0.059130
0 0.058007 0.797335 0.031046 0.071385
0 0.767974 0.793199 0.042484 0.119485
0 0.724060 0.783395 0.036356 0.117034
0 0.685458 0.779105 0.037582 0.110907
0 0.645016 0.771446 0.038399 0.112745
0 0.605801 0.763940 0.031863 0.107537
0 0.569036 0.760417 0.034314 0.105392
0 0.531658 0.753217 0.037990 0.105699
0 0.494485 0.744945 0.029003 0.101409
0 0.103145 0.781403 0.012663 0.059130
0 0.460376 0.740196 0.032680 0.099265
0 0.391544 0.734222 0.029820 0.100184
0 0.354575 0.742188 0.021242 0.063419
0 0.335580 0.739737 0.015931 0.066483
0 0.317198 0.736366 0.018382 0.057904
0 0.300245 0.731924 0.017157 0.065564
0 0.281863 0.728554 0.019608 0.058824
0 0.265319 0.725490 0.012663 0.064951
0 0.251430 0.722580 0.015114 0.058517
0 0.524306 0.205423 0.042892 0.032169
0 0.561479 0.198223 0.029003 0.030637
0 0.425654 0.736520 0.032680 0.096814
0 0.116422 0.783395 0.013072 0.054534
0 0.129698 0.787990 0.013480 0.062500
0 0.143791 0.795037 0.015523 0.046569
0 0.758170 0.911612 0.049020 0.113051
0 0.710989 0.903799 0.042892 0.114583
0 0.664828 0.893842 0.038807 0.109375
0 0.623162 0.886029 0.033905 0.101103
0 0.588440 0.880974 0.030637 0.098346
0 0.552288 0.869026 0.033497 0.091605
0 0.515523 0.863051 0.031863 0.096814
0 0.478554 0.855239 0.033088 0.098958
0 0.445261 0.849112 0.028595 0.089154
0 0.397263 0.835478 0.034722 0.088848
0 0.355801 0.838695 0.020425 0.065870
0 0.335784 0.836550 0.019608 0.059130
0 0.319240 0.833027 0.012663 0.066789
0 0.302083 0.825368 0.017565 0.064338
0 0.287173 0.822917 0.013889 0.068627
0 0.269812 0.819547 0.018382 0.061275
0 0.252042 0.815104 0.016340 0.070159
0 0.236315 0.809436 0.017565 0.059436
0 0.221609 0.807751 0.011029 0.062806
0 0.206904 0.804841 0.017565 0.056373
0 0.192606 0.803768 0.011846 0.059743
0 0.174837 0.799173 0.018791 0.050551
0 0.159926 0.796262 0.011846 0.056985
0 0.661152 0.185968 0.054330 0.035539
0 0.765319 0.293964 0.056781 0.040135
0 0.169730 0.275888 0.028186 0.028493
0 0.260008 0.269301 0.029003 0.031250
0 0.482026 0.209406 0.036765 0.032782
0 0.135621 0.699908 0.015523 0.052390
0 0.121732 0.697457 0.013889 0.056066
0 0.105188 0.696232 0.016748 0.052390
0 0.088440 0.694853 0.016748 0.055760
0 0.746936 0.665135 0.062500 0.106618
0 0.699142 0.648591 0.029003 0.080882
0 0.610907 0.649203 0.042075 0.099265
0 0.569853 0.647825 0.032680 0.096507
0 0.535335 0.645374 0.029003 0.096507
0 0.442198 0.215380 0.038807 0.030025
0 0.508987 0.642770 0.015523 0.079044
0 0.663399 0.107384 0.049020 0.037684
0 0.612541 0.114583 0.045343 0.034926
0 0.566585 0.124081 0.045752 0.034314
0 0.521038 0.129902 0.039624 0.031250
0 0.481618 0.138634 0.039216 0.031556
0 0.439134 0.145680 0.035948 0.030944
0 0.400940 0.151808 0.035539 0.028493
0 0.605392 0.418199 0.040850 0.035539
0 0.364379 0.158701 0.034314 0.027574
0 0.328227 0.164062 0.032271 0.030944
0 0.172181 0.217218 0.026552 0.026348
0 0.328023 0.229167 0.033497 0.030637
0 0.294935 0.233150 0.029412 0.028799
0 0.263480 0.237439 0.025327 0.027574
0 0.290850 0.266238 0.031046 0.026348
0 0.234886 0.719975 0.014706 0.063725
0 0.219158 0.717065 0.015931 0.057292
0 0.205270 0.713695 0.014297 0.064032
0 0.191381 0.710478 0.012663 0.058211
0 0.177696 0.710018 0.014706 0.059130
0 0.163194 0.704657 0.015114 0.055147
0 0.150327 0.702512 0.012255 0.058824
0 0.200572 0.214614 0.027778 0.028493
0 0.232230 0.209099 0.029003 0.029718
0 0.262868 0.205729 0.028186 0.027880
0 0.294526 0.202053 0.031863 0.027880
0 0.328227 0.197917 0.033905 0.027574
0 0.362949 0.190717 0.034722 0.027880
0 0.402982 0.186581 0.033088 0.031863
0 0.440359 0.180147 0.041667 0.031250
0 0.481413 0.174020 0.035539 0.033701
0 0.524918 0.168045 0.044118 0.036458
0 0.568423 0.158854 0.039624 0.027880
0 0.616626 0.149816 0.040441 0.029412
0 0.664624 0.144914 0.051471 0.031863
0 0.170752 0.246630 0.026961 0.026348
0 0.200776 0.245558 0.024918 0.026654
0 0.232230 0.271446 0.025735 0.026961
0 0.110907 0.396140 0.024918 0.025735
0 0.517361 0.244332 0.038807 0.034620
0 0.656863 0.342218 0.049020 0.035539
0 0.466503 0.394301 0.058007 0.026961
0 0.382761 0.426777 0.093954 0.028186
0 0.463440 0.426624 0.055147 0.027880
0 0.383578 0.457108 0.095588 0.029412
0 0.466912 0.457414 0.058824 0.030025
0 0.110090 0.423713 0.023284 0.026961
0 0.135417 0.424326 0.028186 0.025735
0 0.164420 0.424173 0.027369 0.025429
0 0.193627 0.424786 0.030229 0.024816
0 0.227328 0.424786 0.029003 0.029105
0 0.258987 0.424326 0.033497 0.028186
0 0.109681 0.452819 0.025735 0.028186
0 0.135825 0.452512 0.027369 0.025123
0 0.163194 0.453891 0.028186 0.025429
0 0.192606 0.453738 0.028186 0.027574
0 0.223039 0.455116 0.026961 0.027880
0 0.255923 0.456342 0.033905 0.027880
0 0.517974 0.350490 0.033497 0.032475
0 0.607843 0.381127 0.045752 0.034926
0 0.764502 0.332874 0.051879 0.034007
0 0.708538 0.337623 0.051062 0.033701
0 0.561479 0.345741 0.042075 0.032782
0 0.608456 0.344669 0.043709 0.033088
0 0.559845 0.455729 0.042075 0.034007
0 0.517974 0.455270 0.036765 0.033088
0 0.560662 0.418964 0.043709 0.034620
0 0.516544 0.419884 0.037173 0.034007
0 0.385008 0.397518 0.098448 0.026042
0 0.561070 0.382200 0.041258 0.032169
0 0.517565 0.384191 0.039216 0.033701
0 0.705474 0.377145 0.048203 0.036765
0 0.761846 0.415901 0.056373 0.038297
0 0.762459 0.373775 0.057598 0.037377
0 0.467729 0.363051 0.060458 0.025735
0 0.655637 0.379749 0.046569 0.034620
0 0.224877 0.394608 0.027369 0.025123
0 0.193832 0.397212 0.027369 0.026042
0 0.164624 0.395067 0.031046 0.028493
0 0.137868 0.395067 0.023284 0.027880
0 0.258783 0.393842 0.039624 0.025429
0 0.386234 0.365196 0.100899 0.027574
0 0.703227 0.415288 0.046977 0.034620
