0 0.471609 0.262561 0.073121 0.055147
0 0.170139 0.276808 0.033905 0.039522
0 0.215891 0.267923 0.055964 0.057292
0 0.272263 0.279565 0.030637 0.030331
0 0.303309 0.280331 0.029820 0.030025
0 0.329657 0.275888 0.026144 0.037684
0 0.357230 0.272672 0.029003 0.047794
0 0.389093 0.270680 0.033088 0.041973
0 0.419730 0.270221 0.028186 0.042892
0 0.716095 0.257047 0.047386 0.056985
0 0.565155 0.269455 0.029003 0.041973
0 0.594567 0.263480 0.032271 0.053922
0 0.654616 0.255362 0.076389 0.060968
0 0.755515 0.255821 0.030637 0.054534
0 0.796977 0.261336 0.051471 0.043505
0 0.839052 0.259038 0.031046 0.047488
0 0.878064 0.260263 0.048611 0.043199
0 0.929534 0.258885 0.052696 0.037990
0 0.977941 0.252145 0.044118 0.049632
0 0.869690 0.219056 0.048203 0.029412
0 0.139910 0.278799 0.025735 0.040441
0 0.527165 0.273131 0.038807 0.029718
0 0.112949 0.280484 0.028186 0.037071
0 0.582108 0.132047 0.046569 0.075980
0 0.026348 0.362592 0.049428 0.057904
0 0.021038 0.171109 0.035539 0.062806
0 0.056781 0.168658 0.034314 0.068321
0 0.090686 0.153339 0.035948 0.091605
0 0.117647 0.156250 0.017974 0.085784
0 0.178717 0.152420 0.096814 0.072610
0 0.248570 0.164216 0.042075 0.045956
0 0.290033 0.164675 0.035948 0.047488
0 0.353962 0.148284 0.048611 0.074142
0 0.390523 0.135263 0.022876 0.100184
0 0.458742 0.132353 0.113562 0.083946
0 0.537377 0.147365 0.042892 0.053922
0 0.628064 0.129289 0.046160 0.082721
0 0.679126 0.108762 0.049428 0.103554
0 0.761234 0.108150 0.114788 0.104779
0 0.842525 0.125613 0.046977 0.055760
0 0.899101 0.108456 0.067810 0.089461
0 0.957925 0.107843 0.049837 0.084559
0 0.012255 0.285999 0.017974 0.040748
0 0.029820 0.288297 0.020425 0.036765
0 0.055964 0.282935 0.029412 0.039522
0 0.084355 0.282475 0.027369 0.040441
0 0.108456 0.553309 0.055147 0.041054
0 0.091299 0.361673 0.070670 0.067708
0 0.045343 0.545650 0.048203 0.047794
0 0.596609 0.643689 0.023284 0.015319
0 0.013072 0.787990 0.016340 0.015931
0 0.036969 0.737592 0.014297 0.011949
0 0.052288 0.737898 0.015523 0.010110
0 0.066176 0.740349 0.013889 0.014400
0 0.081904 0.741115 0.015114 0.013480
0 0.094975 0.742034 0.011846 0.015319
0 0.036765 0.750613 0.013889 0.010417
0 0.077614 0.754442 0.013889 0.010723
0 0.092116 0.756281 0.015931 0.011949
0 0.037786 0.761642 0.012663 0.010417
0 0.034314 0.772672 0.012255 0.010417
0 0.036560 0.784007 0.010212 0.012868
0 0.048815 0.787224 0.015114 0.014400
0 0.059436 0.789982 0.010212 0.015012
0 0.072508 0.790288 0.016748 0.013174
0 0.087827 0.778339 0.017157 0.013787
0 0.090891 0.766697 0.013480 0.008272
0 0.089257 0.791207 0.013480 0.007659
0 0.150735 0.772672 0.084967 0.074142
0 0.229371 0.780331 0.063317 0.077206
0 0.313930 0.814491 0.100899 0.030944
0 0.384804 0.812500 0.031046 0.047794
0 0.414420 0.814338 0.028186 0.044730
0 0.442198 0.816023 0.027369 0.049939
0 0.469158 0.821385 0.028186 0.041054
0 0.495302 0.824449 0.021650 0.049632
0 0.523693 0.820772 0.028595 0.056985
0 0.556985 0.819393 0.033088 0.066483
0 0.591708 0.829197 0.026552 0.061581
0 0.014502 0.772825 0.016748 0.013174
0 0.050449 0.646446 0.018382 0.026961
0 0.014502 0.761029 0.015931 0.011642
0 0.016544 0.734988 0.016748 0.014093
0 0.974469 0.691023 0.014297 0.081801
0 0.991013 0.692862 0.017157 0.077512
0 0.013480 0.679075 0.026961 0.022978
0 0.018382 0.704350 0.020425 0.017157
0 0.078840 0.678309 0.075163 0.023897
0 0.070670 0.706801 0.075163 0.024510
0 0.160131 0.710938 0.096405 0.032782
0 0.233864 0.706801 0.032271 0.051471
0 0.268995 0.709559 0.030637 0.052083
0 0.308211 0.714767 0.036356 0.055147
0 0.349060 0.718750 0.035539 0.053309
0 0.395221 0.723039 0.042075 0.056985
0 0.434028 0.730699 0.033905 0.041667
0 0.471201 0.735294 0.029003 0.044118
0 0.503268 0.740502 0.027778 0.034314
0 0.535335 0.744485 0.029003 0.042892
0 0.562908 0.747549 0.027778 0.037377
0 0.597426 0.746324 0.028186 0.049020
0 0.627451 0.751991 0.025327 0.036458
0 0.661356 0.753217 0.030229 0.035233
0 0.695466 0.759804 0.033088 0.035539
0 0.727533 0.763327 0.029412 0.039522
0 0.758783 0.766238 0.028186 0.044118
0 0.789828 0.768382 0.033905 0.043505
0 0.824142 0.772365 0.033088 0.041667
0 0.863154 0.764859 0.038399 0.056066
0 0.903595 0.768536 0.035131 0.057292
0 0.946487 0.775582 0.037582 0.057904
0 0.986928 0.784773 0.026144 0.046875
0 0.015727 0.748162 0.018382 0.012868
0 0.071487 0.640778 0.014706 0.035846
0 0.087010 0.644914 0.015523 0.027574
0 0.105188 0.647059 0.019199 0.030637
0 0.591912 0.671262 0.020425 0.017157
0 0.573938 0.684589 0.020425 0.014400
0 0.594158 0.688419 0.018382 0.012255
0 0.613154 0.690411 0.019608 0.016238
0 0.632149 0.692402 0.018382 0.015319
0 0.653799 0.693934 0.022467 0.018382
0 0.676471 0.696691 0.014706 0.016544
0 0.676675 0.666207 0.018382 0.012561
0 0.677083 0.678156 0.019199 0.016238
0 0.615809 0.663603 0.018382 0.012255
0 0.698938 0.837010 0.030229 0.072304
0 0.740196 0.837623 0.049837 0.085784
0 0.792484 0.859988 0.032680 0.066176
0 0.829248 0.865656 0.033497 0.062806
0 0.867851 0.868719 0.044526 0.057292
0 0.009804 0.536152 0.019608 0.063725
0 0.909926 0.874387 0.033088 0.064951
0 0.947712 0.881281 0.043301 0.061581
0 0.986111 0.884498 0.027778 0.065564
0 0.331495 0.558977 0.056781 0.052390
0 0.389093 0.556832 0.049428 0.057904
0 0.451389 0.563113 0.068627 0.058211
0 0.524101 0.567555 0.056373 0.057292
0 0.586806 0.569853 0.059232 0.064338
0 0.656250 0.568168 0.073121 0.058517
0 0.723652 0.571844 0.046160 0.063419
0 0.812500 0.575980 0.125000 0.074142
0 0.920139 0.588235 0.083742 0.056373
0 0.981209 0.577972 0.037582 0.075674
0 0.573938 0.670037 0.013889 0.009804
0 0.593954 0.660080 0.014706 0.012561
0 0.575572 0.659007 0.023693 0.012868
0 0.677083 0.650888 0.022467 0.018076
0 0.120302 0.648744 0.010212 0.027880
0 0.133170 0.650735 0.012255 0.030637
0 0.148080 0.652420 0.015931 0.027880
0 0.627655 0.834712 0.032271 0.065257
0 0.163194 0.652114 0.016748 0.028493
0 0.180351 0.653952 0.017565 0.027267
0 0.197508 0.655637 0.012663 0.030637
0 0.212827 0.655944 0.020425 0.028186
0 0.232026 0.657322 0.015523 0.029105
0 0.247958 0.658088 0.017974 0.026348
0 0.273284 0.657782 0.015523 0.030025
0 0.288807 0.659314 0.013889 0.028799
0 0.301879 0.660999 0.013889 0.031556
0 0.318219 0.661765 0.016340 0.028799
0 0.938113 0.682904 0.013480 0.080270
0 0.351103 0.642616 0.023284 0.021752
0 0.344567 0.666513 0.029820 0.020527
0 0.370507 0.667126 0.022059 0.021752
0 0.401757 0.643995 0.025735 0.019608
0 0.430147 0.651195 0.026144 0.024203
0 0.397876 0.672335 0.024510 0.024816
0 0.428513 0.677237 0.019608 0.019301
0 0.463031 0.646752 0.034722 0.079657
0 0.501430 0.649510 0.037173 0.080270
0 0.539828 0.664828 0.031454 0.058824
0 0.575572 0.643536 0.017157 0.016238
0 0.663194 0.834865 0.030637 0.070466
0 0.618056 0.646293 0.016340 0.021752
0 0.639706 0.647825 0.023693 0.019301
0 0.659926 0.648744 0.014297 0.021752
0 0.377451 0.642770 0.029412 0.019608
0 0.925449 0.681373 0.011846 0.078431
0 0.952002 0.683364 0.015114 0.079350
0 0.939951 0.353554 0.120098 0.086397
0 0.763072 0.486213 0.035948 0.037990
0 0.767361 0.434436 0.044526 0.042892
0 0.712623 0.465993 0.047794 0.066789
0 0.679943 0.482077 0.015114 0.032169
0 0.661356 0.484222 0.017157 0.035233
0 0.645629 0.481618 0.012663 0.038603
0 0.611315 0.457108 0.059232 0.088235
0 0.540850 0.447763 0.045752 0.034007
0 0.540237 0.481158 0.045343 0.031556
0 0.500000 0.462469 0.037582 0.067096
0 0.428309 0.484988 0.022467 0.028186
0 0.391340 0.477328 0.034314 0.032475
0 0.354575 0.459406 0.030229 0.063419
0 0.327614 0.476409 0.015523 0.026348
0 0.311479 0.476716 0.016748 0.026348
0 0.294322 0.483303 0.018382 0.019914
0 0.270629 0.481771 0.013480 0.019301
0 0.170139 0.360907 0.079657 0.066789
0 0.245711 0.363358 0.069853 0.061887
0 0.330270 0.360141 0.090278 0.072610
0 0.420956 0.358915 0.087010 0.073223
0 0.516953 0.356924 0.087827 0.073529
0 0.713031 0.357996 0.100899 0.075674
0 0.806373 0.466605 0.026961 0.023284
0 0.054330 0.440411 0.069444 0.054841
0 0.193832 0.440564 0.031454 0.030637
0 0.227737 0.443781 0.033905 0.029718
0 0.188521 0.473652 0.047794 0.027574
0 0.231209 0.475490 0.040850 0.031250
0 0.269199 0.458793 0.017974 0.025429
0 0.291054 0.460784 0.021650 0.022672
0 0.120915 0.467984 0.027778 0.035846
0 0.836601 0.468137 0.025327 0.025123
0 0.451797 0.485294 0.023693 0.025735
0 0.832312 0.492953 0.029820 0.025123
0 0.886029 0.685815 0.012255 0.068934
0 0.805760 0.493107 0.025735 0.024816
0 0.874183 0.684896 0.011438 0.066483
0 0.862949 0.681985 0.008578 0.071078
0 0.848039 0.680147 0.014706 0.068627
0 0.833129 0.680147 0.011846 0.069853
0 0.819240 0.679688 0.016748 0.071998
0 0.803513 0.679688 0.014706 0.071385
0 0.789216 0.680760 0.013072 0.072304
0 0.777165 0.679841 0.011846 0.074142
0 0.764706 0.676777 0.013072 0.068015
0 0.751430 0.676011 0.012663 0.071385
0 0.733252 0.674939 0.013072 0.071691
0 0.899510 0.687653 0.015523 0.065870
0 0.719567 0.674786 0.011846 0.071385
0 0.694240 0.674632 0.011029 0.068627
0 0.875204 0.479167 0.046160 0.053309
0 0.925654 0.486673 0.044935 0.040135
0 0.977124 0.490502 0.045752 0.046569
0 0.267565 0.545803 0.063725 0.060968
0 0.010212 0.640778 0.013889 0.033395
0 0.023080 0.643229 0.013480 0.028493
0 0.707516 0.674632 0.013889 0.069853
0 0.034926 0.643842 0.010212 0.031556
0 0.635008 0.663756 0.014297 0.012561
0 0.613766 0.675858 0.017565 0.009191
0 0.633578 0.676624 0.011438 0.010723
0 0.914828 0.682751 0.010212 0.077512
