0 0.397955 0.336046 0.029707 0.059679
0 0.763889 0.605143 0.027006 0.057943
0 0.967978 0.625868 0.064043 0.053385
0 0.837963 0.604926 0.028549 0.054036
0 0.797454 0.604601 0.029321 0.059028
0 0.017747 0.156901 0.035494 0.078559
0 0.691551 0.609266 0.029707 0.047526
0 0.650656 0.603190 0.041281 0.068793
0 0.603009 0.599935 0.040895 0.065755
0 0.554398 0.604601 0.036265 0.059028
0 0.518904 0.602431 0.030864 0.059028
0 0.480903 0.602214 0.032022 0.063802
0 0.442323 0.591037 0.032793 0.026693
0 0.439429 0.621419 0.038580 0.027995
0 0.398727 0.604818 0.031250 0.061198
0 0.284529 0.602322 0.042824 0.068359
0 0.205440 0.602648 0.043596 0.067708
0 0.977045 0.543945 0.045910 0.058811
0 0.906250 0.516927 0.034722 0.055556
0 0.869599 0.515516 0.027006 0.058377
0 0.832562 0.517036 0.033951 0.057509
0 0.149113 0.515082 0.028935 0.070964
0 0.185764 0.517904 0.032793 0.062717
0 0.219907 0.517361 0.032407 0.066406
0 0.256752 0.518663 0.032022 0.063802
0 0.292245 0.516059 0.034336 0.069010
0 0.329090 0.516710 0.030093 0.067708
0 0.364198 0.517904 0.030864 0.067491
0 0.128086 0.600260 0.047840 0.063368
0 0.435185 0.520074 0.034722 0.063151
0 0.505208 0.519531 0.032022 0.062066
0 0.543210 0.516710 0.034722 0.065104
0 0.578318 0.518446 0.031636 0.061632
0 0.611497 0.515516 0.028549 0.065321
0 0.650270 0.514431 0.036651 0.067491
0 0.686343 0.515191 0.027006 0.068142
0 0.794753 0.518989 0.031636 0.063151
0 0.470100 0.520833 0.031250 0.061632
0 0.109375 0.707357 0.031250 0.064453
0 0.153164 0.705295 0.033179 0.066406
0 0.187307 0.706706 0.032022 0.068359
0 0.654321 0.791016 0.036265 0.055556
0 0.619213 0.789605 0.027778 0.056207
0 0.584877 0.790473 0.027778 0.054470
0 0.549961 0.790256 0.031250 0.057075
0 0.511381 0.789280 0.032022 0.059028
0 0.434221 0.788411 0.036651 0.053819
0 0.292052 0.790799 0.037809 0.058160
0 0.694444 0.791558 0.030864 0.054470
0 0.258295 0.791016 0.027392 0.062500
0 0.173804 0.789280 0.037423 0.052083
0 0.137731 0.787652 0.027006 0.055339
0 0.043596 0.802409 0.054784 0.037543
0 0.099730 0.799154 0.044367 0.041450
0 0.202739 0.878472 0.042824 0.066406
0 0.249807 0.878798 0.038966 0.063585
0 0.297647 0.876519 0.048997 0.065972
0 0.220293 0.786567 0.033179 0.055339
0 0.109568 0.517253 0.035494 0.068793
0 0.730903 0.790799 0.026620 0.058160
0 0.892168 0.722331 0.022762 0.044054
0 0.227816 0.704427 0.039738 0.072917
0 0.270448 0.703125 0.030864 0.070747
0 0.306520 0.703993 0.042052 0.064670
0 0.345100 0.705078 0.033565 0.069010
0 0.387153 0.701823 0.040509 0.078125
0 0.448302 0.703559 0.027778 0.072049
0 0.486883 0.704753 0.031636 0.072266
0 0.767361 0.790256 0.033951 0.054905
0 0.525077 0.702040 0.027006 0.075087
0 0.671875 0.692057 0.026620 0.026476
0 0.670910 0.721680 0.028549 0.026693
0 0.707369 0.701497 0.032793 0.067057
0 0.743441 0.701280 0.027006 0.074436
0 0.780864 0.703016 0.028549 0.066623
0 0.811921 0.703234 0.025849 0.070530
0 0.848187 0.726997 0.032793 0.018663
0 0.564622 0.704210 0.036651 0.070747
0 0.014275 0.625977 0.028549 0.069227
0 0.398341 0.519965 0.028164 0.061632
0 0.053434 0.682509 0.049769 0.075521
0 0.440779 0.159831 0.058256 0.074870
0 0.033758 0.325738 0.047454 0.082465
0 0.130594 0.331923 0.036651 0.072266
0 0.170139 0.329970 0.034722 0.071832
0 0.061921 0.755208 0.054398 0.049045
0 0.250386 0.334418 0.031636 0.065104
0 0.379437 0.157118 0.061343 0.075521
0 0.288773 0.332140 0.035108 0.069661
0 0.506944 0.334635 0.023148 0.062500
0 0.548611 0.334635 0.033179 0.059896
0 0.586227 0.333876 0.026620 0.057075
0 0.621721 0.328451 0.032793 0.074870
0 0.660301 0.324978 0.032022 0.077040
0 0.698302 0.327257 0.034722 0.077257
0 0.361497 0.337348 0.030093 0.064019
0 0.736883 0.323676 0.030093 0.079644
0 0.324074 0.163086 0.040895 0.070530
0 0.234182 0.160916 0.042438 0.069661
0 0.056906 0.175998 0.032022 0.046875
0 0.988040 0.885959 0.023148 0.047092
0 0.947531 0.884223 0.047840 0.053602
0 0.904514 0.871202 0.031250 0.050998
0 0.799576 0.875434 0.053627 0.058594
0 0.750579 0.877170 0.037423 0.062066
0 0.280864 0.160265 0.042438 0.069661
0 0.644290 0.878472 0.032407 0.062066
0 0.456597 0.878038 0.044367 0.065104
0 0.416281 0.875543 0.033179 0.065321
0 0.377701 0.878472 0.033951 0.062066
0 0.342593 0.876411 0.032407 0.061415
0 0.096065 0.174479 0.033179 0.047743
0 0.182099 0.163520 0.042438 0.069661
0 0.603009 0.879449 0.035494 0.060113
0 0.777971 0.325955 0.035108 0.075087
0 0.212963 0.330512 0.030093 0.072917
0 0.851466 0.326823 0.039352 0.078125
0 0.431327 0.425347 0.027006 0.073785
0 0.396991 0.424913 0.027778 0.069878
0 0.361883 0.425998 0.030864 0.067708
0 0.328704 0.424913 0.029321 0.069878
0 0.292824 0.424045 0.030864 0.071615
0 0.188465 0.427517 0.038194 0.062500
0 0.017747 0.444770 0.035494 0.055773
0 0.465856 0.424154 0.030478 0.066623
0 0.504630 0.429470 0.034722 0.058594
0 0.543210 0.428385 0.034722 0.058160
0 0.581211 0.429796 0.028935 0.060113
0 0.058063 0.603082 0.042824 0.064670
0 0.050154 0.521918 0.055556 0.079861
0 0.656829 0.425456 0.033565 0.068793
0 0.696373 0.424154 0.034722 0.071398
0 0.729938 0.426324 0.028549 0.064887
0 0.767361 0.427734 0.026235 0.064236
0 0.800347 0.428060 0.031250 0.063585
0 0.839313 0.426649 0.035108 0.061632
0 0.877122 0.426975 0.029707 0.060981
0 0.921682 0.426107 0.037037 0.060547
0 0.980131 0.437500 0.039738 0.076823
0 0.976080 0.328342 0.047840 0.075087
0 0.926312 0.328451 0.033951 0.074870
0 0.892361 0.328016 0.027006 0.070964
0 0.619213 0.426758 0.031636 0.068359
0 0.812114 0.334093 0.026235 0.065755
