0 0.353646 0.656445 0.050000 0.042578
0 0.354167 0.701172 0.047917 0.039844
0 0.304427 0.710352 0.043229 0.058203
0 0.258333 0.729297 0.045833 0.046094
0 0.214583 0.744922 0.040625 0.051562
0 0.482292 0.539844 0.022917 0.072656
0 0.507031 0.522656 0.025521 0.102344
0 0.322396 0.566797 0.030208 0.110156
0 0.544792 0.544922 0.040625 0.035156
0 0.387760 0.546680 0.034896 0.030859
0 0.389062 0.586523 0.032292 0.028516
0 0.420833 0.553320 0.026042 0.076172
0 0.453646 0.544336 0.032292 0.076953
0 0.353906 0.561523 0.029687 0.111328
0 0.278125 0.576953 0.044792 0.035156
0 0.392188 0.676367 0.026042 0.068359
0 0.549479 0.483398 0.037500 0.035547
0 0.432292 0.668750 0.045833 0.057813
0 0.206250 0.862891 0.027083 0.062500
0 0.547396 0.634375 0.042708 0.050781
0 0.076302 0.502148 0.105729 0.155859
0 0.083854 0.672266 0.097917 0.140625
0 0.031771 0.897656 0.060417 0.125000
0 0.114583 0.863086 0.085417 0.131641
0 0.280208 0.615625 0.048958 0.034375
0 0.604688 0.706641 0.012500 0.062500
0 0.623177 0.696875 0.023438 0.061719
0 0.578906 0.720898 0.035937 0.051172
0 0.541927 0.735156 0.031771 0.050781
0 0.503906 0.751367 0.044271 0.048047
0 0.457813 0.766992 0.040625 0.043359
0 0.414062 0.786719 0.041667 0.045312
0 0.371615 0.805469 0.042188 0.051562
0 0.327604 0.816992 0.035417 0.062891
0 0.271094 0.853320 0.077604 0.083203
0 0.489583 0.646680 0.015625 0.070703
0 0.511198 0.651953 0.024479 0.042969
0 0.468229 0.650000 0.026042 0.086719
0 0.224740 0.589648 0.054688 0.110547
0 0.483333 0.301758 0.028125 0.016016
0 0.393750 0.419336 0.028125 0.092578
0 0.305208 0.281836 0.035417 0.068359
0 0.215885 0.244922 0.058854 0.046875
0 0.221094 0.303711 0.059896 0.041016
0 0.164583 0.268945 0.041667 0.108984
0 0.528125 0.119141 0.041667 0.046094
0 0.514062 0.069727 0.061458 0.040234
0 0.446875 0.146094 0.036458 0.067187
0 0.486719 0.145703 0.041146 0.071094
0 0.531771 0.168555 0.042708 0.033984
0 0.409375 0.131250 0.029167 0.037500
0 0.370833 0.142383 0.040625 0.069141
0 0.330208 0.135547 0.034375 0.078125
0 0.293750 0.120898 0.033333 0.111328
0 0.240885 0.096680 0.048438 0.046484
0 0.246615 0.152148 0.059896 0.041016
0 0.194531 0.119922 0.036979 0.107031
0 0.149740 0.128906 0.049479 0.085156
0 0.260156 0.282031 0.015104 0.078125
0 0.182031 0.595898 0.025521 0.116016
0 0.342969 0.268945 0.031771 0.090234
0 0.423438 0.293164 0.041667 0.036328
0 0.422396 0.414844 0.026042 0.092969
0 0.450781 0.407422 0.029687 0.094531
0 0.488542 0.415234 0.022917 0.069531
0 0.515625 0.419727 0.026042 0.050391
0 0.547656 0.417578 0.033854 0.043750
0 0.362500 0.446484 0.033333 0.039844
0 0.326302 0.431641 0.036979 0.092969
0 0.291927 0.436133 0.027604 0.085547
0 0.258073 0.434570 0.035937 0.103516
0 0.215885 0.469141 0.049479 0.047656
0 0.170052 0.444727 0.036979 0.100391
0 0.513021 0.282617 0.020833 0.051172
0 0.532813 0.282031 0.016667 0.050000
0 0.550781 0.281250 0.018229 0.053125
0 0.485938 0.278711 0.027083 0.022266
0 0.456510 0.270508 0.022396 0.086328
0 0.424219 0.240430 0.035937 0.047266
0 0.381510 0.271680 0.039062 0.078516
0 0.410417 0.165039 0.034375 0.026953
