0 0.244894 0.792433 0.061683 0.040748
0 0.321487 0.133578 0.041667 0.030025
0 0.290237 0.159161 0.062500 0.021140
0 0.262663 0.416054 0.064542 0.042892
0 0.977124 0.884957 0.045752 0.045650
0 0.980392 0.834406 0.039216 0.047488
0 0.894608 0.877145 0.101307 0.044730
0 0.901348 0.825214 0.111520 0.055453
0 0.789420 0.860294 0.088644 0.044118
0 0.250408 0.750000 0.046569 0.041667
0 0.791462 0.811887 0.092729 0.050858
0 0.693832 0.802696 0.095997 0.051471
0 0.582516 0.836703 0.084150 0.042892
0 0.593137 0.789522 0.083333 0.049020
0 0.498570 0.828125 0.063317 0.042279
0 0.513889 0.780178 0.068627 0.051777
0 0.424224 0.819700 0.071487 0.030331
0 0.433824 0.774050 0.065359 0.054228
0 0.361928 0.808670 0.055556 0.039522
0 0.305760 0.799632 0.055147 0.033088
0 0.369077 0.764093 0.056781 0.043505
0 0.308007 0.757966 0.053105 0.045956
0 0.683007 0.850490 0.089869 0.041667
0 0.194649 0.743873 0.056781 0.041667
0 0.086806 0.498009 0.042892 0.034620
0 0.079044 0.464920 0.046160 0.021140
0 0.028799 0.633119 0.051062 0.071998
0 0.094771 0.638174 0.061275 0.079657
0 0.163807 0.626838 0.065359 0.042892
0 0.224673 0.629749 0.056373 0.043811
0 0.168709 0.670190 0.049837 0.035846
0 0.221201 0.672488 0.049428 0.037990
0 0.302696 0.632353 0.090686 0.046569
0 0.301471 0.679994 0.088235 0.040748
0 0.413399 0.634498 0.116830 0.050858
0 0.415645 0.687960 0.114788 0.047488
0 0.531658 0.645680 0.104167 0.051777
0 0.527574 0.697610 0.089461 0.049632
0 0.709150 0.660846 0.084967 0.050858
0 0.709763 0.713235 0.082925 0.054534
0 0.816176 0.649816 0.097222 0.031250
0 0.809232 0.689185 0.112745 0.042586
0 0.929739 0.644301 0.116830 0.017770
0 0.931781 0.666513 0.117647 0.021140
0 0.926062 0.701134 0.109477 0.042586
0 0.924632 0.745098 0.113154 0.041667
0 0.044322 0.725643 0.063317 0.038909
0 0.120098 0.736366 0.067810 0.038909
0 0.047386 0.764706 0.059641 0.033088
0 0.117239 0.776654 0.062092 0.035539
0 0.184028 0.787071 0.057598 0.044118
0 0.954044 0.596354 0.091912 0.051164
0 0.969975 0.372396 0.060049 0.048713
0 0.857435 0.587163 0.093954 0.047488
0 0.863358 0.535999 0.102533 0.050551
0 0.139706 0.467371 0.071895 0.028493
0 0.033497 0.497702 0.048203 0.036458
0 0.144199 0.504749 0.064542 0.035846
0 0.029820 0.539216 0.046569 0.039828
0 0.085376 0.541973 0.062092 0.036152
0 0.147672 0.546569 0.064951 0.040441
0 0.199142 0.513634 0.037173 0.034620
0 0.242647 0.518689 0.044118 0.032475
0 0.290441 0.519608 0.046569 0.036765
0 0.202614 0.552390 0.040850 0.033088
0 0.247141 0.554381 0.043301 0.034620
0 0.289011 0.556832 0.041258 0.029718
0 0.341095 0.552543 0.065359 0.036458
0 0.402369 0.557904 0.056373 0.044118
0 0.344363 0.513327 0.062092 0.040748
0 0.370915 0.475337 0.070261 0.027267
0 0.443015 0.470435 0.054330 0.027267
0 0.404003 0.512102 0.053105 0.040748
0 0.511642 0.487439 0.079657 0.044118
0 0.478145 0.552849 0.089461 0.069547
0 0.574142 0.559896 0.087010 0.071998
0 0.676675 0.529718 0.077206 0.040441
0 0.765523 0.532475 0.079248 0.052696
0 0.671569 0.577972 0.076797 0.045650
0 0.758987 0.585018 0.089052 0.038297
0 0.960376 0.539369 0.079248 0.047488
0 0.810866 0.733303 0.106209 0.041973
0 0.329248 0.418352 0.070261 0.038297
0 0.882761 0.372855 0.112745 0.047794
0 0.324755 0.375460 0.067810 0.041360
0 0.261438 0.372243 0.058824 0.044730
0 0.201593 0.371477 0.057598 0.042586
0 0.043709 0.219210 0.055556 0.049939
0 0.052083 0.264400 0.059232 0.034926
0 0.096201 0.220282 0.048611 0.039828
0 0.148693 0.179381 0.060458 0.037684
0 0.210376 0.179075 0.056373 0.034620
0 0.145833 0.219975 0.054739 0.039216
0 0.197917 0.414369 0.060049 0.039522
0 0.135417 0.413297 0.066585 0.042279
0 0.067198 0.407322 0.067402 0.045037
0 0.134191 0.363971 0.064134 0.047181
0 0.530025 0.139400 0.040441 0.035539
0 0.484681 0.140472 0.048611 0.034007
0 0.429739 0.141544 0.053922 0.033701
0 0.206087 0.219975 0.057598 0.044118
0 0.107230 0.263787 0.047794 0.038603
0 0.155433 0.264093 0.048611 0.037990
0 0.210784 0.262255 0.053922 0.033088
0 0.269199 0.250153 0.062092 0.056066
0 0.339257 0.250766 0.077206 0.057904
0 0.266953 0.202359 0.057598 0.040135
0 0.328840 0.196385 0.056373 0.048407
0 0.433007 0.364737 0.124183 0.043811
0 0.375000 0.145987 0.056373 0.026042
0 0.518178 0.244638 0.092729 0.062194
0 0.658088 0.126991 0.056373 0.038297
0 0.597835 0.132506 0.064134 0.027880
0 0.982843 0.204350 0.034314 0.106618
0 0.927900 0.208640 0.084559 0.105392
0 0.844771 0.206955 0.080882 0.106924
0 0.740400 0.239124 0.118873 0.061581
0 0.621528 0.240502 0.108252 0.056373
0 0.433211 0.414369 0.127859 0.044424
0 0.427492 0.246477 0.087827 0.056679
0 0.743260 0.170956 0.124592 0.058824
0 0.715891 0.118566 0.063317 0.030637
0 0.616217 0.180607 0.119690 0.054228
0 0.416054 0.189185 0.090278 0.045037
0 0.776144 0.371170 0.088235 0.049326
0 0.681577 0.372702 0.084559 0.045037
0 0.569240 0.420803 0.137663 0.045650
0 0.887051 0.139553 0.095180 0.019914
0 0.676879 0.422794 0.071895 0.044730
0 0.761846 0.422335 0.098039 0.042586
0 0.877042 0.426624 0.123366 0.052390
0 0.569240 0.370558 0.134395 0.050551
0 0.969975 0.429381 0.060049 0.047488
0 0.504289 0.185355 0.081291 0.053922
0 0.782884 0.115043 0.069036 0.038297
