0 0.060897 0.597837 0.078205 0.041346
0 0.723077 0.800721 0.055769 0.024038
0 0.829808 0.775841 0.047436 0.063702
0 0.886699 0.776322 0.055449 0.060817
0 0.942949 0.768029 0.053846 0.048077
0 0.842949 0.477524 0.043590 0.024279
0 0.848718 0.504327 0.055128 0.025000
0 0.985096 0.765745 0.029808 0.043510
0 0.190385 0.679567 0.058974 0.027404
0 0.190224 0.706490 0.056090 0.026923
0 0.249679 0.678486 0.057692 0.027644
0 0.779647 0.798317 0.055449 0.027404
0 0.249199 0.707933 0.057372 0.029808
0 0.308173 0.678846 0.055449 0.028365
0 0.368429 0.678846 0.059295 0.030288
0 0.851282 0.529087 0.055128 0.023558
0 0.793429 0.528726 0.052885 0.020913
0 0.793429 0.505168 0.055449 0.024760
0 0.791827 0.479447 0.058013 0.026202
0 0.736699 0.532091 0.058013 0.025721
0 0.735417 0.505769 0.056090 0.025962
0 0.735897 0.482212 0.054487 0.023558
0 0.643269 0.474519 0.080769 0.022115
0 0.308814 0.708293 0.059295 0.030529
0 0.776442 0.763341 0.049038 0.038702
0 0.723237 0.766106 0.056090 0.042308
0 0.576603 0.780288 0.047436 0.062500
0 0.233013 0.443750 0.057051 0.029808
0 0.172436 0.446875 0.060256 0.031731
0 0.170673 0.413341 0.062500 0.031971
0 0.908494 0.530048 0.055449 0.023558
0 0.905609 0.503365 0.054808 0.026923
0 0.963782 0.527284 0.051923 0.024279
0 0.961699 0.502764 0.056090 0.023798
0 0.980929 0.473678 0.037500 0.024760
0 0.938782 0.474760 0.045513 0.024519
0 0.889904 0.477043 0.048397 0.023317
0 0.859295 0.855048 0.054487 0.045673
0 0.921154 0.854688 0.058974 0.048798
0 0.974038 0.855168 0.048077 0.047837
0 0.197756 0.765264 0.051923 0.026683
0 0.256891 0.763101 0.056090 0.032452
0 0.313942 0.765625 0.056090 0.031250
0 0.375160 0.765625 0.061859 0.029327
0 0.371955 0.795433 0.058013 0.027885
0 0.432212 0.795673 0.056731 0.030288
0 0.314583 0.795553 0.057372 0.028125
0 0.254327 0.794231 0.056090 0.029327
0 0.199359 0.794111 0.051282 0.025240
0 0.526442 0.780529 0.047756 0.059135
0 0.679968 0.515745 0.048397 0.057933
0 0.292628 0.443149 0.057051 0.028606
0 0.629327 0.515986 0.049679 0.060337
0 0.521314 0.525240 0.053526 0.046635
0 0.241026 0.591106 0.053846 0.027885
0 0.242147 0.621154 0.053526 0.030769
0 0.187500 0.621034 0.055769 0.030529
0 0.183173 0.590745 0.059936 0.029087
0 0.954167 0.712260 0.051923 0.028365
0 0.895353 0.711298 0.056090 0.024038
0 0.838141 0.711298 0.053205 0.026442
0 0.955288 0.674639 0.054167 0.046394
0 0.897276 0.675721 0.057372 0.044712
0 0.839583 0.675962 0.056090 0.042788
0 0.299840 0.592909 0.060577 0.029087
0 0.782372 0.674519 0.055128 0.042308
0 0.727564 0.712740 0.051923 0.026923
0 0.725801 0.684135 0.053526 0.026923
0 0.635096 0.698678 0.053526 0.049760
0 0.581571 0.697236 0.049038 0.051202
0 0.534455 0.696514 0.041987 0.047356
0 0.483974 0.710697 0.054487 0.025240
0 0.482692 0.683053 0.055128 0.026683
0 0.425962 0.683053 0.055128 0.028606
0 0.426282 0.710817 0.055769 0.025481
0 0.368910 0.708774 0.055128 0.027163
0 0.783814 0.710697 0.055449 0.027163
0 0.358333 0.591587 0.055128 0.028846
0 0.358494 0.620313 0.052885 0.027163
0 0.415064 0.619952 0.052564 0.030769
0 0.361218 0.533293 0.060897 0.030048
0 0.302724 0.532692 0.052885 0.028846
0 0.300160 0.502043 0.058013 0.030529
0 0.238942 0.501442 0.060577 0.029327
0 0.242949 0.532212 0.060256 0.027885
0 0.179968 0.533654 0.063141 0.030769
0 0.177083 0.504087 0.058654 0.028365
0 0.479167 0.598077 0.028846 0.055769
0 0.952244 0.619952 0.049359 0.022596
0 0.953205 0.593630 0.050000 0.026683
0 0.899519 0.621274 0.053526 0.025240
0 0.898237 0.584976 0.056731 0.042067
0 0.840224 0.586779 0.054167 0.043269
0 0.843429 0.622957 0.052885 0.024279
0 0.785256 0.622476 0.053205 0.023317
0 0.783173 0.588462 0.056731 0.042788
0 0.727564 0.621514 0.057051 0.025721
0 0.726282 0.592187 0.051282 0.031971
0 0.671955 0.603606 0.048397 0.061058
0 0.622276 0.605048 0.049679 0.061538
0 0.571314 0.605649 0.050321 0.062740
0 0.519231 0.604567 0.051923 0.060577
0 0.300641 0.622236 0.058974 0.029087
0 0.573718 0.523798 0.050000 0.045673
0 0.290705 0.412861 0.060897 0.031010
0 0.232051 0.412861 0.057692 0.031010
0 0.353045 0.443750 0.058013 0.029808
0 0.241346 0.353966 0.057051 0.032933
0 0.234936 0.322236 0.066026 0.030529
0 0.300000 0.322716 0.055128 0.029567
0 0.361058 0.321154 0.060577 0.030288
0 0.361538 0.353125 0.060256 0.029327
0 0.300962 0.353005 0.059615 0.027644
0 0.419872 0.320312 0.056410 0.031010
0 0.479968 0.319231 0.059936 0.030769
0 0.479808 0.350721 0.059615 0.028846
0 0.418590 0.353486 0.051282 0.030048
0 0.538942 0.340144 0.026603 0.048077
0 0.569231 0.338462 0.032692 0.044712
0 0.617468 0.337500 0.040064 0.044712
0 0.648077 0.337260 0.022436 0.046635
0 0.677564 0.338101 0.035256 0.045913
0 0.723718 0.346034 0.054487 0.023317
0 0.778205 0.345433 0.049359 0.024038
0 0.030769 0.443389 0.060256 0.035337
0 0.084455 0.475481 0.082372 0.036538
0 0.118590 0.587500 0.033974 0.030769
0 0.066506 0.552885 0.078526 0.036538
0 0.067788 0.669591 0.070833 0.040625
0 0.071635 0.710216 0.078526 0.036298
0 0.178846 0.354087 0.062179 0.033173
0 0.129327 0.759976 0.077244 0.034375
0 0.040224 0.809375 0.079167 0.043750
0 0.031410 0.898077 0.061538 0.048077
0 0.108013 0.895793 0.069872 0.053606
0 0.950160 0.313462 0.043910 0.059615
0 0.351923 0.413341 0.058974 0.030048
0 0.830128 0.343750 0.053205 0.023077
0 0.129167 0.796755 0.082051 0.040625
0 0.961859 0.407212 0.045513 0.072596
0 0.896314 0.318149 0.061218 0.050721
0 0.856731 0.434375 0.050641 0.023077
0 0.912179 0.413702 0.054487 0.059135
0 0.411699 0.442067 0.056731 0.028365
0 0.412500 0.409856 0.058333 0.031250
0 0.472115 0.440385 0.060897 0.031250
0 0.526122 0.388702 0.054808 0.021154
0 0.578846 0.387981 0.049359 0.019712
0 0.577244 0.412019 0.051282 0.029327
0 0.578526 0.441346 0.048718 0.026923
0 0.526923 0.440745 0.048718 0.023798
0 0.801603 0.856611 0.055769 0.050721
0 0.742628 0.854327 0.054487 0.044231
0 0.696635 0.853846 0.035577 0.053365
0 0.654327 0.851562 0.048397 0.048798
0 0.599679 0.867188 0.047436 0.045433
0 0.548878 0.867788 0.049038 0.042308
0 0.525801 0.414423 0.049038 0.027885
0 0.449038 0.868389 0.047436 0.045913
0 0.855128 0.408293 0.051923 0.025721
0 0.498558 0.867909 0.048397 0.044952
0 0.800962 0.437861 0.053846 0.026202
0 0.800641 0.410457 0.058974 0.026202
0 0.740865 0.412380 0.056090 0.023798
0 0.686058 0.410817 0.049679 0.028846
0 0.631410 0.411779 0.053846 0.026923
0 0.743269 0.438221 0.055769 0.028846
0 0.631571 0.440264 0.051603 0.026683
0 0.206891 0.877644 0.085577 0.033654
0 0.292949 0.878726 0.084615 0.033894
0 0.380449 0.877885 0.089103 0.032212
0 0.286859 0.844111 0.085897 0.033894
0 0.377083 0.842308 0.090064 0.036058
0 0.687179 0.439063 0.051923 0.028606
