0 0.628881 0.417279 0.014297 0.060662
0 0.839052 0.521293 0.035131 0.036458
0 0.803922 0.421262 0.022059 0.056373
0 0.914420 0.509804 0.022467 0.056373
0 0.881127 0.529105 0.029412 0.015319
0 0.684232 0.418505 0.018791 0.056985
0 0.708538 0.417126 0.014297 0.063419
0 0.751430 0.418658 0.018382 0.063419
0 0.728350 0.417433 0.021242 0.060968
0 0.894404 0.425092 0.019199 0.042586
0 0.777574 0.420190 0.021650 0.054228
0 0.937704 0.508578 0.020833 0.056985
0 0.657884 0.417739 0.023284 0.055453
0 0.961806 0.508272 0.019199 0.056373
0 0.330270 0.404105 0.036356 0.086397
0 0.536560 0.413603 0.029003 0.059436
0 0.566585 0.414522 0.027778 0.057598
0 0.590891 0.417433 0.011846 0.054841
0 0.608456 0.415901 0.012663 0.054841
0 0.081087 0.406556 0.039624 0.075980
0 0.124183 0.407782 0.035948 0.077206
0 0.162990 0.410233 0.036765 0.071078
0 0.201797 0.411152 0.032680 0.069853
0 0.241422 0.413756 0.034314 0.065257
0 0.286152 0.412684 0.046160 0.066789
0 0.367239 0.407935 0.029412 0.075674
0 0.871324 0.417739 0.022059 0.058517
0 0.430760 0.417433 0.025735 0.051777
0 0.400531 0.407475 0.034722 0.071691
0 0.985907 0.506893 0.026552 0.056679
0 0.845997 0.420343 0.024510 0.054534
0 0.832925 0.170956 0.043301 0.091299
0 0.959763 0.419577 0.031454 0.053002
0 0.457516 0.419271 0.022059 0.052390
0 0.805147 0.722886 0.024510 0.066483
0 0.935253 0.179994 0.043709 0.087929
0 0.981005 0.186275 0.037173 0.082108
0 0.885008 0.178156 0.045343 0.087316
0 0.634191 0.123775 0.041258 0.137255
0 0.693015 0.125766 0.032271 0.147365
0 0.736111 0.140931 0.032680 0.137868
0 0.769199 0.142616 0.021242 0.132047
0 0.581904 0.133272 0.046977 0.110294
0 0.485907 0.118107 0.054330 0.122855
0 0.537173 0.134344 0.038399 0.100797
0 0.421160 0.129902 0.059641 0.082721
0 0.352328 0.105392 0.055964 0.118873
0 0.291258 0.101103 0.056373 0.113358
0 0.076185 0.067862 0.082108 0.135723
0 0.160131 0.072763 0.078431 0.145527
0 0.231209 0.090993 0.058824 0.128676
0 0.130310 0.241268 0.166667 0.130821
0 0.293096 0.249694 0.145833 0.123162
0 0.517770 0.274203 0.101716 0.110907
0 0.591912 0.284467 0.038399 0.082414
0 0.636642 0.287531 0.042075 0.073836
0 0.689338 0.289216 0.045343 0.079657
0 0.758374 0.290288 0.085376 0.084865
0 0.851920 0.295343 0.089461 0.083333
0 0.936070 0.299479 0.053513 0.082414
0 0.983252 0.304075 0.033497 0.082414
0 0.924632 0.420037 0.030637 0.053922
0 0.989379 0.422028 0.021242 0.048713
0 0.495711 0.409620 0.049428 0.066789
0 0.778391 0.722886 0.023284 0.063419
0 0.625408 0.629136 0.031863 0.038297
0 0.174837 0.659620 0.027778 0.071691
0 0.205882 0.656097 0.028595 0.070772
0 0.268178 0.657322 0.030637 0.060968
0 0.299428 0.644301 0.027778 0.056373
0 0.331699 0.645987 0.026961 0.068934
0 0.360498 0.644301 0.024101 0.071691
0 0.385008 0.640012 0.020016 0.072304
0 0.095588 0.808211 0.035948 0.090686
0 0.408292 0.640625 0.017565 0.070466
0 0.486520 0.647365 0.043301 0.031863
0 0.558007 0.629289 0.059641 0.047794
0 0.878472 0.723346 0.044526 0.039828
0 0.924837 0.717984 0.035131 0.029105
0 0.751430 0.720588 0.026552 0.068015
0 0.720180 0.725490 0.025327 0.068627
0 0.692198 0.727328 0.022467 0.081495
0 0.441381 0.653033 0.038807 0.034007
0 0.666667 0.728860 0.020425 0.087623
0 0.134191 0.805300 0.032271 0.090993
0 0.201797 0.794271 0.028595 0.089767
0 0.762868 0.610754 0.020833 0.059130
0 0.737132 0.610907 0.022467 0.062500
0 0.707312 0.612898 0.020016 0.063419
0 0.683824 0.619638 0.017974 0.065257
0 0.659314 0.619332 0.026144 0.058517
0 0.140319 0.663603 0.036356 0.076593
0 0.909314 0.594210 0.016340 0.068934
0 0.167688 0.800705 0.029820 0.090993
0 0.885825 0.595741 0.018382 0.068934
0 0.813930 0.626685 0.029820 0.018076
0 0.820466 0.606618 0.026552 0.017770
0 0.964461 0.595588 0.024510 0.053309
0 0.331087 0.780637 0.029820 0.090074
0 0.300041 0.783854 0.029003 0.095895
0 0.267157 0.788143 0.028595 0.089767
0 0.234273 0.792433 0.032271 0.089154
0 0.853758 0.621324 0.035948 0.019608
0 0.962010 0.709559 0.031863 0.033701
0 0.363154 0.773744 0.025327 0.082414
0 0.390727 0.769761 0.025735 0.081801
0 0.421773 0.529565 0.032271 0.069547
0 0.453840 0.528339 0.022876 0.065870
0 0.484681 0.528799 0.027369 0.064951
0 0.514093 0.526195 0.029003 0.064645
0 0.540645 0.518382 0.020833 0.064338
0 0.587010 0.522365 0.028595 0.063113
0 0.618668 0.522672 0.030637 0.061887
0 0.385825 0.529412 0.029820 0.068015
0 0.650327 0.521140 0.024510 0.063725
0 0.706291 0.519761 0.026144 0.064645
0 0.733252 0.517770 0.018791 0.060049
0 0.755515 0.516085 0.018382 0.065870
0 0.775531 0.511795 0.017565 0.060355
0 0.805556 0.514246 0.025327 0.065257
0 0.991422 0.592525 0.017157 0.053309
0 0.934845 0.595588 0.022467 0.050245
0 0.676675 0.519301 0.024101 0.066176
0 0.355596 0.530331 0.030637 0.069853
0 0.322508 0.530637 0.033088 0.070466
0 0.289828 0.533395 0.029003 0.072917
0 0.419730 0.768536 0.028186 0.075061
0 0.641340 0.733150 0.022876 0.087010
0 0.616422 0.736673 0.022059 0.087929
0 0.449755 0.763021 0.026961 0.076287
0 0.476103 0.754749 0.023284 0.086703
0 0.504085 0.750919 0.025327 0.085784
0 0.532884 0.746783 0.025735 0.089767
0 0.559641 0.742953 0.022059 0.088235
0 0.587827 0.741422 0.026144 0.088235
0 0.833742 0.722733 0.028595 0.047794
0 0.088848 0.539369 0.034722 0.075674
0 0.124796 0.539216 0.033088 0.075368
0 0.160948 0.537837 0.032680 0.078738
0 0.196283 0.535386 0.029820 0.079963
0 0.227328 0.536458 0.026552 0.079044
0 0.259191 0.536765 0.029003 0.073529
0 0.788399 0.611673 0.019608 0.057904
0 0.099265 0.665441 0.035131 0.068015
