0 0.204897 0.555940 0.039304 0.085162
0 0.300258 0.677242 0.043170 0.054866
0 0.256282 0.680582 0.042848 0.054389
0 0.212307 0.682013 0.042526 0.052481
0 0.158022 0.678435 0.063466 0.057252
0 0.091656 0.678316 0.066688 0.064170
0 0.832635 0.568106 0.040271 0.043655
0 0.795103 0.567867 0.036082 0.045086
0 0.759665 0.569179 0.036082 0.044847
0 0.723905 0.567748 0.036082 0.044847
0 0.687178 0.569895 0.036082 0.044847
0 0.615335 0.568822 0.036082 0.045086
0 0.243879 0.556894 0.039304 0.085162
0 0.580863 0.569418 0.034794 0.046756
0 0.544942 0.570134 0.037049 0.046756
0 0.511920 0.570134 0.029639 0.049141
0 0.441527 0.546517 0.106637 0.076813
0 0.328608 0.556417 0.113402 0.076097
0 0.240013 0.300692 0.056701 0.052719
0 0.153028 0.562619 0.023196 0.069418
0 0.174936 0.563335 0.019974 0.067032
0 0.650451 0.569895 0.036082 0.044847
0 0.915754 0.656966 0.040271 0.091126
0 0.874195 0.661021 0.038338 0.082061
0 0.289948 0.888836 0.036082 0.072519
0 0.066044 0.294490 0.053479 0.078960
0 0.120651 0.302839 0.055735 0.051288
0 0.179285 0.300930 0.061534 0.051288
0 0.313144 0.775286 0.020619 0.068702
0 0.332152 0.771947 0.016753 0.069179
0 0.357603 0.781131 0.034794 0.058445
0 0.393041 0.785305 0.031572 0.062023
0 0.428157 0.778626 0.033505 0.068225
0 0.989852 0.412572 0.020296 0.073235
0 0.018524 0.565363 0.034472 0.070611
0 0.055573 0.564170 0.040915 0.072996
0 0.096166 0.563454 0.040915 0.072996
0 0.128866 0.561427 0.023196 0.072281
0 0.461823 0.770992 0.033183 0.074427
0 0.330380 0.895873 0.032539 0.060353
0 0.499678 0.771112 0.047036 0.079437
0 0.567332 0.772662 0.030284 0.072996
0 0.602448 0.772781 0.035438 0.073235
0 0.641430 0.773378 0.042526 0.072042
0 0.686695 0.775048 0.048647 0.072996
0 0.731798 0.763359 0.038338 0.063931
0 0.778189 0.769919 0.040915 0.077052
0 0.822809 0.773616 0.048969 0.067748
0 0.926707 0.768965 0.146585 0.075143
0 0.024001 0.889074 0.041559 0.063454
0 0.069265 0.884184 0.044459 0.078960
0 0.113563 0.889790 0.035760 0.075382
0 0.156572 0.888717 0.044459 0.072281
0 0.203447 0.888478 0.037693 0.069418
0 0.342461 0.677004 0.037371 0.054389
0 0.538660 0.771589 0.027706 0.078006
0 0.381927 0.677004 0.038338 0.054389
0 0.249839 0.886093 0.039626 0.071803
0 0.467300 0.668416 0.044137 0.068225
0 0.761598 0.304986 0.041881 0.035544
0 0.805090 0.268726 0.041881 0.035544
0 0.802674 0.304628 0.042204 0.035305
0 0.848260 0.266818 0.041881 0.035544
0 0.845039 0.303316 0.041881 0.035544
0 0.968589 0.296159 0.062822 0.039838
0 0.033022 0.430940 0.056379 0.065601
0 0.122262 0.431775 0.051224 0.061546
0 0.171714 0.431894 0.046392 0.064647
0 0.217300 0.429509 0.042848 0.061784
0 0.260470 0.430940 0.042848 0.061784
0 0.303318 0.430224 0.042848 0.061784
0 0.352287 0.428554 0.042848 0.061784
0 0.394169 0.427839 0.038982 0.060830
0 0.435245 0.427004 0.042526 0.060592
0 0.480026 0.424022 0.048325 0.070849
0 0.502577 0.143010 0.039948 0.082300
0 0.542687 0.147543 0.038982 0.070849
0 0.586340 0.146350 0.045103 0.070372
0 0.633537 0.145038 0.050580 0.071565
0 0.680896 0.144442 0.044781 0.072758
0 0.726160 0.144919 0.045103 0.072758
0 0.770457 0.143488 0.040915 0.072281
0 0.762403 0.269203 0.042204 0.035544
0 0.816527 0.143368 0.040915 0.072042
0 0.718428 0.305224 0.041881 0.035544
0 0.674452 0.276240 0.037049 0.027195
0 0.294781 0.142056 0.135954 0.082777
0 0.202481 0.159828 0.045425 0.048664
0 0.394330 0.154461 0.034149 0.057013
0 0.166398 0.145515 0.024807 0.077767
0 0.130960 0.146112 0.041559 0.078960
0 0.092300 0.146589 0.032539 0.077529
0 0.051869 0.154699 0.045747 0.064647
0 0.424130 0.675573 0.041559 0.056298
0 0.288177 0.775048 0.026095 0.068225
0 0.264175 0.774094 0.026418 0.073473
0 0.225193 0.775048 0.042526 0.075382
0 0.186534 0.775048 0.032861 0.072996
0 0.146746 0.776837 0.040915 0.074189
0 0.821037 0.671040 0.064755 0.059160
0 0.427996 0.157204 0.033183 0.052958
0 0.456669 0.152433 0.022874 0.062500
0 0.300258 0.298306 0.056701 0.052719
0 0.363402 0.297114 0.058634 0.051765
0 0.422519 0.296994 0.059601 0.053435
0 0.477610 0.286856 0.051869 0.081823
0 0.526579 0.286260 0.046070 0.082061
0 0.573615 0.287094 0.048647 0.082300
0 0.631121 0.283516 0.048969 0.082300
0 0.676869 0.307371 0.041881 0.034113
0 0.859053 0.143965 0.040915 0.072281
0 0.901740 0.296994 0.065077 0.041508
0 0.672841 0.661856 0.040271 0.078960
0 0.924774 0.413406 0.035760 0.072042
0 0.962629 0.412452 0.035438 0.072042
0 0.757249 0.671398 0.060245 0.057490
0 0.709085 0.661260 0.032216 0.080153
0 0.558956 0.665911 0.045747 0.070372
0 0.636759 0.663406 0.033183 0.079676
0 0.601643 0.665673 0.033827 0.077052
0 0.796875 0.895396 0.032539 0.059399
0 0.832152 0.895277 0.032216 0.056775
0 0.866785 0.876789 0.033827 0.094227
0 0.910760 0.880844 0.036727 0.080868
0 0.949742 0.880844 0.034149 0.078006
0 0.984214 0.879532 0.031572 0.080630
0 0.762887 0.894680 0.029639 0.060353
0 0.723099 0.891221 0.037693 0.065363
0 0.683312 0.893010 0.035438 0.061784
0 0.645296 0.892414 0.037371 0.060592
0 0.605509 0.893488 0.041559 0.060353
0 0.563144 0.895635 0.044459 0.055105
0 0.473582 0.895038 0.043814 0.061069
0 0.433151 0.896708 0.033827 0.057252
0 0.397552 0.893488 0.030928 0.057968
0 0.364046 0.894919 0.031572 0.056059
0 0.881604 0.413884 0.048647 0.072519
0 0.838595 0.422948 0.037371 0.057252
0 0.510470 0.668058 0.042848 0.067510
0 0.758537 0.424022 0.040271 0.057968
0 0.799291 0.423306 0.039948 0.057968
0 0.897068 0.139909 0.033827 0.078960
0 0.019169 0.296636 0.038338 0.079437
0 0.526740 0.423783 0.046392 0.068941
0 0.935084 0.137047 0.041559 0.080391
0 0.621295 0.421159 0.046070 0.068941
0 0.574420 0.424022 0.046392 0.068941
0 0.670586 0.419251 0.051224 0.068464
0 0.960213 0.658635 0.042204 0.084447
0 0.051707 0.778387 0.064755 0.072519
0 0.104543 0.777791 0.037693 0.073712
0 0.714240 0.425095 0.034794 0.058206
