0 0.387663 0.652420 0.043301 0.092218
0 0.439542 0.646446 0.038399 0.088848
0 0.628064 0.632506 0.036356 0.094669
0 0.481413 0.640778 0.029820 0.087929
0 0.533292 0.639706 0.037990 0.092525
0 0.352941 0.655484 0.023693 0.086091
0 0.580882 0.634038 0.047386 0.091605
0 0.016340 0.688266 0.030229 0.086703
0 0.939134 0.651501 0.026144 0.049326
0 0.766748 0.659773 0.023693 0.057292
0 0.214869 0.794577 0.040850 0.086703
0 0.264910 0.787531 0.038807 0.086091
0 0.348652 0.765625 0.024918 0.098039
0 0.382761 0.761795 0.036765 0.095895
0 0.428105 0.758119 0.035131 0.098346
0 0.469771 0.755362 0.029412 0.093444
0 0.800245 0.654565 0.024510 0.050551
0 0.510008 0.748315 0.037990 0.095282
0 0.589257 0.740809 0.037990 0.100490
0 0.632149 0.733609 0.041258 0.095282
0 0.746324 0.735447 0.035948 0.069547
0 0.931168 0.718290 0.026552 0.061581
0 0.969567 0.715993 0.033905 0.056373
0 0.741626 0.662531 0.013480 0.059130
0 0.551675 0.744945 0.032271 0.094669
0 0.053309 0.690104 0.030637 0.083027
0 0.259804 0.557751 0.041667 0.073836
0 0.134395 0.681066 0.031863 0.091299
0 0.012459 0.468903 0.018382 0.103248
0 0.044322 0.471048 0.035539 0.101409
0 0.174837 0.562194 0.033497 0.064951
0 0.088440 0.470588 0.038807 0.094975
0 0.132966 0.467678 0.038807 0.090380
0 0.177900 0.464154 0.036356 0.092525
0 0.218137 0.462163 0.034314 0.091605
0 0.265523 0.459865 0.046569 0.091299
0 0.343137 0.441636 0.025327 0.088542
0 0.373775 0.441942 0.028595 0.090380
0 0.410948 0.439798 0.027778 0.089767
0 0.446895 0.440564 0.026961 0.085784
0 0.091503 0.683824 0.034314 0.088235
0 0.482435 0.437194 0.025327 0.084559
0 0.553717 0.437960 0.033088 0.087929
0 0.591912 0.434283 0.030229 0.092831
0 0.176062 0.798254 0.032680 0.084865
0 0.630106 0.436428 0.033905 0.078738
0 0.342729 0.543352 0.016340 0.082414
0 0.087827 0.568474 0.037582 0.071998
0 0.042279 0.571385 0.031454 0.073529
0 0.007966 0.575521 0.015931 0.070159
0 0.262255 0.669730 0.040033 0.087010
0 0.216095 0.672947 0.033497 0.085478
0 0.214461 0.561887 0.036765 0.065564
0 0.173203 0.676011 0.033497 0.084252
0 0.517361 0.436734 0.025735 0.085478
0 0.136642 0.804534 0.036356 0.082108
0 0.795547 0.582567 0.025735 0.058517
0 0.051879 0.809436 0.034314 0.087010
0 0.978554 0.157782 0.029003 0.082721
0 0.015114 0.239277 0.029412 0.104779
0 0.056985 0.242494 0.037990 0.098346
0 0.099469 0.245098 0.033905 0.095588
0 0.146446 0.242953 0.038807 0.099877
0 0.189338 0.247855 0.035539 0.090074
0 0.232435 0.245251 0.040033 0.092831
0 0.941585 0.159467 0.027778 0.081801
0 0.345792 0.240656 0.029003 0.065257
0 0.441381 0.242341 0.022467 0.069240
0 0.470384 0.244332 0.024101 0.065257
0 0.500817 0.243873 0.026144 0.068627
0 0.532067 0.244945 0.022467 0.066483
0 0.562704 0.246324 0.020833 0.061275
0 0.587418 0.246324 0.021242 0.058824
0 0.617034 0.244638 0.027369 0.054841
0 0.405433 0.240962 0.029820 0.067096
0 0.915645 0.155331 0.021650 0.090074
0 0.883170 0.157322 0.029412 0.078738
0 0.851307 0.155637 0.024510 0.084559
0 0.029412 0.142004 0.039216 0.059743
0 0.071283 0.143382 0.037173 0.061887
0 0.116626 0.145067 0.032271 0.058517
0 0.156046 0.151808 0.031863 0.047488
0 0.193627 0.142463 0.031046 0.073529
0 0.237745 0.141544 0.036765 0.070466
0 0.332516 0.144914 0.025327 0.058824
0 0.362949 0.148284 0.024101 0.059436
0 0.396650 0.157475 0.025327 0.045956
0 0.427288 0.164216 0.025327 0.045956
0 0.455474 0.164522 0.025327 0.045956
0 0.501225 0.164216 0.051471 0.036152
0 0.556985 0.163909 0.049428 0.030637
0 0.616422 0.155178 0.049837 0.050551
0 0.753676 0.150123 0.023693 0.077819
0 0.783905 0.151501 0.025327 0.079963
0 0.819444 0.152880 0.030229 0.084559
0 0.749796 0.247089 0.019199 0.064645
0 0.094567 0.804994 0.037173 0.081189
0 0.780025 0.247089 0.027369 0.064645
0 0.841708 0.248928 0.029003 0.063419
0 0.920956 0.424326 0.025735 0.056373
0 0.953636 0.422794 0.024918 0.061887
0 0.890727 0.501225 0.024918 0.055760
0 0.864788 0.503983 0.028595 0.050245
0 0.833742 0.503370 0.029412 0.056373
0 0.805556 0.504442 0.028595 0.064032
0 0.774101 0.503830 0.025327 0.060355
0 0.895221 0.425551 0.023284 0.058824
0 0.745915 0.507047 0.025327 0.058824
0 0.767770 0.583180 0.025735 0.059743
0 0.368464 0.543964 0.028595 0.078738
0 0.825776 0.579197 0.023284 0.060355
0 0.851716 0.580576 0.028595 0.055147
0 0.887051 0.572610 0.024101 0.051471
0 0.968954 0.573836 0.029412 0.058824
0 0.013889 0.812500 0.025327 0.075980
0 0.740605 0.586703 0.017974 0.060049
0 0.867239 0.425705 0.020425 0.060968
0 0.839257 0.426164 0.020833 0.060049
0 0.812500 0.427237 0.026144 0.057904
0 0.872549 0.248621 0.021242 0.061581
0 0.902165 0.247855 0.024101 0.055760
0 0.986520 0.251225 0.022059 0.056373
0 0.955882 0.254136 0.022876 0.062806
0 0.930351 0.250000 0.028186 0.061275
0 0.751838 0.345129 0.026552 0.061581
0 0.780433 0.344516 0.024918 0.062806
0 0.809845 0.345588 0.024101 0.063113
0 0.840074 0.342065 0.019199 0.067708
0 0.868056 0.345895 0.028595 0.056985
0 0.896855 0.344056 0.020016 0.058211
0 0.925449 0.342678 0.028186 0.066483
0 0.952002 0.343290 0.018382 0.065257
0 0.978350 0.345895 0.025327 0.060049
0 0.981822 0.422947 0.025735 0.059130
0 0.750408 0.427849 0.020425 0.059130
0 0.780433 0.427083 0.021650 0.060662
0 0.809436 0.249081 0.023284 0.065564
0 0.408292 0.539828 0.029003 0.079657
0 0.131740 0.565411 0.033088 0.065870
0 0.479984 0.537837 0.026961 0.076287
0 0.447304 0.539216 0.031046 0.083333
0 0.608252 0.331955 0.022876 0.062806
0 0.582108 0.333946 0.020425 0.061275
0 0.525123 0.331189 0.024918 0.061887
0 0.493668 0.329963 0.024918 0.066789
0 0.462827 0.327206 0.022876 0.064951
0 0.428513 0.326440 0.029412 0.076287
0 0.391340 0.326593 0.027778 0.073529
0 0.356822 0.327512 0.028186 0.071691
0 0.554943 0.329810 0.019199 0.059743
0 0.198529 0.358609 0.040850 0.090993
0 0.152369 0.356924 0.034314 0.089461
0 0.111315 0.354779 0.041258 0.093750
0 0.062704 0.358456 0.036356 0.096201
0 0.020221 0.360294 0.033905 0.094975
0 0.630310 0.530025 0.024510 0.079657
0 0.595384 0.532629 0.027369 0.079350
0 0.558824 0.533548 0.033497 0.077512
0 0.244690 0.357384 0.037582 0.090993
0 0.520221 0.535846 0.028186 0.075368
