0 0.429943 0.044884 0.043709 0.078738
0 0.198734 0.204504 0.062500 0.092218
0 0.263072 0.534007 0.054739 0.084559
0 0.321895 0.534467 0.054739 0.084252
0 0.378881 0.532169 0.055147 0.084559
0 0.435866 0.533088 0.049837 0.084559
0 0.485294 0.534161 0.049837 0.084252
0 0.539624 0.534161 0.049837 0.084252
0 0.589052 0.535233 0.046569 0.079657
0 0.515319 0.043045 0.043709 0.086091
0 0.559641 0.042892 0.044935 0.085784
0 0.603758 0.047181 0.043301 0.079657
0 0.647876 0.043045 0.046569 0.086091
0 0.713440 0.041667 0.084559 0.083333
0 0.072917 0.204197 0.070670 0.100184
0 0.137663 0.204657 0.058007 0.097426
0 0.260825 0.204504 0.057598 0.095895
0 0.322100 0.204197 0.062500 0.101409
0 0.400735 0.202512 0.090686 0.107230
0 0.160131 0.524050 0.054739 0.040748
0 0.488562 0.211703 0.084967 0.088235
0 0.785335 0.321538 0.063317 0.089154
0 0.077819 0.649663 0.065768 0.047488
0 0.874796 0.690564 0.101716 0.060662
0 0.964257 0.613358 0.071487 0.063113
0 0.875204 0.611673 0.103350 0.062806
0 0.794935 0.640319 0.047386 0.063113
0 0.746324 0.641850 0.047386 0.063113
0 0.697304 0.638940 0.047386 0.063419
0 0.653391 0.643229 0.036356 0.063419
0 0.618056 0.642310 0.034314 0.058517
0 0.576797 0.630974 0.049020 0.082414
0 0.526961 0.631434 0.049020 0.082721
0 0.476511 0.630974 0.049428 0.079350
0 0.430760 0.631434 0.039624 0.075980
0 0.378064 0.652880 0.061683 0.034926
0 0.315359 0.655331 0.062092 0.034926
0 0.253064 0.656710 0.060049 0.035233
0 0.195261 0.657016 0.057190 0.034620
0 0.138889 0.648438 0.055556 0.046875
0 0.064951 0.536458 0.088235 0.075368
0 0.964257 0.690870 0.071487 0.060049
0 0.577206 0.198529 0.088235 0.115196
0 0.704044 0.209099 0.049428 0.094056
0 0.312500 0.312806 0.065359 0.101103
0 0.380923 0.313113 0.069036 0.100490
0 0.442810 0.331342 0.050654 0.067096
0 0.444036 0.279565 0.050654 0.034620
0 0.499387 0.331036 0.057598 0.072610
0 0.553922 0.328738 0.053105 0.072917
0 0.607843 0.327206 0.053922 0.082108
0 0.663194 0.316330 0.056781 0.099571
0 0.615605 0.428615 0.078431 0.105392
0 0.531046 0.428002 0.085784 0.114583
0 0.455474 0.439645 0.061275 0.090074
0 0.387459 0.427849 0.070670 0.106924
0 0.321283 0.439491 0.061683 0.091605
0 0.250000 0.427237 0.080065 0.111213
0 0.183211 0.436887 0.052696 0.091912
0 0.935458 0.326440 0.114379 0.076287
0 0.847835 0.316942 0.060866 0.096507
0 0.248775 0.330576 0.062908 0.072304
0 0.649714 0.212776 0.056781 0.087929
0 0.176675 0.317708 0.074755 0.102941
0 0.035743 0.442555 0.043709 0.084865
0 0.639093 0.535539 0.046977 0.079657
0 0.689338 0.540135 0.053513 0.070466
0 0.756332 0.210478 0.054330 0.093750
0 0.743056 0.538909 0.053922 0.070466
0 0.796160 0.537990 0.053922 0.070466
0 0.891544 0.528799 0.101716 0.068015
0 0.892361 0.436734 0.118056 0.073836
0 0.779003 0.427696 0.081699 0.106005
0 0.695466 0.428002 0.078840 0.105392
0 0.812296 0.209252 0.057598 0.097426
0 0.888480 0.214154 0.092320 0.075368
0 0.967116 0.215686 0.065768 0.068015
0 0.096609 0.295190 0.081291 0.062806
0 0.092116 0.343903 0.072304 0.030944
0 0.094975 0.383272 0.071487 0.034926
0 0.093137 0.417279 0.071078 0.033701
0 0.098448 0.454197 0.062908 0.037684
0 0.026144 0.314338 0.052288 0.099265
0 0.048203 0.733609 0.046569 0.085478
0 0.175654 0.561734 0.059641 0.031556
0 0.440564 0.730239 0.054330 0.088542
0 0.037377 0.852635 0.074755 0.086397
0 0.957516 0.762714 0.084967 0.060355
0 0.864379 0.764093 0.102941 0.061887
0 0.785335 0.740349 0.050245 0.073836
0 0.735907 0.739124 0.051879 0.076287
0 0.686070 0.739124 0.049428 0.074449
0 0.126634 0.832108 0.054739 0.074142
0 0.635825 0.741422 0.046977 0.076593
0 0.542892 0.731618 0.046569 0.090686
0 0.493056 0.729473 0.051471 0.089461
0 0.111928 0.742494 0.043301 0.074449
0 0.383783 0.732384 0.058415 0.087316
0 0.318219 0.738511 0.045752 0.079963
0 0.275123 0.738511 0.037990 0.079963
0 0.589461 0.738664 0.046569 0.077206
0 0.237337 0.738511 0.037582 0.079963
0 0.188317 0.852482 0.071078 0.084252
0 0.333946 0.851409 0.070670 0.084559
0 0.382557 0.052237 0.051879 0.068321
0 0.472426 0.044577 0.041258 0.077512
0 0.967525 0.888021 0.064951 0.064032
0 0.882557 0.886336 0.102533 0.064951
0 0.783088 0.842984 0.044118 0.104473
0 0.737949 0.850031 0.042892 0.102022
0 0.262255 0.851409 0.071078 0.084559
0 0.692402 0.846967 0.044118 0.104473
0 0.608456 0.846048 0.043709 0.099571
0 0.564951 0.846967 0.043301 0.099571
0 0.520833 0.846967 0.043301 0.099571
0 0.477533 0.846048 0.043301 0.099571
0 0.434641 0.845129 0.043301 0.099571
0 0.390523 0.846661 0.043301 0.099571
0 0.650531 0.845435 0.043709 0.099571
0 0.195874 0.738511 0.041258 0.079350
0 0.722222 0.320159 0.056373 0.088235
0 0.337623 0.042279 0.038807 0.084559
0 0.301062 0.056066 0.035131 0.056373
0 0.262459 0.041360 0.039624 0.082721
0 0.222835 0.041360 0.039624 0.082721
0 0.162377 0.041054 0.080474 0.082108
0 0.027778 0.041360 0.055556 0.082721
0 0.089257 0.041973 0.064951 0.083946
0 0.153595 0.740196 0.041667 0.075980
