0 0.781250 0.494727 0.033333 0.056641
0 0.089583 0.727539 0.027083 0.084766
0 0.060677 0.722070 0.024479 0.083203
0 0.036198 0.719922 0.022396 0.071875
0 0.196875 0.605859 0.031250 0.025781
0 0.198437 0.629297 0.033333 0.021875
0 0.400000 0.635156 0.036458 0.050781
0 0.273438 0.623242 0.032292 0.044141
0 0.310677 0.628711 0.039062 0.056641
0 0.346875 0.631055 0.031250 0.052734
0 0.117188 0.731445 0.022917 0.074609
0 0.439323 0.643164 0.032813 0.048828
0 0.230469 0.619727 0.030729 0.042578
0 0.144792 0.736328 0.029167 0.077344
0 0.310156 0.776367 0.036979 0.068359
0 0.206771 0.754883 0.033333 0.063672
0 0.242969 0.737695 0.022396 0.039453
0 0.272396 0.768945 0.037500 0.066797
0 0.476302 0.646289 0.029687 0.049609
0 0.349740 0.781445 0.042188 0.066016
0 0.413281 0.786719 0.071354 0.074219
0 0.466406 0.807422 0.032813 0.049219
0 0.507292 0.814453 0.032292 0.053125
0 0.570833 0.823438 0.037500 0.048438
0 0.609896 0.838477 0.034375 0.042578
0 0.102604 0.607227 0.035417 0.037891
0 0.136458 0.613281 0.032292 0.049219
0 0.175781 0.747070 0.027604 0.068359
0 0.513802 0.650781 0.032813 0.048438
0 0.750521 0.683789 0.027083 0.052734
0 0.622396 0.675391 0.050000 0.034375
0 0.344271 0.547070 0.022917 0.067578
0 0.371615 0.569922 0.029687 0.034375
0 0.403646 0.572070 0.036458 0.030859
0 0.441667 0.573633 0.041667 0.031641
0 0.479948 0.567773 0.029687 0.055859
0 0.515885 0.583594 0.042188 0.025781
0 0.560417 0.586133 0.037500 0.034766
0 0.619531 0.573047 0.069271 0.066406
0 0.225521 0.537695 0.027083 0.058984
0 0.195833 0.543359 0.021875 0.047656
0 0.169271 0.557031 0.031250 0.021875
0 0.143229 0.540625 0.025000 0.042188
0 0.118229 0.530273 0.020833 0.056641
0 0.958854 0.731836 0.064583 0.066016
0 0.822656 0.722266 0.066146 0.077344
0 0.952344 0.889648 0.067187 0.051172
0 0.899479 0.880469 0.037500 0.068750
0 0.851302 0.862500 0.052604 0.057813
0 0.798177 0.860156 0.036979 0.068750
0 0.744531 0.858008 0.063021 0.064453
0 0.688021 0.844727 0.043750 0.070703
0 0.649479 0.833789 0.039583 0.073828
0 0.964323 0.833984 0.064062 0.041406
0 0.773698 0.686914 0.021354 0.047266
0 0.166406 0.616211 0.026562 0.043359
0 0.715104 0.689258 0.043750 0.029297
0 0.669531 0.680664 0.043229 0.034766
0 0.566146 0.655664 0.043750 0.051172
0 0.886198 0.178906 0.139063 0.110937
0 0.789062 0.230664 0.052083 0.065234
0 0.744010 0.143359 0.033854 0.063281
0 0.192708 0.220312 0.031250 0.098437
0 0.153646 0.219141 0.035417 0.097656
0 0.100521 0.204492 0.041667 0.126172
0 0.200000 0.334961 0.030208 0.085547
0 0.161979 0.338477 0.035417 0.094922
0 0.125000 0.338086 0.037500 0.096484
0 0.778385 0.598828 0.032813 0.049219
0 0.074479 0.434180 0.057292 0.021484
0 0.071615 0.458984 0.053646 0.027344
0 0.137500 0.455859 0.050000 0.037500
0 0.174219 0.455664 0.021354 0.044922
0 0.201302 0.445117 0.032813 0.024609
0 0.202344 0.469922 0.035937 0.023438
0 0.090104 0.335352 0.026042 0.088672
0 0.945573 0.571875 0.070312 0.064062
0 0.874219 0.578711 0.044271 0.044141
0 0.231510 0.452539 0.021354 0.058984
0 0.828646 0.553516 0.040625 0.091406
0 0.705208 0.483984 0.042708 0.060937
0 0.657813 0.497461 0.046875 0.029297
0 0.617448 0.471289 0.032813 0.076172
0 0.578385 0.469727 0.043229 0.065234
0 0.542448 0.483203 0.032813 0.039062
0 0.222396 0.219336 0.026042 0.100391
0 0.504167 0.479492 0.041667 0.038672
0 0.417708 0.475195 0.041667 0.035547
0 0.376823 0.474609 0.035937 0.032031
0 0.337500 0.470313 0.039583 0.037500
0 0.296615 0.468164 0.036979 0.031641
0 0.269792 0.457031 0.015625 0.055469
0 0.254427 0.464648 0.016146 0.038672
0 0.460156 0.479883 0.042188 0.034766
0 0.253646 0.218555 0.031250 0.098828
0 0.288542 0.217578 0.039583 0.098437
0 0.325260 0.214648 0.030729 0.106641
0 0.557031 0.358594 0.044271 0.086719
0 0.632812 0.350195 0.052083 0.097266
0 0.681771 0.346875 0.045833 0.099219
0 0.743750 0.354297 0.054167 0.098437
0 0.837500 0.364258 0.059375 0.101172
0 0.893750 0.363672 0.048958 0.114062
0 0.515625 0.348633 0.039583 0.105859
0 0.947396 0.367188 0.057292 0.107031
0 0.650781 0.235742 0.020313 0.057422
0 0.713021 0.588086 0.034375 0.062891
0 0.592969 0.233789 0.036979 0.058203
0 0.589323 0.155664 0.038021 0.054297
0 0.631771 0.153906 0.037500 0.053906
0 0.675521 0.148242 0.034375 0.057422
0 0.628125 0.234766 0.025000 0.059375
0 0.745313 0.488477 0.037500 0.069922
0 0.471354 0.371094 0.043750 0.017969
0 0.429688 0.341797 0.025000 0.032813
0 0.358594 0.214453 0.031771 0.107031
0 0.385417 0.214062 0.025000 0.107813
0 0.436979 0.135742 0.054167 0.058203
0 0.487240 0.132617 0.045312 0.052734
0 0.539323 0.127148 0.059896 0.061328
0 0.429167 0.216211 0.053125 0.058984
0 0.431510 0.381445 0.028646 0.036328
0 0.480469 0.216992 0.048438 0.058984
0 0.238802 0.345898 0.036979 0.080859
0 0.278646 0.372070 0.039583 0.027734
0 0.314323 0.374414 0.031771 0.033984
0 0.343750 0.356836 0.027083 0.068359
0 0.746354 0.597461 0.029167 0.052734
0 0.399219 0.350391 0.028646 0.093750
0 0.533854 0.216797 0.057292 0.060156
0 0.370573 0.359570 0.027604 0.073828
0 0.890625 0.724609 0.071875 0.080469
0 0.291667 0.553711 0.033333 0.040234
0 0.257292 0.541602 0.031250 0.064453
