0 0.515114 0.235754 0.035948 0.059743
0 0.850082 0.240043 0.090686 0.082414
0 0.043096 0.161918 0.041258 0.117953
0 0.091299 0.157475 0.050245 0.118260
0 0.205474 0.148591 0.063725 0.119485
0 0.257966 0.152114 0.033088 0.122243
0 0.296773 0.149357 0.034722 0.116728
0 0.334150 0.149816 0.036765 0.119485
0 0.405842 0.134957 0.082925 0.092218
0 0.493056 0.134038 0.077614 0.090380
0 0.584150 0.129596 0.079248 0.093750
0 0.669118 0.126532 0.082516 0.089461
0 0.841708 0.118107 0.083742 0.094056
0 0.933415 0.114583 0.084150 0.096814
0 0.042688 0.306219 0.056781 0.070159
0 0.098448 0.313572 0.048203 0.056679
0 0.192198 0.302237 0.091095 0.074449
0 0.263480 0.312960 0.040850 0.048100
0 0.300654 0.294424 0.030229 0.084559
0 0.342525 0.291973 0.037990 0.084559
0 0.414216 0.247702 0.077614 0.076287
0 0.475286 0.237132 0.032271 0.057598
0 0.590686 0.246783 0.074346 0.084252
0 0.674837 0.244792 0.077614 0.084559
0 0.752655 0.240043 0.072304 0.079963
0 0.930964 0.218750 0.062908 0.049632
0 0.144608 0.155331 0.052288 0.116422
0 0.695670 0.635263 0.046569 0.051777
0 0.029208 0.429381 0.036356 0.068321
0 0.066585 0.660386 0.048203 0.049939
0 0.022467 0.660386 0.035131 0.045037
0 0.850694 0.545037 0.044526 0.050858
0 0.797998 0.549020 0.049428 0.052083
0 0.736520 0.551011 0.053105 0.056066
0 0.670752 0.558058 0.060458 0.053615
0 0.609273 0.560202 0.047794 0.064645
0 0.549428 0.562347 0.044935 0.071385
0 0.487337 0.560968 0.053105 0.073529
0 0.422794 0.553922 0.066176 0.059436
0 0.128268 0.657016 0.048203 0.057292
0 0.911969 0.451900 0.078840 0.063725
0 0.748979 0.458640 0.049428 0.064951
0 0.664011 0.458640 0.052696 0.060662
0 0.588848 0.465686 0.069853 0.072304
0 0.502655 0.465533 0.073938 0.067096
0 0.422386 0.465686 0.077614 0.064951
0 0.351511 0.535846 0.055964 0.072917
0 0.295956 0.533548 0.049428 0.077512
0 0.233456 0.539982 0.050245 0.069547
0 0.381127 0.737439 0.039216 0.054534
0 0.440155 0.726256 0.065768 0.100797
0 0.826389 0.453278 0.080882 0.075674
0 0.500613 0.727635 0.051062 0.101716
0 0.191993 0.656097 0.058824 0.060355
0 0.280842 0.665135 0.015931 0.040441
0 0.747549 0.633119 0.043301 0.051777
0 0.796160 0.626991 0.042484 0.065870
0 0.840686 0.623621 0.040033 0.066483
0 0.894199 0.621170 0.046569 0.070772
0 0.950572 0.598192 0.035948 0.076900
0 0.592525 0.634804 0.046160 0.050858
0 0.541871 0.635417 0.045343 0.054534
0 0.493056 0.632659 0.045752 0.050858
0 0.449551 0.638480 0.031454 0.055760
0 0.026552 0.737286 0.034314 0.061581
0 0.252042 0.652574 0.033497 0.067402
0 0.065972 0.736979 0.040441 0.060968
0 0.148080 0.737132 0.043709 0.061275
0 0.190768 0.740656 0.027778 0.056679
0 0.220384 0.735600 0.030637 0.065564
0 0.257353 0.734375 0.035131 0.063113
0 0.293505 0.734681 0.031454 0.061275
0 0.334559 0.738511 0.037582 0.056679
0 0.411152 0.636029 0.033088 0.048407
0 0.362949 0.647212 0.053513 0.073223
0 0.326389 0.665748 0.018791 0.039216
0 0.303717 0.666360 0.017565 0.037990
0 0.105801 0.738511 0.035131 0.059130
0 0.553717 0.728707 0.046977 0.101409
0 0.598856 0.729320 0.036765 0.105086
0 0.640931 0.730392 0.041667 0.109069
0 0.346405 0.409314 0.055556 0.087010
0 0.301471 0.422335 0.028595 0.063419
0 0.957108 0.857537 0.045752 0.107843
0 0.906046 0.852788 0.044935 0.110600
0 0.858252 0.856005 0.047386 0.114583
0 0.806577 0.853094 0.051062 0.113051
0 0.757353 0.852482 0.044118 0.116728
0 0.707108 0.855239 0.050654 0.110600
0 0.657475 0.851103 0.037173 0.107230
0 0.560458 0.851409 0.053922 0.100490
0 0.402574 0.370098 0.055147 0.087623
0 0.508987 0.846507 0.045752 0.102328
0 0.415237 0.851409 0.044526 0.105392
0 0.367443 0.871477 0.043709 0.067096
0 0.326593 0.873009 0.037990 0.067708
0 0.290237 0.860907 0.031454 0.083946
0 0.254698 0.861366 0.029820 0.084865
0 0.263889 0.422488 0.035131 0.068627
0 0.221201 0.419577 0.044526 0.065257
0 0.167279 0.420496 0.046977 0.064645
0 0.118056 0.426777 0.043301 0.065564
0 0.073938 0.428002 0.040850 0.063113
0 0.462418 0.855392 0.047386 0.101103
0 0.463031 0.357996 0.055147 0.071998
0 0.530637 0.359835 0.058007 0.068934
0 0.591708 0.359222 0.056781 0.074449
0 0.686887 0.731005 0.038807 0.110294
0 0.728962 0.729933 0.041258 0.106311
0 0.777574 0.728094 0.046977 0.104473
0 0.192198 0.540748 0.028186 0.054534
0 0.158497 0.541054 0.032680 0.066789
0 0.119690 0.544424 0.040850 0.061887
0 0.081087 0.554688 0.035539 0.041973
0 0.830882 0.730545 0.052288 0.111826
0 0.034926 0.556526 0.029003 0.043199
0 0.952410 0.725337 0.046160 0.098958
0 0.026961 0.862286 0.028595 0.081801
0 0.060866 0.857843 0.036765 0.085172
0 0.088031 0.854013 0.018382 0.089154
0 0.108864 0.858762 0.019199 0.084559
0 0.134804 0.862439 0.023693 0.082108
0 0.162173 0.858150 0.027778 0.083333
0 0.193015 0.859375 0.029820 0.083333
0 0.223243 0.859069 0.026552 0.091912
0 0.922998 0.352022 0.063317 0.079044
0 0.856413 0.355392 0.069036 0.074142
0 0.779820 0.359069 0.060458 0.076593
0 0.719771 0.358762 0.053922 0.078431
0 0.660539 0.372702 0.058824 0.073223
0 0.643382 0.634804 0.046569 0.050858
0 0.892770 0.746324 0.062500 0.074755
