0 0.321487 0.263634 0.077614 0.011949
0 0.404820 0.234835 0.075980 0.015625
0 0.403799 0.249234 0.077206 0.013787
0 0.871119 0.629749 0.033905 0.067708
0 0.507353 0.609222 0.084150 0.014400
0 0.323529 0.249694 0.078431 0.012255
0 0.327819 0.412684 0.078023 0.010417
0 0.651144 0.238358 0.081699 0.010417
0 0.651552 0.223499 0.082516 0.011336
0 0.566789 0.267463 0.078023 0.012868
0 0.568219 0.252298 0.077614 0.015012
0 0.567810 0.238971 0.080065 0.011642
0 0.569036 0.224877 0.082516 0.014093
0 0.485498 0.265778 0.081291 0.013787
0 0.483047 0.250000 0.079657 0.012868
0 0.485703 0.237898 0.078431 0.011949
0 0.485907 0.223346 0.075572 0.013480
0 0.402778 0.263480 0.080882 0.011642
0 0.405637 0.220129 0.077614 0.011949
0 0.321487 0.234222 0.077614 0.011949
0 0.652982 0.118260 0.082108 0.014093
0 0.241013 0.263327 0.079248 0.013787
0 0.406046 0.132047 0.075163 0.013480
0 0.407271 0.146906 0.077614 0.012561
0 0.406250 0.161458 0.078840 0.015931
0 0.488562 0.118719 0.077614 0.015012
0 0.486724 0.133425 0.077206 0.013787
0 0.487337 0.147365 0.078431 0.011642
0 0.327614 0.324908 0.077614 0.012561
0 0.487541 0.162684 0.078840 0.014093
0 0.570466 0.117953 0.079657 0.015931
0 0.326797 0.310355 0.075980 0.014093
0 0.328023 0.295343 0.078431 0.012255
0 0.246936 0.366728 0.078840 0.012255
0 0.246324 0.351409 0.077614 0.014093
0 0.323938 0.219363 0.082516 0.014706
0 0.246732 0.337623 0.078431 0.012255
0 0.245302 0.309589 0.078023 0.012561
0 0.245507 0.294884 0.078431 0.013787
0 0.649306 0.267616 0.078023 0.013174
0 0.650327 0.252145 0.082516 0.014706
0 0.569444 0.134038 0.080065 0.012561
0 0.569240 0.146293 0.079657 0.011336
0 0.569240 0.161305 0.079657 0.013174
0 0.652369 0.133272 0.080882 0.011029
0 0.651348 0.147212 0.078840 0.013174
0 0.650327 0.161612 0.080065 0.011949
0 0.242034 0.218444 0.081291 0.015319
0 0.240400 0.233150 0.081291 0.014093
0 0.242239 0.248621 0.081699 0.015012
0 0.245507 0.323683 0.078431 0.012561
0 0.329453 0.425398 0.078023 0.015012
0 0.663807 0.528646 0.072712 0.010723
0 0.801471 0.630515 0.038399 0.069240
0 0.244894 0.397365 0.080474 0.014706
0 0.245711 0.411765 0.078840 0.011029
0 0.246528 0.424020 0.074755 0.014093
0 0.246936 0.438879 0.078840 0.013787
0 0.247141 0.452053 0.075980 0.011949
0 0.248366 0.466759 0.081699 0.013174
0 0.327002 0.397978 0.079657 0.013480
0 0.331699 0.581955 0.085784 0.013787
0 0.330474 0.567249 0.086601 0.012561
0 0.330882 0.548407 0.077614 0.014706
0 0.333742 0.533395 0.080065 0.015319
0 0.227533 0.651501 0.089869 0.015012
0 0.226716 0.635570 0.091503 0.013787
0 0.231822 0.618260 0.086193 0.014093
0 0.236111 0.600031 0.084967 0.015012
0 0.241013 0.582414 0.088235 0.014706
0 0.239175 0.565870 0.084559 0.014706
0 0.236315 0.548713 0.085376 0.015319
0 0.252247 0.531710 0.076389 0.014400
0 0.650327 0.372089 0.080065 0.015625
0 0.648897 0.356464 0.077206 0.012561
0 0.649714 0.343903 0.078840 0.010723
0 0.651961 0.330423 0.080065 0.014400
0 0.587214 0.531097 0.081291 0.010723
0 0.508578 0.531250 0.074346 0.011029
0 0.585989 0.513021 0.069853 0.011949
0 0.512868 0.513327 0.073121 0.012561
0 0.585376 0.500613 0.068627 0.010417
0 0.510008 0.501685 0.070670 0.010110
0 0.839257 0.629902 0.029820 0.068015
0 0.512459 0.490043 0.072304 0.010723
0 0.412582 0.651042 0.088235 0.016544
0 0.075163 0.619332 0.018791 0.011336
0 0.409518 0.635263 0.088644 0.015012
0 0.416462 0.599265 0.083742 0.015931
0 0.418096 0.581036 0.083742 0.014400
0 0.419322 0.565411 0.082925 0.013787
0 0.417892 0.549173 0.083333 0.013787
0 0.421160 0.533854 0.086601 0.013787
0 0.320057 0.650735 0.090278 0.013480
0 0.318423 0.634651 0.090278 0.013787
0 0.324755 0.616881 0.087418 0.016238
0 0.326797 0.599571 0.088235 0.014093
0 0.413399 0.618107 0.083333 0.016238
0 0.583538 0.543045 0.073938 0.011336
0 0.077002 0.607690 0.016748 0.011336
0 0.082925 0.652267 0.018791 0.014093
0 0.565564 0.444700 0.078840 0.011336
0 0.567198 0.430453 0.078840 0.012868
0 0.567402 0.415748 0.079248 0.014093
0 0.569649 0.401961 0.080474 0.012255
0 0.486928 0.470435 0.077614 0.013174
0 0.485703 0.456036 0.078431 0.012561
0 0.487949 0.443168 0.079657 0.010723
0 0.487337 0.429688 0.075163 0.013787
0 0.488358 0.416360 0.077206 0.012868
0 0.487745 0.403033 0.079248 0.014400
0 0.408701 0.467678 0.073938 0.012561
0 0.407475 0.454197 0.074755 0.012561
0 0.408292 0.441023 0.073121 0.013174
0 0.410743 0.426930 0.078023 0.013174
0 0.408701 0.412684 0.077206 0.012868
0 0.408292 0.397672 0.079657 0.012868
0 0.329248 0.468137 0.080882 0.013480
0 0.329248 0.454350 0.077614 0.011642
0 0.328840 0.440564 0.080065 0.009804
0 0.565972 0.458180 0.079657 0.012561
0 0.565564 0.471507 0.075572 0.011029
0 0.649714 0.403799 0.078840 0.011642
0 0.649918 0.417126 0.081699 0.011949
0 0.079861 0.634957 0.019199 0.014400
0 0.061275 0.650582 0.019608 0.013174
0 0.135621 0.652114 0.087418 0.013787
0 0.133783 0.635110 0.092729 0.012868
0 0.136642 0.612592 0.095180 0.016850
0 0.142361 0.592984 0.097631 0.015012
0 0.150940 0.577819 0.086193 0.010417
0 0.143995 0.564798 0.097631 0.012561
0 0.154820 0.541054 0.075163 0.016544
0 0.079453 0.590839 0.018382 0.017463
0 0.426266 0.515165 0.081291 0.013787
0 0.427900 0.498468 0.081291 0.011029
0 0.343546 0.497396 0.078431 0.015625
0 0.261438 0.513021 0.073529 0.011949
0 0.262663 0.498468 0.075980 0.013480
0 0.171773 0.519301 0.081291 0.017770
0 0.647263 0.472580 0.079657 0.013174
0 0.646446 0.458333 0.081291 0.012868
0 0.647876 0.445006 0.080882 0.011949
0 0.646855 0.431219 0.078840 0.012561
0 0.337623 0.516085 0.075572 0.013174
0 0.596814 0.575674 0.069444 0.017770
0 0.585580 0.489430 0.069036 0.011949
0 0.504698 0.570006 0.075572 0.015625
0 0.408701 0.326440 0.077206 0.011336
0 0.408497 0.340686 0.076797 0.014093
0 0.409314 0.355392 0.075163 0.012868
0 0.409518 0.368260 0.078840 0.010417
0 0.489175 0.299632 0.078840 0.013480
0 0.489788 0.314032 0.076797 0.012255
0 0.488358 0.328431 0.077206 0.012868
0 0.489788 0.342678 0.076797 0.013174
0 0.406454 0.311734 0.075980 0.014400
0 0.488562 0.355699 0.077614 0.011029
0 0.569444 0.299939 0.080065 0.014093
0 0.570261 0.314338 0.081699 0.012868
0 0.569036 0.328431 0.079248 0.012868
0 0.506127 0.552237 0.078431 0.013174
0 0.569240 0.357077 0.079657 0.013787
0 0.569240 0.370098 0.077206 0.011642
0 0.655025 0.302083 0.086193 0.011642
0 0.652574 0.315870 0.081291 0.013480
0 0.489992 0.368260 0.077206 0.012868
0 0.502451 0.635417 0.089869 0.013480
0 0.406454 0.296415 0.075980 0.014400
0 0.327002 0.352328 0.076389 0.011642
0 0.761642 0.629749 0.035539 0.071998
0 0.693219 0.661152 0.097222 0.012868
0 0.691176 0.644455 0.095588 0.017463
0 0.689747 0.626838 0.095997 0.017157
0 0.684028 0.591146 0.094363 0.016238
0 0.670956 0.558517 0.083742 0.014093
0 0.664011 0.541973 0.078840 0.011642
0 0.504085 0.652880 0.089869 0.015319
0 0.328227 0.366422 0.078840 0.014093
0 0.407067 0.117494 0.077206 0.012561
0 0.327002 0.145987 0.079657 0.013174
0 0.327206 0.132353 0.080065 0.011642
0 0.326389 0.117800 0.078431 0.013174
0 0.246528 0.160539 0.078023 0.011642
0 0.244281 0.146752 0.075980 0.012255
0 0.246119 0.131434 0.077206 0.014706
0 0.247958 0.117494 0.074346 0.012561
0 0.327410 0.338848 0.077206 0.012868
0 0.327410 0.160999 0.077206 0.015012
0 0.593954 0.648897 0.089052 0.016544
0 0.569240 0.342525 0.077206 0.012868
0 0.504902 0.593597 0.085784 0.013787
0 0.593546 0.625766 0.088235 0.015012
0 0.594567 0.610294 0.090278 0.014706
0 0.593954 0.592065 0.085784 0.013174
