0 0.497917 0.159570 0.064583 0.095703
0 0.167708 0.556055 0.044792 0.067578
0 0.913802 0.692187 0.069271 0.060156
0 0.922135 0.368945 0.090104 0.017578
0 0.919271 0.388867 0.091667 0.017578
0 0.920573 0.407227 0.086979 0.012891
0 0.788542 0.425000 0.031250 0.117969
0 0.845833 0.424805 0.053125 0.112109
0 0.729688 0.425586 0.051042 0.116797
0 0.623437 0.423242 0.047917 0.117578
0 0.921354 0.353320 0.092708 0.013672
0 0.672917 0.426367 0.045833 0.120703
0 0.208594 0.374219 0.044271 0.086719
0 0.258073 0.370703 0.043229 0.085156
0 0.319010 0.369727 0.053646 0.088672
0 0.378125 0.372070 0.052083 0.093359
0 0.441927 0.369336 0.064062 0.093359
0 0.503125 0.370703 0.045833 0.090625
0 0.565365 0.369141 0.054688 0.101562
0 0.154167 0.373437 0.051042 0.092969
0 0.091927 0.460938 0.046354 0.044531
0 0.914323 0.332617 0.081771 0.017578
0 0.777083 0.289844 0.060417 0.135937
0 0.153125 0.279297 0.041667 0.078125
0 0.263021 0.172266 0.041667 0.096094
0 0.317448 0.168750 0.060937 0.091406
0 0.214323 0.180078 0.050521 0.092188
0 0.154688 0.184375 0.052083 0.089063
0 0.390625 0.164453 0.078125 0.100000
0 0.206771 0.280469 0.059375 0.091406
0 0.840625 0.278516 0.057292 0.126562
0 0.269271 0.274805 0.054167 0.091797
0 0.373698 0.271094 0.050521 0.098437
0 0.433073 0.266406 0.057813 0.094531
0 0.492188 0.264648 0.050000 0.098828
0 0.557292 0.262500 0.067708 0.092188
0 0.632292 0.292187 0.054167 0.128906
0 0.564323 0.150586 0.059896 0.122266
0 0.701042 0.289648 0.068750 0.132422
0 0.318750 0.269141 0.045833 0.094531
0 0.978646 0.689844 0.042708 0.067187
0 0.163802 0.463086 0.048438 0.080078
0 0.256250 0.465039 0.046875 0.089453
0 0.210156 0.555664 0.032813 0.058203
0 0.091667 0.551367 0.045833 0.074609
0 0.086979 0.654883 0.055208 0.075391
0 0.150781 0.650000 0.048438 0.073438
0 0.212500 0.646094 0.067708 0.068750
0 0.312760 0.656641 0.048438 0.073438
0 0.375260 0.666016 0.050521 0.085938
0 0.254167 0.560156 0.038542 0.064062
0 0.440885 0.664062 0.051562 0.082031
0 0.550521 0.653320 0.046875 0.055078
0 0.607031 0.655273 0.041146 0.078516
0 0.648177 0.647461 0.038021 0.094141
0 0.691927 0.647852 0.035937 0.091797
0 0.737240 0.649414 0.032813 0.083984
0 0.785937 0.657227 0.037500 0.085547
0 0.840104 0.662695 0.041667 0.085547
0 0.495312 0.650586 0.044792 0.058203
0 0.214062 0.463867 0.037500 0.087109
0 0.331510 0.565625 0.036979 0.069531
0 0.453385 0.562695 0.053646 0.077734
0 0.305990 0.468164 0.038021 0.090234
0 0.340885 0.468750 0.022396 0.099219
0 0.387240 0.468945 0.055729 0.091797
0 0.449219 0.468945 0.052604 0.094141
0 0.508333 0.470703 0.059375 0.100781
0 0.566667 0.474023 0.050000 0.098828
0 0.926042 0.522266 0.086458 0.028125
0 0.381771 0.568359 0.052083 0.078125
0 0.926823 0.552734 0.088021 0.027344
0 0.844531 0.543164 0.043229 0.102734
0 0.785156 0.541211 0.050521 0.098828
0 0.621094 0.536328 0.050521 0.095312
0 0.681771 0.541211 0.044792 0.093359
0 0.733073 0.542188 0.043229 0.103906
0 0.567187 0.569727 0.039583 0.080859
0 0.520833 0.569336 0.036458 0.085547
0 0.927604 0.583398 0.096875 0.032422
0 0.634896 0.150586 0.070833 0.133203
0 0.151823 0.822656 0.035937 0.064062
0 0.782031 0.142773 0.059896 0.131641
0 0.202865 0.737500 0.048438 0.078125
0 0.276302 0.752148 0.039062 0.085547
0 0.321354 0.748437 0.032292 0.066406
0 0.382812 0.747656 0.039583 0.064844
0 0.423958 0.750000 0.020833 0.061719
0 0.459635 0.756055 0.032813 0.065234
0 0.494792 0.760352 0.020833 0.059766
0 0.085677 0.889062 0.048438 0.141406
0 0.197396 0.824609 0.033333 0.067969
0 0.235417 0.833594 0.023958 0.060937
0 0.713281 0.153320 0.059896 0.127734
0 0.295312 0.838281 0.020833 0.053906
0 0.359896 0.819141 0.060417 0.054688
0 0.366667 0.882031 0.044792 0.049219
0 0.156250 0.736719 0.029167 0.068750
0 0.426823 0.865625 0.049479 0.094531
0 0.544531 0.879102 0.053646 0.098828
0 0.597656 0.893359 0.036979 0.088281
0 0.646094 0.889258 0.036979 0.069141
0 0.697917 0.897070 0.036458 0.081641
0 0.746354 0.904883 0.040625 0.069922
0 0.792708 0.911328 0.028125 0.062500
0 0.834896 0.919727 0.038542 0.076953
0 0.935677 0.941992 0.128646 0.116016
0 0.548438 0.967969 0.065625 0.064062
0 0.466406 0.955859 0.060937 0.073438
0 0.390104 0.949414 0.083333 0.074609
0 0.326302 0.948633 0.038021 0.073047
0 0.191667 0.926562 0.078125 0.076563
0 0.267448 0.939453 0.057813 0.082812
0 0.488281 0.871289 0.033854 0.083203
0 0.093490 0.779883 0.042188 0.048828
0 0.267448 0.838281 0.017188 0.059375
0 0.568750 0.760547 0.035417 0.063281
0 0.722135 0.729297 0.080729 0.059375
0 0.637240 0.731055 0.068229 0.054297
0 0.726302 0.814063 0.089063 0.075000
0 0.626823 0.808398 0.073438 0.066797
0 0.818750 0.794727 0.084375 0.148047
0 0.905469 0.837891 0.045312 0.037500
0 0.964323 0.840430 0.051562 0.038672
0 0.982031 0.792578 0.034896 0.035156
0 0.929688 0.796680 0.041667 0.040234
0 0.857292 0.134375 0.068750 0.134375
0 0.939323 0.128125 0.075521 0.144531
0 0.528385 0.760352 0.032813 0.068359
