0 0.267157 0.882966 0.091503 0.036152
0 0.368668 0.882200 0.099265 0.048100
0 0.477124 0.878983 0.097222 0.020833
0 0.472835 0.902727 0.092729 0.024816
0 0.578840 0.885417 0.089869 0.063725
0 0.697712 0.894914 0.107843 0.060049
0 0.814338 0.887714 0.109069 0.059130
0 0.959967 0.884191 0.080065 0.029412
0 0.951389 0.918352 0.097222 0.034620
0 0.216708 0.733609 0.048611 0.021140
0 0.358660 0.177390 0.070261 0.045956
0 0.484273 0.176164 0.043709 0.041054
0 0.353962 0.216452 0.069853 0.027880
0 0.420752 0.215993 0.053922 0.029412
0 0.474060 0.213848 0.045343 0.032475
0 0.331699 0.255515 0.074346 0.041667
0 0.405433 0.253064 0.057598 0.042892
0 0.465891 0.252911 0.064951 0.041360
0 0.330065 0.303462 0.074346 0.043811
0 0.400940 0.302696 0.063317 0.046569
0 0.426062 0.174632 0.064542 0.040441
0 0.120915 0.763021 0.055556 0.029718
0 0.125408 0.796569 0.046569 0.032475
0 0.178105 0.762255 0.044935 0.030025
0 0.127451 0.305300 0.053922 0.037071
0 0.070466 0.306832 0.058415 0.034620
0 0.121936 0.267770 0.060866 0.031863
0 0.063725 0.268536 0.051471 0.033395
0 0.133374 0.229013 0.059232 0.034620
0 0.068015 0.228401 0.056781 0.033395
0 0.654820 0.757353 0.064542 0.041054
0 0.588031 0.804841 0.071487 0.042279
0 0.584559 0.758272 0.064542 0.042892
0 0.508374 0.801777 0.064951 0.045343
0 0.511642 0.753983 0.071487 0.041054
0 0.432802 0.801624 0.069036 0.040135
0 0.430351 0.755362 0.073121 0.043811
0 0.356822 0.797641 0.075572 0.039522
0 0.353758 0.755055 0.069444 0.040748
0 0.289624 0.795190 0.060458 0.038909
0 0.282884 0.753064 0.059232 0.041667
0 0.226511 0.799326 0.046977 0.028799
0 0.176879 0.796569 0.042484 0.030025
0 0.226920 0.762868 0.045343 0.029412
0 0.878268 0.522825 0.072712 0.045650
0 0.466299 0.301471 0.065768 0.047181
0 0.604984 0.295496 0.212418 0.059130
0 0.831087 0.292586 0.219363 0.052083
0 0.606413 0.237898 0.206291 0.048100
0 0.561683 0.566636 0.073529 0.039522
0 0.641748 0.523284 0.075163 0.039828
0 0.644199 0.566942 0.076797 0.042586
0 0.720792 0.520527 0.068219 0.043505
0 0.725082 0.568321 0.067810 0.045343
0 0.801471 0.569853 0.083333 0.043505
0 0.795139 0.520833 0.067402 0.044118
0 0.367443 0.680607 0.075572 0.047488
0 0.294730 0.680607 0.064951 0.047488
0 0.558007 0.523744 0.072712 0.038297
0 0.299632 0.630974 0.068219 0.044424
0 0.227533 0.651654 0.052288 0.028799
0 0.227328 0.621017 0.060866 0.029412
0 0.172181 0.684743 0.051062 0.033088
0 0.168709 0.652574 0.050654 0.028186
0 0.169322 0.619945 0.048611 0.031556
0 0.117239 0.652267 0.044935 0.032475
0 0.116830 0.620251 0.038399 0.027880
0 0.056781 0.710784 0.104575 0.073529
0 0.044526 0.644608 0.071078 0.055760
0 0.228962 0.685355 0.049428 0.031863
0 0.563521 0.491422 0.077206 0.021446
0 0.477124 0.562194 0.069444 0.039828
0 0.476511 0.516238 0.080474 0.048407
0 0.834763 0.232384 0.247958 0.056679
0 0.598652 0.193015 0.175245 0.028799
0 0.818219 0.169730 0.239379 0.063113
0 0.869485 0.706342 0.085376 0.044424
0 0.863358 0.662224 0.088644 0.038297
0 0.782475 0.699755 0.076389 0.047181
0 0.779820 0.653799 0.076797 0.042279
0 0.859477 0.625306 0.077614 0.019608
0 0.776144 0.623162 0.081699 0.019608
0 0.698121 0.691942 0.078431 0.034007
0 0.694444 0.651654 0.073529 0.040441
0 0.689542 0.620558 0.073529 0.019301
0 0.613766 0.687960 0.080474 0.043811
0 0.611111 0.639859 0.075163 0.046262
0 0.530433 0.681219 0.069036 0.041973
0 0.532680 0.636029 0.071078 0.043505
0 0.452002 0.681526 0.082925 0.040135
0 0.447917 0.635876 0.084559 0.043199
0 0.303105 0.514093 0.075163 0.046569
0 0.301266 0.561581 0.071487 0.042892
0 0.386234 0.558824 0.082925 0.046569
0 0.202614 0.191789 0.039216 0.035539
0 0.255923 0.191483 0.054330 0.030637
0 0.881536 0.568168 0.072712 0.042586
0 0.247141 0.226409 0.051471 0.036152
0 0.167484 0.880668 0.097222 0.040748
0 0.952410 0.765319 0.049428 0.043505
0 0.653186 0.390012 0.089052 0.045343
0 0.812500 0.353554 0.218137 0.018382
0 0.820466 0.388940 0.212827 0.048100
0 0.827002 0.438419 0.213644 0.048407
0 0.045752 0.562040 0.054739 0.108150
0 0.100082 0.503217 0.044935 0.022365
0 0.102328 0.533395 0.049428 0.030025
0 0.673203 0.437347 0.080065 0.046262
0 0.103758 0.566789 0.042484 0.030637
0 0.161152 0.531863 0.060049 0.029412
0 0.160335 0.567249 0.051879 0.031556
0 0.217116 0.495098 0.049428 0.028799
0 0.223652 0.528186 0.060049 0.031250
0 0.218750 0.564491 0.059232 0.032782
0 0.663399 0.804688 0.069444 0.044424
0 0.822917 0.764246 0.196487 0.045650
0 0.809845 0.815411 0.194853 0.051777
0 0.947917 0.817096 0.068219 0.050858
0 0.158701 0.498468 0.055147 0.031250
0 0.585580 0.438572 0.087827 0.042586
0 0.195874 0.227175 0.041258 0.035846
0 0.563317 0.392770 0.080065 0.041667
0 0.248775 0.267004 0.058007 0.035233
0 0.251634 0.305300 0.058007 0.038297
0 0.070466 0.370404 0.058415 0.036152
0 0.054330 0.455270 0.062908 0.068627
0 0.141748 0.370558 0.048203 0.034007
0 0.205065 0.369792 0.049837 0.034926
0 0.130923 0.405944 0.051062 0.033701
0 0.188521 0.307138 0.047794 0.037684
0 0.192198 0.407322 0.069853 0.034620
0 0.498162 0.436428 0.081291 0.044424
0 0.316789 0.366115 0.099265 0.027574
0 0.402778 0.361366 0.070261 0.031556
0 0.294526 0.394608 0.112745 0.020221
0 0.396650 0.393536 0.073529 0.022978
0 0.314951 0.434130 0.123366 0.049020
0 0.417484 0.434589 0.075163 0.048713
0 0.137868 0.443781 0.062500 0.031556
0 0.190768 0.267923 0.045752 0.039522
0 0.201593 0.443627 0.052696 0.037990
0 0.483660 0.387561 0.061275 0.042892
0 0.579248 0.355392 0.084150 0.022059
0 0.491217 0.352635 0.076389 0.020833
