0 0.621119 0.504596 0.031454 0.074142
0 0.771650 0.491115 0.031863 0.073529
0 0.656046 0.504902 0.031863 0.074142
0 0.688521 0.505055 0.029820 0.080576
0 0.723856 0.502604 0.035948 0.075674
0 0.839052 0.503064 0.031863 0.073529
0 0.725082 0.396752 0.037582 0.083333
0 0.905025 0.503983 0.031454 0.074755
0 0.945057 0.500766 0.037173 0.073223
0 0.983047 0.504289 0.033905 0.068627
0 0.688317 0.398284 0.030229 0.075368
0 0.587827 0.501685 0.030229 0.079350
0 0.873366 0.504596 0.031863 0.073529
0 0.531658 0.504902 0.030637 0.079657
0 0.363562 0.750460 0.058007 0.070772
0 0.415645 0.503217 0.030637 0.079350
0 0.859681 0.619332 0.040441 0.068934
0 0.901144 0.605392 0.038399 0.092525
0 0.097835 0.227635 0.055147 0.103554
0 0.294730 0.746170 0.060866 0.080576
0 0.231209 0.746477 0.062092 0.081189
0 0.163603 0.747243 0.064951 0.090074
0 0.095792 0.746017 0.063317 0.085172
0 0.029616 0.744792 0.052696 0.077819
0 0.818219 0.618413 0.035948 0.067096
0 0.942402 0.608915 0.038399 0.095282
0 0.942198 0.750766 0.071487 0.075674
0 0.872549 0.750460 0.062908 0.075061
0 0.742034 0.748775 0.064951 0.076593
0 0.673611 0.748621 0.066176 0.078125
0 0.609273 0.751072 0.056781 0.078125
0 0.550041 0.747396 0.053513 0.073836
0 0.492239 0.753523 0.053105 0.064032
0 0.427696 0.749694 0.062908 0.066176
0 0.981413 0.606005 0.037173 0.102941
0 0.499183 0.503217 0.030229 0.079350
0 0.738766 0.608150 0.045343 0.079044
0 0.652369 0.613358 0.041667 0.072917
0 0.385212 0.504749 0.028595 0.078125
0 0.355188 0.507659 0.028186 0.077819
0 0.255719 0.506893 0.028595 0.078125
0 0.047181 0.479933 0.053513 0.097120
0 0.109069 0.478401 0.071078 0.098958
0 0.066381 0.603094 0.057598 0.094669
0 0.129698 0.600184 0.062500 0.098652
0 0.166667 0.509651 0.033497 0.070772
0 0.695261 0.611060 0.036765 0.078125
0 0.199755 0.509804 0.027778 0.069853
0 0.185253 0.603248 0.038807 0.097426
0 0.227328 0.602635 0.038807 0.096201
0 0.269404 0.603707 0.038807 0.100797
0 0.423611 0.607996 0.037582 0.087929
0 0.464461 0.607843 0.040850 0.092525
0 0.504493 0.622855 0.026961 0.059436
0 0.535743 0.621477 0.030637 0.059130
0 0.572917 0.614737 0.038807 0.073836
0 0.226511 0.507353 0.024918 0.074755
0 0.316789 0.603707 0.048611 0.091605
0 0.032475 0.227635 0.064951 0.107230
0 0.143791 0.304994 0.027778 0.075674
0 0.635825 0.305760 0.034722 0.077819
0 0.601920 0.306066 0.033905 0.079657
0 0.532884 0.303615 0.034722 0.079657
0 0.495507 0.303922 0.034314 0.076593
0 0.458742 0.305300 0.035948 0.076287
0 0.354779 0.307138 0.037173 0.075061
0 0.300858 0.307598 0.035539 0.075980
0 0.256536 0.307445 0.044935 0.075674
0 0.175245 0.304688 0.031863 0.075061
0 0.210580 0.304994 0.036356 0.077512
0 0.236111 0.402267 0.037582 0.077819
0 0.267974 0.401348 0.022876 0.078431
0 0.297794 0.401501 0.029412 0.076287
0 0.706495 0.304075 0.034722 0.074449
0 0.327206 0.401961 0.022876 0.077206
0 0.385212 0.400735 0.029412 0.079044
0 0.418301 0.400888 0.033497 0.086703
0 0.456495 0.401501 0.031454 0.080576
0 0.491422 0.408088 0.029412 0.068015
0 0.526552 0.403186 0.031046 0.074755
0 0.561887 0.402267 0.031454 0.077819
0 0.595997 0.398744 0.029412 0.078738
0 0.630719 0.398897 0.035948 0.080270
0 0.983456 0.394608 0.031454 0.076593
0 0.874592 0.399203 0.032680 0.075980
0 0.838440 0.396752 0.036356 0.080882
0 0.800858 0.400123 0.036356 0.076593
0 0.764093 0.399510 0.032271 0.078431
0 0.353758 0.400888 0.029412 0.084252
0 0.743260 0.303002 0.036356 0.078431
0 0.671569 0.304534 0.032680 0.075368
0 0.922998 0.300092 0.036356 0.075061
0 0.167892 0.208180 0.073529 0.078738
0 0.279003 0.212469 0.063725 0.061581
0 0.355392 0.209559 0.070261 0.067402
0 0.433211 0.205576 0.075572 0.073529
0 0.809845 0.300858 0.037173 0.078431
0 0.549428 0.205116 0.044935 0.072610
0 0.596201 0.197151 0.042075 0.068321
0 0.642361 0.198223 0.050245 0.082108
0 0.693423 0.177543 0.045343 0.043199
0 0.694649 0.219975 0.035539 0.036765
0 0.498366 0.206342 0.046569 0.075061
0 0.865605 0.187040 0.052288 0.034007
0 0.922181 0.187653 0.043709 0.035233
0 0.976511 0.186734 0.042892 0.038297
0 0.971814 0.221354 0.055556 0.027880
0 0.919730 0.223039 0.044526 0.033088
0 0.869077 0.221661 0.043709 0.032782
0 0.989175 0.299326 0.021650 0.071078
0 0.960580 0.301624 0.032271 0.071385
0 0.749183 0.212929 0.050654 0.048407
