0 0.941186 0.397356 0.039423 0.072115
0 0.427885 0.722596 0.054487 0.070192
0 0.370833 0.721394 0.048077 0.084615
0 0.960897 0.079327 0.033974 0.069231
0 0.917788 0.082692 0.027885 0.081731
0 0.863301 0.066947 0.073397 0.103606
0 0.770353 0.072716 0.077244 0.096875
0 0.701282 0.088341 0.046795 0.070433
0 0.644231 0.092428 0.040385 0.069471
0 0.600801 0.089784 0.045833 0.077163
0 0.556090 0.088942 0.035256 0.078846
0 0.522917 0.092788 0.029167 0.077885
0 0.476923 0.722596 0.041667 0.079808
0 0.454647 0.092548 0.079808 0.080769
0 0.250801 0.097115 0.090064 0.069231
0 0.245192 0.337620 0.041667 0.021875
0 0.156571 0.101202 0.084936 0.082692
0 0.067468 0.192909 0.087500 0.046394
0 0.064904 0.139423 0.069551 0.037019
0 0.135897 0.232091 0.021795 0.060817
0 0.201763 0.238702 0.026603 0.047596
0 0.230929 0.235817 0.029167 0.048558
0 0.272917 0.232813 0.033013 0.056971
0 0.310096 0.232813 0.027885 0.052163
0 0.358173 0.247476 0.048397 0.027644
0 0.347436 0.094952 0.089744 0.080769
0 0.413301 0.246034 0.044551 0.030529
0 0.533654 0.726683 0.057051 0.083654
0 0.721474 0.725721 0.062179 0.075962
0 0.149199 0.418630 0.041987 0.051202
0 0.966506 0.606490 0.039423 0.076923
0 0.913462 0.611538 0.053205 0.080769
0 0.866186 0.625721 0.025321 0.040865
0 0.526442 0.339303 0.033013 0.019952
0 0.566026 0.340865 0.039103 0.023558
0 0.561218 0.315986 0.039103 0.023798
0 0.525160 0.317909 0.030449 0.019952
0 0.088782 0.853606 0.114103 0.116827
0 0.192949 0.851082 0.059615 0.105529
0 0.260577 0.854327 0.062179 0.112981
0 0.622436 0.717067 0.101282 0.088462
0 0.335897 0.834255 0.054487 0.103606
0 0.507532 0.850601 0.131731 0.111298
0 0.647917 0.856731 0.124038 0.108173
0 0.778686 0.867668 0.122756 0.095913
0 0.857853 0.870313 0.022756 0.088221
0 0.896474 0.858053 0.054487 0.098798
0 0.967949 0.861058 0.064103 0.104327
0 0.951282 0.719471 0.046795 0.074038
0 0.907372 0.717548 0.031410 0.068269
0 0.880769 0.718990 0.028846 0.089423
0 0.845994 0.719952 0.035577 0.097115
0 0.792147 0.722716 0.066987 0.100721
0 0.405769 0.854688 0.054487 0.100721
0 0.411378 0.216947 0.047115 0.024760
0 0.356731 0.215024 0.048077 0.023798
0 0.472436 0.242548 0.051923 0.025481
0 0.532372 0.612740 0.041667 0.075962
0 0.485577 0.610697 0.042949 0.068510
0 0.435096 0.610697 0.040705 0.068510
0 0.383974 0.608053 0.051923 0.071394
0 0.337981 0.606851 0.039423 0.071394
0 0.289423 0.607812 0.046795 0.069471
0 0.237821 0.609736 0.048077 0.075240
0 0.179808 0.610216 0.049359 0.069471
0 0.108013 0.603606 0.060897 0.082692
0 0.047115 0.607452 0.053205 0.084615
0 0.195513 0.413942 0.042949 0.048558
0 0.577564 0.606971 0.046795 0.075962
0 0.853205 0.205409 0.027564 0.089183
0 0.919071 0.197356 0.033013 0.092308
0 0.958814 0.210697 0.026603 0.060817
0 0.986538 0.218149 0.025641 0.062740
0 0.962821 0.304567 0.044231 0.084615
0 0.662019 0.409976 0.031731 0.058894
0 0.707372 0.404207 0.053205 0.065625
0 0.752244 0.407091 0.037821 0.050240
0 0.799038 0.400721 0.049359 0.056250
0 0.847436 0.399279 0.041667 0.068269
0 0.895353 0.398317 0.039423 0.070192
0 0.983013 0.398317 0.033974 0.075000
0 0.886699 0.203125 0.025321 0.085577
0 0.627404 0.609255 0.041987 0.071394
0 0.677724 0.612139 0.044551 0.060817
0 0.759135 0.609495 0.064423 0.078125
0 0.531731 0.241587 0.053205 0.027404
0 0.593910 0.239183 0.050641 0.027404
0 0.317308 0.725962 0.045513 0.087500
0 0.252404 0.725481 0.039423 0.088462
0 0.201923 0.726683 0.055769 0.083654
0 0.141346 0.719712 0.054487 0.080769
0 0.591667 0.209976 0.051923 0.025721
0 0.586538 0.178125 0.055769 0.028365
0 0.066186 0.721635 0.078526 0.081731
0 0.607212 0.318510 0.033013 0.063462
0 0.657532 0.310937 0.041987 0.074279
0 0.703045 0.313341 0.044551 0.064663
0 0.755288 0.310937 0.038141 0.055048
0 0.800000 0.310697 0.041667 0.067548
0 0.529487 0.183654 0.055769 0.027404
0 0.530128 0.213822 0.054487 0.023798
0 0.469071 0.215385 0.059295 0.029327
0 0.469551 0.184495 0.058333 0.024760
0 0.638942 0.220913 0.026603 0.057212
0 0.672917 0.218870 0.031731 0.058894
0 0.710417 0.217909 0.036859 0.056010
0 0.751442 0.217428 0.024038 0.061779
0 0.788622 0.218990 0.031731 0.051442
0 0.821314 0.219952 0.024038 0.063462
0 0.827564 0.632332 0.036538 0.032452
0 0.861859 0.300481 0.048077 0.075962
0 0.235897 0.404928 0.034615 0.018990
0 0.244231 0.311899 0.046795 0.027644
0 0.275000 0.427885 0.037179 0.020673
0 0.164744 0.518510 0.050641 0.053365
0 0.209295 0.522356 0.041667 0.045673
0 0.240385 0.429928 0.030769 0.021394
0 0.252083 0.521394 0.048397 0.047596
0 0.296955 0.518510 0.030449 0.053365
0 0.332532 0.522837 0.038141 0.054327
0 0.383814 0.521875 0.045833 0.070192
0 0.441827 0.511418 0.044551 0.062740
0 0.495513 0.512139 0.050641 0.063702
0 0.554487 0.513101 0.048077 0.061779
0 0.603045 0.513822 0.047115 0.062740
0 0.651442 0.504567 0.033013 0.069231
0 0.689423 0.509014 0.045513 0.072356
0 0.732853 0.507091 0.040705 0.066587
0 0.764904 0.516827 0.018910 0.049519
0 0.789583 0.514784 0.030449 0.051202
0 0.812660 0.515144 0.022756 0.050481
0 0.851282 0.505529 0.042949 0.072115
0 0.897276 0.507332 0.036859 0.068510
0 0.945994 0.506731 0.052244 0.081731
0 0.348397 0.426923 0.031410 0.020192
0 0.386699 0.428726 0.029167 0.023798
0 0.382853 0.403125 0.031090 0.022596
0 0.106410 0.493750 0.048077 0.083654
0 0.383494 0.382091 0.035577 0.019471
0 0.036378 0.490264 0.069551 0.087260
0 0.091506 0.394351 0.060577 0.052163
0 0.291667 0.319231 0.033974 0.016346
0 0.291346 0.342428 0.037821 0.015144
0 0.331250 0.340505 0.034295 0.020913
0 0.327724 0.320913 0.031731 0.017308
0 0.367788 0.299038 0.034295 0.016346
0 0.366827 0.321394 0.033013 0.022596
0 0.367788 0.341346 0.034295 0.015385
0 0.406571 0.298197 0.038141 0.020913
0 0.408173 0.320072 0.040705 0.019952
0 0.406250 0.341707 0.038141 0.018029
0 0.449038 0.320553 0.036538 0.018990
0 0.450000 0.297476 0.035256 0.018029
0 0.489583 0.297957 0.041987 0.021875
0 0.486378 0.319231 0.035577 0.017308
0 0.484776 0.339062 0.029167 0.018029
0 0.446795 0.341106 0.041667 0.016346
0 0.196314 0.341707 0.038141 0.020913
0 0.195673 0.317188 0.039423 0.023798
0 0.149199 0.320072 0.047115 0.019952
0 0.151763 0.341707 0.041987 0.020913
0 0.068750 0.314183 0.112500 0.032212
0 0.068750 0.271875 0.081090 0.036058
0 0.027244 0.375120 0.053205 0.025721
0 0.029167 0.407813 0.055769 0.024760
0 0.347276 0.383534 0.029167 0.018990
0 0.420353 0.428726 0.033013 0.023798
0 0.276282 0.405529 0.030128 0.017788
0 0.311538 0.407091 0.030769 0.021875
0 0.348397 0.407332 0.031410 0.018990
0 0.309936 0.381731 0.033974 0.020192
0 0.312821 0.429327 0.033333 0.020192
0 0.421474 0.402043 0.037821 0.019952
0 0.623558 0.408053 0.034295 0.053125
0 0.580609 0.413702 0.036859 0.046635
0 0.539904 0.417548 0.031731 0.038942
0 0.502564 0.417788 0.039103 0.040865
0 0.274359 0.381130 0.032692 0.018990
0 0.459776 0.403966 0.039423 0.020913
0 0.455288 0.429928 0.030449 0.023798
