0 0.410948 0.193015 0.033497 0.117034
0 0.458742 0.193781 0.045752 0.106311
0 0.087418 0.598039 0.037582 0.035539
0 0.682802 0.464154 0.049428 0.068015
0 0.051879 0.357843 0.038399 0.060049
0 0.107843 0.345895 0.058824 0.093750
0 0.186683 0.339154 0.034314 0.099877
0 0.227328 0.347580 0.024101 0.078125
0 0.258783 0.353707 0.028186 0.063419
0 0.296569 0.350490 0.035131 0.072304
0 0.333946 0.343903 0.028186 0.083027
0 0.369894 0.354626 0.024918 0.056679
0 0.412377 0.350797 0.041258 0.069240
0 0.472631 0.341605 0.037582 0.077819
0 0.503268 0.343903 0.022059 0.074449
0 0.530229 0.348039 0.019608 0.069853
0 0.556373 0.339920 0.019608 0.078738
0 0.610090 0.348039 0.019199 0.064951
0 0.502247 0.193627 0.033088 0.108456
0 0.029820 0.213848 0.058007 0.077819
0 0.365605 0.204044 0.045752 0.102328
0 0.106413 0.214920 0.068219 0.092218
0 0.220997 0.207261 0.040850 0.094056
0 0.627655 0.462163 0.047794 0.071998
0 0.528595 0.463235 0.045752 0.079657
0 0.467729 0.467984 0.044118 0.079963
0 0.367239 0.463695 0.042484 0.071385
0 0.315359 0.466759 0.046569 0.072610
0 0.267565 0.464920 0.042484 0.081189
0 0.210784 0.464920 0.049837 0.076287
0 0.114583 0.461397 0.069036 0.078431
0 0.041462 0.460938 0.073121 0.084252
0 0.017974 0.591299 0.029412 0.049020
0 0.095384 0.557445 0.043709 0.043199
0 0.138480 0.595129 0.035131 0.048713
0 0.246936 0.581189 0.060049 0.049632
0 0.315972 0.194853 0.040441 0.123162
0 0.271242 0.196078 0.044935 0.120711
0 0.175245 0.219822 0.031046 0.072610
0 0.541054 0.188879 0.033905 0.116115
0 0.583129 0.343137 0.020833 0.074755
0 0.636234 0.183977 0.042892 0.125306
0 0.955678 0.855392 0.030637 0.075368
0 0.921364 0.852635 0.024101 0.064951
0 0.892770 0.853401 0.030637 0.066483
0 0.864583 0.851256 0.023284 0.079350
0 0.835172 0.848039 0.029820 0.070466
0 0.737337 0.852635 0.044935 0.061887
0 0.626021 0.856618 0.043709 0.065564
0 0.577206 0.858456 0.044935 0.069853
0 0.526961 0.855852 0.042484 0.066483
0 0.478554 0.854167 0.038807 0.075368
0 0.433211 0.849724 0.044526 0.076287
0 0.382557 0.847733 0.037990 0.079657
0 0.341708 0.849724 0.044526 0.073836
0 0.291871 0.848805 0.039624 0.071998
0 0.243464 0.844822 0.046569 0.076287
0 0.161152 0.840227 0.039624 0.079350
0 0.080065 0.856158 0.101307 0.057292
0 0.987132 0.851869 0.025735 0.075674
0 0.048611 0.802237 0.069444 0.030331
0 0.982843 0.722886 0.023693 0.052390
0 0.934028 0.724877 0.024101 0.065564
0 0.584763 0.184130 0.031454 0.120711
0 0.787377 0.471967 0.037173 0.054841
0 0.973243 0.605239 0.024101 0.047488
0 0.940564 0.603860 0.027369 0.050245
0 0.913603 0.604473 0.019199 0.045956
0 0.889297 0.606771 0.022876 0.051777
0 0.860703 0.615809 0.024510 0.063113
0 0.875408 0.522365 0.031046 0.063113
0 0.312704 0.585172 0.057598 0.049020
0 0.370098 0.582874 0.044935 0.070772
0 0.420343 0.581189 0.050654 0.069240
0 0.477533 0.579963 0.047386 0.066789
0 0.720792 0.577972 0.051062 0.075674
0 0.781454 0.578738 0.051471 0.069240
0 0.839869 0.717065 0.031046 0.066483
0 0.877655 0.725643 0.032271 0.056679
0 0.906658 0.720129 0.021650 0.062806
0 0.957516 0.723346 0.022059 0.056373
0 0.027778 0.684896 0.045752 0.057292
0 0.676062 0.856158 0.043301 0.057292
0 0.928922 0.401961 0.026961 0.055147
0 0.973856 0.523897 0.035131 0.066176
0 0.818627 0.336703 0.034314 0.077819
0 0.732230 0.335938 0.037990 0.075061
0 0.691993 0.340227 0.026144 0.080576
0 0.652778 0.355545 0.026144 0.054841
0 0.616422 0.685662 0.044935 0.072917
0 0.662173 0.688113 0.048203 0.063113
0 0.718342 0.689338 0.036356 0.065564
0 0.768382 0.685662 0.051471 0.063113
0 0.921977 0.238051 0.042484 0.126225
0 0.978962 0.236826 0.042075 0.126225
0 0.891953 0.401195 0.034722 0.064032
0 0.976511 0.412377 0.046977 0.061275
0 0.827206 0.188725 0.044935 0.119485
0 0.774714 0.191330 0.033905 0.106311
0 0.724265 0.186887 0.036765 0.123775
0 0.678513 0.193627 0.033497 0.103554
0 0.940564 0.525123 0.024918 0.058824
0 0.911356 0.526348 0.027778 0.066176
0 0.773284 0.339461 0.035131 0.077206
0 0.235294 0.684743 0.049837 0.064951
0 0.521038 0.681066 0.046160 0.079657
0 0.472631 0.684436 0.040850 0.068015
0 0.423611 0.684130 0.040850 0.071078
0 0.379902 0.685202 0.038399 0.071385
0 0.570057 0.684130 0.043709 0.080882
0 0.329657 0.681985 0.052288 0.075368
0 0.282271 0.684896 0.039216 0.071998
0 0.118873 0.692708 0.038399 0.044118
0 0.077410 0.678309 0.040441 0.043505
