0 0.306019 0.750781 0.053704 0.051042
0 0.254861 0.754687 0.048611 0.051042
0 0.201620 0.754557 0.056019 0.045573
0 0.141898 0.733724 0.055093 0.023698
0 0.137963 0.757943 0.064815 0.022656
0 0.063426 0.757943 0.069444 0.027865
0 0.068287 0.733854 0.061574 0.028646
0 0.840278 0.367188 0.032407 0.019792
0 0.799537 0.367188 0.034259 0.019792
0 0.759491 0.365885 0.037500 0.019792
0 0.365046 0.755729 0.062500 0.050521
0 0.721991 0.367839 0.042130 0.023698
0 0.635417 0.365885 0.040278 0.019792
0 0.970370 0.362891 0.050926 0.023698
0 0.926852 0.359245 0.029630 0.030990
0 0.890972 0.360807 0.041204 0.034115
0 0.846065 0.346875 0.039352 0.016146
0 0.800231 0.347656 0.040278 0.020313
0 0.765278 0.345964 0.036111 0.024219
0 0.719907 0.347396 0.037963 0.017188
0 0.675463 0.346354 0.037037 0.020313
0 0.636806 0.344401 0.038426 0.023698
0 0.674306 0.366927 0.047685 0.021875
0 0.586806 0.343620 0.056944 0.066927
0 0.411111 0.755990 0.052778 0.048438
0 0.515046 0.759896 0.045833 0.040104
0 0.201389 0.675000 0.086111 0.069271
0 0.302083 0.669661 0.098611 0.053906
0 0.384954 0.672396 0.070833 0.059375
0 0.455787 0.669792 0.068056 0.058854
0 0.523380 0.673828 0.067130 0.052344
0 0.598148 0.671354 0.066667 0.050000
0 0.667593 0.672656 0.069444 0.052604
0 0.749537 0.673438 0.087963 0.056250
0 0.968519 0.671875 0.034259 0.057813
0 0.933333 0.680078 0.034259 0.039844
0 0.463426 0.754948 0.051852 0.048958
0 0.893519 0.681380 0.042593 0.041406
0 0.971296 0.765234 0.057407 0.034635
0 0.899769 0.755599 0.058796 0.035156
0 0.840278 0.761198 0.059259 0.046354
0 0.794213 0.757552 0.032870 0.050000
0 0.762963 0.754818 0.026852 0.053385
0 0.737037 0.755729 0.027778 0.051042
0 0.708102 0.757292 0.027315 0.048438
0 0.677778 0.755469 0.032407 0.048958
0 0.643981 0.755729 0.035185 0.053125
0 0.574074 0.752474 0.053704 0.053906
0 0.853241 0.678906 0.036111 0.047396
0 0.535417 0.348047 0.024537 0.055990
0 0.986806 0.597917 0.026389 0.058854
0 0.494444 0.347396 0.017593 0.059375
0 0.550694 0.438021 0.029167 0.038021
0 0.519444 0.438542 0.032407 0.037500
0 0.487037 0.439063 0.033333 0.037500
0 0.462269 0.432422 0.023611 0.051302
0 0.434722 0.430729 0.021296 0.048438
0 0.414815 0.432161 0.021296 0.046094
0 0.385417 0.433333 0.032870 0.047917
0 0.361574 0.433594 0.020370 0.046354
0 0.340509 0.432422 0.021759 0.045052
0 0.316435 0.434375 0.026389 0.043229
0 0.597454 0.425651 0.043056 0.062760
0 0.285417 0.443750 0.025463 0.019792
0 0.288194 0.423698 0.027315 0.019271
0 0.257639 0.423438 0.027315 0.021354
0 0.198611 0.435677 0.080556 0.018229
0 0.192130 0.418359 0.062963 0.015885
0 0.125694 0.438542 0.035648 0.062500
0 0.088657 0.437109 0.041204 0.065885
0 0.052315 0.437370 0.029630 0.064844
0 0.018287 0.436068 0.028241 0.066406
0 0.113889 0.367318 0.038889 0.036719
0 0.070370 0.368880 0.048148 0.033073
0 0.257176 0.445443 0.031019 0.023177
0 0.639352 0.438802 0.035185 0.036979
0 0.671528 0.440234 0.029167 0.034115
0 0.701620 0.442448 0.027315 0.039583
0 0.473843 0.346094 0.019907 0.059375
0 0.452778 0.348828 0.022222 0.054948
0 0.428472 0.350521 0.021759 0.047917
0 0.404398 0.351823 0.026389 0.045833
0 0.377546 0.350521 0.030093 0.045312
0 0.349306 0.351693 0.026389 0.043490
0 0.326620 0.333464 0.024537 0.047656
0 0.301157 0.335938 0.021759 0.041667
0 0.259259 0.333984 0.039815 0.022656
0 0.259259 0.311198 0.030556 0.019271
0 0.221528 0.311068 0.025463 0.016406
0 0.221991 0.330469 0.031019 0.020833
0 0.196759 0.335026 0.015741 0.034635
0 0.174537 0.335938 0.024074 0.036458
0 0.954630 0.405859 0.050000 0.025781
0 0.946065 0.424740 0.042130 0.021354
0 0.944444 0.444661 0.038889 0.024219
0 0.904630 0.444010 0.037963 0.025000
0 0.862731 0.445573 0.033796 0.028125
0 0.834491 0.443229 0.030093 0.041146
0 0.803704 0.442448 0.034259 0.036979
0 0.769907 0.442448 0.032407 0.036979
0 0.733796 0.442318 0.035185 0.035156
0 0.050463 0.669271 0.039815 0.047917
0 0.513426 0.348568 0.020370 0.054427
0 0.093287 0.669010 0.041204 0.047396
0 0.014352 0.666927 0.020370 0.051042
0 0.982407 0.506120 0.035185 0.058073
0 0.942593 0.505990 0.035185 0.057813
0 0.881019 0.518359 0.061111 0.030469
0 0.822685 0.510417 0.037037 0.021875
0 0.819676 0.529036 0.026389 0.012240
0 0.792361 0.526563 0.029167 0.012500
0 0.514815 0.586328 0.040741 0.020573
0 0.787269 0.511068 0.027315 0.021094
0 0.727083 0.514323 0.025463 0.039583
0 0.690509 0.522396 0.036574 0.023958
0 0.653241 0.520964 0.036111 0.021094
0 0.617593 0.514062 0.035185 0.036979
0 0.575926 0.520052 0.031481 0.023958
0 0.537500 0.518880 0.037963 0.020573
0 0.757407 0.513672 0.029630 0.038281
0 0.513194 0.602214 0.032870 0.012760
0 0.514815 0.614583 0.032407 0.013021
0 0.550000 0.601172 0.036111 0.015885
0 0.961806 0.598307 0.020833 0.051823
0 0.942593 0.599479 0.021296 0.049479
0 0.894676 0.590755 0.066204 0.019531
0 0.888426 0.609896 0.040741 0.025521
0 0.827546 0.602214 0.024537 0.020052
0 0.829167 0.618099 0.032407 0.012240
0 0.790509 0.606641 0.033796 0.031510
0 0.757407 0.617578 0.037963 0.013802
0 0.719444 0.616667 0.032407 0.011979
0 0.678935 0.607682 0.039352 0.033594
0 0.639352 0.616797 0.038889 0.012240
0 0.638889 0.587109 0.034259 0.017448
0 0.640741 0.603255 0.033333 0.014844
0 0.593519 0.603255 0.044444 0.039844
0 0.553241 0.613802 0.034259 0.008854
0 0.501620 0.517708 0.031944 0.024479
0 0.138657 0.668880 0.026389 0.054948
0 0.064583 0.261589 0.120833 0.073177
0 0.399074 0.586589 0.050926 0.026302
0 0.356713 0.522656 0.023611 0.016667
0 0.356250 0.503646 0.027315 0.018229
0 0.321296 0.505859 0.031481 0.044010
0 0.284491 0.503646 0.041204 0.047917
0 0.219907 0.508854 0.070370 0.031250
0 0.041667 0.532422 0.065741 0.024219
0 0.119676 0.531250 0.063426 0.021875
0 0.120833 0.499870 0.065741 0.028385
0 0.043056 0.494661 0.063889 0.035156
0 0.462500 0.599219 0.050000 0.041667
0 0.457176 0.573698 0.039352 0.010417
0 0.429398 0.505339 0.036574 0.046615
0 0.399306 0.611328 0.060648 0.021094
0 0.337963 0.607812 0.064815 0.019271
0 0.340278 0.585156 0.064815 0.023438
0 0.288657 0.601953 0.028241 0.041927
0 0.258333 0.598177 0.033333 0.049479
0 0.192593 0.599740 0.081481 0.027604
0 0.133333 0.611068 0.033333 0.015885
0 0.094907 0.615885 0.044444 0.017708
0 0.097685 0.598568 0.037037 0.012760
0 0.132870 0.595703 0.032407 0.014844
0 0.141204 0.575651 0.036111 0.014323
0 0.095833 0.580469 0.028704 0.018750
0 0.068056 0.595964 0.017593 0.032552
0 0.043750 0.601953 0.026389 0.041927
0 0.015972 0.595573 0.027315 0.048958
0 0.379630 0.506641 0.016667 0.046615
0 0.399537 0.505729 0.021296 0.046875
