0 0.502604 0.657617 0.087500 0.073828
0 0.501042 0.729883 0.088542 0.065234
0 0.305469 0.740625 0.097396 0.059375
0 0.090104 0.676758 0.098958 0.069141
0 0.198437 0.676367 0.103125 0.065234
0 0.595052 0.726953 0.089063 0.065625
0 0.596615 0.652930 0.088021 0.073828
0 0.303385 0.674805 0.101562 0.065234
0 0.406771 0.671094 0.095833 0.064062
0 0.687760 0.725977 0.082812 0.063672
0 0.404427 0.734766 0.095312 0.059375
0 0.202344 0.742969 0.102604 0.060937
0 0.509115 0.826562 0.084896 0.063281
0 0.978385 0.849219 0.035937 0.089844
0 0.934896 0.853711 0.042708 0.089453
0 0.863281 0.807813 0.079687 0.064844
0 0.867969 0.873437 0.080729 0.058594
0 0.777083 0.820898 0.078125 0.060547
0 0.776563 0.883594 0.085417 0.054688
0 0.686979 0.827148 0.085417 0.061328
0 0.508073 0.890234 0.082812 0.058594
0 0.414844 0.836133 0.088021 0.066797
0 0.690104 0.653516 0.083333 0.075000
0 0.689063 0.887109 0.081250 0.052344
0 0.600781 0.889258 0.088021 0.059766
0 0.093490 0.744727 0.105729 0.061328
0 0.778385 0.715234 0.084896 0.069531
0 0.392448 0.451758 0.063021 0.071484
0 0.864583 0.715039 0.082292 0.062891
0 0.839323 0.459570 0.080729 0.050391
0 0.926562 0.459766 0.087500 0.050781
0 0.523177 0.358008 0.064062 0.070703
0 0.456250 0.355859 0.064583 0.072656
0 0.388542 0.354492 0.063542 0.073047
0 0.322135 0.353516 0.065104 0.074219
0 0.251563 0.350391 0.066667 0.074219
0 0.755208 0.459375 0.083333 0.050000
0 0.185156 0.348438 0.060937 0.072656
0 0.034375 0.343945 0.068750 0.079297
0 0.587500 0.359766 0.057292 0.067969
0 0.645833 0.360547 0.052083 0.066406
0 0.779167 0.359961 0.061458 0.068359
0 0.844531 0.360352 0.057813 0.069141
0 0.416406 0.899805 0.094271 0.056641
0 0.905469 0.360547 0.057813 0.066406
0 0.110937 0.347070 0.075000 0.073047
0 0.657031 0.460156 0.107813 0.054688
0 0.545833 0.459961 0.109375 0.054297
0 0.455990 0.451562 0.059896 0.067969
0 0.869271 0.646875 0.079167 0.067187
0 0.960677 0.663477 0.078646 0.048828
0 0.179427 0.557031 0.081771 0.083594
0 0.091406 0.558008 0.084896 0.085547
0 0.269010 0.557031 0.085938 0.083594
0 0.354427 0.556641 0.076563 0.082812
0 0.434115 0.556055 0.077604 0.081641
0 0.513542 0.554102 0.072917 0.077734
0 0.591667 0.553320 0.073958 0.076172
0 0.665885 0.550977 0.071354 0.080859
0 0.964323 0.580273 0.052604 0.029297
0 0.966406 0.550586 0.056771 0.027734
0 0.258594 0.449414 0.065104 0.073047
0 0.190104 0.448828 0.066667 0.075000
0 0.118490 0.450586 0.070312 0.075391
0 0.046615 0.447852 0.069271 0.073047
0 0.326042 0.450195 0.064583 0.071484
0 0.929948 0.741797 0.041146 0.076563
0 0.319010 0.841211 0.091146 0.067578
0 0.642448 0.140820 0.053646 0.094922
0 0.034375 0.847461 0.068750 0.083203
0 0.095312 0.127930 0.071875 0.078516
0 0.028125 0.124609 0.056250 0.075000
0 0.314583 0.058984 0.066667 0.075000
0 0.244010 0.052344 0.068229 0.077344
0 0.170833 0.047070 0.072917 0.082422
0 0.095312 0.044727 0.071875 0.083203
0 0.026823 0.042188 0.053646 0.081250
0 0.384375 0.138477 0.067708 0.078516
0 0.384375 0.062109 0.067708 0.071875
0 0.171354 0.130273 0.069792 0.080078
0 0.320573 0.904883 0.094271 0.057422
0 0.521875 0.148047 0.063542 0.072656
0 0.522135 0.069922 0.066146 0.075781
0 0.586198 0.137109 0.051562 0.096875
0 0.976823 0.370117 0.045312 0.076953
0 0.705729 0.140625 0.062500 0.097656
0 0.766927 0.143945 0.049479 0.098047
0 0.822917 0.140820 0.055208 0.107422
0 0.891146 0.141211 0.061458 0.111328
0 0.954167 0.145117 0.061458 0.109766
0 0.455469 0.065625 0.063021 0.070312
0 0.243490 0.133398 0.071354 0.080078
0 0.453385 0.141797 0.063021 0.078906
0 0.967448 0.265234 0.051562 0.071875
0 0.316406 0.136914 0.061979 0.077734
0 0.124219 0.839648 0.093229 0.070703
0 0.223177 0.898828 0.088021 0.075781
0 0.127604 0.909570 0.091667 0.063672
0 0.033854 0.924609 0.067708 0.060156
0 0.987240 0.473633 0.025521 0.069922
0 0.639583 0.075586 0.052083 0.028516
0 0.328646 0.247656 0.065625 0.076563
0 0.261198 0.245508 0.066146 0.079297
0 0.189323 0.243555 0.069271 0.076953
0 0.397917 0.250586 0.065625 0.076172
0 0.039062 0.239258 0.057292 0.077734
0 0.115885 0.243164 0.056771 0.073828
0 0.845833 0.261719 0.056250 0.071094
0 0.780990 0.260156 0.061979 0.074219
0 0.676562 0.263281 0.047917 0.061719
0 0.907552 0.264648 0.053646 0.073828
0 0.576302 0.262891 0.039062 0.057813
0 0.534896 0.261133 0.038542 0.060547
0 0.494792 0.261523 0.035417 0.058203
0 0.453385 0.258984 0.040104 0.059375
0 0.624219 0.263281 0.049479 0.061719
