0 0.852083 0.218164 0.089583 0.071484
0 0.757552 0.221875 0.091146 0.060937
0 0.670052 0.223242 0.082812 0.061328
0 0.551562 0.334375 0.079167 0.069531
0 0.628906 0.321875 0.071354 0.096094
0 0.691667 0.333398 0.047917 0.069922
0 0.752344 0.323633 0.073438 0.093359
0 0.817969 0.328516 0.052604 0.074219
0 0.435417 0.230469 0.085417 0.056250
0 0.364583 0.111328 0.061458 0.091406
0 0.303385 0.111328 0.057813 0.089063
0 0.244010 0.116406 0.058854 0.082812
0 0.868490 0.326172 0.048438 0.077344
0 0.185677 0.116992 0.052604 0.080859
0 0.582292 0.218164 0.084375 0.073828
0 0.065104 0.114062 0.061458 0.086719
0 0.035677 0.229102 0.071354 0.060547
0 0.097917 0.223828 0.053125 0.069531
0 0.170313 0.227148 0.087500 0.062891
0 0.255990 0.225977 0.080729 0.060547
0 0.344271 0.229687 0.093750 0.054688
0 0.506250 0.220703 0.050000 0.075781
0 0.128125 0.111719 0.061458 0.095312
0 0.116146 0.906445 0.040625 0.067578
0 0.229167 0.792188 0.055208 0.076563
0 0.942448 0.108984 0.051562 0.077344
0 0.875521 0.114453 0.067708 0.067969
0 0.816667 0.107617 0.042708 0.077734
0 0.749740 0.126367 0.091146 0.041016
0 0.671875 0.099219 0.059375 0.098437
0 0.470052 0.340820 0.083854 0.055078
0 0.737500 0.907422 0.035417 0.062500
0 0.778385 0.904297 0.040104 0.066406
0 0.817448 0.903320 0.036979 0.066797
0 0.855990 0.902344 0.035937 0.067187
0 0.593750 0.906055 0.041667 0.065234
0 0.555729 0.903906 0.035417 0.071094
0 0.518750 0.900977 0.034375 0.063672
0 0.479687 0.907813 0.041667 0.066406
0 0.439583 0.910742 0.035417 0.062109
0 0.396094 0.902148 0.049479 0.078516
0 0.346354 0.906445 0.044792 0.069922
0 0.294010 0.905469 0.057813 0.072656
0 0.240104 0.904883 0.047917 0.073047
0 0.195052 0.906445 0.039062 0.067578
0 0.154688 0.908984 0.036458 0.062500
0 0.045833 0.908398 0.038542 0.066797
0 0.039844 0.805469 0.034896 0.050000
0 0.130208 0.793555 0.045833 0.073047
0 0.176042 0.793164 0.043750 0.074609
0 0.286198 0.789844 0.059896 0.071875
0 0.404687 0.341406 0.046875 0.061719
0 0.693750 0.900391 0.050000 0.074219
0 0.390625 0.701758 0.031250 0.048828
0 0.653906 0.685156 0.047396 0.076563
0 0.607292 0.689844 0.044792 0.066406
0 0.565625 0.689258 0.038542 0.066797
0 0.517708 0.682617 0.053125 0.078516
0 0.433594 0.685547 0.051562 0.078125
0 0.352865 0.702539 0.032813 0.048828
0 0.314583 0.696680 0.041667 0.059766
0 0.273698 0.700000 0.038021 0.052344
0 0.232552 0.700781 0.036979 0.053125
0 0.185417 0.684375 0.048958 0.089844
0 0.091927 0.688867 0.057813 0.080859
0 0.036458 0.693750 0.048958 0.067969
0 0.488021 0.107227 0.059375 0.091797
0 0.130469 0.538672 0.081771 0.039062
0 0.130729 0.575977 0.085417 0.034766
0 0.708073 0.675781 0.058854 0.094531
0 0.215885 0.560742 0.082812 0.068359
0 0.766667 0.670508 0.057292 0.102734
0 0.839844 0.800586 0.036979 0.056641
0 0.550000 0.107227 0.062500 0.091016
0 0.612760 0.102734 0.059896 0.092969
0 0.642448 0.895117 0.053646 0.080859
0 0.332031 0.802930 0.032813 0.055078
0 0.369531 0.800391 0.040104 0.057031
0 0.435156 0.806250 0.035937 0.048438
0 0.469792 0.804102 0.032292 0.048828
0 0.516146 0.792773 0.056250 0.075391
0 0.564063 0.802148 0.034375 0.053516
0 0.597656 0.805273 0.031771 0.048047
0 0.638281 0.790430 0.044271 0.076953
0 0.682552 0.800195 0.038021 0.055859
0 0.721615 0.796680 0.041146 0.061328
0 0.760677 0.798828 0.035937 0.056250
0 0.798698 0.800000 0.042188 0.057813
0 0.827083 0.667969 0.063542 0.100781
0 0.283854 0.555859 0.047917 0.075000
0 0.042969 0.560156 0.085938 0.074219
0 0.396615 0.530664 0.051562 0.039453
0 0.404167 0.453516 0.041667 0.057031
0 0.363021 0.452539 0.040625 0.061328
0 0.338802 0.553320 0.060937 0.076953
0 0.262500 0.451172 0.043750 0.061719
0 0.207813 0.452539 0.064583 0.064453
0 0.152604 0.448437 0.043750 0.067969
0 0.079427 0.458984 0.073438 0.054688
0 0.450781 0.443555 0.049479 0.076172
0 0.020833 0.454102 0.041667 0.064453
0 0.034896 0.355078 0.069792 0.035937
0 0.120833 0.356055 0.088542 0.033984
0 0.204167 0.320703 0.078125 0.034375
0 0.206250 0.355078 0.081250 0.032813
0 0.290625 0.323828 0.087500 0.031250
0 0.291927 0.357617 0.089063 0.033984
0 0.361198 0.340625 0.040104 0.061719
0 0.035417 0.318164 0.070833 0.036328
0 0.503906 0.442578 0.053646 0.075000
0 0.313021 0.450977 0.054167 0.061328
0 0.611198 0.440039 0.052604 0.078516
0 0.395573 0.572656 0.052604 0.038281
0 0.449740 0.571289 0.046354 0.038672
0 0.495052 0.558594 0.041146 0.069531
0 0.557292 0.440039 0.050000 0.076953
0 0.568490 0.565820 0.036979 0.045703
0 0.605729 0.563281 0.036458 0.053906
0 0.642708 0.562109 0.035417 0.053906
0 0.681250 0.560742 0.036458 0.052734
0 0.535156 0.564844 0.030729 0.047656
0 0.797917 0.555078 0.046875 0.064062
0 0.664844 0.440430 0.052604 0.077734
0 0.726823 0.438281 0.071354 0.077344
0 0.717969 0.560742 0.035937 0.051172
0 0.788021 0.439844 0.046875 0.067969
0 0.841927 0.439648 0.052604 0.059766
0 0.840365 0.554688 0.035937 0.063281
0 0.429167 0.115625 0.059375 0.074219
