0 0.411356 0.888327 0.035948 0.070159
0 0.453840 0.890472 0.039216 0.074449
0 0.494281 0.891391 0.042484 0.073223
0 0.536356 0.887408 0.032680 0.068321
0 0.573325 0.889246 0.041258 0.065257
0 0.943423 0.890778 0.113154 0.078125
0 0.756944 0.862132 0.033497 0.030025
0 0.790645 0.863358 0.035539 0.028799
0 0.976103 0.247702 0.047794 0.103860
0 0.838235 0.860600 0.049837 0.026961
0 0.151961 0.796262 0.039216 0.082108
0 0.192810 0.800551 0.039216 0.074755
0 0.233252 0.800858 0.042484 0.085172
0 0.282680 0.793199 0.043301 0.080270
0 0.325776 0.793658 0.039624 0.091605
0 0.364379 0.796109 0.040033 0.095895
0 0.405229 0.795190 0.031863 0.094669
0 0.445670 0.793964 0.043301 0.094056
0 0.492239 0.782629 0.038399 0.087929
0 0.044935 0.778799 0.040850 0.053309
0 0.169118 0.428768 0.044935 0.089767
0 0.206291 0.434283 0.029412 0.079350
0 0.249592 0.426624 0.054739 0.076287
0 0.556168 0.532935 0.051879 0.102635
0 0.508170 0.534773 0.045752 0.101409
0 0.455882 0.539369 0.055556 0.094056
0 0.401144 0.540901 0.052288 0.095282
0 0.351920 0.541207 0.042892 0.088542
0 0.309232 0.543352 0.039216 0.090380
0 0.268382 0.543352 0.039216 0.089767
0 0.224265 0.546722 0.049020 0.092831
0 0.175654 0.544884 0.049837 0.095895
0 0.534518 0.795496 0.045343 0.098346
0 0.129698 0.545190 0.038807 0.095895
0 0.058415 0.555607 0.035131 0.087316
0 0.021650 0.559283 0.035131 0.081801
0 0.725082 0.397825 0.051471 0.112439
0 0.614379 0.400888 0.055556 0.112439
0 0.559436 0.404259 0.049428 0.109988
0 0.500817 0.402727 0.054739 0.110600
0 0.448938 0.401808 0.053922 0.110600
0 0.372753 0.424479 0.084559 0.087316
0 0.302696 0.421415 0.050654 0.086703
0 0.093137 0.551317 0.031046 0.081189
0 0.581291 0.794577 0.037582 0.089767
0 0.621324 0.792433 0.040033 0.089154
0 0.664624 0.792739 0.044935 0.087316
0 0.733252 0.653493 0.039216 0.096201
0 0.828023 0.615809 0.045752 0.033088
0 0.877042 0.621630 0.053922 0.042892
0 0.079861 0.074295 0.072304 0.147978
0 0.152574 0.073989 0.072304 0.147978
0 0.220997 0.072763 0.066176 0.145527
0 0.286356 0.072763 0.066176 0.145527
0 0.359069 0.072763 0.066176 0.145527
0 0.420956 0.072763 0.065768 0.145527
0 0.687500 0.657169 0.049837 0.095588
0 0.529412 0.066942 0.056373 0.133885
0 0.635621 0.066942 0.056373 0.133885
0 0.693627 0.066942 0.056373 0.133885
0 0.761234 0.066942 0.055964 0.133885
0 0.828840 0.066942 0.056373 0.133885
0 0.891748 0.066942 0.056373 0.133885
0 0.961193 0.066942 0.056373 0.133885
0 0.090891 0.330882 0.091912 0.215074
0 0.202206 0.274357 0.090686 0.105086
0 0.299632 0.274969 0.097631 0.098346
0 0.581699 0.066942 0.056373 0.133885
0 0.639297 0.657475 0.047386 0.101103
0 0.587827 0.658701 0.050654 0.098652
0 0.541054 0.661152 0.042075 0.093137
0 0.930556 0.646752 0.046569 0.101103
0 0.977124 0.646752 0.045752 0.101103
0 0.047794 0.664522 0.050654 0.102941
0 0.088644 0.676164 0.030229 0.091299
0 0.124796 0.671262 0.037173 0.082721
0 0.164624 0.670037 0.040033 0.085172
0 0.208333 0.671569 0.041667 0.089461
0 0.242239 0.672794 0.034314 0.085784
0 0.926062 0.254136 0.049837 0.112439
0 0.866830 0.253523 0.062092 0.115502
0 0.759804 0.241881 0.035948 0.118566
0 0.713644 0.252298 0.057190 0.113051
0 0.636438 0.251685 0.053922 0.105699
0 0.567606 0.252604 0.054330 0.125919
0 0.475490 0.251379 0.053922 0.102022
0 0.384395 0.245251 0.063725 0.157169
0 0.306781 0.633885 0.042484 0.050858
0 0.363562 0.645221 0.030229 0.061275
0 0.402778 0.655944 0.031046 0.088848
0 0.442810 0.658088 0.045752 0.102328
0 0.494281 0.666667 0.050654 0.091912
0 0.611520 0.532629 0.057190 0.102635
0 0.664216 0.530944 0.048203 0.098652
0 0.671160 0.398744 0.058007 0.109375
0 0.786152 0.529565 0.051062 0.111213
0 0.059845 0.904259 0.115605 0.077512
0 0.177288 0.896293 0.106209 0.061581
0 0.289420 0.897518 0.105801 0.076287
0 0.371732 0.890472 0.038399 0.074449
0 0.985294 0.529718 0.029412 0.105392
0 0.943219 0.524816 0.051471 0.094363
0 0.727533 0.528799 0.060458 0.101716
0 0.893382 0.522365 0.049837 0.096814
0 0.838644 0.531710 0.050654 0.107537
