0 0.447424 0.221354 0.083193 0.036932
0 0.110853 0.262074 0.083193 0.036932
0 0.257601 0.844697 0.074324 0.026515
0 0.618454 0.866714 0.089105 0.105587
0 0.272382 0.723485 0.074324 0.025568
0 0.196791 0.776870 0.074324 0.027699
0 0.194679 0.748461 0.078547 0.027225
0 0.118032 0.777580 0.078125 0.027225
0 0.128801 0.369318 0.059122 0.029356
0 0.113176 0.749882 0.078547 0.027225
0 0.128801 0.708807 0.057432 0.025568
0 0.426943 0.654593 0.082770 0.027462
0 0.430532 0.626894 0.079814 0.026515
0 0.345861 0.654238 0.074324 0.027699
0 0.349451 0.625710 0.076436 0.024621
0 0.427787 0.599669 0.081926 0.026042
0 0.345439 0.597893 0.076858 0.026278
0 0.267736 0.653291 0.076858 0.026278
0 0.268159 0.625473 0.080236 0.026042
0 0.030617 0.187263 0.051098 0.038826
0 0.035262 0.225497 0.051098 0.036695
0 0.041596 0.262666 0.051098 0.036695
0 0.101140 0.191643 0.082348 0.031013
0 0.186022 0.188447 0.082348 0.030777
0 0.270904 0.189157 0.082348 0.030777
0 0.356630 0.187027 0.084882 0.031250
0 0.445524 0.185488 0.086993 0.032434
0 0.105997 0.225260 0.080236 0.033854
0 0.189823 0.223130 0.082348 0.036695
0 0.273649 0.223603 0.079392 0.037169
0 0.358319 0.222301 0.083193 0.036932
0 0.273226 0.750592 0.074324 0.025805
0 0.347762 0.725616 0.073902 0.025568
0 0.347762 0.753078 0.073902 0.026042
0 0.272382 0.777580 0.074324 0.026752
0 0.431377 0.782197 0.078970 0.026989
0 0.520270 0.741951 0.086993 0.110795
0 0.606630 0.742069 0.082348 0.110559
0 0.687711 0.741596 0.082348 0.106771
0 0.772804 0.743608 0.082770 0.108428
0 0.857686 0.745028 0.082770 0.108428
0 0.922297 0.740294 0.041385 0.096117
0 0.913007 0.867661 0.065878 0.101799
0 0.823057 0.867069 0.080236 0.101089
0 0.719806 0.865649 0.084882 0.097775
0 0.517314 0.865294 0.085304 0.104167
0 0.101140 0.841856 0.071368 0.027936
0 0.176943 0.843987 0.076014 0.027936
0 0.267736 0.597893 0.076014 0.028172
0 0.334037 0.845170 0.075169 0.026989
0 0.186867 0.871330 0.077280 0.023438
0 0.264147 0.871330 0.075591 0.023911
0 0.340372 0.871922 0.072635 0.025568
0 0.112965 0.895360 0.077280 0.022727
0 0.191512 0.896070 0.074747 0.024621
0 0.267103 0.896899 0.075591 0.025331
0 0.343539 0.899266 0.075591 0.025331
0 0.421453 0.901515 0.077703 0.026042
0 0.419130 0.874053 0.080659 0.024148
0 0.417019 0.847420 0.084882 0.024384
0 0.044764 0.401515 0.054899 0.028883
0 0.430321 0.754025 0.076858 0.026515
0 0.351562 0.779948 0.078970 0.026752
0 0.104941 0.871449 0.079814 0.024148
0 0.189400 0.653764 0.076436 0.028172
0 0.429476 0.726799 0.083615 0.027462
0 0.185600 0.596591 0.074747 0.025095
0 0.366132 0.400687 0.080236 0.028172
0 0.285684 0.399858 0.079814 0.027936
0 0.449747 0.368016 0.082770 0.029119
0 0.364865 0.369673 0.082770 0.029119
0 0.284628 0.370502 0.076014 0.027936
0 0.455025 0.338187 0.080659 0.030540
0 0.368454 0.338068 0.087416 0.030777
0 0.283573 0.339607 0.076436 0.031487
0 0.202492 0.339607 0.082348 0.026278
0 0.203125 0.401515 0.082770 0.030777
0 0.202703 0.369555 0.082770 0.030777
0 0.116343 0.401397 0.084882 0.031013
0 0.068623 0.370147 0.054476 0.027225
0 0.451858 0.399266 0.084459 0.031013
0 0.187078 0.624053 0.080236 0.028409
0 0.627956 0.355232 0.088682 0.117188
0 0.717905 0.357126 0.082770 0.117188
0 0.810389 0.355587 0.095439 0.117898
0 0.908361 0.355705 0.096284 0.119081
0 0.908995 0.210109 0.099240 0.122396
0 0.812711 0.210582 0.089105 0.121922
0 0.721917 0.213187 0.089105 0.120502
0 0.629645 0.216027 0.092061 0.117188
0 0.538429 0.216619 0.083615 0.121212
0 0.450380 0.258286 0.088260 0.036458
0 0.362965 0.260298 0.084037 0.036222
0 0.277660 0.260772 0.080659 0.036222
0 0.195312 0.261482 0.080659 0.036222
0 0.539274 0.356534 0.083615 0.116951
0 0.075591 0.467803 0.033784 0.026989
0 0.072002 0.342093 0.052787 0.027462
0 0.080448 0.495147 0.034206 0.028172
0 0.302576 0.471473 0.076436 0.029119
0 0.386191 0.470881 0.083193 0.027936
0 0.468117 0.471354 0.084037 0.028883
0 0.218328 0.500829 0.080236 0.028646
0 0.382601 0.501776 0.080236 0.028646
0 0.466639 0.501894 0.082770 0.028409
0 0.552365 0.489938 0.085304 0.109138
0 0.638936 0.489465 0.084459 0.109612
0 0.726562 0.488991 0.085726 0.111032
0 0.814611 0.489820 0.086993 0.112689
0 0.906250 0.489938 0.092061 0.116714
0 0.891892 0.619318 0.097973 0.107955
0 0.786529 0.618490 0.090794 0.111032
0 0.694890 0.616714 0.091639 0.110322
0 0.605997 0.618134 0.081926 0.109375
0 0.522804 0.616241 0.082770 0.109375
0 0.098818 0.595881 0.076014 0.027936
0 0.101351 0.625355 0.085304 0.026752
0 0.104519 0.653054 0.079814 0.026278
0 0.221073 0.470526 0.079814 0.030540
0 0.139569 0.500710 0.074747 0.030303
0 0.299831 0.499882 0.080236 0.028646
0 0.462838 0.530658 0.083615 0.029119
0 0.380701 0.530421 0.080659 0.029119
0 0.297086 0.529948 0.080659 0.029119
0 0.217483 0.530777 0.076858 0.027462
0 0.137247 0.530421 0.078547 0.027699
0 0.066301 0.529711 0.058277 0.029119
0 0.135980 0.471236 0.070946 0.026278
