0 0.302315 0.662240 0.060185 0.063021
0 0.062963 0.759505 0.044444 0.036198
0 0.945139 0.796224 0.075463 0.022135
0 0.841204 0.762630 0.035185 0.091927
0 0.802778 0.764323 0.039815 0.090625
0 0.761806 0.762630 0.035648 0.094010
0 0.128472 0.382292 0.042130 0.061979
0 0.177083 0.383073 0.052315 0.061979
0 0.233333 0.366797 0.054630 0.031510
0 0.369907 0.666146 0.071296 0.057292
0 0.477546 0.659115 0.133796 0.078646
0 0.606250 0.657943 0.068056 0.072656
0 0.680556 0.661328 0.077778 0.071615
0 0.330093 0.567578 0.032407 0.071094
0 0.371065 0.567969 0.032870 0.072917
0 0.407407 0.582292 0.031481 0.045312
0 0.447222 0.582812 0.034259 0.045312
0 0.470370 0.579557 0.011111 0.041927
0 0.487500 0.579818 0.021296 0.046615
0 0.549769 0.583073 0.092130 0.037500
0 0.656713 0.583594 0.102315 0.036979
0 0.761111 0.554427 0.087037 0.042708
0 0.863657 0.552865 0.104167 0.041667
0 0.864583 0.590885 0.106019 0.030208
0 0.760648 0.592057 0.097222 0.031510
0 0.950926 0.589844 0.054630 0.038021
0 0.934491 0.673047 0.038426 0.055469
0 0.981250 0.681641 0.037500 0.037760
0 0.858796 0.666667 0.074074 0.022917
0 0.778935 0.663802 0.077315 0.028125
0 0.777778 0.688021 0.075000 0.018229
0 0.859259 0.688672 0.079630 0.021615
0 0.234491 0.399609 0.053241 0.028385
0 0.282639 0.386068 0.031019 0.060677
0 0.321991 0.382552 0.044907 0.067708
0 0.370370 0.386849 0.035185 0.056510
0 0.017130 0.752734 0.034259 0.039323
0 0.020370 0.791536 0.037037 0.033073
0 0.719907 0.391927 0.033333 0.051042
0 0.766667 0.396745 0.049074 0.043490
0 0.803241 0.394922 0.012037 0.049219
0 0.822917 0.394141 0.018981 0.048698
0 0.849306 0.392578 0.014352 0.048698
0 0.869907 0.393359 0.019444 0.048177
0 0.016204 0.671875 0.032407 0.073438
0 0.900000 0.386328 0.038889 0.066406
0 0.977778 0.388542 0.026852 0.055729
0 0.974074 0.461068 0.051852 0.036719
0 0.970602 0.497396 0.057870 0.030208
0 0.897454 0.483594 0.081019 0.065104
0 0.812500 0.482422 0.083333 0.067969
0 0.735648 0.488151 0.065741 0.058073
0 0.667824 0.487109 0.067130 0.059115
0 0.600926 0.487109 0.066667 0.060156
0 0.941435 0.387109 0.035648 0.060677
0 0.054861 0.673568 0.041204 0.072656
0 0.115046 0.659375 0.051389 0.066667
0 0.171296 0.659766 0.057407 0.070573
0 0.416435 0.385547 0.045833 0.064844
0 0.238657 0.663151 0.065278 0.064844
0 0.465741 0.385156 0.046296 0.064583
0 0.513889 0.386328 0.040741 0.063802
0 0.717824 0.755990 0.032870 0.082292
0 0.681250 0.759635 0.041204 0.088021
0 0.641435 0.756510 0.031019 0.085417
0 0.581250 0.754297 0.038426 0.077344
0 0.540972 0.756250 0.038426 0.079167
0 0.508565 0.756771 0.026389 0.084896
0 0.446991 0.757812 0.057870 0.087500
0 0.393287 0.757292 0.038426 0.086458
0 0.317130 0.760026 0.042593 0.092448
0 0.275694 0.759245 0.033796 0.091927
0 0.237963 0.759635 0.035185 0.093229
0 0.190741 0.766667 0.038889 0.067708
0 0.155324 0.785807 0.029167 0.030469
0 0.295139 0.567187 0.031944 0.069792
0 0.124537 0.778385 0.033333 0.044271
0 0.064120 0.793359 0.043056 0.027865
0 0.267130 0.566667 0.025000 0.071354
0 0.940046 0.738542 0.085648 0.018229
0 0.164120 0.574479 0.046759 0.059375
0 0.119907 0.500130 0.114815 0.029427
0 0.206481 0.482552 0.051852 0.061458
0 0.253704 0.481641 0.042593 0.061719
0 0.302315 0.504687 0.041667 0.018750
0 0.304167 0.484635 0.044444 0.019271
0 0.346991 0.483464 0.043981 0.022135
0 0.393056 0.483203 0.050000 0.063281
0 0.440972 0.482552 0.047685 0.063542
0 0.485648 0.489844 0.036111 0.047917
0 0.535185 0.485547 0.062963 0.058073
0 0.822222 0.177083 0.054630 0.046875
0 0.879398 0.178255 0.050463 0.045052
0 0.938657 0.170833 0.057870 0.061979
0 0.925694 0.246094 0.065278 0.017188
0 0.972222 0.284635 0.053704 0.053646
0 0.916898 0.284245 0.049537 0.055469
0 0.855787 0.282552 0.057870 0.058333
0 0.799074 0.277604 0.049074 0.068750
0 0.274306 0.273307 0.050463 0.067969
0 0.329861 0.275260 0.047685 0.071875
0 0.376389 0.281380 0.042593 0.058594
0 0.418981 0.269010 0.034259 0.081771
0 0.464352 0.269010 0.045370 0.085938
0 0.520602 0.278646 0.059722 0.066667
0 0.745139 0.278646 0.051389 0.066667
0 0.216435 0.575260 0.053241 0.058333
0 0.692361 0.278646 0.046759 0.066667
0 0.643519 0.278385 0.042593 0.068229
0 0.592824 0.279818 0.054167 0.066406
0 0.107639 0.477214 0.107870 0.013281
0 0.109722 0.460938 0.111111 0.016146
0 0.345833 0.503516 0.043519 0.017969
0 0.024306 0.489453 0.048611 0.073698
0 0.070602 0.179818 0.059722 0.034635
0 0.139583 0.178906 0.070833 0.039062
0 0.943287 0.765755 0.086574 0.032552
0 0.201389 0.174349 0.039815 0.020573
0 0.252778 0.170573 0.044444 0.015625
0 0.248148 0.195052 0.053704 0.011458
0 0.309491 0.175000 0.031944 0.017188
0 0.307870 0.190365 0.024074 0.013542
0 0.364815 0.169271 0.061111 0.055729
0 0.115278 0.442708 0.116667 0.018229
0 0.482639 0.169661 0.052315 0.054948
0 0.491435 0.124349 0.036574 0.035677
0 0.545370 0.167057 0.054630 0.067969
0 0.557407 0.388542 0.042593 0.057813
0 0.603009 0.385937 0.040278 0.060937
0 0.428241 0.172656 0.040741 0.054167
0 0.684259 0.394141 0.026852 0.051823
0 0.050000 0.582552 0.035185 0.068750
0 0.646528 0.386198 0.037500 0.062500
0 0.107870 0.583464 0.065741 0.007552
0 0.107176 0.574089 0.067130 0.010156
0 0.119213 0.546094 0.038426 0.033854
0 0.196065 0.283203 0.096759 0.048177
0 0.106713 0.598828 0.066204 0.020052
0 0.021759 0.386719 0.041667 0.082292
0 0.082870 0.381250 0.047222 0.066146
0 0.746296 0.173437 0.069444 0.050000
0 0.669444 0.169010 0.054630 0.063021
0 0.608333 0.171354 0.066667 0.058854
0 0.093750 0.282292 0.089352 0.050000
