0 0.828840 0.653952 0.028595 0.074449
0 0.852533 0.557445 0.026961 0.078125
0 0.824346 0.561734 0.026961 0.078125
0 0.794730 0.565564 0.026552 0.077819
0 0.966299 0.459099 0.028186 0.076287
0 0.936070 0.458946 0.028186 0.075980
0 0.882557 0.555760 0.026552 0.077819
0 0.909314 0.461550 0.022876 0.077512
0 0.852533 0.464614 0.027778 0.080576
0 0.822712 0.468597 0.027778 0.080576
0 0.792484 0.469210 0.027778 0.080576
0 0.976103 0.368566 0.031454 0.079044
0 0.942606 0.368413 0.031454 0.078738
0 0.891136 0.369945 0.025735 0.079350
0 0.881944 0.462623 0.027778 0.080882
0 0.910743 0.553615 0.025735 0.076593
0 0.937908 0.550858 0.025327 0.076593
0 0.965074 0.549786 0.025735 0.076287
0 0.799020 0.658088 0.026961 0.078431
0 0.858660 0.647978 0.028595 0.074142
0 0.888072 0.643689 0.028595 0.074142
0 0.915441 0.640472 0.022059 0.072610
0 0.967525 0.631587 0.023284 0.071998
0 0.797998 0.749234 0.030637 0.075674
0 0.827410 0.742800 0.027369 0.073836
0 0.856822 0.737286 0.027369 0.073836
0 0.881740 0.731464 0.022467 0.072610
0 0.908292 0.726869 0.027369 0.072610
0 0.934845 0.722886 0.022467 0.071385
0 0.960172 0.719363 0.022467 0.071078
0 0.421569 0.799632 0.022059 0.102328
0 0.861520 0.370711 0.028595 0.082721
0 0.831495 0.371630 0.028186 0.085172
0 0.800245 0.371783 0.029412 0.085478
0 0.974673 0.278646 0.023693 0.075674
0 0.563930 0.411305 0.035539 0.088542
0 0.598856 0.419884 0.031046 0.062806
0 0.633987 0.419424 0.031046 0.063113
0 0.664216 0.417586 0.026961 0.061275
0 0.409926 0.533395 0.018382 0.111520
0 0.553105 0.777267 0.031046 0.102328
0 0.525940 0.411305 0.035539 0.088542
0 0.518587 0.783088 0.031454 0.102328
0 0.451593 0.791820 0.031454 0.105699
0 0.444649 0.529871 0.045343 0.108762
0 0.491013 0.525735 0.045752 0.108456
0 0.535948 0.523591 0.040850 0.106005
0 0.579657 0.519301 0.040850 0.106005
0 0.622549 0.516238 0.037582 0.098652
0 0.485498 0.788297 0.031454 0.106005
0 0.658292 0.630362 0.039624 0.100184
0 0.488154 0.414062 0.036765 0.092218
0 0.615196 0.761183 0.024510 0.095282
0 0.949346 0.278493 0.021242 0.077819
0 0.926062 0.278952 0.021242 0.077512
0 0.900940 0.276808 0.024918 0.081801
0 0.872753 0.275582 0.024918 0.081801
0 0.846201 0.274510 0.026552 0.082721
0 0.818015 0.274050 0.026552 0.083027
0 0.585376 0.765472 0.029412 0.098346
0 0.790850 0.274050 0.024510 0.081189
0 0.927083 0.188879 0.024918 0.057292
0 0.900531 0.186887 0.026552 0.060662
0 0.870711 0.185815 0.027369 0.059743
0 0.840278 0.187040 0.030229 0.057904
0 0.790645 0.181066 0.023284 0.060662
0 0.643791 0.755974 0.028595 0.094669
0 0.970384 0.191789 0.031454 0.056985
0 0.615809 0.632812 0.039624 0.100184
0 0.940564 0.636029 0.026552 0.072304
0 0.530842 0.639246 0.039624 0.100184
0 0.191381 0.890625 0.037173 0.068627
0 0.148693 0.895527 0.039216 0.069853
0 0.572917 0.636336 0.039624 0.099877
0 0.064951 0.917126 0.039216 0.070159
0 0.018587 0.926624 0.037173 0.069547
0 0.315564 0.746477 0.042892 0.091605
0 0.270221 0.751685 0.042892 0.091605
0 0.231822 0.884344 0.037173 0.068934
0 0.223448 0.759957 0.042484 0.091605
0 0.129493 0.773897 0.044935 0.096201
0 0.081291 0.782475 0.044935 0.096201
0 0.032271 0.789216 0.044935 0.096201
0 0.309845 0.634957 0.043709 0.094056
0 0.264093 0.639706 0.043709 0.093750
0 0.216503 0.644608 0.044118 0.093750
0 0.169935 0.647825 0.044118 0.094056
0 0.177696 0.766391 0.044935 0.096507
0 0.122958 0.653339 0.044935 0.098346
0 0.273897 0.875613 0.037173 0.068627
0 0.403186 0.169884 0.045752 0.119179
0 0.448938 0.414369 0.036765 0.092218
0 0.410131 0.414369 0.033497 0.092218
0 0.665850 0.304228 0.035131 0.088235
0 0.627859 0.303309 0.035131 0.088235
0 0.591912 0.301164 0.032680 0.088235
0 0.556577 0.303002 0.033905 0.092525
0 0.519812 0.300705 0.036356 0.092831
0 0.313113 0.871324 0.037173 0.068627
0 0.482435 0.300398 0.035131 0.095282
0 0.406863 0.298254 0.035131 0.095282
0 0.667892 0.187040 0.038399 0.105699
0 0.627247 0.185202 0.038807 0.109375
0 0.584559 0.179841 0.040850 0.115196
0 0.540441 0.178462 0.040850 0.114890
0 0.498366 0.174786 0.037582 0.114277
0 0.453227 0.170956 0.046977 0.119485
0 0.444649 0.299786 0.035539 0.095282
0 0.074142 0.661612 0.047794 0.099571
0 0.107026 0.906403 0.039216 0.070159
0 0.306577 0.521140 0.043709 0.094363
0 0.021446 0.668658 0.042892 0.101409
0 0.441993 0.655484 0.044935 0.100184
0 0.662786 0.512102 0.037990 0.098958
0 0.041462 0.156863 0.059232 0.144608
0 0.103145 0.159314 0.059232 0.144608
0 0.161560 0.162684 0.054330 0.143382
0 0.216708 0.168199 0.051062 0.141544
0 0.266953 0.170650 0.045343 0.134191
0 0.015523 0.291513 0.031046 0.084252
0 0.057598 0.291820 0.040033 0.079963
0 0.104371 0.291667 0.042892 0.079657
0 0.149714 0.294424 0.042892 0.079657
0 0.196691 0.295956 0.042892 0.079657
0 0.487337 0.644608 0.044118 0.100490
0 0.282680 0.297794 0.038399 0.080270
0 0.240196 0.295803 0.038399 0.079963
0 0.217729 0.526654 0.045752 0.097426
0 0.168709 0.529412 0.045752 0.100490
0 0.118464 0.533395 0.045752 0.100490
0 0.068627 0.536458 0.045752 0.100490
0 0.021038 0.538756 0.039624 0.100797
0 0.263685 0.522825 0.039624 0.094669
0 0.283905 0.407629 0.044935 0.102022
0 0.234069 0.407782 0.044935 0.102328
0 0.188317 0.407322 0.044935 0.102022
0 0.139706 0.409161 0.044935 0.102022
0 0.087827 0.409007 0.044935 0.102328
0 0.037990 0.412071 0.044935 0.102328
