0 0.138480 0.466605 0.156863 0.017770
0 0.313725 0.378217 0.173203 0.027267
0 0.311479 0.467218 0.174428 0.026961
0 0.314747 0.439032 0.169526 0.028799
0 0.625204 0.272365 0.177696 0.025735
0 0.626225 0.301164 0.176471 0.026961
0 0.137255 0.440257 0.157680 0.026348
0 0.313317 0.408395 0.169935 0.027574
0 0.141544 0.412684 0.152369 0.020833
0 0.307802 0.274050 0.153186 0.022365
0 0.459559 0.323376 0.144608 0.019914
0 0.456904 0.301011 0.147467 0.020527
0 0.460376 0.278033 0.148693 0.018689
0 0.307190 0.323070 0.148693 0.018689
0 0.305351 0.299632 0.148284 0.023284
0 0.624796 0.325521 0.185049 0.017463
0 0.141340 0.320312 0.174020 0.021752
0 0.142565 0.293045 0.174020 0.026042
0 0.145221 0.263940 0.170343 0.026042
0 0.924224 0.210784 0.151552 0.017157
0 0.143382 0.383732 0.150327 0.022365
0 0.490809 0.379136 0.173611 0.029718
0 0.140931 0.079197 0.161765 0.019301
0 0.491830 0.438725 0.178105 0.027574
0 0.132761 0.182598 0.165033 0.023284
0 0.134395 0.155637 0.168301 0.020833
0 0.444649 0.103860 0.140114 0.020221
0 0.942402 0.410233 0.115196 0.025735
0 0.808007 0.467984 0.152778 0.025429
0 0.811479 0.440870 0.137663 0.027574
0 0.809436 0.410233 0.147467 0.028186
0 0.657067 0.438266 0.144199 0.026042
0 0.656863 0.408395 0.146242 0.025123
0 0.491830 0.408701 0.178105 0.028799
0 0.445261 0.083180 0.146242 0.021752
0 0.297998 0.105086 0.144199 0.013480
0 0.298815 0.084099 0.137663 0.021752
0 0.300449 0.060509 0.140931 0.019301
0 0.139502 0.100337 0.164624 0.016850
0 0.143178 0.053615 0.163807 0.026348
0 0.789624 0.321844 0.144608 0.022978
0 0.789420 0.295956 0.144199 0.026961
0 0.790850 0.268076 0.143791 0.025735
0 0.490809 0.465839 0.179330 0.025429
0 0.448529 0.060355 0.144608 0.023284
0 0.654820 0.466759 0.139706 0.025429
0 0.936683 0.319853 0.126634 0.020833
0 0.130719 0.207874 0.166667 0.021140
0 0.128268 0.746936 0.161765 0.036152
0 0.124183 0.782016 0.165033 0.030331
0 0.311683 0.682138 0.180556 0.033395
0 0.308211 0.717065 0.181781 0.032782
0 0.305147 0.749540 0.181373 0.030944
0 0.300858 0.783701 0.183415 0.031250
0 0.493464 0.782935 0.192810 0.028493
0 0.493260 0.750000 0.186683 0.027574
0 0.130515 0.708180 0.163807 0.038297
0 0.502042 0.717371 0.190359 0.030331
0 0.672386 0.687347 0.151961 0.027880
0 0.675858 0.720129 0.148284 0.030944
0 0.668505 0.754136 0.152369 0.027880
0 0.668913 0.784926 0.150735 0.031250
0 0.833333 0.719516 0.156046 0.026042
0 0.829248 0.753064 0.153595 0.030025
0 0.828023 0.784314 0.156863 0.028186
0 0.956087 0.693781 0.087010 0.025429
0 0.498979 0.684743 0.184232 0.028799
0 0.117443 0.619485 0.167892 0.023284
0 0.121119 0.591299 0.167075 0.025123
0 0.123570 0.563113 0.166258 0.025123
0 0.941381 0.531556 0.116422 0.030025
0 0.943832 0.562194 0.112337 0.029412
0 0.944444 0.590074 0.111111 0.023897
0 0.945057 0.616575 0.109886 0.027267
0 0.805760 0.557904 0.154003 0.025123
0 0.802900 0.588082 0.148284 0.025429
0 0.803513 0.619179 0.155229 0.025735
0 0.648897 0.558364 0.152369 0.024203
0 0.647467 0.589920 0.147059 0.027880
0 0.649714 0.617800 0.148284 0.024816
0 0.487541 0.526654 0.180964 0.029412
0 0.479984 0.556526 0.179739 0.027880
0 0.478350 0.588082 0.176471 0.025429
0 0.477328 0.614890 0.180147 0.026348
0 0.303717 0.526501 0.175245 0.029718
0 0.297794 0.556985 0.172386 0.029412
0 0.298611 0.587010 0.174020 0.027574
0 0.294322 0.617647 0.179330 0.028799
0 0.126225 0.535233 0.165850 0.026961
0 0.958129 0.722733 0.082925 0.025735
0 0.935662 0.294118 0.127042 0.026348
0 0.955678 0.751685 0.088644 0.024203
0 0.179330 0.876225 0.196895 0.038603
0 0.908905 0.057138 0.137255 0.023591
0 0.776961 0.210018 0.141340 0.018689
0 0.613562 0.210018 0.168301 0.018689
0 0.775123 0.185355 0.134395 0.026348
0 0.772876 0.157322 0.143791 0.021752
0 0.611315 0.158854 0.169526 0.024816
0 0.762459 0.103248 0.136846 0.018995
0 0.603758 0.104320 0.170752 0.019301
0 0.912377 0.081801 0.144199 0.022672
0 0.763685 0.079810 0.139297 0.026654
0 0.765727 0.052543 0.140931 0.018076
0 0.606822 0.052083 0.166258 0.023284
0 0.444649 0.213235 0.145016 0.018382
0 0.445057 0.191789 0.151552 0.022059
0 0.446691 0.167279 0.146650 0.022672
0 0.292892 0.213082 0.148693 0.018689
0 0.291667 0.189798 0.146242 0.023591
0 0.295956 0.165748 0.143382 0.021446
0 0.607230 0.079657 0.171977 0.026961
0 0.915645 0.103860 0.148284 0.017770
0 0.919730 0.158088 0.139297 0.028799
0 0.923611 0.187347 0.152778 0.026654
0 0.172998 0.916513 0.195670 0.039522
0 0.172794 0.957874 0.195261 0.036458
0 0.388480 0.854626 0.194444 0.031556
0 0.384804 0.888634 0.192810 0.034620
0 0.378064 0.923713 0.193219 0.033701
0 0.377859 0.959099 0.195261 0.034007
0 0.587214 0.853860 0.196487 0.033088
0 0.585989 0.889553 0.199755 0.037071
0 0.587623 0.925092 0.199755 0.032782
0 0.589461 0.959559 0.200980 0.033088
0 0.797590 0.892616 0.165441 0.028493
0 0.802288 0.926777 0.164216 0.035539
0 0.811479 0.963848 0.159722 0.034926
0 0.953431 0.891697 0.093137 0.032782
0 0.954861 0.926624 0.090278 0.034007
0 0.954861 0.959559 0.090278 0.030637
0 0.936070 0.268229 0.127859 0.023591
0 0.944444 0.463388 0.111111 0.024203
0 0.943015 0.436581 0.113971 0.027574
0 0.955678 0.782935 0.088644 0.030944
0 0.615809 0.187040 0.172794 0.024816
