0 0.575000 0.158854 0.017969 0.083333
0 0.654297 0.156771 0.012500 0.060417
0 0.638477 0.159896 0.011328 0.061458
0 0.627148 0.164844 0.008984 0.049479
0 0.616211 0.160938 0.011328 0.065625
0 0.598242 0.158594 0.017578 0.072396
0 0.488477 0.747135 0.028516 0.057813
0 0.524219 0.522917 0.021094 0.062500
0 0.516016 0.627865 0.028906 0.080729
0 0.451367 0.668229 0.029297 0.061458
0 0.413867 0.669271 0.037109 0.053125
0 0.310742 0.762760 0.045703 0.097396
0 0.262500 0.788542 0.046094 0.119792
0 0.666406 0.156771 0.012500 0.062500
0 0.508984 0.433333 0.019531 0.068750
0 0.680469 0.155208 0.010156 0.062500
0 0.586914 0.289844 0.013672 0.108854
0 0.706836 0.152865 0.010547 0.066146
0 0.454688 0.772135 0.025781 0.053646
0 0.574805 0.416146 0.029297 0.093750
0 0.743164 0.253385 0.010547 0.074479
0 0.731836 0.255469 0.010547 0.076563
0 0.719531 0.258073 0.013281 0.082812
0 0.664062 0.283854 0.011719 0.063542
0 0.693555 0.154688 0.012109 0.064583
0 0.650977 0.272656 0.010547 0.090104
0 0.552344 0.289583 0.014844 0.102083
0 0.570312 0.291406 0.020313 0.105729
0 0.765234 0.144010 0.012500 0.061979
0 0.780273 0.156510 0.012109 0.034896
0 0.732812 0.149479 0.012500 0.059375
0 0.718750 0.151302 0.012500 0.063021
0 0.640039 0.272656 0.010547 0.091146
0 0.419531 0.778125 0.032813 0.046875
0 0.412500 0.471354 0.039062 0.071875
0 0.370898 0.898958 0.050391 0.083333
0 0.233789 0.533073 0.047266 0.076563
0 0.300781 0.642188 0.047656 0.071875
0 0.248047 0.665625 0.047656 0.072917
0 0.184961 0.683333 0.030078 0.086458
0 0.149609 0.736979 0.036719 0.107292
0 0.113281 0.750260 0.032813 0.118229
0 0.280469 0.519010 0.039062 0.065104
0 0.074805 0.769792 0.036328 0.116667
0 0.517773 0.317188 0.028516 0.057292
0 0.480273 0.344271 0.026953 0.068750
0 0.449609 0.341927 0.028125 0.044271
0 0.409180 0.356771 0.033984 0.075000
0 0.370508 0.358073 0.039453 0.078646
0 0.022461 0.183073 0.041016 0.150521
0 0.032422 0.789323 0.042969 0.109896
0 0.326367 0.500521 0.042578 0.065625
0 0.370898 0.484635 0.042578 0.060937
0 0.549414 0.415885 0.017578 0.082812
0 0.499609 0.200000 0.028906 0.122917
0 0.162305 0.417448 0.059766 0.101562
0 0.278320 0.394010 0.051172 0.091146
0 0.324023 0.377604 0.035547 0.079167
0 0.278906 0.928906 0.056250 0.076563
0 0.210938 0.940625 0.043750 0.056250
0 0.168750 0.895573 0.030469 0.084896
0 0.133984 0.913542 0.035156 0.102083
0 0.095898 0.941927 0.033984 0.113021
0 0.057813 0.954948 0.040625 0.090104
0 0.491992 0.545573 0.040234 0.064062
0 0.456641 0.556250 0.030469 0.058333
0 0.419141 0.578385 0.039844 0.059896
0 0.376563 0.603646 0.039844 0.056250
0 0.477734 0.446615 0.035937 0.066146
0 0.391992 0.823438 0.040234 0.047917
0 0.655664 0.387500 0.011328 0.073958
0 0.484375 0.655469 0.030469 0.078646
0 0.676758 0.382292 0.008984 0.080208
0 0.801953 0.463281 0.014844 0.050521
0 0.785742 0.471615 0.015234 0.053646
0 0.865234 0.361979 0.014063 0.044792
0 0.849805 0.368490 0.016016 0.052604
0 0.834766 0.384896 0.010156 0.031250
0 0.821680 0.390365 0.013672 0.036979
0 0.799609 0.405729 0.012500 0.037500
0 0.785547 0.409115 0.012500 0.050521
0 0.857812 0.303906 0.017188 0.049479
0 0.840820 0.237240 0.013672 0.056771
0 0.868555 0.232031 0.014453 0.054688
0 0.854297 0.235937 0.012500 0.051042
0 0.666797 0.384375 0.009375 0.079167
0 0.803906 0.248177 0.012500 0.051562
0 0.862109 0.159896 0.014063 0.047917
0 0.844531 0.163802 0.013281 0.060937
0 0.813281 0.163802 0.013281 0.060937
0 0.715820 0.617448 0.014453 0.027604
0 0.727930 0.655208 0.010547 0.045833
0 0.822266 0.453906 0.013281 0.048438
0 0.711133 0.664323 0.019141 0.048438
0 0.834961 0.448177 0.008203 0.047396
0 0.856836 0.430208 0.009766 0.046875
0 0.062109 0.179688 0.031250 0.138542
0 0.098633 0.179427 0.039453 0.138021
0 0.031250 0.393750 0.046094 0.103125
0 0.075977 0.383333 0.041016 0.101042
0 0.015234 0.606510 0.030469 0.126562
0 0.052344 0.593229 0.042188 0.116667
0 0.094531 0.577604 0.039844 0.117708
0 0.205859 0.229167 0.060156 0.142708
0 0.266797 0.222917 0.052344 0.133333
0 0.315625 0.212760 0.039062 0.128646
0 0.372461 0.216667 0.053516 0.126042
0 0.446094 0.205729 0.031250 0.121875
0 0.760156 0.593490 0.020313 0.035937
0 0.741016 0.642188 0.010156 0.046875
0 0.859180 0.503385 0.009766 0.055729
0 0.847070 0.509375 0.010547 0.061458
0 0.833789 0.516146 0.016016 0.056250
0 0.816016 0.521615 0.014844 0.053646
0 0.799609 0.528125 0.012500 0.053125
0 0.846680 0.443750 0.009766 0.052083
0 0.684961 0.680729 0.015234 0.064583
0 0.818945 0.241667 0.010547 0.048958
0 0.705859 0.261198 0.010937 0.082812
0 0.600977 0.625521 0.017578 0.067708
0 0.576172 0.639583 0.028125 0.073958
0 0.757031 0.447396 0.010156 0.051042
0 0.745313 0.452083 0.008594 0.057292
0 0.728906 0.458333 0.020313 0.057292
0 0.679688 0.486979 0.010937 0.065625
0 0.669727 0.489844 0.008984 0.071354
0 0.658008 0.492708 0.014453 0.085417
0 0.618555 0.617448 0.012109 0.065104
0 0.646484 0.507552 0.010156 0.098437
0 0.606055 0.403125 0.027734 0.059375
0 0.633008 0.509635 0.012891 0.086979
0 0.612695 0.464323 0.028516 0.052604
0 0.620508 0.523958 0.012109 0.058333
0 0.608203 0.525260 0.011719 0.069271
0 0.544727 0.535156 0.016016 0.070312
0 0.560547 0.542188 0.013281 0.073958
0 0.580664 0.541927 0.021484 0.075521
0 0.608594 0.315625 0.028125 0.103125
0 0.633984 0.608333 0.012500 0.065625
0 0.766992 0.442448 0.009766 0.057813
0 0.648633 0.599740 0.011328 0.067187
0 0.686523 0.382292 0.008203 0.082292
0 0.705664 0.380990 0.012109 0.047396
0 0.719336 0.379427 0.011328 0.044271
0 0.731836 0.379688 0.012109 0.037500
0 0.745117 0.371354 0.012109 0.050000
0 0.772266 0.348177 0.014063 0.059896
0 0.657813 0.703646 0.011719 0.062500
0 0.641797 0.715365 0.011719 0.064062
0 0.626367 0.728906 0.013672 0.058854
0 0.757422 0.357812 0.012500 0.055208
0 0.594727 0.757292 0.019141 0.066667
0 0.736133 0.547135 0.008984 0.053646
0 0.727539 0.550781 0.009766 0.050521
0 0.715234 0.560937 0.013281 0.052083
0 0.661133 0.588021 0.012109 0.062500
0 0.676172 0.581510 0.011719 0.054688
0 0.690039 0.572135 0.011328 0.057813
0 0.612305 0.739583 0.013672 0.061458
0 0.701953 0.565365 0.010937 0.052604
