0 0.891667 0.303516 0.051042 0.111719
0 0.833333 0.307812 0.050000 0.110937
0 0.784375 0.310352 0.050000 0.104297
0 0.732292 0.315039 0.052083 0.112891
0 0.684635 0.315820 0.045312 0.108203
0 0.638542 0.315820 0.047917 0.108984
0 0.592187 0.323437 0.042708 0.092969
0 0.546094 0.330859 0.036979 0.096094
0 0.438021 0.191602 0.025000 0.098828
0 0.696875 0.196289 0.050000 0.017578
0 0.411198 0.187695 0.029687 0.105078
0 0.385677 0.190039 0.023438 0.111328
0 0.359115 0.192188 0.027604 0.104688
0 0.335417 0.194922 0.026042 0.108594
0 0.307552 0.205469 0.028646 0.087500
0 0.280729 0.202734 0.026042 0.100000
0 0.255208 0.210938 0.023958 0.082812
0 0.230469 0.209961 0.016146 0.101953
0 0.175260 0.220703 0.020313 0.089844
0 0.210677 0.220508 0.023438 0.081641
0 0.745052 0.141406 0.030729 0.124219
0 0.151823 0.222461 0.026562 0.087109
0 0.945312 0.299414 0.054167 0.121484
0 0.461198 0.181836 0.019271 0.098047
0 0.502604 0.325391 0.046875 0.104688
0 0.484115 0.181445 0.026562 0.102734
0 0.513281 0.182617 0.033854 0.090234
0 0.539583 0.178320 0.017708 0.096484
0 0.571094 0.184180 0.040104 0.087109
0 0.607552 0.169922 0.024479 0.095312
0 0.650781 0.171094 0.031771 0.094531
0 0.696875 0.172656 0.047917 0.025000
0 0.973177 0.102539 0.043229 0.144141
0 0.458854 0.326172 0.040625 0.107813
0 0.969271 0.463086 0.046875 0.103516
0 0.386719 0.342187 0.038021 0.082031
0 0.057552 0.579492 0.027604 0.073047
0 0.082292 0.584570 0.022917 0.081641
0 0.110417 0.585156 0.032292 0.078906
0 0.147656 0.586914 0.034896 0.076172
0 0.203125 0.588867 0.030208 0.076953
0 0.233073 0.592383 0.031771 0.081641
0 0.268490 0.597070 0.038021 0.071484
0 0.298958 0.599219 0.026042 0.076563
0 0.327344 0.609570 0.030729 0.057422
0 0.423958 0.334180 0.029167 0.090234
0 0.383594 0.604297 0.035937 0.074219
0 0.029687 0.580469 0.026042 0.071094
0 0.420573 0.606445 0.035937 0.077734
0 0.494271 0.619141 0.027083 0.064844
0 0.525781 0.608984 0.036979 0.086719
0 0.567969 0.610742 0.030729 0.101953
0 0.151823 0.811133 0.026562 0.062891
0 0.202604 0.825781 0.034375 0.076563
0 0.262500 0.836523 0.056250 0.094922
0 0.309896 0.833398 0.025000 0.088672
0 0.336198 0.853125 0.024479 0.076563
0 0.367448 0.860156 0.025521 0.081250
0 0.405469 0.869531 0.020313 0.072656
0 0.438021 0.860938 0.032292 0.076563
0 0.458073 0.604297 0.038021 0.085938
0 0.946354 0.788477 0.060417 0.115234
0 0.891667 0.787500 0.051042 0.121875
0 0.841406 0.784570 0.046354 0.116797
0 0.476562 0.741797 0.025000 0.095312
0 0.448958 0.740234 0.031250 0.097656
0 0.414062 0.733984 0.032292 0.085938
0 0.376302 0.733594 0.042188 0.086719
0 0.333594 0.690039 0.026562 0.031641
0 0.335677 0.720313 0.033854 0.028125
0 0.335417 0.751758 0.027083 0.026172
0 0.298958 0.724023 0.038542 0.074609
0 0.264583 0.724219 0.029167 0.071094
0 0.234375 0.712500 0.025000 0.082812
0 0.205990 0.712305 0.032813 0.083203
0 0.095833 0.693164 0.028125 0.068359
0 0.068750 0.690430 0.026042 0.074609
0 0.041667 0.687109 0.027083 0.068750
0 0.015104 0.684961 0.027083 0.073828
0 0.069010 0.802344 0.027604 0.072656
0 0.120313 0.813086 0.032292 0.075391
0 0.513542 0.749609 0.044792 0.095312
0 0.552865 0.754102 0.035937 0.103516
0 0.594271 0.761328 0.042708 0.088281
0 0.631250 0.767578 0.034375 0.097656
0 0.669010 0.768359 0.040104 0.096094
0 0.709375 0.776758 0.040625 0.109766
0 0.750260 0.779492 0.041146 0.103516
0 0.794792 0.785156 0.045833 0.114844
0 0.490104 0.873633 0.042708 0.098828
0 0.536719 0.891406 0.033854 0.085938
0 0.355208 0.612109 0.023958 0.060156
0 0.618490 0.615820 0.059896 0.110547
0 0.178646 0.464844 0.026042 0.082812
0 0.204687 0.465820 0.027083 0.078516
0 0.246094 0.460547 0.050521 0.088281
0 0.291406 0.461523 0.041146 0.087891
0 0.328125 0.467969 0.033333 0.070312
0 0.360417 0.466797 0.033333 0.074219
0 0.393750 0.478906 0.023958 0.063281
0 0.433333 0.468945 0.055208 0.084766
0 0.474740 0.467383 0.025521 0.080859
0 0.504687 0.463867 0.034375 0.089453
0 0.922135 0.128516 0.031771 0.100781
0 0.073958 0.366406 0.018750 0.060156
0 0.887500 0.118164 0.035417 0.121484
0 0.572135 0.895312 0.034896 0.096094
0 0.780208 0.137109 0.037500 0.133594
0 0.100000 0.355273 0.032292 0.075391
0 0.132812 0.349414 0.032292 0.087109
0 0.167187 0.348438 0.036458 0.082812
0 0.203906 0.345703 0.036979 0.085938
0 0.241146 0.351758 0.035417 0.073047
0 0.276302 0.347852 0.034896 0.080859
0 0.314063 0.369922 0.040625 0.030469
0 0.324219 0.336719 0.028646 0.028125
0 0.353385 0.341797 0.027604 0.084375
0 0.854688 0.123047 0.031250 0.132812
0 0.046354 0.359570 0.033333 0.073047
0 0.817448 0.129492 0.041146 0.119922
0 0.026302 0.461133 0.041146 0.081641
0 0.916146 0.463477 0.059375 0.100391
0 0.678646 0.618555 0.061458 0.105859
0 0.744271 0.625586 0.060417 0.119141
0 0.809375 0.630664 0.069792 0.108203
0 0.883333 0.633203 0.071875 0.112500
0 0.954427 0.630664 0.072396 0.117578
0 0.059115 0.460742 0.024479 0.081641
0 0.087500 0.463477 0.029167 0.080078
0 0.115885 0.466016 0.029687 0.083594
0 0.608854 0.900781 0.027083 0.092188
0 0.704167 0.912891 0.038542 0.100781
0 0.740104 0.923047 0.032292 0.114844
0 0.643490 0.916016 0.034896 0.100781
0 0.819010 0.945703 0.043229 0.105469
0 0.859375 0.466016 0.055208 0.106250
0 0.807813 0.468359 0.047917 0.103125
0 0.758073 0.465625 0.049479 0.099219
0 0.541927 0.477344 0.036979 0.069531
0 0.772917 0.931445 0.033333 0.097266
0 0.623437 0.467187 0.041667 0.108594
0 0.583073 0.462695 0.041146 0.099609
0 0.662240 0.467773 0.036979 0.106641
0 0.706250 0.465234 0.055208 0.100000
0 0.148438 0.465625 0.033333 0.084375
0 0.915625 0.952539 0.053125 0.094922
0 0.866667 0.948828 0.044792 0.099219
