0 0.979701 0.657813 0.038889 0.027644
0 0.578419 0.257572 0.026923 0.023317
0 0.577350 0.279087 0.029915 0.021635
0 0.608333 0.277885 0.025214 0.019231
0 0.605769 0.256130 0.020085 0.015144
0 0.642521 0.265264 0.037179 0.043510
0 0.642521 0.224399 0.027778 0.011298
0 0.647436 0.234615 0.029060 0.012019
0 0.610043 0.601683 0.055128 0.030288
0 0.555556 0.601803 0.052137 0.029087
0 0.958547 0.538221 0.049573 0.035577
0 0.898077 0.537740 0.046581 0.034615
0 0.852350 0.537981 0.043162 0.032692
0 0.766026 0.540144 0.055128 0.039423
0 0.709829 0.537019 0.052991 0.033654
0 0.654915 0.537260 0.052564 0.031250
0 0.598077 0.538221 0.044872 0.033654
0 0.553205 0.539663 0.043162 0.033654
0 0.443590 0.484014 0.060684 0.041106
0 0.385043 0.487380 0.058120 0.043990
0 0.327350 0.486058 0.057265 0.047596
0 0.266667 0.486538 0.063248 0.048077
0 0.541453 0.257332 0.032479 0.064663
0 0.505556 0.261899 0.035043 0.061298
0 0.461538 0.267668 0.052991 0.043510
0 0.401282 0.266947 0.059829 0.044471
0 0.163462 0.542188 0.050000 0.008894
0 0.165598 0.568149 0.050000 0.041106
0 0.212179 0.561418 0.042308 0.056490
0 0.255983 0.562380 0.046154 0.059375
0 0.294872 0.563101 0.027350 0.053125
0 0.335897 0.565144 0.043590 0.050000
0 0.385684 0.566466 0.050855 0.048798
0 0.436752 0.560457 0.047009 0.057933
0 0.496368 0.535937 0.052564 0.018510
0 0.495513 0.566346 0.050855 0.044712
0 0.205128 0.485337 0.058974 0.048558
0 0.044872 0.221274 0.036752 0.044471
0 0.122650 0.217308 0.038462 0.044231
0 0.014103 0.268269 0.023932 0.037019
0 0.046154 0.264183 0.035043 0.036538
0 0.081624 0.269471 0.035897 0.041827
0 0.122650 0.266947 0.038462 0.044471
0 0.173077 0.266226 0.060684 0.045433
0 0.682051 0.359014 0.028205 0.047837
0 0.230342 0.267188 0.052137 0.044952
0 0.288889 0.266226 0.063248 0.043510
0 0.342949 0.266226 0.048291 0.045433
0 0.083974 0.230649 0.036325 0.036298
0 0.122863 0.561178 0.030342 0.054567
0 0.127778 0.476803 0.058120 0.058894
0 0.023291 0.480889 0.042308 0.042067
0 0.504274 0.356010 0.028205 0.027404
0 0.545299 0.356490 0.035897 0.055288
0 0.586752 0.356490 0.039316 0.050481
0 0.623504 0.356010 0.034188 0.051923
0 0.334402 0.413101 0.036325 0.047356
0 0.299573 0.415505 0.028205 0.043990
0 0.273291 0.417308 0.023504 0.040865
0 0.247436 0.417067 0.024786 0.040865
0 0.217094 0.416466 0.034188 0.042067
0 0.113248 0.412861 0.029060 0.037260
0 0.081624 0.411418 0.031624 0.043990
0 0.054060 0.411659 0.024359 0.039663
0 0.026496 0.412861 0.030769 0.037260
0 0.933333 0.354327 0.060684 0.053365
0 0.860897 0.358894 0.069658 0.050481
0 0.867735 0.319111 0.078205 0.025240
0 0.790598 0.353245 0.064957 0.056490
0 0.738462 0.357933 0.026496 0.048558
0 0.713675 0.357933 0.021368 0.050962
0 0.681197 0.333053 0.022222 0.010817
0 0.678632 0.319832 0.034188 0.011779
0 0.473504 0.359976 0.028205 0.027644
0 0.442094 0.361659 0.036325 0.021394
0 0.469658 0.337260 0.029915 0.014423
0 0.442094 0.340385 0.026923 0.018269
0 0.770085 0.493269 0.067521 0.014904
0 0.701709 0.491707 0.063248 0.014183
0 0.634615 0.492067 0.073504 0.017308
0 0.559829 0.492428 0.064957 0.013221
0 0.948932 0.440625 0.073932 0.018269
0 0.944872 0.424519 0.070085 0.015865
0 0.872009 0.443990 0.082479 0.020192
0 0.866239 0.425481 0.062393 0.012981
0 0.787821 0.437380 0.077350 0.021875
0 0.710256 0.437019 0.070940 0.016346
0 0.071154 0.477644 0.050000 0.050962
0 0.708120 0.417067 0.066667 0.018269
0 0.638248 0.423798 0.072222 0.019231
0 0.638462 0.441346 0.064103 0.014904
0 0.567735 0.441587 0.076496 0.020192
0 0.565598 0.420553 0.072222 0.022837
0 0.514530 0.413341 0.035897 0.050240
0 0.471581 0.415385 0.050855 0.051923
0 0.423718 0.412861 0.043162 0.054567
0 0.376709 0.413822 0.050000 0.047356
0 0.323504 0.344351 0.070940 0.057933
0 0.390598 0.343870 0.060684 0.059856
0 0.637393 0.405769 0.074786 0.017788
0 0.080128 0.562981 0.050000 0.045673
0 0.654060 0.356731 0.024359 0.053365
0 0.118803 0.656611 0.065812 0.018029
0 0.104701 0.338942 0.024786 0.057212
0 0.133761 0.335938 0.034188 0.062260
0 0.170513 0.342428 0.037607 0.064183
0 0.207051 0.344832 0.036325 0.059375
0 0.258974 0.345072 0.060684 0.057452
0 0.933547 0.656370 0.047436 0.027163
0 0.958547 0.596154 0.053846 0.035096
0 0.903205 0.596635 0.044017 0.036058
0 0.075214 0.337260 0.031624 0.053846
0 0.857051 0.597596 0.044017 0.035577
0 0.745299 0.604688 0.062393 0.022837
0 0.677564 0.653365 0.050000 0.016346
0 0.026923 0.560937 0.049573 0.048798
0 0.689103 0.597476 0.038034 0.043029
0 0.658974 0.599038 0.034188 0.038462
0 0.751923 0.655409 0.071368 0.025240
0 0.835043 0.656611 0.079487 0.030048
0 0.625000 0.654687 0.050000 0.028606
0 0.804274 0.601202 0.048718 0.035577
0 0.047009 0.337500 0.028205 0.056731
0 0.555556 0.658173 0.069231 0.018269
0 0.983120 0.266466 0.023504 0.040625
0 0.360684 0.648438 0.031624 0.026202
0 0.404915 0.648678 0.044872 0.026683
0 0.016667 0.336779 0.029060 0.055288
0 0.320940 0.645192 0.030769 0.029808
0 0.357692 0.627163 0.029915 0.020673
0 0.259188 0.646875 0.048291 0.035577
0 0.117949 0.633173 0.059829 0.020192
0 0.454487 0.656851 0.051709 0.018510
0 0.450427 0.631250 0.039316 0.036058
0 0.182479 0.642788 0.061538 0.037019
0 0.679060 0.255889 0.030769 0.059375
0 0.714103 0.258053 0.035043 0.048798
0 0.746581 0.258534 0.029915 0.064663
0 0.780556 0.260577 0.036325 0.062500
0 0.814957 0.258534 0.034188 0.059856
0 0.955128 0.266226 0.029060 0.047837
0 0.495726 0.645673 0.041880 0.035577
0 0.847009 0.261538 0.028205 0.055769
0 0.919017 0.268510 0.036325 0.039904
0 0.879915 0.260817 0.032479 0.054327
