0 0.617723 0.431851 0.107877 0.015144
0 0.991438 0.380409 0.017123 0.080048
0 0.500000 0.453846 0.122432 0.011538
0 0.375000 0.437861 0.116438 0.012740
0 0.376070 0.452284 0.118579 0.010817
0 0.252568 0.435457 0.120719 0.013702
0 0.251070 0.450481 0.117723 0.012981
0 0.965539 0.379808 0.020976 0.078846
0 0.500642 0.439063 0.123716 0.012740
0 0.939854 0.380769 0.019264 0.077885
0 0.369007 0.602163 0.109589 0.013942
0 0.859803 0.383654 0.023545 0.078846
0 0.224743 0.368870 0.030822 0.065625
0 0.253425 0.371274 0.023116 0.064663
0 0.277397 0.370433 0.021404 0.062981
0 0.304366 0.378125 0.019692 0.050481
0 0.326413 0.378486 0.022688 0.051202
0 0.352740 0.380288 0.027397 0.051923
0 0.372860 0.379567 0.016267 0.050481
0 0.440925 0.363341 0.108733 0.015144
0 0.440925 0.377764 0.108733 0.013221
0 0.911601 0.379447 0.022688 0.078125
0 0.547089 0.358413 0.096747 0.016346
0 0.655822 0.359375 0.114726 0.015865
0 0.480094 0.605288 0.102312 0.011538
0 0.365368 0.642668 0.108305 0.012260
0 0.366438 0.628726 0.109589 0.014183
0 0.366866 0.614904 0.109589 0.013942
0 0.250428 0.634375 0.101884 0.013942
0 0.251926 0.618149 0.099743 0.012260
0 0.652825 0.377284 0.108733 0.015144
0 0.886130 0.381490 0.021404 0.074038
0 0.546233 0.377043 0.095034 0.014663
0 0.985017 0.291106 0.029966 0.052885
0 0.263699 0.517067 0.108733 0.014423
0 0.890839 0.486418 0.015411 0.065144
0 0.790668 0.653365 0.049658 0.009615
0 0.800300 0.635817 0.054366 0.019712
0 0.815497 0.594111 0.054795 0.017548
0 0.818921 0.572236 0.061644 0.018510
0 0.823844 0.550000 0.061216 0.021635
0 0.830051 0.526442 0.068493 0.016346
0 0.691567 0.538702 0.116010 0.012981
0 0.043450 0.642308 0.081764 0.105288
0 0.691567 0.526322 0.121147 0.012260
0 0.614512 0.530529 0.026969 0.058173
0 0.583262 0.527284 0.024401 0.057452
0 0.552868 0.529808 0.028682 0.053846
0 0.485659 0.534495 0.108305 0.012740
0 0.983947 0.792188 0.032106 0.076683
0 0.946276 0.792788 0.041524 0.078365
0 0.889769 0.789423 0.053510 0.074038
0 0.689212 0.512620 0.116438 0.014183
0 0.253211 0.602404 0.102312 0.014423
0 0.211687 0.276082 0.029538 0.064663
0 0.243151 0.275120 0.029110 0.064663
0 0.944991 0.277764 0.019264 0.065144
0 0.921661 0.279087 0.022260 0.067788
0 0.893408 0.279447 0.020548 0.068510
0 0.871361 0.280529 0.016695 0.068269
0 0.848031 0.277885 0.024829 0.068269
0 0.821490 0.281731 0.020548 0.066827
0 0.802440 0.280168 0.018408 0.069952
0 0.779752 0.278966 0.022688 0.065144
0 0.734375 0.275721 0.051798 0.077885
0 0.675942 0.275361 0.054795 0.074760
0 0.618579 0.275721 0.049658 0.075481
0 0.561430 0.284135 0.035531 0.055769
0 0.522260 0.285697 0.040240 0.054087
0 0.350171 0.284736 0.111301 0.017548
0 0.349529 0.267308 0.110017 0.016346
0 0.349315 0.248317 0.109589 0.020673
0 0.273116 0.275601 0.029110 0.064663
0 0.835830 0.793029 0.045805 0.070673
0 0.733733 0.817909 0.101027 0.014183
0 0.736729 0.805168 0.101884 0.010817
0 0.734803 0.788101 0.103168 0.016106
0 0.657534 0.628846 0.028253 0.058654
0 0.589469 0.634135 0.105308 0.013462
0 0.589683 0.618870 0.098887 0.013221
0 0.587971 0.603486 0.103168 0.013702
0 0.474957 0.633173 0.102312 0.011538
0 0.479666 0.618029 0.102312 0.011538
0 0.485231 0.518029 0.102312 0.016346
0 0.371361 0.534014 0.098887 0.011779
0 0.370077 0.517428 0.101455 0.012260
0 0.376926 0.501322 0.105736 0.013702
0 0.264983 0.533173 0.106164 0.012981
0 0.616010 0.449159 0.109589 0.016106
0 0.266267 0.500120 0.108733 0.017067
0 0.990154 0.492308 0.019692 0.074038
0 0.971533 0.485577 0.012414 0.055288
0 0.956550 0.484255 0.017551 0.063702
0 0.915026 0.489063 0.024401 0.067548
0 0.686216 0.630529 0.030822 0.056731
0 0.865796 0.485457 0.025257 0.057933
0 0.368151 0.695433 0.097603 0.015385
0 0.370077 0.728365 0.096318 0.013942
0 0.375214 0.822356 0.099743 0.014423
0 0.378853 0.806611 0.099315 0.010817
0 0.376498 0.792308 0.099743 0.010577
0 0.263913 0.826202 0.118579 0.016346
0 0.264127 0.809255 0.113870 0.010817
0 0.266053 0.796394 0.117723 0.012981
0 0.262200 0.781851 0.110017 0.011779
0 0.970676 0.590865 0.040668 0.075481
0 0.834546 0.615385 0.043236 0.020673
0 0.885702 0.588942 0.050514 0.071635
0 0.962757 0.687981 0.054795 0.073558
0 0.905822 0.689303 0.050514 0.072356
0 0.847817 0.686298 0.044092 0.078365
0 0.686216 0.731010 0.110445 0.013942
0 0.580265 0.730529 0.092894 0.012981
0 0.685574 0.713582 0.109161 0.015625
0 0.582406 0.713101 0.092038 0.017067
0 0.368365 0.712260 0.088613 0.015385
0 0.835188 0.480769 0.014555 0.062500
