0 0.689798 0.487541 0.046262 0.051879
0 0.690257 0.542484 0.041054 0.053922
0 0.740962 0.486724 0.046262 0.051879
0 0.892157 0.603758 0.043505 0.051471
0 0.840533 0.492851 0.046262 0.051879
0 0.842065 0.436683 0.043811 0.047386
0 0.687347 0.595180 0.040135 0.040850
0 0.787224 0.493668 0.046262 0.051879
0 0.943168 0.614788 0.049326 0.058007
0 0.685355 0.643995 0.040441 0.043709
0 0.684436 0.747141 0.038603 0.050654
0 0.881587 0.664828 0.047488 0.051062
0 0.936428 0.669935 0.046875 0.049020
0 0.935049 0.721814 0.051471 0.052288
0 0.948989 0.553922 0.049326 0.055556
0 0.892004 0.549224 0.049939 0.049428
0 0.875153 0.771038 0.048713 0.055964
0 0.929381 0.777574 0.051164 0.056781
0 0.978860 0.786969 0.042279 0.054330
0 0.982843 0.723856 0.034314 0.047386
0 0.981311 0.672386 0.037377 0.048203
0 0.984375 0.616217 0.030637 0.048611
0 0.896752 0.492443 0.050245 0.049428
0 0.952819 0.498162 0.047794 0.054330
0 0.956801 0.436275 0.051471 0.062092
0 0.686428 0.694649 0.042586 0.046977
0 0.897059 0.435662 0.048407 0.055147
0 0.783701 0.547386 0.049020 0.049020
0 0.839920 0.548407 0.049326 0.047794
0 0.840839 0.600082 0.051164 0.050654
0 0.782935 0.596201 0.049939 0.045343
0 0.732996 0.592933 0.039522 0.042075
0 0.831955 0.652778 0.049326 0.051471
0 0.777267 0.651144 0.045343 0.054739
0 0.730392 0.647263 0.043505 0.052696
0 0.732537 0.699346 0.042892 0.044118
0 0.779105 0.704248 0.044730 0.047386
0 0.828738 0.706904 0.049632 0.046977
0 0.826134 0.762459 0.040135 0.051062
0 0.779105 0.753472 0.044730 0.048611
0 0.730699 0.750613 0.041667 0.051879
0 0.735294 0.544118 0.037377 0.048203
0 0.880668 0.716912 0.050551 0.045752
0 0.306066 0.668709 0.031863 0.046569
0 0.797335 0.378676 0.052390 0.061275
0 0.293964 0.475082 0.037684 0.048203
0 0.334099 0.474877 0.037684 0.053513
0 0.293964 0.525531 0.037684 0.047794
0 0.340380 0.526552 0.038603 0.040850
0 0.256587 0.523080 0.031556 0.040441
0 0.219669 0.518178 0.037990 0.042075
0 0.223805 0.565768 0.034620 0.042484
0 0.253064 0.475082 0.036152 0.051471
0 0.259957 0.566789 0.029105 0.038807
0 0.340993 0.573121 0.044118 0.044935
0 0.342371 0.621324 0.042586 0.046569
0 0.301777 0.621528 0.034926 0.044526
0 0.263327 0.614583 0.030944 0.048611
0 0.228094 0.613358 0.034007 0.049428
0 0.234681 0.657475 0.036152 0.033905
0 0.270067 0.657680 0.028493 0.034314
0 0.297335 0.571691 0.037071 0.045343
0 0.214614 0.469567 0.037071 0.049428
0 0.208793 0.420547 0.041360 0.042892
0 0.245864 0.420956 0.030944 0.050245
0 0.222733 0.200980 0.039216 0.053105
0 0.264553 0.199755 0.040748 0.057190
0 0.310049 0.197100 0.039828 0.051879
0 0.310202 0.254902 0.040135 0.048203
0 0.316942 0.315564 0.040135 0.053513
0 0.276501 0.318015 0.039522 0.058415
0 0.268536 0.255923 0.039522 0.043709
0 0.186581 0.258170 0.036152 0.058007
0 0.229933 0.265523 0.044424 0.053922
0 0.200061 0.316789 0.033088 0.046160
0 0.238358 0.318423 0.041054 0.046977
0 0.244026 0.370915 0.030944 0.048203
0 0.207108 0.367034 0.037990 0.046160
0 0.281250 0.369485 0.034314 0.038807
0 0.325368 0.367443 0.042892 0.046977
0 0.323070 0.420139 0.047488 0.048611
0 0.279718 0.422181 0.034314 0.052696
0 0.344210 0.669322 0.034620 0.038807
0 0.350184 0.716299 0.042279 0.046977
0 0.306832 0.709150 0.029105 0.035948
0 0.271446 0.701593 0.033701 0.042075
0 0.456801 0.674632 0.033088 0.043709
0 0.459559 0.724469 0.033701 0.051062
0 0.423100 0.721814 0.038603 0.058007
0 0.388174 0.715278 0.026348 0.044935
0 0.783088 0.184232 0.056985 0.068627
0 0.843750 0.178922 0.056985 0.066993
0 0.856771 0.248366 0.048100 0.062092
0 0.801317 0.249183 0.052390 0.058007
0 0.745711 0.250000 0.049020 0.056373
0 0.745098 0.314134 0.049632 0.053105
0 0.799632 0.315155 0.053309 0.061683
0 0.856311 0.314747 0.047181 0.066585
0 0.909161 0.309028 0.052390 0.061683
0 0.965533 0.307394 0.052390 0.061683
0 0.960325 0.371324 0.052390 0.061275
0 0.905178 0.375204 0.052390 0.061683
0 0.849877 0.377042 0.045956 0.056373
0 0.418964 0.665850 0.037684 0.044118
0 0.739277 0.375000 0.045956 0.054739
0 0.382353 0.667484 0.035539 0.044118
0 0.414216 0.616830 0.032475 0.047386
0 0.236366 0.700776 0.032169 0.046977
0 0.361979 0.283088 0.040748 0.058824
0 0.366268 0.348856 0.032782 0.055556
0 0.409773 0.338644 0.044424 0.056373
0 0.410692 0.402574 0.039522 0.061683
0 0.451900 0.404820 0.039216 0.063725
0 0.369179 0.404820 0.038603 0.053922
0 0.372089 0.459150 0.033395 0.053105
0 0.408088 0.458742 0.034314 0.049020
0 0.453125 0.463031 0.039216 0.051062
0 0.453125 0.518382 0.044118 0.054739
0 0.411305 0.512663 0.035846 0.053105
0 0.376532 0.514093 0.028186 0.049428
0 0.380821 0.567198 0.030025 0.051879
0 0.412837 0.565359 0.032169 0.048203
0 0.453585 0.570670 0.037684 0.049837
0 0.458027 0.626430 0.044730 0.051062
0 0.380055 0.619077 0.030944 0.045343
0 0.789828 0.437704 0.045956 0.054330
0 0.737286 0.431373 0.045650 0.054739
