0 0.331904 0.705576 0.021650 0.038603
0 0.354984 0.702206 0.022059 0.046569
0 0.377451 0.701134 0.021242 0.049326
0 0.607435 0.697917 0.058824 0.061275
0 0.425041 0.707414 0.024101 0.039216
0 0.449551 0.710018 0.021650 0.037071
0 0.473856 0.703891 0.024510 0.037071
0 0.527165 0.696538 0.063317 0.060355
0 0.309028 0.705116 0.021650 0.038909
0 0.400940 0.707414 0.022467 0.038603
0 0.277369 0.671415 0.025327 0.019301
0 0.403799 0.610294 0.051879 0.066789
0 0.260825 0.704504 0.020016 0.038297
0 0.227328 0.702665 0.042075 0.043199
0 0.902165 0.626838 0.033905 0.052083
0 0.865196 0.627604 0.035948 0.052390
0 0.830474 0.626991 0.031046 0.052390
0 0.793301 0.627145 0.035948 0.053309
0 0.745302 0.625460 0.055964 0.056066
0 0.619281 0.623009 0.054739 0.052390
0 0.558619 0.616422 0.059232 0.065564
0 0.459967 0.613358 0.054739 0.066789
0 0.665033 0.711703 0.021242 0.040441
0 0.284926 0.705423 0.022467 0.037071
0 0.687908 0.712010 0.024510 0.041667
0 0.357230 0.775276 0.023284 0.068934
0 0.737337 0.712469 0.025327 0.040748
0 0.980801 0.810968 0.038399 0.119485
0 0.879698 0.772518 0.044526 0.047488
0 0.823325 0.819547 0.048611 0.098652
0 0.772467 0.816942 0.052288 0.100184
0 0.721201 0.818321 0.047794 0.093137
0 0.678105 0.817862 0.035131 0.095895
0 0.643382 0.818474 0.030229 0.090993
0 0.610703 0.814951 0.031863 0.094975
0 0.576185 0.812960 0.033088 0.098346
0 0.542484 0.812653 0.032680 0.097120
0 0.506536 0.826593 0.034314 0.070466
0 0.712010 0.713235 0.023693 0.041054
0 0.469363 0.825061 0.036765 0.072304
0 0.410743 0.780944 0.017565 0.077819
0 0.338848 0.609988 0.069036 0.069240
0 0.309232 0.804381 0.031046 0.083640
0 0.243668 0.803922 0.029003 0.085172
0 0.977737 0.679688 0.044526 0.084252
0 0.929943 0.687806 0.043709 0.069240
0 0.890523 0.714154 0.025327 0.039828
0 0.865400 0.714154 0.021650 0.040441
0 0.841299 0.714308 0.024918 0.039522
0 0.815768 0.714461 0.022876 0.039216
0 0.825163 0.681219 0.026144 0.020527
0 0.435049 0.810509 0.029412 0.098346
0 0.255923 0.608456 0.087010 0.072304
0 0.295752 0.521752 0.062092 0.071078
0 0.947712 0.551317 0.069444 0.065870
0 0.792688 0.291513 0.087010 0.083027
0 0.724877 0.298560 0.042892 0.072610
0 0.681373 0.298100 0.041667 0.071078
0 0.637868 0.299786 0.040441 0.072610
0 0.593342 0.299786 0.042892 0.069547
0 0.521446 0.298866 0.046160 0.067708
0 0.476716 0.298713 0.039216 0.067402
0 0.434028 0.299020 0.042075 0.069240
0 0.389297 0.299326 0.041667 0.068627
0 0.319649 0.285080 0.091912 0.099571
0 0.222222 0.285233 0.093137 0.098039
0 0.867851 0.291207 0.056781 0.084865
0 0.933007 0.166973 0.062092 0.081495
0 0.725286 0.185662 0.050245 0.045343
0 0.674428 0.171109 0.049020 0.077512
0 0.627859 0.172488 0.041667 0.074142
0 0.582925 0.172947 0.046569 0.076287
0 0.538194 0.173713 0.042892 0.074755
0 0.493873 0.174479 0.042484 0.075061
0 0.450776 0.172028 0.042075 0.078125
0 0.405842 0.171569 0.043709 0.076593
0 0.358864 0.172181 0.047794 0.075980
0 0.312500 0.172794 0.044118 0.078431
0 0.255923 0.160233 0.062500 0.100490
0 0.823529 0.182292 0.053922 0.052696
0 0.933007 0.488817 0.055556 0.055453
0 0.928513 0.291667 0.058824 0.083333
0 0.232435 0.413756 0.061275 0.075061
0 0.859886 0.530637 0.077614 0.065564
0 0.796569 0.524510 0.045752 0.081495
0 0.747958 0.518995 0.046569 0.081495
0 0.701797 0.525429 0.045752 0.075368
0 0.652778 0.527114 0.045752 0.072610
0 0.593546 0.522059 0.046569 0.079657
0 0.544322 0.520680 0.046160 0.078125
0 0.485703 0.521599 0.062908 0.076287
0 0.422386 0.525276 0.058824 0.073223
0 0.360907 0.523131 0.055147 0.068321
0 0.974060 0.394148 0.051879 0.077512
0 0.977328 0.277267 0.037173 0.070466
0 0.914216 0.415901 0.049020 0.071998
0 0.814951 0.417433 0.045752 0.071385
0 0.765319 0.416973 0.047794 0.072304
0 0.717729 0.415288 0.047386 0.070772
0 0.668505 0.415594 0.046160 0.069547
0 0.616217 0.416054 0.048611 0.071691
0 0.566381 0.414675 0.046977 0.075061
0 0.516340 0.414522 0.050654 0.074755
0 0.465278 0.414062 0.046569 0.075674
0 0.401961 0.413909 0.048203 0.071078
0 0.345588 0.416054 0.052288 0.070466
0 0.288399 0.414675 0.047386 0.071998
0 0.863971 0.418045 0.049020 0.070159
0 0.273693 0.812500 0.030229 0.090686
0 0.983252 0.165288 0.033497 0.083027
0 0.191993 0.160999 0.062908 0.102022
