0 0.975694 0.502170 0.048611 0.029514
0 0.133681 0.408637 0.060571 0.026910
0 0.206597 0.410373 0.076003 0.026476
0 0.739005 0.579102 0.032022 0.040582
0 0.709491 0.577799 0.021605 0.043186
0 0.680556 0.575738 0.023920 0.044271
0 0.650463 0.576063 0.023148 0.046658
0 0.602431 0.580838 0.035880 0.037109
0 0.563272 0.579536 0.033951 0.036675
0 0.516011 0.587782 0.032022 0.020182
0 0.624614 0.488390 0.058642 0.026259
0 0.467978 0.577040 0.027778 0.041667
0 0.437886 0.581272 0.022377 0.033203
0 0.378472 0.591580 0.066358 0.009549
0 0.956597 0.463867 0.086806 0.026259
0 0.981096 0.771376 0.037809 0.053602
0 0.554205 0.406141 0.059028 0.016276
0 0.738040 0.486220 0.057099 0.033637
0 0.938079 0.673177 0.044367 0.008247
0 0.934028 0.683485 0.041667 0.009332
0 0.056327 0.779080 0.074846 0.029080
0 0.090664 0.710503 0.061728 0.022569
0 0.137346 0.780056 0.078704 0.036241
0 0.219907 0.780924 0.075617 0.031467
0 0.431520 0.749891 0.074460 0.081380
0 0.500193 0.771810 0.038194 0.046658
0 0.544367 0.778103 0.039352 0.037109
0 0.634645 0.745009 0.062500 0.072483
0 0.758681 0.761502 0.103781 0.058160
0 0.838349 0.775391 0.050926 0.042535
0 0.889660 0.776367 0.044753 0.043620
0 0.935764 0.775065 0.039738 0.043186
0 0.319637 0.574978 0.025077 0.045790
0 0.683256 0.482639 0.045525 0.034722
0 0.311343 0.532227 0.030093 0.024089
0 0.275463 0.416124 0.034722 0.014974
0 0.274884 0.540799 0.028164 0.022569
0 0.025849 0.597873 0.024691 0.021267
0 0.085262 0.559462 0.034722 0.049479
0 0.040316 0.560004 0.042824 0.044922
0 0.028935 0.480360 0.047068 0.027127
0 0.027585 0.444770 0.049769 0.015842
0 0.028549 0.460612 0.051698 0.011502
0 0.977623 0.684462 0.041667 0.010417
0 0.046296 0.513455 0.027006 0.025174
0 0.963735 0.399306 0.067901 0.051649
0 0.407407 0.398655 0.070216 0.025174
0 0.484954 0.399414 0.056327 0.026693
0 0.560571 0.391602 0.055556 0.011936
0 0.862654 0.400065 0.050926 0.047092
0 0.811343 0.395182 0.040895 0.041233
0 0.014853 0.513563 0.024306 0.021918
0 0.062307 0.599718 0.026620 0.023655
0 0.167245 0.564996 0.084491 0.053602
0 0.085648 0.493707 0.046296 0.009549
0 0.328511 0.398763 0.059028 0.046658
0 0.627508 0.399197 0.064429 0.030165
0 0.694830 0.398655 0.063272 0.031250
0 0.750965 0.384549 0.045139 0.059462
0 0.559221 0.488715 0.063657 0.025608
0 0.460262 0.439996 0.056327 0.028429
0 0.451968 0.483507 0.050540 0.036024
0 0.392361 0.482639 0.056327 0.037760
0 0.336420 0.481445 0.053241 0.037109
0 0.236690 0.509115 0.065972 0.009115
0 0.239390 0.499457 0.059799 0.007161
0 0.195023 0.494466 0.015046 0.035373
0 0.173611 0.492730 0.015432 0.035807
0 0.138310 0.509657 0.042824 0.008030
0 0.089313 0.504015 0.037423 0.010200
0 0.237269 0.541667 0.033951 0.023872
0 0.982253 0.674262 0.034722 0.009115
0 0.037230 0.307834 0.025849 0.066189
0 0.982446 0.653537 0.035108 0.011068
0 0.783179 0.567817 0.033179 0.066189
0 0.608218 0.303277 0.047454 0.063151
0 0.661651 0.304470 0.045525 0.060764
0 0.737654 0.316081 0.013117 0.037543
0 0.753086 0.315755 0.016204 0.038194
0 0.983603 0.664714 0.032022 0.009983
0 0.287616 0.574219 0.025849 0.035156
0 0.261574 0.583876 0.023148 0.024957
0 0.222222 0.581055 0.020062 0.027561
0 0.873457 0.321289 0.045525 0.027127
0 0.975116 0.315321 0.036651 0.045139
0 0.923611 0.321506 0.053241 0.029731
0 0.975116 0.239149 0.047454 0.029514
0 0.844136 0.579970 0.046296 0.017578
0 0.919753 0.234918 0.056327 0.041016
0 0.791088 0.248155 0.065201 0.011502
0 0.724537 0.221788 0.046296 0.058160
0 0.652778 0.213867 0.049383 0.070530
0 0.602431 0.218967 0.046682 0.057292
0 0.556520 0.220920 0.036651 0.056424
0 0.489005 0.235786 0.080633 0.026693
0 0.421682 0.220269 0.043981 0.061198
0 0.316937 0.217882 0.041281 0.059462
0 0.796103 0.479167 0.042824 0.038628
0 0.266011 0.221137 0.037423 0.055990
0 0.170910 0.220378 0.048611 0.054470
0 0.125386 0.220703 0.038580 0.050781
0 0.075039 0.220920 0.041281 0.056424
0 0.858025 0.236654 0.052469 0.031467
0 0.895640 0.586589 0.040509 0.007378
0 0.801312 0.314562 0.074846 0.043620
0 0.503279 0.301758 0.044367 0.063151
0 0.936150 0.662869 0.034336 0.010634
0 0.882137 0.670898 0.029707 0.055773
0 0.841628 0.671875 0.035880 0.053819
0 0.781636 0.670573 0.062500 0.038194
0 0.711420 0.673177 0.069444 0.026910
0 0.635995 0.676215 0.070602 0.026910
0 0.557870 0.302192 0.050154 0.062283
0 0.544174 0.674913 0.076775 0.035590
0 0.468171 0.675673 0.072145 0.031033
0 0.375579 0.648112 0.071373 0.024957
0 0.366705 0.674913 0.069830 0.020399
0 0.299190 0.665039 0.054398 0.046224
0 0.202932 0.664388 0.052469 0.041450
0 0.069444 0.407335 0.062500 0.026476
0 0.558642 0.639648 0.067901 0.014106
0 0.063272 0.312717 0.017747 0.056424
0 0.449460 0.305447 0.040123 0.052734
0 0.377122 0.296115 0.036651 0.062283
0 0.316937 0.297743 0.035880 0.065104
0 0.279514 0.330404 0.032022 0.030165
0 0.241898 0.325846 0.032407 0.039280
0 0.013889 0.398112 0.022377 0.047960
0 0.880208 0.547960 0.042824 0.035590
0 0.891975 0.502930 0.114969 0.027995
0 0.092978 0.303060 0.033951 0.078776
0 0.155478 0.309245 0.033951 0.069444
0 0.199846 0.307509 0.040895 0.072917
0 0.139660 0.667860 0.050926 0.040582
0 0.041088 0.665907 0.038966 0.044488
0 0.087577 0.666884 0.039352 0.039497
0 0.955247 0.568468 0.061728 0.046658
