0 0.696691 0.525735 0.053513 0.053922
0 0.458538 0.192096 0.044526 0.074755
0 0.410539 0.190564 0.050654 0.072304
0 0.363154 0.199755 0.044935 0.065564
0 0.745098 0.525123 0.048203 0.057598
0 0.796977 0.523591 0.053105 0.060662
0 0.847835 0.520833 0.048611 0.055760
0 0.895425 0.520987 0.044935 0.056066
0 0.649306 0.525123 0.042075 0.057598
0 0.943832 0.522212 0.052696 0.060968
0 0.378676 0.522978 0.044118 0.059436
0 0.422181 0.523591 0.042075 0.059436
0 0.463235 0.523284 0.040850 0.058824
0 0.508783 0.522978 0.048611 0.058211
0 0.334150 0.525123 0.044935 0.060049
0 0.559436 0.522825 0.041258 0.064645
0 0.604167 0.525276 0.047386 0.057292
0 0.508374 0.192862 0.054330 0.074449
0 0.559845 0.190104 0.048611 0.070772
0 0.575368 0.083640 0.044526 0.060662
0 0.079657 0.131740 0.047386 0.066789
0 0.907475 0.261183 0.053513 0.071385
0 0.957108 0.259191 0.046569 0.071691
0 0.812296 0.187960 0.054330 0.064032
0 0.865605 0.186428 0.052288 0.068321
0 0.916462 0.186275 0.048611 0.068015
0 0.965891 0.184589 0.051879 0.069547
0 0.777982 0.136949 0.033905 0.041054
0 0.815359 0.133272 0.041667 0.040441
0 0.859477 0.261183 0.043301 0.070159
0 0.855392 0.133272 0.038399 0.038603
0 0.939951 0.130208 0.041667 0.037377
0 0.980392 0.129596 0.039216 0.037990
0 0.769404 0.084712 0.038807 0.060968
0 0.809845 0.084865 0.040441 0.059436
0 0.850694 0.083640 0.042075 0.060662
0 0.895221 0.081801 0.047794 0.060662
0 0.942198 0.079963 0.042892 0.065564
0 0.982026 0.078891 0.035948 0.064032
0 0.897672 0.133885 0.042892 0.036765
0 0.016136 0.127451 0.032271 0.072917
0 0.809028 0.260876 0.057598 0.070772
0 0.533701 0.083946 0.037990 0.060049
0 0.125817 0.133119 0.047386 0.064645
0 0.209967 0.148744 0.039216 0.035846
0 0.270425 0.130362 0.048203 0.068934
0 0.314747 0.130821 0.037990 0.069240
0 0.167279 0.093290 0.030637 0.047488
0 0.203431 0.100950 0.039216 0.055453
0 0.235498 0.099265 0.023284 0.052083
0 0.080678 0.079504 0.039624 0.036458
0 0.093954 0.464154 0.050654 0.057598
0 0.037786 0.076593 0.024101 0.030637
0 0.368668 0.137561 0.030637 0.039828
0 0.406863 0.135570 0.043301 0.040748
0 0.449346 0.134804 0.041667 0.036765
0 0.489788 0.134651 0.039216 0.037684
0 0.528186 0.134498 0.039216 0.038603
0 0.570466 0.134957 0.041258 0.037071
0 0.454453 0.084252 0.038807 0.060662
0 0.493056 0.083640 0.040033 0.063113
0 0.123162 0.083640 0.044526 0.030637
0 0.143791 0.464614 0.047386 0.058517
0 0.946691 0.460478 0.051879 0.062500
0 0.243464 0.461857 0.045752 0.062806
0 0.705882 0.329044 0.049837 0.070466
0 0.655842 0.327665 0.048611 0.068934
0 0.609273 0.328431 0.045343 0.069240
0 0.555556 0.329963 0.055556 0.064338
0 0.506127 0.327819 0.043301 0.068015
0 0.460580 0.329197 0.045343 0.070772
0 0.415033 0.332261 0.046569 0.067096
0 0.371528 0.332108 0.039624 0.062500
0 0.325572 0.334252 0.046569 0.064338
0 0.278595 0.332721 0.045752 0.063725
0 0.233047 0.333027 0.046977 0.064338
0 0.182598 0.335018 0.051471 0.065870
0 0.136234 0.336397 0.042075 0.063725
0 0.089665 0.336397 0.048611 0.061275
0 0.042484 0.334559 0.046569 0.064951
0 0.754085 0.328891 0.046569 0.068934
0 0.948734 0.326287 0.049428 0.061887
0 0.039624 0.269301 0.040850 0.068627
0 0.132966 0.269148 0.045343 0.063419
0 0.319240 0.200214 0.046977 0.067096
0 0.272467 0.200521 0.045752 0.068934
0 0.223856 0.202512 0.051471 0.066789
0 0.175858 0.201287 0.044526 0.064951
0 0.131536 0.200674 0.045752 0.068015
0 0.085580 0.202512 0.046160 0.069853
0 0.037173 0.199295 0.042484 0.067708
0 0.559232 0.264400 0.048203 0.063113
0 0.507353 0.262868 0.049020 0.060662
0 0.460376 0.263174 0.044935 0.061275
0 0.415645 0.263634 0.044526 0.062194
0 0.368873 0.266544 0.047386 0.068627
0 0.322508 0.268689 0.043709 0.064951
0 0.274918 0.267310 0.044935 0.064645
0 0.181985 0.268229 0.050245 0.067708
0 0.083538 0.269761 0.048611 0.064645
0 0.192606 0.465227 0.049428 0.057292
0 0.903186 0.327053 0.041667 0.066483
0 0.806985 0.327972 0.040441 0.065870
0 0.049632 0.401501 0.042075 0.059743
0 0.898284 0.459559 0.044118 0.061887
0 0.851511 0.459712 0.050245 0.063419
0 0.801879 0.460631 0.046569 0.064645
0 0.744485 0.462163 0.043709 0.060968
0 0.700163 0.461550 0.044935 0.060355
0 0.657884 0.461703 0.042892 0.062500
0 0.611520 0.461244 0.046569 0.066483
0 0.563725 0.461244 0.046569 0.060968
0 0.517565 0.461703 0.047386 0.060049
0 0.470384 0.461550 0.045343 0.060355
0 0.424224 0.460938 0.046160 0.060968
0 0.380106 0.461091 0.040441 0.058824
0 0.335580 0.462010 0.047794 0.058211
0 0.288194 0.464308 0.045343 0.059130
0 0.094567 0.400276 0.048611 0.062806
0 0.852737 0.327206 0.052696 0.067402
0 0.142361 0.400888 0.042075 0.058517
0 0.234273 0.397978 0.040441 0.064951
0 0.948938 0.393689 0.049837 0.063113
0 0.899510 0.393382 0.043301 0.064338
0 0.850286 0.393842 0.053513 0.063419
0 0.801266 0.394761 0.045343 0.061581
0 0.747753 0.394761 0.040441 0.057292
0 0.703227 0.396599 0.047794 0.061581
0 0.658701 0.395527 0.041258 0.060049
0 0.612949 0.396752 0.049428 0.064338
0 0.558619 0.399203 0.046160 0.062500
0 0.513685 0.398591 0.042892 0.061275
0 0.471405 0.399510 0.044118 0.063113
0 0.424837 0.397978 0.044118 0.064951
0 0.378881 0.398284 0.051062 0.064951
0 0.329248 0.399050 0.050654 0.065257
0 0.280433 0.398591 0.046160 0.065564
0 0.188725 0.399663 0.051471 0.059130
0 0.230392 0.267770 0.044935 0.065564
0 0.052288 0.463848 0.034314 0.056985
0 0.965891 0.704963 0.045343 0.047794
0 0.691993 0.645374 0.044118 0.056679
0 0.648080 0.644914 0.042892 0.056985
0 0.603962 0.644148 0.043709 0.054841
0 0.557802 0.642616 0.047794 0.057292
0 0.513480 0.640931 0.042484 0.053922
0 0.468954 0.641391 0.045752 0.054841
0 0.424837 0.641544 0.044118 0.055147
0 0.738562 0.646140 0.044935 0.056985
0 0.379493 0.642157 0.042484 0.056373
0 0.294118 0.639093 0.041667 0.055147
0 0.249796 0.640012 0.045343 0.058211
0 0.206495 0.640778 0.038807 0.056066
0 0.166258 0.639859 0.041667 0.053615
0 0.121936 0.640319 0.042075 0.052696
0 0.081291 0.639400 0.040850 0.049632
0 0.947100 0.818934 0.046160 0.052696
0 0.337623 0.641238 0.042075 0.053309
0 0.784109 0.645527 0.046160 0.058824
0 0.830678 0.645680 0.043709 0.056066
0 0.877247 0.645833 0.050245 0.055760
0 0.605188 0.585018 0.046160 0.059743
0 0.554739 0.582261 0.044935 0.056679
0 0.511846 0.582874 0.042484 0.057292
0 0.467729 0.583487 0.046569 0.056679
0 0.421977 0.583946 0.044935 0.057598
0 0.379493 0.584406 0.039216 0.056066
0 0.337623 0.584099 0.042075 0.054841
0 0.291871 0.582567 0.049428 0.057292
0 0.246528 0.584712 0.042075 0.060968
0 0.204453 0.584252 0.041258 0.063113
0 0.165033 0.581036 0.039216 0.058517
0 0.120098 0.581801 0.048203 0.055760
0 0.073734 0.582414 0.042075 0.055760
0 0.025531 0.578431 0.044526 0.058824
0 0.034722 0.636949 0.047386 0.050858
0 0.975694 0.648744 0.048611 0.057292
0 0.926879 0.649050 0.047386 0.058517
0 0.920956 0.703891 0.045343 0.045650
0 0.872753 0.703738 0.047794 0.047794
0 0.985294 0.818934 0.029412 0.052696
0 0.040441 0.751072 0.039216 0.056066
0 0.080065 0.692708 0.038399 0.052083
0 0.035539 0.693474 0.042484 0.053615
0 0.954453 0.762561 0.047794 0.052696
0 0.907475 0.761489 0.040441 0.054841
0 0.863358 0.760723 0.044526 0.056373
0 0.818832 0.760417 0.042075 0.054534
0 0.772263 0.761183 0.047794 0.054841
0 0.726716 0.760570 0.046569 0.049326
0 0.680964 0.757659 0.041667 0.050245
0 0.637663 0.758885 0.044118 0.052696
0 0.594158 0.759344 0.040441 0.053615
0 0.554126 0.757812 0.040441 0.050551
0 0.510417 0.756587 0.045343 0.053002
0 0.467933 0.755821 0.040441 0.052083
0 0.425245 0.754289 0.044935 0.055147
0 0.380923 0.755362 0.042075 0.052390
0 0.340074 0.753983 0.040441 0.050858
0 0.124387 0.693321 0.050245 0.052083
0 0.651552 0.585018 0.046569 0.057904
0 0.170343 0.693934 0.040033 0.052083
0 0.254902 0.696385 0.043301 0.052083
0 0.082108 0.751379 0.045752 0.056066
0 0.127451 0.751685 0.044118 0.052390
0 0.169935 0.752145 0.039216 0.052083
0 0.212010 0.753217 0.043301 0.050551
0 0.826797 0.704044 0.044935 0.047794
0 0.779412 0.703585 0.049837 0.047488
0 0.731209 0.702359 0.042484 0.051164
0 0.688930 0.701746 0.041258 0.053615
0 0.644608 0.700674 0.045752 0.049632
0 0.600694 0.700368 0.043709 0.050858
0 0.556781 0.698683 0.042484 0.048713
0 0.512663 0.699142 0.040850 0.052696
0 0.469975 0.699449 0.044526 0.054534
0 0.428309 0.697763 0.041258 0.057292
0 0.381332 0.699755 0.046160 0.051471
0 0.340482 0.698836 0.034722 0.054534
0 0.298815 0.696998 0.044526 0.052083
0 0.210580 0.694853 0.040441 0.051471
0 0.695874 0.585938 0.042075 0.059130
0 0.739992 0.587469 0.047794 0.057904
0 0.789420 0.583487 0.046977 0.054228
0 0.685253 0.814491 0.037173 0.058517
0 0.640114 0.812806 0.052288 0.055147
0 0.597426 0.812347 0.033905 0.056066
0 0.555351 0.812653 0.046160 0.052390
0 0.509191 0.811275 0.042892 0.051471
0 0.467933 0.811581 0.040441 0.052696
0 0.425449 0.811428 0.045343 0.053615
0 0.726716 0.816789 0.046569 0.054534
0 0.381127 0.808977 0.036765 0.051777
0 0.301266 0.808211 0.039624 0.057598
0 0.259600 0.806832 0.042892 0.053002
0 0.218546 0.806219 0.037582 0.051164
0 0.177083 0.808364 0.046977 0.054841
0 0.133783 0.808670 0.037173 0.056066
0 0.091095 0.807445 0.048203 0.054228
0 0.047590 0.806679 0.040441 0.054534
0 0.340482 0.809283 0.041258 0.055453
0 0.296977 0.752757 0.044118 0.054534
0 0.253881 0.751991 0.041258 0.052390
0 0.022876 0.520987 0.045752 0.054228
0 0.155637 0.524816 0.049020 0.054534
0 0.977941 0.585631 0.044118 0.056066
0 0.930964 0.589767 0.042484 0.057598
0 0.883170 0.587776 0.052288 0.060355
0 0.836193 0.584406 0.041667 0.054228
0 0.204248 0.524969 0.047386 0.053002
0 0.249183 0.524050 0.047386 0.053002
0 0.292484 0.523131 0.038399 0.054228
0 0.905842 0.816789 0.037173 0.058211
0 0.860703 0.818627 0.045752 0.054534
0 0.815768 0.817249 0.042484 0.051164
0 0.773489 0.816023 0.041258 0.054228
0 0.070874 0.524816 0.046160 0.054534
0 0.112949 0.524816 0.037173 0.055760
