0 0.220129 0.311683 0.091605 0.023693
0 0.221507 0.339052 0.087623 0.026961
0 0.169271 0.256536 0.017463 0.023693
0 0.220435 0.284926 0.087929 0.025735
0 0.225031 0.256944 0.085478 0.024510
0 0.346967 0.228554 0.009498 0.062500
0 0.633272 0.236724 0.075980 0.020833
0 0.228860 0.197100 0.081495 0.024101
0 0.474418 0.263685 0.081801 0.022467
0 0.475031 0.293709 0.083027 0.027778
0 0.475490 0.346405 0.083946 0.022876
0 0.475337 0.370507 0.083640 0.022059
0 0.474724 0.395221 0.079963 0.016748
0 0.476256 0.416871 0.078738 0.020016
0 0.477941 0.440155 0.079657 0.020833
0 0.219975 0.227533 0.091299 0.030229
0 0.478094 0.464665 0.082414 0.020833
0 0.547028 0.190564 0.062194 0.020016
0 0.614737 0.190155 0.068934 0.019199
0 0.556526 0.213848 0.073836 0.020833
0 0.634038 0.213031 0.075674 0.019199
0 0.555607 0.240196 0.074449 0.022059
0 0.169730 0.280229 0.013480 0.022059
0 0.554994 0.264093 0.075674 0.020833
0 0.478860 0.488971 0.081495 0.020425
0 0.149510 0.276961 0.021446 0.027778
0 0.129442 0.306781 0.084865 0.026144
0 0.131740 0.367034 0.089461 0.027369
0 0.556985 0.344158 0.077206 0.021650
0 0.635417 0.341299 0.073529 0.019199
0 0.558517 0.370711 0.080270 0.025735
0 0.638021 0.367647 0.076287 0.026144
0 0.715839 0.361111 0.076287 0.020425
0 0.799939 0.357843 0.077206 0.021242
0 0.887868 0.356413 0.085172 0.024918
0 0.949295 0.361928 0.013174 0.026961
0 0.964461 0.360090 0.013480 0.029003
0 0.713388 0.207108 0.059743 0.019608
0 0.743413 0.233864 0.085478 0.027369
0 0.819853 0.233047 0.063725 0.025735
0 0.724418 0.261846 0.086703 0.022059
0 0.813879 0.261438 0.081801 0.021242
0 0.730852 0.289216 0.078738 0.024510
0 0.635110 0.315768 0.077819 0.022876
0 0.557138 0.318832 0.075061 0.023284
0 0.632659 0.287990 0.074755 0.019608
0 0.555913 0.291054 0.075061 0.025735
0 0.132047 0.336193 0.083946 0.026961
0 0.475184 0.238971 0.080882 0.022059
0 0.279259 0.230188 0.010110 0.062500
0 0.290748 0.230188 0.010417 0.062500
0 0.305607 0.228145 0.010110 0.062500
0 0.316330 0.227941 0.009498 0.062908
0 0.336550 0.230392 0.009498 0.062908
0 0.220282 0.367034 0.085172 0.024918
0 0.363205 0.228758 0.009498 0.062908
0 0.388327 0.229575 0.009498 0.062908
0 0.396293 0.229575 0.006434 0.062092
0 0.402114 0.228962 0.006434 0.062500
0 0.416207 0.231822 0.006434 0.062500
0 0.422641 0.231618 0.006434 0.062092
0 0.429075 0.232435 0.006434 0.062092
0 0.632966 0.262663 0.075368 0.020425
0 0.373315 0.227737 0.009498 0.062500
0 0.476103 0.215686 0.080882 0.021242
0 0.475184 0.320466 0.083333 0.023284
0 0.473346 0.164011 0.082108 0.024918
0 0.636642 0.485907 0.073529 0.020833
0 0.720435 0.411969 0.080576 0.022467
0 0.717065 0.436275 0.078738 0.019608
0 0.716605 0.459355 0.077819 0.020016
0 0.799479 0.435253 0.080576 0.020016
0 0.797181 0.458538 0.079657 0.020833
0 0.715074 0.483047 0.077206 0.019199
0 0.796569 0.482435 0.081495 0.022059
0 0.883119 0.409926 0.083027 0.024918
0 0.882659 0.435458 0.082108 0.020425
0 0.880515 0.459559 0.082108 0.020425
0 0.474571 0.191585 0.079657 0.022059
0 0.931219 0.438930 0.014400 0.106618
0 0.959559 0.387051 0.015319 0.018382
0 0.559436 0.488358 0.077819 0.019199
0 0.957414 0.410335 0.013480 0.025735
0 0.948070 0.459150 0.013174 0.016340
0 0.945925 0.481618 0.013174 0.024510
0 0.130668 0.403186 0.091605 0.029412
0 0.222273 0.403186 0.089154 0.026961
0 0.222426 0.432598 0.089461 0.024510
0 0.225643 0.460376 0.089154 0.024510
0 0.133885 0.459559 0.091299 0.026144
0 0.131740 0.432190 0.089461 0.023693
0 0.225950 0.487949 0.087316 0.028186
0 0.136183 0.487132 0.089154 0.026552
0 0.342065 0.462418 0.026042 0.059641
0 0.369638 0.463848 0.023591 0.059232
0 0.397365 0.467320 0.023897 0.057190
0 0.422947 0.465686 0.024816 0.062908
0 0.952053 0.436479 0.014400 0.022467
0 0.638021 0.463235 0.076287 0.021242
0 0.877911 0.483660 0.079350 0.019608
0 0.637868 0.438521 0.076593 0.021650
0 0.310202 0.447917 0.008272 0.088644
0 0.559896 0.464257 0.078125 0.020833
0 0.283241 0.447508 0.007047 0.087827
0 0.427849 0.322508 0.006434 0.091095
0 0.420496 0.324142 0.006434 0.092729
0 0.414675 0.324755 0.006434 0.093137
0 0.396906 0.325776 0.006434 0.092729
0 0.390165 0.324959 0.006434 0.092729
0 0.382812 0.325572 0.006434 0.092320
0 0.366881 0.323529 0.006434 0.092320
0 0.359528 0.323121 0.006434 0.092320
0 0.343903 0.323325 0.006434 0.092729
0 0.337163 0.324551 0.006434 0.092729
0 0.329963 0.325572 0.007966 0.093954
0 0.313113 0.326185 0.007966 0.094363
0 0.292126 0.446691 0.008272 0.089461
0 0.808211 0.288399 0.070466 0.022876
0 0.304841 0.326389 0.007966 0.093954
0 0.560202 0.439747 0.079350 0.020016
0 0.558211 0.414828 0.075368 0.022467
0 0.641391 0.392770 0.076287 0.017565
0 0.559130 0.394404 0.079044 0.015114
0 0.976409 0.329657 0.047181 0.024510
0 0.638787 0.414624 0.075980 0.022059
0 0.968444 0.275531 0.063113 0.021650
0 0.899663 0.237132 0.026654 0.021650
0 0.272365 0.329861 0.007966 0.094363
0 0.281403 0.328840 0.008272 0.093954
0 0.892616 0.262051 0.069547 0.022467
0 0.974112 0.300449 0.051777 0.020833
0 0.887102 0.288807 0.081801 0.023693
