0 0.975214 0.457212 0.036752 0.051923
0 0.100427 0.260577 0.059829 0.047115
0 0.366880 0.335938 0.038034 0.017548
0 0.211966 0.262019 0.043590 0.050000
0 0.843162 0.716346 0.065812 0.016827
0 0.832906 0.687500 0.056410 0.017308
0 0.773504 0.699279 0.062393 0.016346
0 0.644872 0.681010 0.088034 0.062500
0 0.538889 0.685937 0.110256 0.063221
0 0.406624 0.693630 0.090171 0.081490
0 0.309615 0.700962 0.048291 0.056250
0 0.774145 0.714183 0.065385 0.013462
0 0.254274 0.704207 0.050427 0.058894
0 0.147863 0.697957 0.051282 0.053606
0 0.178205 0.658293 0.089744 0.019952
0 0.922436 0.634856 0.068803 0.022115
0 0.917521 0.601202 0.062393 0.027885
0 0.860256 0.614423 0.046154 0.057692
0 0.813462 0.612981 0.039744 0.054808
0 0.759188 0.615865 0.033761 0.045192
0 0.200000 0.697236 0.042735 0.052163
0 0.918803 0.706370 0.076068 0.036779
0 0.930983 0.744591 0.073077 0.036779
0 0.132906 0.809495 0.037607 0.077644
0 0.854915 0.804087 0.040598 0.083173
0 0.816880 0.801442 0.024359 0.088942
0 0.781410 0.800481 0.040598 0.087019
0 0.745726 0.799038 0.029060 0.087500
0 0.160684 0.260937 0.060684 0.046875
0 0.677991 0.803125 0.034615 0.089423
0 0.639316 0.805649 0.033333 0.085337
0 0.601709 0.811779 0.040171 0.070673
0 0.564744 0.803005 0.031197 0.082933
0 0.428632 0.784255 0.036752 0.063702
0 0.391880 0.784615 0.033333 0.063942
0 0.361538 0.784495 0.027350 0.064183
0 0.315385 0.812620 0.027350 0.062740
0 0.275214 0.812139 0.034188 0.063702
0 0.247222 0.802644 0.021795 0.082212
0 0.201496 0.808173 0.027778 0.077885
0 0.170085 0.808894 0.029915 0.079327
0 0.730983 0.614423 0.015812 0.043269
0 0.911966 0.834976 0.046154 0.040144
0 0.713889 0.614183 0.020085 0.044712
0 0.638462 0.611058 0.031624 0.050962
0 0.788034 0.438702 0.047009 0.057692
0 0.836966 0.439303 0.048291 0.049760
0 0.889530 0.438101 0.050000 0.053606
0 0.740598 0.524760 0.046154 0.057692
0 0.697009 0.525841 0.040171 0.051683
0 0.644872 0.525361 0.055556 0.053125
0 0.594017 0.524038 0.046154 0.054327
0 0.743803 0.436178 0.036325 0.060337
0 0.545940 0.523558 0.048291 0.053846
0 0.454274 0.523918 0.038462 0.056010
0 0.416880 0.522957 0.029487 0.055048
0 0.379701 0.523197 0.041453 0.054567
0 0.338034 0.522356 0.040171 0.056731
0 0.261111 0.531010 0.092308 0.037500
0 0.260043 0.492428 0.090171 0.039663
0 0.157479 0.527885 0.080769 0.037500
0 0.496581 0.523438 0.047009 0.053125
0 0.705342 0.432332 0.035470 0.066587
0 0.659615 0.436418 0.025214 0.056971
0 0.787607 0.525361 0.036752 0.056971
0 0.603632 0.602163 0.038034 0.061538
0 0.569658 0.600361 0.029915 0.066106
0 0.539316 0.614303 0.023932 0.043510
0 0.505983 0.610096 0.038462 0.049038
0 0.464103 0.606490 0.041880 0.056250
0 0.423718 0.603245 0.032051 0.065625
0 0.388675 0.608413 0.038034 0.055288
0 0.353419 0.609615 0.032479 0.054327
0 0.296154 0.607692 0.043590 0.056250
0 0.248718 0.607572 0.051282 0.056971
0 0.201282 0.607812 0.043590 0.056490
0 0.122222 0.603606 0.043590 0.063462
0 0.980983 0.548317 0.037179 0.060096
0 0.942521 0.555048 0.026068 0.042788
0 0.917308 0.555288 0.024359 0.043269
0 0.877350 0.519111 0.052991 0.071875
0 0.830556 0.520312 0.040598 0.068029
0 0.677991 0.614303 0.045726 0.043510
0 0.966026 0.821034 0.045726 0.055048
0 0.711111 0.801683 0.030769 0.091827
0 0.572650 0.429808 0.035897 0.054808
0 0.841026 0.269111 0.056410 0.043029
0 0.903205 0.257933 0.055983 0.063462
0 0.969444 0.258654 0.041453 0.067788
0 0.112393 0.343510 0.040171 0.020192
0 0.443590 0.356010 0.049573 0.024038
0 0.158761 0.344471 0.050855 0.020673
0 0.211752 0.345313 0.037179 0.020913
0 0.254915 0.345313 0.042308 0.021875
0 0.305556 0.345913 0.040171 0.022115
0 0.626709 0.446394 0.035470 0.033654
0 0.935897 0.457933 0.039316 0.050481
0 0.401282 0.335457 0.030769 0.017067
0 0.364530 0.355288 0.033333 0.016346
0 0.397222 0.356490 0.027778 0.014904
0 0.663675 0.348438 0.049573 0.040144
0 0.613248 0.347837 0.047009 0.041346
0 0.556838 0.326442 0.058974 0.023077
0 0.554701 0.354808 0.043590 0.024519
0 0.500855 0.355529 0.061538 0.023077
0 0.780769 0.269231 0.050427 0.043269
0 0.730983 0.269111 0.048291 0.045913
0 0.442949 0.333774 0.038034 0.016106
0 0.626496 0.284736 0.029915 0.010817
0 0.945085 0.361418 0.041453 0.059375
0 0.981624 0.360337 0.033333 0.060096
0 0.678632 0.270433 0.052137 0.045673
0 0.115385 0.429327 0.046154 0.063462
0 0.167308 0.428365 0.051709 0.063942
0 0.225427 0.425240 0.048291 0.070673
0 0.277350 0.425962 0.043590 0.066827
0 0.784615 0.344591 0.047009 0.047837
0 0.320085 0.430529 0.041880 0.059615
0 0.363462 0.430529 0.042308 0.059615
0 0.416880 0.431370 0.045726 0.064663
0 0.461111 0.433053 0.035897 0.057452
0 0.517521 0.433053 0.056410 0.052644
0 0.258547 0.263221 0.049573 0.048558
0 0.355556 0.263942 0.052991 0.050962
0 0.725855 0.344832 0.054274 0.047356
0 0.419231 0.263942 0.055556 0.050000
0 0.545299 0.263822 0.063248 0.053606
0 0.596581 0.284976 0.029915 0.013221
0 0.891239 0.346034 0.043162 0.051202
0 0.836538 0.346514 0.058547 0.054087
