0 0.748570 0.804841 0.033088 0.077206
0 0.827206 0.801011 0.110294 0.071998
0 0.939338 0.799479 0.107435 0.073836
0 0.038603 0.914522 0.077206 0.073529
0 0.129698 0.920190 0.095997 0.063419
0 0.268178 0.915288 0.143382 0.063419
0 0.414420 0.908241 0.128676 0.070772
0 0.555760 0.908088 0.069036 0.077819
0 0.034109 0.476716 0.046160 0.034926
0 0.731822 0.910692 0.034722 0.083027
0 0.901144 0.408241 0.053105 0.034620
0 0.960784 0.376225 0.060458 0.023284
0 0.963644 0.408701 0.059641 0.037990
0 0.032680 0.514400 0.058824 0.033701
0 0.169118 0.469516 0.066176 0.032782
0 0.168301 0.511183 0.058824 0.043811
0 0.702206 0.804075 0.052288 0.078125
0 0.665237 0.916207 0.095997 0.050551
0 0.639502 0.806985 0.057598 0.076593
0 0.573325 0.410080 0.055964 0.033395
0 0.506740 0.829504 0.102533 0.033395
0 0.390523 0.409773 0.061275 0.035233
0 0.450776 0.408548 0.057598 0.036458
0 0.512459 0.410386 0.059232 0.036458
0 0.067810 0.076134 0.052288 0.027267
0 0.063930 0.101256 0.057598 0.022365
0 0.130515 0.089001 0.059232 0.041360
0 0.238358 0.056219 0.059232 0.030331
0 0.265931 0.093290 0.064542 0.038909
0 0.333333 0.090074 0.065359 0.045343
0 0.406250 0.102175 0.057598 0.019914
0 0.460989 0.092371 0.039624 0.040748
0 0.633374 0.395067 0.035539 0.022978
0 0.628881 0.418811 0.046160 0.019608
0 0.681985 0.413603 0.037173 0.035539
0 0.668709 0.383425 0.032680 0.018689
0 0.803717 0.892923 0.095180 0.047488
0 0.795343 0.934283 0.081699 0.034007
0 0.900940 0.892310 0.094363 0.041360
0 0.903391 0.933364 0.089461 0.034620
0 0.714869 0.397212 0.027778 0.048713
0 0.868464 0.369332 0.112745 0.043199
0 0.843750 0.409314 0.060049 0.034314
0 0.505515 0.787684 0.105801 0.045343
0 0.588440 0.806373 0.045343 0.077819
0 0.233047 0.465533 0.050245 0.043811
0 0.192810 0.093903 0.059641 0.032782
0 0.481209 0.304075 0.041667 0.039522
0 0.521650 0.372396 0.067810 0.039522
0 0.457108 0.370711 0.060458 0.037990
0 0.391748 0.373621 0.063725 0.035233
0 0.325368 0.407016 0.055147 0.037071
0 0.263685 0.407322 0.062500 0.035846
0 0.198325 0.405178 0.064134 0.040748
0 0.136234 0.404718 0.055147 0.039828
0 0.326185 0.367341 0.060866 0.041054
0 0.586397 0.373162 0.058415 0.036765
0 0.266136 0.366728 0.055964 0.045343
0 0.138889 0.360294 0.063725 0.044118
0 0.053717 0.409467 0.024101 0.037071
0 0.019199 0.408241 0.036765 0.032169
0 0.021855 0.372855 0.040441 0.031250
0 0.976920 0.291207 0.045343 0.064645
0 0.901961 0.307445 0.086601 0.029718
0 0.905025 0.270527 0.083742 0.039828
0 0.816176 0.295650 0.075163 0.051471
0 0.204248 0.361520 0.062908 0.044118
0 0.464461 0.614430 0.054739 0.037071
0 0.407680 0.615809 0.057190 0.034926
0 0.954657 0.606924 0.039216 0.061887
0 0.473243 0.198223 0.038807 0.041667
0 0.430147 0.197457 0.041667 0.038909
0 0.385621 0.198989 0.042484 0.038297
0 0.330270 0.198223 0.059232 0.037377
0 0.267770 0.200061 0.059232 0.035539
0 0.199755 0.197917 0.057190 0.038603
0 0.138889 0.196998 0.060458 0.039216
0 0.330270 0.155944 0.062500 0.044730
0 0.266136 0.154871 0.062500 0.048100
0 0.409518 0.786152 0.083742 0.041667
0 0.329861 0.825827 0.068219 0.037684
0 0.405025 0.825980 0.081291 0.036152
0 0.283292 0.571844 0.064951 0.045650
0 0.348243 0.573223 0.058415 0.041667
0 0.283088 0.615656 0.061275 0.037071
0 0.345997 0.613817 0.055556 0.038297
0 0.410743 0.577512 0.063317 0.037377
0 0.469363 0.577206 0.049837 0.037377
0 0.520425 0.580729 0.053105 0.034620
0 0.820874 0.251685 0.081291 0.035846
0 0.531658 0.167279 0.043709 0.037377
0 0.720588 0.278646 0.030229 0.023591
0 0.692810 0.310355 0.055556 0.033701
0 0.594363 0.097120 0.040850 0.033701
0 0.627655 0.070466 0.040441 0.015931
0 0.587418 0.063266 0.033497 0.026042
0 0.551266 0.095588 0.041258 0.034926
0 0.504493 0.091759 0.046569 0.041973
0 0.344567 0.304994 0.059232 0.037071
0 0.395833 0.304688 0.036765 0.038909
0 0.436683 0.304841 0.041667 0.040441
0 0.641544 0.095588 0.045343 0.030637
0 0.403799 0.275123 0.037173 0.015319
0 0.492034 0.272365 0.037990 0.022059
0 0.532884 0.303615 0.051879 0.036765
0 0.579657 0.277880 0.040033 0.025735
0 0.592116 0.307751 0.046160 0.030331
0 0.176471 0.701593 0.084150 0.072304
0 0.067810 0.706801 0.100490 0.056373
0 0.076593 0.665288 0.104984 0.021140
0 0.989992 0.604473 0.020016 0.060049
0 0.445466 0.271140 0.040441 0.022059
0 0.690972 0.096507 0.048611 0.030025
0 0.741830 0.095895 0.041667 0.036152
0 0.801675 0.092065 0.055964 0.037684
0 0.643791 0.307138 0.044118 0.038909
0 0.620711 0.272518 0.036356 0.027267
0 0.520425 0.618260 0.053105 0.037377
0 0.585580 0.617034 0.074755 0.039216
0 0.650327 0.607230 0.050654 0.056373
0 0.710784 0.617494 0.066176 0.030944
0 0.813930 0.574449 0.051879 0.041054
0 0.832108 0.615962 0.046569 0.040135
0 0.200776 0.154259 0.055964 0.046262
0 0.138072 0.153033 0.062092 0.046875
0 0.070466 0.200674 0.067402 0.031863
0 0.070057 0.168964 0.063317 0.026654
0 0.064134 0.142463 0.064542 0.020833
0 0.014093 0.200674 0.028186 0.031863
0 0.016953 0.168352 0.033905 0.029718
0 0.670752 0.071691 0.036765 0.014093
0 0.981209 0.091605 0.037582 0.039828
0 0.929126 0.092371 0.061683 0.038297
0 0.864788 0.093290 0.066993 0.036458
0 0.676266 0.276042 0.051879 0.022059
0 0.580474 0.143229 0.048203 0.022365
0 0.584559 0.576746 0.072712 0.040748
0 0.017770 0.273284 0.035539 0.031250
0 0.752247 0.200674 0.046160 0.032475
0 0.699346 0.196998 0.052288 0.026961
0 0.747753 0.165288 0.053513 0.034007
0 0.692810 0.164522 0.052288 0.031863
0 0.638480 0.197917 0.039216 0.023897
0 0.634600 0.165441 0.047794 0.033701
0 0.580882 0.200674 0.058824 0.029412
0 0.580882 0.169730 0.042484 0.030025
0 0.527574 0.203891 0.047794 0.033395
0 0.142361 0.255515 0.064134 0.045956
0 0.209355 0.261336 0.060866 0.042892
0 0.277165 0.259804 0.068219 0.046569
0 0.350286 0.264093 0.064134 0.041667
0 0.146650 0.301164 0.056373 0.041054
0 0.215278 0.302849 0.066176 0.037071
0 0.332108 0.784773 0.069444 0.041973
0 0.257149 0.826746 0.060049 0.034620
0 0.257761 0.787684 0.058007 0.040441
0 0.188930 0.823989 0.057598 0.041360
0 0.846405 0.186887 0.110294 0.056985
0 0.940768 0.198989 0.071895 0.035846
0 0.060049 0.245864 0.053105 0.019301
0 0.071691 0.272978 0.066585 0.031863
0 0.232435 0.510263 0.058824 0.044424
0 0.294526 0.452972 0.064542 0.018689
0 0.298203 0.479933 0.065359 0.031556
0 0.295139 0.514246 0.058415 0.032782
0 0.371119 0.474265 0.073938 0.037377
0 0.366626 0.512561 0.068219 0.037377
0 0.565564 0.474877 0.053513 0.031250
0 0.564338 0.514400 0.054330 0.041054
0 0.614175 0.498468 0.029003 0.064338
0 0.126021 0.823989 0.063317 0.041360
0 0.841708 0.503676 0.052696 0.060049
0 0.946895 0.501838 0.049020 0.061275
0 0.048407 0.569853 0.058415 0.024510
0 0.051062 0.611366 0.066993 0.052390
0 0.170343 0.577359 0.078431 0.039522
0 0.148897 0.617494 0.060866 0.038297
0 0.214665 0.617341 0.061683 0.038603
0 0.229779 0.577512 0.040441 0.039828
0 0.082312 0.304994 0.065768 0.030331
0 0.022467 0.306526 0.044935 0.030331
0 0.895425 0.500153 0.048203 0.064645
0 0.191789 0.783395 0.064134 0.037377
0 0.906863 0.607996 0.052288 0.060355
0 0.042688 0.821385 0.085376 0.050245
0 0.126430 0.781250 0.057598 0.039828
0 0.280842 0.303309 0.062500 0.036152
0 0.254698 0.679075 0.051879 0.027267
0 0.312296 0.682904 0.055147 0.034926
0 0.308211 0.721201 0.056781 0.037377
0 0.384395 0.690564 0.081699 0.016544
0 0.380719 0.720282 0.074346 0.039828
0 0.465482 0.692402 0.073938 0.015319
0 0.458129 0.720129 0.072304 0.039522
0 0.518791 0.719975 0.040033 0.039216
0 0.562704 0.718444 0.041258 0.043505
0 0.252247 0.710784 0.050245 0.035539
0 0.649918 0.716912 0.043301 0.021446
0 0.606005 0.708640 0.035539 0.028799
0 0.976920 0.715380 0.045343 0.037377
0 0.906046 0.720741 0.050654 0.034007
0 0.044118 0.782169 0.088235 0.026961
0 0.803513 0.720588 0.053105 0.033701
0 0.854575 0.721661 0.049837 0.031556
0 0.846405 0.686275 0.043301 0.032475
0 0.795752 0.683977 0.053922 0.032169
0 0.719363 0.681832 0.050654 0.037684
0 0.699959 0.713542 0.050245 0.028799
0 0.894812 0.685202 0.046977 0.032169
