0 0.546615 0.384766 0.061979 0.059375
0 0.165104 0.956055 0.089583 0.076953
0 0.024740 0.366211 0.048438 0.074609
0 0.086458 0.305273 0.062500 0.066016
0 0.153906 0.304297 0.054688 0.067187
0 0.216927 0.300000 0.063021 0.064844
0 0.282552 0.302344 0.064062 0.067969
0 0.350781 0.306836 0.060937 0.075391
0 0.415104 0.310547 0.055208 0.067187
0 0.478125 0.311328 0.063542 0.071875
0 0.546615 0.315820 0.057813 0.065234
0 0.608073 0.317383 0.057813 0.069141
0 0.673177 0.317383 0.070312 0.071484
0 0.799219 0.316992 0.069271 0.074609
0 0.875000 0.320117 0.073958 0.069141
0 0.084375 0.369141 0.066667 0.059375
0 0.152604 0.369141 0.060417 0.060156
0 0.219271 0.371484 0.059375 0.067187
0 0.282552 0.371875 0.059896 0.069531
0 0.350260 0.379297 0.064062 0.064062
0 0.416406 0.377734 0.057813 0.064062
0 0.482812 0.379883 0.064583 0.065234
0 0.062760 0.958008 0.102604 0.071484
0 0.608594 0.385352 0.054688 0.067578
0 0.668750 0.389453 0.065625 0.064844
0 0.741406 0.390234 0.068229 0.071094
0 0.808594 0.391797 0.065104 0.062500
0 0.029687 0.290234 0.051042 0.063281
0 0.952083 0.233008 0.069792 0.059766
0 0.891406 0.232813 0.049479 0.061719
0 0.829948 0.230273 0.065104 0.068359
0 0.017448 0.579492 0.018229 0.018359
0 0.037500 0.132422 0.058333 0.066406
0 0.106771 0.135937 0.066667 0.064844
0 0.176042 0.135352 0.066667 0.069141
0 0.320573 0.144727 0.057813 0.071484
0 0.387240 0.149219 0.060937 0.078125
0 0.450781 0.152344 0.061979 0.068750
0 0.512760 0.151562 0.054688 0.067969
0 0.573698 0.157422 0.063021 0.064062
0 0.637240 0.159570 0.059896 0.068359
0 0.704167 0.159961 0.058333 0.068359
0 0.769010 0.158984 0.057813 0.067187
0 0.072656 0.477344 0.100521 0.064844
0 0.828906 0.163086 0.059896 0.065234
0 0.954427 0.162695 0.066146 0.072266
0 0.039583 0.202930 0.058333 0.069141
0 0.105729 0.202734 0.064583 0.068750
0 0.174219 0.204102 0.063021 0.071484
0 0.239583 0.208594 0.067708 0.063281
0 0.311979 0.215039 0.057292 0.069141
0 0.440885 0.221094 0.061979 0.066406
0 0.507292 0.224023 0.064583 0.066016
0 0.573438 0.224219 0.064583 0.070312
0 0.638802 0.229297 0.063021 0.064062
0 0.701042 0.226758 0.060417 0.066016
0 0.765885 0.226367 0.051562 0.064453
0 0.891406 0.163086 0.049479 0.072266
0 0.172917 0.480664 0.101042 0.059766
0 0.376563 0.219336 0.060417 0.059766
0 0.384375 0.485547 0.116667 0.056250
0 0.161458 0.868164 0.094792 0.086328
0 0.260937 0.836328 0.085417 0.067187
0 0.356771 0.841016 0.097917 0.060937
0 0.452604 0.841602 0.093750 0.062109
0 0.545052 0.841016 0.091146 0.060937
0 0.643750 0.844336 0.088542 0.070703
0 0.740885 0.845703 0.091146 0.067187
0 0.828125 0.842578 0.078125 0.070312
0 0.939583 0.831055 0.096875 0.077734
0 0.262240 0.901758 0.088021 0.057422
0 0.353385 0.904297 0.091146 0.053906
0 0.446094 0.904687 0.089063 0.053906
0 0.542969 0.906836 0.103646 0.051953
0 0.638542 0.908008 0.082292 0.057422
0 0.830208 0.910156 0.086458 0.052344
0 0.930469 0.900586 0.099479 0.061328
0 0.932031 0.965430 0.084896 0.062109
0 0.828646 0.967773 0.080208 0.058203
0 0.736719 0.969727 0.088021 0.058984
0 0.637500 0.971875 0.075000 0.056250
0 0.549219 0.968750 0.092188 0.060156
0 0.450000 0.968750 0.082292 0.059375
0 0.357552 0.963086 0.092188 0.054297
0 0.256250 0.962500 0.082292 0.057031
0 0.275521 0.480078 0.098958 0.067187
0 0.061458 0.866602 0.094792 0.087891
0 0.076042 0.711133 0.101042 0.058203
0 0.733594 0.909570 0.093229 0.052734
0 0.268229 0.717187 0.079167 0.060937
0 0.386719 0.547656 0.095312 0.061719
0 0.179167 0.709766 0.086458 0.058594
0 0.283854 0.548633 0.101042 0.058984
0 0.177344 0.541016 0.097396 0.054688
0 0.072917 0.539648 0.098958 0.055078
0 0.673177 0.488281 0.098437 0.065625
0 0.770312 0.487695 0.092708 0.064453
0 0.766927 0.554102 0.094271 0.053516
0 0.858333 0.554297 0.077083 0.056250
0 0.077604 0.648828 0.102083 0.062500
0 0.175521 0.649805 0.089583 0.061328
0 0.270833 0.650391 0.096875 0.068750
0 0.370052 0.652930 0.099479 0.064453
0 0.670833 0.551367 0.089583 0.059766
0 0.559635 0.656250 0.092188 0.057813
0 0.467448 0.719531 0.084896 0.059375
0 0.467969 0.650781 0.083854 0.066406
0 0.559635 0.718945 0.092188 0.055859
0 0.657292 0.722070 0.091667 0.060547
0 0.754167 0.723828 0.102083 0.062500
0 0.371875 0.717383 0.100000 0.058984
0 0.854948 0.726172 0.092188 0.064844
0 0.947396 0.729102 0.086458 0.063672
0 0.942187 0.662109 0.086458 0.064062
0 0.848958 0.659375 0.079167 0.067969
0 0.756771 0.659180 0.107292 0.063672
0 0.653385 0.658203 0.095312 0.065625
