0 0.169531 0.330078 0.013021 0.067969
0 0.666927 0.149609 0.039062 0.162500
0 0.787500 0.153320 0.053125 0.158203
0 0.846615 0.145117 0.060937 0.175391
0 0.722135 0.146875 0.072396 0.166406
0 0.007292 0.291797 0.014583 0.089844
0 0.028385 0.290039 0.030729 0.091016
0 0.058333 0.294531 0.027083 0.100000
0 0.089063 0.318555 0.031250 0.020703
0 0.089844 0.338672 0.026562 0.017969
0 0.119271 0.308203 0.020833 0.096094
0 0.145833 0.307227 0.032292 0.098047
0 0.924219 0.141602 0.093229 0.184766
0 0.370573 0.353320 0.027604 0.094141
0 0.220312 0.321680 0.025000 0.111328
0 0.251823 0.323828 0.033854 0.110156
0 0.282813 0.331055 0.025000 0.122266
0 0.311458 0.361133 0.031250 0.062109
0 0.343750 0.360156 0.026042 0.082812
0 0.397917 0.367383 0.018750 0.094141
0 0.423958 0.371484 0.032292 0.092969
0 0.452344 0.362695 0.024479 0.116016
0 0.480469 0.372656 0.028646 0.110156
0 0.516146 0.368555 0.037500 0.135547
0 0.558854 0.374805 0.046875 0.127734
0 0.602083 0.385937 0.040625 0.150781
0 0.654948 0.388672 0.066146 0.146094
0 0.191406 0.314453 0.030729 0.097656
0 0.620313 0.137109 0.047917 0.174219
0 0.158854 0.142187 0.016667 0.121094
0 0.541927 0.145508 0.041146 0.152734
0 0.383854 0.802734 0.032292 0.125781
0 0.713542 0.393945 0.052083 0.157422
0 0.354167 0.793555 0.027083 0.143359
0 0.326823 0.782813 0.023438 0.139063
0 0.296094 0.758984 0.032813 0.119531
0 0.269010 0.752539 0.020313 0.128516
0 0.248438 0.742383 0.020833 0.107422
0 0.010937 0.152344 0.015625 0.089063
0 0.029167 0.144336 0.019792 0.104297
0 0.050781 0.145313 0.020313 0.106250
0 0.069531 0.165234 0.017188 0.064844
0 0.089323 0.155469 0.019271 0.085156
0 0.106250 0.148047 0.014583 0.099219
0 0.125000 0.153906 0.019792 0.092188
0 0.142969 0.140039 0.014063 0.118359
0 0.178906 0.139648 0.022396 0.126172
0 0.206510 0.147461 0.023438 0.117578
0 0.238542 0.147852 0.038542 0.116797
0 0.275260 0.162109 0.032813 0.091406
0 0.304948 0.146094 0.024479 0.120313
0 0.334896 0.156250 0.033333 0.106250
0 0.366927 0.174414 0.027604 0.075391
0 0.400521 0.185742 0.039583 0.026172
0 0.401562 0.207813 0.035417 0.012500
0 0.439063 0.142383 0.023958 0.152734
0 0.470313 0.139648 0.038542 0.157422
0 0.506771 0.140625 0.029167 0.161719
0 0.579948 0.138281 0.030729 0.171094
0 0.889062 0.423828 0.076042 0.176563
0 0.117708 0.578125 0.043750 0.028906
0 0.013542 0.407617 0.020833 0.093359
0 0.186719 0.575195 0.031771 0.098828
0 0.217969 0.590234 0.029687 0.110937
0 0.250000 0.598437 0.033333 0.098437
0 0.280990 0.617969 0.024479 0.106250
0 0.313281 0.624219 0.038021 0.103906
0 0.346875 0.640234 0.025000 0.114844
0 0.377344 0.647852 0.028646 0.123047
0 0.412760 0.663281 0.039062 0.127344
0 0.452604 0.674414 0.038542 0.130859
0 0.496094 0.700195 0.035937 0.131641
0 0.535156 0.713672 0.038021 0.122656
0 0.569531 0.754297 0.029687 0.064844
0 0.611458 0.754883 0.039583 0.108984
0 0.156510 0.572656 0.028646 0.102344
0 0.664583 0.768750 0.040625 0.113281
0 0.849479 0.786523 0.078125 0.069141
0 0.826562 0.839648 0.069792 0.030859
0 0.821875 0.876367 0.083333 0.036328
0 0.895052 0.873828 0.061979 0.095312
0 0.963542 0.888477 0.071875 0.129297
0 0.015365 0.632812 0.024479 0.097656
0 0.038281 0.640039 0.019271 0.082422
0 0.061198 0.654102 0.026562 0.108984
0 0.086979 0.661523 0.023958 0.096484
0 0.118229 0.683594 0.028125 0.110937
0 0.154688 0.691406 0.040625 0.099219
0 0.411198 0.829492 0.021354 0.105078
0 0.184896 0.729492 0.017708 0.089453
0 0.722396 0.780664 0.064583 0.141797
0 0.963542 0.430664 0.072917 0.174609
0 0.117188 0.543750 0.042708 0.034375
0 0.065365 0.530273 0.022396 0.087891
0 0.036458 0.410156 0.025000 0.088281
0 0.059115 0.416406 0.019271 0.101562
0 0.079687 0.422656 0.018750 0.099219
0 0.103385 0.427148 0.027604 0.108203
0 0.131771 0.431836 0.027083 0.112109
0 0.161198 0.452539 0.031771 0.041797
0 0.162240 0.483789 0.027604 0.020703
0 0.190625 0.458008 0.022917 0.102734
0 0.217188 0.461523 0.031250 0.096484
0 0.248438 0.472266 0.030208 0.119531
0 0.277344 0.473047 0.027604 0.118750
0 0.311979 0.483008 0.041667 0.138672
0 0.354167 0.494141 0.039583 0.117188
0 0.085417 0.536328 0.017708 0.099219
0 0.391927 0.512500 0.033854 0.128125
0 0.460156 0.537695 0.034896 0.113672
0 0.496094 0.539258 0.035937 0.110547
0 0.528385 0.549414 0.027604 0.128516
0 0.568750 0.555469 0.050000 0.153906
0 0.632552 0.575586 0.056771 0.180078
0 0.698438 0.582617 0.072917 0.166016
0 0.816667 0.627539 0.047917 0.166016
0 0.871875 0.635938 0.061458 0.164844
0 0.930990 0.642188 0.052604 0.178906
0 0.979427 0.673828 0.040104 0.155469
0 0.008073 0.515820 0.016146 0.084766
0 0.029167 0.516211 0.022917 0.082422
0 0.047135 0.523633 0.014063 0.097266
0 0.425781 0.517969 0.032813 0.120313
0 0.447656 0.864258 0.048438 0.087891
0 0.226042 0.738281 0.023958 0.114062
0 0.552083 0.900977 0.045833 0.125391
0 0.606510 0.910937 0.049479 0.142969
0 0.664844 0.936523 0.053646 0.124609
0 0.724479 0.954492 0.060417 0.091016
0 0.203385 0.730273 0.020313 0.088672
0 0.502083 0.872656 0.038542 0.135937
