0 0.432190 0.164828 0.055556 0.109681
0 0.486928 0.167126 0.044935 0.105086
0 0.010008 0.407169 0.017565 0.035539
0 0.347018 0.665901 0.042075 0.056679
0 0.295547 0.664062 0.046160 0.055453
0 0.247753 0.663143 0.038807 0.056066
0 0.210172 0.661612 0.026552 0.057904
0 0.183211 0.662990 0.020016 0.060049
0 0.152982 0.662224 0.032271 0.011336
0 0.152165 0.643076 0.036356 0.020221
0 0.111315 0.661152 0.020833 0.054534
0 0.084967 0.660692 0.028595 0.057904
0 0.058824 0.659926 0.020425 0.061275
0 0.027574 0.658854 0.033088 0.064032
0 0.785948 0.758732 0.051471 0.071385
0 0.726920 0.760417 0.043709 0.071078
0 0.671773 0.755055 0.046160 0.076900
0 0.608252 0.756434 0.064542 0.074755
0 0.546160 0.756281 0.047386 0.071998
0 0.478962 0.755515 0.057598 0.072917
0 0.419118 0.754596 0.057190 0.068015
0 0.363154 0.758578 0.043301 0.069853
0 0.294322 0.778799 0.053513 0.011029
0 0.295343 0.765931 0.052288 0.011029
0 0.299632 0.750000 0.048611 0.009804
0 0.299224 0.737132 0.050245 0.010417
0 0.376634 0.167433 0.041667 0.108150
0 0.321487 0.155484 0.053922 0.125919
0 0.267770 0.165441 0.044526 0.109069
0 0.191789 0.157629 0.091095 0.079350
0 0.686683 0.668199 0.044935 0.061275
0 0.736315 0.689798 0.046160 0.015625
0 0.785948 0.668811 0.048203 0.055760
0 0.011438 0.570925 0.016340 0.053002
0 0.036560 0.572763 0.025735 0.056066
0 0.066381 0.576287 0.029003 0.061887
0 0.104779 0.573836 0.033088 0.058824
0 0.135008 0.576593 0.024101 0.062500
0 0.178105 0.586091 0.047386 0.044118
0 0.227328 0.578278 0.033088 0.060968
0 0.265727 0.575827 0.033905 0.062194
0 0.301062 0.723346 0.051471 0.011029
0 0.314951 0.584559 0.044118 0.045343
0 0.463644 0.581342 0.045752 0.053615
0 0.511438 0.582108 0.046569 0.054534
0 0.557802 0.584712 0.042075 0.052390
0 0.604167 0.581189 0.040033 0.057598
0 0.649101 0.579504 0.035948 0.059130
0 0.703431 0.581495 0.049837 0.060049
0 0.750817 0.581648 0.040850 0.059743
0 0.809641 0.584559 0.058007 0.061887
0 0.016340 0.487745 0.029412 0.064338
0 0.046773 0.495711 0.024101 0.045343
0 0.082516 0.154718 0.098856 0.085172
0 0.413603 0.581801 0.046160 0.053922
0 0.233864 0.787224 0.029820 0.072610
0 0.199346 0.782629 0.030229 0.075674
0 0.165645 0.791207 0.029003 0.057292
0 0.581087 0.487745 0.032271 0.068015
0 0.613358 0.487745 0.027369 0.071078
0 0.655025 0.496170 0.047794 0.051164
0 0.705474 0.495864 0.044935 0.054228
0 0.757353 0.505515 0.016340 0.037990
0 0.809232 0.489583 0.059641 0.064338
0 0.054534 0.392923 0.033905 0.060968
0 0.089257 0.391697 0.027369 0.062194
0 0.120507 0.392004 0.030229 0.061581
0 0.152165 0.392004 0.027369 0.061581
0 0.185458 0.392616 0.034314 0.062806
0 0.548407 0.499081 0.023284 0.042892
0 0.223039 0.390931 0.036765 0.065564
0 0.338848 0.363051 0.054330 0.086397
0 0.398080 0.352482 0.053513 0.107537
0 0.461193 0.354779 0.056373 0.104779
0 0.531046 0.332874 0.070261 0.148591
0 0.217729 0.291973 0.054739 0.071691
0 0.151552 0.289982 0.073529 0.071998
0 0.060458 0.277880 0.092320 0.083333
0 0.828431 0.333027 0.073529 0.150735
0 0.749796 0.332261 0.073121 0.152267
0 0.669118 0.339001 0.057190 0.138787
0 0.603554 0.331495 0.064134 0.153186
0 0.278391 0.346354 0.055964 0.119792
0 0.642157 0.665748 0.034314 0.056985
0 0.521855 0.500919 0.020833 0.038603
0 0.428309 0.480545 0.047794 0.078125
0 0.127451 0.793352 0.034314 0.051777
0 0.090074 0.793199 0.032271 0.051471
0 0.052492 0.792892 0.032271 0.052696
0 0.020221 0.779259 0.028186 0.082414
0 0.988766 0.797794 0.022467 0.065564
0 0.947304 0.799173 0.053105 0.056679
0 0.875817 0.804994 0.076797 0.046875
0 0.981005 0.669271 0.037990 0.059130
0 0.938521 0.668658 0.041258 0.059743
0 0.897059 0.667892 0.037582 0.059436
0 0.859886 0.668199 0.029412 0.063725
0 0.482639 0.483762 0.051879 0.074755
0 0.967933 0.569853 0.037173 0.060662
0 0.876634 0.568474 0.024510 0.064645
0 0.966095 0.475337 0.049837 0.067096
0 0.086806 0.496324 0.044526 0.048407
0 0.126430 0.492800 0.026552 0.053615
0 0.160743 0.492953 0.037990 0.055760
0 0.193015 0.490962 0.014297 0.059130
0 0.208946 0.493107 0.015114 0.056066
0 0.235498 0.488817 0.027369 0.061581
0 0.276144 0.485600 0.035948 0.069240
0 0.324142 0.480086 0.053513 0.079044
0 0.375613 0.484069 0.042892 0.066176
0 0.918913 0.569240 0.046160 0.056373
0 0.595997 0.667279 0.049020 0.056985
0 0.367034 0.574755 0.041258 0.042892
0 0.908497 0.242953 0.035131 0.103554
0 0.918505 0.373162 0.023284 0.070466
0 0.890319 0.372549 0.027369 0.072304
0 0.985703 0.240349 0.028595 0.109988
0 0.948734 0.240196 0.039624 0.109681
0 0.821487 0.145833 0.065359 0.154412
0 0.750204 0.154412 0.058415 0.130515
0 0.693627 0.159620 0.040033 0.118260
0 0.650940 0.159620 0.039624 0.122549
0 0.539828 0.173713 0.050245 0.091912
0 0.597222 0.173100 0.042484 0.097426
0 0.885212 0.476256 0.032680 0.067096
0 0.392770 0.664828 0.042892 0.053922
0 0.438930 0.665901 0.043709 0.056679
0 0.487745 0.678156 0.043301 0.038909
0 0.542892 0.665441 0.053105 0.057598
0 0.949346 0.372396 0.038399 0.069547
