0 0.674837 0.288909 0.053105 0.084559
0 0.725082 0.296569 0.037582 0.068015
0 0.778595 0.284773 0.064542 0.090993
0 0.852737 0.308211 0.054330 0.047794
0 0.918913 0.297488 0.060866 0.065564
0 0.980188 0.284467 0.039624 0.094056
0 0.201185 0.422181 0.051062 0.096814
0 0.047998 0.387868 0.029003 0.063725
0 0.083946 0.388021 0.036356 0.062806
0 0.137255 0.381587 0.063725 0.076287
0 0.620711 0.289369 0.045343 0.086703
0 0.251634 0.423713 0.044935 0.094975
0 0.304739 0.414675 0.049837 0.111213
0 0.359681 0.428615 0.046977 0.084559
0 0.015523 0.386489 0.031046 0.068934
0 0.570874 0.290288 0.043709 0.083027
0 0.958333 0.855545 0.063725 0.066483
0 0.467116 0.286918 0.050245 0.089767
0 0.749387 0.711857 0.042892 0.090993
0 0.697508 0.712163 0.055964 0.090380
0 0.629902 0.724877 0.075980 0.066176
0 0.551471 0.722886 0.069444 0.069547
0 0.489583 0.717065 0.046160 0.081801
0 0.430351 0.729473 0.065768 0.060049
0 0.341503 0.708487 0.102124 0.094669
0 0.520016 0.271446 0.045752 0.117647
0 0.239175 0.729320 0.095997 0.053002
0 0.408292 0.427849 0.042892 0.084865
0 0.883783 0.868260 0.073121 0.050858
0 0.815972 0.843137 0.044526 0.108456
0 0.267770 0.286458 0.040441 0.088848
0 0.316381 0.286612 0.039624 0.096507
0 0.363154 0.281403 0.047386 0.099571
0 0.416258 0.282782 0.046569 0.094975
0 0.238766 0.688266 0.079657 0.021140
0 0.458946 0.427083 0.052696 0.085784
0 0.889910 0.426164 0.036356 0.085784
0 0.564338 0.428002 0.042892 0.083333
0 0.240605 0.518229 0.093137 0.040748
0 0.309436 0.529871 0.029003 0.018689
0 0.493668 0.848192 0.042075 0.109375
0 0.551879 0.826900 0.061275 0.061887
0 0.552492 0.881127 0.064951 0.039828
0 0.629698 0.863051 0.078840 0.072304
0 0.708333 0.861826 0.071078 0.074755
0 0.133170 0.470129 0.058007 0.070772
0 0.768791 0.842984 0.042484 0.107537
0 0.336601 0.531097 0.018791 0.021140
0 0.155433 0.725031 0.044526 0.056679
0 0.015931 0.725031 0.031863 0.055453
0 0.013480 0.848499 0.026961 0.095895
0 0.039828 0.848039 0.021650 0.093137
0 0.069036 0.848499 0.027778 0.094056
0 0.097835 0.847426 0.024101 0.098652
0 0.364379 0.529871 0.025327 0.020527
0 0.514093 0.426777 0.049428 0.087010
0 0.075368 0.469822 0.049428 0.069547
0 0.006332 0.488205 0.012663 0.035846
0 0.613358 0.426777 0.046160 0.087010
0 0.660335 0.428002 0.045343 0.085172
0 0.709763 0.431526 0.046160 0.076287
0 0.759600 0.419271 0.048611 0.102022
0 0.811479 0.413909 0.047794 0.112745
0 0.852328 0.428156 0.025735 0.081189
0 0.793096 0.728707 0.035539 0.056066
0 0.027778 0.486366 0.022059 0.036458
0 0.927492 0.431526 0.032271 0.087929
0 0.168913 0.861520 0.034722 0.070466
0 0.229779 0.843290 0.077206 0.106924
0 0.305351 0.841912 0.066585 0.110294
0 0.380106 0.863358 0.072304 0.075980
0 0.969363 0.450674 0.040033 0.039216
0 0.443423 0.848346 0.046160 0.112745
0 0.981618 0.392004 0.036765 0.059130
0 0.130515 0.865349 0.034722 0.072610
0 0.831495 0.727328 0.033088 0.061275
0 0.898897 0.727482 0.027369 0.056679
0 0.718750 0.611213 0.037173 0.052696
0 0.102328 0.160846 0.039624 0.078431
0 0.141544 0.160080 0.032271 0.074449
0 0.648489 0.618566 0.098448 0.056373
0 0.192606 0.140778 0.048611 0.115502
0 0.246119 0.138327 0.051879 0.113664
0 0.971609 0.612592 0.042892 0.068934
0 0.680760 0.148744 0.040441 0.102635
0 0.630515 0.147518 0.052696 0.102022
0 0.574346 0.140472 0.057190 0.116115
0 0.512868 0.146446 0.053513 0.099265
0 0.456087 0.151654 0.049428 0.093750
0 0.055964 0.743413 0.041667 0.018689
0 0.923611 0.616115 0.045752 0.060049
0 0.348652 0.142923 0.051879 0.111213
0 0.101920 0.746783 0.044526 0.018689
0 0.825163 0.616422 0.050654 0.058824
0 0.770833 0.614890 0.049020 0.066176
0 0.866626 0.727635 0.029820 0.058211
0 0.934028 0.732996 0.029820 0.032782
0 0.979371 0.739430 0.041258 0.027880
0 0.235703 0.566942 0.098039 0.023591
0 0.229575 0.617188 0.104575 0.060355
0 0.337827 0.614737 0.098039 0.052390
0 0.411765 0.609835 0.044118 0.072610
0 0.402778 0.157629 0.047386 0.086091
0 0.460989 0.606618 0.044526 0.077819
0 0.156658 0.642770 0.032271 0.072304
0 0.077206 0.646906 0.044118 0.066483
0 0.419322 0.528646 0.022467 0.020527
0 0.013889 0.144148 0.027778 0.109375
0 0.227328 0.284007 0.032271 0.090074
0 0.192402 0.287531 0.030229 0.084252
0 0.115809 0.276961 0.060049 0.085784
0 0.060049 0.285999 0.043301 0.067708
0 0.017565 0.287684 0.035131 0.063725
0 0.972426 0.143689 0.046160 0.118260
0 0.919118 0.132506 0.049020 0.132047
0 0.867647 0.154259 0.044118 0.088542
0 0.819853 0.160846 0.018791 0.075368
0 0.122345 0.645680 0.033905 0.071385
0 0.790441 0.150888 0.030229 0.095282
0 0.722835 0.155637 0.035539 0.085784
0 0.051879 0.141697 0.042484 0.113664
0 0.484069 0.515319 0.099673 0.051471
0 0.576593 0.513174 0.070670 0.051471
0 0.686887 0.524357 0.117239 0.030331
0 0.922794 0.516391 0.145425 0.039522
0 0.047794 0.554228 0.049837 0.064951
0 0.391748 0.529718 0.025327 0.020221
0 0.094363 0.570006 0.035948 0.036458
0 0.142361 0.557904 0.049428 0.058211
0 0.030025 0.673560 0.038807 0.012561
0 0.758170 0.156403 0.030229 0.085478
0 0.542892 0.611060 0.101307 0.061581
