0 0.292808 0.472476 0.028253 0.073798
0 0.253853 0.477885 0.047089 0.049519
0 0.329837 0.475240 0.035531 0.071635
0 0.372003 0.466587 0.038527 0.080288
0 0.169949 0.462981 0.037671 0.071154
0 0.956122 0.854447 0.045805 0.018990
0 0.358733 0.095673 0.107877 0.053846
0 0.237586 0.105048 0.081336 0.053846
0 0.142765 0.117909 0.074058 0.036298
0 0.411173 0.476803 0.035531 0.064183
0 0.211687 0.478966 0.029538 0.073798
0 0.098459 0.468389 0.077055 0.077163
0 0.574700 0.095913 0.059503 0.061538
0 0.964469 0.367909 0.071062 0.037740
0 0.714255 0.241827 0.084332 0.050000
0 0.625000 0.236178 0.088185 0.068029
0 0.538955 0.230168 0.065068 0.070433
0 0.478596 0.255048 0.040240 0.027404
0 0.416738 0.236058 0.036387 0.070673
0 0.377783 0.235216 0.035531 0.068990
0 0.336473 0.240865 0.039384 0.066827
0 0.789598 0.240385 0.062072 0.049519
0 0.277397 0.235337 0.060788 0.065865
0 0.149615 0.235337 0.059503 0.065865
0 0.092038 0.237500 0.054795 0.070673
0 0.034889 0.215625 0.059503 0.118750
0 0.829409 0.091587 0.050942 0.067308
0 0.772260 0.083534 0.061644 0.086298
0 0.699272 0.078726 0.074058 0.087740
0 0.635702 0.094832 0.047089 0.055048
0 0.211473 0.234976 0.063356 0.068510
0 0.955265 0.191106 0.081764 0.037019
0 0.952697 0.222115 0.067209 0.026442
0 0.959118 0.251202 0.060360 0.030769
0 0.964469 0.336659 0.071062 0.020913
0 0.467894 0.095673 0.095890 0.062019
0 0.537671 0.366947 0.033390 0.059856
0 0.499144 0.363582 0.038527 0.054567
0 0.408604 0.364904 0.082620 0.058654
0 0.345676 0.361659 0.028682 0.063702
0 0.297089 0.377644 0.056507 0.035577
0 0.960830 0.310457 0.078339 0.019952
0 0.944777 0.469712 0.046233 0.066346
0 0.862158 0.556851 0.053938 0.024760
0 0.860231 0.531851 0.050086 0.023317
0 0.860017 0.506490 0.040240 0.026442
0 0.232235 0.358413 0.061216 0.067308
0 0.172945 0.357933 0.047945 0.074519
0 0.122860 0.355168 0.044521 0.068510
0 0.062714 0.355529 0.058647 0.083173
0 0.887200 0.270913 0.060360 0.067308
0 0.025899 0.464784 0.044092 0.077644
0 0.465539 0.461418 0.052654 0.087740
0 0.212115 0.566226 0.050086 0.077644
0 0.574486 0.485216 0.030822 0.043029
0 0.748288 0.463341 0.037671 0.056010
0 0.695205 0.489784 0.054795 0.028125
0 0.068493 0.072716 0.074486 0.126683
0 0.528682 0.463822 0.063356 0.092067
0 0.229452 0.711659 0.041096 0.016106
0 0.289384 0.674880 0.046233 0.081490
0 0.340325 0.685216 0.037671 0.081971
0 0.380779 0.679808 0.036387 0.079808
0 0.425728 0.681971 0.050086 0.083654
0 0.478596 0.680048 0.040240 0.081731
0 0.521190 0.680769 0.044092 0.084135
0 0.562072 0.678245 0.039384 0.086779
0 0.604880 0.682212 0.047945 0.080288
0 0.645976 0.685216 0.024829 0.081971
0 0.871147 0.445913 0.062500 0.026442
0 0.803082 0.450962 0.036815 0.074038
0 0.672517 0.691947 0.024829 0.047356
0 0.782748 0.520793 0.058647 0.052163
0 0.083690 0.571274 0.051798 0.073317
0 0.597175 0.567909 0.047089 0.087260
0 0.663955 0.564904 0.065068 0.072115
0 0.899615 0.581731 0.018408 0.058173
0 0.952911 0.589784 0.071918 0.033413
0 0.765625 0.578966 0.043236 0.044952
0 0.025043 0.687620 0.045805 0.081490
0 0.093108 0.684375 0.075771 0.080288
0 0.227526 0.678966 0.051798 0.037260
0 0.167166 0.678966 0.050942 0.070433
0 0.546661 0.562260 0.047089 0.077404
0 0.493365 0.571995 0.041524 0.081971
0 0.450342 0.565986 0.031678 0.072837
0 0.401755 0.569712 0.059503 0.080288
0 0.267765 0.571995 0.060360 0.079087
0 0.142765 0.574399 0.059503 0.081490
0 0.037243 0.601322 0.031678 0.030048
0 0.868365 0.415865 0.056935 0.025962
0 0.872217 0.474159 0.044949 0.023798
0 0.884632 0.340385 0.065497 0.058173
0 0.669521 0.818870 0.062500 0.081971
0 0.874144 0.385937 0.063356 0.028125
0 0.779966 0.832332 0.029110 0.060337
0 0.822346 0.817187 0.046233 0.017067
0 0.822132 0.834375 0.044949 0.019231
0 0.825342 0.854087 0.047089 0.015385
0 0.875642 0.853365 0.048373 0.016827
0 0.606378 0.811899 0.050942 0.114183
0 0.870933 0.833654 0.038099 0.015865
0 0.915026 0.835577 0.025257 0.053846
0 0.966610 0.812740 0.060788 0.026923
0 0.957406 0.836538 0.042380 0.015385
0 0.697988 0.455529 0.042380 0.032212
0 0.632277 0.489303 0.055651 0.024279
0 0.630351 0.466827 0.060360 0.022596
0 0.625428 0.432572 0.050514 0.029567
0 0.875214 0.809255 0.041524 0.022837
0 0.541952 0.830168 0.048801 0.018990
0 0.739726 0.821034 0.048801 0.089663
0 0.440711 0.814063 0.132277 0.099760
0 0.817423 0.362740 0.045805 0.053365
0 0.758348 0.381971 0.052654 0.025481
0 0.703767 0.355288 0.053938 0.079808
0 0.546661 0.852885 0.056507 0.013942
0 0.597603 0.372716 0.023973 0.050240
0 0.720462 0.698678 0.063356 0.055048
0 0.792594 0.698197 0.068065 0.051202
0 0.641267 0.363942 0.044521 0.053846
0 0.938998 0.690264 0.044092 0.061298
0 0.980094 0.693510 0.039812 0.066346
0 0.061002 0.821514 0.059503 0.081971
0 0.103596 0.828846 0.024829 0.072596
0 0.144906 0.829327 0.044949 0.066346
0 0.241866 0.825601 0.104452 0.079567
0 0.867937 0.687019 0.074914 0.080288
0 0.331550 0.830769 0.058647 0.058173
