0 0.177708 0.768594 0.037917 0.082187
0 0.230417 0.766563 0.037500 0.078125
0 0.279167 0.767656 0.050833 0.077813
0 0.330833 0.767813 0.043333 0.075625
0 0.385417 0.766250 0.040833 0.072500
0 0.721458 0.767969 0.049583 0.050313
0 0.517500 0.763906 0.040000 0.060312
0 0.599792 0.775781 0.051250 0.053437
0 0.656042 0.770000 0.052917 0.058750
0 0.122708 0.772344 0.031250 0.085312
0 0.785833 0.768906 0.053333 0.048438
0 0.457708 0.768437 0.040417 0.057500
0 0.077500 0.768750 0.032500 0.073750
0 0.839583 0.413125 0.060000 0.028750
0 0.015833 0.661875 0.031667 0.088750
0 0.061042 0.662813 0.049583 0.089375
0 0.113958 0.662500 0.032917 0.090000
0 0.162708 0.661875 0.041250 0.099375
0 0.858542 0.767656 0.062083 0.052812
0 0.221875 0.661875 0.033750 0.088750
0 0.283750 0.657500 0.043333 0.097500
0 0.341667 0.658438 0.045000 0.104375
0 0.397917 0.656875 0.035000 0.096875
0 0.452500 0.658281 0.040833 0.092188
0 0.511042 0.658750 0.041250 0.091250
0 0.549792 0.650781 0.027917 0.084062
0 0.589792 0.652656 0.028750 0.086563
0 0.039792 0.770625 0.034583 0.068125
0 0.927917 0.763437 0.061667 0.048750
0 0.818958 0.872031 0.049583 0.086563
0 0.982708 0.869531 0.034583 0.080937
0 0.043125 0.299063 0.083750 0.139375
0 0.158958 0.306719 0.117083 0.115937
0 0.278750 0.304219 0.105833 0.116562
0 0.393542 0.305312 0.109583 0.114375
0 0.526875 0.302812 0.147917 0.111250
0 0.693958 0.300312 0.183750 0.110000
0 0.829792 0.299844 0.048750 0.106563
0 0.900208 0.297187 0.050417 0.105625
0 0.967083 0.297500 0.050833 0.109375
0 0.050208 0.871875 0.086250 0.111875
0 0.123333 0.885781 0.040833 0.088438
0 0.170208 0.884219 0.047917 0.091563
0 0.219583 0.883437 0.045000 0.086875
0 0.266458 0.881250 0.046250 0.086875
0 0.324583 0.880000 0.040833 0.091875
0 0.369583 0.880469 0.036667 0.088438
0 0.410833 0.878437 0.044167 0.088750
0 0.457917 0.878281 0.038333 0.089063
0 0.502708 0.879062 0.049583 0.089375
0 0.556250 0.878125 0.045000 0.095625
0 0.602917 0.875156 0.041667 0.092813
0 0.653542 0.872188 0.052917 0.088125
0 0.705000 0.871875 0.047500 0.088750
0 0.756667 0.871406 0.047500 0.087813
0 0.835417 0.446406 0.055000 0.029063
0 0.879167 0.873750 0.050000 0.091875
0 0.938125 0.871563 0.047917 0.081250
0 0.982083 0.768125 0.035833 0.045625
0 0.695625 0.648125 0.042917 0.091250
0 0.633750 0.652656 0.038333 0.084687
0 0.793750 0.650156 0.046667 0.085312
0 0.405000 0.536250 0.040833 0.112500
0 0.339583 0.540312 0.046667 0.091875
0 0.279167 0.542344 0.042500 0.094062
0 0.228542 0.544844 0.038750 0.097187
0 0.177917 0.538594 0.032500 0.093438
0 0.133958 0.542031 0.033750 0.094687
0 0.091250 0.542188 0.037500 0.096250
0 0.044167 0.544375 0.040833 0.094375
0 0.053750 0.455469 0.049167 0.031563
0 0.051042 0.420938 0.054583 0.033750
0 0.469792 0.532969 0.042083 0.112812
0 0.105625 0.423438 0.032917 0.095625
0 0.192292 0.424063 0.030417 0.092500
0 0.243542 0.421406 0.052083 0.082812
0 0.298750 0.422656 0.037500 0.086563
0 0.347708 0.422500 0.043750 0.086875
0 0.423542 0.427812 0.047083 0.082500
0 0.473333 0.424375 0.040833 0.079375
0 0.522708 0.426094 0.042083 0.077813
0 0.593125 0.439063 0.060417 0.043750
0 0.966458 0.412656 0.043750 0.094062
0 0.912708 0.417031 0.047917 0.094062
0 0.145208 0.419063 0.033750 0.098125
0 0.743333 0.647813 0.037500 0.085625
0 0.774375 0.535625 0.055417 0.030000
0 0.845000 0.562031 0.051667 0.027187
0 0.755833 0.416094 0.057500 0.026562
0 0.698542 0.534531 0.048750 0.025937
0 0.695417 0.507969 0.047500 0.027187
0 0.633333 0.569063 0.054167 0.032500
0 0.631250 0.535312 0.053333 0.030625
0 0.578333 0.535625 0.041667 0.088750
0 0.524583 0.535625 0.032500 0.088750
0 0.697708 0.564063 0.052083 0.033750
0 0.776667 0.505938 0.048333 0.026875
0 0.770833 0.565937 0.050833 0.030000
0 0.846250 0.530469 0.054167 0.029687
0 0.659375 0.436250 0.056250 0.046875
0 0.927708 0.502344 0.057917 0.025313
0 0.936042 0.530937 0.057917 0.026875
0 0.932292 0.562187 0.064583 0.031250
0 0.954375 0.646406 0.052917 0.094687
0 0.892917 0.650469 0.046667 0.099062
0 0.760000 0.444531 0.054167 0.026562
