0 0.284109 0.077359 0.041258 0.090380
0 0.334150 0.078125 0.050654 0.091912
0 0.051266 0.191636 0.048611 0.090993
0 0.667688 0.540441 0.033088 0.071078
0 0.633170 0.542739 0.029412 0.071385
0 0.600694 0.539828 0.029003 0.071078
0 0.565972 0.541973 0.034722 0.071078
0 0.531863 0.536458 0.031863 0.080882
0 0.495302 0.538297 0.034722 0.079044
0 0.458742 0.538603 0.035948 0.078431
0 0.420752 0.538450 0.033497 0.078738
0 0.386846 0.537684 0.032680 0.075980
0 0.349469 0.536612 0.038807 0.080576
0 0.310253 0.539062 0.034722 0.077512
0 0.274101 0.535999 0.032680 0.079963
0 0.702819 0.539828 0.033088 0.071078
0 0.383578 0.080576 0.045752 0.091912
0 0.122345 0.540135 0.088644 0.081495
0 0.196691 0.537531 0.037173 0.087929
0 0.237132 0.537377 0.039624 0.080882
0 0.038603 0.639706 0.070670 0.079044
0 0.123162 0.637102 0.090278 0.076287
0 0.198938 0.625766 0.031863 0.060355
0 0.235090 0.626379 0.034722 0.060355
0 0.270221 0.625613 0.033905 0.057598
0 0.321895 0.627451 0.043301 0.063725
0 0.365809 0.631587 0.034722 0.076900
0 0.401757 0.632812 0.035539 0.076287
0 0.439134 0.630821 0.033497 0.073529
0 0.037377 0.539369 0.071487 0.084865
0 0.735294 0.540901 0.030229 0.073836
0 0.769812 0.541667 0.033905 0.074142
0 0.807802 0.537684 0.033905 0.074142
0 0.035948 0.436428 0.044118 0.087316
0 0.080270 0.437806 0.042075 0.090074
0 0.129493 0.436887 0.043301 0.088235
0 0.176062 0.427083 0.042484 0.106005
0 0.220792 0.429075 0.037990 0.112439
0 0.265727 0.430300 0.043709 0.101409
0 0.308619 0.432904 0.043709 0.101103
0 0.354779 0.431832 0.043709 0.098346
0 0.395425 0.433517 0.034314 0.095588
0 0.433415 0.433824 0.034314 0.095588
0 0.475490 0.435815 0.037582 0.090380
0 0.518791 0.435662 0.037582 0.090686
0 0.562500 0.433670 0.037582 0.090380
0 0.600490 0.432445 0.037582 0.090380
0 0.640931 0.432445 0.037582 0.090380
0 0.681373 0.436428 0.037582 0.090380
0 0.722222 0.433058 0.037582 0.090380
0 0.767157 0.435202 0.037582 0.090380
0 0.827614 0.431526 0.037582 0.084252
0 0.935866 0.437806 0.043301 0.083946
0 0.981209 0.437806 0.037582 0.084559
0 0.889297 0.435049 0.043301 0.083946
0 0.987541 0.535846 0.024101 0.077819
0 0.955882 0.536765 0.035948 0.072917
0 0.917484 0.538297 0.035948 0.072917
0 0.879085 0.537531 0.035948 0.073223
0 0.842933 0.538603 0.033905 0.074142
0 0.471405 0.632812 0.030229 0.076900
0 0.494690 0.306985 0.040850 0.094363
0 0.508578 0.631587 0.035131 0.076900
0 0.580065 0.632659 0.034314 0.074142
0 0.294526 0.833793 0.079248 0.070772
0 0.592525 0.809283 0.195670 0.043199
0 0.593342 0.858609 0.195670 0.043199
0 0.589257 0.905025 0.187500 0.044730
0 0.790033 0.804688 0.191993 0.043199
0 0.951797 0.814338 0.096405 0.041054
0 0.946283 0.860600 0.107435 0.039828
0 0.940359 0.902727 0.117647 0.041973
0 0.786969 0.850797 0.185866 0.041667
0 0.783905 0.898897 0.183007 0.039216
0 0.430147 0.087623 0.040033 0.077819
0 0.477533 0.088542 0.048203 0.078431
0 0.372141 0.830882 0.071895 0.069853
0 0.519608 0.092984 0.035948 0.078738
0 0.622753 0.080423 0.042892 0.099571
0 0.673203 0.078125 0.048203 0.092525
0 0.723039 0.080116 0.044935 0.092831
0 0.772263 0.078891 0.046977 0.090993
0 0.818423 0.079504 0.042075 0.089767
0 0.865605 0.079044 0.043301 0.093750
0 0.911765 0.081342 0.040033 0.095282
0 0.958538 0.079197 0.046160 0.097120
0 0.192198 0.075980 0.043709 0.095588
0 0.142565 0.077512 0.050654 0.094363
0 0.090278 0.073989 0.043301 0.100797
0 0.040645 0.074755 0.050245 0.098039
0 0.562908 0.090380 0.036765 0.068015
0 0.450368 0.830729 0.078840 0.064645
0 0.456087 0.903033 0.077206 0.068934
0 0.380515 0.905790 0.069853 0.067096
0 0.241217 0.074755 0.041258 0.090686
0 0.654412 0.631281 0.033497 0.078738
0 0.691789 0.633578 0.036356 0.078431
0 0.727328 0.634191 0.033088 0.075368
0 0.763889 0.631434 0.033497 0.074142
0 0.801266 0.631127 0.033088 0.073529
0 0.836806 0.629136 0.029003 0.067096
0 0.867647 0.627451 0.028595 0.068627
0 0.900123 0.629749 0.033905 0.073223
0 0.940972 0.627298 0.037173 0.070772
0 0.982026 0.629749 0.035131 0.073223
0 0.982230 0.726716 0.035539 0.065564
0 0.929943 0.726256 0.062500 0.062194
0 0.862132 0.727328 0.069853 0.069240
0 0.791054 0.727635 0.071487 0.056985
0 0.719363 0.722733 0.067810 0.069240
0 0.647467 0.726562 0.067810 0.066483
0 0.578636 0.729167 0.064951 0.068015
0 0.511846 0.729779 0.066993 0.066789
0 0.442810 0.729167 0.064542 0.065564
0 0.375000 0.730699 0.062908 0.069240
0 0.302288 0.731618 0.072712 0.065564
0 0.046569 0.733915 0.077614 0.077512
0 0.136642 0.729167 0.095180 0.072917
0 0.030229 0.899816 0.048203 0.071691
0 0.159518 0.903339 0.206291 0.067096
0 0.300858 0.908241 0.073121 0.062806
0 0.545139 0.633732 0.033905 0.076287
0 0.446691 0.306679 0.040441 0.094363
0 0.618873 0.633119 0.031046 0.077512
0 0.359886 0.305607 0.042484 0.094056
0 0.897876 0.191789 0.044118 0.090074
0 0.852941 0.195772 0.042484 0.087010
0 0.768791 0.198376 0.052288 0.089767
0 0.715686 0.196998 0.040033 0.084559
0 0.670752 0.197763 0.044935 0.090380
0 0.624592 0.201593 0.044935 0.090686
0 0.574755 0.199449 0.044935 0.090686
0 0.483252 0.199755 0.042484 0.090686
0 0.437908 0.196691 0.042484 0.090686
0 0.390114 0.199142 0.042484 0.090686
0 0.342729 0.196538 0.040033 0.090380
0 0.300245 0.194240 0.040033 0.090686
0 0.258578 0.195006 0.040033 0.090380
0 0.212010 0.195312 0.049020 0.090993
0 0.528595 0.200061 0.042484 0.090686
0 0.102941 0.192862 0.049020 0.090993
0 0.117034 0.307138 0.052696 0.098346
0 0.154616 0.194087 0.048611 0.090993
0 0.169322 0.308211 0.046160 0.098039
0 0.219158 0.308824 0.046160 0.094363
0 0.267770 0.306832 0.046160 0.094056
0 0.314542 0.307598 0.042484 0.094363
0 0.021855 0.290135 0.040441 0.064338
0 0.066585 0.290748 0.042484 0.063113
0 0.966299 0.305760 0.066585 0.088848
0 0.879493 0.307904 0.095588 0.090686
0 0.984681 0.192862 0.030637 0.098346
0 0.944853 0.192249 0.040033 0.092218
0 0.403799 0.306832 0.040441 0.094056
