0 0.270913 0.725599 0.039423 0.190068
0 0.316346 0.721747 0.042308 0.184932
0 0.955048 0.599743 0.072596 0.131849
0 0.591466 0.927868 0.038702 0.133134
0 0.631851 0.931293 0.037740 0.134846
0 0.677284 0.926584 0.048317 0.125428
0 0.721635 0.933861 0.035577 0.132277
0 0.762139 0.931935 0.045433 0.119863
0 0.844231 0.967680 0.064423 0.064640
0 0.926322 0.975171 0.078606 0.049658
0 0.105288 0.761344 0.071154 0.043236
0 0.887380 0.590967 0.053606 0.101455
0 0.713582 0.717680 0.046875 0.198202
0 0.105649 0.808647 0.070433 0.037671
0 0.036779 0.785745 0.065865 0.078339
0 0.025841 0.595034 0.051202 0.171233
0 0.015986 0.127354 0.025721 0.214469
0 0.046875 0.119435 0.033173 0.208904
0 0.079808 0.120077 0.032692 0.210188
0 0.115865 0.115796 0.039423 0.205051
0 0.150240 0.123288 0.027885 0.197774
0 0.233053 0.191995 0.084856 0.146832
0 0.548678 0.931935 0.031971 0.133562
0 0.507332 0.931507 0.041587 0.136986
0 0.466947 0.928724 0.030048 0.137414
0 0.416707 0.923801 0.040144 0.130993
0 0.665986 0.716396 0.045433 0.200771
0 0.621755 0.714255 0.038702 0.186216
0 0.580889 0.712115 0.041587 0.181935
0 0.529808 0.725171 0.033173 0.196918
0 0.493149 0.723031 0.040144 0.192637
0 0.449159 0.720248 0.040144 0.198202
0 0.407091 0.715539 0.037740 0.188784
0 0.364423 0.724957 0.043269 0.191353
0 0.813221 0.789598 0.047596 0.137414
0 0.351923 0.188570 0.080288 0.132277
0 0.868870 0.788527 0.054567 0.126712
0 0.181250 0.654966 0.059615 0.161815
0 0.063582 0.914384 0.075721 0.044521
0 0.063101 0.962971 0.070433 0.038955
0 0.131250 0.897474 0.055288 0.026969
0 0.127885 0.930009 0.040865 0.029538
0 0.261058 0.937286 0.033173 0.111729
0 0.306130 0.941353 0.032452 0.117295
0 0.339784 0.939854 0.025721 0.109161
0 0.376442 0.930009 0.037019 0.132277
0 0.952524 0.805223 0.094952 0.160103
0 0.414663 0.172517 0.039423 0.188356
0 0.761659 0.717038 0.043029 0.183219
0 0.499038 0.169949 0.037019 0.202055
0 0.952043 0.383348 0.039183 0.125428
0 0.904687 0.415668 0.041587 0.047089
0 0.900120 0.349101 0.050721 0.067209
0 0.840024 0.415882 0.045433 0.055223
0 0.837019 0.342466 0.051442 0.091610
0 0.767428 0.336901 0.068029 0.102740
0 0.696274 0.345034 0.066587 0.096747
0 0.620553 0.343536 0.069471 0.083476
0 0.551322 0.349101 0.061298 0.099743
0 0.485216 0.346318 0.066587 0.094178
0 0.418149 0.353168 0.059856 0.096747
0 0.349639 0.355950 0.065144 0.102312
0 0.295433 0.358519 0.035577 0.107449
0 0.256971 0.346318 0.034135 0.102740
0 0.218389 0.349101 0.031010 0.116010
0 0.125240 0.361729 0.073558 0.154966
0 0.046154 0.356378 0.074038 0.160531
0 0.961298 0.154966 0.077404 0.199486
0 0.456731 0.162243 0.038462 0.190068
0 0.091226 0.588399 0.068990 0.146832
0 0.225601 0.525043 0.036298 0.092894
0 0.844952 0.050514 0.044712 0.047089
0 0.317428 0.530394 0.038702 0.101027
0 0.272837 0.527611 0.041827 0.095462
0 0.576683 0.198202 0.030288 0.142979
0 0.612620 0.181935 0.026683 0.137842
0 0.640986 0.182577 0.027163 0.139127
0 0.672356 0.177226 0.025000 0.143836
0 0.715505 0.168450 0.050721 0.164812
0 0.779087 0.156892 0.059615 0.146832
0 0.840385 0.164384 0.038462 0.150685
0 0.887019 0.146832 0.039423 0.180651
0 0.834736 0.594392 0.039183 0.094606
0 0.536538 0.169735 0.037981 0.191353
0 0.720072 0.522260 0.023317 0.106164
0 0.689063 0.526969 0.033894 0.105308
0 0.614904 0.526327 0.037019 0.109161
0 0.580048 0.524187 0.026442 0.113442
0 0.541466 0.505565 0.043029 0.126712
0 0.491226 0.513485 0.046875 0.123716
0 0.437380 0.515411 0.046875 0.122432
0 0.748918 0.529752 0.029567 0.116010
0 0.398077 0.525043 0.030288 0.111729
0 0.362500 0.532534 0.037981 0.126712
