0 0.628142 0.397156 0.028770 0.098545
0 0.211806 0.422784 0.037368 0.087632
0 0.090112 0.245701 0.041336 0.095899
0 0.028274 0.249835 0.051918 0.096892
0 0.020007 0.406746 0.040013 0.120370
0 0.085979 0.413360 0.083995 0.112434
0 0.145999 0.421131 0.030754 0.088955
0 0.255622 0.404762 0.041005 0.080688
0 0.295470 0.410714 0.036706 0.080688
0 0.339451 0.408565 0.045966 0.081019
0 0.390873 0.399306 0.023810 0.093585
0 0.420304 0.405258 0.032407 0.086310
0 0.463624 0.405423 0.037698 0.091270
0 0.515212 0.399967 0.027778 0.087632
0 0.558036 0.409061 0.036706 0.108466
0 0.593915 0.409226 0.031746 0.110780
0 0.659557 0.409722 0.031415 0.107143
0 0.695602 0.413856 0.034061 0.106151
0 0.962632 0.558862 0.025794 0.113095
0 0.866237 0.565146 0.024802 0.103836
0 0.569114 0.562665 0.027778 0.120701
0 0.601687 0.559689 0.030754 0.124008
0 0.634590 0.556878 0.024471 0.123677
0 0.665675 0.561508 0.027116 0.118386
0 0.697751 0.562831 0.026455 0.109127
0 0.729993 0.563823 0.023479 0.111111
0 0.760086 0.562996 0.021495 0.109458
0 0.796131 0.577712 0.036045 0.076058
0 0.831349 0.564319 0.026455 0.104167
0 0.530754 0.577546 0.037698 0.083003
0 0.479001 0.537368 0.053902 0.039021
0 0.139550 0.258433 0.046296 0.080357
0 0.189484 0.257771 0.035714 0.081680
0 0.260913 0.239583 0.037698 0.110119
0 0.223545 0.241898 0.032407 0.114749
0 0.146991 0.086144 0.053902 0.054563
0 0.215278 0.052579 0.075397 0.097884
0 0.285384 0.084491 0.050265 0.043981
0 0.334821 0.080192 0.049272 0.047950
0 0.394841 0.083003 0.053571 0.050926
0 0.471396 0.053241 0.081680 0.101852
0 0.566634 0.049934 0.087632 0.095238
0 0.660384 0.051422 0.090608 0.098214
0 0.802249 0.051091 0.043651 0.094907
0 0.742063 0.051587 0.054894 0.093254
0 0.935681 0.047619 0.127976 0.083333
0 0.988591 0.242560 0.012897 0.070437
0 0.961806 0.244874 0.019511 0.075066
0 0.926091 0.234458 0.046627 0.121693
0 0.477348 0.573909 0.055225 0.025463
0 0.869213 0.228671 0.047950 0.112103
0 0.780093 0.248016 0.037698 0.097884
0 0.735615 0.240906 0.032077 0.100198
0 0.701554 0.248843 0.031415 0.077712
0 0.666997 0.236111 0.034392 0.112434
0 0.628803 0.237599 0.041997 0.106151
0 0.507937 0.243552 0.032407 0.098876
0 0.542493 0.248843 0.033399 0.092262
0 0.584160 0.246032 0.045966 0.101190
0 0.443122 0.237599 0.027778 0.106151
0 0.474537 0.237599 0.028439 0.118056
0 0.374504 0.240079 0.024802 0.113095
0 0.412533 0.238426 0.036045 0.114418
0 0.337963 0.241402 0.031085 0.106481
0 0.298942 0.239914 0.034392 0.105489
0 0.815311 0.238591 0.036045 0.093585
0 0.090608 0.092427 0.049603 0.055225
0 0.482474 0.603836 0.053571 0.032407
0 0.376488 0.580192 0.026124 0.086310
0 0.976025 0.706680 0.047950 0.096561
0 0.343585 0.577712 0.032407 0.085979
0 0.141369 0.876488 0.064484 0.083664
0 0.229497 0.848545 0.046296 0.128968
0 0.285218 0.848380 0.040675 0.121362
0 0.340443 0.851687 0.045304 0.127976
0 0.403604 0.896495 0.061177 0.018519
0 0.403770 0.835317 0.049603 0.090608
0 0.469411 0.834987 0.053902 0.096561
0 0.536706 0.881779 0.058862 0.029431
0 0.535880 0.821098 0.052579 0.074074
0 0.604332 0.889716 0.067130 0.031415
0 0.610615 0.827050 0.063161 0.076058
0 0.922288 0.717262 0.050926 0.074735
0 0.738426 0.850694 0.056878 0.116071
0 0.873512 0.844742 0.063823 0.111442
0 0.983796 0.825728 0.032407 0.064153
0 0.933697 0.848380 0.051918 0.109458
0 0.734788 0.406581 0.028439 0.105489
0 0.773479 0.412368 0.031085 0.095899
0 0.809028 0.404431 0.035384 0.108466
0 0.848049 0.410714 0.026786 0.104497
0 0.879960 0.410549 0.031746 0.096892
0 0.911872 0.411210 0.032077 0.110119
0 0.950728 0.410549 0.026455 0.096892
0 0.985615 0.407242 0.028770 0.109458
0 0.894676 0.559854 0.029431 0.112434
0 0.930225 0.562169 0.021164 0.119709
0 0.805886 0.849537 0.064815 0.113757
0 0.865245 0.721892 0.053902 0.079365
0 0.070271 0.877149 0.071098 0.083003
0 0.761574 0.723380 0.050926 0.070437
0 0.421792 0.588459 0.038029 0.076389
0 0.310847 0.576389 0.027116 0.090608
0 0.275628 0.578042 0.035384 0.098545
0 0.161210 0.577216 0.024802 0.104167
0 0.184524 0.574239 0.025794 0.095569
0 0.032573 0.061839 0.060516 0.113757
0 0.212302 0.573082 0.026455 0.097884
0 0.124173 0.596396 0.051918 0.053902
0 0.073909 0.594577 0.047288 0.062169
0 0.022983 0.591601 0.043320 0.063492
0 0.809854 0.716435 0.051587 0.073082
0 0.033399 0.713459 0.018519 0.088955
0 0.059358 0.719081 0.027447 0.088294
0 0.086310 0.715278 0.023810 0.080688
0 0.011574 0.715774 0.023148 0.090939
0 0.165840 0.730159 0.036706 0.059524
0 0.702712 0.711475 0.052910 0.089616
0 0.125992 0.731151 0.041005 0.064153
0 0.592758 0.708333 0.051257 0.042328
0 0.542163 0.699405 0.041997 0.085317
0 0.493552 0.710813 0.049272 0.098214
0 0.644345 0.708499 0.048611 0.083664
0 0.357143 0.707011 0.039683 0.096561
0 0.319279 0.714286 0.024802 0.078704
0 0.284061 0.716931 0.031085 0.088624
0 0.250000 0.705357 0.037037 0.108466
0 0.406746 0.704530 0.041005 0.099537
0 0.177910 0.416336 0.027116 0.096561
