0 0.326797 0.574755 0.039216 0.070466
0 0.288399 0.578585 0.031046 0.077512
0 0.250000 0.580729 0.042484 0.073836
0 0.011029 0.590533 0.022059 0.072610
0 0.046977 0.594516 0.044935 0.075674
0 0.570261 0.463542 0.031046 0.072917
0 0.138276 0.577972 0.048611 0.067096
0 0.184641 0.577972 0.035131 0.073223
0 0.215278 0.573376 0.022876 0.060968
0 0.018382 0.708946 0.032680 0.083333
0 0.057190 0.705423 0.040850 0.077512
0 0.096814 0.703431 0.034314 0.079657
0 0.088440 0.593750 0.037990 0.078431
0 0.368464 0.572917 0.041667 0.075368
0 0.498570 0.464461 0.030637 0.074142
0 0.442198 0.571538 0.045343 0.072610
0 0.479167 0.567402 0.028595 0.069853
0 0.535335 0.464154 0.034722 0.072304
0 0.082721 0.177696 0.042892 0.143382
0 0.158701 0.474724 0.036356 0.084252
0 0.199755 0.474265 0.032680 0.085172
0 0.237337 0.471507 0.038399 0.083946
0 0.511029 0.569087 0.030229 0.070772
0 0.281046 0.470588 0.035948 0.086397
0 0.321487 0.468137 0.035131 0.083333
0 0.360294 0.470741 0.040033 0.076900
0 0.151348 0.710018 0.066585 0.059130
0 0.401757 0.468750 0.029003 0.075368
0 0.431577 0.466605 0.027369 0.075980
0 0.405433 0.570312 0.024918 0.070159
0 0.464869 0.465074 0.028595 0.074142
0 0.990400 0.636489 0.019199 0.056066
0 0.275940 0.671262 0.050245 0.055147
0 0.029616 0.824142 0.059232 0.110294
0 0.112541 0.805760 0.078023 0.085784
0 0.199142 0.793199 0.072304 0.077206
0 0.280637 0.786918 0.071895 0.065257
0 0.893995 0.737592 0.030637 0.023591
0 0.923815 0.765472 0.041258 0.031556
0 0.975082 0.745864 0.049837 0.072610
0 0.877451 0.707261 0.054739 0.019914
0 0.842933 0.754136 0.051062 0.067708
0 0.786356 0.749540 0.039216 0.052390
0 0.135008 0.176624 0.057598 0.142463
0 0.736520 0.759651 0.049837 0.063419
0 0.665441 0.739737 0.087418 0.045037
0 0.588031 0.766544 0.042892 0.075368
0 0.493668 0.773284 0.041258 0.083333
0 0.428922 0.784161 0.079248 0.084865
0 0.354371 0.793964 0.055964 0.097120
0 0.327819 0.684436 0.031454 0.077819
0 0.378064 0.676777 0.059232 0.075368
0 0.433007 0.676624 0.046569 0.075061
0 0.491422 0.672335 0.061275 0.072610
0 0.544935 0.670650 0.041667 0.071691
0 0.593137 0.657322 0.049020 0.064032
0 0.213848 0.674173 0.032271 0.049326
0 0.647467 0.660999 0.043301 0.075674
0 0.693627 0.649969 0.041667 0.036458
0 0.758783 0.668045 0.041258 0.043199
0 0.799837 0.643229 0.034314 0.056066
0 0.852124 0.641238 0.044935 0.063113
0 0.904208 0.636795 0.051062 0.053615
0 0.958742 0.638634 0.033497 0.059130
0 0.707108 0.681832 0.052288 0.024816
0 0.541871 0.564338 0.025735 0.066789
0 0.676062 0.354320 0.031046 0.084865
0 0.598243 0.558977 0.026552 0.065257
0 0.751430 0.349571 0.038807 0.074755
0 0.885825 0.355699 0.079657 0.070466
0 0.964869 0.339920 0.041667 0.066483
0 0.978145 0.201287 0.043709 0.109069
0 0.911560 0.199908 0.057598 0.109375
0 0.864379 0.197151 0.028595 0.095282
0 0.833946 0.195466 0.024918 0.097426
0 0.801062 0.195772 0.032680 0.094975
0 0.767974 0.194240 0.022876 0.101103
0 0.736520 0.190257 0.037582 0.099877
0 0.698121 0.455882 0.030229 0.075980
0 0.735498 0.456342 0.035539 0.075061
0 0.769608 0.456342 0.026144 0.068934
0 0.692198 0.190564 0.030637 0.102941
0 0.786356 0.347886 0.026961 0.075061
0 0.800041 0.455270 0.030637 0.072917
0 0.584967 0.188879 0.040850 0.102635
0 0.545752 0.180913 0.035131 0.130821
0 0.502042 0.179075 0.041667 0.135110
0 0.840482 0.451287 0.033905 0.072917
0 0.973652 0.448223 0.018382 0.069853
0 0.094158 0.857996 0.061683 0.015012
0 0.949755 0.450061 0.023693 0.068015
0 0.917279 0.451593 0.032271 0.069240
0 0.184232 0.178156 0.038399 0.139400
0 0.229779 0.179994 0.043709 0.140012
0 0.281863 0.207874 0.049837 0.083027
0 0.275327 0.136642 0.040850 0.056985
0 0.329861 0.184896 0.043709 0.131434
0 0.370915 0.187806 0.036765 0.123162
0 0.623979 0.190104 0.033088 0.105086
0 0.821283 0.347273 0.036356 0.073223
0 0.645833 0.355545 0.023693 0.087316
0 0.713031 0.353860 0.035539 0.084559
0 0.627655 0.559589 0.033088 0.064032
0 0.662173 0.561887 0.029412 0.071691
0 0.694240 0.560968 0.034722 0.072917
0 0.726103 0.559130 0.028186 0.068015
0 0.754493 0.558058 0.028595 0.070159
0 0.784109 0.555147 0.025735 0.066789
0 0.814338 0.554534 0.030637 0.069240
0 0.842525 0.551777 0.027369 0.063725
0 0.873570 0.549632 0.034722 0.063113
0 0.918505 0.558824 0.051062 0.035539
0 0.969975 0.555300 0.047794 0.039522
0 0.121119 0.475950 0.033905 0.084865
0 0.050245 0.460478 0.075980 0.109681
0 0.359477 0.349571 0.026144 0.096201
0 0.328227 0.352022 0.028186 0.092525
0 0.300245 0.352175 0.025327 0.097120
0 0.265727 0.350950 0.033905 0.096507
0 0.534518 0.357077 0.041258 0.084252
0 0.572917 0.354933 0.036356 0.083027
0 0.612745 0.355699 0.035131 0.087010
0 0.878676 0.451287 0.036765 0.073529
0 0.454861 0.178156 0.041258 0.133272
0 0.398693 0.352328 0.039216 0.099877
0 0.569444 0.564032 0.026961 0.069853
0 0.432394 0.353248 0.024918 0.098039
0 0.497958 0.351103 0.025327 0.096814
0 0.097631 0.352328 0.027778 0.102941
0 0.131127 0.354320 0.038399 0.100184
0 0.165237 0.353248 0.029003 0.101103
0 0.199346 0.353401 0.035948 0.098346
0 0.233864 0.350337 0.027369 0.097733
0 0.463644 0.351409 0.030229 0.098652
0 0.408701 0.188572 0.034722 0.120404
0 0.659926 0.190411 0.031454 0.099571
0 0.648489 0.462010 0.041258 0.066789
0 0.606005 0.461397 0.029820 0.072917
