0 0.959635 0.728320 0.080729 0.135547
0 0.593490 0.606641 0.041146 0.104688
0 0.669010 0.636133 0.036979 0.098047
0 0.908073 0.833398 0.079687 0.055078
0 0.860156 0.711914 0.097396 0.118359
0 0.753646 0.650781 0.052083 0.111719
0 0.317188 0.479102 0.059375 0.089453
0 0.757552 0.799414 0.067187 0.048047
0 0.693490 0.758203 0.063021 0.106250
0 0.618490 0.736133 0.079687 0.097266
0 0.545052 0.720117 0.068229 0.091797
0 0.485677 0.706836 0.047396 0.097266
0 0.528385 0.607031 0.070312 0.103906
0 0.429167 0.696289 0.051042 0.105078
0 0.831510 0.820898 0.074479 0.076953
0 0.411458 0.591602 0.032292 0.066797
0 0.454427 0.497070 0.056771 0.091797
0 0.256771 0.575586 0.061458 0.069141
0 0.022396 0.645117 0.016667 0.045703
0 0.247135 0.479687 0.066146 0.092969
0 0.388021 0.497852 0.063542 0.078516
0 0.540104 0.500781 0.072917 0.089844
0 0.618490 0.474805 0.042188 0.053516
0 0.682031 0.534375 0.079687 0.102344
0 0.353385 0.591602 0.058854 0.088672
0 0.765885 0.532422 0.064062 0.104688
0 0.961719 0.581055 0.076563 0.129297
0 0.012760 0.557617 0.025521 0.048047
0 0.041146 0.560937 0.025000 0.049219
0 0.071875 0.566016 0.037500 0.052344
0 0.138281 0.576367 0.035937 0.055078
0 0.196875 0.573242 0.055208 0.073047
0 0.858854 0.581641 0.094792 0.135937
0 0.043490 0.647656 0.021354 0.043750
0 0.694792 0.940820 0.068750 0.037891
0 0.109115 0.661133 0.026562 0.038672
0 0.298438 0.837500 0.030208 0.057031
0 0.332813 0.834766 0.029167 0.079687
0 0.366927 0.840234 0.028646 0.084375
0 0.400260 0.849805 0.029687 0.081641
0 0.430990 0.854297 0.026562 0.082031
0 0.501042 0.881836 0.031250 0.066016
0 0.269792 0.828711 0.021875 0.055078
0 0.555729 0.880273 0.055208 0.032422
0 0.620052 0.923633 0.070312 0.037109
0 0.769792 0.918359 0.060417 0.031250
0 0.837500 0.933203 0.064583 0.028125
0 0.836458 0.968945 0.064583 0.029297
0 0.187760 0.475195 0.041146 0.091016
0 0.769792 0.958008 0.066667 0.029297
0 0.553125 0.912305 0.054167 0.029297
0 0.238542 0.817187 0.028125 0.065625
0 0.207813 0.808984 0.028125 0.064062
0 0.181771 0.808789 0.025000 0.058203
0 0.111719 0.628320 0.025521 0.021484
0 0.145833 0.660742 0.034375 0.064453
0 0.202344 0.665820 0.061979 0.079297
0 0.258854 0.675977 0.048958 0.078516
0 0.310677 0.684961 0.044271 0.087891
0 0.365104 0.691016 0.058333 0.092188
0 0.019271 0.763281 0.030208 0.064844
0 0.050781 0.767578 0.028646 0.070312
0 0.077604 0.782617 0.020833 0.048047
0 0.105729 0.747070 0.019792 0.023047
0 0.101302 0.788281 0.023438 0.053906
0 0.131510 0.763086 0.022396 0.012109
0 0.128385 0.796289 0.028646 0.051172
0 0.172656 0.758594 0.027604 0.021875
0 0.156250 0.801953 0.022917 0.053125
0 0.073698 0.651172 0.032813 0.060937
0 0.129688 0.475000 0.031250 0.067969
0 0.021875 0.104297 0.035417 0.028125
0 0.063281 0.467578 0.032813 0.061719
0 0.630729 0.120703 0.066667 0.027344
0 0.628906 0.152344 0.071354 0.032813
0 0.586198 0.085352 0.145313 0.039453
0 0.700000 0.077344 0.054167 0.057031
0 0.694531 0.137109 0.047396 0.057031
0 0.750000 0.136914 0.047917 0.056641
0 0.561458 0.126758 0.063542 0.027734
0 0.751823 0.073438 0.045312 0.064062
0 0.864844 0.128516 0.057813 0.070312
0 0.925781 0.136719 0.049479 0.050000
0 0.927604 0.091016 0.053125 0.038281
0 0.935677 0.060547 0.048438 0.020313
0 0.935677 0.037305 0.065104 0.026172
0 0.036719 0.260352 0.041146 0.065234
0 0.804948 0.133398 0.048438 0.062109
0 0.083333 0.264453 0.047917 0.060937
0 0.557552 0.157031 0.058854 0.028125
0 0.426823 0.150000 0.058854 0.052344
0 0.902344 0.983594 0.064062 0.032813
0 0.010677 0.154688 0.021354 0.064844
0 0.044271 0.153320 0.039583 0.063672
0 0.088021 0.153125 0.045833 0.064844
0 0.133854 0.173047 0.043750 0.024219
0 0.136719 0.147461 0.048438 0.023047
0 0.491667 0.150781 0.057292 0.041406
0 0.142448 0.122461 0.056771 0.023828
0 0.184635 0.161328 0.047396 0.044531
0 0.234896 0.170703 0.050000 0.025781
0 0.236458 0.144922 0.048958 0.021875
0 0.247656 0.116992 0.054688 0.026172
0 0.295312 0.158008 0.060417 0.049609
0 0.360417 0.154688 0.068750 0.057813
0 0.083854 0.108398 0.056250 0.020703
0 0.138542 0.220312 0.023958 0.025000
0 0.168490 0.221875 0.034896 0.024219
0 0.144531 0.260742 0.020313 0.050391
0 0.932552 0.247070 0.055729 0.031641
0 0.028646 0.369531 0.040625 0.044531
0 0.072656 0.372461 0.043229 0.041016
0 0.118229 0.375391 0.044792 0.047656
0 0.189323 0.381641 0.065104 0.081250
0 0.302865 0.383008 0.058854 0.087109
0 0.933854 0.277734 0.053125 0.025781
0 0.378646 0.396289 0.052083 0.103516
0 0.530469 0.390430 0.061979 0.099609
0 0.608854 0.394922 0.059375 0.092969
0 0.710156 0.415820 0.070312 0.082422
0 0.790625 0.398438 0.060417 0.096875
0 0.900260 0.438477 0.108854 0.133984
0 0.029167 0.465234 0.030208 0.061719
0 0.439844 0.394531 0.055729 0.079687
0 0.871615 0.249414 0.058854 0.080078
0 0.815365 0.275977 0.053646 0.026172
0 0.813542 0.247852 0.048958 0.027734
0 0.169271 0.260352 0.029167 0.051172
0 0.202604 0.255859 0.030208 0.056250
0 0.233073 0.262695 0.025521 0.043359
0 0.262240 0.260742 0.026562 0.050391
0 0.296875 0.261719 0.035417 0.051562
0 0.338542 0.261523 0.040625 0.051953
0 0.381510 0.264844 0.041146 0.042188
0 0.422396 0.253516 0.037500 0.066406
0 0.467448 0.254102 0.050521 0.066797
0 0.518490 0.253320 0.046354 0.069141
0 0.559896 0.253711 0.035417 0.064453
0 0.610938 0.250000 0.052083 0.071875
0 0.665365 0.259961 0.046354 0.051953
0 0.709635 0.256641 0.036979 0.051562
0 0.761719 0.255078 0.055729 0.061719
0 0.095573 0.471484 0.031771 0.067969
0 0.911458 0.945312 0.069792 0.021875
0 0.467187 0.869336 0.029167 0.075391
