0 0.261642 0.216605 0.030637 0.089461
0 0.389297 0.215839 0.044935 0.092218
0 0.343137 0.214308 0.044118 0.089767
0 0.231209 0.216146 0.027778 0.090380
0 0.298407 0.214461 0.042892 0.089461
0 0.263685 0.899969 0.053513 0.094056
0 0.209150 0.896446 0.044935 0.098039
0 0.159314 0.894148 0.046569 0.094669
0 0.111315 0.895680 0.045343 0.091605
0 0.057394 0.894914 0.041258 0.093137
0 0.020629 0.894608 0.032271 0.094363
0 0.438930 0.772365 0.051879 0.088235
0 0.205678 0.216146 0.023284 0.088542
0 0.168301 0.211244 0.040033 0.098958
0 0.266748 0.103094 0.026144 0.080576
0 0.073734 0.212010 0.049428 0.098039
0 0.960580 0.556679 0.078840 0.101716
0 0.523693 0.665594 0.104575 0.094669
0 0.627042 0.667739 0.104575 0.090993
0 0.736111 0.666207 0.101307 0.095895
0 0.855188 0.668352 0.136846 0.091605
0 0.962214 0.669271 0.075572 0.095282
0 0.553309 0.776348 0.122958 0.096201
0 0.683007 0.776348 0.129085 0.091299
0 0.811683 0.779871 0.127451 0.098346
0 0.938725 0.782629 0.116013 0.092218
0 0.548611 0.896752 0.129085 0.118873
0 0.690972 0.898131 0.136029 0.121630
0 0.829453 0.899510 0.125408 0.117647
0 0.947712 0.899816 0.102124 0.117647
0 0.010417 0.100643 0.020833 0.090993
0 0.040033 0.101409 0.037582 0.090686
0 0.082721 0.099877 0.042892 0.091912
0 0.128472 0.098499 0.048611 0.094056
0 0.176266 0.098192 0.046977 0.093444
0 0.211601 0.102482 0.022876 0.084252
0 0.860907 0.553615 0.113971 0.098652
0 0.237745 0.102941 0.031863 0.084559
0 0.385825 0.774357 0.052696 0.085478
0 0.318015 0.098499 0.048611 0.089154
0 0.363562 0.096814 0.042484 0.093137
0 0.412173 0.095895 0.047386 0.090686
0 0.456291 0.085784 0.040850 0.072917
0 0.007761 0.216452 0.015523 0.093444
0 0.032271 0.213235 0.031046 0.098652
0 0.122549 0.212163 0.046569 0.098346
0 0.331087 0.772212 0.050245 0.088542
0 0.323121 0.664675 0.053105 0.090993
0 0.217525 0.774050 0.046977 0.094056
0 0.276552 0.559436 0.054739 0.084559
0 0.215482 0.555147 0.048611 0.089461
0 0.164828 0.555760 0.045343 0.092525
0 0.115605 0.556985 0.050654 0.091299
0 0.066789 0.554381 0.040441 0.092218
0 0.026961 0.555453 0.035948 0.090074
0 0.432190 0.448683 0.048203 0.089154
0 0.388072 0.448683 0.039216 0.087929
0 0.344975 0.447763 0.044526 0.086091
0 0.299224 0.448989 0.042075 0.083640
0 0.235498 0.450827 0.027369 0.084865
0 0.209355 0.450980 0.024101 0.084559
0 0.170752 0.445006 0.048203 0.096507
0 0.330678 0.556219 0.049428 0.091605
0 0.121119 0.445619 0.049428 0.097120
0 0.020016 0.448836 0.040033 0.092525
0 0.441176 0.333180 0.050654 0.090380
0 0.393587 0.332567 0.043709 0.089154
0 0.346201 0.333793 0.046977 0.087316
0 0.302288 0.334712 0.041667 0.087316
0 0.264297 0.335478 0.033497 0.086397
0 0.232230 0.334712 0.029820 0.084865
0 0.204248 0.335172 0.026144 0.085784
0 0.167075 0.329504 0.043301 0.100184
0 0.116830 0.330116 0.053105 0.098346
0 0.068219 0.329044 0.044935 0.096201
0 0.021242 0.330576 0.042484 0.094363
0 0.434232 0.215533 0.042484 0.091605
0 0.070466 0.447457 0.051879 0.094669
0 0.388072 0.561275 0.051471 0.085784
0 0.443219 0.555453 0.051471 0.095588
0 0.268791 0.668964 0.051471 0.084252
0 0.168709 0.772518 0.049837 0.090380
0 0.119485 0.773591 0.049428 0.090686
0 0.071283 0.770527 0.033088 0.087010
0 0.037990 0.769608 0.033497 0.087010
0 0.010212 0.772059 0.020425 0.085172
0 0.430964 0.665901 0.060458 0.088542
0 0.374387 0.668811 0.048611 0.082108
0 0.770016 0.189491 0.125817 0.128370
0 0.897467 0.185509 0.120915 0.132047
0 0.980188 0.196385 0.039624 0.107230
0 0.531250 0.325061 0.106618 0.104167
0 0.638276 0.324142 0.102533 0.106005
0 0.743056 0.324142 0.106209 0.107230
0 0.863358 0.321078 0.127859 0.112132
0 0.960989 0.337776 0.067402 0.015012
0 0.957721 0.350797 0.060866 0.012868
0 0.965278 0.366115 0.069444 0.015319
0 0.530842 0.442249 0.105801 0.102022
0 0.633578 0.442555 0.099673 0.100797
0 0.735294 0.441483 0.102941 0.102941
0 0.854371 0.439338 0.125408 0.100490
0 0.960172 0.438879 0.078023 0.100184
0 0.525531 0.553768 0.104984 0.098346
0 0.634600 0.555300 0.104167 0.093444
0 0.033088 0.664062 0.032680 0.087316
0 0.071078 0.663450 0.040850 0.088542
0 0.123366 0.666667 0.044935 0.090074
0 0.170139 0.666513 0.044526 0.090380
0 0.215891 0.665594 0.046160 0.090380
0 0.280025 0.772365 0.052696 0.085784
0 0.262868 0.450368 0.027369 0.085784
0 0.746936 0.556219 0.107435 0.095895
0 0.521855 0.190564 0.125408 0.132966
0 0.949551 0.061734 0.100899 0.116728
0 0.568423 0.060815 0.146650 0.112439
0 0.711601 0.064185 0.127451 0.109375
0 0.646446 0.190870 0.112337 0.132966
0 0.839257 0.057598 0.117239 0.110294
0 0.317402 0.902574 0.050654 0.082721
0 0.429943 0.905484 0.061683 0.081801
0 0.370915 0.903339 0.053922 0.081801
