0 0.202344 0.812695 0.053646 0.077734
0 0.421615 0.809375 0.052604 0.078125
0 0.363802 0.810156 0.054688 0.072656
0 0.311979 0.813477 0.044792 0.076172
0 0.257552 0.813281 0.050521 0.078906
0 0.140625 0.814453 0.048958 0.075000
0 0.086719 0.813086 0.047396 0.076953
0 0.031510 0.812891 0.058854 0.081250
0 0.836979 0.667969 0.059375 0.074219
0 0.779427 0.672070 0.046354 0.069141
0 0.722656 0.670117 0.058854 0.066797
0 0.666146 0.666016 0.043750 0.071875
0 0.610156 0.666797 0.057813 0.073438
0 0.555990 0.667578 0.040104 0.071875
0 0.500000 0.667773 0.045833 0.074609
0 0.446094 0.670898 0.052604 0.069922
0 0.389062 0.671094 0.052083 0.067969
0 0.331510 0.671289 0.055729 0.067578
0 0.479687 0.809766 0.045833 0.081250
0 0.540365 0.810937 0.060937 0.078125
0 0.598177 0.809766 0.054688 0.075000
0 0.654427 0.806836 0.048438 0.077734
0 0.044531 0.885938 0.053646 0.065625
0 0.103646 0.885352 0.054167 0.064453
0 0.156771 0.885352 0.044792 0.064453
0 0.214844 0.886914 0.059896 0.064453
0 0.269271 0.885938 0.048958 0.065625
0 0.320312 0.884180 0.052083 0.060547
0 0.379948 0.883398 0.043229 0.060547
0 0.430990 0.882227 0.051562 0.058203
0 0.278125 0.673047 0.042708 0.069531
0 0.481510 0.880273 0.040104 0.060547
0 0.600781 0.885156 0.050521 0.070312
0 0.653646 0.882617 0.046875 0.066797
0 0.706250 0.882422 0.055208 0.064844
0 0.761719 0.884766 0.050521 0.062500
0 0.818750 0.883398 0.054167 0.063672
0 0.823698 0.808008 0.056771 0.077734
0 0.767448 0.808398 0.054688 0.077734
0 0.098437 0.242188 0.056250 0.089844
0 0.543490 0.884570 0.058854 0.069141
0 0.226042 0.671875 0.056250 0.071875
0 0.165885 0.670312 0.050521 0.068750
0 0.109896 0.671484 0.048958 0.072656
0 0.571615 0.460938 0.058854 0.084375
0 0.513542 0.460547 0.056250 0.082812
0 0.453906 0.461719 0.055729 0.082812
0 0.391927 0.463867 0.053646 0.083984
0 0.754427 0.366406 0.060937 0.093750
0 0.691146 0.369531 0.057292 0.089844
0 0.630990 0.372266 0.054688 0.089844
0 0.571094 0.373242 0.057813 0.085547
0 0.629167 0.457227 0.051042 0.079297
0 0.511719 0.373437 0.056771 0.089063
0 0.389844 0.376367 0.057813 0.086328
0 0.328906 0.378125 0.054688 0.087500
0 0.266667 0.379102 0.064583 0.091797
0 0.202604 0.381055 0.058333 0.087891
0 0.142969 0.379102 0.061979 0.091797
0 0.080469 0.378906 0.050521 0.089063
0 0.034896 0.246875 0.060417 0.093750
0 0.026562 0.381055 0.048958 0.086328
0 0.450521 0.373437 0.057292 0.088281
0 0.917188 0.874609 0.093750 0.094531
0 0.687760 0.455273 0.058854 0.076953
0 0.815365 0.455664 0.060937 0.079297
0 0.057031 0.673633 0.052604 0.069141
0 0.842708 0.589258 0.070833 0.077734
0 0.780469 0.595703 0.048438 0.080469
0 0.723698 0.592969 0.056771 0.085156
0 0.663802 0.591797 0.055729 0.079687
0 0.609896 0.590430 0.050000 0.083203
0 0.554688 0.590234 0.057292 0.079687
0 0.494010 0.591211 0.054688 0.078516
0 0.750781 0.456641 0.053646 0.081250
0 0.440885 0.592969 0.049479 0.080469
0 0.326823 0.594922 0.054688 0.078906
0 0.265104 0.595508 0.057292 0.077734
0 0.211719 0.595898 0.048438 0.076953
0 0.157552 0.594141 0.053646 0.078125
0 0.101562 0.598047 0.047917 0.078906
0 0.048177 0.598242 0.055729 0.080078
0 0.965104 0.448242 0.063542 0.100391
0 0.878646 0.455664 0.061458 0.082422
0 0.384115 0.593359 0.050521 0.079687
0 0.952604 0.212305 0.094792 0.130859
0 0.709896 0.809180 0.050000 0.083203
0 0.795833 0.231445 0.059375 0.096484
0 0.353906 0.240625 0.058854 0.092969
0 0.863021 0.230859 0.063542 0.094531
0 0.867969 0.129297 0.072396 0.096094
0 0.413281 0.241211 0.061979 0.092578
0 0.475000 0.237891 0.053125 0.090625
0 0.537500 0.236914 0.062500 0.094922
0 0.800000 0.132422 0.058333 0.087500
0 0.404427 0.142578 0.063021 0.098437
0 0.341406 0.142773 0.058854 0.096484
0 0.733333 0.135742 0.067708 0.092578
0 0.279427 0.144336 0.060937 0.095703
0 0.212760 0.144531 0.063021 0.096094
0 0.291406 0.241016 0.065104 0.092969
0 0.150781 0.145703 0.060937 0.095312
0 0.027865 0.147852 0.051562 0.099609
0 0.666146 0.134570 0.060417 0.094922
0 0.600521 0.135547 0.067708 0.096094
0 0.534635 0.138281 0.061979 0.092969
0 0.331510 0.464844 0.051562 0.082812
0 0.273698 0.465039 0.057813 0.080078
0 0.214844 0.466797 0.058854 0.075781
0 0.153385 0.465430 0.053646 0.077734
0 0.097135 0.468164 0.051562 0.081641
0 0.036458 0.467578 0.056250 0.085156
0 0.471094 0.141602 0.060937 0.098828
0 0.822396 0.366602 0.066667 0.092578
0 0.085417 0.145898 0.060417 0.099609
0 0.885938 0.364258 0.055208 0.092578
0 0.965625 0.337891 0.063542 0.110156
0 0.673698 0.234180 0.051562 0.094141
0 0.609635 0.234375 0.065104 0.095312
0 0.227083 0.242578 0.055208 0.093750
0 0.164844 0.243164 0.070312 0.091797
0 0.733854 0.232813 0.057292 0.098437
