0 0.911356 0.385263 0.027778 0.064032
0 0.833129 0.266238 0.157271 0.088848
0 0.525735 0.251072 0.033497 0.094056
0 0.643995 0.252757 0.154820 0.098652
0 0.952002 0.370711 0.045343 0.096201
0 0.879902 0.374694 0.030229 0.088235
0 0.988562 0.373775 0.022876 0.093137
0 0.024101 0.744026 0.047386 0.052390
0 0.934232 0.473192 0.033497 0.084252
0 0.806168 0.473039 0.038807 0.090074
0 0.925858 0.276195 0.024101 0.077512
0 0.894404 0.475490 0.043709 0.085784
0 0.848856 0.474265 0.046569 0.083333
0 0.937908 0.649203 0.035131 0.055147
0 0.981209 0.653799 0.037582 0.060049
0 0.024510 0.703738 0.049020 0.023897
0 0.972631 0.474877 0.040850 0.087623
0 0.951593 0.276501 0.025735 0.076900
0 0.758783 0.368260 0.032271 0.092525
0 0.841912 0.373009 0.040850 0.083027
0 0.895833 0.652880 0.048203 0.061887
0 0.061683 0.344975 0.123366 0.087623
0 0.150123 0.346967 0.050245 0.092218
0 0.205678 0.347273 0.057598 0.091605
0 0.287582 0.351409 0.053105 0.089461
0 0.337827 0.354933 0.047386 0.083640
0 0.388685 0.356311 0.033905 0.088848
0 0.430964 0.358609 0.043301 0.093444
0 0.470997 0.359528 0.036765 0.088542
0 0.984273 0.278339 0.031454 0.082414
0 0.517361 0.361366 0.042075 0.084865
0 0.792279 0.648591 0.046160 0.060662
0 0.741830 0.649510 0.045752 0.058824
0 0.674020 0.648284 0.092320 0.061275
0 0.764706 0.470282 0.044118 0.090686
0 0.585989 0.364124 0.042892 0.089767
0 0.630719 0.364583 0.043301 0.093750
0 0.676471 0.365196 0.041667 0.092525
0 0.721609 0.367188 0.041258 0.094669
0 0.800041 0.371783 0.038807 0.085478
0 0.843137 0.652267 0.046569 0.059436
0 0.076185 0.733915 0.056781 0.068934
0 0.677083 0.469975 0.045343 0.090074
0 0.132353 0.733915 0.057190 0.067096
0 0.141340 0.829657 0.035131 0.013480
0 0.172386 0.844975 0.034314 0.013480
0 0.175654 0.829044 0.031863 0.011642
0 0.209150 0.867341 0.050654 0.023897
0 0.207108 0.887868 0.046569 0.019608
0 0.258170 0.888787 0.050654 0.020833
0 0.259804 0.866728 0.051471 0.018995
0 0.217116 0.831955 0.046977 0.015012
0 0.263889 0.832261 0.043301 0.014400
0 0.267565 0.817249 0.044118 0.013787
0 0.222835 0.817096 0.039624 0.011029
0 0.134804 0.843750 0.040033 0.013480
0 0.228962 0.801930 0.043709 0.016850
0 0.364379 0.874081 0.045752 0.041054
0 0.413399 0.874540 0.049837 0.040135
0 0.466299 0.813879 0.042075 0.026654
0 0.467933 0.853094 0.046977 0.034007
0 0.467116 0.881893 0.048611 0.022365
0 0.510008 0.798866 0.044526 0.019914
0 0.512255 0.831955 0.048203 0.033395
0 0.512663 0.859681 0.043301 0.020833
0 0.512868 0.881740 0.042892 0.022672
0 0.557598 0.809283 0.042484 0.032782
0 0.602328 0.808977 0.042892 0.033395
0 0.273489 0.801930 0.048611 0.013787
0 0.106413 0.828738 0.032271 0.015319
0 0.095384 0.844975 0.034722 0.019608
0 0.072304 0.825674 0.031863 0.014093
0 0.299020 0.732537 0.058824 0.066789
0 0.354371 0.730852 0.053513 0.067096
0 0.406454 0.723039 0.047386 0.055147
0 0.458946 0.729167 0.052696 0.067402
0 0.514093 0.728554 0.056781 0.068627
0 0.656250 0.730699 0.045343 0.061275
0 0.702206 0.730392 0.047386 0.061887
0 0.750613 0.729167 0.044526 0.061275
0 0.796364 0.730392 0.046160 0.061887
0 0.843954 0.731771 0.044935 0.062194
0 0.889502 0.729167 0.043709 0.061275
0 0.944036 0.730852 0.053105 0.067096
0 0.986111 0.732384 0.026961 0.060968
0 0.115400 0.803002 0.042075 0.036152
0 0.183007 0.801011 0.037582 0.034007
0 0.152574 0.795803 0.024918 0.029105
0 0.013276 0.877145 0.026552 0.034926
0 0.043301 0.880362 0.034314 0.034620
0 0.080270 0.884344 0.039624 0.037071
0 0.123366 0.882506 0.042484 0.033395
0 0.164624 0.881893 0.041667 0.031556
0 0.024510 0.840074 0.041667 0.017157
0 0.034314 0.825674 0.040033 0.012255
0 0.041667 0.813419 0.038399 0.012255
0 0.062500 0.840074 0.031046 0.013480
0 0.563930 0.860447 0.046160 0.034620
0 0.611928 0.860447 0.048203 0.031556
0 0.563317 0.889246 0.047386 0.022978
0 0.610907 0.888021 0.046160 0.022978
0 0.636846 0.560968 0.039216 0.076593
0 0.599877 0.562500 0.035539 0.076593
0 0.561275 0.562806 0.039216 0.079044
0 0.518791 0.564338 0.047386 0.079044
0 0.310049 0.562347 0.040850 0.079963
0 0.262255 0.557751 0.040033 0.083027
0 0.216503 0.557138 0.052288 0.084252
0 0.165441 0.558364 0.056373 0.084865
0 0.117034 0.558670 0.038807 0.081189
0 0.073121 0.559589 0.049837 0.079350
0 0.024714 0.564798 0.045343 0.065870
0 0.011234 0.447304 0.022467 0.098652
0 0.044935 0.449755 0.040850 0.094363
0 0.107026 0.451746 0.042484 0.092831
0 0.151348 0.453431 0.046160 0.093137
0 0.201389 0.455882 0.043301 0.091912
0 0.248979 0.464767 0.045343 0.082721
0 0.287582 0.460325 0.044935 0.088542
0 0.349469 0.460478 0.074755 0.125613
0 0.415441 0.462623 0.052288 0.087623
0 0.464052 0.463235 0.043301 0.088848
0 0.508374 0.463848 0.050245 0.090074
0 0.556373 0.466912 0.044118 0.087010
0 0.599469 0.463388 0.033088 0.094669
0 0.635008 0.465380 0.038807 0.090074
0 0.671773 0.560202 0.030637 0.078125
0 0.721814 0.471661 0.040850 0.087316
0 0.716503 0.565870 0.043301 0.079044
0 0.799837 0.566483 0.042484 0.083333
0 0.654616 0.800398 0.053513 0.038297
0 0.704453 0.799326 0.042892 0.039216
0 0.758578 0.815717 0.056373 0.038297
0 0.758170 0.785999 0.052288 0.018689
0 0.660131 0.848499 0.047386 0.024203
0 0.711806 0.848805 0.045343 0.024816
0 0.762459 0.850337 0.044526 0.027267
0 0.658292 0.878370 0.045343 0.032475
0 0.707312 0.878064 0.049428 0.030025
0 0.756740 0.878676 0.047794 0.025735
0 0.808415 0.861979 0.040850 0.022365
0 0.840891 0.830423 0.046977 0.018076
0 0.582312 0.649816 0.087010 0.058211
0 0.493464 0.650123 0.089869 0.058824
0 0.416667 0.650123 0.063725 0.057598
0 0.353554 0.634804 0.050245 0.034314
0 0.228758 0.647672 0.068627 0.062500
0 0.161356 0.648284 0.068627 0.055147
0 0.093342 0.650429 0.069853 0.063113
0 0.030025 0.649510 0.056781 0.063725
0 0.957108 0.593750 0.085784 0.028186
0 0.959559 0.560049 0.080065 0.037377
0 0.494485 0.250613 0.029003 0.091299
0 0.879902 0.566636 0.038399 0.083640
0 0.841708 0.566330 0.037173 0.081189
0 0.755719 0.564338 0.034314 0.079044
0 0.458946 0.252145 0.040441 0.088848
0 0.187908 0.733762 0.052288 0.064338
0 0.347222 0.241268 0.043301 0.093444
0 0.583742 0.126379 0.039216 0.105086
0 0.410948 0.248621 0.042484 0.086703
0 0.493873 0.121324 0.040033 0.102941
0 0.449755 0.117953 0.046569 0.106618
0 0.406046 0.115502 0.040033 0.105392
0 0.352737 0.144761 0.064951 0.043811
0 0.350694 0.099112 0.069036 0.049326
0 0.285539 0.104320 0.057190 0.103248
0 0.235294 0.105852 0.038399 0.096507
0 0.190359 0.097580 0.050654 0.109375
0 0.913603 0.785692 0.044526 0.015625
0 0.135825 0.094669 0.058415 0.110294
0 0.082108 0.093903 0.052288 0.108762
0 0.030637 0.090227 0.053105 0.109988
0 0.242034 0.733303 0.055147 0.065257
0 0.823325 0.812653 0.044526 0.016850
0 0.812908 0.797181 0.044118 0.013480
0 0.801879 0.835018 0.030229 0.018689
0 0.804739 0.881893 0.040033 0.017463
0 0.849469 0.882506 0.042075 0.018076
0 0.870098 0.785846 0.031863 0.015319
0 0.627655 0.129289 0.045343 0.105392
0 0.670547 0.131127 0.041258 0.104779
0 0.539216 0.124234 0.046569 0.103248
0 0.889910 0.804994 0.038807 0.016850
0 0.311683 0.242647 0.029412 0.089461
0 0.282067 0.241268 0.032271 0.087929
0 0.249592 0.239124 0.032680 0.089767
0 0.158088 0.245404 0.026961 0.065564
0 0.197712 0.234069 0.044935 0.103554
0 0.098243 0.233915 0.047794 0.088542
0 0.037173 0.228094 0.040033 0.090993
0 0.715891 0.142616 0.044526 0.087929
0 0.923815 0.154871 0.036356 0.081801
0 0.879493 0.142770 0.050654 0.101103
0 0.976307 0.159620 0.040033 0.077819
0 0.798203 0.141085 0.048203 0.094056
0 0.936275 0.804228 0.044118 0.018382
0 0.911765 0.828125 0.049837 0.023284
0 0.960580 0.826900 0.044526 0.022059
0 0.847426 0.850031 0.033905 0.018689
0 0.837418 0.141697 0.033497 0.095895
0 0.917279 0.863971 0.041258 0.021446
0 0.961397 0.864737 0.038807 0.019914
0 0.919322 0.886183 0.041258 0.019914
0 0.959150 0.884957 0.039216 0.019301
0 0.756127 0.145067 0.033497 0.086091
