0 0.707925 0.336244 0.086601 0.049326
0 0.266340 0.569240 0.088235 0.045956
0 0.261234 0.508732 0.093546 0.069547
0 0.363971 0.486673 0.082516 0.045650
0 0.431985 0.284620 0.079657 0.050245
0 0.522876 0.332721 0.091503 0.056985
0 0.522467 0.267770 0.098039 0.066176
0 0.616013 0.329810 0.088235 0.059743
0 0.616830 0.266085 0.089869 0.065257
0 0.166258 0.562653 0.089052 0.055453
0 0.709967 0.280331 0.093954 0.061887
0 0.194036 0.947610 0.075163 0.034314
0 0.804534 0.287224 0.090278 0.049939
0 0.348856 0.773591 0.083333 0.042892
0 0.346201 0.711550 0.078023 0.072610
0 0.437092 0.775429 0.089869 0.040441
0 0.436070 0.718137 0.095180 0.065564
0 0.525327 0.774816 0.088235 0.039216
0 0.524714 0.721201 0.079657 0.065564
0 0.615196 0.776501 0.082516 0.045650
0 0.612132 0.721201 0.091912 0.065564
0 0.698734 0.782016 0.079657 0.042586
0 0.704248 0.726103 0.086601 0.066789
0 0.796569 0.338542 0.089869 0.045343
0 0.751021 0.150123 0.110703 0.039216
0 0.868056 0.112132 0.112745 0.036152
0 0.860294 0.148744 0.108660 0.036458
0 0.159518 0.500919 0.091095 0.062500
0 0.963848 0.066176 0.072304 0.042279
0 0.963848 0.109681 0.072304 0.042279
0 0.958946 0.147825 0.082108 0.029105
0 0.976307 0.271599 0.047386 0.064645
0 0.972426 0.330882 0.055147 0.053309
0 0.900531 0.282016 0.088644 0.056679
0 0.808211 0.241728 0.078023 0.034314
0 0.869690 0.063266 0.111928 0.048100
0 0.047794 0.531863 0.084150 0.142157
0 0.355392 0.336244 0.084967 0.049326
0 0.166871 0.323376 0.094363 0.058517
0 0.792688 0.527114 0.082108 0.048713
0 0.881944 0.473958 0.093954 0.063725
0 0.792279 0.473346 0.088644 0.056985
0 0.701797 0.571385 0.085784 0.041054
0 0.704657 0.528339 0.087418 0.039522
0 0.702206 0.475950 0.071078 0.053615
0 0.611111 0.574295 0.097222 0.049939
0 0.512868 0.567862 0.098448 0.051777
0 0.611724 0.518536 0.095180 0.054228
0 0.514297 0.517157 0.097222 0.051471
0 0.512459 0.460784 0.109069 0.052083
0 0.430760 0.570466 0.065768 0.042279
0 0.350082 0.573836 0.070261 0.043505
0 0.430147 0.528952 0.071895 0.037684
0 0.346609 0.529259 0.078840 0.041360
0 0.877655 0.529259 0.089461 0.046875
0 0.040237 0.276808 0.078023 0.159620
0 0.784109 0.573223 0.080474 0.042279
0 0.969567 0.469822 0.060866 0.058517
0 0.161152 0.257353 0.101716 0.065564
0 0.264706 0.326134 0.096405 0.060968
0 0.262255 0.262255 0.099673 0.063725
0 0.257761 0.710018 0.098039 0.069547
0 0.353145 0.282169 0.076389 0.053922
0 0.435866 0.333793 0.075980 0.047488
0 0.783292 0.786918 0.078840 0.046262
0 0.809232 0.738971 0.080065 0.042892
0 0.814134 0.697763 0.071078 0.038909
0 0.874183 0.784620 0.075163 0.041667
0 0.956904 0.782322 0.086193 0.037071
0 0.957925 0.742800 0.084150 0.039522
0 0.962827 0.687806 0.074346 0.062500
0 0.964665 0.570312 0.070670 0.048100
0 0.967729 0.521140 0.064542 0.042279
0 0.869485 0.575980 0.088644 0.041667
0 0.262051 0.770680 0.087010 0.048713
0 0.889297 0.337163 0.085784 0.051164
0 0.171977 0.770067 0.093137 0.047488
0 0.922998 0.933670 0.075572 0.078738
0 0.842525 0.958180 0.069853 0.035233
0 0.841708 0.922794 0.075572 0.031250
0 0.843342 0.876225 0.074755 0.050858
0 0.766136 0.948683 0.078840 0.033395
0 0.765931 0.912224 0.060458 0.039522
0 0.769812 0.871630 0.067402 0.036152
0 0.686275 0.958640 0.070261 0.033088
0 0.688725 0.924326 0.075163 0.034314
0 0.696283 0.876225 0.078840 0.053922
0 0.611724 0.951134 0.075572 0.038297
0 0.609069 0.909007 0.081699 0.032475
0 0.980188 0.930147 0.039624 0.086397
0 0.612541 0.869638 0.081291 0.037684
0 0.526348 0.913450 0.082925 0.038297
0 0.526757 0.870404 0.083742 0.042279
0 0.441176 0.948070 0.071078 0.038297
0 0.353962 0.954197 0.066585 0.038909
0 0.269812 0.948683 0.064134 0.039522
0 0.442198 0.913603 0.076389 0.033088
0 0.358660 0.915594 0.087418 0.037071
0 0.266748 0.911458 0.073529 0.031863
0 0.441176 0.872089 0.086601 0.048713
0 0.351307 0.872243 0.092320 0.042892
0 0.182190 0.868719 0.085784 0.041973
0 0.190564 0.910846 0.079657 0.033088
0 0.525327 0.952972 0.088235 0.036458
0 0.165441 0.712163 0.087418 0.067708
0 0.268178 0.871017 0.076389 0.046569
0 0.246528 0.127451 0.110703 0.063725
0 0.242239 0.054994 0.113562 0.078125
0 0.138480 0.126532 0.102941 0.064951
0 0.346405 0.031863 0.084150 0.055147
0 0.438113 0.031556 0.093546 0.061275
0 0.346814 0.085784 0.086601 0.052696
0 0.439951 0.087623 0.087418 0.053309
0 0.349673 0.138327 0.084967 0.047488
0 0.436275 0.140319 0.088235 0.045956
0 0.534518 0.136183 0.099265 0.060968
0 0.639502 0.135110 0.104167 0.061275
0 0.535539 0.068934 0.097222 0.065564
0 0.646446 0.068627 0.106618 0.064951
0 0.538399 0.019301 0.102124 0.036152
0 0.129289 0.053922 0.108252 0.079044
0 0.755106 0.109222 0.111520 0.038909
0 0.063725 0.738817 0.111928 0.129596
0 0.095180 0.927543 0.097222 0.107537
0 0.023080 0.907782 0.042892 0.106005
0 0.644404 0.017157 0.106618 0.034314
