0 0.883333 0.609635 0.032407 0.051562
0 0.539352 0.523958 0.034259 0.047917
0 0.580556 0.522135 0.044444 0.053646
0 0.620602 0.521875 0.034722 0.058333
0 0.667361 0.528255 0.038426 0.047135
0 0.719444 0.520312 0.053704 0.061979
0 0.780093 0.529557 0.050926 0.030469
0 0.832870 0.503255 0.043519 0.034115
0 0.831481 0.541536 0.038889 0.027865
0 0.416898 0.436458 0.041204 0.033333
0 0.455093 0.431510 0.032407 0.052604
0 0.492130 0.431641 0.029630 0.052865
0 0.522685 0.433984 0.022222 0.043490
0 0.547917 0.432031 0.021759 0.041667
0 0.495602 0.523698 0.031944 0.044792
0 0.571296 0.438802 0.016667 0.038021
0 0.454167 0.515625 0.030556 0.064583
0 0.897222 0.537500 0.080556 0.015104
0 0.354167 0.550391 0.059259 0.057552
0 0.293981 0.549089 0.051852 0.055469
0 0.234028 0.551302 0.056019 0.051042
0 0.181944 0.549740 0.040741 0.048958
0 0.134954 0.550000 0.045833 0.048438
0 0.088657 0.548958 0.048611 0.050521
0 0.412037 0.516276 0.035185 0.063802
0 0.042593 0.558594 0.025926 0.031250
0 0.123380 0.605859 0.037500 0.029427
0 0.165741 0.607161 0.037037 0.027344
0 0.220602 0.607812 0.036574 0.026042
0 0.304630 0.606771 0.042593 0.031250
0 0.362963 0.616016 0.056481 0.045052
0 0.976620 0.520703 0.043056 0.048698
0 0.076852 0.608724 0.037963 0.029427
0 0.571991 0.396875 0.024537 0.035937
0 0.603935 0.442448 0.035648 0.028646
0 0.648611 0.438672 0.043519 0.040365
0 0.950694 0.318099 0.030093 0.077344
0 0.913889 0.338411 0.026852 0.035156
0 0.874537 0.320052 0.033333 0.084375
0 0.841204 0.339583 0.023148 0.038021
0 0.809954 0.335547 0.038426 0.053385
0 0.752315 0.334635 0.068519 0.050000
0 0.637269 0.230859 0.038426 0.056510
0 0.700000 0.333464 0.037037 0.050260
0 0.618056 0.335417 0.038889 0.054688
0 0.404167 0.334245 0.040741 0.054427
0 0.449769 0.334896 0.038426 0.051042
0 0.507870 0.342969 0.064815 0.031250
0 0.511574 0.307031 0.063889 0.031250
0 0.572222 0.340885 0.052778 0.039062
0 0.658333 0.334115 0.035185 0.053646
0 0.358102 0.477214 0.064352 0.052865
0 0.675231 0.232292 0.032870 0.047396
0 0.545139 0.232161 0.037500 0.051823
0 0.696991 0.435417 0.042130 0.041146
0 0.747917 0.434766 0.042130 0.035156
0 0.806250 0.412630 0.060648 0.079427
0 0.864352 0.414844 0.044444 0.076563
0 0.927315 0.416536 0.060185 0.072656
0 0.983796 0.413802 0.032407 0.077083
0 0.591898 0.229818 0.036574 0.051823
0 0.976620 0.198828 0.043056 0.080990
0 0.880787 0.221484 0.045833 0.058073
0 0.818056 0.239974 0.069444 0.028385
0 0.737731 0.238932 0.071759 0.033073
0 0.408333 0.232031 0.036111 0.056250
0 0.455556 0.230078 0.037037 0.050260
0 0.497222 0.232552 0.039815 0.047917
0 0.930556 0.213151 0.040741 0.070052
0 0.287731 0.475911 0.055093 0.057552
0 0.262500 0.607031 0.035185 0.022396
0 0.156250 0.475130 0.039352 0.050781
0 0.164815 0.684375 0.039815 0.044792
0 0.215046 0.684635 0.050463 0.050521
0 0.220833 0.475000 0.070370 0.053125
0 0.315972 0.686849 0.039352 0.042969
0 0.362037 0.685026 0.037963 0.051302
0 0.421296 0.692708 0.031481 0.055729
0 0.114815 0.682031 0.037963 0.045312
0 0.457407 0.692969 0.027778 0.055208
0 0.542824 0.688411 0.045833 0.072135
0 0.620370 0.697917 0.034259 0.047917
0 0.663889 0.692708 0.032407 0.053646
0 0.706481 0.689974 0.031481 0.051302
0 0.756713 0.688802 0.043056 0.056250
0 0.839120 0.685807 0.078241 0.074219
0 0.492824 0.689453 0.037500 0.062240
0 0.072454 0.685547 0.038426 0.045052
0 0.182870 0.785807 0.046296 0.044010
0 0.136343 0.785156 0.042130 0.047396
0 0.979861 0.790234 0.040278 0.057552
0 0.827778 0.785547 0.056481 0.048177
0 0.757176 0.788672 0.037500 0.041406
0 0.701852 0.786458 0.041667 0.065104
0 0.657639 0.787240 0.041204 0.063542
0 0.609491 0.781771 0.042130 0.076563
0 0.562731 0.787500 0.043056 0.064062
0 0.519676 0.788411 0.031019 0.061198
0 0.469907 0.790885 0.053704 0.053646
0 0.419676 0.792057 0.043056 0.051302
0 0.367130 0.786458 0.038889 0.054688
0 0.318750 0.785547 0.044907 0.050260
0 0.273380 0.781380 0.032870 0.051302
0 0.232176 0.783984 0.043056 0.050781
0 0.089120 0.788151 0.037500 0.051302
0 0.949769 0.689974 0.100463 0.077865
0 0.979630 0.598177 0.040741 0.073958
0 0.270602 0.690104 0.042130 0.049479
0 0.363426 0.399870 0.036111 0.056510
0 0.114352 0.475651 0.045370 0.051823
0 0.066435 0.472396 0.042130 0.050521
0 0.931713 0.607682 0.038426 0.060156
0 0.313889 0.395833 0.043519 0.053125
0 0.260880 0.396354 0.044907 0.053646
0 0.209491 0.396354 0.047685 0.054167
0 0.160648 0.394792 0.045370 0.054688
0 0.104630 0.397786 0.047222 0.052344
0 0.057639 0.395703 0.042130 0.048177
0 0.358565 0.314583 0.039352 0.063021
0 0.246528 0.314714 0.054167 0.061198
0 0.190509 0.311328 0.043981 0.042448
0 0.137269 0.311979 0.040278 0.053125
0 0.086343 0.305729 0.040278 0.050521
0 0.030093 0.319271 0.051852 0.029687
0 0.300926 0.310286 0.047222 0.052344
0 0.296065 0.239844 0.037500 0.026562
0 0.843519 0.608073 0.043519 0.057292
0 0.797222 0.616797 0.042593 0.041927
0 0.350926 0.244271 0.045370 0.028125
0 0.701157 0.614323 0.035648 0.044792
0 0.614120 0.609505 0.059722 0.044531
0 0.555093 0.602734 0.049074 0.055990
0 0.448380 0.610026 0.014352 0.045052
0 0.471296 0.609896 0.017593 0.044792
0 0.750694 0.616146 0.045833 0.045833
0 0.409259 0.620703 0.021296 0.008073
0 0.430093 0.621094 0.020370 0.007292
0 0.039583 0.216797 0.057870 0.071615
0 0.103472 0.210156 0.053241 0.075000
0 0.169907 0.228125 0.045370 0.060417
0 0.428009 0.608854 0.018056 0.009896
