0 0.894922 0.143229 0.038281 0.027083
0 0.950781 0.192969 0.020313 0.050521
0 0.793555 0.188542 0.040234 0.064583
0 0.878711 0.189062 0.037891 0.065625
0 0.838086 0.188542 0.043359 0.065625
0 0.752539 0.189323 0.041016 0.064062
0 0.919727 0.190365 0.044141 0.066146
0 0.981250 0.186979 0.037500 0.060417
0 0.537891 0.955729 0.014844 0.083333
0 0.575195 0.959635 0.019141 0.079687
0 0.559961 0.939323 0.015234 0.079687
0 0.518164 0.956771 0.019922 0.086458
0 0.501172 0.955990 0.014844 0.085938
0 0.483203 0.958073 0.020313 0.081771
0 0.424805 0.958594 0.018359 0.082812
0 0.676562 0.201302 0.039844 0.046354
0 0.444727 0.951823 0.015234 0.091146
0 0.750977 0.255208 0.041797 0.064583
0 0.645117 0.202865 0.022266 0.043229
0 0.380078 0.190625 0.044531 0.119792
0 0.794727 0.119792 0.042578 0.067708
0 0.406836 0.958594 0.016797 0.082812
0 0.619727 0.959115 0.013672 0.081771
0 0.603906 0.959115 0.017188 0.081771
0 0.010937 0.213802 0.021875 0.077604
0 0.040234 0.214323 0.030469 0.077604
0 0.087305 0.211979 0.033984 0.081250
0 0.141016 0.209635 0.048438 0.067187
0 0.221289 0.213281 0.029297 0.088021
0 0.270898 0.213542 0.030859 0.081250
0 0.306445 0.211979 0.030078 0.084375
0 0.338867 0.211458 0.030078 0.089583
0 0.426953 0.189583 0.044531 0.117708
0 0.470703 0.190104 0.042188 0.118750
0 0.516406 0.190365 0.046875 0.119271
0 0.563477 0.186719 0.048047 0.125521
0 0.609375 0.188281 0.044531 0.127604
0 0.662109 0.257552 0.043750 0.064062
0 0.706836 0.255990 0.043359 0.068229
0 0.753125 0.121615 0.042188 0.066146
0 0.830469 0.127865 0.029687 0.054688
0 0.388672 0.960938 0.017969 0.078125
0 0.876758 0.253125 0.043359 0.062500
0 0.792383 0.255469 0.041797 0.061979
0 0.479102 0.671875 0.021484 0.118750
0 0.456445 0.673958 0.023047 0.117708
0 0.432031 0.674479 0.024219 0.118750
0 0.410156 0.675000 0.020313 0.117708
0 0.388477 0.677865 0.021484 0.117188
0 0.366992 0.678646 0.021484 0.114583
0 0.348242 0.670573 0.018359 0.109896
0 0.326172 0.671354 0.025000 0.107292
0 0.299219 0.679688 0.025000 0.117708
0 0.276562 0.679427 0.021094 0.119271
0 0.250391 0.682031 0.025781 0.120313
0 0.225781 0.681250 0.023438 0.115625
0 0.540039 0.447917 0.027734 0.019792
0 0.501953 0.671875 0.021875 0.118750
0 0.569922 0.447917 0.028125 0.022917
0 0.591602 0.523438 0.032422 0.102083
0 0.560547 0.524740 0.029687 0.106771
0 0.529687 0.520052 0.028906 0.117188
0 0.503320 0.518750 0.024609 0.115625
0 0.476562 0.520312 0.028906 0.114583
0 0.450195 0.519531 0.023047 0.114062
0 0.426758 0.520312 0.024609 0.112500
0 0.400586 0.519531 0.020703 0.126562
0 0.375195 0.518750 0.027734 0.128125
0 0.347266 0.519531 0.025781 0.126562
0 0.321289 0.521875 0.027734 0.125000
0 0.294336 0.521354 0.025391 0.125000
0 0.265820 0.520833 0.031641 0.126042
0 0.623437 0.523698 0.031250 0.101562
0 0.237305 0.520573 0.024609 0.124479
0 0.523242 0.671094 0.019141 0.120313
0 0.567773 0.669531 0.026172 0.114062
0 0.326758 0.833333 0.020703 0.117708
0 0.347070 0.830469 0.021484 0.111979
0 0.371094 0.827604 0.022656 0.116667
0 0.403320 0.825521 0.024609 0.113542
0 0.426563 0.824479 0.021875 0.115625
0 0.448047 0.825521 0.020313 0.118750
0 0.470703 0.823438 0.025781 0.122917
0 0.517188 0.820312 0.020313 0.117708
0 0.536914 0.822656 0.019922 0.111979
0 0.554492 0.814844 0.015234 0.106771
0 0.577539 0.819271 0.022266 0.118750
0 0.600000 0.819271 0.021875 0.117708
0 0.619531 0.807292 0.014063 0.109375
0 0.544922 0.658333 0.017969 0.108333
0 0.218359 0.965104 0.017969 0.069792
0 0.257812 0.962500 0.017188 0.070833
0 0.275195 0.961979 0.018359 0.072917
0 0.293555 0.962500 0.016797 0.072917
0 0.313867 0.960156 0.023047 0.073438
0 0.332227 0.957031 0.013672 0.080729
0 0.350781 0.961719 0.019531 0.076563
0 0.305469 0.832292 0.021094 0.117708
0 0.285742 0.831510 0.019141 0.116146
0 0.261719 0.834115 0.027344 0.111979
0 0.237891 0.832031 0.018750 0.120313
0 0.214258 0.834635 0.029297 0.115104
0 0.622070 0.672656 0.024609 0.120313
0 0.599023 0.671615 0.021484 0.122396
0 0.237695 0.963542 0.019922 0.071875
0 0.370703 0.960156 0.018750 0.077604
0 0.210547 0.521615 0.028906 0.122396
0 0.126562 0.906771 0.046094 0.062500
0 0.732617 0.890625 0.079297 0.170833
0 0.651367 0.854167 0.047266 0.137500
0 0.919922 0.716146 0.077344 0.056250
0 0.920703 0.661979 0.075000 0.053125
0 0.925391 0.602604 0.081250 0.054167
0 0.919531 0.546615 0.094531 0.052604
0 0.832031 0.545312 0.077344 0.050000
0 0.843164 0.719792 0.074609 0.056250
0 0.844727 0.662240 0.078516 0.053646
0 0.844336 0.605208 0.076953 0.057292
0 0.762109 0.664844 0.083594 0.171354
0 0.679883 0.662760 0.080859 0.174479
0 0.929883 0.468490 0.084766 0.053646
0 0.813477 0.887240 0.076953 0.177604
0 0.846680 0.467969 0.081641 0.053646
0 0.681641 0.473958 0.082031 0.060417
0 0.682617 0.413021 0.084766 0.056250
0 0.766992 0.413281 0.086328 0.056771
0 0.852148 0.410677 0.083203 0.058854
0 0.933984 0.410938 0.079687 0.059375
0 0.933984 0.351042 0.080469 0.054167
0 0.851758 0.352083 0.080859 0.059375
0 0.766211 0.353125 0.082422 0.061458
0 0.678711 0.356771 0.091016 0.056250
0 0.991797 0.253125 0.016406 0.069792
0 0.961719 0.254948 0.042188 0.068229
0 0.920508 0.255990 0.041016 0.066146
0 0.835547 0.253385 0.039844 0.060937
0 0.764648 0.472135 0.083203 0.063021
0 0.171484 0.906250 0.042969 0.065625
0 0.915625 0.826042 0.086719 0.119792
0 0.920898 0.946094 0.086328 0.107813
0 0.079492 0.908854 0.047266 0.066667
0 0.038086 0.909896 0.034766 0.064583
0 0.166016 0.798698 0.054688 0.067187
0 0.119727 0.800000 0.034766 0.065625
0 0.073828 0.806250 0.056250 0.066667
0 0.032031 0.806510 0.028125 0.064062
0 0.174023 0.696875 0.045703 0.057292
0 0.123242 0.695052 0.050391 0.061979
0 0.074414 0.696875 0.046484 0.066667
0 0.030078 0.696094 0.042188 0.068229
0 0.168750 0.576823 0.047656 0.069271
0 0.122656 0.577083 0.042188 0.069792
0 0.074609 0.577865 0.048438 0.074479
0 0.980078 0.812500 0.039062 0.102083
0 0.028516 0.579688 0.044531 0.070833
0 0.060156 0.450781 0.073438 0.071354
0 0.601953 0.352344 0.047656 0.129688
0 0.552344 0.351823 0.050781 0.130729
0 0.505078 0.353385 0.044531 0.132812
0 0.456836 0.357031 0.048828 0.124479
0 0.408789 0.357812 0.044141 0.126042
0 0.353711 0.358073 0.050391 0.122396
0 0.300977 0.359115 0.046484 0.114062
0 0.260156 0.359896 0.034375 0.114583
0 0.219922 0.360417 0.044531 0.114583
0 0.146875 0.327865 0.067187 0.070312
0 0.031250 0.329688 0.062500 0.073958
0 0.981836 0.932813 0.035547 0.134375
0 0.133594 0.448177 0.075000 0.074479
0 0.461719 0.954948 0.021094 0.090104
