0 0.622708 0.764531 0.049583 0.030312
0 0.765625 0.222031 0.037917 0.034063
0 0.716250 0.217812 0.054167 0.045000
0 0.654375 0.266094 0.058750 0.042813
0 0.657500 0.225312 0.058333 0.033125
0 0.590833 0.268437 0.062500 0.045000
0 0.596250 0.227813 0.050833 0.031250
0 0.516458 0.266562 0.080417 0.048750
0 0.431875 0.267500 0.073750 0.045625
0 0.522292 0.216250 0.078750 0.048750
0 0.431875 0.216250 0.083750 0.048750
0 0.344583 0.269062 0.088333 0.044375
0 0.343958 0.218906 0.077083 0.049063
0 0.254792 0.267656 0.081250 0.043437
0 0.264583 0.218594 0.078333 0.048438
0 0.187500 0.269375 0.045833 0.040000
0 0.406875 0.769844 0.056250 0.069687
0 0.480000 0.714688 0.058333 0.033750
0 0.415000 0.717500 0.059167 0.031875
0 0.345000 0.750781 0.060000 0.110937
0 0.273542 0.753750 0.061250 0.114375
0 0.717083 0.265313 0.055833 0.041250
0 0.778333 0.261719 0.060000 0.041563
0 0.843125 0.261562 0.068750 0.041250
0 0.904792 0.214375 0.067083 0.042500
0 0.571667 0.765938 0.040000 0.030625
0 0.525417 0.764844 0.043333 0.030937
0 0.666875 0.730156 0.051250 0.033438
0 0.617292 0.727187 0.038750 0.044375
0 0.551667 0.732812 0.048333 0.029375
0 0.724375 0.719688 0.042083 0.031875
0 0.528750 0.796562 0.047500 0.029375
0 0.472917 0.771719 0.056667 0.070938
0 0.195625 0.382969 0.049583 0.042188
0 0.196042 0.339375 0.047083 0.043125
0 0.144583 0.385000 0.049167 0.041250
0 0.142917 0.341250 0.052500 0.042500
0 0.089792 0.386250 0.057917 0.038750
0 0.086875 0.344375 0.055417 0.043750
0 0.030833 0.387344 0.055000 0.035937
0 0.027500 0.347969 0.055000 0.039062
0 0.971667 0.249062 0.056667 0.056875
0 0.184375 0.788125 0.100417 0.046250
0 0.971458 0.209219 0.056250 0.020313
0 0.910417 0.261250 0.059167 0.040625
0 0.671458 0.762813 0.038750 0.024375
0 0.835208 0.218125 0.065417 0.038125
0 0.181667 0.735156 0.100833 0.055313
0 0.181042 0.228125 0.052083 0.034375
0 0.081042 0.738281 0.088750 0.049688
0 0.720625 0.121094 0.066250 0.045312
0 0.788125 0.118438 0.060417 0.047500
0 0.849167 0.119063 0.055000 0.048750
0 0.908750 0.116875 0.059167 0.046875
0 0.971667 0.120781 0.056667 0.042813
0 0.967708 0.165781 0.064583 0.044062
0 0.905417 0.164687 0.061667 0.036875
0 0.841667 0.167656 0.062500 0.042813
0 0.780625 0.170000 0.052083 0.042500
0 0.721458 0.171719 0.058750 0.045937
0 0.618542 0.120000 0.130417 0.048125
0 0.626042 0.172187 0.123750 0.044375
0 0.483750 0.124688 0.126667 0.050625
0 0.498750 0.170937 0.121667 0.037500
0 0.357708 0.124844 0.117083 0.048438
0 0.372917 0.170625 0.119167 0.036875
0 0.250208 0.128750 0.084583 0.039375
0 0.261667 0.170313 0.088333 0.043125
0 0.181042 0.136875 0.052083 0.041250
0 0.179375 0.179063 0.052083 0.039375
0 0.116875 0.182969 0.064583 0.037187
0 0.977917 0.040156 0.044167 0.077813
0 0.901042 0.054375 0.091250 0.046250
0 0.801042 0.059531 0.089583 0.047188
0 0.704583 0.059531 0.085833 0.044687
0 0.971667 0.665469 0.056667 0.043437
0 0.967708 0.613750 0.064583 0.045000
0 0.908125 0.668594 0.061250 0.042188
0 0.576458 0.795469 0.046250 0.024688
0 0.131250 0.270156 0.060833 0.039062
0 0.841458 0.668125 0.067917 0.043750
0 0.894167 0.626250 0.061667 0.036875
0 0.769583 0.669687 0.068333 0.041875
0 0.187292 0.022969 0.051250 0.019688
0 0.049375 0.064375 0.098750 0.051875
0 0.080833 0.789375 0.097500 0.046250
0 0.160208 0.060937 0.112917 0.055000
0 0.281250 0.065625 0.118333 0.045000
0 0.410833 0.020469 0.127500 0.035937
0 0.411250 0.061094 0.119167 0.045312
0 0.525417 0.019531 0.081667 0.036562
0 0.614375 0.019375 0.090417 0.033750
0 0.527917 0.061406 0.077500 0.045937
0 0.613750 0.059844 0.082500 0.042813
0 0.902917 0.015469 0.095000 0.025937
0 0.805417 0.016719 0.089167 0.030937
0 0.712708 0.018281 0.085417 0.031563
0 0.276250 0.021562 0.124167 0.038125
0 0.626250 0.794531 0.046667 0.027813
0 0.910417 0.727812 0.043333 0.033750
0 0.716875 0.760000 0.046250 0.035625
0 0.720833 0.892344 0.143333 0.099062
0 0.578125 0.890938 0.139583 0.105625
0 0.437083 0.925000 0.106667 0.051250
0 0.308333 0.927188 0.136667 0.043750
0 0.437500 0.869375 0.123333 0.060000
0 0.296875 0.874531 0.130417 0.055938
0 0.184167 0.931094 0.093333 0.042188
0 0.087708 0.921250 0.076250 0.065625
0 0.181458 0.879062 0.091250 0.053125
0 0.101250 0.855625 0.061667 0.054375
0 0.026042 0.860781 0.048750 0.052187
0 0.015208 0.480000 0.030417 0.036875
0 0.016042 0.431875 0.032083 0.046250
0 0.266042 0.472969 0.077917 0.044062
0 0.348958 0.472344 0.077917 0.047813
0 0.348750 0.425781 0.080000 0.045937
0 0.261875 0.426719 0.076250 0.045312
0 0.438750 0.472500 0.078333 0.040625
0 0.521250 0.472656 0.076667 0.045937
0 0.520833 0.423594 0.075833 0.045937
0 0.436042 0.425625 0.082083 0.048125
0 0.891667 0.839375 0.066667 0.040625
0 0.591458 0.472187 0.051250 0.038125
0 0.822708 0.860469 0.066250 0.059062
0 0.893125 0.899062 0.072083 0.078750
0 0.780833 0.623906 0.071667 0.041563
0 0.707708 0.658594 0.050417 0.041563
0 0.650625 0.661406 0.054583 0.042188
0 0.582083 0.667500 0.067500 0.047500
0 0.650417 0.620781 0.063333 0.037812
0 0.582708 0.623906 0.068750 0.039062
0 0.518333 0.672500 0.051667 0.035625
0 0.516667 0.634062 0.055000 0.035625
0 0.456667 0.675312 0.060000 0.034375
0 0.455208 0.635156 0.057083 0.035312
0 0.392083 0.673438 0.058333 0.037500
0 0.392292 0.633906 0.062083 0.035312
0 0.327917 0.672969 0.060833 0.034063
0 0.325000 0.634531 0.068333 0.034063
0 0.260417 0.673750 0.057500 0.035625
0 0.257708 0.633281 0.064583 0.038437
0 0.193333 0.678281 0.070000 0.037812
0 0.183958 0.636563 0.063750 0.043125
0 0.118125 0.679063 0.072917 0.039375
0 0.113750 0.635000 0.074167 0.049375
0 0.965833 0.889375 0.055000 0.093125
0 0.823125 0.914687 0.057083 0.042500
0 0.592083 0.425938 0.052500 0.053125
0 0.649583 0.424531 0.058333 0.047813
0 0.648542 0.471406 0.052917 0.038437
0 0.594375 0.323594 0.053750 0.047813
0 0.518750 0.370156 0.081667 0.044687
0 0.435000 0.372344 0.076667 0.042188
0 0.429792 0.322031 0.079583 0.049063
0 0.345625 0.370312 0.090417 0.047500
0 0.342292 0.322031 0.086250 0.042188
0 0.262708 0.371875 0.071250 0.048125
0 0.261667 0.323750 0.069167 0.045625
0 0.019375 0.925781 0.035417 0.064687
0 0.970833 0.780312 0.058333 0.045000
0 0.967292 0.727187 0.063750 0.053750
0 0.907708 0.774219 0.037917 0.054688
0 0.866667 0.777969 0.035000 0.057188
0 0.818750 0.791406 0.051667 0.029063
0 0.813333 0.762656 0.047500 0.029063
0 0.808542 0.727500 0.050417 0.037500
0 0.859792 0.728281 0.047083 0.034688
0 0.116667 0.141563 0.070000 0.033750
0 0.764167 0.793906 0.048333 0.029063
0 0.720833 0.793750 0.038333 0.028750
0 0.761250 0.758906 0.042500 0.038437
0 0.586042 0.370781 0.046250 0.039062
0 0.648125 0.322500 0.052083 0.048125
0 0.654167 0.370469 0.061667 0.040938
0 0.710625 0.324844 0.065417 0.040313
0 0.709375 0.470625 0.059583 0.039375
0 0.712500 0.425000 0.060000 0.046875
0 0.777292 0.473594 0.064583 0.040938
0 0.776042 0.425000 0.065417 0.051250
0 0.841875 0.470625 0.052917 0.041875
0 0.904583 0.469844 0.063333 0.040313
0 0.905625 0.422812 0.058750 0.046875
0 0.841458 0.423281 0.055417 0.045312
0 0.960208 0.469375 0.037083 0.036875
0 0.958750 0.438437 0.037500 0.020625
0 0.671667 0.792656 0.045000 0.035937
0 0.956042 0.410469 0.038750 0.027187
0 0.968958 0.367656 0.061250 0.035312
0 0.961875 0.336875 0.075417 0.026250
0 0.963542 0.307344 0.072917 0.027187
0 0.898333 0.364063 0.054167 0.040000
0 0.837292 0.366406 0.057083 0.044687
0 0.891875 0.322500 0.057083 0.043125
0 0.831667 0.322031 0.058333 0.039688
0 0.775000 0.368594 0.056667 0.039062
0 0.716042 0.368125 0.057083 0.040625
0 0.773750 0.323437 0.050833 0.040000
0 0.990000 0.410625 0.020000 0.025000
0 0.051250 0.142187 0.057500 0.037500
0 0.518958 0.321719 0.085417 0.046562
0 0.058542 0.228750 0.072083 0.045000
0 0.040000 0.678594 0.070000 0.035937
0 0.036042 0.637656 0.072083 0.042813
0 0.963125 0.576250 0.039583 0.030000
0 0.992500 0.572812 0.015000 0.023125
0 0.970000 0.540625 0.060000 0.028750
0 0.980208 0.510000 0.038750 0.027500
0 0.905000 0.569844 0.060833 0.039062
0 0.840417 0.570312 0.065833 0.037500
0 0.772500 0.572031 0.061667 0.034063
0 0.838125 0.530156 0.061250 0.034063
0 0.905208 0.531719 0.061250 0.032188
0 0.770417 0.534687 0.060833 0.035625
0 0.707083 0.573281 0.058333 0.036562
0 0.462708 0.534844 0.055417 0.033438
0 0.110208 0.578906 0.076250 0.035312
0 0.187500 0.578125 0.068333 0.033750
0 0.262083 0.542188 0.063333 0.038750
0 0.327292 0.539531 0.066250 0.038437
0 0.706250 0.534219 0.060000 0.034688
0 0.645000 0.574688 0.062500 0.034375
0 0.578750 0.575156 0.060833 0.030312
0 0.640625 0.535781 0.059583 0.037812
0 0.577917 0.536719 0.062500 0.039688
0 0.490833 0.574063 0.111667 0.035625
0 0.517917 0.533594 0.050833 0.035937
0 0.395625 0.537031 0.058750 0.035937
0 0.263333 0.579375 0.056667 0.031875
0 0.332708 0.577812 0.070417 0.035625
0 0.192292 0.534062 0.064583 0.039375
0 0.052917 0.181406 0.064167 0.036562
0 0.398125 0.574844 0.057917 0.034688
0 0.110417 0.535156 0.083333 0.039062
0 0.058542 0.273125 0.066250 0.042500
0 0.123333 0.227344 0.058333 0.042188
0 0.122500 0.434063 0.056667 0.043125
0 0.184792 0.434063 0.059583 0.040625
0 0.193125 0.478438 0.060417 0.036250
0 0.130000 0.479063 0.058333 0.035000
0 0.063542 0.436094 0.057083 0.044687
0 0.064167 0.478125 0.064167 0.040000
0 0.029583 0.538281 0.059167 0.038437
0 0.032917 0.582344 0.065833 0.039688
