0 0.830270 0.316636 0.053513 0.077512
0 0.033497 0.155484 0.066993 0.089767
0 0.091095 0.159161 0.046569 0.079963
0 0.151348 0.187653 0.073938 0.102022
0 0.206904 0.205116 0.035539 0.067708
0 0.245711 0.201593 0.041258 0.074142
0 0.289216 0.201440 0.042484 0.073836
0 0.333538 0.201593 0.042892 0.074142
0 0.420343 0.200827 0.042484 0.073836
0 0.505719 0.171415 0.040850 0.041973
0 0.701389 0.196538 0.090686 0.082414
0 0.614583 0.189185 0.081291 0.100184
0 0.551675 0.216912 0.041258 0.045956
0 0.546364 0.171875 0.041258 0.045956
0 0.506740 0.215074 0.041258 0.045956
0 0.464052 0.204657 0.042484 0.069853
0 0.376634 0.201900 0.042484 0.074142
0 0.779412 0.282475 0.046569 0.049632
0 0.229575 0.323989 0.037582 0.070772
0 0.731005 0.282782 0.050245 0.047181
0 0.268791 0.323529 0.039216 0.070466
0 0.310049 0.322763 0.039216 0.071998
0 0.350694 0.322917 0.042892 0.072304
0 0.405025 0.323836 0.042892 0.072304
0 0.144812 0.323683 0.043709 0.070772
0 0.032680 0.289828 0.013889 0.061275
0 0.079657 0.283854 0.078431 0.074449
0 0.777369 0.206955 0.061275 0.064032
0 0.515114 0.765472 0.034314 0.042586
0 0.469567 0.323836 0.044526 0.069240
0 0.188521 0.323683 0.043709 0.070772
0 0.512255 0.324295 0.040033 0.068934
0 0.554126 0.324908 0.041258 0.066483
0 0.609477 0.286765 0.058007 0.052696
0 0.594158 0.335018 0.039624 0.045037
0 0.631740 0.334712 0.032271 0.043199
0 0.680964 0.320619 0.046569 0.071385
0 0.761234 0.331955 0.042075 0.049326
0 0.783905 0.804228 0.011438 0.106005
0 0.722222 0.332108 0.034314 0.050245
0 0.746732 0.784620 0.039216 0.077819
0 0.601920 0.617341 0.057598 0.050245
0 0.541667 0.619332 0.050654 0.054228
0 0.492851 0.615809 0.044526 0.060662
0 0.441789 0.613817 0.054330 0.064645
0 0.388685 0.615349 0.054330 0.064645
0 0.335784 0.592678 0.049020 0.022365
0 0.336806 0.629902 0.051879 0.039828
0 0.274306 0.617494 0.073121 0.065870
0 0.196691 0.617188 0.077206 0.062194
0 0.126838 0.617188 0.054330 0.070772
0 0.659518 0.612132 0.056781 0.063113
0 0.077614 0.616268 0.043301 0.070772
0 0.837827 0.512714 0.080065 0.078738
0 0.768587 0.520680 0.043709 0.075674
0 0.722018 0.513480 0.040441 0.081495
0 0.674632 0.527880 0.049428 0.052083
0 0.633578 0.509804 0.029412 0.068015
0 0.595792 0.523131 0.046160 0.072610
0 0.545752 0.522059 0.044118 0.074142
0 0.500408 0.523744 0.044118 0.056679
0 0.448325 0.525888 0.058415 0.069547
0 0.390319 0.536612 0.055147 0.051164
0 0.026961 0.616575 0.053922 0.075061
0 0.696283 0.602328 0.020016 0.049020
0 0.729575 0.613358 0.034314 0.051471
0 0.812908 0.813725 0.045752 0.101716
0 0.660948 0.668658 0.021242 0.011336
0 0.679330 0.675858 0.015523 0.028186
0 0.700980 0.680913 0.026144 0.040748
0 0.631740 0.682598 0.019199 0.036152
0 0.653595 0.697763 0.022876 0.046262
0 0.590891 0.677696 0.020833 0.028186
0 0.557190 0.701746 0.029412 0.050551
0 0.499592 0.694700 0.061275 0.060968
0 0.440155 0.689185 0.023284 0.033395
0 0.416462 0.687040 0.024101 0.044424
0 0.373775 0.675245 0.020425 0.015319
0 0.395629 0.682904 0.019199 0.032475
0 0.373570 0.702819 0.023284 0.031863
0 0.348856 0.688572 0.022876 0.031556
0 0.325776 0.689185 0.023284 0.031556
0 0.259600 0.690257 0.023284 0.031863
0 0.237337 0.689798 0.022876 0.031556
0 0.193423 0.706648 0.042075 0.041973
0 0.139093 0.714001 0.064134 0.075674
0 0.077614 0.700368 0.057190 0.056985
0 0.019812 0.708027 0.039624 0.066176
0 0.827206 0.604013 0.024510 0.052390
0 0.797386 0.614890 0.034314 0.051471
0 0.329861 0.528186 0.063317 0.076593
0 0.264910 0.527574 0.063317 0.076593
0 0.763072 0.613051 0.034314 0.051471
0 0.127859 0.503064 0.044118 0.089461
0 0.781454 0.679994 0.009804 0.035846
0 0.368260 0.828585 0.033905 0.100184
0 0.021446 0.854779 0.042892 0.063113
0 0.071895 0.842678 0.053105 0.058517
0 0.129289 0.851256 0.060866 0.062806
0 0.174224 0.831801 0.029003 0.098652
0 0.206904 0.830270 0.033905 0.098652
0 0.244077 0.817249 0.036356 0.094669
0 0.278799 0.820312 0.032271 0.094056
0 0.309641 0.816636 0.028595 0.094056
0 0.337418 0.819393 0.026961 0.095895
0 0.696691 0.809589 0.031454 0.073836
0 0.660335 0.823989 0.042075 0.075674
0 0.613562 0.797641 0.036765 0.071998
0 0.582925 0.778799 0.016340 0.064951
0 0.464257 0.774357 0.024918 0.054228
0 0.557394 0.820619 0.032271 0.108762
0 0.434028 0.814185 0.031454 0.113664
0 0.402165 0.826440 0.033905 0.100184
0 0.804126 0.692555 0.031454 0.045037
0 0.735294 0.691330 0.019608 0.034007
0 0.545343 0.669424 0.021242 0.011642
0 0.076389 0.395374 0.063725 0.079963
0 0.074142 0.502911 0.063317 0.088542
0 0.849060 0.410999 0.018382 0.074449
0 0.804943 0.416360 0.069036 0.080270
0 0.744281 0.417586 0.049020 0.069853
0 0.695874 0.416973 0.033905 0.065564
0 0.652778 0.418505 0.049837 0.066789
0 0.760825 0.698836 0.029003 0.045343
0 0.022263 0.393995 0.044526 0.083946
0 0.601511 0.415135 0.053513 0.070466
0 0.500613 0.417892 0.033088 0.067402
0 0.194240 0.522518 0.071487 0.085478
0 0.459355 0.417892 0.050245 0.071078
0 0.128676 0.402880 0.040850 0.068015
0 0.177288 0.418658 0.057190 0.074449
0 0.229779 0.418658 0.046160 0.074449
0 0.275531 0.419884 0.043709 0.070772
0 0.318219 0.419577 0.044118 0.068321
0 0.550245 0.415594 0.045752 0.070159
0 0.366422 0.417892 0.045752 0.072304
0 0.411152 0.421109 0.044526 0.067708
