0 0.286198 0.908203 0.050521 0.090625
0 0.501823 0.932813 0.073438 0.042188
0 0.389844 0.901563 0.042188 0.085938
0 0.436198 0.900391 0.041146 0.092188
0 0.498698 0.883203 0.075521 0.049219
0 0.572135 0.896484 0.054688 0.037500
0 0.810156 0.917578 0.097396 0.090625
0 0.627604 0.897266 0.050000 0.041406
0 0.623437 0.937695 0.050000 0.037109
0 0.706771 0.914258 0.094792 0.092578
0 0.898177 0.923047 0.071354 0.088281
0 0.968490 0.925391 0.061979 0.085156
0 0.222396 0.894922 0.061458 0.109375
0 0.569792 0.936719 0.053125 0.039062
0 0.155208 0.900977 0.063542 0.093359
0 0.337500 0.905078 0.047917 0.089063
0 0.032552 0.895703 0.056771 0.106250
0 0.975260 0.243555 0.049479 0.140234
0 0.029167 0.381445 0.050000 0.133203
0 0.085417 0.381836 0.052083 0.129297
0 0.145052 0.383008 0.049479 0.130078
0 0.203646 0.384961 0.053125 0.131641
0 0.259635 0.387305 0.051562 0.132422
0 0.315625 0.387109 0.046875 0.132031
0 0.375521 0.385742 0.056250 0.129297
0 0.427865 0.389844 0.041146 0.117969
0 0.473177 0.397656 0.040104 0.112500
0 0.538021 0.349219 0.075000 0.042969
0 0.620313 0.350391 0.075000 0.041406
0 0.091146 0.889453 0.052083 0.108594
0 0.612760 0.397461 0.073438 0.037109
0 0.538021 0.439258 0.075000 0.037891
0 0.616146 0.442383 0.068750 0.037891
0 0.701042 0.406055 0.077083 0.118359
0 0.782292 0.407813 0.081250 0.117969
0 0.871615 0.410742 0.083854 0.117578
0 0.958854 0.414062 0.082292 0.113281
0 0.902865 0.536133 0.083854 0.101953
0 0.048438 0.525391 0.057292 0.089063
0 0.112240 0.522656 0.065104 0.087500
0 0.175000 0.518164 0.043750 0.101953
0 0.230469 0.524805 0.052604 0.094141
0 0.915365 0.248047 0.057813 0.130469
0 0.289583 0.533789 0.057292 0.082422
0 0.852865 0.245117 0.057813 0.132422
0 0.724740 0.241602 0.056771 0.133984
0 0.046875 0.057617 0.065625 0.108984
0 0.116927 0.056445 0.066146 0.108984
0 0.188021 0.058398 0.069792 0.110547
0 0.255990 0.059375 0.057813 0.112500
0 0.319792 0.059180 0.060417 0.114453
0 0.383594 0.058984 0.057813 0.114062
0 0.447396 0.060937 0.063542 0.117969
0 0.513021 0.064062 0.064583 0.113281
0 0.591146 0.064648 0.069792 0.125391
0 0.661458 0.065625 0.066667 0.127344
0 0.732552 0.067773 0.064062 0.126953
0 0.804427 0.066992 0.071354 0.130078
0 0.877604 0.069141 0.067708 0.134375
0 0.945573 0.071094 0.058854 0.135937
0 0.038802 0.216211 0.057813 0.138672
0 0.105990 0.218750 0.064062 0.141406
0 0.167969 0.221875 0.043229 0.137500
0 0.221354 0.222656 0.051042 0.136719
0 0.275260 0.225195 0.048438 0.141797
0 0.331510 0.224414 0.058854 0.137891
0 0.400521 0.226172 0.071875 0.141406
0 0.467969 0.223438 0.048438 0.138281
0 0.539844 0.229883 0.049479 0.133984
0 0.598437 0.232617 0.051042 0.133203
0 0.659375 0.237109 0.051042 0.133594
0 0.787240 0.239844 0.056771 0.135156
0 0.358073 0.535156 0.064062 0.081250
0 0.534115 0.395313 0.075521 0.043750
0 0.515885 0.526758 0.042188 0.100391
0 0.770573 0.679883 0.066146 0.032422
0 0.840625 0.646484 0.064583 0.033594
0 0.908594 0.650781 0.064062 0.031250
0 0.972396 0.648828 0.055208 0.032031
0 0.965885 0.683594 0.048438 0.032031
0 0.839323 0.680859 0.061979 0.032031
0 0.905990 0.682617 0.067187 0.029297
0 0.036198 0.764062 0.057813 0.100000
0 0.094271 0.758203 0.055208 0.114062
0 0.148438 0.768359 0.046875 0.098437
0 0.195052 0.764453 0.038021 0.103125
0 0.236198 0.761719 0.038021 0.110937
0 0.276302 0.761719 0.039062 0.112500
0 0.464062 0.526172 0.051042 0.107813
0 0.334115 0.794141 0.024479 0.046094
0 0.384375 0.804297 0.070833 0.032031
0 0.459896 0.754297 0.068750 0.070312
0 0.460156 0.808984 0.074479 0.035156
0 0.536198 0.778516 0.071354 0.089063
0 0.609375 0.780273 0.072917 0.092578
0 0.686719 0.782031 0.074479 0.091406
0 0.762500 0.784180 0.069792 0.091797
0 0.835677 0.786133 0.071354 0.089453
0 0.910156 0.787305 0.067187 0.089453
0 0.973698 0.788281 0.052604 0.091406
0 0.771875 0.643750 0.065625 0.034375
0 0.701302 0.675391 0.060937 0.033594
0 0.310156 0.791211 0.021354 0.050391
0 0.634115 0.676562 0.065104 0.035937
0 0.702604 0.639648 0.066667 0.032422
0 0.577604 0.492383 0.060417 0.035547
0 0.576823 0.529297 0.070312 0.032813
0 0.577604 0.565039 0.062500 0.033984
0 0.719271 0.497461 0.068750 0.037109
0 0.713802 0.533008 0.066146 0.031641
0 0.649479 0.496094 0.064583 0.030469
0 0.646354 0.529883 0.061458 0.030078
0 0.644271 0.568359 0.065625 0.034375
0 0.781771 0.516992 0.051042 0.027734
0 0.776302 0.544531 0.051562 0.025000
0 0.775260 0.574414 0.052604 0.027734
0 0.712760 0.569727 0.066146 0.035547
0 0.030208 0.629102 0.052083 0.083984
0 0.633854 0.638477 0.064583 0.032422
0 0.831771 0.575781 0.052083 0.024219
0 0.561719 0.673438 0.061979 0.032031
0 0.565625 0.638086 0.067708 0.033984
0 0.437240 0.643555 0.051562 0.080859
0 0.383333 0.637500 0.045833 0.087500
0 0.493750 0.648047 0.048958 0.072656
0 0.325000 0.638477 0.048958 0.079297
0 0.269271 0.639648 0.053125 0.083203
0 0.212500 0.633008 0.053125 0.083203
0 0.140625 0.631445 0.060417 0.075391
0 0.084375 0.629883 0.043750 0.080859
