0 0.038527 0.335697 0.055651 0.031010
0 0.645548 0.386418 0.109589 0.032933
0 0.762842 0.387620 0.118151 0.035337
0 0.770334 0.427524 0.114298 0.034856
0 0.652183 0.425120 0.104024 0.032452
0 0.555865 0.421635 0.061216 0.047115
0 0.868793 0.395673 0.056079 0.031250
0 0.866224 0.427163 0.061216 0.025962
0 0.933861 0.428245 0.061216 0.029087
0 0.935574 0.396154 0.060360 0.025000
0 0.492723 0.401562 0.060788 0.012740
0 0.493151 0.426322 0.059932 0.030048
0 0.035317 0.295673 0.062072 0.039423
0 0.427868 0.424639 0.065497 0.033894
0 0.285531 0.390865 0.056507 0.036058
0 0.352740 0.388101 0.068493 0.040144
0 0.353810 0.426322 0.062928 0.030048
0 0.288527 0.425721 0.055651 0.028846
0 0.215325 0.426082 0.080479 0.031971
0 0.208690 0.387500 0.075771 0.036538
0 0.122003 0.386298 0.076199 0.037981
0 0.121789 0.422957 0.080908 0.030529
0 0.038527 0.386538 0.071062 0.030288
0 0.041738 0.421274 0.066353 0.029567
0 0.869649 0.309856 0.050086 0.030288
0 0.872003 0.339543 0.049658 0.028125
0 0.423159 0.400601 0.056079 0.009856
0 0.223459 0.741587 0.049658 0.029808
0 0.228810 0.776923 0.064640 0.028846
0 0.958904 0.757212 0.082192 0.029808
0 0.040882 0.741346 0.080908 0.027885
0 0.046019 0.778486 0.070634 0.034375
0 0.138485 0.722596 0.089469 0.020673
0 0.141909 0.753486 0.079195 0.027163
0 0.138913 0.783053 0.077483 0.021875
0 0.042808 0.674639 0.077055 0.039183
0 0.124786 0.656490 0.066353 0.015385
0 0.295377 0.743630 0.066781 0.040144
0 0.303296 0.779808 0.060360 0.029808
0 0.365796 0.743510 0.058647 0.035577
0 0.372217 0.780288 0.056935 0.030769
0 0.127354 0.634856 0.052654 0.025481
0 0.199700 0.632332 0.074914 0.010337
0 0.441139 0.748437 0.065497 0.032933
0 0.519050 0.779928 0.068921 0.032452
0 0.521404 0.741587 0.073630 0.037019
0 0.598673 0.742668 0.062072 0.037260
0 0.600599 0.782692 0.069349 0.030769
0 0.984803 0.338101 0.030394 0.028606
0 0.685146 0.783654 0.072346 0.035096
0 0.689640 0.740625 0.068493 0.046154
0 0.771190 0.782332 0.068921 0.032452
0 0.772474 0.743870 0.062928 0.034375
0 0.859375 0.755409 0.087757 0.035817
0 0.867723 0.790024 0.087329 0.026202
0 0.959118 0.789663 0.081764 0.025481
0 0.446276 0.782212 0.072346 0.032212
0 0.190283 0.652284 0.051798 0.018990
0 0.982877 0.307452 0.034247 0.027404
0 0.931079 0.309375 0.055651 0.026442
0 0.258776 0.681731 0.060360 0.027885
0 0.257277 0.651442 0.070205 0.019712
0 0.127783 0.679207 0.064640 0.025240
0 0.401541 0.680168 0.064212 0.031971
0 0.400899 0.652885 0.056935 0.015385
0 0.405608 0.631611 0.064640 0.015144
0 0.474101 0.646154 0.059503 0.030769
0 0.778253 0.592788 0.057363 0.034615
0 0.471747 0.678365 0.067637 0.025962
0 0.549443 0.646394 0.075771 0.033173
0 0.632277 0.680889 0.072774 0.021394
0 0.626712 0.646514 0.074486 0.028125
0 0.706550 0.682813 0.068065 0.032452
0 0.711687 0.644471 0.071490 0.034615
0 0.787885 0.644832 0.068065 0.028125
0 0.783604 0.682332 0.063784 0.029087
0 0.550300 0.682332 0.075771 0.024279
0 0.863656 0.685216 0.083476 0.027644
0 0.706978 0.594952 0.060360 0.034135
0 0.625856 0.558413 0.059075 0.029327
0 0.326841 0.679087 0.056079 0.034615
0 0.329623 0.647115 0.065925 0.015865
0 0.958048 0.656490 0.083904 0.027404
0 0.956550 0.685337 0.080908 0.025481
0 0.166738 0.590745 0.090325 0.035337
0 0.163741 0.556611 0.101455 0.024279
0 0.263913 0.555889 0.086901 0.031971
0 0.638913 0.593510 0.056079 0.033654
0 0.271190 0.592187 0.080908 0.031490
0 0.348245 0.558173 0.059503 0.032212
0 0.416096 0.558413 0.072774 0.034135
0 0.418236 0.595072 0.068493 0.032933
0 0.488870 0.595433 0.064212 0.037500
0 0.487372 0.559615 0.058647 0.029327
0 0.559717 0.559495 0.068065 0.031971
0 0.558433 0.594351 0.066353 0.035337
0 0.344820 0.593750 0.062072 0.031731
0 0.933433 0.340865 0.056079 0.026923
0 0.869649 0.653606 0.088613 0.030769
0 0.069777 0.553726 0.065068 0.033894
0 0.791738 0.477043 0.054366 0.033413
0 0.788955 0.514062 0.057363 0.030529
0 0.938570 0.599399 0.066353 0.026202
0 0.934289 0.567548 0.070634 0.027885
0 0.854880 0.565865 0.079623 0.028846
0 0.858305 0.600000 0.072774 0.029808
0 0.982663 0.483173 0.034675 0.026442
0 0.700342 0.474760 0.098459 0.033654
0 0.981592 0.517188 0.036815 0.027163
0 0.924872 0.487019 0.059503 0.028365
0 0.856807 0.486659 0.061216 0.028606
0 0.854238 0.516587 0.064640 0.025481
0 0.954837 0.221034 0.051798 0.019952
0 0.956122 0.251202 0.050086 0.025000
0 0.903682 0.251683 0.052226 0.025962
0 0.900257 0.220553 0.044521 0.026683
0 0.926370 0.518149 0.067637 0.029087
0 0.081550 0.596394 0.060360 0.025000
0 0.705051 0.512740 0.103596 0.030288
0 0.592894 0.474880 0.109589 0.033894
0 0.016267 0.555409 0.027397 0.040144
0 0.020334 0.592909 0.040668 0.032452
0 0.062286 0.510337 0.060360 0.030288
0 0.055009 0.474038 0.056935 0.037500
0 0.133990 0.475000 0.084760 0.035577
0 0.135060 0.510216 0.074058 0.030048
0 0.218108 0.511538 0.077483 0.032692
0 0.590325 0.512380 0.095890 0.036779
0 0.299872 0.514423 0.074058 0.028846
0 0.219392 0.474760 0.074058 0.033654
0 0.300300 0.473678 0.074914 0.031490
0 0.378211 0.473317 0.055223 0.036538
0 0.444563 0.475481 0.064640 0.035096
0 0.194777 0.680529 0.060788 0.023077
0 0.508134 0.511178 0.064212 0.034375
0 0.442209 0.510216 0.059075 0.032452
0 0.374144 0.512260 0.065068 0.029327
0 0.509204 0.475361 0.053510 0.034856
0 0.433861 0.338582 0.068921 0.031971
0 0.025043 0.211178 0.044092 0.028606
0 0.146618 0.291587 0.092894 0.029327
0 0.141909 0.331130 0.116866 0.043510
0 0.593750 0.207572 0.106164 0.033413
0 0.499358 0.211178 0.059503 0.033894
0 0.510274 0.247476 0.072774 0.031971
0 0.434075 0.247356 0.062500 0.035096
0 0.360017 0.212740 0.053938 0.020192
0 0.363442 0.245553 0.056507 0.035337
0 0.294735 0.209495 0.055223 0.030529
0 0.226884 0.209375 0.067637 0.034615
0 0.167594 0.212380 0.040668 0.031490
0 0.965539 0.133894 0.068921 0.080769
0 0.962329 0.044111 0.075342 0.083413
0 0.819135 0.132692 0.203339 0.083173
0 0.822132 0.048077 0.183647 0.086058
0 0.609803 0.139303 0.139127 0.062740
0 0.612800 0.074519 0.140839 0.054808
0 0.405822 0.120072 0.175514 0.108413
0 0.208690 0.111178 0.188784 0.113221
0 0.054366 0.128365 0.104452 0.086058
0 0.053724 0.043149 0.105736 0.074279
0 0.410531 0.031851 0.173801 0.058413
0 0.209974 0.026322 0.177654 0.047837
0 0.242080 0.302885 0.082620 0.030288
0 0.242723 0.337861 0.071062 0.032933
0 0.430865 0.210457 0.062928 0.034856
0 0.310574 0.302043 0.049229 0.031490
0 0.365368 0.335457 0.051798 0.035337
0 0.366224 0.301322 0.044949 0.030529
0 0.307149 0.338101 0.055223 0.033413
0 0.032748 0.247837 0.056935 0.030288
0 0.499358 0.338702 0.059503 0.032212
0 0.103382 0.212981 0.082620 0.027885
0 0.097175 0.244952 0.061644 0.029327
0 0.163313 0.245433 0.049229 0.030288
0 0.224743 0.244952 0.047945 0.034135
0 0.289598 0.242788 0.057791 0.027404
0 0.835830 0.221875 0.053510 0.016827
0 0.430009 0.300962 0.065497 0.036058
0 0.742295 0.247356 0.130993 0.036538
0 0.716396 0.205889 0.122003 0.035337
0 0.781892 0.337380 0.107449 0.036779
0 0.655180 0.296034 0.105736 0.031010
0 0.661173 0.336779 0.104880 0.035577
0 0.773759 0.294952 0.109161 0.045673
0 0.564426 0.300240 0.067209 0.039904
0 0.498074 0.302284 0.056935 0.036298
0 0.610231 0.246034 0.114298 0.036298
0 0.573630 0.339663 0.062500 0.031731
