0 0.879687 0.683789 0.063542 0.121484
0 0.943750 0.695508 0.056250 0.140234
0 0.029427 0.639258 0.026562 0.094922
0 0.055990 0.644922 0.018229 0.096875
0 0.081510 0.654297 0.026562 0.088281
0 0.113542 0.657813 0.029167 0.095312
0 0.400781 0.730859 0.039062 0.107031
0 0.199219 0.678906 0.027604 0.103906
0 0.230990 0.691797 0.029687 0.096875
0 0.265885 0.699609 0.033854 0.102344
0 0.298698 0.711133 0.030729 0.091797
0 0.329427 0.714258 0.022396 0.098047
0 0.359115 0.725977 0.032813 0.098828
0 0.822135 0.674805 0.042188 0.129297
0 0.169271 0.675391 0.032292 0.095312
0 0.772656 0.666797 0.048438 0.118750
0 0.384375 0.591797 0.034375 0.110156
0 0.674219 0.643750 0.050521 0.126562
0 0.446094 0.741797 0.044271 0.103906
0 0.018750 0.531445 0.029167 0.096484
0 0.050781 0.535937 0.031771 0.089844
0 0.084375 0.540820 0.030208 0.099609
0 0.119010 0.543750 0.033854 0.103125
0 0.178646 0.543750 0.039583 0.093750
0 0.245833 0.568945 0.046875 0.110547
0 0.295052 0.572852 0.051562 0.101953
0 0.345052 0.588086 0.033854 0.108984
0 0.418490 0.598828 0.029687 0.114844
0 0.451042 0.610938 0.033333 0.099219
0 0.486979 0.618555 0.032292 0.108984
0 0.525521 0.626172 0.039583 0.105469
0 0.563802 0.630273 0.034896 0.113672
0 0.618229 0.633594 0.054167 0.129688
0 0.723958 0.657227 0.041667 0.124609
0 0.489323 0.750781 0.036979 0.100781
0 0.234635 0.798633 0.024479 0.086328
0 0.564063 0.770117 0.031250 0.108984
0 0.368490 0.840234 0.027604 0.092969
0 0.400781 0.851367 0.030729 0.100391
0 0.432031 0.860547 0.031771 0.094531
0 0.464062 0.868359 0.027083 0.100781
0 0.496875 0.877148 0.039583 0.099609
0 0.905208 0.972461 0.048958 0.055078
0 0.339323 0.829883 0.030729 0.094141
0 0.852604 0.961719 0.045833 0.076563
0 0.747656 0.948242 0.043229 0.101172
0 0.699219 0.939063 0.041146 0.113281
0 0.655469 0.924023 0.034896 0.105078
0 0.617188 0.916016 0.035417 0.113281
0 0.571875 0.900977 0.030208 0.101953
0 0.538281 0.891406 0.032813 0.103906
0 0.802083 0.954102 0.051042 0.085547
0 0.303125 0.819141 0.035417 0.093750
0 0.264583 0.807422 0.035417 0.095312
0 0.953646 0.516992 0.056250 0.134766
0 0.608854 0.779492 0.057292 0.112109
0 0.661719 0.791797 0.047396 0.128125
0 0.712500 0.805859 0.046875 0.119531
0 0.761198 0.817773 0.042188 0.121484
0 0.812500 0.831250 0.055208 0.114062
0 0.866406 0.842187 0.048438 0.130469
0 0.921094 0.855859 0.048438 0.136719
0 0.975781 0.871875 0.047396 0.128125
0 0.011458 0.731250 0.022917 0.080469
0 0.045052 0.739062 0.036979 0.080469
0 0.080729 0.751563 0.022917 0.078125
0 0.108333 0.758008 0.029167 0.084766
0 0.143490 0.773047 0.033854 0.087500
0 0.176302 0.779883 0.026562 0.082422
0 0.204948 0.789648 0.026562 0.087109
0 0.526823 0.754687 0.033854 0.099219
0 0.892448 0.511523 0.051562 0.136328
0 0.140365 0.664844 0.019271 0.097656
0 0.772656 0.496094 0.060937 0.139063
0 0.627865 0.141016 0.024479 0.135156
0 0.662240 0.144141 0.031771 0.136719
0 0.695833 0.141992 0.030208 0.133984
0 0.730469 0.148242 0.033854 0.122266
0 0.783333 0.146484 0.058333 0.119531
0 0.836198 0.129883 0.036979 0.155859
0 0.880469 0.126758 0.048438 0.152734
0 0.934115 0.121289 0.053646 0.161328
0 0.981771 0.119922 0.035417 0.163281
0 0.034635 0.296094 0.016146 0.075000
0 0.052083 0.298047 0.014583 0.073438
0 0.070573 0.302930 0.019271 0.064453
0 0.091667 0.303320 0.019792 0.062891
0 0.120833 0.312891 0.029167 0.081250
0 0.147396 0.308398 0.021875 0.092578
0 0.598958 0.155273 0.031250 0.114453
0 0.171354 0.304883 0.020833 0.108203
0 0.569010 0.147070 0.024479 0.132422
0 0.508333 0.152344 0.017708 0.121094
0 0.013021 0.162695 0.026042 0.120703
0 0.053906 0.173633 0.018229 0.099609
0 0.076302 0.161133 0.026562 0.123828
0 0.104167 0.166602 0.025000 0.112891
0 0.129688 0.166211 0.022917 0.113672
0 0.155729 0.178125 0.021875 0.087500
0 0.203906 0.162109 0.028646 0.116406
0 0.235417 0.168555 0.034375 0.103516
0 0.273958 0.166797 0.038542 0.103906
0 0.835677 0.503711 0.052604 0.133984
0 0.311979 0.165430 0.036458 0.106641
0 0.354687 0.163281 0.040625 0.109375
0 0.392969 0.171289 0.035937 0.094922
0 0.426042 0.152539 0.019792 0.127734
0 0.452344 0.151367 0.026562 0.131641
0 0.536719 0.154297 0.033854 0.116406
0 0.195312 0.304688 0.020833 0.107031
0 0.483073 0.152148 0.025521 0.133203
0 0.258854 0.312305 0.036458 0.098828
0 0.200000 0.436719 0.033333 0.103125
0 0.222656 0.456445 0.013021 0.069141
0 0.253385 0.442773 0.046354 0.101953
0 0.302604 0.448633 0.042708 0.114453
0 0.650521 0.486719 0.053125 0.117969
0 0.223698 0.307617 0.031771 0.101172
0 0.168750 0.435937 0.026042 0.100000
0 0.342969 0.456641 0.038021 0.096094
0 0.411198 0.465430 0.039062 0.099609
0 0.445312 0.469922 0.030208 0.107813
0 0.484375 0.472070 0.042708 0.105078
0 0.539062 0.475195 0.038542 0.109766
0 0.572135 0.477734 0.023438 0.105469
0 0.605208 0.484180 0.032292 0.118359
0 0.377604 0.461719 0.025000 0.103906
0 0.135937 0.433203 0.035417 0.104688
0 0.709375 0.492578 0.061458 0.133594
0 0.368750 0.315430 0.040625 0.106641
0 0.069010 0.398047 0.070312 0.120313
0 0.545052 0.321094 0.046354 0.116406
0 0.496615 0.319141 0.043229 0.114062
0 0.452865 0.318945 0.041146 0.112109
0 0.410156 0.317188 0.036979 0.108594
0 0.657031 0.319922 0.053646 0.132031
0 0.329167 0.315430 0.034375 0.101953
0 0.601562 0.316211 0.057292 0.126172
0 0.765885 0.325586 0.047396 0.128516
0 0.818229 0.351367 0.054167 0.086328
0 0.870573 0.351758 0.043229 0.088672
0 0.916667 0.359375 0.047917 0.075781
0 0.295573 0.314063 0.032813 0.100000
0 0.961979 0.356250 0.036458 0.085938
0 0.714323 0.322852 0.050521 0.127734
