0 0.387868 0.364277 0.046160 0.043505
0 0.338848 0.357690 0.048611 0.054841
0 0.284518 0.474265 0.044526 0.025123
0 0.282680 0.358456 0.056373 0.064951
0 0.230801 0.356771 0.044935 0.063419
0 0.286152 0.444240 0.041258 0.028186
0 0.341708 0.438879 0.060866 0.027267
0 0.328840 0.470282 0.041667 0.033088
0 0.374592 0.469363 0.044935 0.030637
0 0.417688 0.442555 0.036356 0.027267
0 0.422590 0.472733 0.048611 0.025735
0 0.517770 0.463388 0.043709 0.052390
0 0.564542 0.470588 0.042484 0.028799
0 0.563113 0.440104 0.039624 0.034007
0 0.678922 0.471048 0.053105 0.027267
0 0.184641 0.354473 0.047386 0.066789
0 0.115196 0.353248 0.081699 0.066789
0 0.977941 0.213695 0.044118 0.102635
0 0.935049 0.215686 0.037582 0.096814
0 0.897059 0.211703 0.037582 0.103554
0 0.863154 0.212776 0.029412 0.102635
0 0.830065 0.212929 0.035948 0.101103
0 0.468342 0.459559 0.039624 0.052696
0 0.354779 0.756281 0.090278 0.024203
0 0.574755 0.215227 0.053105 0.098958
0 0.735498 0.214461 0.049428 0.104167
0 0.699551 0.552083 0.046977 0.025735
0 0.284926 0.232077 0.033088 0.066483
0 0.244281 0.216146 0.046569 0.098346
0 0.204248 0.217371 0.035948 0.100797
0 0.712623 0.582261 0.060049 0.029718
0 0.741013 0.464154 0.031863 0.051471
0 0.779412 0.464461 0.042484 0.035539
0 0.161969 0.217678 0.046160 0.101409
0 0.120915 0.216452 0.036765 0.097733
0 0.080474 0.216605 0.044118 0.096814
0 0.756740 0.790288 0.050245 0.089767
0 0.815972 0.806832 0.055147 0.080576
0 0.866422 0.817862 0.042484 0.056066
0 0.145833 0.574755 0.039216 0.040441
0 0.973856 0.456036 0.042484 0.073223
0 0.931373 0.458487 0.033497 0.056679
0 0.902165 0.465227 0.022467 0.037071
0 0.639093 0.555913 0.046160 0.026654
0 0.786356 0.212010 0.046569 0.102328
0 0.576185 0.555760 0.043709 0.026348
0 0.636234 0.523591 0.055964 0.030637
0 0.685866 0.208946 0.044935 0.102941
0 0.630515 0.214920 0.054330 0.096507
0 0.430760 0.369026 0.040441 0.038909
0 0.519608 0.213695 0.056373 0.096507
0 0.470180 0.230239 0.036765 0.067096
0 0.434845 0.228554 0.035539 0.064338
0 0.396242 0.233150 0.037582 0.065564
0 0.359886 0.230699 0.034314 0.060049
0 0.322100 0.232690 0.040441 0.067096
0 0.383987 0.637868 0.041667 0.045956
0 0.434028 0.681066 0.055964 0.039828
0 0.318219 0.675705 0.058007 0.045650
0 0.264910 0.654718 0.049428 0.022672
0 0.250000 0.687653 0.044935 0.022365
0 0.188113 0.691636 0.054330 0.020527
0 0.194444 0.666667 0.053922 0.022672
0 0.126021 0.669577 0.059232 0.064032
0 0.522059 0.541207 0.058007 0.016238
0 0.495711 0.644608 0.046977 0.026348
0 0.169730 0.768076 0.064951 0.017157
0 0.551879 0.630208 0.042484 0.016544
0 0.379085 0.526961 0.047386 0.039828
0 0.906046 0.821998 0.036765 0.065564
0 0.949959 0.800092 0.026552 0.055453
0 0.372549 0.571385 0.043301 0.038603
0 0.428309 0.566023 0.041258 0.027880
0 0.430351 0.526042 0.039624 0.033088
0 0.467729 0.567862 0.038399 0.038297
0 0.522263 0.571538 0.049428 0.027267
0 0.582721 0.585172 0.050245 0.030637
0 0.653186 0.583487 0.052288 0.027267
0 0.676062 0.816483 0.072712 0.037990
0 0.670956 0.772672 0.074755 0.052696
0 0.834355 0.354779 0.022467 0.045956
0 0.572712 0.814032 0.086601 0.033088
0 0.869281 0.454810 0.038399 0.066483
0 0.569444 0.776654 0.071078 0.031863
0 0.459150 0.747702 0.074346 0.052390
0 0.459967 0.824449 0.098856 0.049632
0 0.354984 0.812347 0.080882 0.032169
0 0.157067 0.812653 0.083742 0.040135
0 0.449142 0.315717 0.045343 0.062806
0 0.477533 0.364737 0.048203 0.040135
0 0.522467 0.366115 0.040033 0.044730
0 0.566789 0.338848 0.037173 0.030637
0 0.568423 0.370864 0.040441 0.033395
0 0.616626 0.372396 0.038807 0.034007
0 0.657884 0.373315 0.036356 0.037684
0 0.700980 0.357384 0.031046 0.032169
0 0.762459 0.354779 0.030637 0.043505
0 0.797181 0.352788 0.036356 0.041973
0 0.564134 0.741881 0.085784 0.043199
0 0.556168 0.664522 0.056781 0.025735
0 0.338235 0.526501 0.038399 0.043811
0 0.227941 0.516850 0.029412 0.022059
0 0.607435 0.658701 0.052288 0.021446
0 0.658497 0.630821 0.053105 0.017770
0 0.662582 0.648131 0.049020 0.016850
0 0.663603 0.663756 0.051062 0.016850
0 0.708129 0.638327 0.023284 0.041973
0 0.731618 0.637868 0.025327 0.044118
0 0.764910 0.640165 0.035539 0.048100
0 0.794118 0.641391 0.027778 0.041973
0 0.743668 0.689185 0.055964 0.027880
0 0.800858 0.689338 0.065768 0.028799
0 0.860498 0.678615 0.046160 0.053922
0 0.947917 0.695466 0.104167 0.018995
0 0.870507 0.620864 0.057190 0.011949
0 0.870915 0.636642 0.058007 0.022059
0 0.327002 0.570619 0.041258 0.037071
0 0.168913 0.744945 0.063317 0.016238
0 0.241217 0.474265 0.040441 0.024510
0 0.242443 0.445312 0.045343 0.027880
0 0.171977 0.440717 0.053105 0.028493
0 0.197712 0.471507 0.044935 0.033088
0 0.148693 0.472426 0.047386 0.030025
0 0.109681 0.469975 0.026552 0.025123
0 0.915850 0.369485 0.040033 0.049632
0 0.872345 0.354779 0.029003 0.050858
0 0.187092 0.571844 0.042484 0.045650
0 0.182802 0.519148 0.027369 0.024203
0 0.241626 0.561887 0.031454 0.033701
0 0.278799 0.567862 0.036356 0.038297
0 0.293096 0.528339 0.039624 0.037684
0 0.262459 0.523131 0.025735 0.029718
0 0.353145 0.781863 0.087010 0.025735
0 0.825980 0.465993 0.037582 0.045956
