0 0.142770 0.361520 0.042075 0.098652
0 0.801062 0.369179 0.033497 0.071691
0 0.867647 0.369179 0.031046 0.071691
0 0.834967 0.369945 0.031046 0.071385
0 0.184232 0.363205 0.037582 0.097733
0 0.312500 0.366268 0.041667 0.089154
0 0.269199 0.365043 0.037582 0.090993
0 0.353350 0.367188 0.035948 0.089154
0 0.394199 0.367647 0.040850 0.088235
0 0.433619 0.366268 0.034722 0.087316
0 0.468342 0.366268 0.033905 0.089154
0 0.504698 0.366575 0.035539 0.087929
0 0.545752 0.368566 0.038399 0.080270
0 0.622345 0.376379 0.033088 0.062806
0 0.656454 0.376379 0.033497 0.062806
0 0.692402 0.375306 0.034314 0.064951
0 0.726103 0.374847 0.031454 0.064032
0 0.765319 0.369332 0.033088 0.070159
0 0.226920 0.365656 0.046160 0.090380
0 0.585784 0.365809 0.036765 0.083946
0 0.977124 0.262561 0.031863 0.064338
0 0.046977 0.363205 0.043301 0.099571
0 0.268791 0.250460 0.039216 0.070159
0 0.311275 0.253064 0.044935 0.069240
0 0.354779 0.254749 0.038807 0.067708
0 0.395221 0.255668 0.040441 0.070159
0 0.436275 0.255974 0.037582 0.067708
0 0.475490 0.257812 0.039216 0.069547
0 0.444649 0.479779 0.042892 0.084559
0 0.484681 0.478401 0.037990 0.085478
0 0.520629 0.477635 0.033088 0.084559
0 0.558007 0.476562 0.034314 0.084865
0 0.517974 0.258732 0.039216 0.070772
0 0.557394 0.261029 0.036356 0.067402
0 0.596814 0.261642 0.035948 0.066789
0 0.633987 0.260570 0.033497 0.066483
0 0.670139 0.261489 0.032271 0.066483
0 0.705474 0.261795 0.032680 0.064645
0 0.740605 0.261949 0.031863 0.061275
0 0.774510 0.263327 0.031863 0.061581
0 0.806168 0.264093 0.027369 0.061887
0 0.838031 0.265165 0.031454 0.063419
0 0.873570 0.264093 0.034722 0.066176
0 0.906658 0.264246 0.029820 0.065870
0 0.942402 0.262255 0.033497 0.065564
0 0.902165 0.368413 0.034722 0.074449
0 0.011438 0.362439 0.022876 0.098652
0 0.095588 0.360600 0.046569 0.099265
0 0.936275 0.368107 0.029412 0.071385
0 0.929126 0.576287 0.029820 0.080270
0 0.018178 0.489583 0.036356 0.096201
0 0.105188 0.605699 0.037990 0.094363
0 0.149510 0.604320 0.041667 0.094669
0 0.195874 0.601409 0.046160 0.090074
0 0.238358 0.598805 0.037990 0.089154
0 0.279208 0.598039 0.037173 0.087623
0 0.318423 0.597580 0.036356 0.084865
0 0.593137 0.477482 0.031046 0.082414
0 0.627655 0.478094 0.032271 0.077512
0 0.665033 0.475950 0.033497 0.079963
0 0.700368 0.473805 0.030637 0.076900
0 0.062296 0.607230 0.042892 0.097426
0 0.734273 0.473958 0.030637 0.077819
0 0.801266 0.479779 0.031454 0.061887
0 0.832925 0.478401 0.026961 0.060968
0 0.356209 0.595129 0.035948 0.081801
0 0.395833 0.594363 0.035948 0.083333
0 0.435458 0.592218 0.038399 0.078431
0 0.475286 0.589461 0.036356 0.077819
0 0.512459 0.588388 0.033905 0.079350
0 0.549632 0.586857 0.034722 0.081189
0 0.896650 0.478554 0.029412 0.061275
0 0.865400 0.479473 0.032271 0.060049
0 0.766340 0.479013 0.032680 0.062194
0 0.019812 0.607537 0.039624 0.096201
0 0.986111 0.474877 0.024510 0.058211
0 0.959355 0.476869 0.027369 0.059130
0 0.059028 0.488817 0.038807 0.100797
0 0.102124 0.484069 0.045752 0.095588
0 0.149714 0.484835 0.042075 0.094056
0 0.192402 0.484528 0.039216 0.092218
0 0.235294 0.485907 0.040033 0.091912
0 0.277778 0.484375 0.037582 0.090074
0 0.319036 0.484375 0.037582 0.086397
0 0.358047 0.482690 0.036356 0.086703
0 0.398897 0.480699 0.038807 0.089461
0 0.014297 0.760723 0.028595 0.086397
0 0.967933 0.575521 0.042075 0.080576
0 0.897263 0.578891 0.030637 0.082414
0 0.865400 0.581036 0.026552 0.079350
0 0.832312 0.581495 0.033905 0.080882
0 0.797590 0.582261 0.029820 0.079350
0 0.763072 0.583180 0.036765 0.079963
0 0.720180 0.584559 0.027778 0.060662
0 0.687296 0.586703 0.033088 0.064338
0 0.652778 0.581342 0.031863 0.077512
0 0.619077 0.583027 0.032271 0.082108
0 0.584355 0.585325 0.030637 0.079350
0 0.929534 0.478401 0.027369 0.057904
0 0.226920 0.249847 0.040441 0.073836
0 0.968954 0.370404 0.032680 0.070466
0 0.181781 0.247396 0.046569 0.078738
0 0.332312 0.751685 0.044526 0.057292
0 0.084763 0.244945 0.050245 0.073836
0 0.135825 0.245711 0.042075 0.077819
0 0.968342 0.687040 0.042892 0.076900
0 0.917892 0.687194 0.040850 0.085784
0 0.876430 0.694700 0.034722 0.073223
0 0.840482 0.699142 0.030637 0.066789
0 0.806781 0.699755 0.031046 0.079044
0 0.738562 0.718137 0.033497 0.049632
0 0.703023 0.720741 0.035948 0.051164
0 0.663603 0.722733 0.036356 0.052696
0 0.624796 0.726869 0.035539 0.053615
0 0.588644 0.728094 0.031046 0.053002
0 0.773897 0.715686 0.033088 0.050858
0 0.508783 0.733456 0.046977 0.061887
0 0.099877 0.756434 0.041258 0.083946
0 0.034109 0.245711 0.042892 0.077206
0 0.552696 0.731158 0.035131 0.056679
0 0.055351 0.757506 0.045343 0.086091
0 0.195874 0.742800 0.040441 0.092831
0 0.146855 0.751685 0.047794 0.086703
0 0.285539 0.739583 0.041667 0.086397
0 0.375408 0.743719 0.031863 0.056679
0 0.419730 0.742341 0.035539 0.060662
0 0.462827 0.737439 0.039216 0.060662
0 0.237541 0.739583 0.042075 0.091912
