0 0.933073 0.627539 0.025521 0.042578
0 0.964063 0.620898 0.029167 0.042578
0 0.991667 0.612500 0.016667 0.042188
0 0.885677 0.557227 0.032813 0.055859
0 0.950521 0.548633 0.028125 0.051172
0 0.906771 0.628516 0.021875 0.049219
0 0.918490 0.550977 0.025521 0.055859
0 0.977083 0.538672 0.019792 0.051562
0 0.859635 0.640039 0.024479 0.044141
0 0.780469 0.656641 0.029687 0.058594
0 0.836979 0.650977 0.016667 0.039453
0 0.808854 0.652539 0.021875 0.058203
0 0.206510 0.562500 0.045312 0.080469
0 0.260417 0.556250 0.051042 0.075781
0 0.356510 0.535156 0.030729 0.076563
0 0.390365 0.534375 0.027604 0.073438
0 0.422656 0.530469 0.029687 0.072656
0 0.885156 0.639258 0.017188 0.034766
0 0.819271 0.569531 0.028125 0.055469
0 0.455469 0.641211 0.026562 0.058984
0 0.750000 0.579688 0.032292 0.065625
0 0.497135 0.629687 0.031771 0.064844
0 0.424479 0.645898 0.022917 0.062891
0 0.390885 0.651172 0.026562 0.065625
0 0.356510 0.656055 0.024479 0.064453
0 0.313281 0.662109 0.040104 0.078125
0 0.267969 0.673828 0.043229 0.070312
0 0.210156 0.686523 0.046354 0.080078
0 0.108333 0.708008 0.056250 0.080859
0 0.785937 0.577539 0.028125 0.057422
0 0.043229 0.715820 0.045833 0.080078
0 0.094792 0.584375 0.046875 0.076563
0 0.150000 0.575586 0.043750 0.076172
0 0.537240 0.622461 0.039062 0.061328
0 0.576562 0.618555 0.027083 0.060547
0 0.614583 0.605078 0.041667 0.065625
0 0.653125 0.605078 0.028125 0.059375
0 0.685417 0.595313 0.029167 0.058594
0 0.718229 0.584375 0.027083 0.069531
0 0.030990 0.585742 0.035937 0.093359
0 0.739323 0.664453 0.031771 0.056250
0 0.853385 0.563867 0.028646 0.053516
0 0.675000 0.680469 0.028125 0.059375
0 0.456250 0.530664 0.028125 0.056641
0 0.348698 0.908984 0.029687 0.058594
0 0.389062 0.892773 0.042708 0.066016
0 0.429427 0.882031 0.027604 0.061719
0 0.464323 0.869727 0.035937 0.058984
0 0.543490 0.849023 0.030729 0.063672
0 0.577865 0.836523 0.034896 0.058203
0 0.614062 0.822852 0.032292 0.058984
0 0.311198 0.919531 0.035937 0.057813
0 0.650260 0.814063 0.031771 0.059375
0 0.709635 0.797852 0.024479 0.051172
0 0.738802 0.772461 0.024479 0.074609
0 0.770573 0.768359 0.018229 0.070312
0 0.829167 0.757031 0.065625 0.074219
0 0.890885 0.744336 0.040104 0.068359
0 0.918490 0.722656 0.016146 0.071094
0 0.943750 0.715820 0.017708 0.074609
0 0.971615 0.737891 0.026562 0.022656
0 0.681510 0.810937 0.018229 0.048438
0 0.707031 0.675586 0.028646 0.058203
0 0.275521 0.921680 0.029167 0.086328
0 0.199740 0.943164 0.034896 0.094141
0 0.640625 0.689844 0.027083 0.053906
0 0.607292 0.696875 0.035417 0.054688
0 0.575000 0.704102 0.023958 0.062109
0 0.541667 0.712695 0.030208 0.062891
0 0.504687 0.720117 0.032292 0.065234
0 0.465365 0.732617 0.031771 0.064453
0 0.428646 0.739062 0.037500 0.064844
0 0.385677 0.749609 0.035937 0.065625
0 0.240365 0.933594 0.033854 0.088281
0 0.340885 0.759570 0.036979 0.069141
0 0.260156 0.785547 0.032813 0.067969
0 0.217188 0.789844 0.037500 0.072656
0 0.165625 0.805859 0.045833 0.068750
0 0.127865 0.812305 0.033854 0.066797
0 0.078906 0.827930 0.041146 0.063672
0 0.041667 0.834961 0.028125 0.062891
0 0.102865 0.975391 0.053646 0.049219
0 0.158073 0.966406 0.039062 0.053125
0 0.301823 0.771289 0.034896 0.056641
0 0.497917 0.519141 0.033333 0.064844
0 0.925781 0.460547 0.030729 0.057031
0 0.575521 0.509375 0.039583 0.071094
0 0.981250 0.187695 0.013542 0.048828
0 0.978906 0.282813 0.029687 0.051562
0 0.952083 0.273633 0.019792 0.062891
0 0.923958 0.280859 0.023958 0.055469
0 0.894271 0.279102 0.026042 0.061328
0 0.856510 0.281055 0.032813 0.066016
0 0.817448 0.280859 0.030729 0.061719
0 0.785156 0.283398 0.026562 0.056641
0 0.726302 0.286133 0.038021 0.069141
0 0.681510 0.290625 0.032813 0.068750
0 0.646354 0.290820 0.032292 0.070703
0 0.607292 0.293359 0.038542 0.069531
0 0.565365 0.296484 0.036979 0.076563
0 0.529167 0.289648 0.022917 0.092578
0 0.499479 0.288672 0.025000 0.098437
0 0.467448 0.287891 0.027604 0.100000
0 0.437760 0.291211 0.029687 0.100391
0 0.960677 0.190820 0.022396 0.044922
0 0.934635 0.193164 0.019271 0.040234
0 0.915104 0.193750 0.015625 0.039062
0 0.894271 0.193750 0.020833 0.041406
0 0.045573 0.155469 0.058854 0.091406
0 0.113802 0.154297 0.049479 0.087500
0 0.175000 0.151172 0.055208 0.085156
0 0.537500 0.513672 0.033333 0.064844
0 0.342187 0.152930 0.047917 0.081641
0 0.392188 0.151562 0.034375 0.079687
0 0.440885 0.146289 0.035937 0.083984
0 0.485677 0.149219 0.038021 0.080469
0 0.406250 0.294336 0.025000 0.102734
0 0.532031 0.149219 0.036979 0.082031
0 0.619010 0.154297 0.035937 0.065625
0 0.658854 0.153906 0.034375 0.066406
0 0.700260 0.154297 0.034896 0.070312
0 0.736979 0.151562 0.020833 0.068750
0 0.765885 0.151562 0.026562 0.068750
0 0.801042 0.182227 0.020833 0.062109
0 0.835938 0.179492 0.029167 0.065234
0 0.868490 0.184961 0.018229 0.050391
0 0.574479 0.152344 0.034375 0.069531
0 0.366146 0.294336 0.026042 0.105078
0 0.232292 0.149609 0.044792 0.081250
0 0.224219 0.306055 0.033854 0.096484
0 0.803125 0.375781 0.045833 0.075781
0 0.848958 0.372461 0.032292 0.069141
0 0.884375 0.370312 0.030208 0.064844
0 0.916406 0.364453 0.023438 0.069531
0 0.944792 0.364063 0.031250 0.066406
0 0.976562 0.363281 0.030208 0.059375
0 0.989323 0.448437 0.021354 0.065625
0 0.958073 0.456055 0.031771 0.055078
0 0.891146 0.464453 0.031250 0.057813
0 0.859115 0.469141 0.025521 0.055469
0 0.822656 0.475391 0.034896 0.060156
0 0.789062 0.481250 0.034375 0.057031
0 0.751042 0.489063 0.031250 0.063281
0 0.719010 0.492969 0.028646 0.068750
0 0.654167 0.501563 0.025000 0.062500
0 0.615625 0.502344 0.029167 0.069531
0 0.332292 0.291797 0.031250 0.114062
0 0.748958 0.379492 0.030208 0.070703
0 0.715104 0.385742 0.023958 0.064453
0 0.687240 0.493164 0.026562 0.063672
0 0.641927 0.396094 0.023438 0.063281
0 0.681510 0.389258 0.032813 0.066016
0 0.141927 0.295508 0.029687 0.083203
0 0.105729 0.297656 0.033333 0.089844
0 0.058333 0.292187 0.040625 0.109375
0 0.017969 0.293359 0.035937 0.109375
0 0.021094 0.458594 0.039062 0.089063
0 0.073177 0.446680 0.061979 0.095703
0 0.137760 0.446680 0.053646 0.089453
0 0.190885 0.442969 0.052604 0.078906
0 0.179427 0.294531 0.031771 0.082812
0 0.248177 0.431250 0.041146 0.085156
0 0.350260 0.425586 0.041146 0.089453
0 0.396094 0.418359 0.039062 0.073438
0 0.441927 0.413672 0.034896 0.080469
0 0.486458 0.411523 0.036458 0.073828
0 0.526042 0.407031 0.039583 0.067969
0 0.565365 0.398828 0.030729 0.068750
0 0.607031 0.394727 0.032813 0.073047
