0 0.099023 0.892969 0.061328 0.193229
0 0.210742 0.795833 0.116016 0.042708
0 0.483789 0.339323 0.031641 0.079687
0 0.500000 0.227344 0.025000 0.147396
0 0.423633 0.060156 0.066797 0.115104
0 0.450781 0.196354 0.031250 0.095833
0 0.404492 0.181510 0.028516 0.092188
0 0.371289 0.179688 0.039453 0.129167
0 0.354297 0.327604 0.039844 0.108333
0 0.305664 0.318229 0.037891 0.113542
0 0.105469 0.609896 0.051562 0.177083
0 0.155859 0.608333 0.050781 0.177083
0 0.241016 0.583594 0.113281 0.054688
0 0.257227 0.640365 0.113672 0.038021
0 0.262891 0.307031 0.047656 0.129688
0 0.210547 0.848437 0.111719 0.053125
0 0.037891 0.910156 0.053906 0.179688
0 0.420117 0.326562 0.030859 0.111458
0 0.522656 0.260156 0.019531 0.153646
0 0.652539 0.887500 0.035547 0.101042
0 0.567578 0.598698 0.020313 0.094271
0 0.502734 0.840625 0.014063 0.079167
0 0.525977 0.834635 0.026953 0.076563
0 0.492578 0.775000 0.044531 0.029167
0 0.554688 0.800781 0.021094 0.085938
0 0.577344 0.790365 0.023438 0.086979
0 0.598047 0.771875 0.019531 0.085417
0 0.618945 0.775260 0.023828 0.053646
0 0.639648 0.757292 0.019922 0.070833
0 0.658203 0.749219 0.016406 0.064062
0 0.674414 0.735938 0.016797 0.057292
0 0.683008 0.859896 0.025391 0.091667
0 0.709180 0.831771 0.025391 0.115625
0 0.473047 0.673698 0.034375 0.056771
0 0.507031 0.709375 0.028125 0.066667
0 0.539258 0.705990 0.023047 0.059896
0 0.561914 0.951823 0.098828 0.080729
0 0.588477 0.647135 0.016797 0.078646
0 0.380859 0.740104 0.014844 0.122917
0 0.400781 0.696615 0.024219 0.065104
0 0.441406 0.701823 0.030469 0.077604
0 0.473828 0.881771 0.044531 0.039583
0 0.289453 0.777865 0.037500 0.128646
0 0.354883 0.594792 0.026172 0.110417
0 0.327148 0.602344 0.026953 0.132812
0 0.488086 0.573958 0.031641 0.097917
0 0.429688 0.583854 0.042969 0.097917
0 0.508398 0.455729 0.044141 0.101042
0 0.442188 0.457292 0.052344 0.103125
0 0.359375 0.456250 0.029687 0.109375
0 0.546875 0.277344 0.012500 0.147396
0 0.318750 0.458333 0.047656 0.113542
0 0.136914 0.201302 0.087109 0.402604
0 0.207031 0.198177 0.050781 0.394271
0 0.016406 0.300000 0.032813 0.331250
0 0.035742 0.632812 0.051953 0.193750
0 0.327734 0.770312 0.035156 0.133333
0 0.360352 0.746354 0.024609 0.113542
0 0.372266 0.941146 0.068750 0.064583
0 0.431836 0.895052 0.034766 0.073438
0 0.264648 0.464583 0.056641 0.126042
0 0.543750 0.601823 0.024219 0.083854
