0 0.451389 0.180760 0.042484 0.098652
0 0.012868 0.205882 0.023284 0.087010
0 0.407271 0.185662 0.044118 0.106005
0 0.042892 0.203125 0.032680 0.091299
0 0.121528 0.197917 0.038807 0.093137
0 0.965278 0.302083 0.046569 0.065564
0 0.629902 0.314032 0.044935 0.108456
0 0.678513 0.310968 0.052288 0.115196
0 0.729167 0.306679 0.047386 0.112132
0 0.451389 0.314338 0.050654 0.096814
0 0.497549 0.311581 0.044935 0.101716
0 0.923611 0.302390 0.036765 0.066789
0 0.541871 0.310662 0.043709 0.104779
0 0.486928 0.687500 0.023693 0.066176
0 0.511438 0.689338 0.023693 0.061887
0 0.535539 0.694547 0.026961 0.074142
0 0.562704 0.694240 0.024101 0.067402
0 0.327410 0.190564 0.038807 0.096201
0 0.617647 0.698223 0.024510 0.065564
0 0.583333 0.308211 0.037582 0.108456
0 0.643791 0.702206 0.027778 0.074142
0 0.886029 0.303309 0.039216 0.069240
0 0.817402 0.308824 0.028595 0.073529
0 0.497958 0.179841 0.049837 0.102328
0 0.556168 0.182598 0.039624 0.096201
0 0.598448 0.174326 0.043301 0.113358
0 0.645833 0.171569 0.048203 0.107843
0 0.370507 0.190564 0.027778 0.096814
0 0.741830 0.168811 0.052288 0.114583
0 0.848856 0.305147 0.034314 0.066176
0 0.782475 0.171875 0.027369 0.096814
0 0.845180 0.167892 0.026961 0.098652
0 0.874592 0.164828 0.032680 0.091299
0 0.909314 0.162684 0.036765 0.093750
0 0.947304 0.164828 0.039216 0.097426
0 0.982843 0.164522 0.032680 0.099265
0 0.782067 0.313113 0.042892 0.069853
0 0.814134 0.170037 0.034314 0.095588
0 0.079657 0.200368 0.040850 0.094975
0 0.678513 0.704350 0.027778 0.069240
0 0.734886 0.707108 0.030229 0.074755
0 0.091912 0.314032 0.032680 0.093137
0 0.125613 0.314338 0.034722 0.093137
0 0.162990 0.314645 0.036765 0.094363
0 0.205065 0.310662 0.047386 0.103554
0 0.285539 0.311581 0.040850 0.091299
0 0.322917 0.311887 0.033905 0.091912
0 0.059641 0.317708 0.029412 0.089461
0 0.359069 0.314951 0.033497 0.104167
0 0.411765 0.399663 0.040850 0.049939
0 0.410131 0.443015 0.045752 0.033088
0 0.283497 0.189338 0.044935 0.100490
0 0.236928 0.189951 0.045752 0.103554
0 0.191993 0.194240 0.037582 0.094975
0 0.155229 0.196691 0.029412 0.096201
0 0.395425 0.310662 0.032680 0.103554
0 0.707108 0.706495 0.027778 0.067402
0 0.029820 0.314338 0.031046 0.096814
0 0.895833 0.412224 0.062908 0.075061
0 0.892565 0.707721 0.056373 0.042279
0 0.765727 0.607077 0.051062 0.079350
0 0.821487 0.613511 0.061275 0.069547
0 0.879493 0.619026 0.054739 0.081801
0 0.944036 0.622855 0.069444 0.075368
0 0.661356 0.608609 0.026144 0.070159
0 0.962827 0.410999 0.066176 0.076900
0 0.687908 0.610447 0.026144 0.066483
0 0.773897 0.507047 0.055147 0.084559
0 0.834150 0.509498 0.066176 0.079044
0 0.896650 0.509804 0.056373 0.093137
0 0.958333 0.508885 0.065359 0.092525
0 0.776757 0.412224 0.060866 0.078125
0 0.835376 0.410999 0.056373 0.073836
0 0.715278 0.611060 0.031863 0.068934
0 0.590278 0.697610 0.031046 0.068015
0 0.692402 0.166973 0.043301 0.112745
0 0.322712 0.670343 0.021242 0.056985
0 0.264706 0.683058 0.040033 0.028493
0 0.223039 0.681985 0.042484 0.033701
0 0.252247 0.583487 0.043709 0.031556
0 0.210376 0.583027 0.037582 0.034314
0 0.131332 0.576746 0.042075 0.029718
0 0.087827 0.574602 0.044935 0.032782
0 0.462010 0.684896 0.026961 0.064645
0 0.437296 0.682292 0.018382 0.071078
0 0.416667 0.678922 0.026144 0.061275
0 0.391953 0.676164 0.021650 0.064951
0 0.367851 0.674326 0.026552 0.058211
0 0.344975 0.672181 0.021650 0.060049
0 0.213440 0.424020 0.031454 0.071078
0 0.299428 0.669118 0.023693 0.060049
0 0.622958 0.595588 0.022876 0.050245
0 0.599877 0.591299 0.021650 0.053922
0 0.573325 0.592065 0.029820 0.054228
0 0.549428 0.587776 0.022059 0.059130
0 0.523489 0.586091 0.027369 0.053922
0 0.496732 0.585172 0.022876 0.056985
0 0.474060 0.583333 0.022467 0.053309
0 0.451797 0.580116 0.022876 0.059130
0 0.429739 0.579197 0.019608 0.055453
0 0.407680 0.579350 0.024510 0.054534
0 0.385212 0.579504 0.020425 0.051777
0 0.365605 0.577665 0.022059 0.054228
0 0.340891 0.576746 0.024918 0.048100
0 0.218546 0.649510 0.041667 0.033088
0 0.315359 0.573836 0.022876 0.052696
0 0.262663 0.651195 0.040033 0.027880
0 0.258170 0.617953 0.043301 0.030025
0 0.106413 0.418045 0.033088 0.071385
0 0.044935 0.422947 0.036765 0.077512
0 0.012255 0.422028 0.024510 0.079350
0 0.199551 0.497855 0.044526 0.028799
0 0.155433 0.495404 0.037990 0.030637
0 0.249183 0.535233 0.041667 0.033701
0 0.209355 0.534773 0.039624 0.035846
0 0.169118 0.531710 0.040850 0.028493
0 0.127451 0.530178 0.042484 0.035846
0 0.081904 0.527574 0.045343 0.027574
0 0.040237 0.524357 0.039624 0.033395
0 0.036356 0.491728 0.040033 0.032475
0 0.023489 0.659007 0.038807 0.030637
0 0.019812 0.627757 0.039624 0.023284
0 0.018587 0.602022 0.037173 0.030025
0 0.018587 0.566330 0.037173 0.031556
0 0.099877 0.664216 0.036356 0.023284
0 0.063930 0.663450 0.037990 0.027267
0 0.055760 0.630515 0.037990 0.028799
0 0.178309 0.675705 0.034722 0.024816
0 0.139093 0.671569 0.042075 0.031250
0 0.180351 0.644455 0.034722 0.029105
0 0.141544 0.641085 0.042892 0.020527
0 0.099265 0.637408 0.043301 0.027267
0 0.170956 0.610907 0.036356 0.029412
0 0.133374 0.608915 0.038807 0.023591
0 0.092729 0.606618 0.042484 0.026961
0 0.216299 0.616881 0.041258 0.032169
0 0.141953 0.423407 0.035539 0.082108
0 0.726716 0.518689 0.030229 0.063725
0 0.673203 0.521446 0.029412 0.064338
0 0.670752 0.421109 0.024510 0.080576
0 0.642565 0.421415 0.025327 0.074449
0 0.613154 0.420496 0.027778 0.073223
0 0.587827 0.420803 0.026144 0.075674
0 0.559845 0.421415 0.026552 0.081189
0 0.535539 0.421415 0.026961 0.071385
0 0.700572 0.423866 0.031046 0.072610
0 0.505310 0.421415 0.031863 0.071998
0 0.450163 0.418658 0.027778 0.066483
0 0.371324 0.419577 0.021242 0.065870
0 0.352533 0.418352 0.016340 0.068934
0 0.700572 0.519914 0.022876 0.061275
0 0.310049 0.419271 0.024510 0.067708
0 0.333946 0.421109 0.023284 0.065870
0 0.475490 0.420496 0.021242 0.067096
0 0.730392 0.421109 0.025327 0.071385
0 0.178105 0.426777 0.034314 0.075980
0 0.285539 0.505208 0.020425 0.062500
0 0.613154 0.517463 0.027778 0.072304
0 0.642974 0.517157 0.030229 0.074142
0 0.588644 0.518382 0.023693 0.070466
0 0.559436 0.513787 0.033905 0.061275
0 0.530229 0.509498 0.024510 0.068015
0 0.480392 0.506434 0.026961 0.071078
0 0.505310 0.508578 0.023693 0.065564
0 0.427288 0.507966 0.026961 0.064951
0 0.404003 0.508578 0.021242 0.065564
0 0.381536 0.504596 0.025327 0.067402
0 0.355392 0.503983 0.022059 0.062500
0 0.331495 0.501838 0.022467 0.064951
0 0.308007 0.503676 0.024510 0.063113
0 0.453840 0.503676 0.022876 0.069240
