0 0.165026 0.575601 0.032106 0.036298
0 0.133134 0.575361 0.026541 0.034375
0 0.079623 0.566346 0.039384 0.053846
0 0.041738 0.568029 0.034675 0.050481
0 0.009846 0.566707 0.018836 0.050721
0 0.959974 0.466707 0.070634 0.028125
0 0.881849 0.465986 0.070205 0.026683
0 0.500000 0.851202 0.030822 0.053846
0 0.883990 0.433293 0.068493 0.037740
0 0.784461 0.461178 0.071490 0.029567
0 0.958262 0.840264 0.064640 0.096394
0 0.828339 0.856370 0.066781 0.055048
0 0.752568 0.873798 0.067637 0.041346
0 0.734803 0.842548 0.064640 0.018269
0 0.678082 0.861899 0.048801 0.047837
0 0.620077 0.874519 0.063784 0.042788
0 0.201199 0.574159 0.031678 0.035337
0 0.959760 0.434495 0.078767 0.036298
0 0.235231 0.573197 0.034675 0.037260
0 0.312928 0.559255 0.053938 0.072837
0 0.464469 0.862981 0.035959 0.062500
0 0.430651 0.863221 0.022260 0.059615
0 0.403682 0.868149 0.034247 0.051202
0 0.358947 0.866827 0.032106 0.054808
0 0.324058 0.859255 0.027397 0.055048
0 0.260060 0.867188 0.084332 0.009375
0 0.257277 0.882692 0.078767 0.023558
0 0.178082 0.884495 0.072774 0.022837
0 0.550086 0.882692 0.065068 0.022115
0 0.114298 0.884736 0.032534 0.026202
0 0.035745 0.872476 0.032962 0.047837
0 0.925086 0.749760 0.053082 0.053846
0 0.873074 0.749279 0.046661 0.058173
0 0.790668 0.771755 0.100171 0.008413
0 0.788955 0.761899 0.099315 0.009856
0 0.792808 0.746995 0.093322 0.010817
0 0.458262 0.576082 0.040668 0.034375
0 0.711045 0.765144 0.061644 0.022596
0 0.074486 0.873317 0.040240 0.048558
0 0.530180 0.556370 0.047517 0.039183
0 0.637628 0.560216 0.038955 0.028606
0 0.596318 0.586779 0.048801 0.020673
0 0.924872 0.589423 0.052654 0.023077
0 0.114512 0.658774 0.071490 0.069952
0 0.036601 0.665505 0.068065 0.065144
0 0.206764 0.652885 0.086473 0.058173
0 0.267337 0.753125 0.044949 0.059615
0 0.211259 0.753245 0.068921 0.056010
0 0.150043 0.755889 0.044092 0.053125
0 0.638913 0.458534 0.068921 0.039183
0 0.713827 0.463101 0.071490 0.031010
0 0.087115 0.752284 0.049229 0.057933
0 0.032962 0.751923 0.049658 0.060577
0 0.938142 0.663582 0.100599 0.057933
0 0.761772 0.657813 0.102312 0.066587
0 0.652825 0.660577 0.091610 0.076442
0 0.531678 0.662740 0.099315 0.065385
0 0.424229 0.683413 0.085616 0.018269
0 0.332834 0.682332 0.093750 0.016106
0 0.420377 0.649639 0.067637 0.045433
0 0.328125 0.649639 0.100599 0.039183
0 0.872003 0.588101 0.050514 0.026202
0 0.580265 0.562740 0.055223 0.027404
0 0.821490 0.556370 0.036815 0.027163
0 0.934932 0.562260 0.056507 0.028365
0 0.537457 0.587380 0.057791 0.015625
0 0.642123 0.587861 0.036815 0.022837
0 0.685360 0.584255 0.036815 0.031010
0 0.679795 0.549760 0.030822 0.025962
0 0.738656 0.521635 0.044949 0.027885
0 0.728596 0.558293 0.035959 0.033894
0 0.769264 0.559615 0.035103 0.030769
0 0.773116 0.589543 0.042808 0.029087
0 0.707620 0.736779 0.059075 0.033173
0 0.660959 0.749519 0.036815 0.057692
0 0.620291 0.750120 0.036815 0.056971
0 0.511558 0.770673 0.169521 0.015385
0 0.508990 0.727524 0.162671 0.017548
0 0.411387 0.769351 0.033390 0.021875
0 0.409033 0.744712 0.028682 0.024519
0 0.370933 0.765264 0.044949 0.035337
0 0.326413 0.767428 0.043236 0.030048
0 0.728382 0.591106 0.040668 0.029327
0 0.879709 0.559736 0.049658 0.031010
0 0.983305 0.558774 0.033390 0.029087
0 0.514555 0.750962 0.163527 0.021635
0 0.409247 0.570913 0.050514 0.034615
0 0.039598 0.455048 0.078339 0.026442
0 0.873930 0.339784 0.081764 0.016106
0 0.778682 0.326803 0.092466 0.035817
0 0.693065 0.306010 0.057363 0.070673
0 0.636344 0.306370 0.058647 0.068990
0 0.577055 0.304447 0.053938 0.073798
0 0.287885 0.134615 0.063784 0.085577
0 0.351241 0.137620 0.054366 0.079567
0 0.413313 0.139543 0.063784 0.083413
0 0.475813 0.143389 0.058647 0.074279
0 0.543878 0.134495 0.069777 0.104087
0 0.615154 0.136178 0.070205 0.097837
0 0.684075 0.138582 0.066781 0.102644
0 0.752783 0.141466 0.068065 0.099279
0 0.817209 0.143630 0.060788 0.103606
0 0.876498 0.146034 0.059503 0.099279
0 0.943707 0.146034 0.068065 0.099279
0 0.517337 0.301803 0.065497 0.068990
0 0.455908 0.299639 0.056507 0.073317
0 0.395120 0.297837 0.060788 0.071154
0 0.331764 0.296274 0.059075 0.075721
0 0.269050 0.294471 0.064640 0.074519
0 0.205265 0.291947 0.062072 0.079087
0 0.137200 0.290505 0.067209 0.079567
0 0.041096 0.417909 0.081336 0.034375
0 0.049015 0.285938 0.070634 0.076683
0 0.410745 0.076563 0.064640 0.031010
0 0.149187 0.453846 0.121147 0.029808
0 0.153896 0.430769 0.116866 0.014423
0 0.032962 0.130649 0.060788 0.081010
0 0.096318 0.130529 0.051370 0.081250
0 0.223459 0.131250 0.059932 0.079808
0 0.572560 0.457572 0.061216 0.039183
0 0.159247 0.129447 0.062500 0.084375
0 0.410103 0.458293 0.116438 0.026683
0 0.410531 0.424760 0.107877 0.038942
0 0.287029 0.457572 0.105736 0.028125
0 0.271618 0.428726 0.107449 0.022356
0 0.506849 0.458774 0.060788 0.036779
