0 0.195057 0.349112 0.052696 0.109988
0 0.548611 0.745711 0.042484 0.118260
0 0.594975 0.746170 0.038807 0.117953
0 0.636029 0.746936 0.040850 0.118260
0 0.564951 0.315717 0.055556 0.062194
0 0.723856 0.755515 0.045752 0.106005
0 0.497958 0.311121 0.067810 0.071385
0 0.500817 0.746017 0.047386 0.117647
0 0.618260 0.313879 0.045343 0.059743
0 0.671569 0.313879 0.054739 0.055453
0 0.679126 0.749387 0.041258 0.117647
0 0.448938 0.738051 0.043301 0.104167
0 0.239583 0.785999 0.045343 0.045037
0 0.352124 0.753676 0.044935 0.098039
0 0.300041 0.773897 0.042892 0.048407
0 0.745915 0.313725 0.056373 0.071691
0 0.185253 0.798866 0.056781 0.018076
0 0.186479 0.780790 0.052696 0.016850
0 0.133170 0.777267 0.039216 0.060049
0 0.083742 0.772978 0.060458 0.071691
0 0.970588 0.553922 0.046569 0.097426
0 0.887051 0.562960 0.035539 0.071998
0 0.809641 0.596967 0.044118 0.097733
0 0.398489 0.749234 0.046160 0.106311
0 0.802492 0.320159 0.049428 0.058211
0 0.956495 0.314491 0.020833 0.048100
0 0.877451 0.315104 0.032680 0.053615
0 0.769608 0.748162 0.037582 0.109681
0 0.819036 0.771906 0.058007 0.062194
0 0.873979 0.750153 0.052696 0.102022
0 0.947508 0.766697 0.076389 0.068934
0 0.868464 0.635570 0.054739 0.044424
0 0.915441 0.638021 0.038399 0.038297
0 0.965686 0.385263 0.018791 0.044424
0 0.944240 0.388021 0.019199 0.045037
0 0.924837 0.386949 0.017157 0.045343
0 0.902778 0.390012 0.023693 0.050858
0 0.872549 0.387561 0.029412 0.053922
0 0.738971 0.412837 0.069444 0.064645
0 0.664828 0.410539 0.058415 0.062500
0 0.597835 0.410539 0.067402 0.062500
0 0.533088 0.411305 0.058007 0.063419
0 0.472222 0.410539 0.063725 0.064951
0 0.398080 0.410692 0.072304 0.064645
0 0.324142 0.411458 0.064134 0.061887
0 0.257966 0.401808 0.065768 0.052390
0 0.984273 0.315411 0.022467 0.045037
0 0.768791 0.597426 0.036765 0.098652
0 0.929534 0.310968 0.026552 0.053922
0 0.907271 0.314645 0.018791 0.048407
0 0.846609 0.311275 0.028186 0.054534
0 0.257761 0.309896 0.054739 0.084252
0 0.644199 0.602941 0.036765 0.109681
0 0.549428 0.602175 0.044118 0.115502
0 0.320670 0.514400 0.074346 0.034926
0 0.258374 0.505974 0.039624 0.050551
0 0.209763 0.489890 0.045343 0.079044
0 0.161560 0.479320 0.046160 0.100184
0 0.111111 0.478401 0.052288 0.099571
0 0.060458 0.479779 0.050654 0.098652
0 0.014093 0.480545 0.028186 0.100184
0 0.986724 0.384038 0.024101 0.048100
0 0.367443 0.311121 0.051062 0.071385
0 0.314542 0.313725 0.054739 0.075980
0 0.250613 0.211244 0.051062 0.076900
0 0.309028 0.207874 0.057598 0.072610
0 0.399918 0.506740 0.065359 0.049632
0 0.365196 0.213235 0.042484 0.075980
0 0.483864 0.211244 0.056781 0.064645
0 0.552083 0.210172 0.062500 0.055147
0 0.610498 0.221507 0.046160 0.052696
0 0.655842 0.228401 0.036356 0.058517
0 0.714869 0.220282 0.044935 0.052696
0 0.767565 0.222273 0.046569 0.048713
0 0.812704 0.222733 0.029820 0.057598
0 0.855392 0.220282 0.025327 0.042279
0 0.955270 0.201746 0.041258 0.073223
0 0.029616 0.339001 0.052696 0.119792
0 0.085784 0.340227 0.058007 0.117953
0 0.141544 0.343137 0.052696 0.123162
0 0.423815 0.214001 0.060049 0.072610
0 0.471405 0.492953 0.062092 0.075980
0 0.328227 0.474724 0.063317 0.034007
0 0.522263 0.516850 0.033088 0.022672
0 0.503472 0.601562 0.045343 0.118566
0 0.459150 0.603707 0.040850 0.113664
0 0.413194 0.603094 0.051879 0.113051
0 0.368873 0.601716 0.036765 0.117034
0 0.325980 0.600950 0.048203 0.117341
0 0.280637 0.600950 0.040850 0.115502
0 0.235294 0.600337 0.046569 0.113664
0 0.188317 0.602482 0.042484 0.108762
0 0.141953 0.602788 0.050245 0.108762
0 0.095180 0.599265 0.043301 0.109681
0 0.053513 0.601256 0.040033 0.114277
0 0.017361 0.622089 0.031454 0.070159
0 0.988154 0.473346 0.023693 0.019608
0 0.960172 0.475643 0.031454 0.015012
0 0.922794 0.479779 0.030229 0.013480
0 0.920139 0.462163 0.031454 0.018076
0 0.428717 0.311581 0.063317 0.067402
0 0.823325 0.503676 0.044526 0.051471
0 0.781250 0.501379 0.037173 0.056679
0 0.163399 0.193934 0.040033 0.122549
0 0.202206 0.195312 0.037582 0.125306
0 0.737337 0.504902 0.039216 0.058824
0 0.696691 0.515165 0.034722 0.038909
0 0.638889 0.482384 0.039216 0.019301
0 0.654820 0.516544 0.041667 0.030637
0 0.614583 0.517310 0.034722 0.028493
0 0.568832 0.504136 0.052696 0.048100
0 0.597631 0.603248 0.050654 0.112745
0 0.878472 0.474571 0.034722 0.023284
0 0.977941 0.643536 0.044118 0.031556
0 0.358456 0.121477 0.052696 0.075061
0 0.258578 0.724877 0.033497 0.025735
0 0.711601 0.114890 0.067810 0.060662
0 0.637459 0.112592 0.063317 0.067708
0 0.422794 0.138940 0.058007 0.075061
0 0.069240 0.201593 0.037990 0.112745
0 0.306373 0.121324 0.041667 0.062500
0 0.917484 0.097120 0.035948 0.079044
0 0.117647 0.195772 0.051471 0.118873
0 0.025940 0.205882 0.048611 0.104167
0 0.030433 0.057292 0.057598 0.109681
0 0.078840 0.078585 0.040850 0.068321
0 0.118464 0.068627 0.030229 0.089461
0 0.150531 0.081342 0.033905 0.065257
0 0.191585 0.065411 0.042484 0.103248
0 0.250204 0.104473 0.056781 0.068627
