0 0.743269 0.562861 0.012179 0.083413
0 0.882853 0.563822 0.031731 0.077163
0 0.758654 0.562740 0.016667 0.080769
0 0.702083 0.569832 0.033013 0.089183
0 0.669551 0.575841 0.014103 0.087260
0 0.799038 0.572115 0.014103 0.084615
0 0.653846 0.574038 0.014744 0.086538
0 0.615385 0.574519 0.035897 0.092308
0 0.830929 0.576923 0.029808 0.083173
0 0.785256 0.572837 0.014103 0.084135
0 0.925641 0.572957 0.021154 0.091587
0 0.634455 0.826683 0.042628 0.086058
0 0.797756 0.842548 0.016667 0.081250
0 0.775481 0.842308 0.022756 0.080769
0 0.718590 0.826442 0.059615 0.084615
0 0.581410 0.565505 0.021154 0.088702
0 0.818590 0.842428 0.017949 0.083413
0 0.836859 0.841947 0.013462 0.082452
0 0.874359 0.849639 0.022436 0.088221
0 0.900160 0.847837 0.021474 0.088462
0 0.927724 0.847716 0.026603 0.085817
0 0.973397 0.846034 0.050641 0.085817
0 0.028846 0.305168 0.029487 0.096394
0 0.958494 0.576562 0.017628 0.084856
0 0.549519 0.568389 0.023397 0.089663
0 0.114423 0.562380 0.014744 0.077644
0 0.516987 0.567668 0.017949 0.081010
0 0.654167 0.441346 0.032692 0.087981
0 0.688782 0.453245 0.031410 0.093029
0 0.725160 0.449880 0.034936 0.095433
0 0.762019 0.442909 0.030449 0.091106
0 0.805288 0.445192 0.030449 0.093269
0 0.838782 0.443990 0.026923 0.095673
0 0.875160 0.446755 0.027244 0.091587
0 0.918590 0.451202 0.019872 0.093269
0 0.962981 0.449519 0.036218 0.089904
0 0.672756 0.315505 0.028205 0.079087
0 0.701763 0.316466 0.025962 0.078606
0 0.729327 0.317548 0.027885 0.078365
0 0.759615 0.316466 0.028846 0.083413
0 0.787500 0.317428 0.025000 0.082933
0 0.564583 0.451803 0.034936 0.094471
0 0.814744 0.316106 0.025641 0.080288
0 0.910096 0.309255 0.025962 0.085337
0 0.949840 0.307212 0.049038 0.093269
0 0.989263 0.307692 0.021474 0.101442
0 0.594551 0.304087 0.041026 0.056250
0 0.486859 0.309135 0.042949 0.094712
0 0.451603 0.309255 0.025000 0.097356
0 0.427885 0.309976 0.022436 0.098798
0 0.385096 0.310457 0.059295 0.099760
0 0.344551 0.310697 0.022436 0.097837
0 0.320673 0.312019 0.024679 0.100481
0 0.258654 0.318750 0.070513 0.074038
0 0.176603 0.314303 0.079487 0.079087
0 0.087340 0.305649 0.029808 0.099279
0 0.058333 0.306731 0.025641 0.097115
0 0.883333 0.308413 0.024359 0.086058
0 0.499679 0.566106 0.008974 0.080288
0 0.494712 0.451322 0.030449 0.089183
0 0.426282 0.449038 0.032051 0.093750
0 0.477885 0.563462 0.012179 0.081731
0 0.464583 0.564423 0.012500 0.084135
0 0.433173 0.569111 0.029808 0.081490
0 0.393109 0.568510 0.012500 0.082692
0 0.372756 0.568750 0.012821 0.085577
0 0.356891 0.566827 0.015705 0.081731
0 0.337340 0.568149 0.012500 0.084375
0 0.322756 0.569351 0.013462 0.084375
0 0.290224 0.566346 0.024038 0.087981
0 0.249519 0.566827 0.020833 0.091346
0 0.226923 0.569712 0.010256 0.089904
0 0.211859 0.568389 0.014744 0.087260
0 0.188942 0.569351 0.013141 0.081971
0 0.173558 0.567428 0.010577 0.087260
0 0.461859 0.450481 0.030769 0.091827
0 0.136218 0.561779 0.017949 0.081250
0 0.070994 0.559014 0.013141 0.084375
0 0.057051 0.558774 0.012179 0.083413
0 0.017147 0.559135 0.031090 0.082692
0 0.051923 0.440385 0.025000 0.090865
0 0.079006 0.442428 0.016346 0.082933
0 0.094712 0.442548 0.014423 0.085577
0 0.127885 0.436298 0.023077 0.094231
0 0.156571 0.437139 0.029808 0.088702
0 0.209615 0.443269 0.029487 0.091827
0 0.241667 0.446034 0.030769 0.097356
0 0.280929 0.444231 0.027244 0.096154
0 0.318590 0.448317 0.030128 0.094712
0 0.356250 0.442909 0.027885 0.091106
0 0.389744 0.447356 0.028205 0.095192
0 0.098558 0.562380 0.011859 0.082933
0 0.590865 0.814663 0.010577 0.071635
0 0.610256 0.442668 0.037821 0.083894
0 0.568429 0.815625 0.008013 0.076923
0 0.538462 0.680769 0.020513 0.078365
0 0.991667 0.691466 0.013462 0.080048
0 0.992949 0.577885 0.010897 0.077885
0 0.973718 0.576562 0.014103 0.084856
0 0.757692 0.686058 0.011538 0.080769
0 0.512660 0.684135 0.012500 0.087500
0 0.500160 0.683293 0.013141 0.085817
0 0.449519 0.676442 0.024679 0.076923
0 0.423077 0.683293 0.019231 0.079087
0 0.389904 0.680769 0.022115 0.085577
0 0.365545 0.685817 0.011218 0.081731
0 0.353205 0.683774 0.011538 0.080048
0 0.323558 0.680529 0.018269 0.087500
0 0.289103 0.679688 0.028205 0.076202
0 0.262500 0.675601 0.020513 0.074279
0 0.577885 0.685697 0.017308 0.083894
0 0.605929 0.684976 0.016987 0.081490
0 0.621635 0.684495 0.013782 0.082452
0 0.646154 0.681490 0.008974 0.082212
0 0.770032 0.686418 0.011859 0.083894
0 0.807372 0.693389 0.042308 0.092067
0 0.852564 0.691947 0.014103 0.081490
0 0.867147 0.692668 0.012500 0.082933
0 0.900641 0.695793 0.008974 0.078125
0 0.911538 0.695072 0.011538 0.074279
0 0.940224 0.686659 0.012500 0.061779
0 0.232853 0.679688 0.013782 0.085817
0 0.952083 0.686899 0.011218 0.064663
0 0.962179 0.686899 0.008974 0.067067
0 0.973718 0.689303 0.013462 0.071875
0 0.724840 0.693269 0.009295 0.079808
0 0.715224 0.692308 0.009295 0.085096
0 0.704647 0.688702 0.013141 0.082692
0 0.666827 0.682332 0.010577 0.081490
0 0.657051 0.682452 0.008974 0.072596
0 0.579327 0.816587 0.010577 0.069712
0 0.219872 0.684014 0.012179 0.080529
0 0.743590 0.686538 0.015385 0.077885
0 0.124359 0.824760 0.012821 0.078846
0 0.258814 0.811538 0.014423 0.076923
0 0.289744 0.815865 0.014744 0.077404
0 0.303686 0.818269 0.013141 0.078846
0 0.187821 0.824159 0.020513 0.070433
0 0.211699 0.822716 0.020833 0.069952
0 0.234936 0.826683 0.014103 0.077885
0 0.340064 0.810337 0.032051 0.083173
0 0.106250 0.823197 0.014423 0.078125
0 0.157853 0.828846 0.016987 0.079808
0 0.033494 0.802644 0.010577 0.062981
0 0.044231 0.806010 0.009615 0.064904
0 0.053526 0.804808 0.009615 0.060096
0 0.062981 0.805168 0.009295 0.063221
0 0.074359 0.805409 0.010256 0.063702
0 0.139583 0.828606 0.015064 0.076923
0 0.193910 0.679087 0.023077 0.075000
0 0.275160 0.812620 0.011859 0.078125
0 0.374359 0.830649 0.022436 0.090625
0 0.519391 0.818269 0.054808 0.082212
0 0.481090 0.823678 0.012179 0.072356
0 0.463782 0.825601 0.012179 0.081010
0 0.443429 0.826442 0.012500 0.082212
0 0.172596 0.676562 0.015064 0.079567
0 0.156731 0.675481 0.015385 0.079327
0 0.128846 0.671635 0.013462 0.076923
0 0.415224 0.825721 0.015705 0.087981
0 0.076923 0.667909 0.014103 0.073798
0 0.061058 0.666466 0.016987 0.078125
0 0.040545 0.670072 0.016346 0.076683
0 0.025962 0.668870 0.014744 0.074279
0 0.395353 0.826202 0.016987 0.086538
0 0.114103 0.670673 0.014103 0.072596
