0 0.465278 0.510876 0.050654 0.047488
0 0.408292 0.505821 0.043709 0.038603
0 0.401961 0.459865 0.053922 0.044730
0 0.465686 0.461091 0.058007 0.040441
0 0.526552 0.465074 0.058824 0.048407
0 0.302288 0.717678 0.038399 0.038297
0 0.525940 0.518382 0.060866 0.052696
0 0.253676 0.711244 0.042484 0.031556
0 0.252042 0.750306 0.042484 0.044118
0 0.300449 0.757812 0.032271 0.035846
0 0.353962 0.504442 0.051879 0.044424
0 0.358660 0.724724 0.054739 0.043811
0 0.592116 0.464461 0.060049 0.050245
0 0.348856 0.456955 0.044935 0.039522
0 0.194853 0.496783 0.035948 0.034620
0 0.249183 0.502298 0.056373 0.047488
0 0.295547 0.451287 0.042075 0.042892
0 0.250204 0.453278 0.045343 0.039522
0 0.194240 0.452665 0.040441 0.042586
0 0.353145 0.771446 0.037173 0.047181
0 0.154003 0.494179 0.041667 0.038603
0 0.144404 0.448376 0.045343 0.039522
0 0.102941 0.446078 0.033497 0.041054
0 0.111724 0.489430 0.041258 0.038297
0 0.067810 0.486979 0.035131 0.034620
0 0.031250 0.484835 0.036356 0.041360
0 0.064338 0.445619 0.037990 0.037684
0 0.022467 0.441176 0.035131 0.039216
0 0.930351 0.281097 0.122958 0.053002
0 0.301471 0.502911 0.044118 0.046262
0 0.407271 0.779565 0.048203 0.034007
0 0.365196 0.591605 0.044935 0.042892
0 0.459763 0.745251 0.055147 0.045650
0 0.073529 0.676930 0.022059 0.032169
0 0.074346 0.713235 0.025327 0.032475
0 0.040645 0.708793 0.035539 0.041360
0 0.039216 0.664828 0.031863 0.028799
0 0.038399 0.631281 0.037582 0.037071
0 0.920547 0.543811 0.083742 0.056985
0 0.831495 0.535539 0.078023 0.049632
0 0.748570 0.532322 0.074755 0.056066
0 0.918913 0.479167 0.077206 0.061887
0 0.836601 0.474724 0.084967 0.049326
0 0.752859 0.473805 0.070261 0.046262
0 0.586601 0.519301 0.055556 0.047794
0 0.655229 0.682138 0.060458 0.053615
0 0.663194 0.729167 0.056781 0.034926
0 0.412377 0.735294 0.042075 0.042279
0 0.658497 0.784467 0.066993 0.038909
0 0.589869 0.818321 0.065359 0.048407
0 0.587623 0.768842 0.060866 0.041973
0 0.586397 0.720895 0.061683 0.045956
0 0.584967 0.673100 0.062092 0.045343
0 0.571078 0.614890 0.066993 0.045956
0 0.522672 0.708640 0.054330 0.039216
0 0.462827 0.696691 0.045752 0.039216
0 0.519812 0.655790 0.051879 0.030944
0 0.466708 0.649663 0.053513 0.045037
0 0.415441 0.591759 0.051471 0.037071
0 0.918913 0.356618 0.145833 0.093137
0 0.518995 0.802696 0.046977 0.044118
0 0.462418 0.788297 0.054739 0.039216
0 0.522672 0.757966 0.057598 0.031250
0 0.663603 0.825980 0.066585 0.033701
0 0.779208 0.359069 0.126225 0.087010
0 0.596405 0.292126 0.065359 0.050551
0 0.669322 0.479626 0.059232 0.045650
0 0.857639 0.098652 0.071487 0.170343
0 0.768178 0.113205 0.081291 0.163297
0 0.681781 0.117647 0.064542 0.142770
0 0.616830 0.131740 0.054739 0.146446
0 0.553105 0.130821 0.057190 0.140319
0 0.492647 0.136795 0.059641 0.127145
0 0.434641 0.149203 0.053922 0.137868
0 0.379493 0.155178 0.053922 0.132659
0 0.328023 0.153033 0.042484 0.127757
0 0.281250 0.163756 0.039624 0.127757
0 0.232843 0.163603 0.053105 0.130515
0 0.183619 0.177849 0.045343 0.116728
0 0.141340 0.174786 0.039216 0.110600
0 0.098856 0.180453 0.035131 0.107843
0 0.062092 0.184896 0.031046 0.107537
0 0.025327 0.187960 0.040850 0.103248
0 0.109477 0.609222 0.036765 0.032169
0 0.157884 0.610141 0.052696 0.034007
0 0.112132 0.649357 0.035539 0.032169
0 0.155025 0.649969 0.046977 0.030331
0 0.114175 0.684589 0.039624 0.034007
0 0.159722 0.693781 0.037582 0.033395
0 0.112745 0.727941 0.043301 0.042892
0 0.156863 0.732230 0.040850 0.033701
0 0.207108 0.740656 0.044118 0.036458
0 0.207312 0.704504 0.043709 0.035846
0 0.207925 0.657169 0.042484 0.039828
0 0.254493 0.668199 0.047386 0.047794
0 0.306985 0.674786 0.055147 0.034007
0 0.938725 0.093750 0.077614 0.165441
0 0.034109 0.329350 0.064951 0.110907
0 0.082108 0.299173 0.021242 0.049939
0 0.103145 0.298100 0.017565 0.053922
0 0.658905 0.434436 0.041667 0.030637
0 0.651757 0.363205 0.042892 0.034620
0 0.659314 0.309589 0.045752 0.061581
0 0.599265 0.361060 0.045752 0.076287
0 0.518791 0.284773 0.080065 0.066483
0 0.509600 0.361060 0.109886 0.074449
0 0.405842 0.361979 0.083742 0.071385
0 0.410948 0.295803 0.110294 0.048100
0 0.343342 0.361979 0.030637 0.066483
0 0.314951 0.361979 0.029412 0.067708
0 0.288807 0.363664 0.022059 0.067402
0 0.267361 0.361213 0.021650 0.061887
0 0.244894 0.361520 0.022467 0.063113
0 0.219567 0.361060 0.029820 0.059743
0 0.784109 0.280637 0.145833 0.056985
0 0.194240 0.361366 0.018382 0.067708
0 0.157884 0.357996 0.016748 0.051164
0 0.136642 0.356311 0.026552 0.057598
0 0.111111 0.354933 0.023693 0.057292
0 0.088031 0.358303 0.016748 0.054228
0 0.342320 0.294271 0.025327 0.061581
0 0.315564 0.294271 0.027369 0.064645
0 0.290033 0.294884 0.024510 0.070159
0 0.263072 0.297488 0.026144 0.063725
0 0.239175 0.295956 0.023284 0.063113
0 0.214665 0.299939 0.020016 0.058824
0 0.194853 0.297794 0.019608 0.054534
0 0.172794 0.298407 0.023693 0.053309
0 0.144608 0.296722 0.019608 0.049939
0 0.123775 0.297488 0.020425 0.053922
0 0.177288 0.360447 0.017157 0.056066
0 0.661356 0.529105 0.065359 0.054534
0 0.824755 0.751991 0.067810 0.049939
0 0.110498 0.568781 0.045343 0.031556
0 0.747958 0.635876 0.066993 0.048713
0 0.826593 0.699295 0.071487 0.048713
0 0.743464 0.743107 0.074346 0.043811
0 0.074959 0.635876 0.026552 0.036458
0 0.744077 0.796415 0.069036 0.048100
0 0.826185 0.806985 0.067402 0.037377
0 0.741422 0.690411 0.066993 0.050551
0 0.818832 0.855545 0.082108 0.042586
0 0.907067 0.716759 0.073121 0.054841
0 0.907067 0.771599 0.076389 0.045037
0 0.907067 0.826440 0.073121 0.057292
0 0.902982 0.886183 0.084559 0.040135
0 0.741422 0.849265 0.066993 0.051471
