0 0.570494 0.063630 0.063953 0.074289
0 0.507025 0.137112 0.059109 0.074612
0 0.571463 0.137274 0.062500 0.069767
0 0.632025 0.059109 0.049419 0.104651
0 0.632873 0.140988 0.053052 0.062339
0 0.692224 0.061208 0.061773 0.076550
0 0.820494 0.065730 0.058624 0.076550
0 0.757389 0.064438 0.062742 0.075904
0 0.757389 0.134690 0.062742 0.065245
0 0.820010 0.135820 0.061047 0.062984
0 0.507389 0.063307 0.058382 0.076227
0 0.878391 0.065407 0.055717 0.075904
0 0.692587 0.135174 0.064922 0.068798
0 0.443677 0.135820 0.059835 0.070090
0 0.576914 0.585110 0.049661 0.100452
0 0.318072 0.138081 0.070252 0.070090
0 0.242490 0.138081 0.080911 0.069444
0 0.171512 0.139696 0.061047 0.066860
0 0.114220 0.138081 0.051114 0.072028
0 0.441013 0.057817 0.056444 0.079457
0 0.384084 0.056202 0.057897 0.082687
0 0.316013 0.067183 0.074855 0.074289
0 0.235465 0.068798 0.085756 0.071059
0 0.162064 0.070090 0.059109 0.066537
0 0.105499 0.068314 0.049176 0.065568
0 0.052810 0.138727 0.072674 0.072674
0 0.051357 0.068475 0.058140 0.067829
0 0.878149 0.136305 0.056686 0.065891
0 0.384690 0.135013 0.057171 0.072997
0 0.937984 0.068314 0.059593 0.072674
0 0.193677 0.239987 0.180959 0.069121
0 0.982922 0.141150 0.034157 0.062016
0 0.773740 0.731912 0.061047 0.051034
0 0.842539 0.732720 0.071705 0.048127
0 0.977350 0.728359 0.045300 0.069121
0 0.055959 0.840601 0.075581 0.071382
0 0.130693 0.838986 0.073886 0.074612
0 0.199370 0.815568 0.056202 0.051034
0 0.256662 0.812984 0.054021 0.054910
0 0.199734 0.865149 0.058866 0.042313
0 0.257025 0.863695 0.051357 0.047804
0 0.312016 0.855297 0.051357 0.065891
0 0.847384 0.683463 0.079457 0.043282
0 0.365916 0.863534 0.057413 0.048127
0 0.428900 0.850614 0.049176 0.066214
0 0.513808 0.830749 0.078004 0.092377
0 0.662427 0.815407 0.072432 0.055233
0 0.735950 0.816537 0.073159 0.052972
0 0.665092 0.864180 0.062258 0.040375
0 0.734496 0.865472 0.068798 0.037145
0 0.449612 0.610788 0.068314 0.049096
0 0.373425 0.608527 0.072432 0.051680
0 0.445979 0.551841 0.071221 0.061693
0 0.370882 0.551518 0.070736 0.059755
0 0.370034 0.811854 0.054506 0.048127
0 0.775073 0.680071 0.062258 0.039083
0 0.708454 0.713824 0.061289 0.058786
0 0.641836 0.714309 0.065649 0.070736
0 0.521923 0.586725 0.054506 0.099806
0 0.639777 0.605297 0.066860 0.070413
0 0.706153 0.610304 0.063469 0.061693
0 0.772892 0.605136 0.068072 0.049419
0 0.764777 0.544089 0.082849 0.046835
0 0.839995 0.546350 0.061289 0.044897
0 0.845809 0.598676 0.064196 0.048127
0 0.927689 0.549096 0.083576 0.047804
0 0.932776 0.606912 0.086967 0.060078
0 0.055233 0.669735 0.079457 0.018411
0 0.058624 0.697836 0.082849 0.030685
0 0.066497 0.738534 0.081153 0.046189
0 0.138445 0.727067 0.061773 0.071059
0 0.206759 0.682655 0.054021 0.037145
0 0.209302 0.733527 0.059109 0.063307
0 0.270712 0.737888 0.063227 0.052003
0 0.270470 0.686370 0.061289 0.049096
0 0.329942 0.680071 0.052810 0.041021
0 0.341812 0.731751 0.064438 0.057817
0 0.404918 0.724968 0.056444 0.061693
0 0.397045 0.673288 0.062500 0.022933
0 0.482316 0.705426 0.087209 0.085271
0 0.569162 0.702358 0.078731 0.090762
0 0.810078 0.811047 0.061531 0.043928
0 0.933866 0.138404 0.054748 0.065568
0 0.816376 0.863857 0.060562 0.053295
0 0.878149 0.815084 0.060078 0.046189
0 0.904433 0.312177 0.061289 0.068152
0 0.843871 0.312500 0.058866 0.067506
0 0.971294 0.241441 0.057413 0.070090
0 0.910610 0.241118 0.061531 0.068152
0 0.849079 0.242087 0.055233 0.068798
0 0.784157 0.312339 0.054748 0.060724
0 0.725412 0.314599 0.057413 0.063307
0 0.667030 0.312661 0.055959 0.067829
0 0.787912 0.245317 0.058382 0.068798
0 0.726986 0.244509 0.053779 0.065891
0 0.965116 0.311854 0.060562 0.068798
0 0.665334 0.244025 0.059351 0.066214
0 0.591691 0.244671 0.079215 0.072028
0 0.509327 0.314438 0.078731 0.062339
0 0.507631 0.242894 0.081153 0.074935
0 0.376817 0.310885 0.163033 0.057817
0 0.375727 0.245317 0.166667 0.075258
0 0.200218 0.310724 0.177568 0.062016
0 0.637960 0.544897 0.068556 0.043928
0 0.051478 0.302164 0.102955 0.061047
0 0.050751 0.239826 0.101502 0.062339
0 0.983285 0.066537 0.027616 0.083333
0 0.590601 0.313953 0.081880 0.065891
0 0.042030 0.449612 0.084060 0.075581
0 0.122941 0.431202 0.077277 0.112403
0 0.208818 0.432817 0.094477 0.120155
0 0.966570 0.803779 0.066860 0.029393
0 0.968266 0.832849 0.063469 0.025517
0 0.966206 0.859819 0.067587 0.024548
0 0.285489 0.553295 0.092781 0.058786
0 0.285126 0.607074 0.093992 0.049419
0 0.191376 0.591731 0.090116 0.080103
0 0.105015 0.577196 0.062258 0.088501
0 0.032461 0.588986 0.064922 0.077196
0 0.952883 0.402293 0.070494 0.057817
0 0.949612 0.464632 0.076066 0.068152
0 0.900315 0.461563 0.022045 0.074289
0 0.796269 0.417959 0.069283 0.037468
0 0.798207 0.386143 0.065407 0.024871
0 0.874394 0.389050 0.074855 0.029393
0 0.861676 0.422481 0.051841 0.035530
0 0.852108 0.472545 0.059835 0.054910
0 0.786337 0.467539 0.072674 0.065568
0 0.676962 0.450581 0.070494 0.085271
0 0.603924 0.454134 0.070736 0.078165
0 0.515746 0.450420 0.100775 0.093346
0 0.401890 0.468992 0.108043 0.062016
0 0.396802 0.404554 0.117733 0.068152
0 0.298934 0.429748 0.078488 0.117248
0 0.879482 0.862242 0.057897 0.046189
0 0.590359 0.827035 0.065891 0.084302
