0 0.220180 0.173254 0.049020 0.078738
0 0.173407 0.159926 0.033088 0.106005
0 0.807394 0.395067 0.055964 0.092831
0 0.511234 0.049939 0.064134 0.023284
0 0.510417 0.018229 0.066585 0.027267
0 0.449346 0.060509 0.050654 0.029105
0 0.378064 0.059436 0.075572 0.030025
0 0.308415 0.038450 0.053922 0.064645
0 0.253064 0.036918 0.053513 0.067708
0 0.197917 0.038756 0.053513 0.065257
0 0.139297 0.033854 0.055556 0.067708
0 0.061479 0.033548 0.085376 0.064645
0 0.554534 0.735141 0.036356 0.054228
0 0.453023 0.675245 0.058007 0.017157
0 0.509191 0.682598 0.047794 0.025735
0 0.507761 0.719669 0.044935 0.044730
0 0.448529 0.736060 0.061275 0.059130
0 0.513276 0.070159 0.064134 0.011642
0 0.386029 0.721661 0.054739 0.057904
0 0.222222 0.732690 0.110294 0.055453
0 0.138072 0.721201 0.055556 0.060049
0 0.049632 0.733150 0.099265 0.055760
0 0.081087 0.166820 0.060049 0.086091
0 0.050654 0.685662 0.101307 0.034926
0 0.962418 0.634191 0.061275 0.057598
0 0.839052 0.574908 0.039216 0.027267
0 0.883578 0.640319 0.054739 0.045343
0 0.827206 0.639859 0.048203 0.041360
0 0.800449 0.577972 0.035539 0.036458
0 0.761029 0.609069 0.045752 0.025735
0 0.708742 0.615502 0.055556 0.026348
0 0.708129 0.643689 0.054330 0.027574
0 0.649101 0.644608 0.054739 0.023284
0 0.320466 0.721507 0.061683 0.054534
0 0.571691 0.039828 0.046160 0.070466
0 0.616217 0.039216 0.037990 0.075368
0 0.675041 0.062347 0.065768 0.026654
0 0.748775 0.395833 0.058007 0.091912
0 0.967320 0.837316 0.065359 0.098039
0 0.900531 0.836397 0.064134 0.104167
0 0.834763 0.833487 0.059232 0.101409
0 0.772263 0.832261 0.060049 0.098958
0 0.703023 0.827359 0.068627 0.098346
0 0.631944 0.825980 0.069444 0.098652
0 0.573325 0.841759 0.041258 0.071998
0 0.534314 0.842984 0.036765 0.071385
0 0.445261 0.840227 0.038399 0.071998
0 0.405229 0.840686 0.035948 0.072917
0 0.365196 0.842831 0.037582 0.071078
0 0.325163 0.841912 0.038399 0.072304
0 0.285131 0.840993 0.040033 0.073529
0 0.242647 0.829044 0.040850 0.098652
0 0.199346 0.827053 0.040033 0.094669
0 0.149510 0.826287 0.042484 0.093137
0 0.676062 0.033241 0.067810 0.026654
0 0.753064 0.037990 0.078023 0.075980
0 0.868873 0.041360 0.082516 0.082721
0 0.943423 0.054841 0.055964 0.051471
0 0.023897 0.172794 0.043709 0.070466
0 0.592933 0.720895 0.040441 0.080882
0 0.648284 0.615196 0.058824 0.028799
0 0.636642 0.716912 0.037990 0.091299
0 0.721201 0.718137 0.039624 0.093750
0 0.768382 0.720741 0.048203 0.094669
0 0.816993 0.720588 0.044118 0.092525
0 0.869281 0.721201 0.050654 0.093750
0 0.053513 0.826593 0.041667 0.093750
0 0.101716 0.827512 0.044118 0.092525
0 0.679330 0.714308 0.037582 0.090993
0 0.415033 0.562040 0.096405 0.010723
0 0.767565 0.645374 0.058824 0.027880
0 0.587827 0.640472 0.058824 0.027267
0 0.581904 0.287224 0.051062 0.087929
0 0.520629 0.285692 0.062500 0.086091
0 0.461193 0.287224 0.045752 0.084865
0 0.390931 0.277267 0.080882 0.101716
0 0.314338 0.275735 0.069853 0.101716
0 0.224469 0.283088 0.053513 0.085784
0 0.637868 0.286458 0.056781 0.087623
0 0.152982 0.273131 0.073938 0.105699
0 0.020629 0.273744 0.041258 0.100797
0 0.944240 0.184589 0.061683 0.066483
0 0.880719 0.181985 0.053105 0.073529
0 0.529412 0.603860 0.051471 0.027574
0 0.767974 0.181985 0.055556 0.070466
0 0.710172 0.181373 0.050245 0.072304
0 0.075980 0.290901 0.066176 0.068321
0 0.651144 0.182292 0.054739 0.071078
0 0.701389 0.287224 0.049020 0.087929
0 0.860090 0.292433 0.064951 0.086091
0 0.686070 0.395987 0.059232 0.088542
0 0.602941 0.390625 0.072712 0.096201
0 0.540033 0.397518 0.048203 0.076287
0 0.486520 0.405944 0.051471 0.062500
0 0.427083 0.388327 0.063317 0.094669
0 0.370098 0.399357 0.047386 0.076900
0 0.762459 0.284007 0.064951 0.092525
0 0.312296 0.387868 0.065768 0.095588
0 0.192606 0.386795 0.063317 0.094669
0 0.127451 0.399050 0.058824 0.073223
0 0.066381 0.399203 0.051062 0.072917
0 0.018382 0.385417 0.036765 0.097426
0 0.979371 0.291513 0.041258 0.084252
0 0.926266 0.289522 0.058415 0.093750
0 0.251225 0.396293 0.049837 0.076900
0 0.575368 0.120404 0.049428 0.017770
0 0.826593 0.183517 0.051062 0.070466
0 0.530637 0.175398 0.053922 0.081801
0 0.529412 0.640625 0.051471 0.024510
0 0.474060 0.622243 0.055147 0.061275
0 0.414011 0.616115 0.061683 0.074142
0 0.364379 0.625306 0.023693 0.055147
0 0.325163 0.625919 0.026144 0.053309
0 0.287173 0.606924 0.039216 0.089461
0 0.243668 0.606771 0.042892 0.092218
0 0.177288 0.609375 0.037582 0.076593
0 0.138072 0.611979 0.037582 0.076287
0 0.044322 0.602635 0.039624 0.091912
0 0.591299 0.175092 0.057598 0.084252
0 0.889093 0.505362 0.069853 0.084252
0 0.821283 0.504136 0.056781 0.084865
0 0.761846 0.502298 0.059641 0.087316
0 0.672590 0.501532 0.060866 0.085784
0 0.957721 0.504749 0.060049 0.086091
0 0.491830 0.497243 0.062092 0.089461
0 0.466299 0.170496 0.064134 0.084252
0 0.402165 0.174020 0.062500 0.079044
0 0.338235 0.170650 0.056373 0.077819
0 0.574959 0.498775 0.085376 0.089461
0 0.277369 0.171569 0.057190 0.077206
0 0.871528 0.398131 0.063317 0.092831
0 0.976511 0.398897 0.046977 0.088848
0 0.927900 0.396906 0.045343 0.086703
0 0.134600 0.495558 0.073121 0.086091
0 0.205678 0.497243 0.060866 0.089461
0 0.281046 0.496017 0.080882 0.087010
0 0.351716 0.495711 0.050654 0.089461
0 0.417688 0.496324 0.073121 0.090686
0 0.035335 0.492800 0.070670 0.090993
