0 0.855188 0.646293 0.034722 0.051164
0 0.383987 0.537531 0.043301 0.059743
0 0.954453 0.732230 0.069853 0.063725
0 0.359273 0.632966 0.046160 0.067402
0 0.404616 0.626838 0.042892 0.064338
0 0.453840 0.628064 0.047386 0.061887
0 0.504289 0.628983 0.046160 0.068627
0 0.559641 0.632659 0.050654 0.064951
0 0.600286 0.637408 0.026552 0.067096
0 0.320670 0.620558 0.029412 0.045650
0 0.633783 0.637408 0.036356 0.067708
0 0.736315 0.639093 0.033088 0.064338
0 0.800858 0.642770 0.020016 0.056373
0 0.984273 0.658854 0.031454 0.027267
0 0.940359 0.664216 0.052288 0.013480
0 0.936887 0.641085 0.055147 0.025429
0 0.883987 0.644761 0.018791 0.053002
0 0.665441 0.636183 0.026144 0.070772
0 0.831495 0.746936 0.060866 0.087010
0 0.277369 0.646599 0.053105 0.039522
0 0.207108 0.646752 0.039216 0.039828
0 0.229167 0.531403 0.043301 0.062806
0 0.279412 0.531556 0.053105 0.065564
0 0.335989 0.532169 0.049428 0.064338
0 0.825776 0.642923 0.024918 0.056679
0 0.434436 0.531863 0.048611 0.069853
0 0.483456 0.537837 0.044526 0.059130
0 0.275940 0.613051 0.042075 0.021446
0 0.542688 0.537837 0.049428 0.029718
0 0.629493 0.541513 0.033497 0.052390
0 0.660335 0.538143 0.029003 0.064645
0 0.107639 0.636795 0.027369 0.099571
0 0.150531 0.649050 0.052696 0.010723
0 0.145629 0.660233 0.046977 0.011642
0 0.164828 0.630668 0.040441 0.019914
0 0.592933 0.539062 0.033088 0.059743
0 0.771650 0.642004 0.034314 0.058517
0 0.221405 0.123162 0.035131 0.090074
0 0.772059 0.795650 0.059641 0.010417
0 0.413399 0.376991 0.023693 0.016850
0 0.394199 0.425705 0.030229 0.059130
0 0.362337 0.423713 0.031863 0.054534
0 0.325980 0.423407 0.040033 0.054534
0 0.288194 0.424020 0.033905 0.053922
0 0.251021 0.423407 0.033088 0.057598
0 0.210172 0.421569 0.041258 0.055760
0 0.145833 0.406556 0.075163 0.088235
0 0.037990 0.393382 0.075980 0.126225
0 0.061479 0.227328 0.078023 0.112132
0 0.285948 0.386949 0.033497 0.015319
0 0.172386 0.274663 0.124183 0.099571
0 0.369690 0.280331 0.104575 0.089461
0 0.489379 0.284007 0.102124 0.089461
0 0.565768 0.295496 0.050654 0.065257
0 0.768178 0.750613 0.060049 0.075980
0 0.675654 0.293964 0.055556 0.065257
0 0.732026 0.316176 0.053105 0.034314
0 0.820057 0.286612 0.100899 0.086703
0 0.899714 0.297028 0.060049 0.075674
0 0.983456 0.295803 0.025735 0.075061
0 0.948325 0.305913 0.033088 0.055453
0 0.286765 0.310355 0.050654 0.033701
0 0.951593 0.095741 0.064134 0.138787
0 0.425041 0.420496 0.026552 0.060968
0 0.456495 0.430760 0.032271 0.044730
0 0.689542 0.536918 0.023693 0.064645
0 0.717525 0.538909 0.029003 0.060049
0 0.751021 0.537071 0.027369 0.061887
0 0.781046 0.538909 0.031863 0.063113
0 0.822100 0.524663 0.023284 0.060968
0 0.853962 0.536918 0.029003 0.061581
0 0.886642 0.537531 0.033088 0.062806
0 0.934028 0.537990 0.048611 0.060662
0 0.983252 0.537531 0.033497 0.062806
0 0.973856 0.422028 0.031046 0.067096
0 0.453636 0.396599 0.026552 0.019301
0 0.945057 0.420190 0.026552 0.069547
0 0.882557 0.414062 0.032271 0.078738
0 0.840891 0.415288 0.034722 0.080576
0 0.791871 0.415901 0.054330 0.076287
0 0.738562 0.426011 0.049837 0.053002
0 0.686479 0.426624 0.051879 0.054841
0 0.631536 0.413450 0.048203 0.074449
0 0.585989 0.423866 0.038807 0.054228
0 0.547590 0.418199 0.029820 0.068627
0 0.518587 0.429075 0.025735 0.046875
0 0.488358 0.421415 0.030637 0.062194
0 0.915645 0.418199 0.029003 0.065564
0 0.878881 0.097273 0.061683 0.145527
0 0.624592 0.294271 0.043301 0.065870
0 0.262868 0.796415 0.029003 0.073836
0 0.025327 0.064951 0.050654 0.123775
0 0.145629 0.116268 0.067402 0.106924
0 0.146650 0.797641 0.032680 0.077512
0 0.176879 0.798407 0.025327 0.077206
0 0.209150 0.784467 0.026144 0.076287
0 0.234477 0.798407 0.020425 0.074142
0 0.807190 0.090074 0.076797 0.140931
0 0.294730 0.789828 0.026552 0.087010
0 0.324755 0.798713 0.031046 0.078431
0 0.354167 0.801011 0.025327 0.073223
0 0.065768 0.516085 0.053922 0.096507
0 0.384600 0.790135 0.029820 0.086397
0 0.447100 0.795650 0.031454 0.081495
0 0.478554 0.795650 0.029820 0.080882
0 0.510621 0.798713 0.031046 0.072304
0 0.592933 0.730699 0.020016 0.048407
0 0.542892 0.796875 0.031046 0.080270
0 0.575368 0.799632 0.031454 0.073529
0 0.628881 0.777420 0.034722 0.077512
0 0.668505 0.777114 0.037173 0.075674
0 0.713235 0.810662 0.031863 0.052696
0 0.712827 0.754136 0.039216 0.058517
0 0.416462 0.796569 0.027369 0.082721
0 0.267157 0.106771 0.053105 0.122855
0 0.152778 0.532322 0.073529 0.064032
0 0.383783 0.125766 0.054330 0.087929
0 0.442810 0.117188 0.049837 0.111826
0 0.502247 0.119332 0.066585 0.100797
0 0.559641 0.111979 0.038399 0.122855
0 0.605188 0.106158 0.048611 0.133272
0 0.661356 0.104626 0.062908 0.136336
0 0.722426 0.131434 0.054330 0.079657
0 0.326185 0.123775 0.052696 0.100490
