0 0.210547 0.607031 0.058594 0.043229
0 0.249023 0.688802 0.039453 0.031771
0 0.210156 0.727344 0.037500 0.029687
0 0.209570 0.694010 0.036328 0.030729
0 0.148242 0.784115 0.069141 0.109896
0 0.022461 0.783333 0.044922 0.111458
0 0.033398 0.651823 0.066797 0.077604
0 0.135156 0.644010 0.047656 0.101562
0 0.250000 0.726042 0.039062 0.036458
0 0.079687 0.782292 0.065625 0.109375
0 0.290625 0.697396 0.035156 0.031250
0 0.504102 0.701823 0.028516 0.079687
0 0.291406 0.731250 0.036719 0.028125
0 0.333008 0.731510 0.041797 0.028646
0 0.382031 0.693229 0.050781 0.031250
0 0.383203 0.726823 0.053125 0.031771
0 0.433398 0.696875 0.048047 0.027083
0 0.435352 0.728906 0.047266 0.029687
0 0.473438 0.704948 0.027344 0.073438
0 0.533984 0.703385 0.028906 0.076563
0 0.566016 0.702344 0.031250 0.071354
0 0.633203 0.700000 0.041406 0.027083
0 0.270898 0.607812 0.058203 0.038542
0 0.633594 0.728906 0.039844 0.026562
0 0.677539 0.699219 0.045703 0.028646
0 0.725781 0.698438 0.045312 0.027083
0 0.331641 0.702344 0.041406 0.025521
0 0.268945 0.563281 0.060547 0.041146
0 0.920508 0.601823 0.066016 0.044271
0 0.494531 0.577344 0.035156 0.096354
0 0.108984 0.145573 0.057031 0.141146
0 0.156836 0.160677 0.033984 0.109896
0 0.191992 0.160938 0.030859 0.113542
0 0.225000 0.144010 0.032813 0.141146
0 0.259961 0.138542 0.033984 0.152083
0 0.318945 0.175781 0.078516 0.079687
0 0.396680 0.181250 0.063672 0.071875
0 0.483203 0.444792 0.055469 0.036458
0 0.483789 0.483594 0.055078 0.034896
0 0.534961 0.459635 0.040234 0.029687
0 0.060352 0.175521 0.033203 0.076042
0 0.534180 0.488802 0.038672 0.026562
0 0.583984 0.484115 0.053125 0.035937
0 0.641406 0.482812 0.057813 0.036458
0 0.688477 0.452083 0.033203 0.100000
0 0.725586 0.448958 0.040234 0.103125
0 0.785156 0.436198 0.067969 0.043229
0 0.843750 0.444271 0.045312 0.035417
0 0.840820 0.483594 0.046484 0.040104
0 0.783789 0.481771 0.065234 0.045833
0 0.893359 0.451562 0.050781 0.031250
0 0.890234 0.486719 0.048438 0.034896
0 0.584570 0.447917 0.054297 0.033333
0 0.208203 0.562500 0.058594 0.042708
0 0.053906 0.108333 0.034375 0.051042
0 0.942187 0.483333 0.045312 0.039583
0 0.458203 0.580208 0.035937 0.092708
0 0.425000 0.579167 0.031250 0.087500
0 0.783008 0.586719 0.026953 0.075521
0 0.819531 0.581771 0.039062 0.084375
0 0.856641 0.588281 0.027344 0.069271
0 0.977734 0.610677 0.044531 0.031771
0 0.979297 0.579427 0.041406 0.027604
0 0.470703 0.183333 0.076563 0.072917
0 0.541602 0.185677 0.058203 0.061979
0 0.601367 0.183333 0.058203 0.069792
0 0.943750 0.444271 0.050000 0.035417
0 0.022852 0.189583 0.036328 0.055208
0 0.924219 0.197656 0.047656 0.028646
0 0.977148 0.183854 0.045703 0.064583
0 0.871484 0.183333 0.052344 0.060417
0 0.815625 0.158073 0.046094 0.038021
0 0.922461 0.555469 0.067578 0.043229
0 0.982812 0.483073 0.034375 0.036979
0 0.985547 0.445052 0.028125 0.033854
0 0.377734 0.458333 0.037500 0.027083
0 0.379883 0.489583 0.037109 0.025000
0 0.017188 0.132292 0.034375 0.050000
0 0.925977 0.164062 0.048828 0.034375
0 0.642578 0.445052 0.055469 0.036979
0 0.573828 0.609635 0.039844 0.029687
0 0.774805 0.722396 0.047266 0.040625
0 0.823242 0.727604 0.045703 0.028125
0 0.869922 0.701042 0.042969 0.026042
0 0.825195 0.699479 0.042578 0.026042
0 0.918359 0.720052 0.050781 0.044271
0 0.888672 0.925000 0.032031 0.066667
0 0.849023 0.923958 0.039453 0.021875
0 0.848242 0.948958 0.040234 0.022917
0 0.810352 0.919531 0.035547 0.025521
0 0.808398 0.945573 0.033984 0.022396
0 0.763281 0.908594 0.051562 0.031771
0 0.391406 0.584115 0.032813 0.082812
0 0.338477 0.601823 0.073828 0.050521
0 0.762305 0.942708 0.051953 0.032292
0 0.717578 0.916406 0.035937 0.025521
0 0.716602 0.943750 0.036328 0.025000
0 0.668164 0.937500 0.056641 0.037500
0 0.669141 0.896094 0.058594 0.036979
0 0.656836 0.160938 0.047266 0.034375
0 0.763281 0.184635 0.051562 0.063021
0 0.816797 0.198177 0.050781 0.035937
0 0.394922 0.908333 0.021875 0.058333
0 0.428320 0.946094 0.044922 0.026562
0 0.428320 0.916146 0.044922 0.028125
0 0.868555 0.729427 0.041797 0.027604
0 0.471094 0.944271 0.035937 0.026042
0 0.509766 0.946615 0.037500 0.027604
0 0.509180 0.919792 0.036328 0.026042
0 0.611523 0.941406 0.053516 0.032813
0 0.611523 0.908854 0.053516 0.030208
0 0.556250 0.943750 0.053125 0.031250
0 0.556641 0.912240 0.053906 0.029687
0 0.470898 0.916146 0.037891 0.025000
0 0.954883 0.794271 0.054297 0.040625
0 0.949805 0.834635 0.053516 0.035937
0 0.903711 0.813281 0.034766 0.024479
0 0.490820 0.811458 0.030078 0.084375
0 0.523633 0.810417 0.031641 0.088542
0 0.560547 0.808333 0.038281 0.029167
0 0.560742 0.839063 0.038672 0.030208
0 0.601758 0.810937 0.041016 0.026042
0 0.601367 0.838802 0.040234 0.026562
0 0.457617 0.811719 0.032422 0.088021
0 0.651563 0.801823 0.055469 0.035937
0 0.928320 0.942969 0.044922 0.023438
0 0.929102 0.916927 0.044141 0.023438
0 0.976562 0.937760 0.046875 0.038021
0 0.978711 0.897656 0.042578 0.036979
0 0.705859 0.836719 0.051562 0.033854
0 0.706445 0.800000 0.052734 0.031250
0 0.650586 0.837760 0.055859 0.032813
0 0.708594 0.159375 0.052344 0.031250
0 0.408398 0.835677 0.062109 0.041146
0 0.352539 0.839583 0.046484 0.031250
0 0.901367 0.840625 0.034766 0.027083
0 0.860742 0.798958 0.047266 0.041667
0 0.857031 0.839063 0.046875 0.035417
0 0.812109 0.808073 0.036719 0.028646
0 0.810742 0.840104 0.036328 0.026042
0 0.763867 0.787240 0.057422 0.042188
0 0.408203 0.794010 0.061719 0.040104
0 0.763477 0.830729 0.056641 0.040625
0 0.217969 0.844792 0.039062 0.026042
0 0.253711 0.805208 0.039453 0.029167
0 0.257617 0.838021 0.037891 0.031250
0 0.302344 0.804427 0.051562 0.027604
0 0.304297 0.836979 0.049219 0.031250
0 0.352734 0.808073 0.044531 0.028646
0 0.214062 0.813802 0.038281 0.028646
0 0.776172 0.678646 0.050000 0.042708
0 0.706836 0.195833 0.051172 0.036458
0 0.989648 0.325521 0.020703 0.094792
0 0.306641 0.916146 0.044531 0.029167
0 0.263086 0.949479 0.040234 0.020833
0 0.261914 0.923958 0.041797 0.021875
0 0.221484 0.949740 0.039062 0.024479
0 0.219531 0.922917 0.037500 0.026042
0 0.155469 0.919531 0.078906 0.080729
0 0.307812 0.947396 0.046875 0.029167
0 0.063086 0.917188 0.101172 0.082292
0 0.425781 0.446354 0.055469 0.036458
0 0.338867 0.485156 0.040234 0.041146
0 0.338672 0.446615 0.037500 0.027604
0 0.278320 0.483333 0.036328 0.037500
0 0.273633 0.436719 0.033203 0.039062
0 0.238867 0.485677 0.039453 0.032813
0 0.428125 0.485677 0.053125 0.035937
0 0.195312 0.486979 0.039844 0.035417
0 0.352930 0.918490 0.044922 0.032813
0 0.336523 0.552083 0.074609 0.042708
0 0.724414 0.729167 0.049609 0.027083
0 0.677539 0.730208 0.043359 0.026042
0 0.920703 0.674219 0.047656 0.045312
0 0.970117 0.688542 0.050391 0.034375
0 0.969141 0.724740 0.048438 0.033854
0 0.734961 0.560417 0.061328 0.041667
0 0.354102 0.949740 0.043359 0.024479
0 0.734766 0.603906 0.060937 0.042188
0 0.675000 0.608594 0.053906 0.033854
0 0.620703 0.572396 0.050781 0.034375
0 0.620703 0.608073 0.050781 0.032813
0 0.571875 0.578125 0.040625 0.031250
0 0.533008 0.583594 0.033984 0.026562
0 0.532617 0.610677 0.037891 0.025521
0 0.674805 0.570312 0.053516 0.033333
0 0.234570 0.449479 0.040234 0.033333
0 0.193359 0.448177 0.035937 0.036979
0 0.057031 0.496875 0.079687 0.082292
0 0.576953 0.313542 0.053125 0.036458
0 0.623437 0.338021 0.028906 0.077083
0 0.666406 0.348958 0.053125 0.050000
0 0.667188 0.301563 0.054688 0.043750
0 0.716797 0.320052 0.033594 0.107813
0 0.748828 0.340365 0.025000 0.059896
0 0.578516 0.355208 0.051562 0.037500
0 0.790234 0.353646 0.055469 0.037500
0 0.841406 0.353906 0.042969 0.028646
0 0.843359 0.318490 0.042188 0.031771
0 0.947070 0.353646 0.055078 0.037500
0 0.891406 0.351042 0.050781 0.038542
0 0.892383 0.310156 0.051172 0.032813
0 0.948242 0.314063 0.057422 0.034375
0 0.792773 0.310677 0.057422 0.044271
0 0.656250 0.197656 0.046094 0.034896
0 0.537695 0.339323 0.024609 0.067187
0 0.504102 0.359635 0.037891 0.022396
0 0.123828 0.312240 0.071094 0.117188
0 0.048242 0.314063 0.078516 0.114583
0 0.192383 0.354948 0.058984 0.035937
0 0.253516 0.355208 0.060156 0.037500
0 0.306641 0.355990 0.042188 0.035937
0 0.305273 0.319010 0.041797 0.032813
0 0.504492 0.327344 0.036328 0.030729
0 0.249414 0.315365 0.058203 0.036979
0 0.351953 0.353125 0.042969 0.038542
0 0.349219 0.311719 0.042188 0.039062
0 0.403125 0.355469 0.053906 0.038021
0 0.401562 0.314063 0.057813 0.037500
0 0.458398 0.357552 0.049609 0.035937
0 0.457813 0.318750 0.050781 0.038542
0 0.188672 0.314063 0.058594 0.034375
0 0.088086 0.642448 0.041016 0.098437
