0 0.502354 0.670793 0.016695 0.105529
0 0.478810 0.671755 0.030394 0.105048
0 0.374144 0.662380 0.025685 0.094952
0 0.343750 0.663942 0.034247 0.091827
0 0.287029 0.662139 0.026969 0.090625
0 0.258990 0.664183 0.031678 0.087500
0 0.202055 0.667428 0.032534 0.112260
0 0.174872 0.669231 0.022688 0.111538
0 0.149615 0.669471 0.025257 0.112981
0 0.114512 0.669712 0.044949 0.112500
0 0.040454 0.673558 0.048373 0.111058
0 0.979880 0.541466 0.040240 0.092067
0 0.939854 0.545553 0.021832 0.104087
0 0.919092 0.544952 0.016267 0.112981
0 0.893622 0.545433 0.031250 0.109135
0 0.864298 0.545673 0.021404 0.110577
0 0.842680 0.547716 0.022688 0.106971
0 0.818493 0.545673 0.023973 0.101442
0 0.332192 0.544712 0.051370 0.098558
0 0.404110 0.549760 0.052226 0.106250
0 0.461259 0.538702 0.048373 0.100481
0 0.518193 0.550240 0.023545 0.100481
0 0.540240 0.548197 0.018836 0.103125
0 0.566353 0.551202 0.034247 0.100000
0 0.527825 0.670793 0.034247 0.105529
0 0.614940 0.550481 0.025257 0.100962
0 0.646190 0.550721 0.014127 0.096635
0 0.664598 0.550240 0.021832 0.096635
0 0.706550 0.546034 0.020120 0.096875
0 0.724529 0.544471 0.015839 0.099038
0 0.746147 0.546755 0.029966 0.102644
0 0.795591 0.546514 0.022688 0.097837
0 0.633134 0.551442 0.011986 0.099038
0 0.571062 0.674279 0.017979 0.088942
0 0.586473 0.676683 0.012842 0.089423
0 0.621361 0.674639 0.029538 0.087260
0 0.256421 0.787139 0.026541 0.086298
0 0.282534 0.778125 0.017979 0.086058
0 0.299872 0.778726 0.020120 0.084856
0 0.329409 0.787500 0.029538 0.100000
0 0.375856 0.787740 0.032534 0.096154
0 0.423373 0.799399 0.029966 0.105529
0 0.230950 0.786659 0.025257 0.089183
0 0.500428 0.778005 0.085616 0.079087
0 0.645334 0.867308 0.056935 0.092308
0 0.730522 0.873317 0.045805 0.077885
0 0.802654 0.870793 0.048801 0.074279
0 0.893193 0.873918 0.046661 0.082933
0 0.954195 0.876803 0.058219 0.079087
0 0.726455 0.774760 0.125856 0.044712
0 0.582834 0.866346 0.058647 0.086058
0 0.241866 0.551082 0.050514 0.104567
0 0.206122 0.784255 0.024401 0.085337
0 0.976884 0.768269 0.046233 0.025481
0 0.647688 0.675240 0.022260 0.086058
0 0.671233 0.668269 0.018836 0.091346
0 0.686430 0.668269 0.012414 0.092308
0 0.702911 0.668029 0.021404 0.092788
0 0.725385 0.670673 0.020976 0.087500
0 0.747646 0.670072 0.025257 0.085337
0 0.178296 0.782692 0.029538 0.088462
0 0.791952 0.681490 0.043664 0.112981
0 0.851241 0.684135 0.023545 0.115865
0 0.873074 0.684736 0.018408 0.114663
0 0.893408 0.685817 0.022260 0.119231
0 0.949058 0.694952 0.043664 0.119231
0 0.985873 0.695072 0.027397 0.118990
0 0.928296 0.768750 0.047517 0.025962
0 0.826841 0.681611 0.024401 0.112260
0 0.164598 0.542428 0.051798 0.100721
0 0.599529 0.675481 0.014983 0.089423
0 0.995291 0.426082 0.009418 0.095433
0 0.553296 0.279808 0.024401 0.119231
0 0.528896 0.280529 0.024401 0.118269
0 0.459546 0.289904 0.020120 0.109615
0 0.434717 0.286899 0.027825 0.102644
0 0.385488 0.285817 0.044092 0.108173
0 0.301156 0.274519 0.046661 0.111058
0 0.218964 0.286899 0.038955 0.111298
0 0.165882 0.279808 0.050086 0.107692
0 0.101241 0.281851 0.026969 0.101202
0 0.072346 0.282933 0.029966 0.100481
0 0.030180 0.289423 0.044092 0.111058
0 0.985017 0.141947 0.029966 0.107452
0 0.944349 0.149159 0.029966 0.105529
0 0.918236 0.149519 0.023116 0.106250
0 0.863228 0.148317 0.026969 0.108654
0 0.808861 0.147716 0.044949 0.107452
0 0.746147 0.148918 0.029966 0.112740
0 0.073202 0.556010 0.056507 0.102885
0 0.045805 0.132572 0.050514 0.109375
0 0.126498 0.141106 0.044949 0.112500
0 0.176156 0.146514 0.045805 0.111779
0 0.249572 0.140144 0.049658 0.117308
0 0.325557 0.142187 0.050942 0.121394
0 0.607235 0.290865 0.026113 0.100000
0 0.405822 0.146995 0.052226 0.115144
0 0.509632 0.145793 0.031250 0.116587
0 0.561002 0.140745 0.026969 0.114183
0 0.591824 0.141827 0.032106 0.111058
0 0.634204 0.145072 0.024401 0.115144
0 0.660531 0.142067 0.022260 0.110577
0 0.716396 0.150000 0.027825 0.112019
0 0.479024 0.146274 0.030822 0.116106
0 0.635488 0.289062 0.029538 0.103125
0 0.889555 0.145673 0.023116 0.112500
0 0.680437 0.415144 0.029538 0.105288
0 0.542808 0.418630 0.027397 0.103125
0 0.591824 0.412139 0.027825 0.101683
0 0.621575 0.410938 0.029966 0.104567
0 0.654324 0.416707 0.021832 0.101683
0 0.733091 0.410096 0.032962 0.102404
0 0.763913 0.410337 0.030394 0.101442
0 0.482663 0.427163 0.030394 0.100000
0 0.804580 0.420673 0.032962 0.102885
0 0.893193 0.424760 0.030394 0.097115
0 0.918236 0.427284 0.018836 0.094952
0 0.939426 0.428245 0.024401 0.097356
0 0.969178 0.426442 0.018836 0.098077
0 0.669521 0.289303 0.019692 0.103606
0 0.984803 0.426322 0.013271 0.096875
0 0.839469 0.420913 0.036815 0.103365
0 0.456336 0.427524 0.022260 0.098317
0 0.516695 0.418870 0.024829 0.103606
0 0.411601 0.414423 0.026969 0.100000
0 0.694777 0.289062 0.033390 0.105529
0 0.758348 0.287139 0.046661 0.104087
0 0.820420 0.282091 0.044092 0.107933
0 0.853596 0.288101 0.016267 0.106010
0 0.873716 0.288822 0.023973 0.106010
0 0.938142 0.278486 0.026113 0.111779
0 0.988442 0.285817 0.018836 0.110577
0 0.018836 0.418870 0.037671 0.103125
0 0.965967 0.276562 0.028682 0.114183
0 0.196062 0.413582 0.044521 0.102163
0 0.255779 0.412380 0.041524 0.106490
0 0.317851 0.414423 0.031250 0.101923
0 0.346104 0.413462 0.026113 0.099519
0 0.388485 0.416106 0.020976 0.098077
0 0.113014 0.414183 0.038527 0.101442
