0 0.657552 0.683008 0.058854 0.123047
0 0.720833 0.692578 0.067708 0.128125
0 0.795312 0.701562 0.078125 0.128906
0 0.011719 0.682031 0.023438 0.076563
0 0.882812 0.718945 0.086458 0.135547
0 0.592969 0.531641 0.057813 0.120313
0 0.963802 0.724805 0.072396 0.152734
0 0.919792 0.920312 0.064583 0.134375
0 0.862500 0.905469 0.044792 0.131250
0 0.815104 0.898633 0.050000 0.118359
0 0.771615 0.883203 0.039062 0.126562
0 0.716927 0.869141 0.070312 0.120313
0 0.976823 0.931836 0.046354 0.136328
0 0.034115 0.692383 0.021354 0.076172
0 0.247396 0.739453 0.039583 0.102344
0 0.078125 0.699805 0.022917 0.084766
0 0.648698 0.853516 0.068229 0.136719
0 0.211198 0.727930 0.029687 0.094922
0 0.109635 0.703125 0.038021 0.092188
0 0.598437 0.675977 0.051042 0.119922
0 0.145052 0.713672 0.031771 0.088281
0 0.178906 0.723242 0.033854 0.101172
0 0.584896 0.832422 0.057292 0.117188
0 0.526302 0.820703 0.056771 0.123438
0 0.473438 0.805078 0.047917 0.108594
0 0.422396 0.789258 0.052083 0.112891
0 0.370833 0.778125 0.048958 0.103906
0 0.326562 0.763672 0.039583 0.111719
0 0.287760 0.749805 0.040104 0.105078
0 0.055208 0.697852 0.019792 0.075391
0 0.538281 0.663086 0.056771 0.114453
0 0.458854 0.106641 0.028125 0.095312
0 0.440365 0.645508 0.041146 0.104297
0 0.430469 0.517188 0.038021 0.107031
0 0.391667 0.516797 0.040625 0.103906
0 0.350521 0.513281 0.037500 0.100000
0 0.306510 0.510352 0.043229 0.092578
0 0.267708 0.508008 0.035417 0.094141
0 0.232552 0.500781 0.028646 0.096094
0 0.201302 0.500391 0.033854 0.093750
0 0.173437 0.500195 0.019792 0.094922
0 0.149740 0.516992 0.030729 0.079297
0 0.120573 0.513867 0.027604 0.082422
0 0.088281 0.513477 0.031771 0.070703
0 0.059896 0.501758 0.022917 0.082422
0 0.040885 0.501172 0.015104 0.082031
0 0.021354 0.501758 0.018750 0.076172
0 0.017708 0.587695 0.014583 0.072266
0 0.035677 0.589844 0.022396 0.078906
0 0.059635 0.594531 0.021354 0.074219
0 0.649740 0.533008 0.057813 0.126953
0 0.081771 0.597266 0.019792 0.078906
0 0.105729 0.610156 0.019792 0.060937
0 0.127344 0.611719 0.020313 0.067969
0 0.148438 0.615430 0.015625 0.069141
0 0.174479 0.604492 0.035417 0.091016
0 0.207031 0.608008 0.030729 0.096484
0 0.238281 0.613672 0.031771 0.087500
0 0.272917 0.619727 0.036458 0.098828
0 0.316667 0.626563 0.045833 0.092188
0 0.358333 0.634766 0.035417 0.098437
0 0.397656 0.641406 0.041146 0.102344
0 0.485677 0.654297 0.049479 0.107031
0 0.711719 0.537891 0.065104 0.135156
0 0.040885 0.287109 0.036979 0.071094
0 0.819010 0.547461 0.050521 0.137109
0 0.795052 0.203320 0.073438 0.146484
0 0.877604 0.196289 0.091667 0.145703
0 0.947656 0.219336 0.049479 0.096484
0 0.900781 0.040820 0.056771 0.080078
0 0.841406 0.042969 0.055729 0.083594
0 0.782552 0.052148 0.052604 0.103516
0 0.734896 0.054883 0.034375 0.109766
0 0.698177 0.058008 0.034896 0.113672
0 0.651823 0.085938 0.040104 0.075781
0 0.611979 0.073438 0.037500 0.100781
0 0.563281 0.082031 0.054688 0.110937
0 0.015365 0.217969 0.030729 0.059375
0 0.039583 0.167383 0.030208 0.035547
0 0.710156 0.214844 0.083854 0.139063
0 0.046094 0.217188 0.026562 0.060937
0 0.127604 0.163086 0.014583 0.089453
0 0.147656 0.159375 0.022396 0.089063
0 0.169531 0.153320 0.021354 0.097266
0 0.192448 0.150195 0.022396 0.092578
0 0.216927 0.146875 0.022396 0.097656
0 0.247396 0.172070 0.030208 0.037891
0 0.280208 0.165430 0.034375 0.030859
0 0.534375 0.527734 0.056250 0.113281
0 0.521875 0.091211 0.028125 0.093359
0 0.310156 0.130664 0.025521 0.096484
0 0.342969 0.123047 0.033854 0.092969
0 0.373698 0.122461 0.021354 0.091797
0 0.405729 0.115625 0.036458 0.087500
0 0.088802 0.201758 0.055729 0.082422
0 0.769010 0.541602 0.048438 0.135547
0 0.629427 0.222852 0.070312 0.137109
0 0.498698 0.239258 0.058854 0.126953
0 0.872135 0.550977 0.053646 0.132422
0 0.923438 0.557422 0.048958 0.142187
0 0.974219 0.560352 0.051562 0.144922
0 0.976302 0.394531 0.047396 0.122656
0 0.930208 0.385937 0.043750 0.138281
0 0.877604 0.396094 0.059375 0.119531
0 0.819792 0.393945 0.057292 0.114453
0 0.739583 0.381836 0.072917 0.135547
0 0.669271 0.384180 0.066667 0.126172
0 0.602083 0.385742 0.062500 0.124609
0 0.538542 0.385742 0.062500 0.118359
0 0.483333 0.387109 0.048958 0.113281
0 0.436719 0.386523 0.045312 0.110547
0 0.562500 0.232617 0.065625 0.124609
0 0.388021 0.387109 0.045833 0.107813
0 0.203646 0.390430 0.032292 0.089453
0 0.441667 0.245312 0.050000 0.117969
0 0.391927 0.251563 0.048438 0.117969
0 0.339323 0.257227 0.051562 0.106641
0 0.291927 0.258594 0.044271 0.107031
0 0.216927 0.270117 0.039062 0.095703
0 0.181510 0.273438 0.032813 0.097656
0 0.341927 0.387500 0.047396 0.108594
0 0.149479 0.278320 0.031250 0.088672
0 0.008333 0.308789 0.016667 0.076172
0 0.491667 0.098633 0.029167 0.099609
0 0.047396 0.355078 0.037500 0.060156
0 0.053906 0.420312 0.046354 0.064844
0 0.141927 0.405078 0.026562 0.070312
0 0.171875 0.390430 0.030208 0.091016
0 0.476823 0.523633 0.054688 0.109766
