0 0.195057 0.111979 0.031454 0.091605
0 0.560458 0.246783 0.033497 0.073223
0 0.599673 0.258119 0.022059 0.062194
0 0.629085 0.255515 0.023693 0.045956
0 0.664011 0.249234 0.043709 0.058517
0 0.697304 0.253830 0.028595 0.070772
0 0.728962 0.257353 0.034722 0.063725
0 0.015931 0.850490 0.013072 0.066789
0 0.032271 0.858456 0.020425 0.051471
0 0.056168 0.859375 0.027369 0.051471
0 0.149918 0.857843 0.048203 0.062500
0 0.202002 0.861060 0.051062 0.067096
0 0.253268 0.860447 0.049837 0.064032
0 0.305351 0.753523 0.045343 0.083027
0 0.518791 0.247396 0.047386 0.071998
0 0.349877 0.753983 0.042075 0.080882
0 0.441176 0.754596 0.051471 0.082108
0 0.488971 0.754749 0.042484 0.085478
0 0.527778 0.742188 0.035131 0.086703
0 0.575572 0.772059 0.045752 0.066176
0 0.647059 0.759191 0.028595 0.091912
0 0.684845 0.753676 0.034722 0.093750
0 0.013685 0.338082 0.027369 0.064645
0 0.057598 0.340533 0.052288 0.060355
0 0.109273 0.339614 0.045343 0.060355
0 0.159518 0.336091 0.054330 0.069240
0 0.213031 0.343903 0.042075 0.059743
0 0.259600 0.343750 0.050245 0.061275
0 0.370915 0.363971 0.049020 0.069240
0 0.394812 0.753830 0.040441 0.083640
0 0.464869 0.247243 0.047386 0.071691
0 0.411152 0.243566 0.046977 0.071691
0 0.361111 0.243873 0.047386 0.071691
0 0.308619 0.855239 0.031454 0.083640
0 0.355392 0.855239 0.065359 0.083640
0 0.431781 0.856464 0.076797 0.078738
0 0.499592 0.862592 0.061275 0.069547
0 0.565155 0.860447 0.065768 0.070159
0 0.632149 0.859069 0.058415 0.071691
0 0.018178 0.110600 0.036356 0.074142
0 0.059845 0.111979 0.037990 0.077512
0 0.094567 0.115962 0.031454 0.070159
0 0.130515 0.114430 0.031454 0.070772
0 0.161356 0.110907 0.030229 0.077819
0 0.231413 0.112745 0.041258 0.090686
0 0.270833 0.112132 0.037582 0.094363
0 0.313113 0.124387 0.034722 0.104779
0 0.349469 0.129442 0.037990 0.095282
0 0.397263 0.127911 0.045343 0.097733
0 0.438521 0.132506 0.036356 0.089154
0 0.478554 0.127911 0.037990 0.116728
0 0.521038 0.131434 0.043709 0.100490
0 0.559641 0.127451 0.035948 0.096814
0 0.603758 0.134651 0.052288 0.087316
0 0.653186 0.141544 0.044118 0.082721
0 0.699755 0.153033 0.049020 0.059743
0 0.040850 0.244179 0.053922 0.053309
0 0.095997 0.244485 0.053922 0.053309
0 0.152369 0.243566 0.053922 0.053309
0 0.204861 0.245251 0.054330 0.053615
0 0.258578 0.251532 0.053922 0.053309
0 0.311683 0.245098 0.050654 0.072304
0 0.419935 0.364583 0.046569 0.069240
0 0.469771 0.365349 0.054739 0.071998
0 0.097631 0.840533 0.044118 0.092218
0 0.570057 0.366268 0.044526 0.071385
0 0.264502 0.523284 0.044526 0.047794
0 0.219567 0.522672 0.042075 0.043505
0 0.175449 0.519608 0.042075 0.047181
0 0.131332 0.518382 0.048611 0.044730
0 0.088440 0.521293 0.035539 0.038909
0 0.053922 0.522059 0.035131 0.039828
0 0.018995 0.626379 0.037990 0.053002
0 0.016136 0.520680 0.032271 0.042586
0 0.237949 0.446232 0.044526 0.042586
0 0.192402 0.448836 0.044935 0.037990
0 0.150735 0.430300 0.040033 0.029718
0 0.102328 0.436428 0.043709 0.062194
0 0.054534 0.436581 0.055147 0.063113
0 0.012868 0.436887 0.024918 0.061275
0 0.275735 0.447151 0.025327 0.056066
0 0.668709 0.634038 0.027778 0.070772
0 0.059845 0.624847 0.041258 0.056066
0 0.165850 0.619638 0.044935 0.063419
0 0.822917 0.453125 0.166258 0.106005
0 0.811275 0.560049 0.183824 0.109681
0 0.797794 0.673407 0.185458 0.107230
0 0.797181 0.780790 0.186683 0.111826
0 0.265727 0.734528 0.030637 0.071385
0 0.231413 0.731311 0.034722 0.060662
0 0.108252 0.622243 0.055556 0.058824
0 0.198325 0.723192 0.031454 0.086091
0 0.138480 0.719516 0.030229 0.090380
0 0.106822 0.724877 0.033088 0.077819
0 0.523693 0.372243 0.049020 0.058211
0 0.032067 0.729167 0.032271 0.069853
0 0.270629 0.625919 0.021650 0.053922
0 0.227124 0.612745 0.066993 0.085172
0 0.168505 0.721507 0.024918 0.087010
0 0.637459 0.631740 0.031454 0.082721
0 0.068423 0.725337 0.032271 0.070159
0 0.566585 0.630055 0.037582 0.079350
0 0.458538 0.459406 0.047794 0.075061
0 0.410335 0.458487 0.049428 0.078738
0 0.358660 0.457874 0.049837 0.073836
0 0.311070 0.459099 0.046160 0.075061
0 0.721609 0.368260 0.051879 0.066176
0 0.670956 0.364124 0.047794 0.074449
0 0.621324 0.364124 0.052288 0.074449
0 0.555147 0.465533 0.043301 0.078738
0 0.602941 0.464461 0.047386 0.074755
0 0.653186 0.461397 0.053105 0.070466
0 0.704657 0.462623 0.049020 0.073529
0 0.507966 0.469056 0.046160 0.059436
0 0.301471 0.538143 0.023693 0.027880
0 0.376430 0.542739 0.022467 0.027880
0 0.400123 0.541820 0.025735 0.028493
0 0.424224 0.543658 0.023284 0.031556
0 0.450980 0.541054 0.023693 0.034926
0 0.362949 0.657629 0.046160 0.037684
0 0.395833 0.650735 0.020425 0.051471
0 0.420547 0.653646 0.029003 0.057904
0 0.454657 0.641544 0.040033 0.081495
0 0.493464 0.640778 0.032680 0.089154
0 0.525735 0.642004 0.034314 0.085478
0 0.327002 0.537377 0.027369 0.030025
0 0.602941 0.630515 0.034314 0.077819
