0 0.618668 0.743873 0.051062 0.068627
0 0.737541 0.742647 0.051879 0.071078
0 0.567198 0.743719 0.041258 0.071385
0 0.505719 0.738051 0.065359 0.080270
0 0.431168 0.744485 0.067402 0.069853
0 0.678717 0.742034 0.060866 0.071078
0 0.361724 0.744638 0.062500 0.067096
0 0.944649 0.625613 0.082925 0.091912
0 0.218546 0.746936 0.041667 0.062500
0 0.351307 0.634344 0.041667 0.083027
0 0.407475 0.635417 0.060866 0.084559
0 0.456904 0.622855 0.033088 0.069240
0 0.510825 0.632966 0.059232 0.088848
0 0.571487 0.636029 0.049837 0.076593
0 0.638072 0.628676 0.077614 0.089461
0 0.717320 0.627298 0.068627 0.087929
0 0.799020 0.629289 0.068627 0.087623
0 0.866626 0.627145 0.053513 0.094363
0 0.799020 0.741115 0.064542 0.072304
0 0.020629 0.754902 0.020833 0.044730
0 0.058824 0.741728 0.031863 0.069853
0 0.090278 0.742953 0.025327 0.069853
0 0.127247 0.743260 0.042075 0.072917
0 0.174224 0.746477 0.038807 0.064645
0 0.285539 0.746936 0.073529 0.062500
0 0.856822 0.750306 0.046160 0.055760
0 0.910131 0.850490 0.054739 0.049632
0 0.958742 0.755821 0.049837 0.049632
0 0.088644 0.950214 0.046569 0.086703
0 0.137255 0.953431 0.046569 0.090074
0 0.199551 0.939338 0.040441 0.061887
0 0.243668 0.936887 0.034722 0.064951
0 0.281454 0.939338 0.036765 0.064951
0 0.319444 0.941942 0.022876 0.067096
0 0.352941 0.953431 0.033497 0.087010
0 0.043096 0.954197 0.037173 0.091605
0 0.393995 0.952206 0.042075 0.089461
0 0.534926 0.928462 0.062500 0.058517
0 0.605596 0.947151 0.061683 0.089767
0 0.671773 0.947763 0.059232 0.087929
0 0.735703 0.947763 0.060458 0.081801
0 0.810458 0.947304 0.066993 0.093137
0 0.888685 0.947917 0.073121 0.085172
0 0.965686 0.953431 0.063725 0.080882
0 0.455065 0.945925 0.066176 0.078125
0 0.906658 0.750153 0.039624 0.059130
0 0.009191 0.953125 0.018382 0.086397
0 0.291871 0.634804 0.065768 0.086397
0 0.016544 0.857384 0.033088 0.054228
0 0.059436 0.858303 0.049428 0.051164
0 0.234477 0.831648 0.057190 0.024203
0 0.228758 0.870864 0.066176 0.029105
0 0.331904 0.873928 0.060049 0.026042
0 0.403595 0.859528 0.053105 0.027880
0 0.455678 0.855699 0.034722 0.023284
0 0.964869 0.849265 0.045752 0.053922
0 0.461601 0.817862 0.038399 0.024203
0 0.502859 0.873928 0.051471 0.029105
0 0.569444 0.852635 0.041667 0.023284
0 0.628676 0.856771 0.054739 0.049939
0 0.686479 0.857537 0.047794 0.052696
0 0.741830 0.854933 0.056373 0.049326
0 0.801675 0.857384 0.053513 0.046875
0 0.850694 0.845741 0.042075 0.049326
0 0.514297 0.831648 0.053922 0.027267
0 0.225490 0.635723 0.055556 0.080270
0 0.035743 0.529565 0.046977 0.074449
0 0.038399 0.631434 0.076797 0.094975
0 0.987337 0.184589 0.025327 0.011336
0 0.989379 0.206036 0.021242 0.020527
0 0.028595 0.328125 0.049020 0.053922
0 0.080065 0.320925 0.045752 0.064645
0 0.135417 0.319700 0.050245 0.067708
0 0.197712 0.314185 0.053105 0.078125
0 0.263276 0.321232 0.065768 0.073836
0 0.372549 0.321691 0.052288 0.062500
0 0.429330 0.312347 0.051471 0.075674
0 0.485498 0.314338 0.053513 0.078431
0 0.544935 0.316483 0.053922 0.076593
0 0.604167 0.317862 0.050654 0.076287
0 0.657475 0.317096 0.042892 0.078431
0 0.708742 0.316636 0.047386 0.076900
0 0.766953 0.314185 0.053513 0.081189
0 0.987337 0.161152 0.025327 0.025735
0 0.947712 0.207261 0.048203 0.016850
0 0.947100 0.183670 0.046977 0.021752
0 0.896242 0.207567 0.043301 0.017463
0 0.703840 0.184130 0.021242 0.072304
0 0.664624 0.182904 0.040850 0.069240
0 0.615809 0.180453 0.049428 0.079657
0 0.563521 0.180300 0.042075 0.079963
0 0.525735 0.205423 0.027778 0.031556
0 0.521242 0.166513 0.035131 0.039522
0 0.482435 0.181219 0.031046 0.075061
0 0.820466 0.316483 0.042892 0.076593
0 0.438317 0.210325 0.040850 0.019914
0 0.739788 0.182138 0.035948 0.076900
0 0.435662 0.162837 0.039624 0.022978
0 0.389093 0.208793 0.044526 0.019914
0 0.390114 0.186581 0.042484 0.021446
0 0.780433 0.136029 0.027369 0.052083
0 0.834967 0.161305 0.067810 0.105699
0 0.898284 0.186734 0.043301 0.021752
0 0.442810 0.188266 0.037582 0.018689
0 0.152574 0.632047 0.077206 0.093137
0 0.902165 0.263634 0.038807 0.053002
0 0.862949 0.323683 0.033905 0.054228
0 0.133987 0.528493 0.051471 0.069240
0 0.188521 0.533088 0.046977 0.068627
0 0.241013 0.531863 0.045752 0.066789
0 0.306577 0.519608 0.078840 0.089461
0 0.372549 0.527114 0.044118 0.078738
0 0.424224 0.526654 0.053513 0.078431
0 0.477737 0.527267 0.050245 0.075980
0 0.546773 0.520680 0.065768 0.081189
0 0.607026 0.522365 0.044118 0.081495
0 0.669118 0.521446 0.070261 0.085784
0 0.739175 0.527727 0.055147 0.079963
0 0.796160 0.524510 0.046569 0.076593
0 0.848243 0.527114 0.053513 0.075674
0 0.902369 0.526654 0.047386 0.075368
0 0.963644 0.524663 0.071895 0.079963
0 0.083742 0.531097 0.044935 0.072610
0 0.984273 0.422335 0.031454 0.075674
0 0.930147 0.424326 0.066176 0.074755
0 0.819649 0.420956 0.057598 0.081495
0 0.902982 0.324142 0.032271 0.055147
0 0.941585 0.323376 0.031863 0.056679
0 0.977941 0.304841 0.026961 0.025735
0 0.980392 0.339614 0.027778 0.030944
0 0.059845 0.424326 0.074755 0.080882
0 0.121119 0.424173 0.037990 0.074449
0 0.190564 0.416207 0.083742 0.094056
0 0.944240 0.262255 0.037173 0.056373
0 0.266340 0.417892 0.047386 0.083333
0 0.380106 0.423254 0.038807 0.075674
0 0.429534 0.419424 0.055964 0.087623
0 0.483660 0.420343 0.045752 0.085172
0 0.535539 0.420650 0.051471 0.082108
0 0.585784 0.420956 0.038399 0.083333
0 0.645016 0.418045 0.058824 0.090380
0 0.731413 0.415901 0.100899 0.091605
0 0.323121 0.419884 0.054739 0.077512
0 0.777574 0.195772 0.029820 0.052083
0 0.319853 0.320159 0.035948 0.069240
0 0.385417 0.163450 0.045343 0.021140
0 0.333129 0.191483 0.046160 0.052696
0 0.283497 0.185968 0.036765 0.068627
0 0.233864 0.183977 0.047794 0.071385
0 0.181168 0.186428 0.048611 0.067708
0 0.130310 0.212010 0.040033 0.007966
0 0.128064 0.195619 0.024101 0.015012
0 0.122958 0.170343 0.037582 0.028799
0 0.081699 0.208027 0.049020 0.012255
0 0.071691 0.183824 0.045343 0.025123
0 0.059845 0.132200 0.037990 0.019914
0 0.021650 0.180913 0.043301 0.062194
0 0.066381 0.154871 0.034722 0.019301
