0 0.462240 0.767969 0.090104 0.055469
0 0.568750 0.749023 0.102083 0.039453
0 0.213802 0.692969 0.039062 0.114844
0 0.270052 0.682031 0.039062 0.100781
0 0.310677 0.678711 0.024479 0.098828
0 0.363542 0.689453 0.038542 0.103125
0 0.442448 0.678906 0.041146 0.101562
0 0.481250 0.673047 0.029167 0.107813
0 0.124479 0.819922 0.041667 0.070312
0 0.067969 0.858789 0.059896 0.135547
0 0.880729 0.659766 0.031250 0.083594
0 0.165104 0.813477 0.027083 0.069141
0 0.203385 0.815234 0.038021 0.072656
0 0.254427 0.808008 0.021354 0.098047
0 0.233073 0.807617 0.018229 0.092578
0 0.286979 0.819922 0.039583 0.067187
0 0.328385 0.807422 0.033854 0.078906
0 0.368750 0.811133 0.032292 0.079297
0 0.403125 0.681445 0.035417 0.105859
0 0.446094 0.824805 0.117188 0.048828
0 0.957031 0.663281 0.038021 0.085156
0 0.918750 0.662305 0.034375 0.093359
0 0.822917 0.665625 0.077083 0.087500
0 0.761458 0.667773 0.036458 0.099609
0 0.722656 0.667383 0.034896 0.098828
0 0.679167 0.672070 0.046875 0.087891
0 0.635156 0.664453 0.021354 0.082812
0 0.602344 0.672852 0.041146 0.104297
0 0.560677 0.670703 0.036979 0.102344
0 0.515625 0.673047 0.035417 0.104688
0 0.988542 0.657813 0.022917 0.084375
0 0.571354 0.810547 0.111458 0.068750
0 0.405990 0.910742 0.024479 0.076172
0 0.680990 0.794141 0.023438 0.092969
0 0.599740 0.904687 0.032813 0.074219
0 0.562760 0.909766 0.030729 0.074219
0 0.498698 0.906445 0.025521 0.072266
0 0.470573 0.909766 0.027604 0.078906
0 0.444792 0.913672 0.019792 0.077344
0 0.424740 0.909375 0.011979 0.067187
0 0.645573 0.902734 0.031771 0.067187
0 0.177344 0.680078 0.028646 0.094531
0 0.346875 0.906250 0.031250 0.067187
0 0.320312 0.906250 0.020833 0.066406
0 0.284896 0.908008 0.035417 0.066016
0 0.237500 0.901758 0.030208 0.055859
0 0.203385 0.919922 0.038021 0.084375
0 0.163542 0.915234 0.030208 0.078125
0 0.377083 0.903711 0.026042 0.066797
0 0.648438 0.793164 0.031250 0.102734
0 0.681250 0.900586 0.031250 0.069922
0 0.762500 0.891602 0.041667 0.050391
0 0.709375 0.791406 0.031250 0.094531
0 0.742448 0.789062 0.024479 0.105469
0 0.769792 0.788672 0.027083 0.103906
0 0.802083 0.787500 0.032292 0.106250
0 0.835417 0.787109 0.032292 0.103125
0 0.865104 0.787891 0.022917 0.095312
0 0.716927 0.896875 0.035937 0.063281
0 0.894271 0.788477 0.028125 0.096484
0 0.953125 0.773828 0.027083 0.076563
0 0.932552 0.982617 0.134896 0.034766
0 0.965104 0.897656 0.038542 0.081250
0 0.920573 0.901367 0.034896 0.076953
0 0.882292 0.900977 0.031250 0.072266
0 0.834635 0.908984 0.047396 0.085156
0 0.925521 0.775000 0.021875 0.078906
0 0.132292 0.654102 0.053125 0.121484
0 0.986979 0.777148 0.026042 0.077734
0 0.970573 0.530859 0.029687 0.104688
0 0.547396 0.424219 0.059375 0.067187
0 0.478125 0.422852 0.066667 0.069141
0 0.410417 0.425781 0.056250 0.078125
0 0.341146 0.420508 0.079167 0.080859
0 0.264323 0.423828 0.073438 0.076563
0 0.179688 0.428125 0.076042 0.075781
0 0.116927 0.444727 0.049479 0.044141
0 0.966406 0.197266 0.067187 0.127344
0 0.874219 0.284375 0.080729 0.106250
0 0.802604 0.277539 0.053125 0.119922
0 0.752344 0.275586 0.041146 0.116016
0 0.707031 0.283008 0.043229 0.113672
0 0.662500 0.281250 0.042708 0.117188
0 0.615625 0.285547 0.047917 0.118750
0 0.559635 0.282422 0.060937 0.112500
0 0.494531 0.278711 0.066146 0.122266
0 0.363281 0.281836 0.064062 0.121484
0 0.293229 0.282422 0.059375 0.122656
0 0.226562 0.283008 0.067708 0.123828
0 0.614062 0.422461 0.067708 0.069922
0 0.144271 0.282617 0.070833 0.119922
0 0.693229 0.433789 0.067708 0.051953
0 0.792448 0.412695 0.035937 0.093359
0 0.059896 0.701562 0.073958 0.097656
0 0.537760 0.555859 0.033854 0.096875
0 0.503385 0.558984 0.024479 0.094531
0 0.464323 0.557422 0.025521 0.101562
0 0.423958 0.553906 0.033333 0.099219
0 0.382552 0.553711 0.033854 0.101172
0 0.348177 0.560937 0.023438 0.100781
0 0.317969 0.556250 0.029687 0.096094
0 0.288021 0.561328 0.018750 0.094531
0 0.267448 0.560937 0.017188 0.092188
0 0.244271 0.561133 0.020833 0.096484
0 0.128646 0.912891 0.026042 0.075781
0 0.222656 0.558594 0.017188 0.091406
0 0.186458 0.558008 0.043750 0.094922
0 0.042969 0.532227 0.079687 0.231641
0 0.958073 0.409570 0.040104 0.097266
0 0.871354 0.433398 0.025000 0.053516
0 0.904167 0.425391 0.031250 0.069531
0 0.834635 0.423047 0.041146 0.073438
0 0.749219 0.427930 0.041146 0.063672
0 0.086458 0.272656 0.044792 0.139844
0 0.426042 0.279883 0.064583 0.119922
0 0.828906 0.549609 0.081771 0.088281
0 0.025260 0.271289 0.048438 0.137109
0 0.920312 0.530664 0.060417 0.108203
0 0.578385 0.555273 0.046354 0.094141
0 0.623177 0.551953 0.040104 0.089844
0 0.666146 0.555078 0.043750 0.096875
0 0.708073 0.552734 0.034896 0.096094
0 0.739062 0.556250 0.023958 0.101562
0 0.770312 0.555273 0.031250 0.098047
