0 0.558211 0.202512 0.036356 0.083946
0 0.560662 0.319240 0.044526 0.045956
0 0.612745 0.318168 0.051471 0.050551
0 0.666258 0.288756 0.048203 0.041360
0 0.719363 0.288756 0.047386 0.034620
0 0.661560 0.328431 0.042075 0.036152
0 0.712623 0.329350 0.046160 0.035539
0 0.858456 0.321232 0.042075 0.052390
0 0.908905 0.315564 0.042484 0.071691
0 0.957721 0.316483 0.042075 0.073529
0 0.784722 0.323683 0.035948 0.071385
0 0.778391 0.428462 0.036356 0.073223
0 0.771446 0.520221 0.031454 0.060662
0 0.763480 0.596661 0.028595 0.064645
0 0.032680 0.382659 0.027778 0.061887
0 0.067606 0.384498 0.024918 0.058211
0 0.091299 0.395987 0.021650 0.045650
0 0.227533 0.389859 0.064542 0.064032
0 0.306577 0.392616 0.071487 0.071998
0 0.376634 0.393229 0.035131 0.068934
0 0.424020 0.393995 0.048203 0.070466
0 0.478962 0.408088 0.044526 0.050858
0 0.534518 0.408701 0.046160 0.054534
0 0.593546 0.399969 0.040850 0.070159
0 0.446895 0.325521 0.044118 0.034620
0 0.396038 0.324755 0.046160 0.030637
0 0.459559 0.284620 0.044118 0.033088
0 0.394608 0.290748 0.058824 0.033088
0 0.597835 0.199755 0.041258 0.089461
0 0.600694 0.140931 0.039624 0.024510
0 0.642361 0.199755 0.034722 0.083333
0 0.701593 0.177390 0.068219 0.132966
0 0.758170 0.181679 0.036765 0.120098
0 0.808007 0.184283 0.035131 0.125306
0 0.861315 0.180760 0.034722 0.129902
0 0.902369 0.181066 0.035131 0.130515
0 0.953227 0.169271 0.046160 0.159007
0 0.029003 0.310509 0.029412 0.051777
0 0.065155 0.301930 0.038807 0.065257
0 0.140523 0.327972 0.066993 0.117341
0 0.246732 0.316483 0.040033 0.040441
0 0.304126 0.286918 0.032271 0.030944
0 0.305147 0.320925 0.027778 0.030331
0 0.344158 0.323989 0.042892 0.031556
0 0.346609 0.290441 0.032271 0.033088
0 0.450368 0.179228 0.056781 0.122549
0 0.383783 0.180453 0.052696 0.122549
0 0.325572 0.179534 0.053105 0.129902
0 0.267361 0.179994 0.055964 0.125919
0 0.649306 0.403033 0.045343 0.067096
0 0.203840 0.184130 0.054739 0.120098
0 0.110090 0.220895 0.025735 0.036765
0 0.101307 0.175705 0.029412 0.020527
0 0.502042 0.196538 0.044118 0.090993
0 0.700776 0.405178 0.035539 0.064032
0 0.090074 0.482996 0.022467 0.064032
0 0.821078 0.408854 0.038399 0.067096
0 0.737337 0.513940 0.032680 0.035846
0 0.380719 0.708027 0.068627 0.112745
0 0.301879 0.705882 0.068627 0.108456
0 0.241830 0.692708 0.030229 0.115196
0 0.183415 0.701440 0.042484 0.102022
0 0.131944 0.691942 0.040033 0.097120
0 0.088848 0.702206 0.026552 0.070466
0 0.052696 0.694547 0.032680 0.085784
0 0.449755 0.719210 0.066993 0.109988
0 0.518791 0.727175 0.067810 0.111213
0 0.575980 0.732843 0.040850 0.115196
0 0.710989 0.573836 0.064951 0.049632
0 0.630106 0.775276 0.066585 0.034620
0 0.708742 0.750919 0.082516 0.033088
0 0.713440 0.715839 0.085376 0.034007
0 0.823734 0.774050 0.113971 0.095895
0 0.920139 0.759344 0.051879 0.132659
0 0.965482 0.779871 0.032271 0.083640
0 0.885212 0.630515 0.070261 0.073529
0 0.813521 0.624694 0.059232 0.071078
0 0.627859 0.603860 0.068627 0.083946
0 0.552900 0.599724 0.066585 0.082414
0 0.076593 0.212623 0.027369 0.054534
0 0.485498 0.591605 0.060866 0.080270
0 0.712623 0.784926 0.074755 0.032475
0 0.010621 0.486979 0.021242 0.048100
0 0.412582 0.577972 0.060458 0.090993
0 0.344771 0.579044 0.053922 0.095588
0 0.869690 0.410999 0.035948 0.068934
0 0.920547 0.416513 0.040441 0.067708
0 0.983047 0.410539 0.033088 0.068015
0 0.037582 0.481158 0.021242 0.062806
0 0.062296 0.484069 0.020833 0.066176
0 0.160335 0.457414 0.068219 0.103554
0 0.115605 0.483609 0.020425 0.060355
0 0.277778 0.486673 0.042484 0.030944
0 0.353350 0.491268 0.039216 0.033395
0 0.398693 0.461703 0.048203 0.026348
0 0.400735 0.497396 0.045752 0.038297
0 0.448121 0.498621 0.043301 0.038297
0 0.494894 0.502604 0.042075 0.039522
0 0.641953 0.513940 0.046977 0.031556
0 0.691993 0.512408 0.045752 0.032782
0 0.878676 0.527267 0.057190 0.067402
0 0.937704 0.527727 0.055964 0.068321
0 0.817198 0.526042 0.053513 0.064951
0 0.020221 0.577053 0.040441 0.016238
0 0.022672 0.595129 0.045343 0.014400
0 0.125613 0.573683 0.038807 0.067096
0 0.176471 0.563113 0.060458 0.080270
0 0.226307 0.579044 0.036765 0.076593
0 0.259600 0.572610 0.024918 0.091912
0 0.293096 0.576287 0.035539 0.090074
0 0.741013 0.406403 0.033497 0.073836
0 0.540850 0.503676 0.042484 0.034314
0 0.042279 0.213235 0.030637 0.058211
