0 0.935742 0.448177 0.066797 0.058854
0 0.913281 0.388802 0.020313 0.053646
0 0.933398 0.390104 0.017578 0.052083
0 0.954102 0.389583 0.021484 0.050000
0 0.973047 0.388542 0.014063 0.048958
0 0.990234 0.387500 0.017969 0.045833
0 0.850195 0.510417 0.080859 0.051042
0 0.986328 0.550781 0.027344 0.043229
0 0.983984 0.500781 0.032031 0.047396
0 0.988672 0.437500 0.018750 0.048958
0 0.843164 0.561458 0.080859 0.046875
0 0.926758 0.560156 0.080859 0.043229
0 0.174805 0.176823 0.104297 0.099479
0 0.185352 0.268490 0.106641 0.075521
0 0.076563 0.270052 0.104688 0.078646
0 0.067969 0.368750 0.082812 0.106250
0 0.930078 0.507031 0.068750 0.050521
0 0.852148 0.451562 0.087891 0.058333
0 0.310742 0.493750 0.103516 0.109375
0 0.086914 0.886198 0.095703 0.108854
0 0.752734 0.767708 0.083594 0.094792
0 0.666797 0.776042 0.085938 0.096875
0 0.755078 0.670312 0.085938 0.095833
0 0.663086 0.673698 0.087891 0.099479
0 0.177930 0.587500 0.115234 0.102083
0 0.664844 0.573958 0.091406 0.095833
0 0.760352 0.470573 0.091797 0.094271
0 0.667383 0.472396 0.091797 0.097917
0 0.766797 0.360156 0.088281 0.105729
0 0.674023 0.365885 0.093359 0.107813
0 0.773438 0.251563 0.076563 0.102083
0 0.670312 0.257292 0.070312 0.102083
0 0.324023 0.254167 0.054297 0.125000
0 0.537109 0.360156 0.099219 0.116146
0 0.540820 0.475000 0.098047 0.109375
0 0.539258 0.583073 0.092578 0.104688
0 0.540234 0.691927 0.096875 0.108854
0 0.312695 0.605469 0.100391 0.109896
0 0.317969 0.717969 0.099219 0.108854
0 0.320117 0.830469 0.094141 0.110937
0 0.170898 0.368229 0.122266 0.112500
0 0.178906 0.480469 0.117188 0.107813
0 0.440039 0.390885 0.088672 0.081771
0 0.821680 0.282031 0.019141 0.046354
0 0.443359 0.466927 0.088281 0.065104
0 0.432031 0.604427 0.096094 0.052604
0 0.431445 0.663021 0.092578 0.057292
0 0.431836 0.719010 0.091016 0.052604
0 0.435547 0.773698 0.093750 0.051562
0 0.434961 0.830469 0.092578 0.058854
0 0.542773 0.801042 0.092578 0.106250
0 0.428320 0.543490 0.094922 0.065104
0 0.900977 0.226823 0.019141 0.046354
0 0.920898 0.226823 0.019141 0.046354
0 0.940820 0.225781 0.019141 0.046354
0 0.957812 0.337240 0.018750 0.053646
0 0.974414 0.337240 0.013672 0.051562
0 0.991602 0.337760 0.016797 0.052604
0 0.820117 0.391667 0.014453 0.058333
0 0.837695 0.391927 0.017578 0.058854
0 0.858594 0.391927 0.021875 0.057813
0 0.936914 0.336198 0.019141 0.053646
0 0.879883 0.391667 0.019922 0.054167
0 0.183008 0.689323 0.116016 0.097396
0 0.190820 0.788542 0.115234 0.100000
0 0.196680 0.893750 0.116016 0.098958
0 0.058008 0.518490 0.113672 0.131771
0 0.065820 0.648177 0.106641 0.122396
0 0.074414 0.769792 0.102734 0.114583
0 0.896680 0.391146 0.011328 0.054167
0 0.307812 0.375000 0.106250 0.113542
0 0.916406 0.334635 0.017969 0.053646
0 0.882422 0.334635 0.016406 0.054688
0 0.962305 0.227083 0.019141 0.045833
0 0.981445 0.225521 0.018359 0.046875
0 0.843164 0.283073 0.021484 0.049479
0 0.864844 0.283594 0.019531 0.048438
0 0.884961 0.283854 0.018359 0.047917
0 0.902344 0.282552 0.016406 0.048438
0 0.899414 0.335417 0.013672 0.053125
0 0.920117 0.282813 0.016797 0.047917
0 0.959961 0.284635 0.018359 0.048438
0 0.976758 0.282813 0.012891 0.047917
0 0.992188 0.279427 0.015625 0.049479
0 0.820117 0.334635 0.016797 0.054688
0 0.841211 0.335156 0.021484 0.054688
0 0.863086 0.334635 0.019141 0.054688
0 0.939648 0.284896 0.019922 0.047917
0 0.756250 0.571875 0.088281 0.091667
