0 0.180556 0.428615 0.043301 0.077206
0 0.102737 0.438266 0.082925 0.062194
0 0.109069 0.394455 0.074346 0.013787
0 0.017157 0.420803 0.034314 0.083027
0 0.078431 0.377451 0.058824 0.016544
0 0.401144 0.535386 0.068627 0.073223
0 0.044730 0.559896 0.068219 0.062194
0 0.122958 0.576593 0.044118 0.086397
0 0.090074 0.541973 0.020833 0.097426
0 0.182394 0.545496 0.061683 0.070159
0 0.250817 0.533395 0.045752 0.080270
0 0.318219 0.539675 0.080065 0.070159
0 0.234681 0.432138 0.053513 0.077512
0 0.297590 0.425398 0.051062 0.082414
0 0.892361 0.399969 0.044526 0.077512
0 0.451185 0.420190 0.051879 0.076900
0 0.024918 0.311275 0.049837 0.076593
0 0.964869 0.145527 0.070261 0.123775
0 0.896038 0.155178 0.046160 0.113051
0 0.844158 0.155944 0.053513 0.114583
0 0.781863 0.162837 0.056373 0.112439
0 0.717525 0.164062 0.049428 0.108150
0 0.658292 0.166207 0.060049 0.107537
0 0.517157 0.176624 0.049837 0.091605
0 0.084763 0.314645 0.062500 0.062500
0 0.467116 0.182292 0.046977 0.091912
0 0.372141 0.185355 0.044118 0.081495
0 0.323734 0.185968 0.047794 0.087623
0 0.276552 0.185049 0.039216 0.088235
0 0.223448 0.186581 0.055556 0.086397
0 0.157067 0.163450 0.067402 0.127145
0 0.098448 0.202819 0.044118 0.061887
0 0.053309 0.204504 0.042075 0.057904
0 0.015319 0.202665 0.030637 0.065870
0 0.418505 0.186581 0.042075 0.083946
0 0.149918 0.302390 0.058007 0.079657
0 0.211601 0.296415 0.053105 0.088542
0 0.284314 0.303922 0.058007 0.075980
0 0.504493 0.419730 0.049020 0.091912
0 0.554534 0.416360 0.042075 0.080270
0 0.609273 0.418045 0.053513 0.074449
0 0.661152 0.415901 0.041258 0.075061
0 0.781454 0.407782 0.073529 0.083946
0 0.842116 0.407782 0.038807 0.081495
0 0.475490 0.528339 0.066993 0.077512
0 0.972631 0.351869 0.052288 0.084252
0 0.869077 0.287224 0.043709 0.074449
0 0.817198 0.280025 0.050245 0.085172
0 0.771446 0.286152 0.025735 0.072304
0 0.721405 0.290135 0.051471 0.075980
0 0.670139 0.287990 0.040441 0.085172
0 0.621324 0.288909 0.046569 0.082108
0 0.577410 0.288603 0.035539 0.083946
0 0.538807 0.292586 0.035131 0.080882
0 0.478554 0.293505 0.079657 0.087010
0 0.377859 0.297641 0.039216 0.067096
0 0.337214 0.303309 0.035539 0.065564
0 0.357230 0.427696 0.047794 0.075368
0 0.539624 0.530790 0.058007 0.082414
0 0.422590 0.297641 0.029003 0.079350
0 0.670139 0.522672 0.080474 0.086397
0 0.844363 0.519301 0.052288 0.084559
0 0.791258 0.522978 0.050654 0.085172
0 0.967116 0.427083 0.065768 0.046569
0 0.308415 0.713082 0.023693 0.052390
0 0.331291 0.717371 0.017157 0.040135
0 0.356005 0.722273 0.020833 0.040748
0 0.892974 0.526501 0.045752 0.064645
0 0.379289 0.718903 0.021650 0.038909
0 0.452206 0.704810 0.023693 0.040135
0 0.476307 0.716605 0.022876 0.041054
0 0.500408 0.702512 0.018791 0.028799
0 0.523693 0.701746 0.019608 0.029718
0 0.570261 0.708027 0.061275 0.054534
0 0.632353 0.706189 0.041667 0.052083
0 0.418709 0.715686 0.021242 0.041667
0 0.684232 0.716146 0.026144 0.044424
0 0.965686 0.533854 0.068627 0.049326
0 0.879493 0.611060 0.037582 0.059130
0 0.229371 0.721661 0.046160 0.062806
0 0.598039 0.521906 0.052288 0.073836
0 0.191176 0.633425 0.027778 0.062806
0 0.227941 0.631740 0.024510 0.061887
0 0.286969 0.635570 0.063317 0.060355
0 0.345792 0.651042 0.040441 0.042892
0 0.967116 0.479779 0.065768 0.055760
0 0.397672 0.645680 0.055147 0.057292
0 0.480392 0.624540 0.037582 0.056679
0 0.531250 0.628830 0.053513 0.053615
0 0.696895 0.617341 0.039216 0.062500
0 0.744690 0.623468 0.040033 0.061275
0 0.817198 0.622855 0.041258 0.060049
0 0.850899 0.614583 0.019608 0.055147
0 0.441789 0.611366 0.029003 0.032782
0 0.713440 0.693168 0.016748 0.030944
0 0.594771 0.623162 0.056373 0.064338
0 0.811479 0.861673 0.042075 0.076287
0 0.082312 0.698070 0.025735 0.072610
0 0.124387 0.702206 0.031454 0.085784
0 0.156046 0.698223 0.015523 0.079657
0 0.174632 0.704810 0.019199 0.072610
0 0.297590 0.827819 0.027369 0.087010
0 0.982435 0.822917 0.035131 0.118260
0 0.938521 0.835631 0.042075 0.116115
0 0.877247 0.852788 0.069853 0.116115
0 0.778799 0.851869 0.019199 0.070772
0 0.749796 0.712163 0.031454 0.043811
0 0.748366 0.868566 0.035131 0.097426
0 0.709763 0.865196 0.031454 0.106618
0 0.056985 0.702359 0.022467 0.083640
0 0.631740 0.868107 0.031454 0.105699
0 0.597426 0.853860 0.023284 0.093137
0 0.671977 0.865349 0.035131 0.113664
0 0.533088 0.846967 0.020425 0.083640
0 0.775531 0.700061 0.015931 0.042279
0 0.796773 0.700061 0.021650 0.044730
0 0.845792 0.706189 0.024918 0.042892
0 0.820466 0.696385 0.020016 0.030637
0 0.937092 0.695619 0.079248 0.045037
0 0.564951 0.838542 0.035131 0.094363
0 0.032475 0.864583 0.064951 0.100490
0 0.936479 0.636183 0.069036 0.061581
0 0.090686 0.865656 0.046569 0.111826
0 0.144404 0.876225 0.055147 0.123162
0 0.249796 0.875460 0.059232 0.111213
0 0.370915 0.877298 0.050654 0.098346
0 0.462010 0.860141 0.036765 0.096507
0 0.500204 0.862439 0.037173 0.105392
0 0.007557 0.723805 0.015114 0.078125
