0 0.707108 0.733915 0.042484 0.113051
0 0.935049 0.213235 0.059641 0.191176
0 0.718342 0.307598 0.033088 0.109069
0 0.688930 0.321998 0.022467 0.080270
0 0.662173 0.321844 0.032680 0.078125
0 0.633578 0.323070 0.023693 0.077512
0 0.606413 0.323989 0.029820 0.076287
0 0.582312 0.324142 0.016748 0.075368
0 0.559028 0.324908 0.030637 0.076900
0 0.547181 0.835325 0.051879 0.056679
0 0.526348 0.328125 0.033088 0.068627
0 0.500408 0.327053 0.021242 0.070159
0 0.445874 0.440411 0.057598 0.076287
0 0.505923 0.442096 0.065768 0.084559
0 0.551675 0.450214 0.019199 0.092218
0 0.577002 0.454963 0.028186 0.087623
0 0.501021 0.181219 0.033088 0.100184
0 0.545343 0.170037 0.035131 0.104779
0 0.581904 0.165288 0.037990 0.115502
0 0.620915 0.156403 0.036765 0.104473
0 0.744485 0.752604 0.030637 0.121630
0 0.540850 0.567862 0.026144 0.097120
0 0.628676 0.833487 0.061275 0.045650
0 0.702819 0.859222 0.055964 0.051777
0 0.691993 0.909161 0.047386 0.048713
0 0.757761 0.939951 0.053922 0.066789
0 0.822917 0.962163 0.056781 0.068321
0 0.616626 0.441176 0.030637 0.121936
0 0.830882 0.894914 0.062908 0.058211
0 0.568219 0.565104 0.030229 0.113051
0 0.598856 0.706495 0.023693 0.109681
0 0.889297 0.092065 0.064542 0.173100
0 0.829044 0.099265 0.046977 0.162377
0 0.775123 0.107996 0.044526 0.153493
0 0.729167 0.111520 0.044935 0.160539
0 0.666054 0.144301 0.050245 0.112132
0 0.932802 0.938725 0.118873 0.056985
0 0.647059 0.443781 0.027778 0.122855
0 0.632761 0.891238 0.060458 0.053309
0 0.703636 0.447304 0.029003 0.127451
0 0.775327 0.766544 0.031863 0.120711
0 0.812092 0.784467 0.038399 0.120404
0 0.855392 0.798100 0.041667 0.111520
0 0.919118 0.812653 0.066993 0.145527
0 0.979575 0.831189 0.040850 0.139706
0 0.501021 0.772365 0.042892 0.035539
0 0.492851 0.817708 0.036356 0.036152
0 0.669118 0.731311 0.033497 0.098652
0 0.630106 0.723192 0.037173 0.094056
0 0.743056 0.604473 0.037582 0.117647
0 0.704044 0.600797 0.036356 0.120098
0 0.674632 0.445159 0.025735 0.125613
0 0.668301 0.594975 0.031863 0.118260
0 0.638276 0.589154 0.026552 0.109681
0 0.609273 0.584099 0.025735 0.109988
0 0.737541 0.450827 0.038807 0.125306
