0 0.625642 0.573197 0.029538 0.057452
0 0.974101 0.399760 0.051798 0.035096
0 0.008348 0.450721 0.012414 0.021154
0 0.023973 0.451562 0.017979 0.019952
0 0.043236 0.451322 0.017979 0.019952
0 0.062714 0.452284 0.018408 0.018510
0 0.099315 0.440264 0.044521 0.038702
0 0.022688 0.479928 0.015411 0.023317
0 0.008348 0.479567 0.012414 0.024038
0 0.926798 0.398558 0.042808 0.037019
0 0.039170 0.478726 0.018408 0.022356
0 0.059503 0.480168 0.020548 0.020433
0 0.009632 0.529567 0.014983 0.023077
0 0.024829 0.528846 0.015411 0.024038
0 0.102312 0.473558 0.046233 0.024038
0 0.864726 0.408534 0.068493 0.032933
0 0.764769 0.408774 0.051798 0.033894
0 0.705908 0.408894 0.058219 0.036058
0 0.483733 0.656611 0.036815 0.058413
0 0.442423 0.657212 0.038955 0.055288
0 0.407320 0.657091 0.028682 0.059375
0 0.985873 0.260697 0.028253 0.046394
0 0.936644 0.313101 0.036815 0.041106
0 0.983733 0.316707 0.032534 0.045913
0 0.175942 0.411058 0.044521 0.030769
0 0.224743 0.410457 0.052226 0.032933
0 0.282534 0.409135 0.056507 0.031731
0 0.389983 0.410938 0.058219 0.032933
0 0.442851 0.411298 0.044092 0.031250
0 0.497432 0.409736 0.047089 0.032933
0 0.547731 0.411418 0.049229 0.031010
0 0.600813 0.411659 0.048373 0.031971
0 0.652825 0.408654 0.046233 0.036538
0 0.041310 0.528005 0.018408 0.022356
0 0.060574 0.530889 0.022688 0.017548
0 0.100171 0.541226 0.046233 0.024760
0 0.594820 0.577764 0.032106 0.055048
0 0.296661 0.582692 0.071918 0.031250
0 0.013057 0.640505 0.021832 0.041106
0 0.031892 0.640264 0.016695 0.043029
0 0.050300 0.640264 0.019264 0.043029
0 0.072774 0.640505 0.025685 0.042548
0 0.094820 0.640625 0.018408 0.043750
0 0.296875 0.548558 0.068065 0.034615
0 0.044307 0.721034 0.080051 0.068029
0 0.173373 0.768630 0.060788 0.043029
0 0.241010 0.739663 0.063356 0.033173
0 0.762628 0.574399 0.043236 0.055048
0 0.727098 0.573077 0.027825 0.057212
0 0.692851 0.574399 0.036387 0.057452
0 0.655608 0.574399 0.030394 0.059856
0 0.104666 0.732332 0.032962 0.046875
0 0.222603 0.575601 0.056507 0.059856
0 0.803510 0.589183 0.039384 0.029808
0 0.842252 0.580288 0.032106 0.048077
0 0.011772 0.584736 0.019264 0.035337
0 0.520120 0.655048 0.036815 0.055769
0 0.036601 0.583894 0.030394 0.036058
0 0.059503 0.584135 0.016267 0.036538
0 0.078981 0.587861 0.020976 0.028125
0 0.107235 0.564063 0.038955 0.018029
0 0.110659 0.586178 0.038099 0.018990
0 0.116438 0.606250 0.045377 0.015865
0 0.166738 0.571875 0.047517 0.054808
0 0.371361 0.657091 0.038099 0.057452
0 0.330693 0.656130 0.038099 0.054567
0 0.289812 0.653966 0.041952 0.058413
0 0.447774 0.555529 0.066781 0.026923
0 0.250214 0.655409 0.034675 0.058413
0 0.188142 0.666106 0.077483 0.037019
0 0.102526 0.509375 0.046661 0.033173
0 0.556507 0.656731 0.036815 0.053365
0 0.734589 0.668870 0.042808 0.033894
0 0.628639 0.658534 0.035531 0.056490
0 0.015839 0.284736 0.023116 0.025240
0 0.903467 0.230529 0.047517 0.065385
0 0.855308 0.234495 0.041096 0.053606
0 0.806721 0.246995 0.045805 0.028606
0 0.756207 0.224639 0.043236 0.066106
0 0.720462 0.225962 0.027397 0.063462
0 0.037671 0.285938 0.019692 0.022837
0 0.676798 0.244952 0.047089 0.030288
0 0.524187 0.225361 0.057791 0.064663
0 0.413313 0.244231 0.053510 0.023077
0 0.364084 0.221635 0.046661 0.071154
0 0.317851 0.220192 0.042380 0.068750
0 0.264555 0.223077 0.050514 0.069231
0 0.183005 0.233053 0.101455 0.048798
0 0.623502 0.231731 0.050942 0.058173
0 0.057791 0.285216 0.021404 0.023798
0 0.080693 0.285577 0.020120 0.023558
0 0.017123 0.314904 0.021404 0.023077
0 0.214897 0.314904 0.036815 0.071154
0 0.177012 0.314303 0.038099 0.067067
0 0.138485 0.313221 0.038099 0.067788
0 0.092894 0.391947 0.018836 0.021394
0 0.071918 0.393389 0.023973 0.021394
0 0.050514 0.390144 0.019692 0.027404
0 0.026755 0.390144 0.019264 0.027885
0 0.100171 0.349519 0.031678 0.035577
0 0.070634 0.361538 0.025685 0.027404
0 0.049229 0.361298 0.017123 0.029327
0 0.028253 0.361659 0.017979 0.024760
0 0.011130 0.360577 0.017979 0.025481
0 0.080693 0.315385 0.020120 0.024038
0 0.058219 0.315024 0.022260 0.023317
0 0.037457 0.315505 0.019264 0.023798
0 0.500214 0.384976 0.052654 0.014663
0 0.591182 0.657452 0.029110 0.058173
0 0.445848 0.387740 0.045805 0.012981
0 0.946062 0.750721 0.029966 0.052885
0 0.741652 0.322837 0.039812 0.061538
0 0.787457 0.324159 0.045805 0.063221
0 0.835830 0.323678 0.044949 0.062260
0 0.885916 0.321514 0.046661 0.067548
0 0.949700 0.260697 0.032962 0.041587
0 0.459760 0.741707 0.056507 0.078125
0 0.693065 0.323558 0.053938 0.062019
0 0.965753 0.650721 0.035103 0.047115
0 0.899187 0.641587 0.038955 0.067308
0 0.849743 0.661178 0.021404 0.046394
0 0.816567 0.660817 0.035531 0.050000
0 0.782748 0.661058 0.032106 0.048558
0 0.700985 0.663462 0.022688 0.043750
0 0.663527 0.657692 0.033390 0.058654
0 0.934717 0.651322 0.028682 0.047356
0 0.498930 0.331611 0.097175 0.041587
0 0.433005 0.328125 0.032962 0.047115
0 0.368365 0.333293 0.083476 0.038221
0 0.912885 0.744712 0.036387 0.066827
0 0.879923 0.743870 0.030394 0.068029
0 0.809932 0.767548 0.069349 0.025962
0 0.742723 0.766106 0.063356 0.026442
0 0.813998 0.737500 0.060360 0.028365
0 0.739084 0.738942 0.073202 0.026923
0 0.659461 0.740024 0.075771 0.064183
0 0.584332 0.745192 0.071062 0.053846
0 0.516695 0.742188 0.051370 0.071875
0 0.252568 0.326322 0.039384 0.047356
0 0.253211 0.293389 0.027825 0.016106
0 0.291310 0.293149 0.044949 0.018029
0 0.296661 0.329327 0.047089 0.049519
0 0.375000 0.285096 0.092466 0.018750
0 0.365796 0.305288 0.086901 0.015865
0 0.980522 0.748918 0.038955 0.056010
0 0.010060 0.389303 0.015839 0.028125
0 0.524401 0.550361 0.071062 0.028606
0 0.932791 0.544712 0.063356 0.079808
0 0.578981 0.489784 0.038955 0.056490
0 0.616652 0.481130 0.032962 0.071394
0 0.682363 0.492788 0.036815 0.045673
0 0.726027 0.475962 0.047089 0.024038
0 0.726241 0.503125 0.043236 0.025481
0 0.765839 0.491827 0.032534 0.047596
0 0.811002 0.499639 0.054366 0.028125
0 0.538955 0.487740 0.031678 0.057692
0 0.862372 0.501202 0.046661 0.026442
0 0.956336 0.471394 0.050514 0.030769
0 0.992080 0.448798 0.015839 0.022115
0 0.992080 0.471635 0.015839 0.020192
0 0.982663 0.544952 0.034675 0.075481
0 0.373716 0.552043 0.072774 0.031971
0 0.371789 0.584976 0.068921 0.031010
0 0.440497 0.586779 0.065068 0.027885
0 0.907962 0.474519 0.043664 0.023558
0 0.502997 0.486418 0.036815 0.052163
0 0.648545 0.491226 0.029110 0.047356
0 0.391481 0.766707 0.061216 0.032452
0 0.465325 0.487981 0.034247 0.052885
0 0.431079 0.487260 0.033390 0.053846
0 0.361515 0.497716 0.091182 0.033894
0 0.364512 0.468149 0.075771 0.020433
0 0.273116 0.495312 0.076199 0.036298
0 0.180651 0.497837 0.096747 0.031731
0 0.193493 0.459736 0.083904 0.029567
0 0.393408 0.736418 0.069349 0.026683
0 0.319991 0.760577 0.059503 0.046154
0 0.246361 0.771394 0.056935 0.029808
0 0.528682 0.586298 0.088185 0.036058
