0 0.852865 0.333789 0.059896 0.035547
0 0.198698 0.317383 0.070312 0.039453
0 0.771094 0.525781 0.061979 0.037500
0 0.348177 0.139844 0.064062 0.057031
0 0.070312 0.324414 0.061458 0.022266
0 0.019010 0.311523 0.038021 0.031641
0 0.030208 0.281250 0.060417 0.019531
0 0.037760 0.434766 0.075521 0.041406
0 0.114844 0.436523 0.071354 0.035547
0 0.194531 0.434766 0.069271 0.041406
0 0.271615 0.436914 0.072396 0.040234
0 0.342187 0.435547 0.059375 0.045312
0 0.130469 0.325781 0.055729 0.019531
0 0.778385 0.334375 0.076563 0.032031
0 0.769792 0.292578 0.072917 0.035156
0 0.694010 0.329297 0.079687 0.039844
0 0.455208 0.601953 0.033333 0.063281
0 0.417187 0.617188 0.029167 0.048438
0 0.382812 0.611328 0.032292 0.060156
0 0.347135 0.612109 0.032813 0.056250
0 0.307031 0.611914 0.035937 0.064453
0 0.267969 0.612500 0.035937 0.060937
0 0.225781 0.610547 0.034896 0.061719
0 0.183854 0.610156 0.040625 0.065625
0 0.145573 0.594141 0.028646 0.049219
0 0.107813 0.612305 0.039583 0.061328
0 0.045312 0.622656 0.076042 0.040625
0 0.961198 0.528516 0.053646 0.037500
0 0.896615 0.527734 0.053646 0.041406
0 0.835677 0.523438 0.050521 0.039062
0 0.737500 0.493945 0.059375 0.019922
0 0.337760 0.311328 0.050521 0.018750
0 0.271875 0.320312 0.062500 0.043750
0 0.395573 0.332813 0.054688 0.021875
0 0.458333 0.323437 0.061458 0.035156
0 0.532813 0.327344 0.066667 0.038281
0 0.609635 0.328320 0.079687 0.036328
0 0.413021 0.442383 0.067708 0.033984
0 0.416927 0.398242 0.060937 0.033984
0 0.618750 0.443555 0.069792 0.037109
0 0.696615 0.442383 0.074479 0.037109
0 0.432552 0.208203 0.081771 0.057813
0 0.346094 0.209570 0.067187 0.049609
0 0.269271 0.203320 0.070833 0.059766
0 0.190885 0.201953 0.072396 0.057031
0 0.489583 0.608594 0.030208 0.057813
0 0.108333 0.197070 0.069792 0.053516
0 0.046615 0.199805 0.031771 0.039453
0 0.012240 0.193359 0.024479 0.052344
0 0.979688 0.160547 0.040625 0.048438
0 0.927083 0.158203 0.057292 0.050000
0 0.159375 0.525391 0.070833 0.040625
0 0.090365 0.531250 0.058854 0.023438
0 0.807552 0.147656 0.048438 0.035937
0 0.739844 0.152539 0.056771 0.050391
0 0.677604 0.150195 0.054167 0.050391
0 0.018750 0.128516 0.037500 0.058594
0 0.076042 0.129688 0.055208 0.056250
0 0.142187 0.136914 0.058333 0.060547
0 0.211458 0.136914 0.056250 0.057422
0 0.277083 0.143750 0.065625 0.054688
0 0.530729 0.144141 0.055208 0.048438
0 0.522656 0.211914 0.071354 0.063672
0 0.469010 0.142773 0.053646 0.048828
0 0.604427 0.199805 0.069271 0.044922
0 0.767969 0.217773 0.061979 0.055078
0 0.769010 0.444531 0.064062 0.038281
0 0.842187 0.443750 0.063542 0.034375
0 0.916146 0.445312 0.067708 0.033594
0 0.897135 0.401562 0.061979 0.032813
0 0.977865 0.442188 0.044271 0.053906
0 0.027604 0.518359 0.055208 0.044531
0 0.915625 0.332031 0.056250 0.034375
0 0.704427 0.527930 0.057813 0.038672
0 0.636458 0.514453 0.054167 0.041406
0 0.572917 0.508008 0.050000 0.019141
0 0.576302 0.535352 0.049479 0.020703
0 0.507812 0.500977 0.063542 0.019922
0 0.508854 0.528516 0.054167 0.021094
0 0.451042 0.535547 0.050000 0.017969
0 0.388281 0.524023 0.065104 0.041016
0 0.312240 0.524219 0.071354 0.046094
0 0.229948 0.491992 0.057813 0.013672
0 0.235156 0.525977 0.068229 0.037109
0 0.978646 0.326562 0.041667 0.055469
0 0.926042 0.222461 0.062500 0.051172
0 0.847135 0.220898 0.073438 0.054297
0 0.690885 0.216406 0.080729 0.057813
0 0.527344 0.617578 0.030729 0.039844
0 0.392188 0.310352 0.047917 0.015234
0 0.561198 0.610352 0.029687 0.059766
0 0.597135 0.735352 0.058854 0.033203
0 0.658073 0.734766 0.047396 0.026562
0 0.718490 0.738086 0.060937 0.025391
0 0.686458 0.698047 0.061458 0.016406
0 0.763542 0.716602 0.025000 0.068359
0 0.914062 0.709570 0.070833 0.068359
0 0.979688 0.707617 0.040625 0.069922
0 0.018490 0.837500 0.036979 0.098437
0 0.077344 0.848242 0.068229 0.074609
0 0.159375 0.836133 0.066667 0.106641
0 0.534896 0.723828 0.056250 0.059375
0 0.981510 0.840039 0.036979 0.080078
0 0.840104 0.820117 0.059375 0.079297
0 0.774479 0.836133 0.064583 0.071484
0 0.696615 0.821484 0.067187 0.085156
0 0.238021 0.841211 0.073958 0.089453
0 0.325260 0.829688 0.060937 0.097656
0 0.529948 0.582227 0.024479 0.013672
0 0.625260 0.827930 0.057813 0.085547
0 0.562240 0.833203 0.056771 0.099219
0 0.480990 0.840430 0.089063 0.098047
0 0.394792 0.844922 0.063542 0.081250
0 0.921875 0.836523 0.071875 0.083984
0 0.480990 0.719727 0.030729 0.062109
0 0.826302 0.706055 0.089063 0.086328
0 0.375260 0.730469 0.028646 0.042969
0 0.597917 0.602539 0.028125 0.064453
0 0.629948 0.610938 0.027604 0.055469
0 0.666146 0.611133 0.031250 0.055078
0 0.700521 0.613086 0.025000 0.051172
0 0.425260 0.733398 0.059896 0.034766
0 0.765885 0.627734 0.032813 0.021875
0 0.727083 0.587695 0.012500 0.023828
0 0.807813 0.627344 0.034375 0.025781
0 0.806250 0.598633 0.031250 0.023828
0 0.764583 0.592969 0.037500 0.027344
0 0.846094 0.619727 0.031771 0.037891
0 0.883594 0.621680 0.031771 0.037109
0 0.729167 0.624805 0.023958 0.036328
0 0.975260 0.612891 0.049479 0.057031
0 0.925260 0.622461 0.031771 0.032422
0 0.340365 0.733398 0.030729 0.040234
0 0.310937 0.727344 0.021875 0.049219
0 0.240885 0.724609 0.025521 0.057813
0 0.207031 0.725000 0.029687 0.062500
0 0.268229 0.729297 0.022917 0.048438
0 0.335156 0.332813 0.058854 0.016406
0 0.125000 0.718359 0.052083 0.075781
0 0.047135 0.723633 0.094271 0.069922
0 0.170833 0.717578 0.029167 0.077344
