0 0.443229 0.635742 0.062500 0.084766
0 0.594271 0.611133 0.051042 0.025391
0 0.507292 0.653906 0.060417 0.040625
0 0.504427 0.611328 0.054688 0.040625
0 0.564063 0.644336 0.052083 0.041797
0 0.091927 0.838281 0.073438 0.103125
0 0.614323 0.638672 0.042188 0.028125
0 0.661198 0.631055 0.046354 0.023828
0 0.703385 0.622461 0.036979 0.033203
0 0.383854 0.585156 0.041667 0.028125
0 0.152083 0.809961 0.046875 0.046484
0 0.156510 0.853906 0.053646 0.041406
0 0.496094 0.580664 0.046354 0.019141
0 0.388542 0.623242 0.046875 0.044141
0 0.121875 0.564648 0.058333 0.048047
0 0.297396 0.645898 0.126042 0.101953
0 0.033594 0.840820 0.039062 0.122266
0 0.136198 0.645117 0.048438 0.058203
0 0.139063 0.699023 0.050000 0.051172
0 0.067187 0.676953 0.085417 0.124219
0 0.032813 0.556250 0.065625 0.083594
0 0.112500 0.510352 0.058333 0.055859
0 0.183594 0.525391 0.066146 0.102344
0 0.299740 0.451562 0.085938 0.035937
0 0.248698 0.548438 0.052604 0.047656
0 0.247135 0.496875 0.059896 0.054688
0 0.216667 0.818359 0.067708 0.101562
0 0.310677 0.516016 0.064062 0.092969
0 0.388281 0.670312 0.046354 0.047656
0 0.310937 0.795703 0.116667 0.071875
0 0.931771 0.675195 0.036458 0.025391
0 0.389323 0.805273 0.041146 0.037891
0 0.380208 0.507422 0.075000 0.092188
0 0.770833 0.606055 0.048958 0.041797
0 0.769271 0.562891 0.052083 0.042188
0 0.821094 0.578711 0.047396 0.074609
0 0.862240 0.594336 0.032813 0.041016
0 0.904167 0.568750 0.046875 0.076563
0 0.947135 0.578516 0.039062 0.043750
0 0.978646 0.554102 0.025000 0.066016
0 0.970052 0.666211 0.033854 0.078516
0 0.931510 0.701367 0.035937 0.025391
0 0.931510 0.647461 0.035937 0.029297
0 0.890885 0.680664 0.045312 0.083203
0 0.851042 0.708203 0.027083 0.035937
0 0.820052 0.714258 0.031771 0.046484
0 0.702344 0.586133 0.039062 0.038672
0 0.819531 0.667578 0.036979 0.043750
0 0.782292 0.689648 0.030208 0.037109
0 0.789323 0.727734 0.027604 0.036719
0 0.756510 0.729297 0.032813 0.039844
0 0.720052 0.739258 0.040104 0.044141
0 0.736458 0.685352 0.050000 0.044922
0 0.676823 0.726562 0.041146 0.031250
0 0.676823 0.756250 0.044271 0.023438
0 0.615104 0.734180 0.079167 0.085547
0 0.549219 0.698633 0.039062 0.039453
0 0.552604 0.733789 0.040625 0.030078
0 0.553385 0.770508 0.039062 0.042578
0 0.501302 0.758789 0.061979 0.078516
0 0.439323 0.772656 0.054688 0.096094
0 0.388542 0.762305 0.038542 0.047266
0 0.440104 0.478906 0.044792 0.054688
0 0.950521 0.092188 0.036458 0.103125
0 0.500781 0.496484 0.067187 0.106250
0 0.539844 0.059180 0.076563 0.118359
0 0.604688 0.063086 0.051042 0.112109
0 0.655469 0.067578 0.050521 0.114062
0 0.700260 0.071875 0.039062 0.103906
0 0.757031 0.073242 0.050521 0.116016
0 0.799219 0.076172 0.032813 0.107813
0 0.314063 0.358008 0.065625 0.127734
0 0.242969 0.361523 0.074479 0.123828
0 0.441927 0.530078 0.049479 0.046875
0 0.033854 0.424414 0.054167 0.050391
0 0.096615 0.360938 0.067187 0.137500
0 0.078906 0.191406 0.074479 0.153125
0 0.152083 0.198437 0.062500 0.144531
0 0.230729 0.200586 0.092708 0.127734
0 0.309375 0.199609 0.062500 0.135937
0 0.370312 0.200000 0.058333 0.133594
0 0.427083 0.202930 0.055208 0.129297
0 0.478906 0.203516 0.049479 0.128906
0 0.530208 0.203516 0.053125 0.128125
0 0.582031 0.205078 0.047396 0.122656
0 0.627604 0.208203 0.041667 0.115625
0 0.675000 0.211133 0.048958 0.110547
0 0.717187 0.211523 0.033333 0.108984
0 0.756250 0.212500 0.044792 0.107031
0 0.803646 0.211914 0.047917 0.105078
0 0.850781 0.212695 0.047396 0.104297
0 0.896875 0.212695 0.044792 0.103516
0 0.939063 0.214062 0.034375 0.100781
0 0.975781 0.213867 0.038021 0.101172
0 0.472396 0.059180 0.052083 0.105078
0 0.416667 0.057227 0.058333 0.108203
0 0.166667 0.359375 0.071875 0.143750
0 0.292187 0.052930 0.070833 0.102734
0 0.569792 0.489844 0.067708 0.090625
0 0.633594 0.479687 0.057813 0.094531
0 0.681510 0.509180 0.040104 0.030859
0 0.357812 0.054492 0.059375 0.101953
0 0.775000 0.470313 0.052083 0.084375
0 0.815104 0.457617 0.029167 0.094141
0 0.850781 0.455469 0.039062 0.094531
0 0.890885 0.452734 0.041146 0.088281
0 0.922135 0.452148 0.023438 0.091016
0 0.948698 0.451953 0.027604 0.080469
0 0.979427 0.450977 0.030729 0.079297
0 0.983594 0.337109 0.026562 0.081250
0 0.946875 0.339648 0.034375 0.085547
0 0.907292 0.348828 0.040625 0.071094
0 0.864583 0.334961 0.033333 0.103516
0 0.725521 0.473633 0.045833 0.025391
0 0.804427 0.337500 0.039062 0.104688
0 0.834635 0.336328 0.024479 0.101562
0 0.122135 0.048438 0.085938 0.096094
0 0.909896 0.085938 0.041667 0.100000
0 0.376823 0.353711 0.056771 0.119922
0 0.432292 0.351758 0.054167 0.123047
0 0.485156 0.351953 0.052604 0.121875
0 0.209635 0.050000 0.089063 0.096094
0 0.588802 0.347656 0.048438 0.117969
0 0.636719 0.342578 0.046354 0.113281
0 0.680469 0.341602 0.040104 0.112109
0 0.722396 0.340430 0.041667 0.108984
0 0.538021 0.350391 0.052083 0.119531
0 0.762500 0.338672 0.036458 0.105469
