0 0.926471 0.670956 0.080882 0.081495
0 0.132557 0.063879 0.033905 0.120404
0 0.682190 0.451287 0.044935 0.092525
0 0.633987 0.454350 0.053922 0.087010
0 0.587010 0.456036 0.048203 0.095282
0 0.538399 0.456955 0.049837 0.092218
0 0.457516 0.455116 0.058007 0.094056
0 0.406863 0.455116 0.044935 0.094669
0 0.361724 0.456495 0.042892 0.091299
0 0.313113 0.468750 0.055147 0.069853
0 0.729371 0.448223 0.050245 0.095588
0 0.252655 0.464308 0.066585 0.076287
0 0.126634 0.455882 0.052288 0.095588
0 0.974060 0.331189 0.050245 0.101103
0 0.923815 0.336703 0.041258 0.096814
0 0.881944 0.337929 0.039216 0.091912
0 0.842320 0.338235 0.044935 0.099877
0 0.797998 0.338542 0.041258 0.101103
0 0.756536 0.340074 0.036765 0.098652
0 0.723448 0.328278 0.031863 0.095282
0 0.180351 0.455270 0.054330 0.091912
0 0.776144 0.452206 0.049020 0.085172
0 0.931985 0.452972 0.047794 0.105086
0 0.978145 0.458640 0.037990 0.098039
0 0.632353 0.878830 0.060458 0.045650
0 0.692402 0.879442 0.048203 0.046875
0 0.744894 0.879596 0.054330 0.047181
0 0.802288 0.868566 0.040033 0.020221
0 0.801062 0.893076 0.044118 0.020833
0 0.850694 0.891697 0.041258 0.022978
0 0.896242 0.892157 0.047386 0.022059
0 0.898897 0.869638 0.042892 0.024816
0 0.852328 0.868873 0.041258 0.015931
0 0.952614 0.880821 0.048203 0.044730
0 0.464257 0.568627 0.047794 0.092525
0 0.416667 0.568934 0.047386 0.091912
0 0.335784 0.563419 0.052288 0.088848
0 0.280637 0.569853 0.054739 0.099877
0 0.229575 0.571691 0.047386 0.097426
0 0.046569 0.569547 0.028595 0.098039
0 0.016953 0.569700 0.027369 0.098346
0 0.968546 0.557445 0.028595 0.071385
0 0.926879 0.563879 0.044118 0.086703
0 0.666871 0.337469 0.078840 0.079963
0 0.574755 0.876225 0.047386 0.045956
0 0.589052 0.333640 0.072712 0.085784
0 0.464665 0.348958 0.051879 0.067402
0 0.971609 0.067708 0.048611 0.104779
0 0.861520 0.066176 0.039216 0.101716
0 0.816993 0.069087 0.042484 0.096507
0 0.772059 0.070925 0.044118 0.093444
0 0.723856 0.070772 0.049837 0.101103
0 0.666667 0.064798 0.061275 0.114277
0 0.612745 0.067708 0.044935 0.099265
0 0.566585 0.063879 0.044935 0.107537
0 0.910948 0.023744 0.056373 0.027267
0 0.525327 0.070312 0.040850 0.094056
0 0.402165 0.102788 0.123775 0.027267
0 0.400940 0.074142 0.121324 0.030637
0 0.400531 0.043199 0.124592 0.033088
0 0.313317 0.062960 0.044935 0.110600
0 0.266544 0.065104 0.046977 0.104473
0 0.038399 0.772672 0.073529 0.080882
0 0.036152 0.063113 0.051879 0.103554
0 0.088031 0.059283 0.050245 0.108762
0 0.485907 0.069240 0.039624 0.097426
0 0.911765 0.050092 0.060458 0.026042
0 0.912990 0.077972 0.063725 0.028493
0 0.914828 0.104779 0.064951 0.025735
0 0.418913 0.348346 0.038807 0.064338
0 0.417892 0.301930 0.040033 0.022365
0 0.172998 0.335172 0.050245 0.097426
0 0.122345 0.335938 0.051062 0.103248
0 0.071487 0.335172 0.044118 0.099877
0 0.026757 0.335478 0.046977 0.104779
0 0.936479 0.215533 0.060049 0.086703
0 0.874796 0.207874 0.059232 0.102022
0 0.747753 0.209712 0.189134 0.106311
0 0.633987 0.211244 0.033497 0.108762
0 0.582312 0.202819 0.059232 0.114583
0 0.485090 0.208946 0.055147 0.102328
0 0.438317 0.212010 0.036765 0.097426
0 0.302083 0.205270 0.056781 0.112132
0 0.253268 0.208333 0.040850 0.113358
0 0.199346 0.205116 0.062092 0.105086
0 0.137868 0.204810 0.047794 0.113664
0 0.086397 0.206342 0.050245 0.109988
0 0.036969 0.207261 0.046977 0.108150
0 0.517770 0.333180 0.055964 0.100184
0 0.217933 0.063879 0.044526 0.112439
0 0.171977 0.068015 0.044935 0.118873
0 0.155433 0.678615 0.073121 0.076593
0 0.287173 0.770680 0.084150 0.078738
0 0.113154 0.769914 0.073529 0.077819
0 0.511234 0.569393 0.049428 0.097733
0 0.566381 0.568321 0.054330 0.102941
0 0.667279 0.571538 0.042075 0.102022
0 0.825163 0.570159 0.054739 0.096814
0 0.884804 0.581648 0.027778 0.066483
0 0.068627 0.677696 0.096405 0.082721
0 0.236520 0.673713 0.084967 0.084559
0 0.316176 0.675551 0.081699 0.082721
0 0.402778 0.672794 0.084150 0.082721
0 0.482230 0.664522 0.069853 0.061275
0 0.569444 0.672947 0.084150 0.078125
0 0.652369 0.674479 0.083333 0.074449
0 0.743056 0.670650 0.081699 0.080882
0 0.830474 0.673866 0.089869 0.090380
0 0.890523 0.714308 0.032680 0.012561
0 0.369485 0.770680 0.075572 0.076900
0 0.451389 0.771140 0.079248 0.072304
0 0.204861 0.768382 0.082925 0.080270
0 0.465686 0.872396 0.043301 0.056066
0 0.521650 0.876685 0.060458 0.047488
0 0.531250 0.767004 0.079657 0.075061
0 0.325776 0.882353 0.042892 0.040441
0 0.323121 0.847120 0.034314 0.020833
0 0.037377 0.883578 0.037173 0.030025
0 0.083538 0.882659 0.055147 0.033088
0 0.859886 0.769608 0.073529 0.080270
0 0.780637 0.775735 0.078431 0.078431
0 0.697917 0.772365 0.082925 0.085784
0 0.614992 0.767310 0.083742 0.077512
0 0.942402 0.773744 0.089052 0.072610
