0 0.346405 0.375766 0.049020 0.071998
0 0.432802 0.462929 0.056781 0.068015
0 0.862949 0.717678 0.065768 0.045037
0 0.795956 0.718290 0.066585 0.045037
0 0.678922 0.729933 0.064542 0.043199
0 0.601103 0.707567 0.046160 0.037684
0 0.540850 0.725643 0.068627 0.053002
0 0.481413 0.731311 0.050245 0.061275
0 0.421773 0.731311 0.055964 0.050858
0 0.369077 0.729013 0.030637 0.057292
0 0.335989 0.722120 0.031454 0.060049
0 0.299428 0.734069 0.040850 0.063113
0 0.231822 0.734835 0.036356 0.057904
0 0.192606 0.736060 0.040441 0.057904
0 0.157475 0.723499 0.031454 0.057904
0 0.126634 0.714001 0.033497 0.053002
0 0.079657 0.727482 0.040033 0.061581
0 0.031658 0.719669 0.038807 0.052696
0 0.897467 0.642004 0.067810 0.046262
0 0.828431 0.641697 0.070261 0.046262
0 0.748979 0.641850 0.088644 0.043505
0 0.661969 0.646140 0.085376 0.050858
0 0.597835 0.648897 0.042075 0.045956
0 0.543301 0.650735 0.064542 0.050858
0 0.483864 0.643536 0.040441 0.037684
0 0.052696 0.654718 0.068627 0.053309
0 0.436070 0.645680 0.048611 0.035233
0 0.486520 0.537224 0.036765 0.041973
0 0.442198 0.573836 0.042075 0.044730
0 0.541667 0.433364 0.070261 0.053002
0 0.698121 0.425398 0.093137 0.050551
0 0.796569 0.430607 0.070261 0.051777
0 0.867034 0.428768 0.071487 0.049939
0 0.559641 0.516697 0.090686 0.056066
0 0.650531 0.515319 0.092729 0.053309
0 0.730801 0.513327 0.066993 0.057904
0 0.819649 0.510723 0.092729 0.056373
0 0.908088 0.506893 0.083333 0.048100
0 0.974469 0.504902 0.051062 0.052083
0 0.551675 0.584712 0.084559 0.050551
0 0.629289 0.582567 0.069036 0.054841
0 0.703431 0.582261 0.067810 0.049326
0 0.797794 0.579657 0.045752 0.049020
0 0.859273 0.579350 0.068219 0.046569
0 0.937908 0.576593 0.090686 0.052696
0 0.024101 0.580270 0.048203 0.060049
0 0.083538 0.576746 0.069036 0.068321
0 0.151552 0.573989 0.062092 0.058517
0 0.208333 0.573683 0.050654 0.058517
0 0.256740 0.571232 0.046977 0.053002
0 0.346609 0.568015 0.055147 0.060662
0 0.397263 0.569240 0.043709 0.060662
0 0.486315 0.578278 0.038807 0.040135
0 0.207721 0.643076 0.040441 0.052696
0 0.163194 0.646906 0.045343 0.046875
0 0.054126 0.143842 0.050245 0.076287
0 0.825368 0.248621 0.067402 0.057904
0 0.923611 0.245098 0.111111 0.063725
0 0.058619 0.378830 0.053513 0.082414
0 0.139093 0.378064 0.098448 0.074755
0 0.251225 0.376991 0.050654 0.069547
0 0.299428 0.374847 0.043301 0.071998
0 0.391136 0.377145 0.041258 0.069240
0 0.437092 0.376838 0.050654 0.069240
0 0.484069 0.374847 0.040850 0.071998
0 0.540645 0.344516 0.071487 0.056679
0 0.612337 0.343290 0.071078 0.050551
0 0.689338 0.341146 0.073121 0.056679
0 0.758578 0.336857 0.064542 0.053615
0 0.874592 0.335784 0.101307 0.058211
0 0.957925 0.333640 0.066993 0.051471
0 0.036356 0.470588 0.057190 0.078431
0 0.085580 0.468903 0.042892 0.080576
0 0.134191 0.467678 0.055147 0.077512
0 0.184845 0.468137 0.042892 0.075368
0 0.233660 0.468290 0.055556 0.073836
0 0.282475 0.464308 0.040441 0.075674
0 0.330065 0.462929 0.056373 0.069853
0 0.381740 0.462776 0.046160 0.070159
0 0.738562 0.248928 0.103758 0.065257
0 0.624796 0.254902 0.090278 0.057598
0 0.539420 0.255208 0.078023 0.057598
0 0.437704 0.213695 0.103350 0.024816
0 0.105188 0.143229 0.051879 0.075674
0 0.155637 0.138634 0.049020 0.084252
0 0.211397 0.138327 0.062500 0.086703
0 0.268382 0.141085 0.051471 0.079350
0 0.320261 0.140931 0.051471 0.078431
0 0.367443 0.143076 0.042075 0.072917
0 0.367647 0.097426 0.042484 0.020221
0 0.413807 0.143689 0.040033 0.076593
0 0.477124 0.147518 0.072712 0.059743
0 0.476716 0.100031 0.075163 0.035846
0 0.556577 0.151654 0.069853 0.058211
0 0.484681 0.460631 0.044526 0.071998
0 0.686887 0.152267 0.080474 0.063725
0 0.771038 0.149203 0.077206 0.058824
0 0.847222 0.149203 0.074346 0.058824
0 0.922181 0.148591 0.071487 0.059436
0 0.761029 0.095435 0.063725 0.051164
0 0.844771 0.087316 0.081699 0.055760
0 0.066789 0.252451 0.087827 0.102328
0 0.158292 0.252911 0.087827 0.103248
0 0.239379 0.254442 0.072712 0.102022
0 0.364175 0.265778 0.054330 0.076287
0 0.414624 0.267770 0.041667 0.072917
0 0.466503 0.267616 0.053922 0.077512
0 0.690155 0.089767 0.072304 0.060662
