0 0.334967 0.035233 0.053922 0.069240
0 0.268178 0.029718 0.074755 0.056985
0 0.218137 0.204657 0.079248 0.247549
0 0.916871 0.245558 0.035539 0.102022
0 0.399306 0.041667 0.078023 0.082108
0 0.464461 0.046569 0.041667 0.093137
0 0.556985 0.053922 0.040441 0.107230
0 0.598448 0.061734 0.030229 0.121017
0 0.297590 0.211244 0.064134 0.222733
0 0.367034 0.212469 0.067402 0.204963
0 0.707925 0.237132 0.051471 0.136029
0 0.127451 0.195619 0.092320 0.260110
0 0.224060 0.451440 0.095180 0.097120
0 0.311683 0.435509 0.072712 0.100184
0 0.402982 0.427390 0.085376 0.078431
0 0.905229 0.122243 0.027778 0.107230
0 0.037990 0.194240 0.071895 0.264706
0 0.789624 0.242953 0.036765 0.130515
0 0.854575 0.242800 0.026144 0.109375
0 0.885417 0.244485 0.026552 0.107230
0 0.877451 0.121783 0.022059 0.096507
0 0.838031 0.112286 0.047794 0.112439
0 0.796364 0.113511 0.026552 0.086703
0 0.760621 0.103554 0.032680 0.092525
0 0.718137 0.090380 0.044935 0.107230
0 0.638072 0.073223 0.035948 0.103554
0 0.825572 0.244179 0.019608 0.116422
0 0.753064 0.238511 0.029003 0.133272
0 0.509395 0.052390 0.041667 0.104779
0 0.635212 0.855699 0.030229 0.067402
0 0.713644 0.746783 0.027778 0.038297
0 0.755719 0.771599 0.042484 0.041360
0 0.750817 0.719056 0.032680 0.045343
0 0.711601 0.691330 0.035948 0.041973
0 0.662377 0.718903 0.037990 0.038909
0 0.662786 0.661305 0.046160 0.060968
0 0.706904 0.643382 0.033905 0.047794
0 0.704248 0.589001 0.036765 0.054841
0 0.761234 0.473652 0.026552 0.047181
0 0.729167 0.477022 0.027778 0.045956
0 0.760621 0.418352 0.028595 0.053002
0 0.725286 0.420956 0.024101 0.047794
0 0.763276 0.362132 0.022467 0.054534
0 0.731005 0.359835 0.031454 0.059130
0 0.577819 0.533395 0.055147 0.061275
0 0.572917 0.467371 0.052696 0.053615
0 0.600286 0.399663 0.069036 0.060968
0 0.219771 0.636949 0.083333 0.086397
0 0.631740 0.796722 0.027369 0.037071
0 0.396855 0.588082 0.064951 0.070772
0 0.392974 0.505208 0.057190 0.071078
0 0.313725 0.528186 0.076797 0.071691
0 0.207721 0.548560 0.101716 0.086091
0 0.674428 0.768995 0.038399 0.046569
0 0.713440 0.801164 0.024101 0.049020
0 0.314747 0.612286 0.071487 0.083640
0 0.776757 0.650582 0.042075 0.047488
0 0.589461 0.901195 0.045752 0.059130
0 0.674428 0.828278 0.038399 0.049939
0 0.586806 0.837776 0.042075 0.054228
0 0.522467 0.809589 0.029412 0.040748
0 0.537990 0.870098 0.040850 0.056373
0 0.540850 0.932292 0.046569 0.056985
0 0.481413 0.971814 0.060049 0.041667
0 0.479984 0.913297 0.060458 0.065564
0 0.472222 0.841912 0.060458 0.058211
0 0.581291 0.709406 0.046569 0.072610
0 0.525940 0.740656 0.047794 0.073836
0 0.584559 0.778493 0.049020 0.047794
0 0.789420 0.743566 0.020833 0.044730
0 0.405025 0.959559 0.054330 0.054534
0 0.404616 0.887255 0.073121 0.080270
0 0.310049 0.929688 0.100490 0.088542
0 0.186479 0.952053 0.109069 0.081189
0 0.147672 0.850337 0.097631 0.098958
0 0.131740 0.746936 0.096814 0.102328
0 0.818015 0.724724 0.023284 0.045037
0 0.819649 0.677849 0.038807 0.036458
0 0.781658 0.700061 0.020833 0.036152
0 0.466708 0.769761 0.064951 0.070772
