0 0.063317 0.395527 0.040850 0.091299
0 0.335580 0.400735 0.030637 0.069240
0 0.301675 0.401808 0.031454 0.074449
0 0.042075 0.256281 0.032680 0.086703
0 0.080474 0.258425 0.040850 0.090993
0 0.456291 0.809896 0.061275 0.010110
0 0.263685 0.236366 0.162173 0.124081
0 0.166462 0.260110 0.031454 0.074755
0 0.674020 0.745711 0.058007 0.075368
0 0.592729 0.738664 0.058824 0.074142
0 0.523284 0.737898 0.070261 0.069547
0 0.124592 0.259804 0.047386 0.077819
0 0.190359 0.398131 0.036765 0.078738
0 0.105801 0.398744 0.039216 0.084865
0 0.456087 0.746017 0.060866 0.079044
0 0.349265 0.653952 0.049020 0.056066
0 0.376430 0.743107 0.060049 0.018689
0 0.835376 0.255668 0.053922 0.088542
0 0.770833 0.250460 0.058007 0.087929
0 0.701593 0.248775 0.056781 0.084559
0 0.636846 0.248468 0.060458 0.083946
0 0.543505 0.238817 0.123775 0.119792
0 0.411765 0.235600 0.122549 0.116422
0 0.229779 0.780484 0.051062 0.009498
0 0.227533 0.742034 0.059641 0.064951
0 0.297590 0.737286 0.069036 0.051777
0 0.385825 0.719363 0.061683 0.022672
0 0.300245 0.780178 0.068627 0.011336
0 0.294935 0.805913 0.058824 0.011336
0 0.226103 0.399510 0.034722 0.072917
0 0.265727 0.401042 0.037173 0.075980
0 0.377042 0.808058 0.058824 0.011336
0 0.379902 0.796415 0.058824 0.011336
0 0.378268 0.783854 0.058824 0.011336
0 0.378268 0.771752 0.058824 0.011029
0 0.395833 0.390778 0.069444 0.090993
0 0.374183 0.759344 0.057190 0.013787
0 0.297794 0.793964 0.062092 0.010723
0 0.465891 0.390165 0.067402 0.096507
0 0.898693 0.506434 0.046569 0.071078
0 0.574959 0.413297 0.044526 0.045956
0 0.075368 0.523284 0.047794 0.088235
0 0.033292 0.530790 0.028186 0.074449
0 0.031658 0.647978 0.042892 0.079657
0 0.925245 0.132966 0.040033 0.098039
0 0.087010 0.653186 0.058007 0.064338
0 0.143995 0.652267 0.055964 0.078431
0 0.197917 0.665135 0.042892 0.036765
0 0.135008 0.530025 0.063317 0.088848
0 0.250408 0.660692 0.040850 0.037684
0 0.743056 0.636336 0.053922 0.079044
0 0.687296 0.641085 0.050245 0.085478
0 0.631332 0.641238 0.054330 0.082721
0 0.574142 0.645833 0.051879 0.072304
0 0.524101 0.648897 0.050654 0.068627
0 0.464257 0.633732 0.051062 0.073836
0 0.414828 0.640625 0.033905 0.064951
0 0.795343 0.642004 0.046569 0.067708
0 0.191585 0.529259 0.039216 0.084252
0 0.247345 0.538297 0.046977 0.056985
0 0.304330 0.540594 0.053922 0.071385
0 0.665237 0.381434 0.126225 0.104779
0 0.766953 0.394761 0.057598 0.079963
0 0.763889 0.737439 0.086601 0.071691
0 0.822712 0.415288 0.040850 0.040135
0 0.907475 0.370558 0.060049 0.067096
0 0.967729 0.377604 0.051471 0.058517
0 0.955065 0.498775 0.035131 0.074755
0 0.303105 0.647672 0.034314 0.060049
0 0.806168 0.526195 0.055147 0.071998
0 0.747345 0.532475 0.045343 0.064951
0 0.695466 0.524357 0.044526 0.071385
0 0.609681 0.533548 0.019199 0.031556
0 0.578023 0.524816 0.037582 0.085172
0 0.527165 0.533395 0.056781 0.066789
0 0.468750 0.534007 0.055964 0.068015
0 0.415645 0.533241 0.048611 0.066483
0 0.360703 0.531863 0.050654 0.060662
0 0.526552 0.412531 0.046569 0.044424
0 0.813930 0.098652 0.028186 0.077819
0 0.454453 0.838388 0.061683 0.018689
0 0.766340 0.117341 0.053105 0.037990
0 0.354984 0.121477 0.052288 0.039522
0 0.269199 0.080116 0.108660 0.118566
0 0.182802 0.099724 0.055964 0.083027
0 0.112132 0.101562 0.064951 0.093444
0 0.037582 0.100337 0.075163 0.090993
0 0.220180 0.800398 0.062092 0.029718
0 0.220588 0.837776 0.058007 0.020527
0 0.126225 0.780637 0.056373 0.061275
0 0.136029 0.831495 0.061275 0.007966
0 0.053717 0.748468 0.055964 0.071078
0 0.029616 0.794577 0.059232 0.011949
0 0.048611 0.815411 0.049837 0.011336
0 0.418505 0.119026 0.050245 0.038297
0 0.040441 0.804994 0.054739 0.007047
0 0.941789 0.624847 0.051062 0.068934
0 0.879493 0.782169 0.077614 0.128676
0 0.941993 0.810049 0.034314 0.065564
0 0.770629 0.790135 0.044526 0.018995
0 0.524510 0.786305 0.059641 0.014400
0 0.530229 0.802696 0.062908 0.011642
0 0.454861 0.795496 0.063317 0.013787
0 0.863154 0.093750 0.040033 0.080882
0 0.021446 0.400123 0.038807 0.074142
0 0.128881 0.844669 0.055964 0.015319
0 0.302083 0.835784 0.062500 0.020221
0 0.529820 0.826593 0.062092 0.011029
0 0.880719 0.610754 0.062908 0.092218
0 0.485907 0.082108 0.086193 0.109681
0 0.151961 0.399663 0.040850 0.068934
0 0.707925 0.117647 0.056373 0.035539
0 0.650940 0.117953 0.054330 0.036152
0 0.577819 0.077359 0.088644 0.119179
