0 0.690972 0.591146 0.020833 0.018076
0 0.949346 0.746630 0.048203 0.055760
0 0.902165 0.737286 0.042075 0.065257
0 0.832312 0.729473 0.035539 0.060662
0 0.792279 0.740349 0.041258 0.046262
0 0.602737 0.620558 0.024101 0.016850
0 0.527778 0.625919 0.028595 0.017770
0 0.988154 0.750000 0.023693 0.057598
0 0.499387 0.621630 0.022467 0.017770
0 0.343137 0.620098 0.037582 0.084559
0 0.305147 0.615962 0.037582 0.077512
0 0.263276 0.616881 0.049428 0.076900
0 0.208538 0.631740 0.059232 0.084559
0 0.112337 0.580576 0.087418 0.116422
0 0.033497 0.575980 0.066993 0.115196
0 0.991626 0.498468 0.016748 0.075368
0 0.472835 0.572151 0.021650 0.015625
0 0.494690 0.571691 0.021242 0.015319
0 0.516748 0.573376 0.021242 0.015625
0 0.549837 0.569393 0.022876 0.013787
0 0.401552 0.614124 0.025327 0.016850
0 0.425245 0.613817 0.023693 0.017463
0 0.878881 0.632506 0.024101 0.017463
0 0.375817 0.616268 0.025327 0.016850
0 0.377859 0.649663 0.023693 0.017463
0 0.424837 0.889246 0.034314 0.056066
0 0.123775 0.862592 0.138072 0.136949
0 0.649306 0.602022 0.022467 0.020221
0 0.626021 0.602022 0.022467 0.020221
0 0.817402 0.666973 0.021242 0.017157
0 0.763889 0.632047 0.027778 0.018382
0 0.854779 0.631893 0.024918 0.016850
0 0.898693 0.593903 0.030229 0.011336
0 0.973856 0.589001 0.047386 0.050551
0 0.982230 0.645374 0.035539 0.060355
0 0.912377 0.824602 0.025735 0.051164
0 0.987745 0.853401 0.022876 0.073223
0 0.950776 0.874081 0.046977 0.073529
0 0.904616 0.880362 0.035539 0.060968
0 0.866830 0.871783 0.035948 0.060968
0 0.831087 0.867494 0.033905 0.054841
0 0.798815 0.861060 0.033905 0.054841
0 0.613971 0.573070 0.021242 0.015625
0 0.885212 0.619179 0.023693 0.007966
0 0.635621 0.574908 0.021242 0.015625
0 0.634600 0.898744 0.041258 0.056066
0 0.595384 0.886642 0.035539 0.058211
0 0.670956 0.590380 0.018382 0.017157
0 0.340074 0.839001 0.025735 0.018689
0 0.261029 0.862439 0.133987 0.129289
0 0.026552 0.859681 0.053105 0.133578
0 0.886029 0.610447 0.021242 0.006434
0 0.144812 0.133732 0.070670 0.156556
0 0.861520 0.612286 0.021242 0.006434
0 0.624796 0.659161 0.020833 0.014400
0 0.602737 0.654565 0.020833 0.016850
0 0.604167 0.637868 0.021242 0.016544
0 0.627042 0.641850 0.022059 0.018995
0 0.648489 0.660999 0.024918 0.015012
0 0.650327 0.645527 0.021242 0.015931
0 0.649918 0.627145 0.024510 0.019608
0 0.625817 0.622855 0.021242 0.016544
0 0.577410 0.661765 0.025735 0.015931
0 0.552696 0.661152 0.026144 0.016544
0 0.527574 0.660692 0.025735 0.015012
0 0.577819 0.645833 0.025735 0.014706
0 0.553513 0.643842 0.020425 0.015012
0 0.699142 0.612439 0.020016 0.008578
0 0.528391 0.643689 0.025735 0.015931
0 0.552492 0.625306 0.020833 0.015319
0 0.501634 0.654412 0.022876 0.016544
0 0.499183 0.638634 0.022876 0.014400
0 0.477124 0.656250 0.022059 0.013480
0 0.475286 0.640165 0.022467 0.017463
0 0.454453 0.656556 0.024101 0.014706
0 0.451593 0.639400 0.022467 0.017770
0 0.473652 0.621170 0.022467 0.017463
0 0.449959 0.621477 0.024918 0.018076
0 0.426471 0.647978 0.024510 0.014093
0 0.425654 0.631893 0.023693 0.017463
0 0.401961 0.648131 0.022876 0.015012
0 0.399714 0.631587 0.024101 0.017463
0 0.576797 0.628217 0.026144 0.018076
0 0.721814 0.612439 0.018791 0.008578
0 0.678105 0.619638 0.020425 0.006434
0 0.700163 0.619945 0.020425 0.006434
0 0.833333 0.619026 0.021242 0.006434
0 0.835989 0.611520 0.021650 0.006740
0 0.895425 0.604013 0.019608 0.006434
0 0.871528 0.603401 0.020016 0.006434
0 0.847426 0.605239 0.020016 0.006434
0 0.848448 0.592678 0.025327 0.017463
0 0.873162 0.593290 0.024918 0.013174
0 0.822508 0.632812 0.014297 0.016238
0 0.959355 0.509651 0.046160 0.054228
0 0.748979 0.708640 0.036356 0.011642
0 0.786560 0.709099 0.036356 0.011949
0 0.879085 0.822917 0.033497 0.019608
0 0.844771 0.821538 0.029412 0.016850
0 0.813317 0.820925 0.026144 0.016850
0 0.782271 0.822763 0.026144 0.016850
0 0.751225 0.821998 0.026144 0.017157
0 0.818423 0.649663 0.020833 0.016850
0 0.792484 0.666207 0.025327 0.016238
0 0.791667 0.647825 0.025327 0.016238
0 0.790237 0.630362 0.024918 0.016238
0 0.765114 0.666820 0.025327 0.016238
0 0.764910 0.649510 0.023284 0.016544
0 0.728145 0.636029 0.027369 0.009191
0 0.726716 0.627911 0.026961 0.007659
0 0.702206 0.635263 0.022059 0.008272
0 0.701797 0.627145 0.022059 0.007966
0 0.678922 0.635570 0.021242 0.009498
0 0.679739 0.626685 0.018791 0.006434
0 0.720997 0.620864 0.018791 0.007047
0 0.859477 0.619026 0.021242 0.006434
0 0.871119 0.455116 0.046160 0.040748
0 0.376021 0.632200 0.024101 0.017463
0 0.805147 0.515012 0.061275 0.045343
0 0.714052 0.900582 0.031863 0.056679
0 0.748366 0.904718 0.035948 0.061275
0 0.364992 0.836857 0.025735 0.018689
0 0.389910 0.837469 0.022467 0.017463
0 0.340482 0.857077 0.022467 0.017463
0 0.866013 0.509038 0.058007 0.059130
0 0.388685 0.854013 0.022467 0.017463
0 0.342933 0.870711 0.022467 0.011642
0 0.675449 0.903033 0.040441 0.056679
0 0.367239 0.870098 0.022876 0.011642
0 0.423815 0.852482 0.033905 0.017463
0 0.459763 0.851409 0.033905 0.017157
0 0.493260 0.852175 0.033905 0.017463
0 0.527982 0.854320 0.033905 0.017463
0 0.561683 0.852788 0.033497 0.017463
0 0.597018 0.847580 0.033905 0.017463
0 0.629289 0.845129 0.029003 0.019301
0 0.662990 0.845435 0.028595 0.019301
0 0.391953 0.869026 0.022467 0.011949
0 0.054739 0.118873 0.106209 0.083333
0 0.559436 0.892616 0.031454 0.056679
0 0.491830 0.891085 0.031046 0.056679
0 0.549020 0.749847 0.035948 0.020527
0 0.478350 0.763634 0.035131 0.010110
0 0.513276 0.764859 0.034722 0.010110
0 0.549632 0.765012 0.034722 0.010417
0 0.585989 0.704504 0.030637 0.015625
0 0.591299 0.724112 0.032271 0.021140
0 0.625408 0.724112 0.035131 0.021752
0 0.594158 0.747855 0.037990 0.023897
0 0.526552 0.892004 0.031046 0.056679
0 0.630515 0.748621 0.030637 0.024203
0 0.514910 0.727328 0.031454 0.014093
0 0.548611 0.727328 0.031863 0.014093
0 0.658292 0.705116 0.029003 0.018689
0 0.691789 0.703891 0.032271 0.016850
0 0.674428 0.752145 0.035131 0.019608
0 0.706087 0.742034 0.028186 0.021446
0 0.709150 0.765012 0.031046 0.020833
0 0.458946 0.888940 0.031454 0.056679
0 0.481005 0.727328 0.037990 0.014093
0 0.515114 0.749540 0.035948 0.020527
0 0.621324 0.507812 0.062908 0.060968
0 0.554943 0.458640 0.060866 0.047181
0 0.382761 0.377911 0.057190 0.068934
0 0.324142 0.375306 0.057598 0.068627
0 0.263480 0.360754 0.062908 0.091605
0 0.195874 0.359988 0.072304 0.091912
0 0.052083 0.314645 0.104167 0.055147
0 0.052492 0.258272 0.101716 0.057598
0 0.946691 0.165135 0.106618 0.093137
0 0.858456 0.181832 0.068219 0.062806
0 0.446895 0.377911 0.066176 0.067096
0 0.792688 0.161458 0.064951 0.101103
0 0.684028 0.164062 0.059232 0.098346
0 0.543505 0.130821 0.072304 0.163603
0 0.469567 0.155944 0.061683 0.118260
0 0.387868 0.130515 0.061683 0.164216
0 0.327410 0.136183 0.056781 0.154105
0 0.271650 0.149969 0.022059 0.127757
0 0.248570 0.142157 0.023284 0.145833
0 0.209559 0.135570 0.055556 0.155331
0 0.735703 0.169577 0.044118 0.089767
0 0.614992 0.456189 0.058415 0.041667
0 0.513480 0.374847 0.066176 0.067096
0 0.634600 0.384957 0.052696 0.053002
0 0.552492 0.512714 0.065768 0.058517
0 0.678309 0.612286 0.020833 0.007659
0 0.496936 0.451593 0.055964 0.031863
0 0.485090 0.511029 0.067402 0.061275
0 0.374183 0.506127 0.054739 0.061275
0 0.318219 0.492953 0.053922 0.069240
0 0.254902 0.504442 0.069444 0.069547
0 0.186887 0.506587 0.064951 0.054841
0 0.577614 0.385263 0.058824 0.052390
0 0.050449 0.453738 0.073121 0.087623
0 0.938317 0.300092 0.115196 0.125306
0 0.419730 0.300398 0.052696 0.056066
0 0.575776 0.331036 0.055147 0.030944
0 0.674632 0.338695 0.055147 0.036458
0 0.671977 0.301471 0.055556 0.039828
0 0.760212 0.347733 0.072712 0.042892
0 0.752859 0.390778 0.065359 0.042586
0 0.688725 0.384498 0.058007 0.053309
0 0.918096 0.386336 0.129493 0.047181
0 0.438317 0.765165 0.034314 0.025429
0 0.365809 0.856005 0.022467 0.017157
0 0.364379 0.765319 0.038399 0.023284
0 0.872345 0.668045 0.024101 0.017463
0 0.896855 0.666513 0.024101 0.017463
0 0.297181 0.716759 0.020833 0.013174
0 0.318423 0.718750 0.020833 0.012868
0 0.622345 0.704810 0.039624 0.016850
0 0.478758 0.748928 0.040033 0.021140
0 0.366217 0.738664 0.029003 0.028186
0 0.340482 0.719363 0.020833 0.012868
0 0.277574 0.727788 0.020016 0.010723
0 0.298611 0.729320 0.021242 0.010110
0 0.902574 0.648744 0.024101 0.017463
0 0.876634 0.650276 0.023693 0.017463
0 0.852737 0.649969 0.024101 0.017463
0 0.402165 0.765319 0.034722 0.025123
0 0.527778 0.821998 0.030229 0.014093
0 0.590686 0.808977 0.029412 0.018689
0 0.625408 0.826746 0.029412 0.018689
0 0.658497 0.826134 0.029412 0.018689
0 0.904208 0.631281 0.024101 0.017463
0 0.601307 0.601103 0.026144 0.020221
0 0.691176 0.826134 0.029412 0.018689
0 0.769812 0.851103 0.020833 0.042279
0 0.438113 0.739583 0.036356 0.025735
0 0.400123 0.738664 0.036356 0.025735
0 0.341095 0.731771 0.020425 0.009498
0 0.319444 0.730239 0.020425 0.009498
0 0.592729 0.571844 0.021242 0.015625
0 0.277574 0.715686 0.020833 0.012868
0 0.560049 0.819547 0.030229 0.014093
0 0.135417 0.713388 0.097631 0.098346
0 0.043096 0.708946 0.086193 0.106005
0 0.847018 0.668045 0.024101 0.017463
0 0.632149 0.862592 0.031454 0.016238
0 0.669322 0.863817 0.031454 0.016238
0 0.742239 0.863664 0.031046 0.016544
0 0.706495 0.862592 0.031454 0.016238
0 0.695670 0.843750 0.031046 0.016544
0 0.735498 0.846507 0.031454 0.016544
0 0.426062 0.834865 0.030229 0.014093
0 0.460172 0.835172 0.029820 0.014093
0 0.493873 0.834559 0.030229 0.014093
0 0.527369 0.836703 0.030229 0.014093
0 0.555964 0.836091 0.030229 0.014093
0 0.427696 0.819547 0.030229 0.014093
0 0.461806 0.819853 0.029820 0.014093
0 0.492851 0.819853 0.029820 0.014093
0 0.780842 0.460172 0.062500 0.039216
0 0.669526 0.731005 0.035131 0.019608
0 0.683007 0.513480 0.058007 0.048407
0 0.750000 0.739124 0.040850 0.046262
0 0.743668 0.512408 0.062500 0.048100
