0 0.543590 0.585337 0.043590 0.061538
0 0.285470 0.611058 0.043590 0.016346
0 0.350000 0.612019 0.058120 0.017788
0 0.351282 0.592668 0.050427 0.019471
0 0.350855 0.569471 0.059829 0.025962
0 0.400214 0.593750 0.028632 0.054327
0 0.439957 0.585697 0.048291 0.064183
0 0.290812 0.591106 0.054274 0.016346
0 0.492735 0.588341 0.050427 0.058894
0 0.676496 0.584495 0.053846 0.071875
0 0.629060 0.588582 0.040171 0.064663
0 0.577564 0.475000 0.024359 0.016346
0 0.683120 0.474159 0.044872 0.020913
0 0.625427 0.472837 0.027778 0.026923
0 0.630342 0.509375 0.026496 0.030288
0 0.676923 0.512380 0.048718 0.020913
0 0.740385 0.507812 0.067094 0.036298
0 0.572863 0.509135 0.026068 0.027404
0 0.900855 0.436538 0.045299 0.059615
0 0.942308 0.443389 0.030769 0.045913
0 0.979701 0.441346 0.040598 0.050000
0 0.733120 0.470192 0.041453 0.028846
0 0.874359 0.543029 0.030769 0.063942
0 0.917308 0.547115 0.051709 0.052404
0 0.969231 0.546755 0.046154 0.053125
0 0.978205 0.633774 0.037607 0.065625
0 0.930769 0.635096 0.056410 0.062981
0 0.873718 0.634976 0.050855 0.069471
0 0.729060 0.584615 0.050427 0.069231
0 0.288462 0.570913 0.049573 0.017308
0 0.589957 0.586538 0.038034 0.065385
0 0.297222 0.552764 0.050855 0.019952
0 0.589957 0.701923 0.021795 0.042788
0 0.091453 0.600962 0.068376 0.061058
0 0.237821 0.803606 0.035470 0.041346
0 0.275641 0.805048 0.029060 0.035096
0 0.317735 0.805889 0.043162 0.036779
0 0.365598 0.800481 0.035470 0.059615
0 0.252137 0.774159 0.058120 0.017548
0 0.449359 0.803125 0.120940 0.029808
0 0.974786 0.734135 0.047009 0.054808
0 0.553205 0.796034 0.067949 0.019471
0 0.643162 0.789183 0.068376 0.079327
0 0.863462 0.743149 0.018376 0.034375
0 0.176923 0.382812 0.049573 0.054087
0 0.108120 0.387019 0.064103 0.042308
0 0.043162 0.387139 0.064957 0.042067
0 0.125427 0.351923 0.044017 0.024038
0 0.551923 0.819591 0.070513 0.015144
0 0.169872 0.599639 0.046581 0.069952
0 0.705769 0.714784 0.057692 0.019952
0 0.638675 0.717548 0.065385 0.014423
0 0.026068 0.600361 0.047009 0.059375
0 0.068803 0.706611 0.066667 0.045433
0 0.176068 0.704808 0.052991 0.051923
0 0.250427 0.697236 0.054701 0.048798
0 0.250855 0.732933 0.055556 0.020192
0 0.252137 0.753846 0.047863 0.018269
0 0.707692 0.687861 0.072650 0.031010
0 0.313889 0.689784 0.051709 0.069952
0 0.423291 0.693870 0.047436 0.068029
0 0.468590 0.689423 0.039744 0.070673
0 0.510684 0.689183 0.037607 0.071154
0 0.552137 0.697596 0.044444 0.054327
0 0.516453 0.494351 0.065385 0.056971
0 0.635043 0.701683 0.063248 0.018750
0 0.375641 0.694351 0.049573 0.067067
0 0.390385 0.505409 0.057692 0.038221
0 0.327778 0.284375 0.063248 0.049038
0 0.171581 0.488942 0.066239 0.062019
0 0.290171 0.341226 0.101709 0.018029
0 0.280342 0.367188 0.082051 0.030048
0 0.269658 0.401803 0.099145 0.034375
0 0.338034 0.386899 0.029060 0.045913
0 0.375427 0.390986 0.038889 0.042067
0 0.376068 0.352043 0.029060 0.031490
0 0.414530 0.352043 0.029915 0.031490
0 0.415171 0.390986 0.031197 0.042067
0 0.458120 0.403846 0.046154 0.018750
0 0.455342 0.373437 0.035470 0.031490
0 0.677137 0.242668 0.038889 0.016106
0 0.454701 0.344712 0.039316 0.025962
0 0.026068 0.128365 0.047009 0.061538
0 0.076709 0.129567 0.046581 0.061538
0 0.151709 0.142308 0.047009 0.061538
0 0.263034 0.177524 0.101282 0.035337
0 0.267094 0.144111 0.099145 0.027163
0 0.500214 0.381490 0.032906 0.062500
0 0.544658 0.392788 0.039744 0.043269
0 0.695299 0.385577 0.052991 0.030288
0 0.689957 0.410697 0.048291 0.019471
0 0.749573 0.359135 0.036752 0.025000
0 0.747009 0.387019 0.046154 0.025481
0 0.680128 0.263462 0.044872 0.020673
0 0.741880 0.412019 0.053846 0.016827
0 0.471368 0.168630 0.040171 0.057452
0 0.428205 0.166827 0.041026 0.057692
0 0.338675 0.119591 0.025214 0.042067
0 0.535256 0.347596 0.037179 0.026442
0 0.382051 0.168750 0.046154 0.053846
0 0.336752 0.169231 0.035897 0.050000
0 0.520299 0.156490 0.045726 0.083654
0 0.579060 0.285216 0.027350 0.062740
0 0.532051 0.306010 0.047863 0.021154
0 0.530983 0.259375 0.045726 0.019712
0 0.644231 0.188101 0.086752 0.021394
0 0.641239 0.162500 0.064530 0.023558
0 0.635684 0.136659 0.080769 0.020433
0 0.717308 0.176923 0.032051 0.037500
0 0.772650 0.185697 0.034188 0.029087
0 0.761752 0.148798 0.044872 0.044712
0 0.565598 0.169712 0.038034 0.058173
0 0.710470 0.135697 0.039744 0.043510
0 0.131410 0.256490 0.078205 0.071154
0 0.960684 0.257091 0.078632 0.063702
0 0.959829 0.312260 0.076923 0.048077
0 0.696154 0.350000 0.044444 0.025000
0 0.055769 0.495793 0.051709 0.042067
0 0.104915 0.495673 0.041453 0.048558
0 0.033120 0.262981 0.061111 0.061058
0 0.323291 0.504207 0.064530 0.040625
0 0.948718 0.354567 0.087179 0.037019
0 0.736325 0.256971 0.053846 0.014904
0 0.528632 0.238702 0.046154 0.014904
0 0.493376 0.275361 0.024359 0.054567
0 0.394017 0.236899 0.043590 0.012260
0 0.446795 0.257332 0.039744 0.017548
0 0.446795 0.279567 0.045726 0.018750
0 0.451923 0.303606 0.044872 0.016827
0 0.778205 0.288221 0.055556 0.044231
0 0.330342 0.243750 0.062393 0.020192
0 0.397650 0.278846 0.044872 0.020192
0 0.399359 0.301442 0.048291 0.021154
0 0.261538 0.236899 0.039316 0.021394
0 0.263034 0.274399 0.047436 0.047356
0 0.220513 0.271394 0.028205 0.056731
0 0.726068 0.288582 0.049573 0.043510
0 0.397863 0.258053 0.045299 0.016106
0 0.677991 0.285577 0.045726 0.019231
