0 0.760156 0.367578 0.061979 0.075781
0 0.706771 0.371680 0.044792 0.074609
0 0.645312 0.374023 0.068750 0.076953
0 0.582552 0.375977 0.046354 0.077734
0 0.394010 0.375977 0.049479 0.070703
0 0.447656 0.377148 0.057813 0.073047
0 0.841667 0.342969 0.065625 0.042969
0 0.319010 0.379492 0.058854 0.070703
0 0.247135 0.376563 0.046354 0.076563
0 0.515625 0.375977 0.059375 0.073047
0 0.933854 0.344727 0.089583 0.039453
0 0.059896 0.477148 0.068750 0.086328
0 0.934375 0.408789 0.071875 0.043359
0 0.193229 0.377734 0.044792 0.074219
0 0.132552 0.475391 0.073438 0.082812
0 0.263021 0.479687 0.050000 0.078906
0 0.327604 0.486133 0.051042 0.068359
0 0.384635 0.486719 0.043229 0.069531
0 0.442969 0.482617 0.070312 0.075391
0 0.508333 0.483203 0.051042 0.076563
0 0.565885 0.477148 0.064062 0.083984
0 0.631510 0.479492 0.057813 0.088672
0 0.694010 0.482617 0.064062 0.077734
0 0.826562 0.810547 0.073958 0.035937
0 0.842448 0.410547 0.073438 0.046875
0 0.124479 0.373047 0.044792 0.064844
0 0.848177 0.286133 0.084896 0.037109
0 0.855990 0.222852 0.088021 0.052734
0 0.033594 0.151172 0.054688 0.107813
0 0.100000 0.152344 0.059375 0.107813
0 0.175000 0.155859 0.062500 0.122656
0 0.247656 0.152344 0.073438 0.107813
0 0.376563 0.154492 0.053125 0.119922
0 0.435677 0.149805 0.065104 0.119922
0 0.508333 0.154102 0.060417 0.128516
0 0.570052 0.159961 0.055729 0.108984
0 0.641146 0.161133 0.060417 0.104297
0 0.705729 0.159375 0.068750 0.098437
0 0.773958 0.158398 0.047917 0.091016
0 0.053646 0.369336 0.068750 0.088672
0 0.856250 0.151758 0.110417 0.094922
0 0.111979 0.268555 0.057292 0.088672
0 0.186198 0.270898 0.058854 0.091016
0 0.241406 0.267969 0.048438 0.078125
0 0.308594 0.277539 0.057813 0.099609
0 0.369531 0.278320 0.067187 0.086328
0 0.438802 0.275586 0.061979 0.086328
0 0.501042 0.274609 0.065625 0.081250
0 0.570052 0.275195 0.058854 0.077734
0 0.640885 0.270313 0.064062 0.080469
0 0.709115 0.275195 0.052604 0.077734
0 0.760156 0.271094 0.052604 0.064844
0 0.034375 0.271484 0.059375 0.089844
0 0.759375 0.482617 0.054167 0.082422
0 0.061719 0.582227 0.052604 0.075391
0 0.921615 0.464648 0.081771 0.034766
0 0.138281 0.776953 0.072396 0.064844
0 0.211719 0.776367 0.049479 0.075391
0 0.266927 0.771680 0.060937 0.073047
0 0.327083 0.772070 0.059375 0.091016
0 0.385417 0.771484 0.057292 0.089844
0 0.454167 0.770312 0.044792 0.082812
0 0.511719 0.773242 0.064062 0.083984
0 0.578646 0.771094 0.051042 0.071875
0 0.635677 0.770312 0.049479 0.078125
0 0.703385 0.765625 0.057813 0.073438
0 0.759375 0.770312 0.038542 0.075781
0 0.075260 0.774023 0.057813 0.073047
0 0.945573 0.752344 0.106771 0.046875
0 0.094531 0.878906 0.067187 0.093750
0 0.164844 0.875195 0.070312 0.086328
0 0.232552 0.878125 0.055729 0.085156
0 0.282813 0.876367 0.041667 0.086328
0 0.360677 0.874023 0.046354 0.093359
0 0.417187 0.873437 0.044792 0.080469
0 0.485156 0.865820 0.058854 0.083984
0 0.545312 0.869922 0.054167 0.094531
0 0.604427 0.865625 0.060937 0.098437
0 0.677865 0.869922 0.054688 0.092188
0 0.740104 0.868750 0.051042 0.094531
0 0.024219 0.884375 0.047396 0.078125
0 0.021875 0.772070 0.042708 0.079297
0 0.912240 0.698438 0.088021 0.051562
0 0.758594 0.669727 0.055729 0.068359
0 0.126302 0.583398 0.060937 0.068359
0 0.202344 0.586914 0.049479 0.075391
0 0.258854 0.585742 0.051042 0.063672
0 0.319792 0.589258 0.063542 0.068359
0 0.386719 0.586328 0.067187 0.071875
0 0.446875 0.581641 0.053125 0.067187
0 0.521354 0.576758 0.047917 0.076953
0 0.575521 0.577930 0.057292 0.079297
0 0.636198 0.575586 0.057813 0.076953
0 0.703385 0.577930 0.057813 0.074609
0 0.758594 0.573633 0.052604 0.075391
0 0.829167 0.525781 0.068750 0.039844
0 0.910677 0.523828 0.088021 0.031250
0 0.829948 0.582812 0.067187 0.038281
0 0.913802 0.581055 0.094271 0.037109
0 0.073438 0.686328 0.057292 0.089844
0 0.141406 0.681055 0.049479 0.098047
0 0.207813 0.680469 0.063542 0.094531
0 0.271875 0.682813 0.057292 0.080469
0 0.332552 0.683984 0.051562 0.080469
0 0.393229 0.679297 0.054167 0.078125
0 0.459635 0.676758 0.058854 0.075391
0 0.573958 0.676172 0.060417 0.074219
0 0.635417 0.673242 0.056250 0.068359
0 0.701823 0.676172 0.054688 0.074219
0 0.832292 0.467578 0.075000 0.045312
0 0.964323 0.883203 0.071354 0.058594
