0 0.380729 0.396094 0.047917 0.082812
0 0.329167 0.394922 0.044792 0.082031
0 0.277083 0.394336 0.052083 0.081641
0 0.224740 0.393164 0.046354 0.076172
0 0.608333 0.262109 0.056250 0.089844
0 0.552083 0.263477 0.045833 0.087891
0 0.467187 0.263281 0.104167 0.085156
0 0.330729 0.264062 0.047917 0.082031
0 0.278125 0.262500 0.051042 0.084375
0 0.223698 0.262500 0.047396 0.081250
0 0.858073 0.258203 0.056771 0.096875
0 0.920052 0.257617 0.061979 0.098828
0 0.977865 0.258594 0.043229 0.097656
0 0.174740 0.263867 0.045312 0.081641
0 0.973698 0.097461 0.051562 0.119141
0 0.923177 0.098047 0.040104 0.117188
0 0.874219 0.101562 0.047396 0.113281
0 0.818750 0.103125 0.041667 0.114844
0 0.773438 0.105078 0.043750 0.113281
0 0.727604 0.115625 0.038542 0.087500
0 0.679427 0.116406 0.047396 0.088281
0 0.633073 0.109766 0.041146 0.107031
0 0.034375 0.336523 0.068750 0.101953
0 0.130469 0.390625 0.043229 0.078906
0 0.791406 0.256055 0.067187 0.094922
0 0.176563 0.391602 0.042708 0.075391
0 0.124479 0.265234 0.044792 0.079687
0 0.667188 0.258594 0.052083 0.090625
0 0.236458 0.841602 0.021875 0.057422
0 0.540104 0.112109 0.031250 0.107031
0 0.807552 0.680859 0.051562 0.088281
0 0.748177 0.672070 0.054688 0.084766
0 0.691667 0.669922 0.050000 0.085938
0 0.636719 0.666602 0.048438 0.088672
0 0.530208 0.657422 0.056250 0.082031
0 0.474219 0.664062 0.046354 0.059375
0 0.417708 0.661719 0.042708 0.064062
0 0.372917 0.659961 0.042708 0.060547
0 0.319531 0.646875 0.046354 0.075781
0 0.272917 0.641406 0.040625 0.074219
0 0.226042 0.636719 0.042708 0.071875
0 0.180208 0.633008 0.043750 0.076953
0 0.134635 0.631641 0.042188 0.071094
0 0.078385 0.591602 0.054688 0.084766
0 0.949740 0.546484 0.064062 0.099219
0 0.888021 0.548047 0.053125 0.093750
0 0.827865 0.543750 0.056771 0.087500
0 0.047656 0.119141 0.069271 0.096875
0 0.042188 0.230664 0.075000 0.101172
0 0.115365 0.141406 0.045312 0.071875
0 0.165625 0.138477 0.053125 0.077734
0 0.865625 0.683984 0.056250 0.087500
0 0.580208 0.110156 0.041667 0.105469
0 0.923958 0.686719 0.054167 0.090625
0 0.087240 0.715430 0.052604 0.094922
0 0.497656 0.114062 0.045312 0.107813
0 0.450521 0.115039 0.034375 0.107422
0 0.410156 0.115625 0.043229 0.104688
0 0.366667 0.117188 0.036458 0.102344
0 0.329427 0.119141 0.035937 0.102344
0 0.434896 0.396875 0.044792 0.083594
0 0.280469 0.120898 0.029687 0.102734
0 0.637240 0.785547 0.043229 0.069531
0 0.585417 0.779883 0.050000 0.069141
0 0.535417 0.774023 0.047917 0.080078
0 0.480729 0.769531 0.046875 0.078906
0 0.429948 0.761914 0.047396 0.077734
0 0.381510 0.756055 0.046354 0.075391
0 0.332552 0.756250 0.045312 0.078125
0 0.283594 0.749219 0.049479 0.069531
0 0.236198 0.744727 0.044271 0.074609
0 0.186979 0.740820 0.038542 0.069922
0 0.145573 0.736133 0.039062 0.071484
0 0.088281 0.829688 0.055729 0.091406
0 0.027865 0.816992 0.055729 0.094141
0 0.023698 0.714063 0.047396 0.099219
0 0.978125 0.693359 0.043750 0.091406
0 0.486198 0.398438 0.053646 0.082031
0 0.210938 0.124805 0.035417 0.101172
0 0.600781 0.400586 0.053646 0.083984
0 0.735677 0.408203 0.042188 0.082812
0 0.831510 0.408594 0.042188 0.083594
0 0.933073 0.410547 0.051562 0.089844
0 0.982812 0.413086 0.034375 0.087891
0 0.032031 0.470313 0.060937 0.101562
0 0.133333 0.516602 0.042708 0.076172
0 0.177604 0.515430 0.041667 0.074609
0 0.482292 0.970117 0.034375 0.059766
0 0.523698 0.973047 0.040104 0.053906
0 0.789844 0.908398 0.042188 0.073047
0 0.839323 0.912305 0.044271 0.073828
0 0.438542 0.967578 0.039583 0.064844
0 0.279427 0.519336 0.050521 0.073828
0 0.383333 0.524414 0.050000 0.076172
0 0.436458 0.528906 0.047917 0.082031
0 0.486198 0.530078 0.045312 0.081250
0 0.540104 0.532031 0.047917 0.085938
0 0.597656 0.536523 0.053646 0.077734
0 0.894792 0.919141 0.046875 0.073438
0 0.950260 0.923828 0.055729 0.075781
0 0.540365 0.398438 0.048438 0.084375
0 0.767708 0.541992 0.055208 0.091016
0 0.705990 0.539844 0.059896 0.085938
0 0.652083 0.538477 0.044792 0.086328
0 0.330990 0.524023 0.042188 0.076953
0 0.388542 0.963477 0.041667 0.073047
0 0.226562 0.518164 0.046875 0.076953
0 0.261979 0.956445 0.037500 0.083203
0 0.690104 0.787109 0.050000 0.082812
0 0.670573 0.405859 0.081771 0.080469
0 0.850000 0.802539 0.052083 0.079297
0 0.902604 0.805273 0.048958 0.079297
0 0.323958 0.958789 0.082292 0.082422
0 0.958594 0.812109 0.056771 0.086719
0 0.142448 0.836719 0.039062 0.066406
0 0.188021 0.838281 0.043750 0.071875
0 0.248177 0.124219 0.035937 0.103906
0 0.795312 0.795117 0.048958 0.086328
0 0.275260 0.846484 0.045312 0.069531
0 0.330208 0.857617 0.043750 0.069922
0 0.380208 0.860156 0.037500 0.072656
0 0.742969 0.793164 0.047396 0.080078
0 0.476562 0.871680 0.047917 0.074609
0 0.220052 0.954688 0.036979 0.089063
0 0.527083 0.880469 0.046875 0.070312
0 0.579688 0.889648 0.046875 0.064453
0 0.631510 0.893945 0.048438 0.070703
0 0.680208 0.894531 0.045833 0.074219
0 0.734896 0.902148 0.046875 0.070703
0 0.428906 0.864844 0.039062 0.070312
0 0.148438 0.945703 0.034375 0.088281
0 0.183594 0.949414 0.031771 0.091797
