0 0.357552 0.681250 0.018229 0.090625
0 0.376042 0.683789 0.019792 0.096484
0 0.797135 0.136523 0.043229 0.107422
0 0.364844 0.576758 0.026562 0.091016
0 0.343490 0.578125 0.015104 0.089063
0 0.319010 0.578516 0.027604 0.092188
0 0.416667 0.679102 0.023958 0.087109
0 0.439323 0.679102 0.021354 0.085547
0 0.457031 0.679102 0.011979 0.084766
0 0.474740 0.679102 0.022396 0.085547
0 0.506771 0.686914 0.041667 0.100391
0 0.554948 0.682813 0.035937 0.094531
0 0.590625 0.678711 0.033333 0.086328
0 0.628125 0.688867 0.041667 0.094922
0 0.142448 0.365039 0.128646 0.019922
0 0.136458 0.386328 0.132292 0.021875
0 0.390104 0.577734 0.026042 0.092969
0 0.131250 0.411914 0.137500 0.027734
0 0.267448 0.467969 0.020313 0.090625
0 0.287760 0.469531 0.019271 0.095312
0 0.307812 0.470508 0.017708 0.092578
0 0.335156 0.470703 0.027604 0.087500
0 0.665365 0.689258 0.032813 0.095703
0 0.698177 0.689258 0.027604 0.094141
0 0.734375 0.696680 0.033333 0.093359
0 0.764844 0.688477 0.029687 0.100391
0 0.137240 0.500000 0.136979 0.024219
0 0.136458 0.560937 0.135417 0.023438
0 0.139063 0.583594 0.131250 0.023438
0 0.057552 0.667969 0.038021 0.064844
0 0.143229 0.682813 0.133333 0.035156
0 0.247656 0.467383 0.019271 0.093359
0 0.414062 0.572656 0.015625 0.087500
0 0.462760 0.577930 0.020313 0.091016
0 0.481771 0.575977 0.016667 0.094922
0 0.706771 0.132617 0.044792 0.106641
0 0.746615 0.136914 0.034896 0.100391
0 0.713021 0.466211 0.035417 0.098047
0 0.856250 0.133789 0.068750 0.111328
0 0.945052 0.131055 0.109896 0.118359
0 0.038021 0.274805 0.043750 0.089453
0 0.130469 0.305859 0.139063 0.025781
0 0.246354 0.337500 0.038542 0.099219
0 0.284896 0.336914 0.038542 0.098047
0 0.315625 0.338867 0.020833 0.101953
0 0.335417 0.338672 0.018750 0.104688
0 0.358594 0.343945 0.017188 0.098047
0 0.377344 0.343750 0.013021 0.096875
0 0.401042 0.344531 0.031250 0.099219
0 0.444271 0.343750 0.031250 0.104688
0 0.477344 0.343945 0.033854 0.101172
0 0.511458 0.344336 0.035417 0.108203
0 0.549740 0.347070 0.041146 0.101953
0 0.593490 0.348438 0.042188 0.111719
0 0.632552 0.351367 0.033854 0.108203
0 0.664062 0.346875 0.030208 0.099219
0 0.699479 0.342383 0.039583 0.106641
0 0.734635 0.352930 0.024479 0.106641
0 0.763021 0.350000 0.022917 0.105469
0 0.793490 0.349219 0.035937 0.107031
0 0.036458 0.365820 0.070833 0.021484
0 0.034635 0.388086 0.066146 0.020703
0 0.033854 0.410352 0.066667 0.024609
0 0.498437 0.575586 0.018750 0.095703
0 0.146094 0.653125 0.126562 0.022656
0 0.042969 0.740625 0.083854 0.021094
0 0.043229 0.771289 0.080208 0.029297
0 0.144531 0.770898 0.122396 0.029297
0 0.926302 0.803711 0.026562 0.018359
0 0.897135 0.804688 0.029687 0.017188
0 0.895573 0.779492 0.032813 0.029297
0 0.856771 0.771680 0.038542 0.085547
0 0.817187 0.771680 0.026042 0.083203
0 0.754427 0.803320 0.098437 0.021484
0 0.648177 0.808203 0.106771 0.024219
0 0.574479 0.778711 0.033333 0.075391
0 0.531771 0.780273 0.027083 0.076953
0 0.492448 0.781836 0.031771 0.081641
0 0.447396 0.783203 0.034375 0.082031
0 0.403646 0.781836 0.033333 0.081641
0 0.345313 0.789844 0.035417 0.077344
0 0.308594 0.795117 0.034896 0.067578
0 0.272917 0.796094 0.037500 0.067187
0 0.234896 0.795703 0.038542 0.068750
0 0.984375 0.876367 0.031250 0.088672
0 0.936198 0.877930 0.059896 0.085547
0 0.878646 0.877930 0.056250 0.084766
0 0.820052 0.883398 0.060937 0.094141
0 0.760938 0.886523 0.057292 0.087109
0 0.507552 0.466992 0.017188 0.080078
0 0.531510 0.470508 0.026562 0.082422
0 0.558594 0.471094 0.029687 0.083594
0 0.584635 0.466992 0.024479 0.087109
0 0.606771 0.467383 0.020833 0.093359
0 0.634896 0.466016 0.029167 0.094531
0 0.658333 0.468750 0.018750 0.100781
0 0.677604 0.467383 0.018750 0.103516
0 0.959635 0.781836 0.029687 0.052734
0 0.663542 0.133398 0.041667 0.107422
0 0.482812 0.469141 0.018750 0.085938
0 0.440365 0.470703 0.014063 0.085156
0 0.145833 0.742969 0.117708 0.027344
0 0.150000 0.849023 0.127083 0.021484
0 0.156510 0.815039 0.121354 0.013672
0 0.041146 0.909766 0.079167 0.023438
0 0.042708 0.936523 0.076042 0.021484
0 0.153385 0.932813 0.140104 0.021875
0 0.154948 0.909961 0.146354 0.016797
0 0.243229 0.903711 0.028125 0.082422
0 0.272656 0.902148 0.027604 0.085547
0 0.303646 0.902344 0.028125 0.082812
0 0.330729 0.901172 0.025000 0.087500
0 0.360677 0.468555 0.021354 0.091797
0 0.384896 0.470898 0.018750 0.090234
0 0.359115 0.899805 0.027604 0.084766
0 0.389323 0.892969 0.027604 0.081250
0 0.417187 0.894141 0.028125 0.079687
0 0.444792 0.895508 0.026042 0.083203
0 0.483073 0.891016 0.051562 0.092969
0 0.540625 0.890430 0.058333 0.092578
0 0.598177 0.890430 0.057813 0.094141
0 0.654687 0.887695 0.053125 0.089453
0 0.706510 0.888086 0.050521 0.089453
0 0.294010 0.579688 0.019271 0.094531
0 0.256510 0.576953 0.029687 0.086719
0 0.813542 0.463867 0.021875 0.098047
0 0.793229 0.463672 0.019792 0.099219
0 0.770052 0.465039 0.024479 0.098047
0 0.403906 0.471680 0.018229 0.087891
0 0.425260 0.471094 0.016146 0.085938
0 0.460417 0.471094 0.026042 0.083594
0 0.604427 0.125000 0.076563 0.125000
0 0.745052 0.465820 0.025521 0.099609
0 0.443490 0.126367 0.074479 0.127734
0 0.558854 0.571875 0.020833 0.092188
0 0.574740 0.575391 0.014063 0.081250
0 0.591667 0.573047 0.019792 0.084375
0 0.623177 0.577539 0.015104 0.085547
0 0.638802 0.576953 0.015104 0.085938
0 0.657552 0.573047 0.020313 0.090625
0 0.709635 0.574414 0.015104 0.083984
0 0.727083 0.573242 0.021875 0.086328
0 0.750521 0.573828 0.023958 0.087500
0 0.774479 0.573828 0.020833 0.092188
0 0.800000 0.574023 0.027083 0.092578
0 0.257031 0.683594 0.021354 0.086719
0 0.280729 0.682422 0.020833 0.085938
0 0.300000 0.685156 0.017708 0.089844
0 0.319271 0.679492 0.018750 0.077734
0 0.339583 0.682227 0.017708 0.086328
0 0.519531 0.132031 0.079687 0.117188
0 0.538021 0.575781 0.020833 0.091406
0 0.516667 0.575391 0.016667 0.091406
0 0.677604 0.572852 0.018750 0.091797
0 0.223177 0.172852 0.139063 0.024609
0 0.112500 0.138281 0.052083 0.092969
0 0.055208 0.129492 0.046875 0.108203
0 0.014583 0.130664 0.028125 0.110547
0 0.394010 0.683984 0.017188 0.096875
0 0.348698 0.172852 0.108854 0.026172
