0 0.023693 0.407935 0.047386 0.025429
0 0.984477 0.328278 0.028595 0.022978
0 0.979371 0.300705 0.040441 0.020527
0 0.025123 0.432904 0.050245 0.020221
0 0.973652 0.274969 0.042075 0.019914
0 0.870915 0.280178 0.112745 0.010723
0 0.983660 0.356618 0.030229 0.023897
0 0.891748 0.357077 0.141340 0.027267
0 0.670752 0.301164 0.036765 0.091299
0 0.885825 0.300092 0.127042 0.024203
0 0.788399 0.301624 0.034314 0.092218
0 0.751021 0.299939 0.033905 0.091299
0 0.713848 0.297947 0.033088 0.089767
0 0.634191 0.299479 0.033905 0.086703
0 0.599469 0.301164 0.032271 0.088848
0 0.027778 0.458180 0.055556 0.024816
0 0.523489 0.313419 0.031454 0.110907
0 0.559845 0.313725 0.030637 0.107230
0 0.890114 0.326900 0.141340 0.025123
0 0.129085 0.429381 0.123366 0.024816
0 0.901961 0.454504 0.104575 0.032169
0 0.214665 0.428768 0.027369 0.115502
0 0.128676 0.535233 0.138072 0.022059
0 0.494485 0.314951 0.018382 0.107230
0 0.024714 0.558977 0.049428 0.026654
0 0.023897 0.532016 0.047794 0.022978
0 0.028595 0.509344 0.057190 0.013787
0 0.979371 0.454963 0.040441 0.025735
0 0.977124 0.426164 0.033497 0.023284
0 0.978350 0.402114 0.041667 0.018689
0 0.900531 0.421569 0.101716 0.026348
0 0.130106 0.458333 0.125408 0.027574
0 0.732230 0.458793 0.111520 0.021140
0 0.731618 0.414982 0.113562 0.020527
0 0.463235 0.457874 0.136438 0.026654
0 0.464257 0.430300 0.138480 0.026654
0 0.602941 0.446844 0.133170 0.050551
0 0.608660 0.405025 0.083333 0.019608
0 0.496119 0.401961 0.127859 0.018382
0 0.325368 0.459099 0.130310 0.024203
0 0.325572 0.431219 0.127451 0.023591
0 0.329044 0.403799 0.124592 0.026961
0 0.732230 0.435509 0.114788 0.015625
0 0.464665 0.318781 0.033088 0.100184
0 0.290441 0.100643 0.143791 0.030331
0 0.386029 0.314338 0.035948 0.112745
0 0.878881 0.191636 0.109886 0.026654
0 0.922794 0.105852 0.152778 0.030944
0 0.920956 0.070772 0.158088 0.033088
0 0.750000 0.109222 0.128268 0.021140
0 0.603758 0.080882 0.156863 0.072304
0 0.443015 0.102482 0.156454 0.031556
0 0.443219 0.069393 0.156863 0.030331
0 0.292279 0.068781 0.140931 0.029105
0 0.320670 0.037224 0.031046 0.028493
0 0.182190 0.099877 0.026961 0.023897
0 0.153391 0.101103 0.024101 0.023897
0 0.126225 0.102328 0.027778 0.021446
0 0.186887 0.072151 0.026552 0.026042
0 0.156863 0.071844 0.027778 0.027880
0 0.125817 0.070466 0.026961 0.034926
0 0.052900 0.101562 0.105801 0.027267
0 0.052492 0.073223 0.101716 0.023284
0 0.051266 0.043352 0.102533 0.031556
0 0.129085 0.558977 0.138889 0.021752
0 0.970588 0.191176 0.058824 0.030637
0 0.426062 0.319087 0.035948 0.098346
0 0.976103 0.221814 0.046977 0.024510
0 0.732230 0.223192 0.148284 0.022365
0 0.346814 0.310662 0.035131 0.113971
0 0.309232 0.318015 0.036765 0.101103
0 0.267565 0.317249 0.039216 0.103248
0 0.026552 0.355545 0.053105 0.026654
0 0.140319 0.352022 0.164624 0.024510
0 0.135825 0.323376 0.155637 0.022365
0 0.121936 0.296569 0.134395 0.024510
0 0.117443 0.268229 0.131944 0.025429
0 0.094771 0.217831 0.147876 0.023897
0 0.090074 0.189491 0.145016 0.024816
0 0.076797 0.160846 0.121732 0.025123
0 0.276144 0.214308 0.134804 0.023591
0 0.278595 0.188572 0.133170 0.022978
0 0.418505 0.217065 0.136846 0.026654
0 0.418301 0.190104 0.136438 0.021140
0 0.432190 0.165288 0.134804 0.019914
0 0.572304 0.217984 0.165033 0.030944
0 0.585784 0.181985 0.133987 0.017157
0 0.727533 0.204044 0.125000 0.010417
0 0.885621 0.223039 0.129085 0.031863
0 0.299428 0.502145 0.146242 0.016544
0 0.026348 0.323070 0.052696 0.031556
0 0.292484 0.555147 0.141340 0.025735
0 0.700980 0.828431 0.120098 0.018382
0 0.701797 0.808824 0.118464 0.017770
0 0.704861 0.788143 0.118056 0.015012
0 0.580065 0.818627 0.112745 0.044730
0 0.454453 0.819700 0.118873 0.041973
0 0.457721 0.786612 0.118873 0.014400
0 0.328023 0.826593 0.122549 0.017157
0 0.325163 0.805147 0.126634 0.020221
0 0.041462 0.835018 0.082925 0.019301
0 0.039216 0.811581 0.078431 0.018382
0 0.141340 0.832414 0.109477 0.023897
0 0.871324 0.784314 0.107026 0.018995
0 0.139910 0.805913 0.113154 0.019301
0 0.213031 0.831495 0.024101 0.022059
0 0.209967 0.805760 0.021242 0.021446
0 0.235907 0.806219 0.024918 0.024203
0 0.142565 0.787990 0.115196 0.007353
0 0.040645 0.790441 0.078023 0.019608
0 0.866626 0.740349 0.091095 0.020527
0 0.957721 0.739890 0.083742 0.019608
0 0.958333 0.719363 0.082516 0.017157
0 0.868260 0.718903 0.091912 0.018689
0 0.959355 0.697763 0.081291 0.019914
0 0.871119 0.697763 0.087827 0.021752
0 0.239992 0.832721 0.024101 0.022059
0 0.721405 0.740043 0.106209 0.015012
0 0.962827 0.783241 0.065359 0.019301
0 0.963440 0.805760 0.073121 0.018995
0 0.291462 0.526195 0.145833 0.021140
0 0.698325 0.086703 0.028186 0.018995
0 0.051879 0.923254 0.103758 0.012561
0 0.051879 0.907322 0.103758 0.014400
0 0.175654 0.919271 0.138889 0.019301
0 0.174632 0.896293 0.136846 0.016850
0 0.050858 0.888327 0.101716 0.019301
0 0.287990 0.890472 0.026961 0.062806
0 0.319649 0.888634 0.029003 0.064032
0 0.350490 0.887102 0.029412 0.058517
0 0.455882 0.889246 0.025327 0.062806
0 0.857639 0.804075 0.131127 0.018076
0 0.426675 0.888940 0.027369 0.062194
0 0.549020 0.912071 0.130719 0.023897
0 0.545139 0.882047 0.126225 0.019608
0 0.687296 0.895374 0.127859 0.041360
0 0.948121 0.907782 0.103758 0.020221
0 0.829248 0.907935 0.129085 0.020527
0 0.948734 0.885723 0.098448 0.017157
0 0.830678 0.886489 0.131944 0.018689
0 0.950368 0.868413 0.098448 0.011336
0 0.834150 0.869179 0.129085 0.010417
0 0.964257 0.827512 0.071487 0.018995
0 0.858456 0.828738 0.129493 0.018995
0 0.394404 0.890165 0.027369 0.062194
0 0.724265 0.721661 0.105392 0.016850
0 0.173407 0.875919 0.140931 0.014706
0 0.608660 0.740809 0.115196 0.018995
0 0.622345 0.623315 0.139297 0.024816
0 0.625000 0.599418 0.141340 0.018076
0 0.756944 0.650123 0.022876 0.023284
0 0.706495 0.651501 0.021650 0.021140
0 0.439338 0.508425 0.123775 0.014400
0 0.724265 0.701593 0.105392 0.017770
0 0.757353 0.625460 0.020425 0.019301
0 0.732026 0.627298 0.021242 0.022978
0 0.708333 0.627911 0.018791 0.022365
0 0.758170 0.602175 0.022059 0.023591
0 0.732435 0.602482 0.025327 0.021752
0 0.623570 0.650429 0.138480 0.026348
0 0.707925 0.603554 0.021242 0.023897
0 0.875000 0.645987 0.089052 0.026654
0 0.971405 0.550858 0.057190 0.024510
0 0.968546 0.521293 0.060458 0.027880
0 0.890114 0.551930 0.093137 0.026654
0 0.888276 0.521446 0.089461 0.025735
0 0.697100 0.554534 0.109069 0.017770
0 0.647263 0.518382 0.015931 0.044118
0 0.564134 0.538756 0.135621 0.041360
0 0.569036 0.503064 0.119281 0.018382
0 0.429943 0.553615 0.127042 0.022672
0 0.428717 0.529718 0.125408 0.019608
0 0.962010 0.643382 0.073529 0.023897
0 0.482230 0.630362 0.138480 0.072610
0 0.732435 0.651654 0.022059 0.021446
0 0.339257 0.652880 0.141748 0.018995
0 0.341503 0.614124 0.125817 0.021140
0 0.030229 0.706189 0.060458 0.019608
0 0.238766 0.650735 0.041258 0.028799
0 0.029412 0.727022 0.058824 0.021446
0 0.033292 0.749234 0.063317 0.018689
0 0.123366 0.719056 0.111928 0.023897
0 0.222426 0.710172 0.033905 0.012868
0 0.199346 0.729320 0.035948 0.015012
0 0.233252 0.745404 0.022876 0.023284
0 0.198734 0.750460 0.024918 0.021140
0 0.123366 0.746936 0.108660 0.021446
0 0.331699 0.693934 0.111111 0.014093
0 0.242034 0.614430 0.040441 0.026654
0 0.341912 0.716759 0.131536 0.014400
0 0.329453 0.741881 0.148284 0.016238
0 0.175245 0.613358 0.026144 0.026961
0 0.438521 0.699908 0.032271 0.021752
0 0.471405 0.699449 0.030229 0.025123
0 0.501430 0.697763 0.026552 0.024203
0 0.532680 0.697304 0.027778 0.023284
0 0.607639 0.700674 0.116422 0.018382
0 0.608864 0.719210 0.115605 0.014400
0 0.077002 0.629136 0.118873 0.017463
0 0.478145 0.738971 0.133578 0.022672
0 0.074142 0.655484 0.119690 0.024203
0 0.158292 0.654412 0.040441 0.026961
