0 0.701389 0.439798 0.088235 0.026654
0 0.861315 0.192096 0.060049 0.037990
0 0.120507 0.516391 0.062092 0.034620
0 0.046160 0.513327 0.075980 0.034007
0 0.140727 0.478401 0.064134 0.038297
0 0.065768 0.476562 0.074346 0.037071
0 0.705065 0.407782 0.066993 0.023897
0 0.617443 0.436887 0.070670 0.025123
0 0.189338 0.169730 0.060049 0.035539
0 0.570466 0.375613 0.073121 0.019608
0 0.968750 0.308364 0.057598 0.038909
0 0.554330 0.293199 0.047386 0.034926
0 0.563113 0.332108 0.048611 0.036152
0 0.631127 0.334099 0.075980 0.032169
0 0.786152 0.340993 0.056781 0.027574
0 0.849060 0.341452 0.060866 0.028493
0 0.793301 0.191636 0.064542 0.040135
0 0.916054 0.343290 0.064134 0.027880
0 0.042688 0.381434 0.072304 0.022059
0 0.126838 0.377298 0.068219 0.029718
0 0.204657 0.383578 0.060458 0.031250
0 0.040033 0.410539 0.073529 0.039216
0 0.114175 0.414828 0.064951 0.036152
0 0.183211 0.417126 0.065768 0.034007
0 0.974877 0.346507 0.050245 0.031250
0 0.553922 0.402420 0.058824 0.030331
0 0.630515 0.537224 0.071487 0.035846
0 0.718342 0.189491 0.074755 0.035846
0 0.428717 0.175705 0.048611 0.037071
0 0.373979 0.174020 0.051062 0.035539
0 0.430760 0.135570 0.049428 0.040748
0 0.487337 0.137714 0.050654 0.043811
0 0.558007 0.142616 0.070261 0.040748
0 0.635417 0.145527 0.071487 0.037377
0 0.372549 0.133885 0.048203 0.044118
0 0.717525 0.147978 0.076389 0.041667
0 0.861724 0.151195 0.064134 0.040748
0 0.928717 0.152880 0.057598 0.041667
0 0.045956 0.161612 0.073121 0.035233
0 0.120507 0.166054 0.068627 0.035539
0 0.318015 0.176317 0.057598 0.035846
0 0.254289 0.168964 0.064134 0.036458
0 0.794322 0.149203 0.063317 0.037377
0 0.320466 0.133578 0.046160 0.041667
0 0.258987 0.130362 0.060458 0.041360
0 0.194649 0.126991 0.063317 0.045650
0 0.038399 0.581495 0.063725 0.036152
0 0.102941 0.581036 0.065359 0.032169
0 0.035539 0.619792 0.064542 0.031250
0 0.107026 0.618413 0.063725 0.034007
0 0.623979 0.639246 0.074755 0.038909
0 0.700572 0.708027 0.071078 0.041667
0 0.702410 0.749081 0.074755 0.035539
0 0.636234 0.785846 0.060866 0.027574
0 0.700980 0.787224 0.055556 0.032782
0 0.907475 0.308517 0.062500 0.037377
0 0.638276 0.185815 0.077206 0.040748
0 0.553717 0.181832 0.078023 0.034620
0 0.483047 0.180760 0.051879 0.035539
0 0.049428 0.119026 0.080065 0.042586
0 0.126225 0.125153 0.066993 0.041973
0 0.699551 0.538297 0.062500 0.033701
0 0.839257 0.310049 0.054330 0.032475
0 0.710784 0.335018 0.075163 0.034620
0 0.707721 0.302083 0.075572 0.028799
0 0.780433 0.310355 0.055147 0.025735
0 0.714257 0.910999 0.073121 0.057292
0 0.688725 0.857843 0.062908 0.039828
0 0.626838 0.909161 0.083742 0.057904
0 0.223856 0.902574 0.070261 0.033088
0 0.227737 0.855392 0.071487 0.039216
0 0.928309 0.197304 0.065768 0.039828
0 0.113154 0.201440 0.066176 0.035846
0 0.184232 0.205270 0.061275 0.034314
0 0.250613 0.207414 0.063317 0.033701
0 0.315564 0.211703 0.049428 0.032475
0 0.370915 0.215074 0.054739 0.037377
0 0.426471 0.216912 0.050654 0.035539
0 0.484069 0.217525 0.053922 0.034926
0 0.040645 0.197610 0.074755 0.033088
0 0.635008 0.223499 0.080474 0.032782
0 0.628268 0.301624 0.076797 0.030331
0 0.554739 0.218444 0.073529 0.038603
0 0.723652 0.274816 0.078840 0.020833
0 0.635008 0.271446 0.083742 0.027574
0 0.176675 0.311734 0.065768 0.035846
0 0.037377 0.306219 0.068219 0.034620
0 0.176062 0.272212 0.064542 0.038297
0 0.108456 0.310509 0.063317 0.035846
0 0.107435 0.269301 0.064542 0.044118
0 0.036152 0.265931 0.069036 0.042892
0 0.929126 0.234069 0.061683 0.033088
0 0.864175 0.230239 0.062500 0.033395
0 0.796160 0.229779 0.066993 0.031250
0 0.719771 0.225184 0.080882 0.033088
