0 0.647467 0.079197 0.060458 0.097120
0 0.580474 0.678309 0.041667 0.085784
0 0.531454 0.653646 0.049837 0.081189
0 0.716095 0.321232 0.054739 0.109988
0 0.799428 0.328125 0.098856 0.118260
0 0.924224 0.321998 0.137663 0.135417
0 0.920752 0.161458 0.060458 0.118873
0 0.848448 0.176164 0.066176 0.129902
0 0.771650 0.187806 0.072712 0.107230
0 0.631536 0.727328 0.051471 0.078431
0 0.710784 0.197763 0.046569 0.108150
0 0.669118 0.212623 0.030229 0.079657
0 0.628881 0.219516 0.046160 0.081801
0 0.927288 0.628217 0.028595 0.103248
0 0.691789 0.754442 0.060049 0.094056
0 0.760621 0.804075 0.057190 0.078125
0 0.647263 0.647672 0.066585 0.079657
0 0.771446 0.717371 0.072304 0.094056
0 0.429534 0.157475 0.026552 0.061275
0 0.459355 0.149510 0.026552 0.061887
0 0.782067 0.047028 0.058415 0.086703
0 0.737745 0.063113 0.026961 0.082108
0 0.972426 0.634498 0.045343 0.088235
0 0.831699 0.040901 0.029412 0.074449
0 0.894404 0.037990 0.091095 0.075368
0 0.711193 0.455882 0.015523 0.072304
0 0.765727 0.472886 0.086193 0.101409
0 0.596814 0.104933 0.026961 0.084865
0 0.859886 0.861979 0.117647 0.071385
0 0.890523 0.653493 0.035131 0.071691
0 0.937500 0.753370 0.065359 0.096814
0 0.869281 0.483456 0.114379 0.113358
0 0.804943 0.592831 0.069036 0.102328
0 0.561887 0.112745 0.030637 0.086397
0 0.513685 0.131434 0.036356 0.071078
0 0.484681 0.139400 0.016748 0.080882
0 0.859069 0.646293 0.017157 0.076900
0 0.854575 0.760417 0.068627 0.124387
0 0.391136 0.578585 0.024101 0.063419
0 0.477533 0.420037 0.037582 0.063113
0 0.418301 0.478248 0.040033 0.053309
0 0.418301 0.399510 0.035948 0.066789
0 0.498366 0.231924 0.034314 0.082721
0 0.545343 0.426930 0.093137 0.070772
0 0.636846 0.435355 0.035948 0.077206
0 0.623162 0.337623 0.037990 0.071078
0 0.589869 0.332721 0.022876 0.072917
0 0.555351 0.327206 0.037173 0.083946
0 0.521650 0.326287 0.024510 0.079657
0 0.455882 0.325214 0.044118 0.066483
0 0.415237 0.323376 0.033088 0.064032
0 0.388480 0.328278 0.022059 0.055453
0 0.400531 0.247396 0.017565 0.063419
0 0.430760 0.243107 0.033088 0.070159
0 0.549428 0.225643 0.066176 0.075061
0 0.460989 0.495098 0.024101 0.062500
0 0.489788 0.505208 0.027778 0.054534
0 0.465074 0.241575 0.024918 0.073223
0 0.592525 0.531250 0.069036 0.074755
0 0.525123 0.515165 0.030637 0.071385
0 0.484681 0.554994 0.029003 0.026042
0 0.446487 0.599724 0.087418 0.059130
0 0.354167 0.541973 0.046569 0.050245
