0 0.296484 0.650260 0.040625 0.065104
0 0.122852 0.547135 0.056641 0.066146
0 0.399023 0.451562 0.036328 0.060417
0 0.356641 0.451823 0.046875 0.063021
0 0.282617 0.453125 0.034766 0.062500
0 0.071289 0.547917 0.047266 0.066667
0 0.236914 0.732031 0.075391 0.041146
0 0.085352 0.745833 0.073828 0.041667
0 0.238086 0.686719 0.073828 0.041146
0 0.162891 0.694792 0.074219 0.041667
0 0.086328 0.702083 0.074219 0.041667
0 0.239258 0.643750 0.074609 0.039583
0 0.158594 0.650260 0.078906 0.041146
0 0.405273 0.538802 0.021484 0.051562
0 0.373828 0.542969 0.039844 0.043229
0 0.333984 0.544010 0.039844 0.043229
0 0.281055 0.538281 0.040234 0.064062
0 0.235352 0.539583 0.050391 0.065625
0 0.182031 0.543229 0.054688 0.065625
0 0.161523 0.738802 0.075391 0.041146
0 0.084766 0.657292 0.070312 0.041667
0 0.833398 0.402604 0.018359 0.030208
0 0.334766 0.642708 0.035937 0.064583
0 0.247461 0.453646 0.034766 0.062500
0 0.872070 0.521094 0.045703 0.043229
0 0.833398 0.520052 0.026953 0.041146
0 0.808203 0.521875 0.014063 0.046875
0 0.772852 0.524219 0.019141 0.047396
0 0.809961 0.454948 0.013672 0.048438
0 0.772852 0.455469 0.024609 0.046354
0 0.834570 0.455729 0.030859 0.046875
0 0.859375 0.456510 0.018750 0.046354
0 0.885938 0.455990 0.025781 0.045312
0 0.890625 0.396094 0.031250 0.050521
0 0.857031 0.398698 0.024219 0.042188
0 0.797461 0.391927 0.048828 0.054688
0 0.743359 0.391146 0.024219 0.053125
0 0.718359 0.388802 0.025000 0.054688
0 0.693164 0.388542 0.023047 0.057292
0 0.668555 0.388281 0.024609 0.053646
0 0.614648 0.388802 0.014453 0.052604
0 0.593945 0.388021 0.026172 0.051042
0 0.565430 0.388542 0.027734 0.052083
0 0.537305 0.386458 0.027734 0.055208
0 0.492773 0.384896 0.058984 0.056250
0 0.450781 0.384115 0.025000 0.057813
0 0.401367 0.641406 0.030078 0.059896
0 0.401758 0.700781 0.028516 0.056771
0 0.367773 0.700781 0.033984 0.054688
0 0.331836 0.708333 0.033203 0.048958
0 0.293750 0.716667 0.035937 0.064583
0 0.206055 0.453646 0.047266 0.061458
0 0.673633 0.453385 0.033203 0.051562
0 0.102148 0.454167 0.042578 0.063542
0 0.617773 0.529687 0.054297 0.043750
0 0.558398 0.531510 0.059766 0.045312
0 0.495117 0.536458 0.066016 0.043750
0 0.448437 0.533594 0.025781 0.047396
0 0.460547 0.615365 0.053125 0.028646
0 0.151367 0.454167 0.053516 0.063542
0 0.461328 0.677604 0.053125 0.023958
0 0.460352 0.704167 0.052734 0.019792
0 0.520703 0.613281 0.065625 0.026562
0 0.521680 0.643229 0.066016 0.026042
0 0.520508 0.671615 0.058203 0.021354
0 0.520508 0.697396 0.061328 0.023958
0 0.585352 0.608854 0.053516 0.025000
0 0.664844 0.527604 0.036719 0.044792
0 0.586133 0.638281 0.056641 0.022396
0 0.585938 0.691146 0.056250 0.021875
0 0.655469 0.604427 0.048438 0.023438
0 0.651953 0.632292 0.044531 0.027083
0 0.651953 0.661979 0.050000 0.022917
0 0.649023 0.686979 0.044141 0.022917
0 0.705664 0.636458 0.049609 0.040625
0 0.756055 0.628906 0.049609 0.039062
0 0.701562 0.672135 0.042969 0.026562
0 0.754687 0.667708 0.046094 0.033333
0 0.697656 0.585938 0.039062 0.036458
0 0.741992 0.583594 0.045703 0.033854
0 0.814258 0.611979 0.034766 0.027083
0 0.810742 0.640625 0.029297 0.022917
0 0.585938 0.664323 0.056250 0.020313
0 0.703516 0.526823 0.035937 0.045312
0 0.460547 0.647917 0.053125 0.025000
0 0.741016 0.455469 0.029687 0.046354
0 0.194727 0.371354 0.012891 0.064583
0 0.223242 0.371615 0.041016 0.064062
0 0.250781 0.372135 0.013281 0.063021
0 0.264844 0.372656 0.013281 0.063021
0 0.279297 0.375000 0.013281 0.062500
0 0.308594 0.373958 0.036719 0.063542
0 0.345898 0.374740 0.029297 0.063021
0 0.740234 0.525781 0.035156 0.045312
0 0.380469 0.375521 0.039062 0.063542
0 0.408594 0.384375 0.014844 0.047917
0 0.063477 0.454688 0.033203 0.064583
0 0.173242 0.371354 0.030078 0.064583
0 0.151758 0.369792 0.012891 0.062500
0 0.129883 0.368750 0.030859 0.063542
0 0.107617 0.369792 0.012109 0.062500
0 0.484961 0.454167 0.040234 0.058333
0 0.061133 0.372135 0.014453 0.061979
0 0.808789 0.665104 0.025391 0.021875
0 0.850391 0.640625 0.042969 0.025000
0 0.845313 0.663542 0.036719 0.016667
0 0.894531 0.610156 0.039062 0.018229
0 0.893555 0.633594 0.041016 0.022396
0 0.894922 0.656510 0.039844 0.021354
0 0.084961 0.369531 0.031641 0.060937
0 0.527148 0.456510 0.039453 0.053646
0 0.567187 0.456510 0.038281 0.053646
0 0.602930 0.454948 0.031641 0.052604
0 0.645898 0.455208 0.018359 0.051042
0 0.450586 0.456771 0.026172 0.056250
0 0.707812 0.455990 0.030469 0.050521
