0 0.677734 0.748437 0.016406 0.081250
0 0.695508 0.742448 0.013672 0.070312
0 0.716602 0.740625 0.021484 0.070833
0 0.515820 0.252865 0.021484 0.077604
0 0.563281 0.236719 0.020313 0.109896
0 0.312695 0.892188 0.019922 0.076042
0 0.340625 0.862500 0.023438 0.115625
0 0.370508 0.851042 0.032422 0.107292
0 0.400195 0.840885 0.023047 0.094271
0 0.428711 0.830469 0.026172 0.109896
0 0.456641 0.821875 0.024219 0.098958
0 0.483203 0.813542 0.025000 0.105208
0 0.298438 0.258594 0.020313 0.076563
0 0.330664 0.232813 0.028516 0.119792
0 0.361133 0.233594 0.028516 0.120313
0 0.390234 0.235937 0.026562 0.113542
0 0.421094 0.250260 0.025000 0.085938
0 0.450391 0.249740 0.025781 0.083854
0 0.474219 0.259115 0.017969 0.067187
0 0.493359 0.259635 0.016406 0.060937
0 0.660156 0.753906 0.014063 0.081771
0 0.538281 0.253646 0.021094 0.076042
0 0.510352 0.802083 0.023047 0.101042
0 0.533594 0.793750 0.021094 0.093750
0 0.557422 0.787240 0.023438 0.104688
0 0.581055 0.777344 0.021484 0.094271
0 0.019727 0.244010 0.033984 0.104688
0 0.052539 0.242708 0.029297 0.107292
0 0.093164 0.219531 0.043359 0.153646
0 0.137695 0.218750 0.038672 0.153125
0 0.179297 0.219792 0.036719 0.153125
0 0.219531 0.220312 0.037500 0.146875
0 0.250977 0.257292 0.019141 0.070833
0 0.273828 0.255469 0.021875 0.072396
0 0.588281 0.238281 0.025000 0.105729
0 0.640430 0.762500 0.016016 0.087500
0 0.954297 0.376563 0.010937 0.066667
0 0.603516 0.775521 0.019531 0.082292
0 0.042188 0.435937 0.040625 0.147917
0 0.085156 0.417969 0.039844 0.055729
0 0.089258 0.474740 0.046484 0.050521
0 0.172656 0.427604 0.038281 0.125000
0 0.213281 0.419271 0.030469 0.137500
0 0.255273 0.426563 0.020703 0.106250
0 0.009180 0.442188 0.018359 0.139583
0 0.283203 0.420052 0.028125 0.116146
0 0.349023 0.427344 0.023828 0.086979
0 0.379102 0.443229 0.030078 0.045833
0 0.411719 0.447135 0.025000 0.029687
0 0.439844 0.442448 0.032031 0.041146
0 0.468359 0.420312 0.031250 0.088542
0 0.495508 0.417969 0.020703 0.076563
0 0.319531 0.425521 0.032031 0.096875
0 0.979688 0.261458 0.013281 0.082292
0 0.956641 0.261719 0.025000 0.079687
0 0.917969 0.278385 0.019531 0.046354
0 0.612305 0.237240 0.019141 0.103646
0 0.633203 0.237760 0.019531 0.099479
0 0.653320 0.236458 0.016016 0.103125
0 0.676172 0.249740 0.017188 0.075521
0 0.694531 0.251042 0.014063 0.073958
0 0.712305 0.251042 0.016797 0.072917
0 0.738867 0.245833 0.023047 0.077083
0 0.757031 0.249479 0.012500 0.072917
0 0.773047 0.269792 0.013281 0.088542
0 0.788867 0.270052 0.014453 0.083854
0 0.807031 0.269010 0.017969 0.082812
0 0.830469 0.267708 0.017969 0.081250
0 0.864062 0.287240 0.034375 0.034896
0 0.887305 0.275000 0.014453 0.065625
0 0.901563 0.271875 0.010156 0.065625
0 0.514648 0.415365 0.015234 0.078646
0 0.530469 0.419792 0.012500 0.059375
0 0.548633 0.416406 0.014453 0.056771
0 0.563281 0.415104 0.011719 0.061458
0 0.904883 0.379167 0.009766 0.071875
0 0.916797 0.375521 0.011719 0.068750
0 0.931250 0.381510 0.011719 0.061979
0 0.942969 0.376042 0.010156 0.064583
0 0.965820 0.378906 0.010547 0.068229
0 0.981250 0.350000 0.012500 0.061458
0 0.994336 0.347396 0.011328 0.066667
0 0.013477 0.635156 0.026953 0.142187
0 0.048047 0.635417 0.036719 0.134375
0 0.087500 0.627604 0.032031 0.132292
0 0.121680 0.625521 0.031641 0.129167
0 0.159375 0.613021 0.036719 0.115625
0 0.195898 0.618750 0.030078 0.097917
0 0.233789 0.594792 0.037109 0.142708
0 0.271289 0.584375 0.033203 0.130208
0 0.892969 0.378646 0.010937 0.076042
0 0.622070 0.768750 0.015234 0.082292
0 0.881641 0.384635 0.008594 0.066146
0 0.853711 0.386458 0.016016 0.073958
0 0.585547 0.385937 0.025000 0.119792
0 0.608594 0.382552 0.018750 0.114062
0 0.630859 0.386198 0.020313 0.097396
0 0.651563 0.389062 0.016406 0.093750
0 0.670508 0.375521 0.020703 0.113542
0 0.691797 0.373698 0.018750 0.108854
0 0.709570 0.379688 0.012891 0.087500
0 0.726172 0.378125 0.017188 0.091667
0 0.744727 0.368229 0.016797 0.107292
0 0.764258 0.400260 0.016016 0.070312
0 0.780664 0.400000 0.014453 0.069792
0 0.797852 0.395052 0.014453 0.065104
0 0.811523 0.391667 0.011328 0.071875
0 0.824609 0.392188 0.011719 0.068750
0 0.839453 0.393229 0.010937 0.064583
0 0.869531 0.382031 0.013281 0.076563
0 0.131641 0.426563 0.037500 0.139583
0 0.980469 0.645312 0.014844 0.057292
0 0.735938 0.715104 0.011719 0.100000
0 0.836719 0.582812 0.010937 0.072917
0 0.824805 0.586198 0.010547 0.071354
0 0.813281 0.586458 0.010937 0.078125
0 0.801172 0.594010 0.010156 0.067187
0 0.788086 0.597135 0.014453 0.070312
0 0.772461 0.597135 0.014453 0.073438
0 0.758789 0.600260 0.010547 0.076563
0 0.744531 0.606510 0.012500 0.077604
0 0.728516 0.611719 0.014844 0.086979
0 0.712891 0.618490 0.012500 0.075521
0 0.697656 0.622656 0.016406 0.084896
0 0.679492 0.629948 0.014453 0.076563
0 0.995703 0.638542 0.008594 0.055208
0 0.648242 0.640365 0.016797 0.078646
0 0.630664 0.645052 0.014453 0.073438
0 0.614648 0.649219 0.016797 0.075521
0 0.597070 0.655990 0.016016 0.068229
0 0.575195 0.660677 0.023047 0.076563
0 0.553320 0.663021 0.018359 0.075000
0 0.530664 0.672135 0.022266 0.081771
0 0.508984 0.677865 0.014844 0.076563
0 0.486133 0.689844 0.025391 0.078646
0 0.461523 0.690625 0.019141 0.078125
0 0.846875 0.580208 0.009375 0.068750
0 0.867773 0.575260 0.010547 0.064062
0 0.856836 0.579427 0.011328 0.065104
0 0.877539 0.573177 0.008984 0.064062
0 0.964844 0.650000 0.012500 0.068750
0 0.950391 0.653906 0.014063 0.069271
0 0.932227 0.660937 0.017578 0.072917
0 0.916797 0.668490 0.010156 0.061979
0 0.901758 0.670052 0.014453 0.083854
0 0.883984 0.672656 0.018750 0.080729
0 0.866797 0.679427 0.013281 0.084896
0 0.290820 0.897396 0.017578 0.069792
0 0.262305 0.889062 0.030078 0.117708
0 0.228320 0.898958 0.033984 0.111458
0 0.189258 0.908594 0.038672 0.118229
0 0.438086 0.698958 0.024609 0.091667
0 0.149219 0.926823 0.034375 0.136979
0 0.060937 0.946875 0.042188 0.106250
0 0.018945 0.952865 0.037891 0.091146
0 0.995117 0.535677 0.009766 0.042188
0 0.976758 0.545052 0.010547 0.034896
0 0.966797 0.549219 0.008594 0.033854
0 0.954883 0.552083 0.012109 0.036458
0 0.933984 0.557292 0.011719 0.068750
0 0.922461 0.556771 0.010547 0.069792
0 0.911914 0.561458 0.008984 0.064583
0 0.899805 0.560937 0.010547 0.068750
0 0.887891 0.567969 0.010156 0.064062
0 0.105469 0.940885 0.044531 0.118229
0 0.410352 0.706771 0.023828 0.081250
0 0.664062 0.636458 0.012500 0.070833
0 0.358594 0.722917 0.019531 0.071875
0 0.759766 0.493750 0.014063 0.079167
0 0.786523 0.498437 0.015234 0.073958
0 0.803516 0.492188 0.014844 0.078125
0 0.820312 0.489844 0.014063 0.071354
0 0.383984 0.719271 0.025000 0.075000
0 0.845898 0.484635 0.019922 0.074479
0 0.881641 0.481510 0.014063 0.061979
0 0.898828 0.471615 0.015625 0.076563
0 0.914453 0.467187 0.010937 0.073958
0 0.927344 0.463542 0.010937 0.080208
0 0.938672 0.467969 0.008594 0.064062
0 0.953125 0.467187 0.015625 0.058333
0 0.974414 0.431510 0.016797 0.030729
0 0.853906 0.684635 0.010937 0.077604
0 0.987891 0.482812 0.024219 0.033333
0 0.008789 0.804167 0.017578 0.123958
0 0.038086 0.798177 0.032422 0.124479
0 0.077148 0.784635 0.034766 0.114062
0 0.113086 0.777604 0.032422 0.119792
0 0.737305 0.504687 0.021484 0.091667
0 0.715430 0.508073 0.016016 0.093229
0 0.678516 0.512500 0.030469 0.107292
0 0.654102 0.518229 0.016016 0.096875
0 0.750781 0.710417 0.016406 0.088542
0 0.769141 0.706250 0.016406 0.095833
0 0.789844 0.705469 0.020313 0.082812
0 0.809180 0.699479 0.015234 0.085417
0 0.825781 0.694271 0.014063 0.078125
0 0.840625 0.690885 0.013281 0.078646
0 0.307617 0.580990 0.031641 0.129688
0 0.341992 0.570573 0.030078 0.126562
0 0.377539 0.573438 0.030078 0.108333
0 0.147656 0.768750 0.029687 0.115625
0 0.411523 0.566927 0.033203 0.114062
0 0.469531 0.607552 0.035156 0.046354
0 0.441406 0.490365 0.026562 0.033854
0 0.441406 0.569271 0.021094 0.097917
0 0.502344 0.550260 0.021875 0.098437
0 0.530078 0.544271 0.026562 0.101042
0 0.559375 0.533594 0.027344 0.116146
0 0.586328 0.530208 0.021094 0.111458
0 0.607422 0.527865 0.020313 0.099479
0 0.632031 0.525000 0.024219 0.102083
0 0.472070 0.542708 0.026172 0.065625
0 0.179492 0.759115 0.023047 0.105729
0 0.993750 0.444010 0.012500 0.029687
0 0.336914 0.716927 0.016016 0.107813
0 0.317773 0.722135 0.020703 0.102604
0 0.293750 0.728906 0.021875 0.110937
0 0.270508 0.734375 0.020703 0.105208
0 0.249414 0.738542 0.016016 0.113542
0 0.228125 0.743750 0.018750 0.107292
0 0.204492 0.750521 0.022266 0.115625
