0 0.593137 0.752604 0.030229 0.048100
0 0.560253 0.751991 0.033905 0.051164
0 0.520425 0.747549 0.039216 0.054534
0 0.437296 0.756127 0.050245 0.047794
0 0.377451 0.751685 0.059641 0.055453
0 0.313521 0.754902 0.061683 0.052696
0 0.255515 0.745711 0.049428 0.038603
0 0.187092 0.754749 0.067810 0.054228
0 0.094567 0.757966 0.104167 0.053922
0 0.025327 0.664675 0.031863 0.087929
0 0.060458 0.665288 0.032680 0.086703
0 0.094363 0.664982 0.031863 0.084252
0 0.214461 0.656556 0.031046 0.071691
0 0.164011 0.669118 0.033905 0.077819
0 0.264297 0.664982 0.039216 0.076287
0 0.349060 0.656556 0.028186 0.073529
0 0.314747 0.664522 0.035539 0.072917
0 0.418709 0.659620 0.044118 0.087010
0 0.478758 0.657475 0.038399 0.090074
0 0.518791 0.662224 0.035948 0.083027
0 0.560049 0.656250 0.039216 0.089461
0 0.627042 0.750766 0.034314 0.053615
0 0.602328 0.657016 0.038807 0.090993
0 0.404616 0.204810 0.051062 0.079963
0 0.889706 0.761029 0.051471 0.026961
0 0.017770 0.850797 0.032271 0.085784
0 0.057394 0.856771 0.042075 0.090380
0 0.104371 0.851103 0.044526 0.093137
0 0.149918 0.849265 0.042484 0.094975
0 0.193627 0.848958 0.040033 0.091299
0 0.281863 0.837469 0.026961 0.068321
0 0.236111 0.859988 0.039216 0.072917
0 0.314542 0.861979 0.038399 0.070159
0 0.356005 0.864277 0.038807 0.069853
0 0.392770 0.857843 0.033905 0.068627
0 0.430760 0.862132 0.037173 0.070466
0 0.471405 0.860447 0.035948 0.071385
0 0.513276 0.859681 0.040441 0.074755
0 0.554534 0.856464 0.034722 0.073223
0 0.595180 0.832567 0.040033 0.072610
0 0.640523 0.830423 0.045752 0.070772
0 0.684232 0.830729 0.038399 0.068934
0 0.745915 0.845588 0.041667 0.093750
0 0.794935 0.845129 0.046569 0.090380
0 0.947508 0.757812 0.046977 0.024816
0 0.947304 0.730545 0.049020 0.024816
0 0.707516 0.740196 0.024510 0.044118
0 0.666871 0.749234 0.041258 0.057904
0 0.656863 0.668199 0.065359 0.063725
0 0.815155 0.660539 0.075572 0.074755
0 0.534518 0.423866 0.067402 0.103860
0 0.598856 0.424479 0.053922 0.092831
0 0.675245 0.431985 0.058007 0.088848
0 0.738154 0.429228 0.052288 0.087010
0 0.813521 0.421415 0.088644 0.101409
0 0.894812 0.428002 0.058415 0.085784
0 0.959763 0.426624 0.058415 0.083027
0 0.941585 0.307292 0.075980 0.083946
0 0.864175 0.302237 0.063317 0.095895
0 0.457925 0.435355 0.044118 0.062500
0 0.791054 0.313266 0.074755 0.079350
0 0.580270 0.325368 0.053513 0.065564
0 0.583129 0.274050 0.054330 0.034007
0 0.464461 0.307138 0.072712 0.097733
0 0.396446 0.323989 0.053513 0.071998
0 0.290645 0.324602 0.053513 0.070772
0 0.221201 0.311887 0.069853 0.093137
0 0.157271 0.327819 0.052288 0.068015
0 0.091503 0.314798 0.075980 0.086703
0 0.026757 0.329504 0.053513 0.068934
0 0.719771 0.313113 0.058824 0.083333
0 0.404208 0.420956 0.059232 0.090686
0 0.341912 0.444547 0.052288 0.066789
0 0.278186 0.429075 0.062908 0.099571
0 0.884600 0.670190 0.034722 0.060968
0 0.920343 0.664369 0.033497 0.068321
0 0.959355 0.664675 0.038807 0.068934
0 0.953431 0.537224 0.093137 0.095895
0 0.873775 0.543658 0.057190 0.087316
0 0.809641 0.538909 0.064542 0.094363
0 0.741626 0.543352 0.058415 0.086703
0 0.666258 0.540594 0.078431 0.097733
0 0.600286 0.544730 0.050245 0.091912
0 0.540645 0.549020 0.054330 0.081495
0 0.484681 0.547794 0.052696 0.083946
0 0.425245 0.552237 0.057190 0.083027
0 0.366422 0.548560 0.056373 0.085478
0 0.179739 0.553922 0.059641 0.088848
0 0.119690 0.550551 0.049837 0.091912
0 0.068219 0.549326 0.044935 0.096201
0 0.021446 0.555760 0.042892 0.085784
0 0.220588 0.449908 0.049020 0.060968
0 0.162990 0.441942 0.051471 0.075674
0 0.098856 0.431526 0.071078 0.102635
0 0.037990 0.448836 0.050654 0.070466
0 0.840686 0.812960 0.031863 0.038297
0 0.735090 0.659161 0.077206 0.076900
0 0.293505 0.205576 0.052696 0.081495
0 0.766953 0.194240 0.055147 0.080270
0 0.118464 0.210631 0.057190 0.079963
0 0.174837 0.210325 0.052288 0.076900
0 0.233047 0.212929 0.058415 0.070466
0 0.642361 0.198683 0.052696 0.079963
0 0.703431 0.199908 0.054739 0.075061
0 0.351511 0.209865 0.051879 0.071691
0 0.830270 0.192555 0.055147 0.076900
0 0.891544 0.194853 0.051879 0.072304
0 0.960580 0.121324 0.078840 0.043505
0 0.961806 0.187347 0.075572 0.080576
0 0.916258 0.036152 0.082516 0.067402
0 0.741217 0.036458 0.079657 0.070466
0 0.651348 0.039369 0.086193 0.073836
0 0.575368 0.042892 0.042075 0.076593
0 0.828431 0.036458 0.083333 0.068015
0 0.493464 0.041360 0.034314 0.082721
0 0.034926 0.051164 0.066585 0.078431
0 0.107843 0.046569 0.070261 0.081495
0 0.189951 0.047028 0.076797 0.082414
0 0.530842 0.041054 0.042892 0.080270
0 0.060253 0.209252 0.054330 0.082108
0 0.460580 0.209559 0.051879 0.063725
0 0.269199 0.043964 0.071078 0.083027
0 0.580678 0.204197 0.061683 0.069547
0 0.331087 0.043658 0.036356 0.082414
0 0.370711 0.043045 0.037173 0.083640
0 0.411560 0.045803 0.036356 0.075061
0 0.455474 0.041360 0.034314 0.082721
0 0.517361 0.207108 0.055147 0.066176
