0 0.096495 0.261719 0.070524 0.048532
0 0.989231 0.215791 0.021537 0.028172
0 0.422931 0.305279 0.051943 0.039062
0 0.696368 0.222420 0.045608 0.029119
0 0.741132 0.227746 0.043074 0.027462
0 0.788007 0.229759 0.040541 0.029119
0 0.828547 0.233191 0.038007 0.025568
0 0.867188 0.235914 0.035895 0.031487
0 0.915752 0.216738 0.036740 0.030066
0 0.956081 0.216738 0.043074 0.029119
0 0.029772 0.298651 0.058699 0.031487
0 0.919764 0.242779 0.040541 0.022964
0 0.958826 0.242779 0.039274 0.023438
0 0.031883 0.256629 0.055321 0.050663
0 0.601985 0.267401 0.062922 0.050900
0 0.533150 0.264441 0.074747 0.053977
0 0.433066 0.257339 0.054476 0.052083
0 0.351985 0.254025 0.060389 0.050663
0 0.279983 0.306463 0.086149 0.041430
0 0.193412 0.306463 0.088682 0.042377
0 0.279139 0.261245 0.075169 0.048059
0 0.191723 0.258523 0.085304 0.049716
0 0.097973 0.303385 0.067568 0.033381
0 0.370355 0.304569 0.051520 0.040956
0 0.989231 0.244318 0.021537 0.026042
0 0.519637 0.203717 0.056166 0.035748
0 0.586360 0.215080 0.053632 0.031487
0 0.934122 0.744200 0.085304 0.029593
0 0.036318 0.101799 0.071791 0.048769
0 0.109164 0.111742 0.073902 0.039773
0 0.187289 0.116596 0.076436 0.051373
0 0.038640 0.153291 0.073057 0.048059
0 0.110220 0.155185 0.070946 0.043797
0 0.197424 0.164891 0.083193 0.041903
0 0.277660 0.133523 0.055321 0.053030
0 0.336993 0.137666 0.064189 0.044271
0 0.394426 0.146070 0.051520 0.052083
0 0.455870 0.154001 0.063767 0.044271
0 0.643370 0.216501 0.057855 0.029593
0 0.516470 0.161813 0.059122 0.045691
0 0.334459 0.185488 0.049831 0.040009
0 0.476985 0.309896 0.046030 0.036932
0 0.395270 0.191170 0.044764 0.040483
0 0.450591 0.195668 0.063345 0.031960
0 0.581926 0.175426 0.066723 0.045928
0 0.646748 0.182765 0.056166 0.037879
0 0.699958 0.186198 0.048564 0.042850
0 0.747466 0.193063 0.046453 0.041903
0 0.791174 0.198982 0.037584 0.032434
0 0.828547 0.202178 0.038007 0.037879
0 0.866976 0.205374 0.040541 0.031960
0 0.281883 0.183120 0.054476 0.043797
0 0.533995 0.311198 0.062922 0.034328
0 0.832559 0.759706 0.102618 0.023674
0 0.663640 0.318182 0.058699 0.038352
0 0.514780 0.908262 0.072635 0.102509
0 0.585304 0.889560 0.065034 0.064631
0 0.647593 0.876420 0.057855 0.089489
0 0.708193 0.850616 0.065034 0.060606
0 0.773226 0.824574 0.050676 0.077178
0 0.851774 0.806581 0.084459 0.061080
0 0.936867 0.789418 0.078970 0.056108
0 0.911740 0.564394 0.086149 0.024148
0 0.916596 0.601207 0.056166 0.032434
0 0.858742 0.598958 0.062922 0.036932
0 0.752111 0.592685 0.108953 0.016809
0 0.443834 0.924242 0.066723 0.070076
0 0.759291 0.623106 0.065878 0.040246
0 0.603252 0.603456 0.096706 0.028409
0 0.529772 0.650687 0.080659 0.036695
0 0.515203 0.612098 0.060811 0.031013
0 0.451647 0.660748 0.073902 0.042140
0 0.430532 0.620502 0.097551 0.036932
0 0.379645 0.686790 0.070101 0.023201
0 0.376056 0.657552 0.078970 0.023911
0 0.276816 0.689986 0.119510 0.046638
0 0.265836 0.636955 0.136402 0.042377
0 0.151605 0.705966 0.127534 0.051610
0 0.141047 0.651870 0.115709 0.049953
0 0.694257 0.626776 0.063345 0.033381
0 0.040752 0.723840 0.080659 0.058002
0 0.353252 0.916075 0.096706 0.069366
0 0.961360 0.642992 0.040118 0.026515
0 0.962204 0.592803 0.037584 0.026989
0 0.984797 0.558475 0.030405 0.036932
0 0.139358 0.789891 0.112331 0.040009
0 0.157517 0.834162 0.130912 0.040009
0 0.257601 0.771425 0.115709 0.042377
0 0.275127 0.816761 0.102618 0.039299
0 0.354941 0.749290 0.079814 0.037879
0 0.435811 0.732244 0.068412 0.037879
0 0.372255 0.795336 0.077280 0.040956
0 0.457137 0.779593 0.076436 0.048769
0 0.523438 0.726207 0.095017 0.032907
0 0.234375 0.949100 0.130068 0.061080
0 0.534417 0.767519 0.081503 0.036932
0 0.670186 0.696615 0.089527 0.032907
0 0.693201 0.736742 0.079814 0.036932
0 0.761402 0.684422 0.087838 0.035511
0 0.771959 0.721236 0.070101 0.035275
0 0.831081 0.662524 0.051520 0.028646
0 0.877111 0.657552 0.038851 0.031013
0 0.838049 0.701823 0.052787 0.035748
0 0.597128 0.311435 0.062500 0.034801
0 0.886402 0.690341 0.039696 0.027462
0 0.930743 0.680279 0.031250 0.031960
0 0.966216 0.671875 0.041385 0.027462
0 0.614231 0.748816 0.074747 0.034091
0 0.043074 0.674006 0.077703 0.041667
0 0.617399 0.640270 0.071791 0.033381
0 0.961149 0.506392 0.036318 0.028883
0 0.908784 0.418916 0.088682 0.028646
0 0.907939 0.387311 0.082770 0.029356
0 0.826858 0.423651 0.065034 0.030540
0 0.830870 0.388849 0.069679 0.037169
0 0.751900 0.425900 0.077280 0.030303
0 0.648226 0.534328 0.027872 0.035511
0 0.688345 0.426491 0.043074 0.031487
0 0.630912 0.426255 0.064189 0.035748
0 0.630279 0.384351 0.079814 0.038116
0 0.563345 0.428977 0.065034 0.036458
0 0.483953 0.435133 0.081081 0.041193
0 0.388302 0.436198 0.083193 0.043324
0 0.554688 0.385653 0.060389 0.043087
0 0.474240 0.387666 0.079392 0.049006
0 0.386191 0.387311 0.087416 0.048769
0 0.258446 0.439276 0.148649 0.044744
0 0.258235 0.386245 0.148226 0.056581
0 0.720650 0.321378 0.054476 0.031487
0 0.772382 0.319247 0.048142 0.033381
0 0.736275 0.280658 0.059544 0.044744
0 0.802576 0.285630 0.056166 0.034801
0 0.855363 0.290365 0.038429 0.031960
0 0.896537 0.292495 0.042230 0.036222
0 0.974240 0.391098 0.048142 0.036932
0 0.943412 0.292969 0.052365 0.033854
0 0.860853 0.322798 0.032517 0.030540
0 0.902872 0.324100 0.037162 0.022727
0 0.942356 0.324219 0.037584 0.024858
0 0.659417 0.279001 0.041807 0.036695
0 0.093539 0.394531 0.182855 0.041430
0 0.093961 0.439867 0.176098 0.046402
0 0.819046 0.321851 0.045186 0.033381
0 0.084459 0.561553 0.157939 0.090909
0 0.749367 0.387666 0.089949 0.040009
0 0.361909 0.509706 0.082770 0.047822
0 0.961993 0.475379 0.032939 0.028409
0 0.908784 0.512429 0.060811 0.026278
0 0.910262 0.484020 0.065456 0.030066
0 0.838049 0.520597 0.064611 0.025095
0 0.837416 0.491004 0.064189 0.032670
0 0.766681 0.528646 0.062922 0.026515
0 0.700380 0.537642 0.071368 0.027462
0 0.247677 0.546165 0.140625 0.089489
0 0.698269 0.505208 0.057855 0.031250
0 0.602196 0.539773 0.059122 0.042140
0 0.534417 0.544744 0.067990 0.034091
0 0.646115 0.492424 0.041385 0.037879
0 0.584671 0.493608 0.072213 0.047348
0 0.519426 0.498343 0.055743 0.042140
0 0.767103 0.498343 0.077280 0.030303
0 0.368666 0.558120 0.087838 0.038589
0 0.445312 0.504498 0.078970 0.058712
0 0.449535 0.556937 0.073902 0.042377
