0 0.636234 0.198836 0.057598 0.128676
0 0.163807 0.345588 0.022059 0.070466
0 0.188113 0.346507 0.023284 0.072304
0 0.214869 0.342678 0.026961 0.080576
0 0.236520 0.348499 0.016340 0.071385
0 0.267565 0.349418 0.040850 0.073223
0 0.304943 0.355086 0.015114 0.068015
0 0.327002 0.357077 0.024101 0.071998
0 0.352124 0.357996 0.022876 0.071385
0 0.372345 0.357996 0.014297 0.071385
0 0.397876 0.360141 0.024510 0.068321
0 0.464869 0.362132 0.019608 0.077206
0 0.493873 0.346201 0.035131 0.111520
0 0.420752 0.360141 0.016340 0.073223
0 0.538807 0.349571 0.051471 0.113358
0 0.588235 0.346814 0.043301 0.117647
0 0.637459 0.366575 0.048611 0.093444
0 0.683211 0.369026 0.037990 0.090993
0 0.723856 0.373009 0.040033 0.087316
0 0.137663 0.342678 0.025327 0.068934
0 0.113154 0.343290 0.022059 0.070159
0 0.089461 0.341146 0.021242 0.068321
0 0.062092 0.339154 0.023693 0.064338
0 0.095997 0.255974 0.037582 0.020527
0 0.135825 0.241728 0.038807 0.049020
0 0.201185 0.240196 0.030637 0.050858
0 0.229984 0.257966 0.023693 0.014093
0 0.009804 0.245864 0.019608 0.048100
0 0.267565 0.200061 0.044118 0.128676
0 0.313113 0.239124 0.034722 0.050551
0 0.349469 0.222886 0.034722 0.084252
0 0.388889 0.223499 0.040850 0.085478
0 0.430556 0.208180 0.035948 0.106924
0 0.468750 0.197457 0.037173 0.132659
0 0.517361 0.201900 0.055964 0.125000
0 0.576593 0.199755 0.059232 0.125613
0 0.952410 0.852788 0.039624 0.173100
0 0.700163 0.181526 0.066993 0.162071
0 0.757353 0.211397 0.044118 0.099265
0 0.834355 0.212776 0.091095 0.099571
0 0.019608 0.336703 0.022059 0.064338
0 0.040645 0.339461 0.015114 0.062500
0 0.770016 0.368107 0.044935 0.103248
0 0.820261 0.369485 0.047386 0.108456
0 0.007966 0.456648 0.015931 0.053615
0 0.032271 0.462776 0.030229 0.059130
0 0.359069 0.603401 0.040850 0.059130
0 0.409722 0.606771 0.044935 0.059130
0 0.482230 0.626225 0.051062 0.079044
0 0.543913 0.633425 0.045343 0.067096
0 0.588848 0.645527 0.029820 0.070466
0 0.632149 0.656403 0.051879 0.094669
0 0.698938 0.657322 0.056373 0.086703
0 0.760008 0.669271 0.059232 0.089154
0 0.807190 0.680913 0.029412 0.063419
0 0.870711 0.649969 0.033088 0.151042
0 0.904616 0.651195 0.030637 0.154718
0 0.946078 0.655637 0.049020 0.144608
0 0.022467 0.609222 0.038399 0.059130
0 0.063930 0.622243 0.033088 0.052083
0 0.095997 0.631127 0.022059 0.045956
0 0.168096 0.635723 0.015114 0.029412
0 0.193832 0.655944 0.032271 0.045956
0 0.231005 0.669730 0.037173 0.047794
0 0.313317 0.683824 0.028595 0.045343
0 0.325163 0.589308 0.023693 0.057292
0 0.047386 0.258732 0.040850 0.024203
0 0.281863 0.588848 0.040850 0.060662
0 0.184641 0.564645 0.026144 0.060662
0 0.074755 0.461244 0.012255 0.056066
0 0.141340 0.476562 0.049837 0.072610
0 0.234273 0.481924 0.013480 0.052696
0 0.247141 0.480852 0.009804 0.062194
0 0.272263 0.492034 0.037990 0.070466
0 0.334150 0.497549 0.029412 0.064951
0 0.369485 0.494638 0.037173 0.075674
0 0.407884 0.500613 0.031454 0.075368
0 0.445057 0.506587 0.037173 0.075674
0 0.486111 0.513021 0.041667 0.081801
0 0.549837 0.518076 0.048203 0.079657
0 0.621732 0.521752 0.040850 0.077819
0 0.659518 0.527727 0.028186 0.084865
0 0.705678 0.538603 0.060866 0.092525
0 0.767770 0.547028 0.055964 0.090380
0 0.815768 0.554688 0.035131 0.091605
0 0.014502 0.541973 0.029003 0.052083
0 0.039420 0.542739 0.012663 0.044424
0 0.064134 0.547181 0.033497 0.050858
0 0.224469 0.567708 0.033088 0.063113
0 0.977737 0.369026 0.044526 0.197610
0 0.924632 0.371630 0.047794 0.208946
0 0.424224 0.808824 0.073938 0.096814
0 0.418301 0.722580 0.043301 0.065870
0 0.472222 0.720588 0.044118 0.066789
0 0.524101 0.730852 0.042484 0.073223
0 0.613971 0.758272 0.047386 0.056985
0 0.743056 0.791513 0.047386 0.071998
0 0.787786 0.796875 0.026552 0.066176
0 0.704044 0.747243 0.025735 0.049632
0 0.020425 0.659467 0.040850 0.036458
0 0.914216 0.853248 0.031046 0.162377
0 0.880106 0.846814 0.031454 0.151961
0 0.843750 0.835325 0.036356 0.147365
0 0.638276 0.875613 0.140114 0.145833
0 0.512051 0.842984 0.076389 0.106311
0 0.050449 0.706342 0.100899 0.054841
0 0.323529 0.802543 0.115196 0.048100
0 0.350286 0.692708 0.039624 0.053922
0 0.271038 0.750613 0.161356 0.051471
0 0.146242 0.727482 0.084967 0.071385
