0 0.337760 0.248828 0.025521 0.082031
0 0.452865 0.249023 0.040104 0.094141
0 0.515365 0.246484 0.041146 0.098437
0 0.417969 0.247656 0.028646 0.097656
0 0.287240 0.243555 0.032813 0.098828
0 0.090104 0.758203 0.028125 0.039062
0 0.219792 0.800586 0.020833 0.059766
0 0.190625 0.798047 0.030208 0.039844
0 0.150521 0.779102 0.033333 0.038672
0 0.117448 0.777344 0.029687 0.044531
0 0.585417 0.248828 0.036458 0.100000
0 0.247917 0.810742 0.038542 0.073047
0 0.736979 0.243164 0.038542 0.116016
0 0.626302 0.932422 0.040104 0.066406
0 0.949479 0.255664 0.078125 0.089453
0 0.948958 0.836914 0.046875 0.062109
0 0.892708 0.814648 0.061458 0.101953
0 0.752344 0.773438 0.052604 0.072656
0 0.702865 0.766211 0.049479 0.085547
0 0.649479 0.752148 0.051042 0.058203
0 0.601042 0.743359 0.045833 0.075781
0 0.524479 0.714648 0.035417 0.044141
0 0.403125 0.686914 0.041667 0.052734
0 0.258333 0.656250 0.041667 0.064844
0 0.160156 0.625586 0.063021 0.052734
0 0.090104 0.605859 0.032292 0.061719
0 0.063281 0.604883 0.020313 0.062109
0 0.040365 0.595117 0.017188 0.049609
0 0.019792 0.591406 0.026042 0.055469
0 0.760417 0.970898 0.040625 0.058203
0 0.708594 0.972852 0.042188 0.049609
0 0.047396 0.129492 0.047917 0.069141
0 0.665365 0.957227 0.039062 0.076172
0 0.583073 0.925391 0.045312 0.082031
0 0.536198 0.916992 0.048438 0.066016
0 0.498698 0.903320 0.026562 0.066797
0 0.461719 0.885352 0.034896 0.061328
0 0.417969 0.869141 0.041146 0.053125
0 0.381510 0.860547 0.031771 0.071094
0 0.349479 0.848047 0.031250 0.047656
0 0.314844 0.836328 0.039062 0.073438
0 0.280990 0.818359 0.025521 0.055469
0 0.875781 0.255469 0.067187 0.088281
0 0.258854 0.241406 0.025000 0.098437
0 0.608333 0.382227 0.035417 0.082422
0 0.210156 0.256836 0.035937 0.064453
0 0.598437 0.520312 0.046875 0.096875
0 0.505469 0.503125 0.041146 0.070312
0 0.458854 0.503906 0.048958 0.068750
0 0.278385 0.461719 0.038021 0.051562
0 0.207552 0.449609 0.029687 0.058594
0 0.175521 0.446094 0.032292 0.064844
0 0.140885 0.441016 0.024479 0.059375
0 0.112500 0.440820 0.032292 0.060547
0 0.083594 0.436133 0.024479 0.052734
0 0.058333 0.433203 0.026042 0.057031
0 0.895833 0.679883 0.051042 0.075391
0 0.843750 0.672461 0.053125 0.089453
0 0.769271 0.665234 0.047917 0.064062
0 0.710417 0.654883 0.059375 0.068359
0 0.658073 0.645312 0.041146 0.067187
0 0.606250 0.633008 0.043750 0.073047
0 0.515625 0.615430 0.033333 0.069141
0 0.480469 0.612891 0.038021 0.071094
0 0.305729 0.572461 0.020833 0.065234
0 0.280729 0.572070 0.027083 0.065234
0 0.244271 0.549414 0.020833 0.049609
0 0.210938 0.544727 0.038542 0.060547
0 0.167187 0.534570 0.032292 0.051172
0 0.129167 0.524609 0.039583 0.042969
0 0.094271 0.516602 0.031250 0.046484
0 0.641406 0.525977 0.042188 0.085547
0 0.700521 0.531641 0.054167 0.092969
0 0.755469 0.541211 0.054688 0.073047
0 0.915104 0.545312 0.050000 0.096094
0 0.149740 0.254492 0.030729 0.071484
0 0.115365 0.255664 0.038021 0.069922
0 0.084375 0.254102 0.022917 0.067578
0 0.033594 0.256445 0.034896 0.063672
0 0.927604 0.402734 0.061458 0.099219
0 0.866406 0.400000 0.060937 0.102344
0 0.731771 0.389258 0.048958 0.078516
0 0.686458 0.382812 0.041667 0.090625
0 0.645052 0.381250 0.039062 0.083594
0 0.064844 0.753125 0.021354 0.044531
0 0.570833 0.380078 0.040625 0.078125
0 0.538281 0.381836 0.024479 0.074609
0 0.236458 0.241016 0.016667 0.096875
0 0.509375 0.376563 0.033333 0.067969
0 0.447656 0.369727 0.038021 0.078516
0 0.414323 0.369727 0.027604 0.076953
0 0.387760 0.368164 0.023438 0.073047
0 0.363281 0.362891 0.027604 0.081250
0 0.338281 0.360938 0.024479 0.076563
0 0.312240 0.365625 0.023438 0.070312
0 0.286198 0.365234 0.030729 0.072656
0 0.232813 0.357031 0.072917 0.089844
0 0.182812 0.353906 0.030208 0.083594
0 0.121094 0.353906 0.026562 0.065625
0 0.088281 0.347266 0.035937 0.078906
0 0.970052 0.549805 0.057813 0.087109
0 0.480208 0.370312 0.026042 0.078906
0 0.038802 0.748242 0.024479 0.041797
0 0.028906 0.511328 0.031771 0.057031
0 0.590625 0.076758 0.050000 0.103516
0 0.404948 0.091797 0.054688 0.094531
0 0.452344 0.082617 0.036979 0.112891
0 0.255990 0.101953 0.034896 0.100000
0 0.639062 0.069336 0.046875 0.123047
0 0.692448 0.060742 0.058854 0.108203
0 0.745052 0.064648 0.047396 0.101953
0 0.889323 0.074609 0.157812 0.085156
0 0.020313 0.698633 0.032292 0.051953
0 0.178385 0.111328 0.050521 0.085156
0 0.135417 0.117578 0.035417 0.073438
0 0.101562 0.120117 0.029167 0.078516
0 0.361979 0.094141 0.030208 0.099219
0 0.063021 0.514844 0.033333 0.050781
