0 0.840625 0.463477 0.072917 0.084766
0 0.414062 0.566602 0.083333 0.027734
0 0.320312 0.570703 0.087500 0.024219
0 0.332031 0.615234 0.095312 0.054688
0 0.966927 0.453320 0.066146 0.033984
0 0.109375 0.618555 0.116667 0.062891
0 0.028125 0.593945 0.043750 0.106641
0 0.966927 0.488086 0.066146 0.026172
0 0.421875 0.610742 0.082292 0.051172
0 0.227344 0.614258 0.116146 0.058203
0 0.487760 0.588086 0.048438 0.094922
0 0.613021 0.453711 0.048958 0.097266
0 0.589583 0.163281 0.085417 0.041406
0 0.584115 0.119336 0.074479 0.041797
0 0.517188 0.149805 0.053125 0.071484
0 0.462240 0.133594 0.048438 0.108594
0 0.412760 0.132812 0.048438 0.108594
0 0.355469 0.131055 0.065104 0.111328
0 0.299740 0.132227 0.049479 0.112109
0 0.239583 0.138086 0.063542 0.103516
0 0.183333 0.141211 0.046875 0.110547
0 0.134115 0.142969 0.053646 0.108594
0 0.775781 0.441016 0.048438 0.114844
0 0.689583 0.128906 0.109375 0.111719
0 0.721094 0.440039 0.060937 0.112891
0 0.333073 0.461914 0.094271 0.098047
0 0.892708 0.145313 0.122917 0.068750
0 0.533854 0.585156 0.044792 0.089063
0 0.242188 0.465234 0.087500 0.091406
0 0.132292 0.469531 0.123958 0.096875
0 0.036198 0.467383 0.066146 0.100391
0 0.967708 0.300391 0.064583 0.099219
0 0.902604 0.296680 0.065625 0.106641
0 0.840625 0.310547 0.057292 0.083594
0 0.786198 0.300781 0.050521 0.103125
0 0.730208 0.311719 0.056250 0.091406
0 0.666146 0.340039 0.069792 0.037109
0 0.667969 0.300195 0.069271 0.034766
0 0.592708 0.339648 0.069792 0.038672
0 0.594271 0.299023 0.076042 0.037109
0 0.530469 0.311523 0.050521 0.101172
0 0.479167 0.311719 0.050000 0.100781
0 0.429167 0.312695 0.052083 0.103516
0 0.373698 0.315039 0.050521 0.098047
0 0.318490 0.305469 0.054688 0.117969
0 0.263021 0.315625 0.050000 0.093750
0 0.210417 0.320703 0.056250 0.102344
0 0.152344 0.322656 0.058854 0.098437
0 0.096094 0.323828 0.048438 0.098437
0 0.042708 0.323828 0.056250 0.098437
0 0.784375 0.147461 0.085417 0.064453
0 0.584115 0.581641 0.055729 0.096094
0 0.875781 0.712695 0.044271 0.055859
0 0.692187 0.574219 0.057292 0.098437
0 0.167187 0.829492 0.043750 0.085547
0 0.213542 0.831445 0.050000 0.044141
0 0.258594 0.827344 0.040104 0.092188
0 0.664062 0.451367 0.052083 0.091797
0 0.346875 0.827930 0.044792 0.084766
0 0.392708 0.824805 0.046875 0.081641
0 0.436458 0.822266 0.041667 0.086719
0 0.478906 0.820508 0.043229 0.082422
0 0.519531 0.822266 0.038021 0.079687
0 0.560417 0.820117 0.043750 0.076953
0 0.602083 0.819531 0.040625 0.078125
0 0.642448 0.820117 0.041146 0.079297
0 0.684375 0.816016 0.041667 0.087500
0 0.723958 0.814453 0.037500 0.084375
0 0.765625 0.817578 0.047917 0.077344
0 0.832552 0.819336 0.079687 0.082422
0 0.904167 0.813281 0.062500 0.095312
0 0.963802 0.809375 0.056771 0.089063
0 0.078385 0.966992 0.057813 0.066016
0 0.126042 0.968750 0.037500 0.062500
0 0.176823 0.967578 0.056771 0.064844
0 0.080729 0.142187 0.050000 0.103906
0 0.027604 0.142187 0.052083 0.102344
0 0.111719 0.844922 0.056771 0.065625
0 0.050781 0.846680 0.063021 0.060547
0 0.071615 0.797656 0.041146 0.024219
0 0.974740 0.695703 0.050521 0.075000
0 0.758854 0.575195 0.072917 0.094922
0 0.829427 0.596289 0.053646 0.077734
0 0.891146 0.591211 0.068750 0.088672
0 0.960417 0.591016 0.069792 0.088281
0 0.025000 0.730273 0.043750 0.086328
0 0.087240 0.728320 0.084896 0.087891
0 0.157031 0.723828 0.045312 0.085156
0 0.202083 0.720313 0.042708 0.084375
0 0.247135 0.719336 0.046354 0.081641
0 0.292969 0.718359 0.045312 0.083594
0 0.338802 0.716797 0.047396 0.081250
0 0.638281 0.578516 0.051562 0.089844
0 0.388802 0.709375 0.054688 0.094531
0 0.485938 0.705664 0.047917 0.087109
0 0.533073 0.697266 0.043229 0.080469
0 0.580990 0.703125 0.049479 0.085156
0 0.627344 0.702148 0.043229 0.089453
0 0.670573 0.699414 0.046354 0.080078
0 0.716927 0.687695 0.042188 0.067578
0 0.765104 0.700781 0.046875 0.075781
0 0.818229 0.722070 0.060417 0.033203
0 0.820312 0.687695 0.051042 0.032422
0 0.409115 0.466016 0.053646 0.082812
0 0.923177 0.712109 0.049479 0.053125
0 0.439583 0.705273 0.044792 0.087109
0 0.486719 0.478516 0.103646 0.057031
0 0.301302 0.830273 0.046354 0.080078
0 0.527865 0.957422 0.039062 0.068750
0 0.695052 0.948242 0.041146 0.074609
0 0.647135 0.951953 0.053646 0.067187
0 0.602083 0.953125 0.037500 0.069531
0 0.565625 0.954102 0.034375 0.066797
0 0.566146 0.456641 0.044792 0.090625
0 0.489844 0.957617 0.040104 0.068359
0 0.448958 0.963086 0.037500 0.072266
0 0.408333 0.964648 0.039583 0.070703
0 0.366406 0.964453 0.042188 0.067969
0 0.323177 0.965430 0.045312 0.067578
0 0.280729 0.966406 0.037500 0.067187
0 0.231510 0.971289 0.053646 0.057422
0 0.924479 0.928516 0.070833 0.082812
0 0.980469 0.922266 0.039062 0.072656
0 0.747135 0.944336 0.055729 0.068359
0 0.835677 0.930664 0.101562 0.079297
