0 0.843869 0.610256 0.106939 0.075000
0 0.268061 0.385096 0.048004 0.070192
0 0.207700 0.387179 0.065114 0.074359
0 0.136526 0.386378 0.066302 0.079808
0 0.045390 0.326122 0.065589 0.030449
0 0.052875 0.383173 0.071055 0.078526
0 0.947956 0.612340 0.098859 0.076603
0 0.944867 0.529006 0.101711 0.081090
0 0.838522 0.531410 0.103375 0.078846
0 0.706274 0.617949 0.055133 0.058333
0 0.762833 0.617788 0.055608 0.058013
0 0.751188 0.558013 0.055608 0.053846
0 0.687975 0.557532 0.061787 0.057372
0 0.754278 0.506571 0.058460 0.036218
0 0.691065 0.505929 0.062738 0.037500
0 0.648883 0.616506 0.058222 0.060577
0 0.588284 0.616186 0.056797 0.059936
0 0.633199 0.558654 0.041112 0.050000
0 0.581630 0.555769 0.054420 0.056410
0 0.518417 0.606731 0.060124 0.082692
0 0.513427 0.546795 0.050143 0.031410
0 0.444392 0.609455 0.077471 0.073397
0 0.373931 0.608494 0.061549 0.071474
0 0.305846 0.608494 0.068916 0.074038
0 0.285884 0.306410 0.054658 0.064744
0 0.234434 0.609936 0.069629 0.076923
0 0.322481 0.384455 0.058935 0.071474
0 0.394606 0.302724 0.061549 0.088782
0 0.484553 0.963622 0.061787 0.071474
0 0.559054 0.964583 0.078184 0.070833
0 0.856107 0.958333 0.080561 0.053846
0 0.761407 0.964263 0.088878 0.068269
0 0.658864 0.964583 0.112405 0.070833
0 0.081987 0.522596 0.078897 0.049038
0 0.917300 0.352083 0.106464 0.043269
0 0.928826 0.404968 0.115257 0.058654
0 0.837215 0.348718 0.049905 0.049359
0 0.783270 0.347917 0.050856 0.054167
0 0.842205 0.401282 0.052757 0.051282
0 0.785528 0.401603 0.057272 0.050000
0 0.727186 0.399359 0.055133 0.049359
0 0.664211 0.357212 0.025190 0.036218
0 0.624049 0.347115 0.051806 0.052564
0 0.670865 0.401282 0.053232 0.048718
0 0.616207 0.401122 0.054658 0.055449
0 0.559886 0.391506 0.052757 0.075321
0 0.506535 0.389904 0.051093 0.072115
0 0.450333 0.388141 0.054658 0.068590
0 0.511169 0.305609 0.051331 0.084936
0 0.455323 0.305769 0.052281 0.090385
0 0.382842 0.387019 0.061312 0.074038
0 0.338165 0.307692 0.040875 0.076923
0 0.156488 0.609615 0.080561 0.071154
0 0.626307 0.511699 0.054895 0.029808
0 0.377258 0.533333 0.068203 0.073077
0 0.785765 0.190865 0.057747 0.046474
0 0.727186 0.187981 0.056559 0.047756
0 0.671103 0.187981 0.053707 0.047756
0 0.849810 0.137821 0.058935 0.060256
0 0.789330 0.138622 0.053945 0.056731
0 0.733246 0.132692 0.056321 0.059615
0 0.448313 0.533494 0.069154 0.075321
0 0.509625 0.120994 0.046340 0.038782
0 0.609672 0.135417 0.057747 0.043269
0 0.613831 0.186058 0.062262 0.049038
0 0.553232 0.179808 0.049905 0.066026
0 0.842324 0.193750 0.054895 0.044551
0 0.499644 0.177083 0.057272 0.067628
0 0.378446 0.173237 0.056321 0.065064
0 0.319154 0.174038 0.055608 0.061538
0 0.264615 0.178526 0.046340 0.058333
0 0.443679 0.098718 0.059886 0.069872
0 0.377139 0.103045 0.057510 0.068910
0 0.320817 0.114263 0.046103 0.052244
0 0.262833 0.114583 0.051806 0.058013
0 0.203066 0.170994 0.059648 0.063141
0 0.129634 0.166346 0.064876 0.066026
0 0.055965 0.166667 0.070105 0.061538
0 0.054539 0.094872 0.065352 0.072436
0 0.438926 0.173558 0.055608 0.068269
0 0.897933 0.193590 0.053470 0.049359
0 0.675024 0.133814 0.053945 0.057372
0 0.055371 0.744712 0.070817 0.077244
0 0.307391 0.532372 0.066778 0.071154
0 0.236336 0.532532 0.069629 0.071474
0 0.162429 0.532372 0.069154 0.078205
0 0.060599 0.834776 0.070342 0.090705
0 0.869534 0.786058 0.129278 0.179167
0 0.749406 0.834776 0.104800 0.090705
0 0.640566 0.831891 0.108603 0.089423
0 0.532082 0.831250 0.105989 0.086218
0 0.747861 0.741506 0.108840 0.090064
0 0.638902 0.740064 0.107177 0.089744
0 0.531012 0.737821 0.101949 0.090385
0 0.072956 0.624359 0.066065 0.147436
0 0.367395 0.740705 0.072243 0.088462
0 0.442966 0.744872 0.070817 0.082051
0 0.138308 0.750962 0.073194 0.062821
0 0.216730 0.751763 0.076046 0.076603
0 0.137595 0.832853 0.064639 0.086859
0 0.209007 0.837660 0.071530 0.081731
0 0.291469 0.746314 0.065827 0.077885
0 0.282795 0.839423 0.075570 0.085256
0 0.360623 0.832692 0.071530 0.089103
0 0.436431 0.832853 0.076283 0.091346
