0 0.117494 0.478962 0.026042 0.106618
0 0.250460 0.410131 0.030944 0.109477
0 0.215686 0.409314 0.034314 0.109477
0 0.168505 0.338440 0.043505 0.112337
0 0.122089 0.332312 0.033395 0.108252
0 0.049479 0.334559 0.046262 0.116830
0 0.012408 0.330270 0.024816 0.122141
0 0.871017 0.295139 0.012868 0.073121
0 0.857996 0.295547 0.009498 0.066585
0 0.846201 0.291462 0.011029 0.069036
0 0.833946 0.291667 0.011642 0.067810
0 0.823529 0.291462 0.009191 0.065768
0 0.813266 0.294322 0.011949 0.072304
0 0.799479 0.291462 0.011949 0.078023
0 0.785539 0.287582 0.015931 0.073529
0 0.771446 0.285131 0.012868 0.077614
0 0.284773 0.408088 0.032782 0.109477
0 0.316483 0.409722 0.030025 0.103758
0 0.346967 0.406658 0.026654 0.100899
0 0.374540 0.406250 0.027267 0.101716
0 0.737592 0.398080 0.011949 0.072304
0 0.723805 0.396242 0.014400 0.073529
0 0.707874 0.397876 0.016850 0.075980
0 0.692249 0.398489 0.015012 0.075572
0 0.676164 0.397263 0.017770 0.077206
0 0.659926 0.397672 0.014706 0.076389
0 0.641850 0.398489 0.017770 0.084559
0 0.757966 0.285743 0.011642 0.077206
0 0.624387 0.400123 0.017157 0.083742
0 0.547181 0.417688 0.020833 0.054330
0 0.528339 0.414420 0.015625 0.058415
0 0.506893 0.402778 0.022978 0.093137
0 0.480545 0.404003 0.025429 0.089052
0 0.455729 0.406863 0.023591 0.094771
0 0.429381 0.405637 0.024203 0.092320
0 0.402574 0.405229 0.027574 0.098039
0 0.608456 0.400123 0.012868 0.081291
0 0.750766 0.395425 0.013174 0.069444
0 0.743719 0.285539 0.017463 0.075980
0 0.715533 0.281046 0.013787 0.081699
0 0.096354 0.166258 0.038909 0.118464
0 0.053462 0.162786 0.042586 0.114788
0 0.014246 0.154208 0.028493 0.124592
0 0.731618 0.178309 0.011642 0.046977
0 0.748775 0.175245 0.015931 0.044935
0 0.749540 0.133374 0.017463 0.042075
0 0.736673 0.129698 0.010110 0.045343
0 0.718750 0.126021 0.016544 0.047794
0 0.713542 0.173407 0.025735 0.044526
0 0.687040 0.153799 0.013787 0.069036
0 0.662837 0.122549 0.025429 0.023693
0 0.661918 0.157680 0.016238 0.046569
0 0.865349 0.473652 0.007659 0.063317
0 0.611520 0.143178 0.023284 0.056781
0 0.582108 0.144608 0.017157 0.040850
0 0.137868 0.173815 0.037377 0.108252
0 0.174173 0.176675 0.034007 0.118056
0 0.216146 0.230801 0.035233 0.116013
0 0.251991 0.235294 0.034007 0.104575
0 0.699142 0.280637 0.012868 0.080882
0 0.683977 0.279820 0.019301 0.082516
0 0.665901 0.279208 0.015012 0.078023
0 0.649816 0.275531 0.015319 0.082925
0 0.629749 0.276757 0.021140 0.085376
0 0.611979 0.273897 0.015012 0.089461
0 0.545650 0.333538 0.025735 0.098448
0 0.728248 0.285539 0.011642 0.071078
0 0.582414 0.360907 0.036152 0.097631
0 0.460784 0.258170 0.026961 0.100490
0 0.433977 0.256332 0.028493 0.095997
0 0.407935 0.251838 0.022365 0.103350
0 0.379442 0.249183 0.034007 0.094771
0 0.350031 0.243056 0.023591 0.103758
0 0.318781 0.243464 0.036458 0.100490
0 0.284620 0.237132 0.028186 0.110703
0 0.487898 0.263072 0.026042 0.091503
0 0.764400 0.396855 0.012868 0.069036
0 0.778646 0.395221 0.013787 0.069036
0 0.792586 0.394404 0.011642 0.067402
0 0.861673 0.619690 0.008272 0.053105
0 0.853401 0.621528 0.008885 0.053513
0 0.844210 0.624592 0.008885 0.059641
0 0.834865 0.630719 0.006740 0.056373
0 0.826287 0.632761 0.007966 0.060458
0 0.816330 0.635621 0.011949 0.058824
0 0.864583 0.670752 0.009191 0.044935
0 0.856311 0.672590 0.007353 0.046160
0 0.847426 0.677900 0.009191 0.046977
0 0.839001 0.684232 0.008272 0.044118
0 0.831342 0.686887 0.006434 0.043709
0 0.824755 0.688725 0.006740 0.047386
0 0.816942 0.694853 0.008272 0.053105
0 0.807598 0.694649 0.008578 0.059232
0 0.798100 0.696283 0.009191 0.056781
0 0.870864 0.617851 0.010723 0.055147
0 0.616268 0.690972 0.007659 0.073938
0 0.603860 0.700572 0.017157 0.076797
0 0.502298 0.521650 0.022978 0.091503
0 0.876072 0.472426 0.013787 0.060866
0 0.760417 0.487745 0.014093 0.066993
0 0.747243 0.489583 0.012868 0.069853
0 0.732230 0.491626 0.012868 0.072304
0 0.717678 0.493873 0.011336 0.073529
0 0.704963 0.496119 0.012868 0.071487
0 0.688419 0.499387 0.016544 0.071487
0 0.788450 0.697917 0.010110 0.062500
0 0.672028 0.498570 0.016238 0.070670
0 0.638787 0.506127 0.015931 0.076797
0 0.621936 0.509804 0.015931 0.075980
0 0.604473 0.511438 0.018995 0.073529
0 0.586244 0.512255 0.016238 0.076797
0 0.566330 0.515114 0.018076 0.084967
0 0.543811 0.518178 0.023284 0.086193
0 0.523131 0.517157 0.016238 0.086601
0 0.654718 0.504289 0.016544 0.079657
0 0.778033 0.703840 0.008272 0.057190
0 0.767310 0.705474 0.008885 0.062092
0 0.758425 0.709559 0.008272 0.061275
0 0.091299 0.584559 0.028799 0.102124
0 0.054075 0.598039 0.034620 0.103758
0 0.020527 0.595588 0.031863 0.105392
0 0.176930 0.473039 0.021140 0.102941
0 0.148897 0.475286 0.031863 0.103350
0 0.086244 0.476920 0.032782 0.109886
0 0.051164 0.483864 0.033701 0.114788
0 0.121324 0.583333 0.029412 0.102124
0 0.015931 0.482843 0.031863 0.115196
0 0.869638 0.395629 0.007659 0.061683
0 0.858303 0.393587 0.010110 0.065768
0 0.847733 0.394608 0.009804 0.063725
0 0.837163 0.392361 0.011336 0.065768
0 0.824755 0.393178 0.011642 0.066585
0 0.812194 0.392565 0.009804 0.066176
0 0.802696 0.395833 0.009191 0.067810
0 0.882047 0.393995 0.014093 0.060049
0 0.566176 0.145016 0.011029 0.035948
0 0.151808 0.576593 0.023591 0.095180
0 0.216452 0.558619 0.034007 0.111520
0 0.748315 0.711601 0.010110 0.065359
0 0.844822 0.477941 0.010110 0.066176
0 0.834865 0.478554 0.009191 0.064134
0 0.823376 0.478554 0.011336 0.067402
0 0.811121 0.479984 0.013174 0.064542
0 0.799632 0.482230 0.011029 0.065768
0 0.789062 0.482230 0.010110 0.068219
0 0.179075 0.575368 0.023591 0.096814
0 0.477941 0.524306 0.022672 0.088644
0 0.428615 0.532271 0.022672 0.092320
0 0.403339 0.537582 0.024816 0.096405
0 0.375613 0.538399 0.028799 0.098039
0 0.346507 0.542484 0.025735 0.100490
0 0.317402 0.549428 0.029412 0.102941
0 0.284773 0.549224 0.032782 0.104167
0 0.250000 0.558007 0.031863 0.113562
0 0.453125 0.531250 0.025735 0.093546
0 0.533854 0.125408 0.028493 0.054739
0 0.640778 0.157884 0.024816 0.045343
0 0.507353 0.114788 0.014706 0.070261
0 0.339614 0.786152 0.018689 0.100082
0 0.360600 0.779208 0.021446 0.090278
0 0.380821 0.775531 0.018382 0.097631
0 0.402267 0.770016 0.017770 0.087418
0 0.423100 0.763480 0.015931 0.099673
0 0.439951 0.754698 0.015319 0.090278
0 0.458180 0.751225 0.015012 0.087418
0 0.479320 0.722631 0.020527 0.057190
0 0.497396 0.718137 0.013174 0.068627
0 0.513480 0.709763 0.013480 0.061683
0 0.526654 0.709559 0.009804 0.061275
0 0.538756 0.703840 0.013174 0.056373
0 0.553922 0.700163 0.011642 0.061275
0 0.226103 0.921569 0.028186 0.084967
0 0.253676 0.913603 0.025735 0.095997
0 0.318934 0.791871 0.018382 0.091095
0 0.297335 0.795956 0.018689 0.104984
0 0.276042 0.805760 0.020221 0.097631
0 0.252145 0.816789 0.020221 0.103350
0 0.765012 0.576797 0.007353 0.051471
0 0.776042 0.575163 0.012868 0.049020
0 0.532629 0.085989 0.028493 0.019199
0 0.785846 0.574551 0.007353 0.047794
0 0.805147 0.569036 0.007353 0.046569
0 0.820619 0.565359 0.008272 0.051471
0 0.811734 0.566585 0.006434 0.047386
0 0.277114 0.902982 0.017463 0.084559
0 0.830423 0.560049 0.009498 0.043301
0 0.847426 0.558007 0.006740 0.042484
0 0.861520 0.555556 0.007353 0.044118
0 0.872089 0.550654 0.007659 0.043301
0 0.854473 0.555760 0.006740 0.042075
0 0.139400 0.892361 0.049632 0.035539
0 0.055300 0.907475 0.110600 0.071487
0 0.225797 0.824959 0.027574 0.095997
0 0.839920 0.559436 0.007659 0.046160
0 0.298560 0.895425 0.019301 0.093137
0 0.319700 0.883783 0.018076 0.079657
0 0.342065 0.882353 0.021140 0.082516
0 0.637408 0.687908 0.009498 0.067810
0 0.651654 0.685253 0.017770 0.073938
0 0.665441 0.682802 0.008578 0.071487
0 0.676164 0.680760 0.012255 0.073938
0 0.686121 0.677696 0.008272 0.066993
0 0.700521 0.669730 0.011949 0.067402
0 0.710631 0.669118 0.010110 0.065359
0 0.627451 0.694444 0.011029 0.080065
0 0.722733 0.666667 0.013480 0.070261
0 0.732077 0.727941 0.010110 0.058007
0 0.718750 0.731209 0.011029 0.058824
0 0.707414 0.735703 0.011029 0.063725
0 0.694087 0.740809 0.011949 0.062500
0 0.683364 0.742851 0.010110 0.058415
0 0.672641 0.748979 0.010723 0.064951
0 0.662071 0.751430 0.007353 0.062500
0 0.734988 0.663399 0.007353 0.058824
0 0.756893 0.580065 0.007047 0.049837
0 0.651042 0.754902 0.011029 0.067810
0 0.623928 0.769812 0.013787 0.069036
0 0.361979 0.869485 0.015012 0.078023
0 0.381893 0.865400 0.020527 0.073121
0 0.400429 0.853758 0.016544 0.074346
0 0.419884 0.851920 0.018689 0.066585
0 0.438113 0.837827 0.011642 0.073529
0 0.455270 0.833129 0.015931 0.073938
0 0.477022 0.820057 0.018382 0.083742
0 0.637561 0.763276 0.011642 0.064951
0 0.494792 0.814338 0.012255 0.087010
0 0.525582 0.803922 0.010110 0.089052
0 0.540748 0.792688 0.012868 0.083742
0 0.554075 0.787173 0.011949 0.075980
0 0.567862 0.781454 0.011949 0.085784
0 0.583946 0.775327 0.014093 0.082516
0 0.598039 0.778391 0.014706 0.067402
0 0.611060 0.772467 0.008885 0.064542
0 0.511029 0.809436 0.015319 0.087010
0 0.748162 0.582108 0.007966 0.049837
0 0.795343 0.572304 0.010417 0.049837
0 0.729473 0.585784 0.007353 0.051471
0 0.281556 0.687500 0.017157 0.077614
0 0.260417 0.692606 0.020833 0.073121
0 0.237439 0.699959 0.020833 0.082925
0 0.213235 0.704248 0.022672 0.078431
0 0.739124 0.583742 0.010110 0.048203
0 0.007812 0.737132 0.015625 0.110703
0 0.774969 0.486724 0.014400 0.071487
0 0.055913 0.038807 0.031556 0.065359
0 0.094056 0.036152 0.031863 0.062500
0 0.126838 0.044526 0.031250 0.083333
0 0.157782 0.047386 0.031250 0.079248
0 0.184130 0.048611 0.019608 0.084967
0 0.302237 0.681985 0.017463 0.070670
0 0.222580 0.051675 0.038909 0.082925
0 0.278493 0.059028 0.029412 0.095997
0 0.306219 0.062092 0.025429 0.108660
0 0.341605 0.087418 0.026961 0.057190
0 0.341299 0.047181 0.030637 0.015931
0 0.369179 0.092729 0.025123 0.062908
0 0.391697 0.106822 0.010723 0.052696
0 0.406403 0.104575 0.010110 0.053105
0 0.421569 0.107026 0.015319 0.058007
0 0.440104 0.081904 0.022365 0.118056
0 0.468137 0.117443 0.030025 0.058415
0 0.469516 0.059641 0.029105 0.054739
0 0.492034 0.107435 0.015931 0.083333
0 0.251532 0.055964 0.021446 0.096405
0 0.322917 0.676062 0.019608 0.079248
0 0.036152 0.734886 0.035539 0.120098
0 0.366575 0.667075 0.017463 0.072712
0 0.513174 0.634191 0.014706 0.063317
0 0.528646 0.631944 0.011336 0.063725
0 0.549173 0.627247 0.018076 0.061683
0 0.564951 0.625817 0.012868 0.060458
0 0.577512 0.621528 0.010417 0.053513
0 0.590686 0.617647 0.011642 0.058007
0 0.603401 0.614992 0.011949 0.055964
0 0.615502 0.613766 0.011029 0.056781
0 0.627145 0.610294 0.011029 0.058824
0 0.639400 0.606005 0.010417 0.060049
0 0.649663 0.601920 0.010110 0.054330
0 0.660233 0.602533 0.008578 0.054739
0 0.669884 0.599673 0.011949 0.055556
0 0.680300 0.598243 0.007659 0.057598
0 0.693015 0.593750 0.012868 0.052696
0 0.706801 0.591503 0.009804 0.051471
0 0.718290 0.587418 0.012561 0.052288
0 0.498621 0.637255 0.013174 0.064542
0 0.345435 0.670139 0.021140 0.071487
0 0.855699 0.475490 0.011029 0.061275
0 0.484681 0.639502 0.012868 0.061683
0 0.458027 0.645425 0.007966 0.067810
0 0.443321 0.653186 0.017157 0.068627
0 0.425092 0.654412 0.017463 0.070261
0 0.405790 0.659314 0.018076 0.072712
0 0.385723 0.661152 0.018995 0.068219
0 0.469822 0.643791 0.013174 0.066993
