0 0.878472 0.671415 0.037990 0.107537
0 0.835172 0.668199 0.043709 0.104779
0 0.778799 0.665594 0.055147 0.111213
0 0.688113 0.666973 0.043709 0.099877
0 0.468750 0.663909 0.042075 0.095588
0 0.598652 0.667433 0.037990 0.099571
0 0.556577 0.665441 0.045343 0.099877
0 0.511438 0.665748 0.042484 0.099265
0 0.917892 0.672488 0.040850 0.104779
0 0.642361 0.665135 0.044526 0.101716
0 0.961397 0.676317 0.042892 0.108762
0 0.716503 0.515319 0.052288 0.101103
0 0.099265 0.593444 0.046569 0.087623
0 0.232230 0.557904 0.075572 0.045343
0 0.296160 0.536612 0.053922 0.087929
0 0.341912 0.524816 0.037582 0.095588
0 0.422794 0.534926 0.047386 0.108456
0 0.480596 0.535539 0.059232 0.113358
0 0.535948 0.533701 0.054739 0.114583
0 0.589052 0.530637 0.050654 0.108456
0 0.645833 0.534467 0.042484 0.095895
0 0.764910 0.513327 0.046160 0.098346
0 0.426879 0.662837 0.041667 0.097120
0 0.053717 0.593750 0.042892 0.087623
0 0.385008 0.663603 0.042892 0.096201
0 0.730801 0.666973 0.041667 0.103554
0 0.292279 0.670343 0.041258 0.096814
0 0.830065 0.534773 0.051471 0.102022
0 0.288399 0.829657 0.130719 0.109681
0 0.501430 0.850337 0.059232 0.054228
0 0.551266 0.811275 0.039624 0.098652
0 0.591095 0.808977 0.040850 0.102635
0 0.636234 0.809743 0.048611 0.112745
0 0.678922 0.807598 0.032680 0.115809
0 0.722426 0.822304 0.050245 0.103554
0 0.797998 0.837776 0.037990 0.100184
0 0.856413 0.824449 0.046977 0.097426
0 0.900123 0.826593 0.040441 0.103554
0 0.944036 0.826593 0.044935 0.101716
0 0.983047 0.824908 0.031454 0.103860
0 0.400327 0.799939 0.048203 0.046569
0 0.448734 0.801624 0.043709 0.049939
0 0.451797 0.757966 0.047386 0.035539
0 0.398897 0.757200 0.050245 0.037071
0 0.020425 0.803615 0.035948 0.076593
0 0.060253 0.793658 0.037990 0.061581
0 0.042279 0.699449 0.047794 0.080270
0 0.167279 0.671569 0.044526 0.099265
0 0.207721 0.668658 0.035539 0.103860
0 0.249183 0.667892 0.044935 0.101716
0 0.337010 0.670496 0.048203 0.098346
0 0.877451 0.537071 0.043301 0.106005
0 0.072508 0.283548 0.055147 0.075061
0 0.962623 0.540901 0.038807 0.106924
0 0.415033 0.278186 0.045752 0.096201
0 0.461806 0.278952 0.044526 0.098958
0 0.508578 0.276961 0.048203 0.101716
0 0.555964 0.274816 0.044118 0.095588
0 0.601103 0.274050 0.042892 0.094056
0 0.648897 0.271599 0.046160 0.097733
0 0.699755 0.272212 0.044118 0.097733
0 0.797794 0.269455 0.134804 0.098958
0 0.885825 0.278952 0.038807 0.078738
0 0.980596 0.276042 0.037990 0.075980
0 0.046160 0.158241 0.092320 0.069547
0 0.145833 0.134038 0.107843 0.099571
0 0.275735 0.141391 0.100490 0.083027
0 0.390523 0.128217 0.104575 0.104473
0 0.510621 0.118566 0.124183 0.107843
0 0.640319 0.120404 0.113971 0.107843
0 0.767770 0.121324 0.113971 0.097426
0 0.856413 0.115349 0.054330 0.107537
0 0.914011 0.113051 0.058415 0.103554
0 0.967525 0.114277 0.041258 0.101103
0 0.049632 0.404718 0.039624 0.046569
0 0.089869 0.405484 0.039216 0.045037
0 0.920956 0.539216 0.040441 0.107230
0 0.373366 0.278646 0.035948 0.096507
0 0.327002 0.278186 0.051062 0.094363
0 0.935662 0.276808 0.046977 0.079963
0 0.237745 0.280178 0.040850 0.093444
0 0.035539 0.492647 0.048203 0.091299
0 0.281046 0.278952 0.042484 0.092218
0 0.147672 0.397672 0.046977 0.105392
0 0.194036 0.397825 0.044935 0.105086
0 0.242851 0.397212 0.053513 0.104473
0 0.293913 0.396906 0.046977 0.105086
0 0.357639 0.416360 0.033905 0.071691
0 0.391544 0.417433 0.030637 0.071385
0 0.424428 0.416207 0.034314 0.067708
0 0.463644 0.396293 0.044118 0.108150
0 0.510621 0.395987 0.048203 0.108762
0 0.558824 0.394608 0.047386 0.113358
0 0.081087 0.493566 0.041258 0.089461
0 0.661765 0.392923 0.053105 0.113051
0 0.608660 0.393536 0.053105 0.112439
0 0.196895 0.280178 0.036765 0.094669
0 0.962010 0.390165 0.051471 0.098958
0 0.907680 0.389246 0.057190 0.096507
0 0.146650 0.269455 0.040033 0.113664
0 0.799224 0.392004 0.042892 0.109988
0 0.756127 0.392770 0.041667 0.109069
0 0.711601 0.393995 0.047386 0.110907
0 0.844567 0.390165 0.048611 0.105699
