0 0.015727 0.371324 0.031454 0.125000
0 0.052288 0.367800 0.036765 0.115502
0 0.086806 0.364430 0.031454 0.119792
0 0.117851 0.368873 0.032271 0.128064
0 0.147876 0.341299 0.024510 0.072917
0 0.220792 0.317708 0.042075 0.037990
0 0.458129 0.366728 0.024918 0.024510
0 0.179943 0.343444 0.037990 0.071691
0 0.296160 0.369332 0.022876 0.029105
0 0.342320 0.345129 0.050654 0.072610
0 0.391953 0.361060 0.042075 0.043811
0 0.804739 0.227175 0.026961 0.023591
0 0.428922 0.367188 0.031046 0.030331
0 0.223448 0.360907 0.043301 0.035539
0 0.267770 0.371170 0.033905 0.025429
0 0.203840 0.797181 0.102941 0.059436
0 0.857435 0.679994 0.071895 0.015625
0 0.501430 0.339001 0.057598 0.076900
0 0.900327 0.250306 0.026144 0.072304
0 0.726511 0.782016 0.094363 0.054228
0 0.621732 0.790901 0.108660 0.070159
0 0.513276 0.794730 0.101716 0.059436
0 0.745711 0.215074 0.055147 0.045343
0 0.783088 0.226716 0.013889 0.023897
0 0.752451 0.167892 0.051471 0.041054
0 0.306985 0.792126 0.092729 0.062806
0 0.218342 0.753064 0.100899 0.017157
0 0.115196 0.743107 0.074346 0.060355
0 0.037786 0.763327 0.073121 0.075674
0 0.918913 0.663297 0.015114 0.055760
0 0.901961 0.661152 0.017974 0.059436
0 0.410948 0.785846 0.100490 0.079657
0 0.556373 0.358915 0.045752 0.046875
0 0.800858 0.365196 0.025735 0.029412
0 0.630310 0.369026 0.030229 0.018689
0 0.303105 0.572304 0.020425 0.019608
0 0.327002 0.575674 0.016748 0.020221
0 0.355801 0.530025 0.020425 0.020833
0 0.378064 0.530637 0.020833 0.018995
0 0.400123 0.529871 0.020833 0.015012
0 0.351716 0.575368 0.022059 0.014706
0 0.373162 0.576746 0.020833 0.013174
0 0.395016 0.577972 0.021242 0.019914
0 0.356005 0.548713 0.017565 0.017157
0 0.376838 0.549479 0.018382 0.016850
0 0.396242 0.549020 0.019608 0.015319
0 0.228758 0.551930 0.067810 0.082414
0 0.286356 0.542739 0.020425 0.015625
0 0.309436 0.543045 0.022467 0.013787
0 0.281250 0.572763 0.020016 0.017463
0 0.330065 0.545037 0.014706 0.015319
0 0.306985 0.558364 0.017565 0.013787
0 0.329453 0.557292 0.021650 0.011642
0 0.374796 0.562500 0.017565 0.009191
0 0.395833 0.561734 0.018791 0.010110
0 0.426879 0.518229 0.026961 0.017463
0 0.452614 0.519455 0.024510 0.019914
0 0.473652 0.519455 0.019199 0.019914
0 0.427900 0.538450 0.025735 0.017463
0 0.450572 0.539522 0.020425 0.019608
0 0.475490 0.537990 0.018791 0.016544
0 0.424632 0.556832 0.022467 0.018076
0 0.444853 0.559130 0.018791 0.015319
0 0.468954 0.556679 0.022876 0.017770
0 0.422590 0.574449 0.021650 0.017770
0 0.285948 0.558058 0.022876 0.013174
0 0.597426 0.368719 0.032271 0.024816
0 0.333129 0.525276 0.019199 0.018689
0 0.284722 0.524357 0.020425 0.021752
0 0.602737 0.341759 0.029820 0.022978
0 0.633578 0.345282 0.030229 0.023284
0 0.676675 0.343290 0.048611 0.076900
0 0.729779 0.357537 0.046977 0.049632
0 0.772672 0.363817 0.033905 0.031556
0 0.660743 0.686428 0.051062 0.028493
0 0.823121 0.365502 0.019608 0.029412
0 0.017974 0.481158 0.022059 0.037071
0 0.036765 0.480545 0.015523 0.035233
0 0.053922 0.479626 0.016340 0.036458
0 0.071078 0.477635 0.017157 0.038603
0 0.089869 0.478707 0.020425 0.040135
0 0.108864 0.479013 0.017565 0.038297
0 0.128064 0.478401 0.022467 0.037071
0 0.307394 0.525735 0.024918 0.018382
0 0.148693 0.479626 0.019608 0.034620
0 0.187704 0.479626 0.020016 0.034620
0 0.206699 0.479320 0.020425 0.035846
0 0.227328 0.477788 0.020833 0.038297
0 0.245711 0.477175 0.016748 0.034620
0 0.298203 0.463848 0.071078 0.066176
0 0.374796 0.460325 0.078840 0.073223
0 0.450980 0.456955 0.068627 0.072610
0 0.518791 0.457108 0.068627 0.074142
0 0.592320 0.456801 0.076797 0.074755
0 0.667484 0.453125 0.074346 0.079657
0 0.730188 0.464767 0.042892 0.058824
0 0.773693 0.465839 0.039216 0.056679
0 0.024306 0.573070 0.048611 0.057904
0 0.159109 0.564951 0.057598 0.072917
0 0.168505 0.479320 0.018382 0.033395
0 0.658088 0.647365 0.049020 0.044118
0 0.352124 0.561428 0.016340 0.009498
0 0.557598 0.681526 0.051471 0.034007
0 0.607843 0.679534 0.043301 0.047794
0 0.645221 0.572151 0.023284 0.013174
0 0.668505 0.570466 0.019199 0.015319
0 0.692198 0.569240 0.025735 0.012868
0 0.649306 0.588082 0.017565 0.011949
0 0.876225 0.253676 0.021242 0.060049
0 0.941585 0.240196 0.046569 0.086397
0 0.666462 0.555453 0.018382 0.014706
0 0.982230 0.237132 0.033088 0.082721
0 0.160948 0.204044 0.047386 0.075368
0 0.205882 0.221814 0.035948 0.039216
0 0.256536 0.174173 0.031863 0.022978
0 0.285335 0.172947 0.024918 0.025429
0 0.249387 0.200061 0.031454 0.026348
0 0.282271 0.200521 0.032680 0.026042
0 0.250817 0.228401 0.026961 0.022365
0 0.065768 0.172794 0.104575 0.139706
0 0.277574 0.227941 0.026552 0.022059
0 0.645833 0.555147 0.021242 0.014706
0 0.667484 0.538756 0.023693 0.018076
0 0.573734 0.538297 0.019199 0.014093
0 0.594771 0.537377 0.023693 0.015319
0 0.618464 0.536458 0.020425 0.013480
0 0.574755 0.554534 0.021242 0.013480
0 0.595792 0.553002 0.022467 0.014706
0 0.617851 0.554381 0.022467 0.016238
0 0.575980 0.570925 0.023693 0.013787
0 0.691585 0.537377 0.021242 0.015319
0 0.597631 0.570466 0.019608 0.015319
0 0.572100 0.586703 0.022467 0.012255
0 0.597018 0.586244 0.024918 0.014400
0 0.620098 0.585018 0.020425 0.013787
0 0.640727 0.520680 0.020833 0.017463
0 0.661560 0.521446 0.018382 0.016544
0 0.682394 0.519608 0.026552 0.015319
0 0.645833 0.540288 0.021242 0.015625
0 0.619077 0.570772 0.021650 0.015931
0 0.619690 0.519148 0.019608 0.014400
0 0.327614 0.200214 0.055556 0.083027
0 0.381536 0.171569 0.046569 0.045956
0 0.739788 0.551317 0.018791 0.013174
0 0.761642 0.552237 0.022467 0.014400
0 0.718137 0.568474 0.016340 0.016238
0 0.920752 0.477788 0.099673 0.022978
0 0.935458 0.385263 0.095588 0.013174
0 0.960989 0.756281 0.014297 0.081801
0 0.941585 0.754442 0.022876 0.079350
0 0.716503 0.552390 0.020425 0.014706
0 0.922794 0.754289 0.015523 0.080270
0 0.888889 0.755055 0.015523 0.079350
0 0.870098 0.753523 0.018791 0.076287
0 0.853962 0.753676 0.013480 0.076593
0 0.837214 0.754442 0.020833 0.079350
0 0.816585 0.751685 0.017157 0.087929
0 0.417688 0.729626 0.093546 0.018076
0 0.513685 0.755055 0.095180 0.015625
0 0.906046 0.753983 0.019608 0.080270
0 0.379902 0.219056 0.048203 0.047181
0 0.761438 0.537684 0.025327 0.015931
0 0.715278 0.534467 0.021242 0.016850
0 0.448325 0.170956 0.052696 0.029412
0 0.427083 0.199755 0.033905 0.023284
0 0.462214 0.199295 0.029820 0.022365
0 0.424632 0.224724 0.025735 0.024816
0 0.456087 0.224112 0.031454 0.026654
0 0.511846 0.197763 0.048203 0.072610
0 0.562908 0.217525 0.048203 0.037377
0 0.737949 0.534773 0.022467 0.015625
0 0.565564 0.176624 0.037990 0.043199
0 0.642565 0.228401 0.027778 0.026042
0 0.686887 0.197457 0.048611 0.077512
0 0.669118 0.586550 0.023693 0.013787
0 0.695057 0.587469 0.020833 0.018689
0 0.711806 0.517157 0.017565 0.015319
0 0.735703 0.518229 0.027778 0.013174
0 0.762868 0.519914 0.017565 0.018382
0 0.610703 0.225337 0.035131 0.031556
0 0.597018 0.520374 0.021650 0.013787
0 0.687092 0.553768 0.018791 0.017463
0 0.546364 0.588542 0.021650 0.015931
0 0.550245 0.538756 0.022876 0.012561
0 0.526552 0.539828 0.022876 0.015931
0 0.502859 0.539369 0.022876 0.016238
0 0.546569 0.521599 0.018791 0.019301
0 0.525327 0.522059 0.020425 0.018382
0 0.502859 0.521599 0.022876 0.019301
0 0.470384 0.591452 0.019199 0.016238
0 0.444649 0.591299 0.024918 0.014093
0 0.422590 0.592678 0.021650 0.013787
0 0.467320 0.572304 0.016340 0.013480
0 0.445261 0.575980 0.022876 0.014706
0 0.766953 0.568781 0.025735 0.014400
0 0.719771 0.586703 0.019608 0.017157
0 0.500000 0.553156 0.024510 0.013787
0 0.742239 0.586091 0.023693 0.017157
0 0.916871 0.568168 0.020833 0.066483
0 0.944036 0.568934 0.024510 0.058824
0 0.970588 0.572151 0.023693 0.061581
0 0.026961 0.663603 0.047386 0.076593
0 0.574346 0.520067 0.023693 0.016238
0 0.213440 0.660999 0.104984 0.068934
0 0.295139 0.658395 0.058415 0.084559
0 0.357639 0.669577 0.057598 0.060968
0 0.414011 0.679228 0.051879 0.044730
0 0.460376 0.679534 0.040033 0.038603
0 0.508170 0.645221 0.050654 0.045343
0 0.740605 0.569240 0.024510 0.015319
0 0.508578 0.685662 0.048203 0.034314
0 0.769608 0.587776 0.024510 0.019301
0 0.520221 0.553768 0.016748 0.013174
0 0.105392 0.664982 0.102124 0.070159
0 0.522263 0.586857 0.020833 0.013174
0 0.543709 0.553768 0.023693 0.011949
0 0.500000 0.570312 0.024510 0.019914
0 0.545547 0.569547 0.020016 0.015931
0 0.521855 0.571232 0.020016 0.018689
0 0.501225 0.588082 0.022876 0.011949
