0 0.280929 0.487620 0.021474 0.015144
0 0.432532 0.503245 0.033654 0.020433
0 0.344391 0.518389 0.018910 0.016587
0 0.349840 0.496514 0.026603 0.018990
0 0.303045 0.502644 0.033013 0.016346
0 0.388301 0.509495 0.025962 0.012740
0 0.386378 0.488822 0.018910 0.022356
0 0.416827 0.484255 0.018269 0.017067
0 0.680609 0.452163 0.027885 0.037500
0 0.515865 0.470913 0.034936 0.055769
0 0.555929 0.467067 0.031090 0.046635
0 0.599679 0.465024 0.044231 0.055529
0 0.647917 0.455769 0.020833 0.039904
0 0.707212 0.457091 0.022756 0.030048
0 0.309455 0.521034 0.029808 0.018510
0 0.737179 0.449519 0.017949 0.033173
0 0.474840 0.476202 0.030449 0.052404
0 0.270032 0.531611 0.031731 0.017067
0 0.188942 0.430769 0.033013 0.058173
0 0.233974 0.511659 0.027564 0.020433
0 0.768429 0.442668 0.031731 0.031971
0 0.374679 0.412380 0.014103 0.050721
0 0.328526 0.430409 0.051923 0.020913
0 0.250801 0.437861 0.058013 0.018990
0 0.147276 0.436418 0.032372 0.055048
0 0.100000 0.439543 0.039744 0.056490
0 0.050481 0.441827 0.038141 0.058173
0 0.014103 0.445913 0.026923 0.054327
0 0.043429 0.526683 0.038141 0.029327
0 0.051763 0.557091 0.035577 0.026683
0 0.100000 0.548317 0.031410 0.029808
0 0.087981 0.516466 0.036859 0.030048
0 0.133974 0.492909 0.028205 0.021394
0 0.187340 0.489784 0.025321 0.020433
0 0.194712 0.520793 0.033654 0.028606
0 0.141186 0.531611 0.042628 0.031490
0 0.230769 0.534495 0.021154 0.018510
0 0.265705 0.509736 0.026282 0.017067
0 0.776122 0.496394 0.021474 0.041346
0 0.904808 0.368389 0.048077 0.035337
0 0.725321 0.503606 0.012179 0.048558
0 0.101603 0.616226 0.029487 0.065144
0 0.746955 0.583534 0.018269 0.046394
0 0.764744 0.580529 0.010897 0.047115
0 0.785096 0.575721 0.016987 0.045192
0 0.805609 0.571034 0.009295 0.042548
0 0.819391 0.568990 0.011859 0.043269
0 0.838622 0.562260 0.013782 0.045192
0 0.949840 0.305288 0.051603 0.054327
0 0.962981 0.362380 0.036218 0.037260
0 0.399679 0.412139 0.019231 0.052644
0 0.954968 0.424760 0.033013 0.048558
0 0.904167 0.431851 0.049359 0.028606
0 0.903526 0.493510 0.043590 0.042308
0 0.949840 0.487620 0.032372 0.043990
0 0.938782 0.538341 0.053846 0.042067
0 0.153526 0.313221 0.044872 0.026442
0 0.247596 0.313462 0.025962 0.018750
0 0.153365 0.612139 0.039423 0.071394
0 0.749199 0.496154 0.019551 0.045673
0 0.197756 0.600721 0.028205 0.072596
0 0.278686 0.592548 0.031731 0.056250
0 0.709455 0.506731 0.021474 0.045192
0 0.691346 0.508413 0.015385 0.043750
0 0.675962 0.511659 0.010256 0.040144
0 0.660417 0.511178 0.022115 0.043990
0 0.633013 0.526683 0.015385 0.041346
0 0.619712 0.531490 0.016346 0.041346
0 0.599679 0.510697 0.017308 0.021394
0 0.596154 0.538101 0.014744 0.030048
0 0.569231 0.543389 0.019872 0.033413
0 0.540545 0.548558 0.019551 0.041346
0 0.504968 0.553846 0.032372 0.042308
0 0.465064 0.560457 0.041026 0.045433
0 0.431410 0.560937 0.023718 0.056490
0 0.405128 0.565144 0.021154 0.054808
0 0.376763 0.570673 0.023397 0.053846
0 0.345673 0.582212 0.024038 0.045673
0 0.317468 0.584615 0.025321 0.050481
0 0.245994 0.599038 0.032372 0.062019
0 0.416506 0.409856 0.011859 0.052885
0 0.118109 0.362861 0.038782 0.053606
0 0.471635 0.409255 0.036859 0.038221
0 0.461699 0.660697 0.013782 0.047356
0 0.481090 0.654567 0.018590 0.056731
0 0.501923 0.647476 0.013462 0.056971
0 0.523878 0.643149 0.013782 0.055529
0 0.556250 0.635457 0.022115 0.051683
0 0.585737 0.625120 0.019551 0.051202
0 0.618750 0.611058 0.024038 0.057212
0 0.439744 0.662620 0.010256 0.048317
0 0.643429 0.607572 0.015064 0.061779
0 0.682692 0.599038 0.016667 0.062019
0 0.703686 0.594712 0.015705 0.053365
0 0.726282 0.588341 0.013462 0.050240
0 0.664103 0.246394 0.021154 0.050962
0 0.634295 0.247115 0.016026 0.066827
0 0.588622 0.259976 0.036218 0.019952
0 0.542468 0.252644 0.025321 0.044231
0 0.663942 0.602404 0.016987 0.054808
0 0.395353 0.669591 0.020192 0.019952
0 0.418590 0.661058 0.018590 0.025000
0 0.419712 0.686659 0.024038 0.019952
0 0.704647 0.247115 0.024679 0.047596
0 0.741186 0.254567 0.019551 0.043269
0 0.782532 0.248077 0.024679 0.050000
0 0.061218 0.624519 0.019872 0.059615
0 0.025481 0.639062 0.039423 0.062260
0 0.086859 0.759135 0.042949 0.066827
0 0.140385 0.740024 0.034615 0.070913
0 0.191827 0.724880 0.027885 0.071875
0 0.240385 0.706370 0.033974 0.077644
0 0.276763 0.726082 0.019551 0.018510
0 0.309615 0.718630 0.030128 0.023798
0 0.310417 0.683413 0.025321 0.031250
0 0.277404 0.693990 0.030449 0.024519
0 0.338942 0.699519 0.014423 0.047596
0 0.358654 0.694111 0.011538 0.041587
0 0.373878 0.692067 0.016987 0.036538
0 0.397436 0.692308 0.017949 0.020673
0 0.510737 0.256370 0.024038 0.034375
0 0.437179 0.409135 0.016667 0.045673
0 0.461699 0.254327 0.040705 0.040385
0 0.373237 0.252404 0.020833 0.053365
0 0.592468 0.324279 0.029808 0.043269
0 0.627724 0.324760 0.032372 0.044712
0 0.661859 0.321154 0.019231 0.044712
0 0.691186 0.322837 0.020192 0.034135
0 0.716827 0.323077 0.025962 0.036058
0 0.748878 0.324519 0.025321 0.028365
0 0.779006 0.322115 0.027244 0.035577
0 0.554327 0.329327 0.037500 0.047596
0 0.774519 0.379087 0.031090 0.035577
0 0.709455 0.390505 0.027244 0.024760
0 0.681250 0.397236 0.025962 0.028125
0 0.648237 0.397716 0.021474 0.022356
0 0.619071 0.398558 0.024679 0.030769
0 0.587340 0.401202 0.035577 0.037500
0 0.553686 0.403005 0.033013 0.029087
0 0.513942 0.406731 0.040705 0.040865
0 0.736538 0.386899 0.026282 0.031971
0 0.401923 0.251202 0.017949 0.053365
0 0.511378 0.326442 0.029167 0.048558
0 0.417468 0.342909 0.016346 0.064183
0 0.323878 0.254087 0.031731 0.049519
0 0.279327 0.255288 0.040064 0.056731
0 0.194551 0.246635 0.060897 0.049038
0 0.123237 0.260216 0.044551 0.056971
0 0.080609 0.235697 0.042628 0.061298
0 0.025801 0.250000 0.049038 0.065385
0 0.036218 0.330529 0.050641 0.049519
0 0.461699 0.337861 0.040064 0.035337
0 0.030128 0.784014 0.059615 0.063221
0 0.161699 0.362620 0.032372 0.054087
0 0.200801 0.363341 0.032372 0.040144
0 0.240224 0.362139 0.033654 0.042548
0 0.277724 0.367188 0.021474 0.032452
0 0.303205 0.352885 0.017308 0.061058
0 0.339904 0.348077 0.022756 0.061058
0 0.362179 0.348558 0.018590 0.057692
0 0.391186 0.349279 0.022115 0.063462
0 0.055128 0.384976 0.064744 0.019952
0 0.301923 0.306971 0.044231 0.024519
