0 0.387200 0.228726 0.062928 0.117067
0 0.331336 0.485337 0.065925 0.028365
0 0.473459 0.484856 0.068493 0.025000
0 0.402183 0.485096 0.068065 0.025481
0 0.983519 0.795072 0.032962 0.071875
0 0.401755 0.424279 0.072346 0.028846
0 0.060360 0.347115 0.049658 0.094231
0 0.016267 0.339784 0.030822 0.081971
0 0.960402 0.263702 0.079195 0.022115
0 0.955479 0.237981 0.077911 0.027404
0 0.957834 0.206611 0.070634 0.032933
0 0.891695 0.240865 0.047089 0.071635
0 0.842680 0.241947 0.041524 0.066106
0 0.797945 0.231130 0.040240 0.086779
0 0.752140 0.232452 0.045377 0.087019
0 0.700985 0.233654 0.051798 0.082212
0 0.645548 0.234375 0.054795 0.083654
0 0.599101 0.245793 0.033818 0.061779
0 0.560146 0.246274 0.039812 0.060337
0 0.517123 0.244832 0.043664 0.060817
0 0.457406 0.230168 0.069777 0.113221
0 0.052440 0.239663 0.062928 0.092308
0 0.123288 0.239183 0.061644 0.091346
0 0.192637 0.234976 0.053082 0.101683
0 0.255779 0.233293 0.065497 0.105529
0 0.119435 0.348798 0.060788 0.088462
0 0.400471 0.455769 0.068921 0.028365
0 0.178724 0.348798 0.050086 0.086058
0 0.291738 0.347716 0.062072 0.091106
0 0.329837 0.453365 0.066353 0.030769
0 0.265839 0.454207 0.058219 0.093990
0 0.208048 0.454567 0.052226 0.095673
0 0.154324 0.454327 0.051798 0.096154
0 0.095890 0.454087 0.057363 0.098077
0 0.031678 0.445553 0.062500 0.083413
0 0.946276 0.342067 0.067209 0.079808
0 0.876284 0.343029 0.062500 0.079327
0 0.806507 0.341346 0.065925 0.080769
0 0.737586 0.343029 0.065925 0.084135
0 0.625214 0.341226 0.073202 0.082452
0 0.555865 0.341226 0.061216 0.087260
0 0.489512 0.379688 0.068065 0.027163
0 0.491224 0.349760 0.065497 0.026442
0 0.489940 0.317788 0.056935 0.031250
0 0.418450 0.378486 0.071490 0.029567
0 0.417166 0.349279 0.073202 0.025481
0 0.421447 0.316947 0.073202 0.033894
0 0.351455 0.351322 0.051370 0.086298
0 0.233733 0.349279 0.051370 0.087019
0 0.473459 0.452885 0.068493 0.032212
0 0.321276 0.231971 0.062072 0.107212
0 0.229238 0.564303 0.062928 0.099279
0 0.191995 0.679207 0.068921 0.094952
0 0.113656 0.679327 0.067209 0.097596
0 0.039170 0.670433 0.073202 0.084615
0 0.963827 0.561298 0.039812 0.071635
0 0.922517 0.561899 0.035103 0.068510
0 0.876712 0.553966 0.046233 0.085337
0 0.824914 0.553966 0.047945 0.085337
0 0.772688 0.559375 0.048801 0.079808
0 0.720034 0.559135 0.047945 0.081731
0 0.665240 0.558173 0.052226 0.079808
0 0.619435 0.567428 0.035959 0.062740
0 0.577697 0.568389 0.037243 0.062260
0 0.690711 0.447476 0.068921 0.082452
0 0.760702 0.446995 0.062500 0.081490
0 0.830051 0.447476 0.066781 0.084856
0 0.899401 0.446274 0.062500 0.082452
0 0.965967 0.443990 0.064640 0.080288
0 0.065711 0.565024 0.068065 0.095913
0 0.124572 0.564543 0.047089 0.097356
0 0.172945 0.565264 0.047089 0.096394
0 0.537029 0.567909 0.038099 0.066106
0 0.291524 0.562500 0.057363 0.102404
0 0.352312 0.568870 0.057363 0.089183
0 0.414598 0.583894 0.055223 0.058173
0 0.478810 0.531370 0.070634 0.037740
0 0.242080 0.691707 0.017551 0.063221
0 0.285959 0.679087 0.060788 0.090865
0 0.351670 0.677764 0.063784 0.092067
0 0.410531 0.675120 0.051370 0.093990
0 0.939854 0.797356 0.038099 0.076442
0 0.893193 0.787620 0.041524 0.092548
0 0.843964 0.805409 0.041524 0.068510
0 0.845462 0.756250 0.047089 0.027404
0 0.784675 0.784375 0.064212 0.083654
0 0.719820 0.785817 0.060360 0.086538
0 0.666524 0.781130 0.042808 0.091106
0 0.613442 0.787740 0.049658 0.083173
0 0.559932 0.786538 0.051370 0.092308
0 0.501712 0.801562 0.061644 0.094471
0 0.436430 0.802764 0.056935 0.089663
0 0.372432 0.806851 0.055651 0.085817
0 0.480094 0.567187 0.068921 0.029087
0 0.310788 0.805409 0.058219 0.082933
0 0.171019 0.809255 0.068921 0.085817
0 0.099101 0.813221 0.072346 0.093750
0 0.027183 0.808293 0.050942 0.083894
0 0.975171 0.662861 0.049658 0.090625
0 0.916310 0.659255 0.057791 0.085817
0 0.852312 0.661659 0.060788 0.085817
0 0.785103 0.662740 0.060788 0.083654
0 0.721104 0.664904 0.058647 0.085577
0 0.657320 0.665865 0.061216 0.085096
0 0.589469 0.667308 0.060788 0.083173
0 0.526541 0.670433 0.056507 0.082212
0 0.465539 0.673918 0.056079 0.091587
0 0.243793 0.809375 0.062928 0.084135
0 0.480950 0.597837 0.065497 0.029327
