0 0.397876 0.075827 0.033497 0.090380
0 0.983660 0.819240 0.032680 0.054534
0 0.500408 0.069087 0.046569 0.110600
0 0.099060 0.077359 0.046977 0.102635
0 0.152778 0.073683 0.049020 0.097120
0 0.235703 0.070619 0.047386 0.104473
0 0.283088 0.068781 0.044118 0.106924
0 0.444853 0.071232 0.053922 0.105086
0 0.363971 0.077665 0.035131 0.092218
0 0.812908 0.208180 0.040033 0.097120
0 0.326185 0.068168 0.032271 0.108762
0 0.773489 0.210325 0.037990 0.093444
0 0.902778 0.831495 0.040033 0.025123
0 0.986315 0.539675 0.027369 0.088542
0 0.283905 0.643382 0.049837 0.066789
0 0.334763 0.641544 0.049428 0.068627
0 0.388889 0.639400 0.056373 0.071078
0 0.446895 0.639400 0.053922 0.072917
0 0.521446 0.637561 0.088644 0.070466
0 0.615196 0.633885 0.089052 0.065564
0 0.694036 0.637561 0.054739 0.076593
0 0.748775 0.638480 0.049837 0.071691
0 0.831291 0.638174 0.093137 0.071691
0 0.919118 0.640319 0.072712 0.068015
0 0.979167 0.640012 0.041667 0.069240
0 0.058007 0.734528 0.054739 0.068321
0 0.113766 0.736060 0.047794 0.065870
0 0.162582 0.736060 0.048203 0.068321
0 0.216912 0.731158 0.050654 0.066483
0 0.276144 0.731771 0.054739 0.068934
0 0.329044 0.730239 0.054330 0.074449
0 0.386438 0.728094 0.051471 0.073836
0 0.443627 0.729933 0.051471 0.071998
0 0.501225 0.729320 0.048203 0.070159
0 0.553309 0.727482 0.046160 0.073836
0 0.867647 0.324755 0.035131 0.096201
0 0.915441 0.325061 0.057190 0.096201
0 0.964461 0.321385 0.032680 0.092525
0 0.192810 0.439491 0.043301 0.092831
0 0.236928 0.438572 0.041667 0.095282
0 0.952614 0.535846 0.037582 0.090074
0 0.290441 0.436121 0.054739 0.092218
0 0.901961 0.537837 0.050654 0.092218
0 0.810458 0.540288 0.039216 0.090380
0 0.851307 0.209406 0.026961 0.100797
0 0.897059 0.205423 0.053105 0.108762
0 0.946895 0.206036 0.040850 0.099571
0 0.984273 0.207261 0.031454 0.099571
0 0.051062 0.328738 0.032680 0.088848
0 0.113358 0.337010 0.075572 0.068627
0 0.111724 0.394455 0.082108 0.045650
0 0.105596 0.437806 0.080474 0.037990
0 0.112132 0.469669 0.081291 0.022059
0 0.114583 0.496017 0.076389 0.031863
0 0.112132 0.524510 0.089461 0.018382
0 0.121936 0.561734 0.078023 0.056066
0 0.185866 0.331495 0.045752 0.097426
0 0.232843 0.330882 0.041667 0.097426
0 0.280229 0.331801 0.046569 0.094975
0 0.404412 0.330882 0.046569 0.093137
0 0.455065 0.329657 0.053922 0.099265
0 0.512663 0.328125 0.046569 0.096814
0 0.561070 0.328738 0.049428 0.094975
0 0.605392 0.327512 0.032680 0.098652
0 0.688725 0.329350 0.133987 0.093750
0 0.771855 0.327512 0.030637 0.089461
0 0.821487 0.327206 0.049020 0.094975
0 0.642974 0.539062 0.038399 0.089767
0 0.681781 0.537377 0.034314 0.087010
0 0.723039 0.539369 0.043301 0.089154
0 0.767770 0.541207 0.038807 0.091605
0 0.852533 0.537684 0.037582 0.090686
0 0.386029 0.439185 0.042484 0.086091
0 0.426062 0.441023 0.036765 0.081189
0 0.466503 0.439798 0.044118 0.090380
0 0.861520 0.729626 0.043301 0.067708
0 0.915441 0.728707 0.061275 0.068321
0 0.184232 0.220435 0.042484 0.090993
0 0.076185 0.215227 0.144199 0.100184
0 0.960784 0.061428 0.038399 0.107537
0 0.921160 0.064798 0.035948 0.102635
0 0.885621 0.070925 0.030229 0.086703
0 0.842729 0.065104 0.050654 0.105699
0 0.786152 0.066636 0.055147 0.102022
0 0.745507 0.067555 0.023693 0.104473
0 0.709559 0.068474 0.040850 0.113664
0 0.665441 0.068781 0.038399 0.106924
0 0.623775 0.070925 0.040850 0.102635
0 0.584967 0.078278 0.032680 0.086091
0 0.548815 0.081648 0.037173 0.087316
0 0.975082 0.728401 0.049837 0.071385
0 0.183824 0.833946 0.045752 0.028799
0 0.232026 0.834559 0.048203 0.028186
0 0.194036 0.785846 0.041667 0.018382
0 0.245507 0.782475 0.042484 0.022059
0 0.283905 0.814645 0.041667 0.017770
0 0.285948 0.839154 0.044118 0.020833
0 0.518382 0.829963 0.049837 0.023897
0 0.580678 0.827512 0.060049 0.033088
0 0.658088 0.823836 0.044118 0.039216
0 0.705474 0.824449 0.036765 0.042279
0 0.848448 0.810049 0.066176 0.066789
0 0.811275 0.733915 0.049020 0.060968
0 0.761234 0.735141 0.046160 0.060355
0 0.669118 0.728707 0.062092 0.068321
0 0.231618 0.218290 0.051471 0.090993
0 0.510621 0.440104 0.030229 0.089154
0 0.543913 0.437960 0.031454 0.086703
0 0.587827 0.436734 0.042484 0.089767
0 0.636029 0.435202 0.036765 0.087316
0 0.680556 0.436121 0.044118 0.090993
0 0.726307 0.435815 0.037582 0.094669
0 0.768587 0.434283 0.040441 0.097733
0 0.813317 0.433364 0.044935 0.092831
0 0.857843 0.431832 0.040033 0.089767
0 0.900735 0.432445 0.044118 0.089154
0 0.949346 0.434589 0.043301 0.095282
0 0.988358 0.435202 0.023284 0.095895
0 0.194036 0.545496 0.053922 0.075674
0 0.940768 0.831189 0.030229 0.029412
0 0.254902 0.541054 0.028595 0.077206
0 0.323734 0.542739 0.035539 0.088542
0 0.362337 0.541207 0.031863 0.088542
0 0.408088 0.541513 0.049837 0.087929
0 0.486520 0.539062 0.055556 0.093444
0 0.547181 0.539982 0.042075 0.087929
0 0.598039 0.538909 0.042484 0.087010
0 0.706291 0.209712 0.046569 0.100184
0 0.662173 0.211244 0.040033 0.098346
0 0.617647 0.213695 0.044935 0.098346
0 0.575572 0.211857 0.038399 0.099571
0 0.486111 0.213388 0.132353 0.102022
0 0.388072 0.213082 0.050654 0.102022
0 0.335172 0.212776 0.046160 0.094056
0 0.285948 0.545496 0.033497 0.090993
0 0.606209 0.726869 0.054739 0.074449
