0 0.134896 0.352539 0.101042 0.062109
0 0.235677 0.295703 0.100521 0.056250
0 0.130729 0.290820 0.091667 0.061328
0 0.241667 0.355469 0.108333 0.060937
0 0.344010 0.302344 0.099479 0.050000
0 0.345052 0.358203 0.099479 0.055469
0 0.688802 0.345508 0.051562 0.064453
0 0.502604 0.336523 0.082292 0.066016
0 0.568490 0.338281 0.047396 0.070312
0 0.627865 0.343359 0.065104 0.060937
0 0.740365 0.346875 0.050521 0.060937
0 0.884896 0.430469 0.039583 0.053125
0 0.784115 0.347656 0.036979 0.060156
0 0.428646 0.338281 0.063542 0.067187
0 0.844010 0.431055 0.039062 0.054297
0 0.178906 0.478125 0.067187 0.077344
0 0.764323 0.431641 0.044271 0.055469
0 0.982812 0.503516 0.029167 0.054688
0 0.039844 0.467969 0.073438 0.102344
0 0.110156 0.466992 0.067187 0.104297
0 0.823958 0.348828 0.040625 0.057031
0 0.240625 0.475586 0.056250 0.083203
0 0.298177 0.471289 0.058854 0.073828
0 0.806250 0.431445 0.037500 0.057422
0 0.356510 0.473633 0.054688 0.072266
0 0.475521 0.436914 0.050000 0.063672
0 0.528646 0.437305 0.052083 0.063672
0 0.579167 0.435742 0.050000 0.061328
0 0.627604 0.434766 0.045833 0.064062
0 0.673177 0.435352 0.044271 0.064453
0 0.717969 0.433594 0.044271 0.061719
0 0.416406 0.438867 0.058854 0.066797
0 0.868229 0.347656 0.038542 0.057813
0 0.779687 0.261523 0.042708 0.058203
0 0.029948 0.216602 0.056771 0.037891
0 0.161719 0.107617 0.070312 0.066797
0 0.229687 0.114258 0.058333 0.065234
0 0.287240 0.124023 0.045312 0.073047
0 0.399219 0.126172 0.068229 0.065625
0 0.469531 0.135156 0.068229 0.073438
0 0.528646 0.140039 0.048958 0.084766
0 0.097135 0.099023 0.057813 0.084766
0 0.579167 0.147656 0.053125 0.069531
0 0.684375 0.160156 0.047917 0.060937
0 0.813802 0.172852 0.051562 0.060547
0 0.858594 0.177344 0.038021 0.067187
0 0.900521 0.182031 0.043750 0.057031
0 0.941146 0.187305 0.036458 0.064453
0 0.978385 0.190625 0.038021 0.057813
0 0.634375 0.150977 0.052083 0.079297
0 0.905208 0.350000 0.037500 0.054688
0 0.033594 0.089453 0.060937 0.089844
0 0.903385 0.266797 0.034896 0.065625
0 0.029948 0.177344 0.055729 0.038281
0 0.101562 0.201367 0.084375 0.081641
0 0.183073 0.208398 0.075521 0.066797
0 0.260417 0.212695 0.073958 0.073047
0 0.345052 0.221875 0.096354 0.053125
0 0.423438 0.231250 0.061458 0.084375
0 0.940104 0.269727 0.038542 0.059766
0 0.483333 0.240234 0.059375 0.065625
0 0.642448 0.248633 0.054688 0.068359
0 0.693229 0.253125 0.045833 0.060156
0 0.737500 0.256641 0.040625 0.069531
0 0.951302 0.503906 0.031771 0.052344
0 0.823438 0.262891 0.041667 0.061719
0 0.863021 0.264844 0.038542 0.059375
0 0.589063 0.247656 0.053125 0.066406
0 0.916146 0.505664 0.038542 0.054297
0 0.335938 0.129688 0.051042 0.060156
0 0.840625 0.512891 0.035417 0.059375
0 0.725521 0.761133 0.083333 0.069141
0 0.803385 0.745508 0.072396 0.038672
0 0.873958 0.734570 0.068750 0.061328
0 0.925521 0.727539 0.032292 0.046484
0 0.959375 0.722461 0.031250 0.054297
0 0.139323 0.721289 0.110937 0.041797
0 0.638281 0.773633 0.089063 0.049609
0 0.049740 0.782422 0.095312 0.029687
0 0.253906 0.716797 0.092188 0.050781
0 0.251042 0.759570 0.102083 0.025391
0 0.345313 0.741992 0.086458 0.051953
0 0.419792 0.717187 0.055208 0.061719
0 0.471615 0.714648 0.048438 0.072266
0 0.522396 0.708398 0.050000 0.062109
0 0.147135 0.772656 0.099479 0.046875
0 0.572656 0.699219 0.047396 0.069531
0 0.547917 0.788086 0.093750 0.080078
0 0.342969 0.848047 0.100521 0.060937
0 0.877604 0.508008 0.038542 0.048828
0 0.069792 0.967969 0.078125 0.052344
0 0.141406 0.964844 0.063021 0.057031
0 0.203906 0.966211 0.052604 0.062891
0 0.265365 0.956836 0.060937 0.079297
0 0.470052 0.912891 0.118229 0.054688
0 0.446875 0.805273 0.101042 0.068359
0 0.582031 0.895508 0.105729 0.088672
0 0.769792 0.857031 0.090625 0.083594
0 0.853646 0.837891 0.073958 0.043750
0 0.928906 0.822266 0.076563 0.071094
0 0.049740 0.896289 0.096354 0.041797
0 0.149479 0.884570 0.097917 0.056641
0 0.246354 0.864062 0.092708 0.029687
0 0.681510 0.874805 0.085938 0.051172
0 0.621875 0.693359 0.047917 0.059375
0 0.537760 0.243359 0.046354 0.074219
0 0.715104 0.680273 0.043750 0.054297
0 0.979427 0.575781 0.032813 0.055469
0 0.087500 0.608008 0.068750 0.096484
0 0.159115 0.604297 0.068229 0.089063
0 0.225781 0.606250 0.063021 0.085156
0 0.347135 0.598242 0.053646 0.079297
0 0.420312 0.533984 0.054167 0.063281
0 0.946615 0.578320 0.031771 0.049609
0 0.478385 0.531641 0.056771 0.061719
0 0.625260 0.521484 0.047396 0.057813
0 0.671875 0.519922 0.046875 0.061719
0 0.715365 0.517383 0.040104 0.056641
0 0.759115 0.515039 0.045312 0.063672
0 0.802083 0.512500 0.039583 0.058594
0 0.669531 0.687305 0.045312 0.069922
0 0.531771 0.530273 0.048958 0.065234
0 0.912240 0.582617 0.040104 0.057422
0 0.289323 0.600781 0.060937 0.074219
0 0.835417 0.590625 0.036458 0.061719
0 0.797135 0.671094 0.043229 0.053125
0 0.874740 0.585742 0.034896 0.051172
0 0.838802 0.667188 0.042188 0.060937
0 0.911458 0.654102 0.037500 0.056641
0 0.949740 0.650000 0.034896 0.047656
0 0.416406 0.626758 0.060937 0.068359
0 0.474219 0.623047 0.049479 0.078125
0 0.983854 0.646875 0.032292 0.053906
0 0.575521 0.611914 0.044792 0.075391
0 0.756250 0.675195 0.038542 0.062891
0 0.621615 0.607617 0.048438 0.065234
0 0.668750 0.604102 0.043750 0.071484
0 0.714844 0.597852 0.047396 0.058203
0 0.755729 0.596289 0.036458 0.062891
0 0.795312 0.592969 0.039583 0.056250
0 0.527344 0.616406 0.051562 0.067187
