0 0.092729 0.796262 0.058824 0.063725
0 0.159518 0.794424 0.062500 0.056985
0 0.231413 0.217218 0.034722 0.052083
0 0.379085 0.147518 0.044935 0.059743
0 0.268178 0.270833 0.038807 0.052083
0 0.813113 0.276808 0.049428 0.070159
0 0.860498 0.277574 0.044526 0.071691
0 0.906863 0.276042 0.045752 0.068627
0 0.950980 0.276501 0.043301 0.070772
0 0.231413 0.271906 0.034722 0.055453
0 0.322917 0.272365 0.037990 0.058211
0 0.473856 0.266238 0.042484 0.072917
0 0.427900 0.268842 0.048611 0.069547
0 0.417484 0.143229 0.031863 0.071385
0 0.452002 0.147672 0.031454 0.066176
0 0.485907 0.147059 0.037990 0.066789
0 0.530842 0.142157 0.046160 0.076593
0 0.279003 0.136183 0.044118 0.073836
0 0.571283 0.150123 0.033088 0.063725
0 0.606413 0.156097 0.034722 0.054841
0 0.647467 0.140165 0.043301 0.086703
0 0.689338 0.140931 0.041258 0.088235
0 0.228350 0.137561 0.053105 0.073529
0 0.745302 0.133578 0.066585 0.035539
0 0.829248 0.159773 0.093137 0.056679
0 0.182190 0.126072 0.035131 0.035233
0 0.182394 0.157475 0.034722 0.027574
0 0.141544 0.126532 0.046977 0.090686
0 0.098856 0.126685 0.038399 0.092218
0 0.024306 0.806373 0.048611 0.081495
0 0.056781 0.126838 0.044118 0.091299
0 0.531046 0.265778 0.062908 0.083027
0 0.607843 0.259651 0.080882 0.094056
0 0.680147 0.260723 0.066993 0.096201
0 0.750204 0.283088 0.073121 0.054534
0 0.329248 0.145527 0.050654 0.060662
0 0.372549 0.264093 0.060458 0.077206
0 0.747141 0.168352 0.071078 0.033395
0 0.737745 0.546722 0.029412 0.068934
0 0.803922 0.377604 0.046569 0.070772
0 0.780025 0.550092 0.050245 0.069547
0 0.832312 0.551317 0.051879 0.068321
0 0.595792 0.617953 0.037990 0.026961
0 0.549837 0.624081 0.051471 0.026961
0 0.549428 0.649203 0.050654 0.022672
0 0.598039 0.646140 0.047386 0.029412
0 0.644404 0.639859 0.044526 0.032169
0 0.693627 0.646752 0.048203 0.030637
0 0.741626 0.646906 0.050245 0.030331
0 0.787582 0.636489 0.039216 0.049939
0 0.826185 0.636336 0.039624 0.051471
0 0.975082 0.597886 0.049837 0.051777
0 0.902574 0.595895 0.088644 0.053922
0 0.970997 0.663143 0.058007 0.051164
0 0.896446 0.662990 0.088644 0.053309
0 0.495915 0.644148 0.045752 0.028493
0 0.450572 0.628217 0.044935 0.040135
0 0.223039 0.794884 0.062908 0.058517
0 0.897263 0.160999 0.041258 0.051164
0 0.899510 0.108762 0.045752 0.054534
0 0.940564 0.162531 0.042075 0.051164
0 0.945466 0.109528 0.043709 0.053002
0 0.981005 0.163450 0.037173 0.052390
0 0.984069 0.110600 0.031046 0.050858
0 0.360703 0.456801 0.049020 0.072917
0 0.404412 0.456342 0.038399 0.071998
0 0.446895 0.462163 0.045752 0.062194
0 0.698529 0.546262 0.050654 0.068015
0 0.647876 0.549632 0.049837 0.074755
0 0.599060 0.546875 0.045343 0.066176
0 0.553105 0.546109 0.047386 0.073223
0 0.757761 0.371477 0.043301 0.079963
0 0.710784 0.375766 0.051471 0.071385
0 0.602124 0.366422 0.102941 0.083946
0 0.518995 0.369485 0.051062 0.074755
0 0.473448 0.375153 0.037582 0.062194
0 0.429943 0.375000 0.048611 0.060662
0 0.381127 0.371783 0.044935 0.067708
0 0.321895 0.363664 0.064542 0.080270
0 0.147876 0.354473 0.055556 0.092525
0 0.092116 0.363664 0.049428 0.074142
0 0.032271 0.351869 0.064542 0.095282
0 0.176879 0.456036 0.035948 0.075674
0 0.135825 0.462469 0.047794 0.062806
0 0.850082 0.377911 0.044935 0.070159
0 0.085172 0.460784 0.047794 0.063113
0 0.220588 0.496324 0.049837 0.053922
0 0.294935 0.437040 0.043301 0.034007
0 0.275735 0.478401 0.058007 0.045650
0 0.313521 0.586857 0.031454 0.041973
0 0.275327 0.537837 0.057190 0.046875
0 0.223448 0.559743 0.047386 0.042892
0 0.152778 0.549479 0.044935 0.062194
0 0.095180 0.542739 0.067810 0.076900
0 0.034109 0.542586 0.047794 0.075980
0 0.911356 0.527267 0.102124 0.055760
0 0.408088 0.547641 0.048203 0.067708
0 0.455882 0.548407 0.046569 0.068627
0 0.503676 0.544424 0.049020 0.067402
0 0.034314 0.464154 0.052288 0.053922
0 0.366422 0.800705 0.031863 0.069547
0 0.336806 0.794118 0.024918 0.056373
0 0.440564 0.808824 0.037173 0.079657
0 0.236724 0.726256 0.053513 0.057904
0 0.294118 0.724724 0.058007 0.057904
0 0.342933 0.711857 0.037173 0.077512
0 0.380923 0.712776 0.032271 0.076900
0 0.421160 0.715380 0.035131 0.070466
0 0.456904 0.716146 0.037173 0.071385
0 0.494077 0.712623 0.037990 0.075980
0 0.051675 0.627604 0.058415 0.062806
0 0.102533 0.634038 0.041667 0.049939
0 0.145833 0.633732 0.043301 0.050551
0 0.197712 0.635263 0.053105 0.053615
0 0.251021 0.633732 0.049428 0.050551
0 0.301062 0.634191 0.051471 0.051471
0 0.352328 0.635876 0.051879 0.049326
0 0.401757 0.639093 0.045343 0.039828
0 0.506740 0.463695 0.046977 0.062194
0 0.572917 0.435202 0.044526 0.025429
0 0.401552 0.808058 0.036765 0.081189
0 0.073529 0.263940 0.065359 0.059743
0 0.123366 0.268076 0.030229 0.056985
0 0.124387 0.211857 0.036356 0.056679
0 0.173815 0.281250 0.070670 0.030637
0 0.029208 0.689491 0.058415 0.030944
0 0.184028 0.715074 0.046160 0.050858
0 0.242034 0.398438 0.019199 0.074449
0 0.914011 0.454350 0.095180 0.054534
0 0.838644 0.467371 0.050654 0.068321
0 0.785335 0.466759 0.049428 0.066483
0 0.737132 0.466146 0.042892 0.064645
0 0.631127 0.458946 0.071895 0.072917
0 0.573325 0.473958 0.045343 0.049020
0 0.217933 0.399969 0.024101 0.114277
0 0.108456 0.723192 0.094363 0.057904
0 0.691176 0.465993 0.044935 0.063725
0 0.582312 0.719516 0.037990 0.065257
0 0.663807 0.807138 0.039216 0.079350
0 0.574551 0.797947 0.036356 0.064645
0 0.539216 0.798560 0.034314 0.065257
0 0.479779 0.809130 0.042075 0.080270
0 0.029820 0.728401 0.059641 0.046875
0 0.703636 0.808670 0.037173 0.083027
0 0.805964 0.798713 0.038399 0.065564
0 0.853350 0.813572 0.035131 0.070772
0 0.616422 0.799020 0.038399 0.066176
0 0.891136 0.814798 0.037173 0.070772
0 0.739583 0.810202 0.035539 0.085478
0 0.690155 0.720282 0.034722 0.063725
0 0.892770 0.738971 0.085376 0.056985
0 0.954453 0.822304 0.082108 0.058824
0 0.623775 0.720895 0.036765 0.062500
0 0.657680 0.712010 0.030229 0.060049
0 0.967933 0.737439 0.064134 0.055760
0 0.826593 0.721048 0.034722 0.065257
0 0.791667 0.721507 0.035131 0.063725
0 0.758170 0.718903 0.033497 0.063419
0 0.725694 0.719975 0.033088 0.063725
