0 0.473039 0.355086 0.016340 0.048407
0 0.178922 0.750153 0.133987 0.062806
0 0.529412 0.359069 0.014706 0.045343
0 0.454248 0.353860 0.023693 0.050245
0 0.430964 0.354167 0.022059 0.050245
0 0.410131 0.351409 0.025327 0.057598
0 0.362745 0.346201 0.028595 0.060049
0 0.335580 0.344363 0.022467 0.061887
0 0.310458 0.343137 0.029412 0.060049
0 0.280229 0.340686 0.026144 0.060662
0 0.223039 0.342525 0.030229 0.061275
0 0.197712 0.341912 0.020425 0.059436
0 0.171569 0.336091 0.029412 0.069853
0 0.117034 0.338235 0.030637 0.063725
0 0.084967 0.336397 0.031046 0.058211
0 0.491013 0.355086 0.019608 0.049632
0 0.051471 0.336703 0.037582 0.058824
0 0.644199 0.682904 0.024510 0.063113
0 0.621324 0.688113 0.019608 0.073529
0 0.600082 0.692402 0.026144 0.063725
0 0.559436 0.701593 0.037990 0.075980
0 0.524918 0.715533 0.026144 0.088542
0 0.493056 0.727788 0.031863 0.073223
0 0.462010 0.736060 0.031046 0.081189
0 0.430556 0.739737 0.029412 0.072610
0 0.399918 0.749847 0.035948 0.081189
0 0.364379 0.760570 0.035948 0.083640
0 0.302900 0.796569 0.079657 0.076593
0 0.211601 0.824755 0.093137 0.074755
0 0.298407 0.715993 0.099265 0.052696
0 0.015931 0.331801 0.029412 0.064338
0 0.511846 0.356924 0.020425 0.044730
0 0.359477 0.555913 0.026144 0.056679
0 0.013480 0.699449 0.026144 0.075368
0 0.444853 0.617494 0.021242 0.064645
0 0.420956 0.621170 0.026552 0.059130
0 0.070261 0.833946 0.058824 0.129902
0 0.391340 0.626225 0.028595 0.069240
0 0.363562 0.630515 0.026144 0.078431
0 0.333129 0.634804 0.033905 0.071078
0 0.291258 0.644608 0.027778 0.077819
0 0.254085 0.650735 0.043301 0.075368
0 0.216095 0.656863 0.032680 0.080882
0 0.177288 0.662071 0.036765 0.070466
0 0.149510 0.666054 0.022059 0.074755
0 0.120711 0.669118 0.033088 0.069240
0 0.086601 0.678309 0.034314 0.083946
0 0.050654 0.684436 0.040033 0.072304
0 0.488766 0.413297 0.019199 0.037377
0 0.505923 0.413603 0.012663 0.034926
0 0.333129 0.558364 0.021650 0.060355
0 0.465686 0.611979 0.022059 0.056066
0 0.300654 0.558977 0.034314 0.053615
0 0.486520 0.611366 0.018791 0.058517
0 0.523489 0.606771 0.015114 0.055453
0 0.444444 0.414522 0.020425 0.045343
0 0.423611 0.415594 0.019608 0.045037
0 0.492443 0.476869 0.018382 0.046262
0 0.475082 0.477022 0.016340 0.045956
0 0.457516 0.478554 0.017974 0.049020
0 0.439338 0.478554 0.018382 0.045956
0 0.513072 0.537990 0.018791 0.042279
0 0.496119 0.541207 0.017565 0.046262
0 0.476103 0.542126 0.022467 0.044424
0 0.442198 0.547488 0.015931 0.055147
0 0.419935 0.547641 0.028595 0.052390
0 0.644812 0.580270 0.017565 0.044118
0 0.629085 0.584559 0.010621 0.050858
0 0.615605 0.585325 0.016340 0.048100
0 0.599265 0.590686 0.016340 0.053922
0 0.581699 0.594056 0.022059 0.047181
0 0.543913 0.598499 0.023284 0.046875
0 0.505106 0.608609 0.019199 0.051777
0 0.271242 0.566942 0.024510 0.061581
0 0.242647 0.568474 0.032680 0.057292
0 0.210376 0.574908 0.029412 0.060968
0 0.301471 0.415901 0.023693 0.060968
0 0.279412 0.415901 0.020425 0.060968
0 0.257761 0.417126 0.022059 0.060355
0 0.233660 0.415594 0.022876 0.055453
0 0.207516 0.416513 0.027778 0.056066
0 0.177696 0.416207 0.025327 0.057292
0 0.152778 0.415901 0.024510 0.057904
0 0.321078 0.418352 0.017974 0.056066
0 0.124592 0.420190 0.025327 0.058517
0 0.073121 0.415901 0.027778 0.060968
0 0.042892 0.417739 0.032680 0.058517
0 0.014706 0.414369 0.027778 0.064032
0 0.551675 0.361213 0.022467 0.039216
0 0.520016 0.416360 0.016340 0.040441
0 0.535335 0.413756 0.014297 0.043811
0 0.549837 0.412837 0.014706 0.039522
0 0.098448 0.415901 0.021242 0.060968
0 0.461806 0.413603 0.014297 0.044118
0 0.340074 0.411918 0.015114 0.049939
0 0.374592 0.414369 0.019608 0.045650
0 0.181781 0.575827 0.025327 0.059743
0 0.153186 0.580729 0.033497 0.064645
0 0.117034 0.581036 0.037990 0.064032
0 0.052288 0.585325 0.043301 0.063419
0 0.421160 0.480699 0.018791 0.053922
0 0.396242 0.483456 0.026144 0.049632
0 0.363562 0.489583 0.034314 0.049632
0 0.355801 0.414982 0.014706 0.044424
0 0.321691 0.486520 0.031454 0.051471
0 0.276144 0.485294 0.022059 0.050858
0 0.250817 0.487439 0.028595 0.048407
0 0.223856 0.496630 0.023693 0.058824
0 0.195670 0.495098 0.032680 0.060662
0 0.140931 0.497549 0.037582 0.062500
0 0.093954 0.498468 0.032680 0.058211
0 0.042484 0.500613 0.031863 0.059436
0 0.012663 0.506434 0.023693 0.063725
0 0.298203 0.486213 0.017157 0.052083
0 0.474265 0.415135 0.010621 0.041054
