0 0.776923 0.766106 0.027350 0.051442
0 0.747222 0.758293 0.030342 0.060337
0 0.673504 0.769231 0.023932 0.044231
0 0.646368 0.769952 0.026923 0.043750
0 0.619658 0.770072 0.023932 0.042548
0 0.557479 0.775841 0.080769 0.054087
0 0.363034 0.778606 0.042308 0.053365
0 0.403419 0.771514 0.038462 0.066106
0 0.325214 0.767909 0.028205 0.073317
0 0.294017 0.781250 0.034188 0.045673
0 0.253632 0.779808 0.038034 0.042788
0 0.950214 0.747115 0.074786 0.075962
0 0.215171 0.769832 0.034615 0.073798
0 0.448718 0.769952 0.049573 0.064423
0 0.094444 0.865625 0.126496 0.068269
0 0.659188 0.890625 0.063675 0.013462
0 0.277991 0.868269 0.041453 0.057692
0 0.374573 0.870072 0.048291 0.061298
0 0.430983 0.868870 0.053419 0.055529
0 0.482479 0.877764 0.049573 0.035337
0 0.524573 0.874760 0.026068 0.048558
0 0.553419 0.871875 0.028205 0.048077
0 0.597863 0.865986 0.047863 0.056490
0 0.709402 0.874880 0.028205 0.042067
0 0.741667 0.874038 0.030342 0.043750
0 0.786752 0.874639 0.047009 0.041587
0 0.834188 0.870793 0.046154 0.042067
0 0.880556 0.877163 0.031197 0.018269
0 0.933120 0.861058 0.051709 0.052885
0 0.177991 0.786659 0.039744 0.046875
0 0.191453 0.878606 0.032479 0.046635
0 0.106624 0.771995 0.100427 0.065625
0 0.221581 0.876803 0.023504 0.049279
0 0.941880 0.649880 0.047009 0.088221
0 0.690812 0.189543 0.058547 0.097837
0 0.632051 0.193990 0.059829 0.088942
0 0.539957 0.194591 0.067949 0.093510
0 0.467521 0.194952 0.070085 0.090385
0 0.394444 0.185577 0.064957 0.116827
0 0.329274 0.192548 0.048291 0.107692
0 0.983333 0.648317 0.033333 0.086538
0 0.748932 0.227163 0.039744 0.018750
0 0.282265 0.208053 0.044872 0.075721
0 0.193590 0.211418 0.047863 0.076202
0 0.129701 0.189543 0.067094 0.123317
0 0.048718 0.202163 0.086325 0.095673
0 0.900000 0.313822 0.081197 0.118990
0 0.109829 0.454087 0.083761 0.100481
0 0.189957 0.464062 0.074786 0.079087
0 0.255556 0.464543 0.052991 0.079087
0 0.237821 0.205288 0.034615 0.088462
0 0.318803 0.465024 0.060684 0.078125
0 0.786752 0.228125 0.035897 0.017308
0 0.881838 0.193389 0.050855 0.024279
0 0.815812 0.313341 0.076923 0.114183
0 0.753205 0.344832 0.042308 0.053606
0 0.694231 0.348558 0.054274 0.040385
0 0.638248 0.337861 0.038889 0.074760
0 0.599573 0.339183 0.040171 0.075000
0 0.547009 0.319712 0.064957 0.114904
0 0.491026 0.332692 0.032479 0.086538
0 0.830983 0.221154 0.039744 0.025962
0 0.443590 0.323197 0.056410 0.108894
0 0.328205 0.337620 0.057265 0.082933
0 0.234402 0.348558 0.050855 0.064423
0 0.185470 0.347356 0.048718 0.071635
0 0.127137 0.342067 0.061966 0.083173
0 0.070513 0.350240 0.045299 0.070673
0 0.945085 0.197716 0.036325 0.068029
0 0.877137 0.219231 0.047436 0.025000
0 0.388034 0.345192 0.052137 0.067308
0 0.382692 0.451923 0.064530 0.100962
0 0.527778 0.479087 0.060684 0.039423
0 0.479060 0.464423 0.036752 0.070192
0 0.413889 0.567788 0.075641 0.086058
0 0.475641 0.573077 0.041026 0.077885
0 0.438462 0.463942 0.040171 0.071154
0 0.599573 0.567909 0.057265 0.077163
0 0.659188 0.569712 0.063675 0.075000
0 0.733547 0.561899 0.076496 0.083894
0 0.798718 0.560577 0.048718 0.087019
0 0.848718 0.579087 0.052137 0.048558
0 0.903419 0.565505 0.048718 0.077163
0 0.966026 0.546875 0.055128 0.076442
0 0.074786 0.674519 0.127350 0.048558
0 0.176496 0.675240 0.064957 0.078846
0 0.247009 0.671514 0.070085 0.074279
0 0.316880 0.670192 0.062821 0.077885
0 0.372222 0.669712 0.049573 0.076923
0 0.420726 0.678125 0.038889 0.062019
0 0.476068 0.670553 0.064957 0.077163
0 0.552991 0.664303 0.065812 0.069471
0 0.626496 0.666947 0.065812 0.081010
0 0.692094 0.667909 0.055983 0.076683
0 0.750641 0.666106 0.060256 0.079327
0 0.807479 0.663822 0.055128 0.081010
0 0.868376 0.663822 0.063248 0.081010
0 0.341880 0.575361 0.056410 0.070433
0 0.278419 0.567428 0.065385 0.085337
0 0.536966 0.564063 0.056838 0.088221
0 0.724573 0.456851 0.058547 0.074279
0 0.661752 0.446995 0.062821 0.102163
0 0.828846 0.458413 0.035470 0.071154
0 0.866667 0.456490 0.037607 0.070192
0 0.904701 0.450361 0.029060 0.067548
0 0.978632 0.428846 0.035043 0.097596
0 0.134188 0.570793 0.082051 0.085817
0 0.593376 0.471154 0.067094 0.049038
0 0.209402 0.569712 0.068376 0.087981
0 0.777564 0.448317 0.045726 0.092308
