0 0.407067 0.173407 0.040441 0.099265
0 0.059641 0.028646 0.059641 0.011949
0 0.286765 0.549020 0.044935 0.096814
0 0.239583 0.548560 0.045343 0.095895
0 0.192198 0.548866 0.045343 0.098958
0 0.142974 0.546722 0.047386 0.094669
0 0.096201 0.546109 0.038807 0.095895
0 0.043709 0.545037 0.061275 0.098652
0 0.964869 0.445772 0.040033 0.093750
0 0.918301 0.445925 0.041667 0.098958
0 0.865809 0.441789 0.054330 0.102941
0 0.816176 0.444700 0.032680 0.086703
0 0.763889 0.441330 0.049020 0.102022
0 0.712010 0.443781 0.043301 0.099571
0 0.667688 0.433058 0.033088 0.112439
0 0.602124 0.440104 0.048203 0.098958
0 0.551879 0.436428 0.040033 0.102022
0 0.506740 0.439338 0.040441 0.102941
0 0.462010 0.439032 0.045752 0.099877
0 0.821895 0.313113 0.040850 0.097426
0 0.866830 0.311428 0.043301 0.098958
0 0.918913 0.313879 0.042892 0.095895
0 0.964665 0.311275 0.042892 0.098652
0 0.013072 0.431373 0.026144 0.099265
0 0.047998 0.433517 0.043709 0.093750
0 0.335989 0.549479 0.045343 0.097733
0 0.092116 0.435509 0.040441 0.097733
0 0.203227 0.438113 0.037990 0.093137
0 0.237949 0.436734 0.032271 0.095282
0 0.275940 0.432445 0.039624 0.098958
0 0.324346 0.434283 0.048203 0.102635
0 0.373162 0.434743 0.044526 0.106005
0 0.416054 0.436428 0.038807 0.102022
0 0.138276 0.435509 0.044526 0.097733
0 0.056373 0.010263 0.059641 0.011949
0 0.413603 0.550858 0.040441 0.095588
0 0.458129 0.552083 0.044526 0.095588
0 0.789011 0.557138 0.040441 0.093444
0 0.741626 0.556985 0.040441 0.098039
0 0.694240 0.555913 0.043709 0.095895
0 0.648489 0.555607 0.040441 0.097733
0 0.599265 0.553156 0.049837 0.100184
0 0.266340 0.039369 0.062908 0.076287
0 0.832312 0.554841 0.038807 0.096201
0 0.316993 0.038909 0.033497 0.075368
0 0.406658 0.038297 0.052696 0.076593
0 0.460580 0.038909 0.049428 0.077819
0 0.505923 0.038603 0.035539 0.077206
0 0.548815 0.037837 0.043709 0.073223
0 0.597835 0.036765 0.046977 0.071078
0 0.647876 0.038909 0.039216 0.075368
0 0.356209 0.038297 0.043301 0.076593
0 0.758374 0.313879 0.044526 0.091605
0 0.879902 0.560355 0.053105 0.099877
0 0.980392 0.556373 0.038399 0.094363
0 0.503472 0.552543 0.040441 0.096507
0 0.549224 0.553156 0.044526 0.097733
0 0.361520 0.167126 0.044118 0.111213
0 0.050245 0.179534 0.084150 0.080270
0 0.820670 0.039522 0.035131 0.074142
0 0.782884 0.039216 0.034722 0.075980
0 0.935253 0.559283 0.046160 0.095282
0 0.581495 0.662377 0.073121 0.078431
0 0.410335 0.659773 0.053513 0.075674
0 0.352737 0.660080 0.052696 0.073836
0 0.275940 0.662990 0.091912 0.075368
0 0.178513 0.652114 0.098856 0.075061
0 0.106618 0.645067 0.043301 0.068321
0 0.034926 0.653339 0.066585 0.079963
0 0.488154 0.656863 0.098039 0.079657
0 0.687704 0.038909 0.037173 0.075368
0 0.706904 0.313266 0.033088 0.102635
0 0.622549 0.310968 0.044118 0.100490
0 0.492851 0.169730 0.038807 0.109069
0 0.117851 0.170190 0.023284 0.095282
0 0.151348 0.167586 0.041258 0.107230
0 0.198734 0.166360 0.045343 0.109681
0 0.283497 0.171569 0.018791 0.100490
0 0.314951 0.166973 0.042484 0.108456
0 0.186275 0.858456 0.045752 0.027574
0 0.134600 0.827206 0.046977 0.028799
0 0.236520 0.832108 0.045752 0.026348
0 0.234886 0.860600 0.045752 0.026961
0 0.283088 0.863051 0.047386 0.026961
0 0.286969 0.834099 0.045343 0.022978
0 0.336193 0.856005 0.049020 0.042279
0 0.386642 0.864890 0.048611 0.028186
0 0.435458 0.857690 0.041667 0.045650
0 0.483252 0.844363 0.039216 0.041054
0 0.517361 0.831342 0.026552 0.034620
0 0.060049 0.046415 0.059641 0.011949
0 0.060866 0.065104 0.059641 0.011949
0 0.120302 0.038756 0.054330 0.076900
0 0.166462 0.038909 0.038807 0.075368
0 0.212214 0.038603 0.046160 0.074755
0 0.964665 0.872396 0.055964 0.043199
0 0.537786 0.170343 0.041258 0.110294
0 0.905433 0.871630 0.048611 0.041667
0 0.770016 0.858915 0.071078 0.067708
0 0.710784 0.871783 0.040850 0.034620
0 0.669935 0.869026 0.037582 0.034007
0 0.551062 0.868566 0.028595 0.033088
0 0.549837 0.833027 0.029412 0.033088
0 0.517770 0.866881 0.027369 0.034620
0 0.842525 0.860907 0.065768 0.061887
0 0.585989 0.166820 0.049428 0.117953
0 0.685049 0.168505 0.041667 0.110907
0 0.799837 0.158088 0.179739 0.093137
0 0.162990 0.757200 0.061275 0.075061
0 0.946078 0.664675 0.071078 0.076287
0 0.122345 0.304075 0.055147 0.103860
0 0.869485 0.657629 0.051879 0.064645
0 0.801266 0.667126 0.074755 0.073836
0 0.725490 0.667279 0.073529 0.081495
0 0.226103 0.757506 0.060866 0.073223
0 0.649510 0.658854 0.058824 0.073836
0 0.236315 0.308517 0.042075 0.100490
0 0.278799 0.308211 0.038807 0.102328
0 0.323938 0.305453 0.047386 0.111520
0 0.426471 0.308211 0.147876 0.102328
0 0.527369 0.309896 0.043301 0.103248
0 0.575572 0.312653 0.041667 0.098958
0 0.183211 0.306832 0.055964 0.099571
0 0.667688 0.314798 0.036356 0.095895
0 0.286969 0.756281 0.058415 0.073223
0 0.407475 0.761795 0.051062 0.062194
0 0.911152 0.170343 0.037173 0.107843
0 0.955065 0.168811 0.036765 0.112132
0 0.023897 0.306985 0.046977 0.093750
0 0.068423 0.306219 0.042075 0.100797
0 0.138072 0.857690 0.047386 0.026042
0 0.088644 0.853860 0.046569 0.025735
0 0.348243 0.755208 0.060049 0.073529
0 0.056168 0.814951 0.050245 0.021446
0 0.922998 0.764706 0.073938 0.077819
0 0.843137 0.768689 0.070261 0.066176
0 0.771446 0.767616 0.067402 0.068934
0 0.583538 0.752757 0.054330 0.068627
0 0.523080 0.759191 0.056781 0.076593
0 0.465278 0.762408 0.045752 0.063419
0 0.038399 0.853094 0.047386 0.026654
0 0.733047 0.038450 0.042892 0.074449
