0 0.351190 0.162574 0.098545 0.091518
0 0.564815 0.155382 0.100529 0.090526
0 0.698743 0.159722 0.136905 0.068452
0 0.845899 0.153894 0.136243 0.069196
0 0.059524 0.267237 0.064153 0.047371
0 0.068287 0.320312 0.078373 0.048859
0 0.462798 0.161458 0.090939 0.093750
0 0.282573 0.257316 0.071759 0.051835
0 0.145503 0.318328 0.070106 0.044891
0 0.218419 0.315476 0.063161 0.046131
0 0.205688 0.264757 0.070106 0.047371
0 0.418320 0.312748 0.031085 0.043155
0 0.449405 0.310764 0.025132 0.041667
0 0.477348 0.309028 0.025463 0.040675
0 0.512070 0.310764 0.026786 0.039187
0 0.541336 0.307664 0.023810 0.037946
0 0.571925 0.309400 0.029431 0.033978
0 0.599041 0.304812 0.018849 0.034722
0 0.627811 0.304688 0.024802 0.036954
0 0.660549 0.299727 0.030754 0.036954
0 0.692130 0.299479 0.026455 0.040923
0 0.757771 0.292783 0.028108 0.047371
0 0.354332 0.255952 0.065807 0.049107
0 0.792989 0.289683 0.033730 0.050595
0 0.901290 0.286334 0.029431 0.053819
0 0.413856 0.267609 0.028770 0.040675
0 0.444444 0.266741 0.028439 0.041419
0 0.472057 0.265253 0.024802 0.038442
0 0.507440 0.266245 0.027447 0.037946
0 0.537037 0.265377 0.028439 0.041171
0 0.568618 0.265625 0.029431 0.039187
0 0.247685 0.168403 0.095899 0.101687
0 0.132440 0.175347 0.102183 0.094742
0 0.132440 0.264385 0.066468 0.046627
0 0.363261 0.311508 0.067130 0.048115
0 0.287864 0.311508 0.065807 0.045635
0 0.828373 0.289683 0.032407 0.050595
0 0.725364 0.294147 0.031415 0.047619
0 0.845899 0.744544 0.061508 0.039683
0 0.035880 0.176711 0.071759 0.085565
0 0.035549 0.718502 0.061177 0.043651
0 0.041336 0.765873 0.066138 0.040675
0 0.046792 0.811508 0.064484 0.042163
0 0.854167 0.495536 0.071429 0.045635
0 0.780093 0.496776 0.066138 0.043651
0 0.711640 0.501488 0.062169 0.045635
0 0.643022 0.502976 0.061839 0.038690
0 0.853836 0.591890 0.064153 0.041419
0 0.784392 0.593998 0.064815 0.035714
0 0.857143 0.546007 0.060847 0.044395
0 0.786541 0.546627 0.069114 0.045635
0 0.116402 0.808284 0.067460 0.038194
0 0.715443 0.548487 0.063161 0.037450
0 0.577381 0.558036 0.066799 0.041667
0 0.510417 0.557540 0.055886 0.045635
0 0.576554 0.507812 0.061839 0.043403
0 0.507771 0.509301 0.070437 0.041915
0 0.373347 0.515997 0.062169 0.042907
0 0.228340 0.520709 0.067130 0.042411
0 0.301257 0.517981 0.070106 0.044395
0 0.439980 0.558036 0.064484 0.041667
0 0.369544 0.562004 0.057209 0.040179
0 0.304729 0.568700 0.063823 0.041171
0 0.233962 0.570685 0.061839 0.045139
0 0.645172 0.551835 0.059524 0.041667
0 0.105489 0.762029 0.051587 0.037946
0 0.104167 0.717386 0.058862 0.036458
0 0.185020 0.809772 0.051918 0.041171
0 0.570271 0.703993 0.055886 0.043899
0 0.634425 0.700893 0.060516 0.047123
0 0.704530 0.702381 0.064484 0.040675
0 0.775463 0.703001 0.066799 0.039435
0 0.842758 0.698413 0.064484 0.044643
0 0.451058 0.660466 0.050926 0.037202
0 0.506118 0.663690 0.050595 0.038690
0 0.444610 0.496528 0.047950 0.038194
0 0.645999 0.794271 0.057870 0.036954
0 0.570767 0.750124 0.056878 0.040923
0 0.503307 0.749752 0.061508 0.045139
0 0.441468 0.752232 0.058201 0.042659
0 0.578208 0.797619 0.065146 0.048115
0 0.512731 0.799727 0.060516 0.045387
0 0.445602 0.800099 0.063161 0.043651
0 0.301587 0.705481 0.064153 0.044395
0 0.372024 0.754712 0.065476 0.043155
0 0.304067 0.758681 0.052579 0.041171
0 0.378472 0.803695 0.061839 0.043403
0 0.315476 0.802827 0.056217 0.041667
0 0.238591 0.760665 0.057870 0.035218
0 0.233300 0.712922 0.063823 0.039931
0 0.169643 0.716146 0.056878 0.041419
0 0.170966 0.759921 0.059524 0.041171
0 0.249008 0.808284 0.062831 0.035714
0 0.169312 0.570933 0.056217 0.038194
0 0.160218 0.520833 0.053902 0.038194
0 0.090443 0.525546 0.053902 0.042659
0 0.099868 0.571429 0.060185 0.039187
0 0.306217 0.383929 0.073413 0.046627
0 0.599041 0.263641 0.022156 0.037698
0 0.626157 0.264137 0.021495 0.041171
0 0.237599 0.386285 0.062500 0.048859
0 0.171296 0.391617 0.063492 0.042659
0 0.317295 0.435888 0.059854 0.045883
0 0.245866 0.438368 0.075728 0.040923
0 0.172950 0.439608 0.063492 0.041419
0 0.096561 0.392361 0.056878 0.041667
0 0.030423 0.396453 0.060847 0.047371
0 0.106812 0.439856 0.067460 0.039435
0 0.034888 0.448537 0.069775 0.039435
0 0.898975 0.231399 0.037368 0.046131
0 0.861607 0.237599 0.030754 0.044147
0 0.826720 0.238219 0.032407 0.050347
0 0.792328 0.238591 0.029101 0.046131
0 0.754630 0.242188 0.031085 0.045883
0 0.722884 0.245164 0.026455 0.044395
0 0.690807 0.257564 0.030423 0.037450
0 0.656415 0.259053 0.026455 0.035962
0 0.709491 0.746776 0.061177 0.036706
0 0.641865 0.748636 0.068783 0.037946
0 0.847718 0.788566 0.058532 0.037450
0 0.780919 0.793155 0.061177 0.041667
0 0.712632 0.794891 0.064153 0.038194
0 0.385747 0.433284 0.059854 0.043155
0 0.779597 0.747768 0.061839 0.043651
0 0.454365 0.431176 0.064153 0.046379
0 0.378968 0.383061 0.059524 0.047371
0 0.714947 0.597718 0.068783 0.040675
0 0.646495 0.598586 0.058862 0.042411
0 0.576389 0.603671 0.061508 0.043155
0 0.512235 0.604663 0.059524 0.040179
0 0.446429 0.607763 0.054894 0.043899
0 0.381118 0.609747 0.060516 0.040427
0 0.310351 0.611979 0.068452 0.039931
0 0.238591 0.615575 0.061177 0.039683
0 0.173776 0.618304 0.065146 0.033234
0 0.107639 0.621156 0.059193 0.038938
0 0.028770 0.525546 0.057540 0.045139
0 0.030589 0.576389 0.061177 0.042163
0 0.035714 0.621528 0.071429 0.034722
0 0.876488 0.411334 0.063823 0.042907
0 0.807044 0.416171 0.067791 0.045635
0 0.878638 0.358631 0.061508 0.042659
0 0.802910 0.363839 0.072751 0.045635
0 0.730489 0.367063 0.064153 0.047123
0 0.732143 0.417783 0.067460 0.043899
0 0.662202 0.420263 0.061177 0.043899
0 0.639881 0.377356 0.061508 0.035962
0 0.581349 0.376488 0.051587 0.039187
0 0.593254 0.424107 0.066138 0.046627
0 0.519180 0.375372 0.062831 0.044395
0 0.451058 0.381944 0.067460 0.042659
0 0.523810 0.431176 0.056878 0.046379
0 0.864583 0.288566 0.033399 0.050843
