0 0.692938 0.241529 0.031794 0.080572
0 0.031627 0.560994 0.041834 0.084337
0 0.731928 0.240211 0.046185 0.078690
0 0.969043 0.465361 0.061914 0.085843
0 0.614290 0.252824 0.039826 0.057982
0 0.969880 0.664533 0.043507 0.069654
0 0.049699 0.241152 0.094043 0.074548
0 0.129351 0.240964 0.061245 0.072666
0 0.185576 0.241152 0.051205 0.077560
0 0.232597 0.242658 0.044177 0.075301
0 0.275268 0.241529 0.038487 0.078313
0 0.655957 0.241717 0.043507 0.078690
0 0.315094 0.240399 0.043842 0.079819
0 0.398092 0.246235 0.039157 0.074172
0 0.445783 0.245105 0.054886 0.070407
0 0.496486 0.244164 0.043842 0.072289
0 0.538822 0.253389 0.032798 0.059111
0 0.778949 0.246235 0.049197 0.074172
0 0.573795 0.252636 0.038487 0.058358
0 0.359438 0.242470 0.042169 0.083208
0 0.826305 0.246800 0.042838 0.073795
0 0.779953 0.745670 0.051205 0.054970
0 0.909304 0.247176 0.032798 0.077560
0 0.422356 0.749435 0.029451 0.066265
0 0.483434 0.751883 0.060576 0.067395
0 0.558400 0.750941 0.055890 0.062500
0 0.639391 0.751318 0.061914 0.063253
0 0.712349 0.750188 0.054552 0.064006
0 0.843541 0.750377 0.034471 0.058358
0 0.892905 0.752824 0.037483 0.063253
0 0.932229 0.752259 0.041165 0.063630
0 0.976908 0.749812 0.041499 0.057229
0 0.867972 0.570407 0.035141 0.070407
0 0.905455 0.570595 0.041165 0.070030
0 0.971720 0.569842 0.056560 0.081325
0 0.387718 0.745294 0.039826 0.066265
0 0.031292 0.658509 0.041165 0.075678
0 0.110609 0.657756 0.039826 0.075678
0 0.145917 0.658509 0.030790 0.075678
0 0.179217 0.659639 0.038487 0.071913
0 0.213186 0.653709 0.021419 0.066077
0 0.243474 0.667922 0.033802 0.061370
0 0.382530 0.569936 0.034806 0.062688
0 0.309237 0.666792 0.037483 0.059111
0 0.346553 0.665098 0.037149 0.060994
0 0.382195 0.667357 0.034137 0.063253
0 0.418507 0.668110 0.037149 0.060994
0 0.471720 0.672063 0.058568 0.057605
0 0.528949 0.670934 0.055890 0.061370
0 0.069946 0.658133 0.033467 0.074925
0 0.577644 0.369729 0.036145 0.058735
0 0.869980 0.246611 0.044511 0.073419
0 0.538655 0.369729 0.037818 0.057982
0 0.419846 0.571819 0.041165 0.064194
0 0.456827 0.570971 0.034137 0.069277
0 0.496821 0.563347 0.039157 0.068336
0 0.533133 0.563159 0.032129 0.070218
0 0.565763 0.564477 0.033133 0.073607
0 0.607430 0.568618 0.042169 0.069842
0 0.648092 0.569277 0.037818 0.069654
0 0.683735 0.567489 0.033467 0.069842
0 0.760542 0.569842 0.098059 0.075301
0 0.830656 0.571913 0.030120 0.070407
0 0.289491 0.562406 0.035475 0.074736
0 0.258199 0.563912 0.025770 0.075489
0 0.023260 0.748682 0.030455 0.052711
0 0.061914 0.748870 0.044177 0.052334
0 0.107932 0.751506 0.045181 0.050075
0 0.161814 0.745858 0.046519 0.055346
0 0.228246 0.564288 0.030120 0.076995
0 0.195950 0.563912 0.034471 0.078502
0 0.158969 0.564759 0.040830 0.078690
0 0.114625 0.565889 0.042503 0.076431
0 0.070950 0.560053 0.040830 0.085467
0 0.466031 0.360128 0.035141 0.075678
0 0.205154 0.745294 0.037483 0.056476
0 0.245482 0.745482 0.043173 0.054593
0 0.305556 0.746800 0.040830 0.060241
0 0.339859 0.746611 0.029116 0.059864
0 0.502343 0.360316 0.034806 0.076054
0 0.580656 0.668486 0.031459 0.065512
0 0.623327 0.667545 0.052544 0.068148
0 0.271252 0.668110 0.025100 0.060994
0 0.428715 0.360693 0.036814 0.076054
0 0.672691 0.667733 0.044846 0.070030
0 0.824297 0.363328 0.033467 0.073795
0 0.859940 0.362199 0.035141 0.076807
0 0.899598 0.364834 0.045515 0.073795
0 0.941600 0.363328 0.038487 0.073042
0 0.979585 0.365587 0.029451 0.068524
0 0.018742 0.463479 0.036814 0.078313
0 0.058568 0.464044 0.042838 0.079443
0 0.108601 0.466303 0.046519 0.071913
0 0.151606 0.466114 0.036814 0.075301
0 0.190261 0.466679 0.039157 0.072666
0 0.227912 0.465550 0.034806 0.073419
0 0.267905 0.465550 0.045181 0.073419
0 0.306894 0.466491 0.032798 0.071536
0 0.342202 0.466679 0.039157 0.072666
0 0.381861 0.463667 0.038822 0.080196
0 0.422189 0.465173 0.037818 0.078690
0 0.947289 0.248117 0.044511 0.070407
0 0.985107 0.250188 0.029786 0.069277
0 0.888554 0.466114 0.097724 0.083584
0 0.022590 0.358622 0.039826 0.075678
0 0.811245 0.469127 0.038153 0.074548
0 0.775268 0.470068 0.031124 0.076431
0 0.785977 0.359752 0.041834 0.080949
0 0.742303 0.468750 0.034806 0.076807
0 0.661981 0.467432 0.034137 0.080196
0 0.622323 0.465361 0.045181 0.076807
0 0.582329 0.465550 0.034806 0.076431
0 0.548695 0.465926 0.031124 0.075678
0 0.512048 0.464608 0.043507 0.077560
0 0.463688 0.466867 0.042503 0.082078
0 0.697624 0.466867 0.041165 0.079819
0 0.739960 0.370294 0.035475 0.056852
0 0.342871 0.568053 0.040495 0.065700
0 0.659639 0.369164 0.040161 0.057605
0 0.061245 0.357869 0.037483 0.078690
0 0.884203 0.668110 0.046854 0.067771
0 0.814257 0.669804 0.034806 0.063630
0 0.743641 0.665851 0.095716 0.072289
0 0.135207 0.354386 0.105087 0.082267
0 0.927544 0.668486 0.037149 0.069277
0 0.320114 0.360693 0.043173 0.079819
0 0.356091 0.361069 0.030120 0.078313
0 0.615964 0.370482 0.043173 0.059488
0 0.390395 0.359940 0.034471 0.075301
0 0.237450 0.355516 0.096720 0.080761
0 0.700971 0.368976 0.042503 0.056476
