0 0.110417 0.119653 0.160577 0.031606
0 0.114904 0.151378 0.165064 0.024240
0 0.653205 0.531250 0.089744 0.025903
0 0.628686 0.413855 0.181090 0.027329
0 0.937019 0.456393 0.125962 0.020200
0 0.934776 0.480989 0.130449 0.022338
0 0.150000 0.526972 0.144231 0.029230
0 0.151923 0.553945 0.139103 0.021863
0 0.153686 0.579254 0.141987 0.029705
0 0.296795 0.578303 0.138462 0.033508
0 0.443590 0.523883 0.170513 0.030181
0 0.446474 0.551568 0.164103 0.026616
0 0.442788 0.584244 0.149679 0.032557
0 0.568429 0.530299 0.068910 0.023527
0 0.747436 0.664686 0.163462 0.026141
0 0.906250 0.668251 0.147115 0.028517
0 0.910737 0.694986 0.146474 0.022576
0 0.038942 0.786953 0.071474 0.027329
0 0.144551 0.762001 0.136538 0.026854
0 0.144551 0.788855 0.134615 0.024002
0 0.279327 0.762239 0.131731 0.027329
0 0.279968 0.787191 0.131090 0.023051
0 0.430609 0.738593 0.150962 0.025190
0 0.426763 0.768417 0.156090 0.027804
0 0.587019 0.764377 0.160577 0.026854
0 0.937821 0.433817 0.124359 0.026854
0 0.745833 0.741683 0.160256 0.033745
0 0.789263 0.413379 0.138782 0.028755
0 0.606090 0.445342 0.173718 0.031369
0 0.784135 0.174073 0.179808 0.029230
0 0.787500 0.206155 0.173077 0.032082
0 0.578365 0.192609 0.086859 0.028755
0 0.091026 0.281488 0.175641 0.031606
0 0.091026 0.315708 0.172436 0.031606
0 0.087660 0.348265 0.168910 0.030656
0 0.266186 0.320461 0.175962 0.031606
0 0.264904 0.350404 0.173397 0.025428
0 0.451282 0.287904 0.179487 0.037310
0 0.452244 0.320699 0.175000 0.029705
0 0.658333 0.327709 0.173077 0.025190
0 0.620673 0.295152 0.152244 0.026141
0 0.807051 0.312856 0.114103 0.021150
0 0.805449 0.333650 0.117308 0.020437
0 0.940224 0.328897 0.119551 0.027567
0 0.140224 0.464472 0.156090 0.038736
0 0.287660 0.422410 0.138782 0.027804
0 0.287340 0.445105 0.138782 0.019011
0 0.287340 0.467562 0.138141 0.025903
0 0.437660 0.415280 0.161859 0.030181
0 0.440545 0.444629 0.157372 0.029943
0 0.781891 0.445580 0.168910 0.027567
0 0.127724 0.216849 0.184295 0.032082
0 0.904006 0.746198 0.152244 0.026141
0 0.745673 0.770794 0.156731 0.023051
0 0.587981 0.734791 0.156731 0.019962
0 0.125801 0.181202 0.181731 0.036359
0 0.615224 0.555133 0.166987 0.024240
0 0.612340 0.577353 0.170192 0.021150
0 0.783173 0.554658 0.158654 0.030418
0 0.936058 0.557747 0.126603 0.029468
0 0.937340 0.586858 0.125321 0.026854
0 0.130609 0.651972 0.168910 0.028755
0 0.132532 0.683341 0.168269 0.030181
0 0.281571 0.665399 0.123397 0.027567
0 0.281891 0.690233 0.124038 0.020200
0 0.425481 0.634743 0.153526 0.025190
0 0.583173 0.630228 0.159936 0.031369
0 0.743429 0.636050 0.161859 0.030181
0 0.910096 0.640566 0.167628 0.025903
0 0.424840 0.661359 0.152244 0.024240
0 0.579647 0.661359 0.165705 0.025665
0 0.961058 0.894606 0.072115 0.027804
0 0.892949 0.909102 0.028205 0.025903
0 0.800000 0.524358 0.176282 0.030181
0 0.893590 0.880585 0.029487 0.024002
0 0.905128 0.770318 0.163462 0.024952
0 0.903045 0.797172 0.150321 0.024002
0 0.036378 0.862524 0.072756 0.017823
0 0.037019 0.879040 0.072756 0.015684
0 0.037019 0.895437 0.070833 0.019962
0 0.860417 0.907913 0.029808 0.021150
0 0.157051 0.873455 0.128846 0.020675
0 0.158013 0.896507 0.131410 0.024477
0 0.291026 0.853850 0.130128 0.028992
0 0.156090 0.851711 0.130769 0.022338
0 0.289744 0.901022 0.127564 0.024002
0 0.290705 0.878683 0.132051 0.021625
0 0.770353 0.903636 0.147115 0.026854
0 0.764904 0.874881 0.157372 0.030656
0 0.602244 0.905299 0.158333 0.027804
0 0.862019 0.881773 0.029808 0.023051
0 0.603045 0.875119 0.156731 0.027329
0 0.442468 0.881892 0.156731 0.021388
0 0.441186 0.858721 0.159295 0.026854
0 0.450000 0.194273 0.167308 0.036835
