0 0.117735 0.780769 0.040598 0.041346
0 0.048932 0.770433 0.080769 0.045192
0 0.898932 0.708534 0.048291 0.055529
0 0.161966 0.783173 0.047009 0.038942
0 0.855769 0.728486 0.031197 0.017067
0 0.823718 0.728606 0.027778 0.014904
0 0.211111 0.781851 0.041026 0.038702
0 0.255983 0.780889 0.040171 0.034375
0 0.947222 0.711058 0.044872 0.057692
0 0.830342 0.712139 0.032479 0.016106
0 0.824786 0.687861 0.047009 0.026202
0 0.764530 0.700841 0.064957 0.073798
0 0.682692 0.705409 0.070513 0.073317
0 0.601068 0.704447 0.062821 0.071394
0 0.523718 0.709736 0.051709 0.057933
0 0.473077 0.711899 0.045299 0.064663
0 0.433974 0.692548 0.032051 0.057212
0 0.900641 0.238582 0.073077 0.063221
0 0.356410 0.709014 0.037607 0.061298
0 0.286966 0.715625 0.062821 0.052404
0 0.227350 0.708173 0.052137 0.039904
0 0.325214 0.775000 0.048718 0.027404
0 0.374145 0.780889 0.038034 0.036779
0 0.762607 0.774399 0.061111 0.035817
0 0.490171 0.777885 0.058120 0.035577
0 0.713675 0.874399 0.032479 0.055529
0 0.661538 0.878966 0.032479 0.040625
0 0.608547 0.887740 0.069231 0.028846
0 0.544017 0.870313 0.052991 0.069471
0 0.486111 0.886779 0.045726 0.041346
0 0.420940 0.873317 0.070940 0.065865
0 0.350214 0.887260 0.063675 0.044712
0 0.290385 0.897476 0.044017 0.028606
0 0.249359 0.897115 0.035470 0.027885
0 0.200214 0.891707 0.058547 0.024760
0 0.419017 0.782212 0.041453 0.034615
0 0.233120 0.863702 0.041453 0.022115
0 0.115598 0.899038 0.084188 0.037019
0 0.044231 0.888942 0.040598 0.048077
0 0.970085 0.776322 0.056410 0.037260
0 0.912179 0.775120 0.053419 0.032452
0 0.835256 0.789423 0.059402 0.014904
0 0.830983 0.771154 0.059402 0.019712
0 0.160470 0.715625 0.039744 0.057212
0 0.697863 0.780168 0.057265 0.040144
0 0.628632 0.779087 0.066667 0.030769
0 0.558120 0.776442 0.059829 0.027885
0 0.204915 0.838462 0.037179 0.015385
0 0.114957 0.713702 0.043590 0.055769
0 0.528205 0.622356 0.056410 0.043750
0 0.954274 0.617188 0.072650 0.055529
0 0.848932 0.471274 0.043162 0.043510
0 0.895299 0.471995 0.041026 0.040144
0 0.955769 0.472476 0.044872 0.043510
0 0.023291 0.553966 0.042308 0.038702
0 0.104274 0.550240 0.039316 0.045673
0 0.988462 0.895913 0.019658 0.011058
0 0.964103 0.892548 0.023077 0.009135
0 0.986538 0.883894 0.024359 0.009135
0 0.798504 0.544111 0.038034 0.050240
0 0.758974 0.540144 0.023932 0.050000
0 0.960470 0.882572 0.024359 0.008894
0 0.149359 0.547596 0.034615 0.049519
0 0.686752 0.549159 0.039316 0.046394
0 0.646368 0.547837 0.041453 0.048077
0 0.585470 0.557452 0.066667 0.025000
0 0.516453 0.554087 0.062821 0.028846
0 0.450427 0.556010 0.060684 0.025481
0 0.379274 0.554567 0.061111 0.029808
0 0.326496 0.543389 0.033333 0.043510
0 0.291239 0.538462 0.023504 0.046635
0 0.245513 0.542909 0.040598 0.046875
0 0.192949 0.548918 0.039744 0.052644
0 0.732479 0.546154 0.031624 0.049519
0 0.988248 0.872356 0.023504 0.012500
0 0.960470 0.871394 0.028632 0.012981
0 0.916880 0.878846 0.027778 0.045192
0 0.809402 0.617668 0.076923 0.056490
0 0.720726 0.617548 0.050855 0.056250
0 0.654060 0.621755 0.048291 0.042548
0 0.584615 0.618269 0.047863 0.060096
0 0.460043 0.623317 0.058547 0.011538
0 0.451282 0.639062 0.070940 0.011298
0 0.393376 0.630529 0.028632 0.040385
0 0.364957 0.627284 0.023932 0.039183
0 0.331410 0.626202 0.043162 0.039423
0 0.276709 0.625841 0.042308 0.038702
0 0.228846 0.626683 0.024359 0.042788
0 0.202778 0.625601 0.020085 0.045433
0 0.174573 0.627284 0.028632 0.051202
0 0.134402 0.639423 0.038889 0.026923
0 0.134615 0.611779 0.044444 0.027404
0 0.046368 0.638221 0.040598 0.061058
0 0.013034 0.638822 0.021795 0.062260
0 0.024786 0.222837 0.045299 0.094712
0 0.882479 0.533053 0.032479 0.047837
0 0.842308 0.543510 0.043590 0.048077
0 0.760897 0.863582 0.044872 0.073317
0 0.805769 0.864543 0.035470 0.075240
0 0.861325 0.876563 0.063675 0.050240
0 0.037607 0.713221 0.070940 0.028365
0 0.975641 0.547236 0.046154 0.046875
0 0.979701 0.242548 0.040598 0.056250
0 0.396154 0.709014 0.038462 0.063702
0 0.334615 0.466947 0.049573 0.013221
0 0.384615 0.467548 0.041880 0.009615
0 0.437179 0.464543 0.047009 0.010817
0 0.450641 0.482692 0.048291 0.020192
0 0.506624 0.482933 0.051709 0.020673
0 0.496154 0.460337 0.052137 0.021635
0 0.563889 0.449639 0.027778 0.024760
0 0.290171 0.460096 0.025641 0.011538
0 0.607479 0.450962 0.050000 0.025000
0 0.643376 0.478966 0.056838 0.026202
0 0.702778 0.471394 0.050000 0.041346
0 0.760043 0.473197 0.055983 0.037740
0 0.170513 0.450481 0.051282 0.014423
0 0.485256 0.399880 0.044017 0.039663
0 0.432051 0.399279 0.049573 0.038462
0 0.375000 0.402764 0.044017 0.030048
0 0.580769 0.480288 0.052991 0.027404
0 0.252991 0.467668 0.038462 0.014663
0 0.390812 0.489663 0.050000 0.007212
0 0.394017 0.480048 0.060684 0.007692
0 0.119017 0.450481 0.047436 0.014423
0 0.174573 0.436659 0.045726 0.008413
0 0.125855 0.436298 0.044017 0.010096
0 0.149359 0.484615 0.047436 0.026923
0 0.094444 0.482572 0.046154 0.027163
0 0.036538 0.481010 0.064530 0.028846
0 0.895299 0.401322 0.088889 0.028125
0 0.800855 0.402644 0.081197 0.023077
0 0.710470 0.402644 0.073932 0.025962
0 0.357479 0.383293 0.069658 0.008894
0 0.488034 0.375962 0.049573 0.009135
0 0.646368 0.399279 0.050000 0.038462
0 0.592094 0.399519 0.049145 0.036538
0 0.536325 0.399159 0.046154 0.035817
0 0.214316 0.484856 0.051709 0.014904
0 0.271154 0.486418 0.056838 0.018029
0 0.333333 0.486418 0.056410 0.018029
0 0.319658 0.402524 0.046154 0.028125
0 0.265385 0.403365 0.054701 0.028846
0 0.140171 0.463702 0.068376 0.009135
0 0.144658 0.401082 0.046581 0.031010
0 0.498932 0.249038 0.101282 0.011058
0 0.200427 0.403125 0.058974 0.029327
0 0.497863 0.225120 0.099145 0.009375
0 0.392735 0.231611 0.088034 0.078125
0 0.290598 0.242668 0.087179 0.060337
0 0.187821 0.239423 0.090171 0.064904
0 0.117735 0.244111 0.036325 0.059856
0 0.077778 0.242909 0.038462 0.061779
0 0.499786 0.263822 0.102991 0.016106
0 0.913462 0.343269 0.073077 0.019712
0 0.252564 0.317428 0.050427 0.018510
0 0.313675 0.346034 0.047009 0.022356
0 0.366667 0.346274 0.044444 0.018990
0 0.427564 0.347596 0.071368 0.015385
0 0.510043 0.345433 0.075641 0.018750
0 0.592735 0.345913 0.068376 0.016827
0 0.684188 0.341466 0.082051 0.025240
0 0.827350 0.344471 0.078632 0.016827
0 0.262179 0.342187 0.048291 0.024279
0 0.579915 0.251923 0.029915 0.011538
0 0.499145 0.236538 0.097436 0.012500
0 0.622222 0.266226 0.031624 0.013702
0 0.085256 0.341346 0.049145 0.029808
0 0.172009 0.313462 0.054274 0.025962
0 0.830556 0.239423 0.054274 0.069712
0 0.700427 0.225841 0.045299 0.091106
0 0.657265 0.267668 0.028205 0.011779
0 0.585043 0.266827 0.030769 0.014904
0 0.141453 0.340865 0.058120 0.028846
0 0.656624 0.253846 0.022650 0.010577
0 0.623504 0.253846 0.034188 0.010577
0 0.112607 0.312019 0.055983 0.025000
0 0.026282 0.328486 0.048291 0.052644
0 0.963675 0.334736 0.026496 0.033894
0 0.033974 0.413582 0.059402 0.047837
0 0.092094 0.404567 0.045726 0.026923
0 0.659188 0.240745 0.027778 0.013702
0 0.205769 0.342909 0.047436 0.025721
