0 0.472917 0.460156 0.162500 0.032813
0 0.472917 0.492969 0.162500 0.032813
0 0.317708 0.872656 0.147917 0.032813
0 0.472917 0.427344 0.162500 0.032813
0 0.470833 0.527344 0.162500 0.032813
0 0.310417 0.590625 0.158333 0.034375
0 0.311458 0.625000 0.160417 0.034375
0 0.314583 0.666406 0.158333 0.032813
0 0.314583 0.700781 0.158333 0.032813
0 0.315625 0.735156 0.156250 0.032813
0 0.315625 0.769531 0.156250 0.032813
0 0.317708 0.807031 0.147917 0.032813
0 0.317708 0.839844 0.147917 0.032813
0 0.421875 0.917969 0.147917 0.032813
0 0.421875 0.917969 0.147917 0.032813
0 0.421875 0.917969 0.147917 0.032813
0 0.421875 0.917969 0.147917 0.032813
0 0.304167 0.557031 0.158333 0.032813
0 0.468750 0.560156 0.162500 0.032813
0 0.304167 0.458594 0.154167 0.032813
0 0.475000 0.627344 0.162500 0.032813
0 0.305208 0.489844 0.160417 0.032813
0 0.830208 0.849219 0.160417 0.032813
0 0.822917 0.882031 0.158333 0.032813
0 0.060417 0.347656 0.095833 0.110937
0 0.181250 0.339062 0.137500 0.121875
0 0.332292 0.345313 0.160417 0.125000
0 0.504167 0.344531 0.162500 0.117188
0 0.687500 0.349219 0.158333 0.123438
0 0.860417 0.349219 0.166667 0.120313
0 0.472917 0.594531 0.162500 0.032813
0 0.137500 0.424219 0.154167 0.032813
0 0.139583 0.458594 0.154167 0.032813
0 0.140625 0.491406 0.156250 0.032813
0 0.140625 0.525000 0.156250 0.034375
0 0.139583 0.558594 0.154167 0.032813
0 0.147917 0.592969 0.154167 0.032813
0 0.147917 0.628906 0.154167 0.032813
0 0.154167 0.667188 0.154167 0.034375
0 0.156250 0.702344 0.154167 0.032813
0 0.156250 0.735938 0.154167 0.034375
0 0.154167 0.771094 0.154167 0.032813
0 0.162500 0.804688 0.154167 0.034375
0 0.165625 0.838281 0.152083 0.032813
0 0.163542 0.871094 0.147917 0.032813
0 0.305208 0.523438 0.160417 0.034375
0 0.840625 0.779687 0.168750 0.034375
0 0.848958 0.745313 0.168750 0.034375
0 0.835417 0.814844 0.158333 0.032813
0 0.857292 0.675000 0.168750 0.034375
0 0.477083 0.661719 0.162500 0.032813
0 0.477083 0.696094 0.162500 0.032813
0 0.477083 0.728906 0.162500 0.032813
0 0.477083 0.761719 0.162500 0.032813
0 0.475000 0.794531 0.162500 0.032813
0 0.472917 0.828906 0.162500 0.032813
0 0.475000 0.861719 0.162500 0.032813
0 0.692708 0.478125 0.181250 0.131250
0 0.687500 0.564063 0.170833 0.034375
0 0.687500 0.600781 0.170833 0.035937
0 0.685417 0.636719 0.170833 0.035937
0 0.679167 0.672656 0.170833 0.035937
0 0.677083 0.707812 0.170833 0.034375
0 0.677083 0.743750 0.170833 0.034375
0 0.668750 0.779687 0.170833 0.034375
0 0.668750 0.814063 0.170833 0.034375
0 0.662500 0.848437 0.162500 0.034375
0 0.660417 0.882812 0.162500 0.034375
0 0.893750 0.428906 0.175000 0.035937
0 0.889583 0.464844 0.175000 0.035937
0 0.885417 0.500781 0.175000 0.035937
0 0.878125 0.535156 0.181250 0.032813
0 0.868750 0.568750 0.162500 0.034375
0 0.865625 0.604688 0.168750 0.034375
0 0.861458 0.640625 0.168750 0.034375
0 0.853125 0.710938 0.168750 0.034375
0 0.303125 0.424219 0.156250 0.032813
