0 0.652865 0.744727 0.059896 0.101953
0 0.716927 0.752734 0.049479 0.105469
0 0.775521 0.766211 0.050000 0.108984
0 0.305990 0.782227 0.035937 0.105078
0 0.892448 0.795898 0.056771 0.119141
0 0.909635 0.961719 0.057813 0.076563
0 0.848177 0.950977 0.053646 0.098047
0 0.785156 0.941016 0.052604 0.111719
0 0.728646 0.922070 0.050000 0.118359
0 0.673958 0.908203 0.051042 0.099219
0 0.608073 0.879883 0.067187 0.117578
0 0.526042 0.857812 0.064583 0.109375
0 0.463802 0.836133 0.050521 0.104297
0 0.394531 0.821680 0.056771 0.092578
0 0.343490 0.797266 0.036979 0.098437
0 0.267448 0.770312 0.029687 0.102344
0 0.215104 0.765234 0.056250 0.075000
0 0.164844 0.768359 0.031771 0.034375
0 0.165885 0.730859 0.033854 0.035937
0 0.119792 0.732812 0.052083 0.071875
0 0.075781 0.739258 0.029687 0.031641
0 0.075260 0.701758 0.031771 0.037891
0 0.038281 0.710742 0.040104 0.063672
0 0.952083 0.808984 0.056250 0.117969
0 0.833333 0.780273 0.046875 0.113672
0 0.016406 0.236914 0.021354 0.067578
0 0.196615 0.550586 0.024479 0.081641
0 0.517969 0.712891 0.056771 0.093750
0 0.975000 0.415820 0.048958 0.110547
0 0.922135 0.398633 0.053646 0.126953
0 0.845052 0.405859 0.053646 0.107813
0 0.786198 0.403320 0.054688 0.110547
0 0.741146 0.398828 0.028125 0.106250
0 0.655729 0.221094 0.034375 0.091406
0 0.616406 0.218164 0.032813 0.094141
0 0.579688 0.218164 0.033333 0.089453
0 0.542708 0.223633 0.035417 0.073047
0 0.504167 0.219922 0.032292 0.082031
0 0.469271 0.218164 0.031250 0.085547
0 0.433854 0.221875 0.031250 0.073438
0 0.401823 0.221484 0.030729 0.074219
0 0.366667 0.222656 0.032292 0.075000
0 0.333073 0.222461 0.030729 0.074609
0 0.027344 0.334766 0.020313 0.069531
0 0.297917 0.222070 0.031250 0.071484
0 0.048958 0.338281 0.018750 0.068750
0 0.105208 0.338281 0.026042 0.076563
0 0.009635 0.423828 0.019271 0.073438
0 0.617448 0.340430 0.046354 0.078516
0 0.571094 0.337305 0.041146 0.080859
0 0.524740 0.329102 0.039062 0.087891
0 0.480729 0.328906 0.039583 0.081250
0 0.438281 0.332227 0.030729 0.068359
0 0.401823 0.324414 0.029687 0.080859
0 0.367448 0.319336 0.031771 0.085547
0 0.332813 0.317578 0.029167 0.082031
0 0.301823 0.317188 0.027604 0.078906
0 0.242448 0.348828 0.025521 0.082812
0 0.213281 0.347461 0.026562 0.082422
0 0.185417 0.345703 0.025000 0.080469
0 0.158073 0.344141 0.026562 0.077344
0 0.132031 0.341406 0.020313 0.078906
0 0.073177 0.337305 0.027604 0.072266
0 0.263802 0.235547 0.028646 0.088281
0 0.233594 0.234570 0.027604 0.083984
0 0.206510 0.235156 0.024479 0.085156
0 0.490365 0.113867 0.026562 0.072266
0 0.525000 0.108984 0.034375 0.077344
0 0.559896 0.105273 0.030208 0.083984
0 0.598437 0.103320 0.036458 0.085547
0 0.639062 0.099219 0.038542 0.089844
0 0.683854 0.099219 0.043750 0.085938
0 0.734635 0.093164 0.043229 0.088672
0 0.793750 0.062695 0.058333 0.119141
0 0.860938 0.059961 0.065625 0.116016
0 0.928906 0.058594 0.056771 0.113281
0 0.980729 0.056641 0.038542 0.110937
0 0.777865 0.236719 0.043229 0.109375
0 0.819792 0.239063 0.034375 0.107813
0 0.883333 0.239258 0.061458 0.110547
0 0.955208 0.226758 0.064583 0.141016
0 0.454688 0.106445 0.035417 0.091797
0 0.413802 0.108398 0.035937 0.089453
0 0.377865 0.112109 0.026562 0.089844
0 0.342969 0.114453 0.039062 0.086719
0 0.175000 0.233594 0.027083 0.082031
0 0.147656 0.236133 0.025521 0.076172
0 0.123438 0.237695 0.019792 0.081641
0 0.096354 0.235547 0.029167 0.079687
0 0.008594 0.130664 0.017188 0.084766
0 0.025521 0.128711 0.014583 0.091797
0 0.047917 0.126562 0.025000 0.091406
0 0.031250 0.431250 0.016667 0.064844
0 0.071094 0.125000 0.019271 0.088281
0 0.126562 0.124219 0.017708 0.082812
0 0.147917 0.122266 0.020833 0.085156
0 0.172135 0.119922 0.021354 0.089063
0 0.199219 0.117188 0.029687 0.089844
0 0.233854 0.115234 0.033333 0.088281
0 0.269792 0.113867 0.034375 0.089453
0 0.304948 0.116406 0.030729 0.083594
0 0.098437 0.122656 0.023958 0.087500
0 0.586719 0.729883 0.060937 0.095703
0 0.053906 0.431641 0.022396 0.069531
0 0.104688 0.440039 0.019792 0.069141
0 0.586719 0.628516 0.039062 0.065625
0 0.545833 0.618945 0.036458 0.072266
0 0.506771 0.610938 0.032292 0.068750
0 0.467969 0.604688 0.033854 0.062500
0 0.436198 0.600586 0.026562 0.060547
0 0.403385 0.591406 0.026562 0.070312
0 0.374479 0.584570 0.026042 0.065234
0 0.348177 0.586328 0.018229 0.049219
0 0.324740 0.583984 0.024479 0.047656
0 0.261979 0.562695 0.030208 0.080859
0 0.228125 0.556250 0.028125 0.082812
0 0.041146 0.238867 0.022917 0.069141
0 0.166667 0.542383 0.023958 0.076172
0 0.139323 0.538672 0.024479 0.075000
0 0.113542 0.537891 0.022917 0.064844
0 0.633333 0.638281 0.038542 0.067969
0 0.090625 0.533398 0.019792 0.069141
0 0.677865 0.647656 0.036979 0.074219
0 0.770573 0.645117 0.034896 0.090234
0 0.457813 0.696875 0.047917 0.096094
0 0.404427 0.682422 0.043229 0.084375
0 0.348958 0.668945 0.047917 0.084766
0 0.301563 0.669727 0.030208 0.065234
0 0.250521 0.654297 0.053125 0.074219
0 0.195312 0.639453 0.050000 0.072656
0 0.154427 0.636328 0.027604 0.055469
0 0.121354 0.627930 0.030208 0.058203
0 0.090625 0.618750 0.027083 0.054688
0 0.062500 0.611914 0.028125 0.055859
0 0.031771 0.602148 0.029167 0.059766
0 0.975000 0.683203 0.048958 0.096094
0 0.923177 0.676758 0.045312 0.094141
0 0.871094 0.664062 0.040104 0.089844
0 0.817448 0.655469 0.046354 0.087500
0 0.725000 0.637500 0.042708 0.085938
0 0.065885 0.529883 0.021354 0.059766
0 0.042188 0.524609 0.021875 0.060156
0 0.018490 0.517578 0.017188 0.062500
0 0.572656 0.445312 0.035937 0.073438
0 0.529167 0.439063 0.039583 0.071875
0 0.490625 0.437500 0.031250 0.068750
0 0.454167 0.431250 0.034375 0.071094
0 0.421094 0.425391 0.027604 0.070312
0 0.385937 0.421680 0.028125 0.073047
0 0.355469 0.418555 0.024479 0.066797
0 0.327865 0.416797 0.025521 0.063281
0 0.298958 0.415625 0.028125 0.065625
0 0.265104 0.460742 0.022917 0.080859
0 0.236979 0.457617 0.026042 0.080859
0 0.205469 0.451758 0.027604 0.082422
0 0.174479 0.448633 0.026042 0.077734
0 0.150000 0.447070 0.018750 0.074609
0 0.128906 0.443945 0.019271 0.070703
0 0.620052 0.448633 0.043229 0.073828
0 0.672917 0.450000 0.040625 0.085156
0 0.742448 0.511719 0.049479 0.034375
0 0.735677 0.546094 0.047396 0.028125
0 0.671354 0.550781 0.044792 0.071875
0 0.621094 0.542969 0.039062 0.073438
0 0.574479 0.537305 0.036458 0.072266
0 0.533333 0.530664 0.034375 0.067578
0 0.492708 0.525391 0.037500 0.065625
0 0.451562 0.522070 0.035417 0.061328
0 0.416667 0.512891 0.030208 0.060156
0 0.080990 0.434375 0.023438 0.071094
0 0.383333 0.509961 0.026042 0.060547
0 0.321094 0.500391 0.031771 0.058594
0 0.942448 0.569922 0.060937 0.046094
0 0.949219 0.525195 0.059896 0.037891
0 0.885417 0.541797 0.037500 0.077344
0 0.846354 0.537891 0.030208 0.075781
0 0.795312 0.555664 0.046875 0.032422
0 0.799219 0.520508 0.049479 0.030078
0 0.352604 0.504492 0.027083 0.058203
0 0.066927 0.237109 0.023438 0.078125
0 0.271094 0.349414 0.025521 0.083984
