0 0.910948 0.708027 0.058007 0.071078
0 0.972631 0.712316 0.054739 0.066789
0 0.781046 0.630821 0.031863 0.021446
0 0.820466 0.620711 0.033905 0.017157
0 0.860703 0.641850 0.030229 0.015319
0 0.890931 0.637714 0.026961 0.016238
0 0.821283 0.637102 0.035539 0.011949
0 0.813317 0.574602 0.019608 0.049326
0 0.758987 0.573683 0.021242 0.056679
0 0.786356 0.573070 0.021242 0.049326
0 0.837827 0.574449 0.017974 0.049020
0 0.871528 0.505668 0.021650 0.048100
0 0.899714 0.506893 0.023284 0.050551
0 0.864379 0.575214 0.020425 0.046875
0 0.844363 0.708793 0.065359 0.070772
0 0.957721 0.642310 0.071487 0.019301
0 0.843137 0.505974 0.020425 0.051777
0 0.775735 0.706648 0.063725 0.071385
0 0.662582 0.708333 0.035948 0.065564
0 0.207925 0.560509 0.051471 0.106924
0 0.157271 0.561734 0.043301 0.106924
0 0.110294 0.561734 0.042484 0.105699
0 0.436275 0.823376 0.037582 0.101409
0 0.481005 0.824142 0.042075 0.109069
0 0.532271 0.831648 0.034314 0.105086
0 0.586806 0.828125 0.067402 0.104779
0 0.656658 0.833027 0.062500 0.104779
0 0.727328 0.832874 0.067402 0.104473
0 0.838644 0.826746 0.138072 0.111213
0 0.959967 0.864430 0.080065 0.041973
0 0.060049 0.560968 0.052288 0.102328
0 0.015727 0.560662 0.031454 0.100490
0 0.184028 0.416054 0.037173 0.112132
0 0.132966 0.415901 0.058415 0.113051
0 0.075163 0.414828 0.053105 0.108456
0 0.022263 0.412837 0.044526 0.109988
0 0.688930 0.630668 0.063317 0.065870
0 0.620507 0.631281 0.053922 0.064032
0 0.567606 0.638940 0.041258 0.072610
0 0.280433 0.621170 0.047794 0.062806
0 0.340482 0.621630 0.061683 0.056985
0 0.405433 0.623162 0.051879 0.050858
0 0.398897 0.828278 0.026552 0.098346
0 0.709967 0.709099 0.042484 0.063419
0 0.367034 0.827819 0.025735 0.097426
0 0.278186 0.816789 0.043301 0.110294
0 0.618873 0.709099 0.037582 0.063419
0 0.573121 0.712010 0.040033 0.056985
0 0.518178 0.715686 0.040441 0.044118
0 0.472426 0.719056 0.042075 0.042279
0 0.431168 0.716146 0.031454 0.036458
0 0.390523 0.715074 0.039216 0.044118
0 0.332312 0.701746 0.045343 0.061581
0 0.274306 0.704044 0.060866 0.066176
0 0.208333 0.705729 0.060458 0.056679
0 0.203023 0.652267 0.053922 0.043505
0 0.148897 0.699755 0.043709 0.076593
0 0.099673 0.696691 0.046569 0.072304
0 0.046364 0.676930 0.054330 0.110600
0 0.918709 0.577206 0.018791 0.047794
0 0.926675 0.507659 0.021650 0.048407
0 0.954044 0.507047 0.021650 0.047181
0 0.973856 0.509344 0.010621 0.048713
0 0.029616 0.796262 0.033905 0.098039
0 0.065155 0.816942 0.033088 0.117341
0 0.103145 0.816483 0.036356 0.113358
0 0.139093 0.834099 0.028186 0.090993
0 0.183007 0.829963 0.048203 0.085784
0 0.231209 0.817249 0.042484 0.111213
0 0.331904 0.805760 0.032271 0.098039
0 0.817198 0.503830 0.019199 0.047488
0 0.892361 0.576746 0.016748 0.049939
0 0.760825 0.502604 0.020833 0.051164
0 0.909314 0.165748 0.038399 0.072304
0 0.957925 0.153952 0.037582 0.104473
0 0.028595 0.282169 0.049020 0.106618
0 0.072508 0.307445 0.030637 0.064645
0 0.110498 0.290594 0.038807 0.098958
0 0.155842 0.279412 0.048611 0.121324
0 0.870302 0.162990 0.032271 0.074755
0 0.210580 0.279259 0.052696 0.119792
0 0.335989 0.268842 0.065768 0.056679
0 0.408905 0.281097 0.058824 0.062806
0 0.469363 0.289675 0.044118 0.057904
0 0.521855 0.285386 0.051879 0.068321
0 0.583129 0.288603 0.060049 0.061887
0 0.655637 0.283241 0.056373 0.067096
0 0.788194 0.503523 0.020833 0.046875
0 0.814542 0.162224 0.056373 0.076287
0 0.765727 0.178922 0.034722 0.042892
0 0.726511 0.178462 0.033088 0.045037
0 0.018791 0.155790 0.033497 0.063419
0 0.056985 0.142004 0.033088 0.097733
0 0.095180 0.140931 0.038399 0.103554
0 0.145016 0.133578 0.052288 0.117647
0 0.200776 0.132200 0.053513 0.111826
0 0.254493 0.164828 0.046569 0.049632
0 0.304126 0.163756 0.044526 0.047488
0 0.352941 0.166820 0.049020 0.045037
0 0.404208 0.167739 0.049428 0.049326
0 0.454248 0.168658 0.043301 0.050551
0 0.502655 0.169884 0.046977 0.050551
0 0.553105 0.168658 0.046569 0.051164
0 0.598652 0.175705 0.039624 0.039522
0 0.644199 0.175398 0.041667 0.045650
0 0.687908 0.173866 0.040033 0.049939
0 0.711806 0.291207 0.046160 0.060968
0 0.878472 0.273897 0.078023 0.077206
0 0.281250 0.285233 0.032271 0.058824
0 0.946487 0.277267 0.031863 0.080882
0 0.342933 0.459099 0.058415 0.062806
0 0.405433 0.460172 0.055964 0.061887
0 0.798815 0.303156 0.063317 0.024203
0 0.512459 0.458487 0.045343 0.059130
0 0.572508 0.458793 0.068219 0.059130
0 0.640319 0.459712 0.060049 0.062806
0 0.707108 0.458027 0.062092 0.060662
0 0.279003 0.539062 0.049020 0.057292
0 0.346201 0.540748 0.060866 0.057598
0 0.411356 0.546262 0.055556 0.062500
0 0.483864 0.547488 0.069036 0.058211
0 0.562908 0.547488 0.074346 0.061887
0 0.635417 0.543505 0.062500 0.053922
0 0.459150 0.638634 0.040850 0.075061
0 0.703227 0.539982 0.062500 0.053002
0 0.940359 0.576900 0.019608 0.047181
0 0.972426 0.576900 0.020016 0.044118
0 0.279208 0.452819 0.045343 0.056373
0 0.712214 0.373775 0.055147 0.066176
0 0.462623 0.458027 0.043709 0.057598
0 0.511438 0.644761 0.043301 0.081189
0 0.981618 0.278033 0.034314 0.076900
0 0.776144 0.415594 0.059641 0.026654
0 0.834763 0.390319 0.041258 0.080882
0 0.871324 0.392004 0.025327 0.084252
0 0.898489 0.394761 0.024918 0.078738
0 0.585989 0.366728 0.065768 0.068627
0 0.929126 0.386949 0.030637 0.097426
0 0.962623 0.388634 0.025735 0.097120
0 0.281454 0.376838 0.032680 0.063725
0 0.334967 0.365043 0.067810 0.061581
0 0.405229 0.369026 0.060458 0.067096
0 0.465891 0.375613 0.045343 0.061275
0 0.516340 0.369945 0.044935 0.070772
0 0.652165 0.372549 0.057598 0.068015
