0 0.646650 0.619179 0.031863 0.070466
0 0.343137 0.147978 0.033497 0.073529
0 0.381332 0.151808 0.037990 0.068934
0 0.417484 0.167433 0.022059 0.040748
0 0.097631 0.238051 0.039216 0.079657
0 0.139093 0.240809 0.033905 0.085172
0 0.183007 0.241728 0.029412 0.083946
0 0.218546 0.240349 0.028595 0.078125
0 0.298203 0.244485 0.035948 0.083333
0 0.335989 0.245864 0.035539 0.084252
0 0.372753 0.245711 0.029003 0.082721
0 0.410131 0.242953 0.027778 0.083333
0 0.105188 0.345435 0.033905 0.081189
0 0.141953 0.345282 0.031454 0.081495
0 0.176879 0.342525 0.029412 0.090686
0 0.299837 0.149969 0.043301 0.069547
0 0.211397 0.337929 0.038807 0.096201
0 0.282067 0.342218 0.035539 0.090074
0 0.317402 0.357690 0.030229 0.072610
0 0.350286 0.358150 0.032271 0.070466
0 0.385212 0.359681 0.033497 0.068015
0 0.419322 0.354933 0.029820 0.079963
0 0.132353 0.454197 0.040850 0.085478
0 0.177696 0.451287 0.043301 0.091299
0 0.220384 0.450214 0.040441 0.095895
0 0.263072 0.459865 0.037582 0.071078
0 0.317198 0.460172 0.033905 0.079657
0 0.358047 0.462623 0.043709 0.074755
0 0.406454 0.464001 0.040033 0.078125
0 0.124592 0.554228 0.036765 0.075368
0 0.160948 0.554688 0.033497 0.073836
0 0.250000 0.359222 0.027778 0.060968
0 0.263276 0.146599 0.029820 0.070772
0 0.219771 0.144301 0.035131 0.071691
0 0.183415 0.143536 0.034314 0.070772
0 0.967116 0.257506 0.040441 0.088542
0 0.970792 0.355086 0.031454 0.085784
0 0.935253 0.353707 0.032271 0.088542
0 0.896038 0.355852 0.037990 0.084252
0 0.985498 0.443627 0.029003 0.082721
0 0.947508 0.444547 0.033088 0.081495
0 0.970180 0.535539 0.042484 0.080270
0 0.922386 0.535846 0.039216 0.078431
0 0.879493 0.535233 0.037582 0.079657
0 0.964665 0.623162 0.035539 0.083946
0 0.917279 0.623775 0.044526 0.076593
0 0.871732 0.625153 0.037582 0.076287
0 0.959559 0.698070 0.037582 0.045037
0 0.910743 0.709099 0.043709 0.071385
0 0.867851 0.709099 0.033905 0.072610
0 0.731618 0.791054 0.053922 0.050858
0 0.664216 0.785999 0.058824 0.055453
0 0.142565 0.168811 0.024510 0.019608
0 0.107843 0.144148 0.039216 0.068934
0 0.685866 0.620711 0.038399 0.068015
0 0.720792 0.621017 0.032271 0.068015
0 0.757149 0.619485 0.029003 0.073529
0 0.497958 0.710631 0.039216 0.081801
0 0.201185 0.556679 0.033905 0.077206
0 0.538807 0.711091 0.036765 0.079044
0 0.622753 0.710018 0.040441 0.087316
0 0.662582 0.709099 0.035948 0.084865
0 0.706087 0.710784 0.042892 0.088848
0 0.750000 0.712316 0.038399 0.085172
0 0.506536 0.797794 0.067810 0.052083
0 0.598856 0.782782 0.056373 0.055147
0 0.578023 0.711244 0.039216 0.083027
0 0.236520 0.554994 0.028595 0.076287
0 0.256740 0.242647 0.033088 0.079044
0 0.312092 0.554534 0.031863 0.068015
0 0.734681 0.353094 0.047794 0.086703
0 0.686479 0.353554 0.039624 0.082721
0 0.638276 0.350643 0.043709 0.085478
0 0.590891 0.350031 0.040441 0.087316
0 0.273897 0.554075 0.035539 0.068934
0 0.543096 0.352175 0.041258 0.088542
0 0.785743 0.354320 0.042075 0.084252
0 0.501430 0.353554 0.033905 0.082721
0 0.741830 0.259957 0.042484 0.096507
0 0.697304 0.257966 0.037582 0.093750
0 0.647059 0.255821 0.049020 0.098039
0 0.595588 0.255974 0.038399 0.094669
0 0.552083 0.255055 0.038807 0.090380
0 0.506332 0.257047 0.031454 0.102941
0 0.792075 0.259498 0.042484 0.101716
0 0.803513 0.161918 0.037582 0.080576
0 0.494894 0.439032 0.033088 0.075980
0 0.584355 0.438419 0.047794 0.077819
0 0.577819 0.616728 0.030637 0.077206
0 0.546160 0.615656 0.031046 0.075061
0 0.510008 0.618566 0.030637 0.069240
0 0.771650 0.531250 0.037582 0.083333
0 0.724265 0.528646 0.039216 0.086703
0 0.680964 0.530790 0.036765 0.085478
0 0.536356 0.439951 0.043301 0.080882
0 0.636234 0.528799 0.042892 0.083333
0 0.551062 0.529259 0.040850 0.079350
0 0.508374 0.527880 0.035539 0.079657
0 0.775327 0.444393 0.040850 0.075061
0 0.724673 0.442096 0.052288 0.076593
0 0.677492 0.440717 0.042075 0.079350
0 0.632966 0.438419 0.040441 0.080882
0 0.593137 0.529871 0.036765 0.080576
0 0.727941 0.162377 0.034314 0.087623
0 0.613358 0.620558 0.029820 0.071385
0 0.651552 0.160999 0.030229 0.094056
0 0.388480 0.555913 0.035948 0.071385
0 0.121732 0.642004 0.031046 0.058517
0 0.156863 0.641697 0.033497 0.059130
0 0.188317 0.641697 0.028595 0.057904
0 0.220588 0.642157 0.032680 0.061275
0 0.252655 0.641238 0.024918 0.060049
0 0.284109 0.644455 0.031454 0.056679
0 0.320670 0.643076 0.032680 0.055147
0 0.354575 0.640165 0.028595 0.056066
0 0.349673 0.556373 0.034314 0.070466
0 0.389502 0.640012 0.033905 0.052083
0 0.166667 0.710325 0.029412 0.056679
0 0.198938 0.712623 0.029412 0.058824
0 0.234886 0.713235 0.033497 0.056985
0 0.266748 0.711091 0.025327 0.055760
0 0.300858 0.702512 0.029003 0.054534
0 0.689542 0.163756 0.033497 0.086703
0 0.328840 0.711397 0.025327 0.053309
0 0.358456 0.711703 0.028186 0.053922
0 0.392770 0.702972 0.029003 0.051777
0 0.135417 0.711703 0.030637 0.056985
0 0.131740 0.790594 0.031454 0.052390
0 0.208538 0.789062 0.033088 0.049326
0 0.170752 0.790441 0.037582 0.049632
0 0.614788 0.160846 0.032680 0.092525
0 0.577002 0.162071 0.033088 0.093137
0 0.542279 0.159773 0.031454 0.091605
0 0.503064 0.160692 0.033088 0.087316
0 0.406046 0.782935 0.031046 0.058517
0 0.370915 0.784161 0.036765 0.059130
0 0.330882 0.787377 0.036765 0.058211
0 0.250408 0.789062 0.040033 0.049326
