0 0.681781 0.102788 0.039216 0.124694
0 0.736315 0.084865 0.052696 0.162990
0 0.804330 0.122702 0.030229 0.086703
0 0.844771 0.123775 0.040850 0.085172
0 0.895016 0.099112 0.039216 0.124694
0 0.930556 0.095435 0.032680 0.132659
0 0.786560 0.865809 0.107435 0.017157
0 0.785131 0.847426 0.104575 0.017157
0 0.763685 0.808824 0.096814 0.018995
0 0.638889 0.102635 0.037582 0.123162
0 0.105596 0.827206 0.112337 0.013480
0 0.101103 0.846507 0.118056 0.017770
0 0.085989 0.867953 0.115605 0.015931
0 0.075368 0.887102 0.138480 0.022365
0 0.515727 0.817249 0.112337 0.020527
0 0.655842 0.873162 0.092729 0.031863
0 0.229984 0.885417 0.125000 0.016544
0 0.767770 0.828431 0.099265 0.018995
0 0.642361 0.825674 0.069036 0.026348
0 0.550654 0.277880 0.037582 0.074755
0 0.507761 0.115962 0.040033 0.098346
0 0.237745 0.867800 0.120098 0.018076
0 0.505719 0.279412 0.049837 0.077819
0 0.939951 0.869485 0.118464 0.021446
0 0.921977 0.848039 0.125000 0.018382
0 0.906658 0.831648 0.099265 0.014400
0 0.900123 0.818781 0.087827 0.007659
0 0.888072 0.804841 0.089052 0.016544
0 0.796773 0.885263 0.113971 0.018689
0 0.070261 0.126685 0.062908 0.097733
0 0.128268 0.122243 0.049020 0.093750
0 0.194649 0.111520 0.064951 0.112132
0 0.246119 0.109988 0.030637 0.115809
0 0.287990 0.108150 0.040850 0.113358
0 0.331495 0.113358 0.036356 0.106005
0 0.372958 0.107537 0.041667 0.114583
0 0.416667 0.105545 0.037582 0.119179
0 0.462623 0.109988 0.044526 0.109069
0 0.549020 0.112592 0.040850 0.098346
0 0.250408 0.844516 0.111928 0.016850
0 0.594363 0.096507 0.044118 0.131740
0 0.367647 0.883119 0.124183 0.019914
0 0.041462 0.752604 0.033905 0.094669
0 0.986928 0.570925 0.026144 0.100184
0 0.952819 0.572151 0.038807 0.102635
0 0.911560 0.572917 0.029820 0.099877
0 0.873775 0.573223 0.042484 0.102941
0 0.831291 0.575061 0.038399 0.104167
0 0.077819 0.754136 0.035539 0.087316
0 0.795139 0.576593 0.026552 0.109681
0 0.713235 0.586550 0.038399 0.095282
0 0.675654 0.586397 0.030229 0.097426
0 0.591095 0.575980 0.033497 0.102941
0 0.557598 0.573376 0.026961 0.092831
0 0.528186 0.586550 0.031046 0.108150
0 0.492239 0.583640 0.036765 0.118260
0 0.751021 0.583793 0.036356 0.094669
0 0.151757 0.748468 0.042892 0.088848
0 0.197304 0.720435 0.028595 0.079963
0 0.228350 0.735141 0.026961 0.098958
0 0.649306 0.276195 0.047794 0.076900
0 0.757966 0.275276 0.060866 0.075061
0 0.819853 0.273591 0.054739 0.079044
0 0.878881 0.273744 0.052696 0.071998
0 0.951185 0.263787 0.046160 0.096201
0 0.098243 0.285846 0.041258 0.074755
0 0.142361 0.287224 0.041258 0.072610
0 0.476103 0.720588 0.029003 0.083333
0 0.440155 0.738664 0.037990 0.093137
0 0.404208 0.739737 0.029820 0.092218
0 0.368464 0.742647 0.035948 0.087623
0 0.332925 0.744638 0.031863 0.085478
0 0.297794 0.739124 0.035131 0.098958
0 0.017361 0.457567 0.031454 0.067096
0 0.259191 0.747396 0.029003 0.084865
0 0.453840 0.589461 0.030229 0.107843
0 0.417688 0.589461 0.032271 0.109069
0 0.379493 0.591605 0.033497 0.098039
0 0.343546 0.587929 0.035131 0.108456
0 0.282680 0.448070 0.040850 0.073223
0 0.333333 0.443781 0.040033 0.073836
0 0.376430 0.443781 0.041258 0.073836
0 0.429534 0.441023 0.048611 0.076287
0 0.476511 0.440104 0.044526 0.078738
0 0.630923 0.440870 0.046160 0.068015
0 0.680964 0.441789 0.051471 0.067402
0 0.734886 0.437194 0.043301 0.071078
0 0.775940 0.435968 0.029820 0.074142
0 0.809641 0.432598 0.034314 0.075368
0 0.456291 0.279565 0.049837 0.075674
0 0.414216 0.280637 0.032680 0.075368
0 0.380719 0.283854 0.025327 0.070772
0 0.342729 0.282782 0.044118 0.073529
0 0.300654 0.280944 0.037582 0.075980
0 0.243668 0.447763 0.036356 0.073836
0 0.598856 0.278799 0.049020 0.076593
0 0.197304 0.442862 0.035131 0.070772
0 0.104167 0.448989 0.039216 0.070772
0 0.307394 0.588082 0.029820 0.097120
0 0.279208 0.586857 0.026552 0.090380
0 0.237132 0.596661 0.037173 0.109375
0 0.195670 0.598499 0.039216 0.100797
0 0.151144 0.598346 0.041667 0.110907
0 0.110498 0.599265 0.037990 0.110294
0 0.071691 0.599724 0.037990 0.111213
0 0.029412 0.599877 0.040850 0.111520
0 0.983456 0.430913 0.033088 0.073223
0 0.937908 0.427849 0.026144 0.076287
0 0.864992 0.435355 0.038807 0.075368
0 0.254902 0.825674 0.104575 0.015931
0 0.261029 0.282629 0.035948 0.076900
0 0.222018 0.284314 0.035539 0.074755
0 0.058415 0.452206 0.039216 0.070466
0 0.155842 0.449755 0.043709 0.069853
0 0.061479 0.286152 0.031454 0.074755
0 0.904003 0.433058 0.032680 0.081189
0 0.773693 0.711091 0.032680 0.103554
0 0.987949 0.715686 0.024101 0.094363
0 0.067810 0.912531 0.135621 0.026042
0 0.224265 0.906403 0.117647 0.018689
0 0.363766 0.903033 0.131944 0.017463
0 0.525327 0.899510 0.124183 0.012868
0 0.524918 0.878983 0.126634 0.022059
0 0.521650 0.842065 0.120098 0.019914
0 0.378881 0.820006 0.099265 0.019301
0 0.723448 0.729933 0.037582 0.086091
0 0.943219 0.704504 0.040850 0.086091
0 0.855596 0.721201 0.027369 0.090074
0 0.025940 0.286612 0.037990 0.073836
0 0.512868 0.736673 0.029003 0.094056
0 0.545139 0.727635 0.029820 0.085172
0 0.578227 0.723652 0.033088 0.089461
0 0.653186 0.730699 0.027778 0.082108
0 0.681168 0.711857 0.027369 0.082414
0 0.818423 0.726869 0.037173 0.094669
0 0.370915 0.861213 0.121732 0.020833
0 0.373570 0.841299 0.104984 0.020833
0 0.882557 0.710631 0.024918 0.089767
