0 0.292075 0.701287 0.041667 0.080882
0 0.243056 0.702819 0.045752 0.080882
0 0.133987 0.702206 0.044118 0.063725
0 0.126225 0.588695 0.024510 0.057904
0 0.035335 0.697151 0.046160 0.055453
0 0.085989 0.583027 0.045343 0.063113
0 0.031250 0.578738 0.050245 0.068627
0 0.200776 0.585784 0.055147 0.082108
0 0.255719 0.588542 0.051471 0.078431
0 0.310458 0.589001 0.049837 0.078738
0 0.084355 0.701287 0.042075 0.059436
0 0.189134 0.699602 0.052288 0.081189
0 0.640727 0.604933 0.050245 0.074449
0 0.418709 0.594975 0.046569 0.079044
0 0.609273 0.718597 0.048611 0.082414
0 0.583742 0.602788 0.050654 0.075674
0 0.527574 0.602482 0.047794 0.076287
0 0.472835 0.598652 0.048611 0.071691
0 0.364992 0.590227 0.049428 0.079350
0 0.660948 0.718137 0.045752 0.083333
0 0.625000 0.199755 0.039216 0.087010
0 0.663807 0.193934 0.031046 0.101716
0 0.707721 0.192555 0.045343 0.104473
0 0.750613 0.204197 0.033088 0.090380
0 0.791462 0.212469 0.037173 0.073836
0 0.834967 0.208640 0.039216 0.087010
0 0.887255 0.200368 0.058007 0.103554
0 0.838644 0.349418 0.058824 0.090380
0 0.776757 0.346507 0.056781 0.096201
0 0.719771 0.345282 0.049020 0.095588
0 0.664828 0.345741 0.053513 0.088542
0 0.609681 0.343444 0.045343 0.083946
0 0.553105 0.340227 0.058007 0.087316
0 0.498570 0.342218 0.042892 0.077206
0 0.444649 0.353248 0.049428 0.055147
0 0.694036 0.603707 0.050654 0.076900
0 0.498775 0.703738 0.051471 0.093750
0 0.750204 0.607996 0.056781 0.077512
0 0.807802 0.478860 0.054330 0.088235
0 0.443832 0.707874 0.047794 0.083027
0 0.392565 0.704197 0.043301 0.075061
0 0.344158 0.707261 0.043709 0.071998
0 0.030637 0.177543 0.061275 0.082414
0 0.113766 0.183977 0.084559 0.066483
0 0.189134 0.174326 0.048203 0.119485
0 0.239788 0.177696 0.047386 0.115809
0 0.284109 0.191330 0.029820 0.088542
0 0.315359 0.196691 0.026961 0.080882
0 0.345384 0.199295 0.025735 0.078738
0 0.373979 0.198223 0.026552 0.083946
0 0.402369 0.202053 0.026144 0.079350
0 0.433619 0.200980 0.027369 0.075368
0 0.468137 0.199755 0.031046 0.083946
0 0.504085 0.200521 0.033497 0.085478
0 0.542892 0.203431 0.033497 0.076593
0 0.582925 0.207414 0.036765 0.068627
0 0.585784 0.473652 0.046569 0.083333
0 0.639706 0.473652 0.052288 0.086397
0 0.695466 0.475797 0.049428 0.088235
0 0.748775 0.477635 0.045752 0.087623
0 0.814338 0.607996 0.063317 0.077512
0 0.334763 0.350643 0.053513 0.054228
0 0.390523 0.346967 0.047386 0.067708
0 0.245098 0.343903 0.041667 0.061581
0 0.038194 0.801624 0.043709 0.026654
0 0.124387 0.879596 0.036356 0.054534
0 0.085376 0.873315 0.027778 0.057904
0 0.048203 0.876838 0.031046 0.053922
0 0.287786 0.343290 0.033088 0.071998
0 0.253064 0.837469 0.155637 0.138787
0 0.408701 0.848958 0.136846 0.128064
0 0.543709 0.852328 0.116830 0.129902
0 0.646242 0.883885 0.044935 0.072917
0 0.704044 0.881893 0.050245 0.062194
0 0.758783 0.877451 0.049428 0.098039
0 0.765114 0.725337 0.041667 0.075061
0 0.715074 0.718903 0.047794 0.081801
0 0.012663 0.884498 0.025327 0.035539
0 0.470792 0.470435 0.048611 0.083640
0 0.530025 0.469822 0.056781 0.081801
0 0.188725 0.330576 0.059641 0.085172
0 0.143995 0.331036 0.023284 0.059743
0 0.094158 0.321078 0.053513 0.076593
0 0.032884 0.322151 0.057598 0.077512
0 0.023284 0.451134 0.046569 0.082414
0 0.079657 0.453738 0.032680 0.080270
0 0.551879 0.712010 0.051471 0.077206
0 0.186479 0.465839 0.051062 0.083640
0 0.242647 0.468137 0.053105 0.085172
0 0.301062 0.465074 0.043301 0.085172
0 0.357639 0.465993 0.054330 0.086397
0 0.411356 0.469210 0.044118 0.079963
0 0.127247 0.453431 0.046160 0.080882
