0 0.913281 0.387109 0.099479 0.069531
0 0.526042 0.288867 0.026042 0.074609
0 0.496094 0.289844 0.026562 0.073438
0 0.465104 0.306641 0.028125 0.042188
0 0.434375 0.307227 0.031250 0.041016
0 0.402083 0.306055 0.030208 0.041016
0 0.339323 0.306445 0.093229 0.039453
0 0.466667 0.266016 0.028125 0.035937
0 0.436458 0.266602 0.029167 0.040234
0 0.404948 0.266016 0.029687 0.038281
0 0.342448 0.267383 0.090104 0.038672
0 0.221094 0.288672 0.026562 0.084375
0 0.189062 0.289844 0.036458 0.081250
0 0.156510 0.287109 0.028646 0.085156
0 0.653125 0.511523 0.091667 0.066016
0 0.091927 0.287891 0.027604 0.085938
0 0.060677 0.289258 0.028646 0.082422
0 0.035156 0.287891 0.023438 0.079687
0 0.471615 0.508984 0.089063 0.065625
0 0.381510 0.510938 0.088021 0.071875
0 0.289583 0.509766 0.089583 0.067187
0 0.220052 0.523047 0.033854 0.041406
0 0.914583 0.505469 0.080208 0.078125
0 0.188802 0.522070 0.028646 0.039453
0 0.557031 0.289258 0.026562 0.069922
0 0.156771 0.521680 0.031250 0.040234
0 0.741667 0.512109 0.083333 0.062500
0 0.226302 0.478125 0.033854 0.045312
0 0.595573 0.024023 0.171354 0.038672
0 0.598698 0.105664 0.168229 0.119922
0 0.786719 0.094141 0.166146 0.145313
0 0.075521 0.180859 0.150000 0.117969
0 0.829167 0.505273 0.086458 0.075391
0 0.585677 0.290039 0.026562 0.072266
0 0.614583 0.289844 0.027083 0.071094
0 0.645052 0.285742 0.030729 0.077734
0 0.218490 0.385156 0.036979 0.079687
0 0.282292 0.385547 0.085417 0.075781
0 0.373437 0.389844 0.094792 0.069531
0 0.438021 0.363867 0.032292 0.044141
0 0.469010 0.364063 0.026562 0.049219
0 0.499219 0.362695 0.029687 0.046484
0 0.184115 0.386133 0.026562 0.081641
0 0.438542 0.404883 0.030208 0.037891
0 0.498698 0.406055 0.028646 0.037891
0 0.565365 0.384375 0.094271 0.078125
0 0.745052 0.390430 0.099479 0.068359
0 0.654948 0.382812 0.081771 0.082031
0 0.813542 0.361328 0.031250 0.043750
0 0.846354 0.360938 0.030208 0.042969
0 0.469271 0.408203 0.027083 0.034375
0 0.810937 0.403906 0.026042 0.038281
0 0.153385 0.391406 0.034896 0.070312
0 0.085938 0.389648 0.031250 0.074609
0 0.679167 0.285156 0.031250 0.079687
0 0.711979 0.286719 0.030208 0.079687
0 0.770573 0.292578 0.083854 0.067187
0 0.885677 0.285938 0.102604 0.078125
0 0.969271 0.288477 0.061458 0.073047
0 0.196875 0.479883 0.026042 0.041016
0 0.119531 0.389258 0.030729 0.075391
0 0.167969 0.479687 0.028646 0.042969
0 0.094792 0.502930 0.030208 0.077734
0 0.063542 0.502148 0.031250 0.076953
0 0.030729 0.502930 0.032292 0.075391
0 0.842448 0.402930 0.031771 0.041016
0 0.022917 0.387500 0.033333 0.079687
0 0.054688 0.388477 0.029167 0.081641
0 0.124479 0.501367 0.028125 0.080859
0 0.056510 0.634180 0.097396 0.050391
0 0.123958 0.288867 0.033333 0.081641
0 0.560937 0.484375 0.089583 0.042969
0 0.477865 0.691992 0.025521 0.038672
0 0.504948 0.690820 0.028646 0.042578
0 0.536198 0.690820 0.026562 0.043359
0 0.566146 0.690625 0.029167 0.042969
0 0.167969 0.631055 0.115104 0.041797
0 0.622656 0.693750 0.027604 0.044531
0 0.651823 0.693750 0.027604 0.046875
0 0.681771 0.693750 0.030208 0.044531
0 0.713021 0.690820 0.029167 0.045703
0 0.465365 0.583398 0.027604 0.041016
0 0.832552 0.712695 0.034896 0.049609
0 0.060677 0.726562 0.095312 0.042969
0 0.163542 0.722266 0.095833 0.042969
0 0.226562 0.750977 0.031250 0.037109
0 0.404687 0.624023 0.029167 0.039453
0 0.375781 0.623828 0.028646 0.039844
0 0.346875 0.622852 0.029167 0.041797
0 0.314844 0.625781 0.028646 0.038281
0 0.285417 0.625586 0.030208 0.037891
0 0.254948 0.626563 0.026562 0.039062
0 0.494792 0.581250 0.027083 0.042969
0 0.798177 0.713672 0.035937 0.048438
0 0.866406 0.695703 0.031771 0.043750
0 0.954167 0.716992 0.091667 0.043359
0 0.744531 0.692969 0.030729 0.045312
0 0.448177 0.715234 0.032813 0.046875
0 0.414844 0.715234 0.030729 0.046875
0 0.593229 0.691992 0.026042 0.043359
0 0.351302 0.715430 0.030729 0.047266
0 0.251823 0.583789 0.033854 0.044922
0 0.284896 0.583203 0.029167 0.046875
0 0.314583 0.581250 0.031250 0.045312
0 0.435156 0.583594 0.029687 0.044531
0 0.433854 0.624609 0.027083 0.038281
0 0.463281 0.624805 0.027604 0.037891
0 0.492708 0.623437 0.026042 0.038281
0 0.550781 0.606055 0.081771 0.075391
0 0.635417 0.603906 0.087500 0.079687
0 0.742969 0.609570 0.098437 0.066016
0 0.835156 0.607617 0.080729 0.066797
0 0.382812 0.716797 0.030208 0.048438
0 0.921615 0.603516 0.084896 0.075000
0 0.976562 0.602930 0.025000 0.076172
0 0.562240 0.525195 0.088021 0.037109
0 0.158333 0.676953 0.102083 0.044531
0 0.256510 0.753711 0.026562 0.034766
0 0.291927 0.751367 0.027604 0.032422
0 0.320312 0.751172 0.027083 0.029687
0 0.306771 0.085742 0.182292 0.147266
0 0.479427 0.751367 0.025521 0.027734
0 0.508073 0.751172 0.031771 0.029687
0 0.540625 0.750586 0.029167 0.028516
0 0.571615 0.752930 0.030729 0.026172
0 0.324479 0.690430 0.021875 0.042578
0 0.053646 0.682813 0.104167 0.045312
0 0.268490 0.688086 0.028646 0.042578
0 0.298177 0.689648 0.027604 0.040234
