0 0.504687 0.664258 0.034375 0.071484
0 0.053906 0.702930 0.042188 0.066797
0 0.113281 0.744141 0.034896 0.069531
0 0.150521 0.747461 0.032292 0.064453
0 0.519792 0.768164 0.036458 0.071484
0 0.216406 0.754102 0.036979 0.060547
0 0.294010 0.755078 0.033854 0.066406
0 0.329688 0.759180 0.035417 0.059766
0 0.366406 0.760547 0.031771 0.065625
0 0.401823 0.763086 0.032813 0.063672
0 0.441667 0.763477 0.035417 0.068359
0 0.481250 0.767188 0.036458 0.064844
0 0.180990 0.747852 0.027604 0.067578
0 0.465625 0.660156 0.030208 0.064844
0 0.780469 0.563086 0.040104 0.080078
0 0.379167 0.658594 0.036458 0.067969
0 0.511719 0.563672 0.032813 0.075000
0 0.554167 0.558594 0.039583 0.083594
0 0.598437 0.558594 0.038542 0.084375
0 0.641146 0.560156 0.038542 0.083594
0 0.682552 0.563672 0.040104 0.077344
0 0.560417 0.768750 0.040625 0.071094
0 0.822135 0.564258 0.038021 0.079297
0 0.866927 0.565625 0.049479 0.076563
0 0.942969 0.590625 0.088021 0.132031
0 0.863542 0.675391 0.046875 0.075781
0 0.815104 0.673633 0.041667 0.080859
0 0.421094 0.655859 0.039062 0.070312
0 0.769531 0.669531 0.047396 0.078906
0 0.678906 0.665625 0.048438 0.074219
0 0.632552 0.663477 0.040104 0.076953
0 0.589844 0.666797 0.039062 0.070312
0 0.547917 0.665234 0.041667 0.070312
0 0.108854 0.649219 0.030208 0.063281
0 0.142969 0.651563 0.032813 0.064062
0 0.179427 0.652539 0.028646 0.063672
0 0.220312 0.654687 0.044792 0.060937
0 0.260417 0.653320 0.027083 0.065234
0 0.294531 0.655859 0.039062 0.067187
0 0.338021 0.654492 0.028125 0.067578
0 0.726042 0.669922 0.040625 0.078906
0 0.600521 0.771289 0.034375 0.074609
0 0.484896 0.888086 0.032292 0.060547
0 0.693229 0.777148 0.036458 0.073828
0 0.861198 0.906250 0.042188 0.087500
0 0.945573 0.894727 0.108854 0.110547
0 0.050000 0.947461 0.027083 0.096484
0 0.080469 0.952539 0.026562 0.094922
0 0.119792 0.953516 0.027083 0.081250
0 0.148177 0.957422 0.024479 0.078125
0 0.177865 0.961719 0.029687 0.076563
0 0.209115 0.965039 0.030729 0.069922
0 0.817969 0.911133 0.038021 0.064453
0 0.243750 0.964844 0.031250 0.070312
0 0.319531 0.969922 0.040104 0.053125
0 0.364844 0.972461 0.029687 0.054297
0 0.399740 0.979297 0.036979 0.041406
0 0.441406 0.977539 0.039062 0.044141
0 0.481510 0.981641 0.036979 0.036719
0 0.519271 0.980273 0.035417 0.039453
0 0.560156 0.977148 0.035937 0.045703
0 0.473177 0.563281 0.040104 0.072656
0 0.279687 0.969141 0.035417 0.059375
0 0.778646 0.904883 0.032292 0.073047
0 0.747656 0.904492 0.023438 0.068359
0 0.694271 0.897070 0.034375 0.062109
0 0.733594 0.779297 0.040104 0.075781
0 0.822917 0.785742 0.035417 0.076172
0 0.869792 0.783594 0.047917 0.078125
0 0.949479 0.743359 0.101042 0.128906
0 0.116927 0.852539 0.033854 0.072266
0 0.151562 0.858594 0.030208 0.062500
0 0.184375 0.857422 0.030208 0.069531
0 0.217448 0.861133 0.030729 0.063672
0 0.251302 0.862891 0.029687 0.071094
0 0.287240 0.873047 0.031771 0.052344
0 0.326562 0.874219 0.037500 0.060156
0 0.370833 0.876563 0.040625 0.053906
0 0.410677 0.878320 0.034896 0.062109
0 0.448958 0.883594 0.033333 0.052344
0 0.520052 0.889844 0.028646 0.058594
0 0.545833 0.887891 0.022917 0.063281
0 0.575260 0.887891 0.029687 0.067969
0 0.613281 0.888281 0.035937 0.073438
0 0.651563 0.889844 0.035417 0.079687
0 0.645833 0.775781 0.039583 0.069531
0 0.432031 0.559766 0.030729 0.069531
0 0.724740 0.899805 0.018229 0.068359
0 0.354427 0.556250 0.031771 0.075781
0 0.756250 0.317969 0.028125 0.094531
0 0.714063 0.316797 0.033333 0.097656
0 0.665625 0.313672 0.026042 0.104688
0 0.391146 0.557813 0.040625 0.074219
0 0.627865 0.316992 0.032813 0.102734
0 0.592708 0.315234 0.035417 0.104688
0 0.059635 0.334375 0.017188 0.066406
0 0.793750 0.319336 0.030208 0.096484
0 0.555729 0.318359 0.031250 0.098437
0 0.450260 0.325000 0.040104 0.092969
0 0.408854 0.339062 0.042708 0.063281
0 0.365365 0.339648 0.041146 0.063672
0 0.318490 0.338281 0.045312 0.064844
0 0.271875 0.338867 0.045833 0.065234
0 0.226302 0.337695 0.041146 0.069922
0 0.183333 0.341797 0.044792 0.065625
0 0.488542 0.325000 0.027083 0.093750
0 0.825521 0.320117 0.028125 0.092578
0 0.871875 0.307812 0.039583 0.109375
0 0.919010 0.283594 0.055729 0.111719
0 0.589844 0.451172 0.038021 0.076563
0 0.630469 0.451562 0.038021 0.077344
0 0.673958 0.451953 0.046875 0.078125
0 0.720833 0.450000 0.038542 0.080469
0 0.763542 0.451172 0.042708 0.079687
0 0.813021 0.450977 0.039583 0.080078
0 0.549479 0.451758 0.038542 0.074609
0 0.505469 0.452930 0.044271 0.076172
0 0.457552 0.457227 0.046354 0.067578
0 0.407031 0.458203 0.047396 0.065625
0 0.361979 0.455273 0.042708 0.066797
0 0.274740 0.454102 0.044271 0.064453
0 0.230990 0.454297 0.038021 0.067187
0 0.182552 0.454688 0.043229 0.062500
0 0.142708 0.454102 0.036458 0.061328
0 0.101302 0.448437 0.039062 0.071094
0 0.972396 0.272852 0.048958 0.133203
0 0.139063 0.342578 0.037500 0.060937
0 0.096094 0.342383 0.041146 0.063672
0 0.320312 0.454883 0.037500 0.066016
0 0.047917 0.598047 0.034375 0.085938
0 0.047656 0.505859 0.042188 0.064062
0 0.058854 0.426563 0.041667 0.046094
0 0.964063 0.436328 0.044792 0.130469
0 0.917448 0.435547 0.045312 0.131250
0 0.863021 0.451562 0.042708 0.080469
0 0.145833 0.554883 0.038542 0.073828
0 0.188542 0.554297 0.030208 0.075000
0 0.227344 0.555078 0.034896 0.073438
0 0.267448 0.556055 0.033854 0.075391
0 0.308333 0.556055 0.050000 0.074609
0 0.109115 0.555273 0.030729 0.073828
