0 0.673815 0.851409 0.032271 0.104167
0 0.628064 0.829044 0.041258 0.099265
0 0.583538 0.861366 0.040441 0.083640
0 0.538807 0.849724 0.043301 0.106311
0 0.495098 0.850643 0.040850 0.105699
0 0.452614 0.862745 0.032680 0.085784
0 0.092320 0.862286 0.077614 0.078738
0 0.378881 0.865962 0.046977 0.076900
0 0.297181 0.865502 0.106618 0.075980
0 0.187092 0.863817 0.100490 0.072610
0 0.024306 0.860447 0.048611 0.079350
0 0.029820 0.723346 0.059641 0.093750
0 0.109069 0.728248 0.095588 0.093750
0 0.201797 0.710631 0.072712 0.058517
0 0.418709 0.862592 0.028595 0.083640
0 0.720384 0.839154 0.052696 0.099265
0 0.273080 0.454657 0.035539 0.103554
0 0.849265 0.850031 0.033497 0.105699
0 0.550858 0.488664 0.027369 0.033701
0 0.515727 0.460631 0.021650 0.016850
0 0.432190 0.703125 0.052288 0.102941
0 0.516953 0.489583 0.020833 0.039828
0 0.492647 0.489124 0.018791 0.043199
0 0.470180 0.485600 0.020425 0.039828
0 0.436887 0.476562 0.039624 0.060968
0 0.794322 0.852022 0.068219 0.104779
0 0.387868 0.475490 0.038807 0.056985
0 0.309232 0.454350 0.032680 0.102328
0 0.982843 0.850797 0.028595 0.053309
0 0.972631 0.793045 0.042484 0.036458
0 0.938725 0.820619 0.023693 0.038297
0 0.896038 0.815717 0.044526 0.035846
0 0.947304 0.889553 0.039216 0.024203
0 0.896650 0.881127 0.057190 0.049020
0 0.346609 0.474877 0.038807 0.060049
0 0.478554 0.698376 0.040441 0.097733
0 0.369690 0.579504 0.051471 0.105086
0 0.574959 0.704810 0.039624 0.105086
0 0.185049 0.547947 0.082516 0.017463
0 0.257149 0.527880 0.163807 0.014093
0 0.280229 0.629289 0.122549 0.075368
0 0.168301 0.628370 0.090686 0.079044
0 0.067402 0.630208 0.095588 0.073529
0 0.061683 0.570312 0.123366 0.016850
0 0.071078 0.532629 0.138072 0.023591
0 0.066585 0.553922 0.129902 0.013480
0 0.016748 0.454657 0.033497 0.098039
0 0.066176 0.480392 0.045752 0.052696
0 0.115196 0.451440 0.043301 0.105086
0 0.168913 0.483609 0.046977 0.043811
0 0.206699 0.491115 0.025327 0.028799
0 0.576185 0.493260 0.016748 0.034926
0 0.236520 0.455116 0.034314 0.097733
0 0.244281 0.568781 0.193627 0.021752
0 0.417688 0.578738 0.041258 0.106005
0 0.464665 0.579350 0.044526 0.105392
0 0.607230 0.583487 0.046977 0.105086
0 0.623979 0.706495 0.051062 0.101716
0 0.673407 0.707567 0.049428 0.099571
0 0.716912 0.696232 0.035948 0.089767
0 0.763685 0.706342 0.042892 0.108150
0 0.808007 0.704810 0.038399 0.108150
0 0.847426 0.704963 0.037990 0.105392
0 0.892157 0.705116 0.044935 0.104473
0 0.527982 0.704810 0.046160 0.102635
0 0.949142 0.725337 0.058415 0.065257
0 0.960376 0.588695 0.052288 0.094056
0 0.908905 0.578278 0.032680 0.105086
0 0.870507 0.590533 0.041667 0.097733
0 0.811887 0.585478 0.043709 0.101103
0 0.768587 0.585325 0.040441 0.095282
0 0.718954 0.580882 0.053922 0.110294
0 0.661969 0.580576 0.055964 0.107230
0 0.983456 0.673560 0.031454 0.040748
0 0.602328 0.491575 0.018382 0.032782
0 0.292892 0.727482 0.100490 0.090993
0 0.644199 0.488971 0.023693 0.043505
0 0.839665 0.307598 0.040441 0.058824
0 0.796773 0.304841 0.033905 0.060049
0 0.752655 0.303922 0.046160 0.058211
0 0.627655 0.304994 0.033088 0.062806
0 0.584355 0.300551 0.051062 0.067402
0 0.540237 0.304381 0.027369 0.067096
0 0.493668 0.290288 0.052696 0.090380
0 0.445670 0.303309 0.039216 0.061887
0 0.404412 0.305453 0.035948 0.058211
0 0.362541 0.304534 0.042075 0.059436
0 0.057802 0.366268 0.061683 0.030331
0 0.877247 0.307904 0.033088 0.060662
0 0.012663 0.338848 0.025327 0.071078
0 0.182394 0.337469 0.037990 0.087929
0 0.224265 0.339614 0.022059 0.078125
0 0.315564 0.340533 0.051879 0.087316
0 0.377042 0.388480 0.040033 0.056985
0 0.417484 0.388634 0.038399 0.063419
0 0.476716 0.391085 0.074346 0.067096
0 0.536356 0.391085 0.034314 0.057292
0 0.574959 0.391544 0.039624 0.057598
0 0.613358 0.391391 0.034722 0.060355
0 0.652982 0.393382 0.042075 0.059436
0 0.703227 0.411458 0.049428 0.026348
0 0.123979 0.344363 0.064951 0.076593
0 0.918505 0.307904 0.043709 0.060662
0 0.958538 0.308364 0.033905 0.056066
0 0.989583 0.301777 0.019199 0.064951
0 0.620098 0.497549 0.015523 0.023897
0 0.021242 0.180147 0.042484 0.115196
0 0.070670 0.177543 0.053105 0.127145
0 0.134600 0.181373 0.064951 0.117034
0 0.199959 0.189032 0.042075 0.099265
0 0.258783 0.181066 0.068219 0.116422
0 0.316789 0.186887 0.042075 0.103554
0 0.366013 0.180760 0.044118 0.064951
0 0.413603 0.183058 0.042892 0.062194
0 0.454657 0.157475 0.032680 0.104779
0 0.488971 0.159314 0.035131 0.107230
0 0.523489 0.160692 0.034722 0.105699
0 0.557802 0.165441 0.030637 0.097426
0 0.591708 0.165901 0.031454 0.094669
0 0.624796 0.166820 0.033088 0.097733
0 0.656454 0.168505 0.031046 0.099877
0 0.689747 0.167126 0.029003 0.099571
0 0.723243 0.168045 0.037990 0.100797
0 0.756127 0.169730 0.026144 0.099265
0 0.788194 0.172181 0.033905 0.102941
0 0.822712 0.165748 0.032680 0.110294
0 0.856413 0.168045 0.033905 0.114277
0 0.889910 0.188419 0.031454 0.070466
0 0.927900 0.188113 0.042075 0.069240
0 0.975082 0.188113 0.048203 0.074142
0 0.772876 0.392923 0.071895 0.068321
0 0.838235 0.409007 0.048203 0.028186
0 0.261846 0.340074 0.047386 0.084559
0 0.669935 0.490043 0.024510 0.038909
0 0.713235 0.488971 0.021242 0.037990
0 0.735294 0.488664 0.018791 0.039216
0 0.761642 0.490656 0.028186 0.037684
0 0.788194 0.490349 0.020016 0.037071
0 0.812092 0.491575 0.021242 0.035846
0 0.833538 0.490656 0.017565 0.037684
0 0.858047 0.490502 0.023284 0.034926
0 0.883987 0.491422 0.021242 0.036765
0 0.910335 0.490656 0.024101 0.034620
0 0.969771 0.486366 0.031046 0.043199
0 0.936479 0.492647 0.015114 0.030637
0 0.992851 0.490196 0.014297 0.030637
0 0.984477 0.399663 0.031046 0.052390
0 0.940155 0.395680 0.046160 0.055453
0 0.892157 0.395221 0.044935 0.063725
0 0.693627 0.489583 0.014706 0.033088
0 0.656658 0.458333 0.023284 0.015931
0 0.687908 0.459559 0.021242 0.015931
