0 0.296661 0.533413 0.042808 0.025962
0 0.344178 0.531851 0.036815 0.022837
0 0.183005 0.534135 0.062072 0.027404
0 0.184075 0.500240 0.051370 0.006731
0 0.300300 0.506370 0.045805 0.023798
0 0.182577 0.515144 0.061216 0.006731
0 0.578767 0.618510 0.043664 0.013462
0 0.738870 0.590024 0.024829 0.030529
0 0.569777 0.691587 0.056507 0.021154
0 0.510916 0.690986 0.049229 0.022356
0 0.455908 0.693269 0.053082 0.022115
0 0.498716 0.670553 0.050514 0.011298
0 0.445634 0.658413 0.032534 0.011538
0 0.383776 0.658654 0.041524 0.007212
0 0.400257 0.679207 0.043664 0.018510
0 0.239940 0.688341 0.050942 0.022356
0 0.292166 0.689663 0.050942 0.022596
0 0.349743 0.506490 0.043664 0.024038
0 0.326199 0.661659 0.040240 0.018029
0 0.274615 0.661899 0.047517 0.018510
0 0.219392 0.661298 0.046661 0.022115
0 0.168878 0.662500 0.042380 0.022115
0 0.185788 0.507572 0.054795 0.005048
0 0.180009 0.692788 0.047517 0.023558
0 0.068493 0.681370 0.053082 0.052644
0 0.170591 0.615264 0.055223 0.024279
0 0.172945 0.584014 0.059932 0.028125
0 0.237372 0.585337 0.061216 0.025962
0 0.308219 0.588101 0.061644 0.026683
0 0.306507 0.615865 0.064212 0.023558
0 0.235017 0.615745 0.065068 0.027644
0 0.375428 0.585938 0.055651 0.027163
0 0.370933 0.617428 0.059503 0.023317
0 0.448202 0.607332 0.047089 0.040144
0 0.512200 0.606370 0.051798 0.038221
0 0.577911 0.605048 0.046233 0.006250
0 0.653682 0.606490 0.026541 0.036058
0 0.707192 0.593510 0.023116 0.027404
0 0.127997 0.693269 0.048801 0.024519
0 0.344178 0.684495 0.045377 0.018990
0 0.916096 0.527885 0.044521 0.037019
0 0.504923 0.534976 0.062928 0.029087
0 0.630565 0.426923 0.050514 0.025481
0 0.575771 0.426322 0.050514 0.025721
0 0.547089 0.454447 0.050514 0.025721
0 0.492723 0.452404 0.050514 0.025481
0 0.440068 0.453245 0.050514 0.025721
0 0.442209 0.424279 0.050514 0.025481
0 0.385702 0.453966 0.050514 0.025721
0 0.387414 0.425601 0.050514 0.025721
0 0.605736 0.454688 0.050514 0.025721
0 0.327911 0.451562 0.050514 0.025721
0 0.214255 0.446514 0.045805 0.025240
0 0.154110 0.450962 0.057363 0.029327
0 0.060788 0.430769 0.047089 0.062981
0 0.540026 0.367308 0.054366 0.022596
0 0.478810 0.366707 0.055223 0.023798
0 0.411601 0.365264 0.056935 0.025721
0 0.349529 0.335337 0.051798 0.025481
0 0.349529 0.363942 0.056079 0.025962
0 0.273759 0.450361 0.045805 0.025721
0 0.434503 0.528726 0.041096 0.026683
0 0.661387 0.454928 0.050514 0.025721
0 0.767979 0.427404 0.050514 0.025481
0 0.586259 0.528966 0.050086 0.036779
0 0.640411 0.532091 0.047945 0.028125
0 0.759846 0.533173 0.044521 0.035577
0 0.706336 0.533534 0.047945 0.031010
0 0.714683 0.510337 0.042380 0.009615
0 0.762414 0.500721 0.041096 0.020192
0 0.820420 0.532813 0.047517 0.032452
0 0.864084 0.530409 0.032962 0.032452
0 0.715325 0.427764 0.050514 0.025721
0 0.571490 0.665625 0.051370 0.015865
0 0.975385 0.457332 0.049229 0.022356
0 0.922945 0.456370 0.049658 0.022837
0 0.979880 0.427764 0.040240 0.024760
0 0.925942 0.427404 0.051370 0.026442
0 0.859161 0.453486 0.042808 0.026683
0 0.811858 0.453606 0.040668 0.025000
0 0.764127 0.455048 0.053082 0.025481
0 0.713185 0.454087 0.044521 0.025481
0 0.971533 0.527885 0.050086 0.039904
0 0.973245 0.851442 0.053510 0.049038
0 0.821062 0.750000 0.035103 0.050000
0 0.854452 0.856130 0.035959 0.048317
0 0.260488 0.275361 0.085188 0.016587
0 0.263057 0.261058 0.086045 0.007692
0 0.168878 0.274519 0.073202 0.017308
0 0.169735 0.253365 0.084332 0.019712
0 0.166310 0.197837 0.098887 0.022596
0 0.273545 0.200721 0.093322 0.023077
0 0.275257 0.173558 0.094178 0.025962
0 0.379281 0.203966 0.098459 0.024760
0 0.377783 0.175721 0.097175 0.023077
0 0.360873 0.276803 0.083048 0.017067
0 0.478810 0.187620 0.090325 0.019471
0 0.579623 0.211538 0.089041 0.020192
0 0.578125 0.190505 0.081764 0.019952
0 0.660959 0.187500 0.058219 0.013942
0 0.677226 0.209375 0.086473 0.025481
0 0.762200 0.182091 0.058647 0.022837
0 0.759846 0.208534 0.058219 0.026683
0 0.838185 0.208894 0.065068 0.027404
0 0.925728 0.213822 0.090325 0.024760
0 0.909033 0.187620 0.074914 0.016587
0 0.481592 0.209495 0.091610 0.018510
0 0.031036 0.521514 0.049229 0.066587
0 0.461259 0.275000 0.094606 0.028365
0 0.653682 0.276683 0.065925 0.029327
0 0.283390 0.364423 0.060788 0.024038
0 0.285745 0.333894 0.056079 0.027404
0 0.217680 0.333774 0.056935 0.027163
0 0.218964 0.363942 0.055223 0.026923
0 0.152183 0.363221 0.053510 0.026923
0 0.153253 0.331130 0.059932 0.026683
0 0.776969 0.339784 0.070205 0.026683
0 0.693707 0.350601 0.080051 0.006490
0 0.700342 0.367909 0.079623 0.023798
0 0.561002 0.276082 0.065497 0.030529
0 0.613870 0.366106 0.060788 0.025000
0 0.598887 0.333654 0.088185 0.007212
0 0.789170 0.369832 0.086045 0.025240
0 0.877354 0.366346 0.068921 0.035577
0 0.947560 0.354447 0.055223 0.016587
0 0.961045 0.373798 0.077055 0.018269
0 0.908604 0.267668 0.074058 0.016106
0 0.920163 0.285697 0.083476 0.015144
0 0.828553 0.282692 0.085188 0.019231
0 0.735873 0.277644 0.080479 0.028846
0 0.611729 0.343269 0.074486 0.006731
0 0.628211 0.690144 0.045805 0.018269
0 0.626070 0.664663 0.045805 0.016827
0 0.684932 0.663702 0.048801 0.017308
0 0.316995 0.754808 0.044092 0.057212
0 0.272046 0.753846 0.038099 0.049038
0 0.207192 0.755889 0.035959 0.045913
0 0.166524 0.755649 0.037671 0.047837
0 0.122646 0.767548 0.011558 0.029327
0 0.097389 0.772236 0.009846 0.029087
0 0.045805 0.759135 0.073630 0.052404
0 0.066353 0.842067 0.075342 0.064904
0 0.170377 0.855168 0.041096 0.054087
0 0.365154 0.747356 0.044521 0.046154
0 0.227312 0.840505 0.035959 0.054087
0 0.345248 0.859375 0.038955 0.054808
0 0.394906 0.848197 0.045805 0.072356
0 0.455265 0.842668 0.038955 0.063702
0 0.508562 0.840385 0.039384 0.066346
0 0.565497 0.837861 0.047945 0.066106
0 0.604666 0.836298 0.025257 0.068269
0 0.644906 0.848678 0.034675 0.063221
0 0.763485 0.859495 0.038955 0.050240
0 0.809075 0.853966 0.029110 0.051683
0 0.287671 0.850120 0.038527 0.058894
0 0.413955 0.751803 0.044521 0.052644
0 0.462543 0.747837 0.035531 0.047115
0 0.506421 0.746274 0.030822 0.048798
0 0.684503 0.688942 0.052226 0.018269
0 0.737158 0.687861 0.047945 0.018510
0 0.739084 0.659135 0.043236 0.012981
0 0.787671 0.684135 0.043664 0.025962
0 0.837543 0.685697 0.041524 0.026683
0 0.886558 0.685577 0.047089 0.026442
0 0.937072 0.684375 0.042808 0.021635
0 0.927868 0.660457 0.032962 0.020433
0 0.879709 0.659014 0.051370 0.019952
0 0.970034 0.656490 0.038527 0.012500
0 0.979880 0.680769 0.035959 0.024038
0 0.952911 0.727764 0.056507 0.006971
0 0.949700 0.754327 0.054366 0.040385
0 0.896190 0.743029 0.026969 0.039904
0 0.864298 0.747837 0.033390 0.049519
0 0.777611 0.748798 0.036387 0.051442
0 0.723887 0.750240 0.039384 0.051923
0 0.679795 0.745913 0.038527 0.055288
0 0.629923 0.748558 0.035531 0.050962
0 0.590325 0.749639 0.035959 0.048317
0 0.547089 0.751923 0.037671 0.047596
0 0.907962 0.851442 0.046233 0.038942
0 0.393408 0.527163 0.038527 0.025962
