0 0.926562 0.639453 0.041667 0.064844
0 0.971875 0.640625 0.041667 0.063281
0 0.027865 0.811719 0.043229 0.072656
0 0.111719 0.738672 0.036979 0.075781
0 0.153385 0.736133 0.041146 0.063672
0 0.456771 0.735547 0.041667 0.064844
0 0.239063 0.735938 0.040625 0.065625
0 0.322135 0.737109 0.042188 0.061719
0 0.368490 0.735156 0.043229 0.061719
0 0.413802 0.736523 0.039062 0.064453
0 0.882812 0.639648 0.043750 0.059766
0 0.501042 0.733984 0.038542 0.066406
0 0.197917 0.734961 0.038542 0.064453
0 0.280208 0.735352 0.038542 0.060547
0 0.593229 0.642578 0.039583 0.052344
0 0.801823 0.637891 0.034896 0.064844
0 0.351562 0.201172 0.045833 0.081250
0 0.401823 0.202148 0.048438 0.078516
0 0.453906 0.200195 0.051562 0.081641
0 0.506510 0.199609 0.046354 0.080469
0 0.366927 0.638477 0.040104 0.064453
0 0.415104 0.638086 0.044792 0.065234
0 0.840365 0.639062 0.035937 0.062500
0 0.459896 0.635938 0.041667 0.060937
0 0.550521 0.643164 0.039583 0.054297
0 0.542448 0.736133 0.039062 0.061328
0 0.633594 0.639062 0.038021 0.062500
0 0.673177 0.639258 0.040104 0.062109
0 0.715365 0.639453 0.035937 0.063281
0 0.758854 0.639453 0.043750 0.062500
0 0.506771 0.636914 0.043750 0.067578
0 0.585938 0.739453 0.046875 0.055469
0 0.972396 0.745703 0.042708 0.052344
0 0.676042 0.736133 0.040625 0.063672
0 0.979167 0.311328 0.034375 0.074219
0 0.301042 0.200781 0.048958 0.080469
0 0.976042 0.858594 0.031250 0.084375
0 0.939063 0.875391 0.031250 0.046875
0 0.909896 0.874805 0.025000 0.046484
0 0.880729 0.873047 0.027083 0.050781
0 0.841667 0.875000 0.043750 0.053125
0 0.795573 0.873828 0.041146 0.054688
0 0.756771 0.872852 0.036458 0.052734
0 0.714583 0.873633 0.040625 0.050391
0 0.671615 0.871484 0.043229 0.052344
0 0.626302 0.872266 0.038021 0.049219
0 0.586458 0.852539 0.038542 0.087891
0 0.545833 0.852148 0.036458 0.084766
0 0.630729 0.736133 0.038542 0.063672
0 0.505208 0.849414 0.037500 0.093359
0 0.427083 0.847656 0.040625 0.092188
0 0.379948 0.846289 0.041146 0.098828
0 0.322656 0.848242 0.073438 0.091016
0 0.263802 0.847656 0.028646 0.086719
0 0.227865 0.847461 0.036979 0.087109
0 0.191146 0.848633 0.033333 0.089453
0 0.155469 0.846875 0.035937 0.088281
0 0.105469 0.818750 0.060937 0.078125
0 0.928646 0.745703 0.040625 0.053125
0 0.887240 0.738867 0.036979 0.061328
0 0.843490 0.737695 0.039062 0.062891
0 0.800781 0.739062 0.039062 0.060937
0 0.763021 0.737305 0.036458 0.063672
0 0.718229 0.736914 0.044792 0.062891
0 0.465885 0.848242 0.035937 0.090234
0 0.250781 0.200586 0.046354 0.082422
0 0.926302 0.058203 0.035937 0.104688
0 0.143229 0.202539 0.038542 0.081641
0 0.178385 0.536914 0.045312 0.070703
0 0.223958 0.538477 0.040625 0.072266
0 0.267969 0.539062 0.046354 0.071094
0 0.315885 0.537891 0.047396 0.068750
0 0.365104 0.542383 0.044792 0.059766
0 0.410677 0.541211 0.041146 0.057422
0 0.453646 0.541797 0.042708 0.053906
0 0.590625 0.536523 0.040625 0.068359
0 0.633854 0.537109 0.041667 0.067187
0 0.680208 0.536328 0.045833 0.069531
0 0.729167 0.535156 0.048958 0.067969
0 0.779687 0.534766 0.045833 0.067969
0 0.828646 0.534180 0.045833 0.070703
0 0.877344 0.534180 0.045312 0.073047
0 0.928906 0.534961 0.050521 0.069922
0 0.978385 0.534570 0.042188 0.069141
0 0.050000 0.633984 0.051042 0.075000
0 0.102083 0.642969 0.033333 0.079687
0 0.142969 0.638672 0.041146 0.064062
0 0.187760 0.637695 0.042188 0.066016
0 0.281771 0.637891 0.040625 0.067969
0 0.129948 0.538672 0.043229 0.067969
0 0.325000 0.637500 0.038542 0.066406
0 0.089583 0.520898 0.036458 0.086328
0 0.986198 0.421875 0.027604 0.073438
0 0.198437 0.201172 0.047917 0.083594
0 0.014583 0.440234 0.029167 0.057031
0 0.079687 0.433789 0.031250 0.051172
0 0.119531 0.428125 0.046354 0.069531
0 0.168750 0.426953 0.043750 0.070312
0 0.216406 0.426953 0.044271 0.074219
0 0.263542 0.428711 0.043750 0.073828
0 0.311979 0.426367 0.045833 0.070703
0 0.361458 0.426563 0.040625 0.073438
0 0.409115 0.425977 0.050521 0.072266
0 0.459115 0.427148 0.043229 0.069922
0 0.507031 0.427734 0.047396 0.071094
0 0.554167 0.428906 0.040625 0.068750
0 0.601302 0.425391 0.046354 0.068750
0 0.650260 0.424414 0.043229 0.069922
0 0.696094 0.424805 0.043229 0.072266
0 0.747917 0.425586 0.048958 0.070703
0 0.797396 0.424609 0.044792 0.069531
0 0.846094 0.423047 0.047396 0.073438
0 0.894271 0.422070 0.045833 0.073828
0 0.944792 0.421094 0.048958 0.075000
0 0.043229 0.516797 0.053125 0.084375
0 0.883594 0.057813 0.032813 0.099219
0 0.235677 0.639844 0.043229 0.068750
0 0.810417 0.056055 0.033333 0.100391
0 0.613021 0.314648 0.063542 0.074609
0 0.553646 0.313086 0.048958 0.073047
0 0.505208 0.309766 0.043750 0.075781
0 0.451302 0.311523 0.047396 0.076172
0 0.403385 0.312891 0.045312 0.075000
0 0.351302 0.314063 0.042188 0.075781
0 0.306250 0.312500 0.046875 0.078906
0 0.251563 0.312305 0.047917 0.074609
0 0.202344 0.311328 0.047396 0.074219
0 0.058073 0.348438 0.051562 0.054688
0 0.971875 0.198437 0.051042 0.078125
0 0.868229 0.197461 0.047917 0.080859
0 0.813021 0.198047 0.051042 0.078906
0 0.760156 0.198633 0.046354 0.078516
0 0.708854 0.199609 0.047917 0.080469
0 0.658073 0.200977 0.050521 0.078516
0 0.606771 0.200586 0.045833 0.077734
0 0.557552 0.200781 0.047396 0.078125
0 0.985156 0.060352 0.028646 0.083984
0 0.094271 0.202930 0.051042 0.080078
0 0.847135 0.057813 0.033854 0.097656
0 0.666927 0.312305 0.030729 0.071484
0 0.705469 0.312500 0.031771 0.071875
0 0.920312 0.198437 0.048958 0.078125
0 0.784896 0.311914 0.040625 0.073047
0 0.767969 0.060742 0.040104 0.094141
0 0.741927 0.312695 0.040104 0.071484
0 0.685937 0.059375 0.035417 0.098437
0 0.630208 0.071094 0.037500 0.080469
0 0.589583 0.072266 0.038542 0.078125
0 0.509635 0.062891 0.031771 0.096875
0 0.468750 0.061914 0.035417 0.098828
0 0.430990 0.063086 0.035937 0.101172
0 0.394271 0.064258 0.036458 0.098828
0 0.357552 0.065820 0.035937 0.100391
0 0.548177 0.062109 0.041146 0.094531
0 0.724219 0.059180 0.035937 0.095703
0 0.282813 0.066406 0.036458 0.099219
0 0.244271 0.067969 0.038542 0.096875
0 0.207292 0.067773 0.032292 0.096484
0 0.171875 0.068555 0.037500 0.095703
0 0.127865 0.080859 0.047396 0.074219
0 0.078125 0.082227 0.048958 0.070703
0 0.941146 0.310352 0.036458 0.074609
0 0.321354 0.064258 0.034375 0.098828
0 0.881250 0.311914 0.065625 0.073047
0 0.824219 0.311523 0.036979 0.073828
