0 0.837827 0.403646 0.038399 0.065870
0 0.015114 0.700061 0.029412 0.129902
0 0.021650 0.550705 0.043301 0.124081
0 0.079044 0.553615 0.060866 0.115196
0 0.136234 0.544577 0.046160 0.109375
0 0.194036 0.562806 0.060458 0.068015
0 0.268382 0.559896 0.054739 0.062194
0 0.342933 0.561275 0.065768 0.055147
0 0.246119 0.459559 0.051062 0.080882
0 0.424224 0.555760 0.067402 0.051471
0 0.527778 0.549173 0.032680 0.049939
0 0.564951 0.550551 0.034314 0.043505
0 0.604371 0.553309 0.034722 0.036765
0 0.660539 0.548100 0.033497 0.036152
0 0.721609 0.536612 0.026552 0.048713
0 0.061479 0.695312 0.053513 0.120404
0 0.471814 0.544884 0.027778 0.050551
0 0.127247 0.700214 0.008578 0.009498
0 0.312704 0.467678 0.049428 0.078125
0 0.422590 0.455423 0.070670 0.058517
0 0.932598 0.385570 0.026144 0.067708
0 0.978145 0.403186 0.024918 0.079657
0 0.956495 0.408241 0.021650 0.056679
0 0.968137 0.499847 0.031863 0.078738
0 0.929126 0.500613 0.038807 0.085172
0 0.836601 0.500919 0.040033 0.085784
0 0.363358 0.465839 0.041258 0.073836
0 0.768587 0.527267 0.035539 0.058211
0 0.769199 0.454963 0.034314 0.047181
0 0.724265 0.459099 0.044118 0.049326
0 0.672794 0.457414 0.042484 0.050858
0 0.616013 0.457721 0.044935 0.051471
0 0.559436 0.454657 0.054330 0.061887
0 0.487949 0.452972 0.046977 0.060355
0 0.804330 0.506587 0.024510 0.080576
0 0.766136 0.372396 0.027369 0.045650
0 0.187704 0.680147 0.047794 0.115809
0 0.418505 0.655637 0.040441 0.102328
0 0.798407 0.726716 0.037990 0.076593
0 0.752451 0.736060 0.044118 0.078738
0 0.620915 0.763480 0.032680 0.093750
0 0.575163 0.776961 0.050654 0.093137
0 0.521855 0.785692 0.042892 0.097733
0 0.450980 0.783548 0.052288 0.095895
0 0.843546 0.747855 0.034314 0.029412
0 0.395221 0.796722 0.050245 0.105699
0 0.258170 0.812653 0.053922 0.081189
0 0.207925 0.825521 0.044118 0.109375
0 0.164420 0.844669 0.036356 0.098039
0 0.120711 0.838695 0.046160 0.121017
0 0.016136 0.876685 0.032271 0.100184
0 0.062500 0.849265 0.058824 0.127451
0 0.329861 0.816023 0.061683 0.078125
0 0.244281 0.667586 0.050654 0.107230
0 0.899714 0.723652 0.036356 0.075368
0 0.315564 0.258119 0.042075 0.070159
0 0.461806 0.655637 0.042075 0.104779
0 0.506740 0.649203 0.037173 0.098652
0 0.546364 0.645527 0.034722 0.098652
0 0.619281 0.645221 0.044935 0.074142
0 0.664420 0.632047 0.042075 0.087623
0 0.703636 0.630055 0.028186 0.086703
0 0.938317 0.715533 0.041667 0.077512
0 0.735294 0.627145 0.025327 0.085172
0 0.772876 0.642310 0.040850 0.035233
0 0.860907 0.621170 0.031454 0.064032
0 0.894404 0.605239 0.025735 0.084252
0 0.922794 0.605392 0.022876 0.077206
0 0.952614 0.600031 0.019608 0.083027
0 0.977533 0.709252 0.034314 0.072304
0 0.776144 0.596048 0.053922 0.035233
0 0.975694 0.600337 0.018382 0.086091
0 0.031454 0.211550 0.062908 0.140012
0 0.379493 0.266391 0.044118 0.057904
0 0.967320 0.290441 0.023693 0.091912
0 0.902574 0.281710 0.041258 0.100797
0 0.864379 0.296875 0.028595 0.060049
0 0.830474 0.292279 0.033497 0.069853
0 0.783497 0.287684 0.036765 0.058211
0 0.628676 0.367647 0.054739 0.064951
0 0.576185 0.372549 0.041258 0.050858
0 0.579044 0.274357 0.037173 0.067096
0 0.635417 0.278033 0.058415 0.062806
0 0.688113 0.281250 0.038807 0.060049
0 0.730801 0.279259 0.044935 0.055453
0 0.681781 0.370251 0.040850 0.060355
0 0.530842 0.367647 0.046160 0.054534
0 0.426471 0.365349 0.044118 0.053002
0 0.375817 0.365962 0.040033 0.059130
0 0.323734 0.366268 0.049428 0.062194
0 0.260417 0.350643 0.060866 0.065870
0 0.166462 0.390931 0.064951 0.132353
0 0.095997 0.397672 0.059641 0.120098
0 0.032067 0.366575 0.064134 0.121630
0 0.261642 0.244179 0.051062 0.082108
0 0.211193 0.234835 0.044118 0.114277
0 0.170139 0.252911 0.037990 0.071385
0 0.101920 0.217678 0.064951 0.137561
0 0.479984 0.370404 0.046569 0.053922
0 0.981413 0.189645 0.036356 0.083946
0 0.940359 0.281863 0.033497 0.101103
0 0.889502 0.177543 0.037990 0.081189
0 0.425858 0.268229 0.039624 0.052390
0 0.680964 0.186734 0.052288 0.057292
0 0.616422 0.176164 0.039216 0.061887
0 0.566585 0.169730 0.047386 0.070466
0 0.506944 0.163756 0.062908 0.067708
0 0.428717 0.154259 0.067402 0.070159
0 0.346201 0.141850 0.062500 0.075980
0 0.272876 0.134804 0.073529 0.080882
0 0.188521 0.061887 0.059232 0.123775
0 0.943219 0.197151 0.038399 0.059130
0 0.058619 0.058824 0.066585 0.117647
0 0.499592 0.261183 0.044935 0.049939
0 0.126634 0.061887 0.058824 0.123775
0 0.778799 0.196844 0.040441 0.056066
0 0.726511 0.373009 0.036356 0.051777
0 0.849060 0.170496 0.026552 0.083640
0 0.732639 0.192096 0.045343 0.058211
0 0.542075 0.271140 0.031863 0.063113
