0 0.939134 0.778952 0.056373 0.044424
0 0.939747 0.737286 0.056781 0.035846
0 0.752859 0.663603 0.060458 0.039216
0 0.879902 0.743260 0.058824 0.041667
0 0.819036 0.747243 0.055556 0.041667
0 0.945670 0.695159 0.056373 0.040441
0 0.882966 0.698989 0.061683 0.041360
0 0.944649 0.649357 0.063317 0.048713
0 0.878676 0.655637 0.059641 0.037990
0 0.820261 0.703891 0.061275 0.045037
0 0.683824 0.671109 0.066176 0.042586
0 0.400123 0.697457 0.074755 0.045037
0 0.474877 0.689338 0.070670 0.042892
0 0.877859 0.786458 0.058007 0.037990
0 0.324755 0.706342 0.067810 0.052390
0 0.247141 0.710172 0.075163 0.044118
0 0.192810 0.872396 0.075163 0.046875
0 0.187500 0.822457 0.077614 0.043199
0 0.112541 0.879442 0.074755 0.044424
0 0.037173 0.885417 0.073529 0.045956
0 0.723448 0.546109 0.062092 0.044424
0 0.031454 0.790441 0.062908 0.043505
0 0.853554 0.582567 0.057598 0.035846
0 0.862541 0.541054 0.065768 0.039216
0 0.786765 0.588082 0.061275 0.046262
0 0.717116 0.591605 0.055964 0.039216
0 0.548815 0.679381 0.068219 0.048100
0 0.257149 0.763634 0.079657 0.042586
0 0.660335 0.547794 0.060866 0.045343
0 0.409518 0.746936 0.067402 0.042892
0 0.623162 0.726409 0.063317 0.040441
0 0.692198 0.718137 0.064134 0.040441
0 0.755515 0.708793 0.062500 0.041360
0 0.263889 0.809743 0.068627 0.043505
0 0.339461 0.801164 0.074346 0.038603
0 0.413603 0.796109 0.072304 0.048100
0 0.486111 0.787837 0.066993 0.043199
0 0.554739 0.778952 0.066993 0.037684
0 0.623162 0.770067 0.066585 0.041360
0 0.692198 0.761795 0.064134 0.043811
0 0.754085 0.755821 0.056373 0.039216
0 0.818423 0.792586 0.054330 0.041054
0 0.266953 0.861366 0.067402 0.043811
0 0.343750 0.852175 0.070670 0.047488
0 0.416258 0.842525 0.065359 0.044730
0 0.484886 0.834099 0.062092 0.046875
0 0.556577 0.825674 0.067402 0.044730
0 0.623979 0.818015 0.064951 0.041054
0 0.689747 0.810815 0.059232 0.041360
0 0.754902 0.799786 0.058007 0.038297
0 0.926062 0.536612 0.055556 0.041973
0 0.977941 0.529718 0.044118 0.042892
0 0.926062 0.579504 0.058007 0.043811
0 0.979167 0.576593 0.040033 0.042892
0 0.040645 0.094210 0.081291 0.150429
0 0.552492 0.732843 0.062500 0.045956
0 0.483456 0.737898 0.068219 0.044424
0 0.335580 0.755821 0.069853 0.041667
0 0.123366 0.096048 0.083333 0.141850
0 0.031658 0.837776 0.063317 0.044424
0 0.292279 0.096201 0.082925 0.137255
0 0.807598 0.451900 0.032680 0.088235
0 0.777369 0.454044 0.028595 0.087010
0 0.699142 0.443474 0.029003 0.087929
0 0.668505 0.458640 0.032271 0.087623
0 0.633374 0.460938 0.032271 0.089767
0 0.600286 0.462163 0.030637 0.089767
0 0.566789 0.464767 0.033905 0.090074
0 0.840278 0.449295 0.027778 0.087929
0 0.529412 0.467525 0.035948 0.090686
0 0.460172 0.469516 0.031454 0.097120
0 0.422794 0.472273 0.036765 0.090993
0 0.385621 0.473346 0.035948 0.090686
0 0.348039 0.476409 0.031046 0.095588
0 0.312296 0.476716 0.033088 0.094975
0 0.274510 0.479933 0.037582 0.096507
0 0.207721 0.095895 0.079657 0.141544
0 0.494894 0.468290 0.033905 0.089767
0 0.871324 0.448070 0.028595 0.087929
0 0.903186 0.447151 0.028595 0.086091
0 0.936479 0.445006 0.031454 0.084252
0 0.589869 0.602635 0.060458 0.042279
0 0.522263 0.608303 0.065768 0.043811
0 0.593546 0.555607 0.064542 0.044424
0 0.525735 0.560815 0.066993 0.042586
0 0.451593 0.617188 0.062500 0.047488
0 0.447712 0.564798 0.066993 0.043199
0 0.381944 0.621477 0.066993 0.043811
0 0.377859 0.571538 0.071078 0.042586
0 0.306985 0.627604 0.073938 0.041973
0 0.303105 0.578891 0.075163 0.045037
0 0.228350 0.632966 0.075980 0.045343
0 0.224877 0.581495 0.078840 0.049020
0 0.147672 0.642004 0.074755 0.044424
0 0.064542 0.648284 0.080882 0.047181
0 0.144199 0.587010 0.080882 0.049632
0 0.060049 0.597273 0.084967 0.043199
0 0.969567 0.445159 0.027369 0.087010
0 0.196078 0.484069 0.037582 0.094975
0 0.168505 0.470129 0.017565 0.091605
0 0.235498 0.482690 0.036356 0.094669
0 0.094158 0.471507 0.037990 0.087010
0 0.373979 0.096507 0.074755 0.142770
0 0.447304 0.096814 0.069444 0.138480
0 0.520629 0.098039 0.069036 0.138480
0 0.597018 0.099877 0.068219 0.134804
0 0.691585 0.106771 0.059641 0.129596
0 0.765727 0.106618 0.060866 0.134191
0 0.831495 0.105086 0.064134 0.131127
0 0.895425 0.106005 0.061275 0.132966
0 0.955882 0.104320 0.057190 0.129596
0 0.045139 0.283395 0.077206 0.149510
0 0.121119 0.284467 0.069853 0.144301
0 0.189747 0.283241 0.065768 0.141850
0 0.658088 0.594975 0.057190 0.043505
0 0.256536 0.282935 0.068627 0.138787
0 0.326389 0.282782 0.067810 0.138480
0 0.137255 0.468137 0.044118 0.091912
0 0.465278 0.277880 0.060458 0.136029
0 0.532067 0.277267 0.063317 0.134804
0 0.056781 0.474265 0.035948 0.087623
0 0.984477 0.269455 0.031046 0.119179
0 0.597222 0.276654 0.059641 0.131127
0 0.939338 0.271293 0.049428 0.122855
0 0.886234 0.270680 0.049428 0.124081
0 0.831904 0.272672 0.052696 0.128064
0 0.780025 0.272365 0.051062 0.125000
0 0.722222 0.272365 0.056373 0.125000
0 0.651552 0.275429 0.046569 0.126225
0 0.396446 0.280790 0.070670 0.136949
