0 0.974265 0.735907 0.039216 0.082721
0 0.130106 0.604933 0.045343 0.071998
0 0.892974 0.470282 0.038399 0.071691
0 0.854779 0.470129 0.038807 0.071385
0 0.807598 0.472120 0.050654 0.073529
0 0.754902 0.469669 0.050654 0.073529
0 0.663194 0.474418 0.039624 0.067708
0 0.400735 0.471201 0.044118 0.068627
0 0.621528 0.473652 0.043709 0.068627
0 0.576389 0.472426 0.044118 0.068627
0 0.529412 0.473039 0.044118 0.068627
0 0.927492 0.734375 0.038807 0.082721
0 0.446487 0.471814 0.044118 0.068627
0 0.704044 0.471507 0.039624 0.068015
0 0.872958 0.734681 0.039216 0.082721
0 0.644404 0.729779 0.046160 0.082721
0 0.780229 0.733456 0.039216 0.082721
0 0.064951 0.785999 0.035948 0.036458
0 0.159518 0.725797 0.037173 0.060662
0 0.199346 0.728248 0.040033 0.066789
0 0.246936 0.720741 0.051062 0.096507
0 0.334967 0.726562 0.044118 0.071998
0 0.382557 0.727482 0.043709 0.071998
0 0.825776 0.733762 0.038807 0.082721
0 0.431168 0.729320 0.043709 0.071998
0 0.517565 0.733303 0.044118 0.071998
0 0.560253 0.725797 0.038807 0.082108
0 0.600490 0.729473 0.039216 0.082108
0 0.172794 0.592525 0.036765 0.094975
0 0.691993 0.733762 0.046569 0.082721
0 0.737337 0.732537 0.039216 0.082721
0 0.474877 0.729933 0.043709 0.071998
0 0.354779 0.470741 0.039624 0.068321
0 0.126021 0.466759 0.039624 0.068321
0 0.271446 0.468290 0.039624 0.068321
0 0.381536 0.342678 0.051471 0.083027
0 0.064338 0.813725 0.034722 0.018382
0 0.327614 0.340533 0.051471 0.083027
0 0.226307 0.342218 0.057190 0.075980
0 0.169730 0.338388 0.057598 0.083027
0 0.112337 0.340074 0.051471 0.078431
0 0.036356 0.346507 0.071078 0.110294
0 0.219771 0.601716 0.041667 0.075368
0 0.262051 0.592065 0.042075 0.094056
0 0.304126 0.603401 0.042075 0.080576
0 0.349877 0.600950 0.049428 0.085478
0 0.393178 0.594516 0.034722 0.098346
0 0.433619 0.606618 0.041258 0.074142
0 0.476307 0.604473 0.040850 0.074142
0 0.516953 0.605086 0.041258 0.074142
0 0.561275 0.607384 0.040850 0.074449
0 0.601511 0.610447 0.041258 0.074449
0 0.225286 0.467678 0.039624 0.068321
0 0.168913 0.470129 0.039624 0.068321
0 0.087827 0.505055 0.035948 0.049326
0 0.040850 0.589767 0.076797 0.115196
0 0.559845 0.557445 0.045343 0.026042
0 0.797998 0.557138 0.064951 0.024816
0 0.314338 0.469516 0.039624 0.068321
0 0.644812 0.603707 0.043709 0.083640
0 0.905229 0.604320 0.047386 0.085478
0 0.859886 0.608456 0.040850 0.074142
0 0.816789 0.611979 0.041258 0.074449
0 0.772059 0.607077 0.040850 0.074449
0 0.729779 0.606311 0.041258 0.074142
0 0.688113 0.605392 0.041258 0.074142
0 0.960376 0.607230 0.053105 0.083946
0 0.022059 0.810968 0.042484 0.110907
0 0.392157 0.851256 0.037582 0.078738
0 0.971201 0.848958 0.037990 0.078431
0 0.251634 0.955116 0.036765 0.069547
0 0.490605 0.338388 0.051471 0.083027
0 0.542892 0.343290 0.051471 0.083027
0 0.595384 0.343290 0.051062 0.083027
0 0.647876 0.343903 0.051471 0.083027
0 0.700163 0.345741 0.051471 0.083027
0 0.752451 0.342678 0.051471 0.083027
0 0.807598 0.342984 0.051471 0.083027
0 0.860294 0.342831 0.051471 0.083333
0 0.913399 0.342984 0.051471 0.083027
0 0.967729 0.342371 0.051471 0.083027
0 0.041462 0.203278 0.082925 0.131434
0 0.112745 0.205576 0.054739 0.076593
0 0.167892 0.206342 0.053922 0.069547
0 0.068627 0.920956 0.088235 0.091299
0 0.222018 0.200214 0.053513 0.081801
0 0.333538 0.218444 0.055964 0.050858
0 0.445261 0.205729 0.052288 0.083640
0 0.501838 0.206189 0.051879 0.083946
0 0.555760 0.210478 0.051879 0.083946
0 0.610907 0.212776 0.051879 0.083640
0 0.665033 0.210631 0.052288 0.083640
0 0.721201 0.210784 0.051879 0.083946
0 0.775940 0.209252 0.051879 0.083946
0 0.830270 0.210938 0.051879 0.083640
0 0.886642 0.207414 0.051879 0.083946
0 0.942198 0.205882 0.051879 0.083946
0 0.986724 0.194700 0.026552 0.109375
0 0.209763 0.954044 0.037173 0.069853
0 0.170547 0.955882 0.037173 0.069853
0 0.277165 0.201287 0.056781 0.085172
0 0.325572 0.956955 0.031863 0.070772
0 0.290850 0.956955 0.036765 0.069547
0 0.402574 0.957721 0.033905 0.070466
0 0.897876 0.855239 0.037582 0.078738
0 0.852533 0.855086 0.037582 0.078431
0 0.809641 0.855392 0.037582 0.078431
0 0.769199 0.851256 0.037582 0.078738
0 0.729575 0.850337 0.037582 0.078738
0 0.684232 0.854320 0.037582 0.078738
0 0.642565 0.852328 0.037582 0.078431
0 0.601307 0.852941 0.037582 0.078431
0 0.558415 0.849877 0.037582 0.078431
0 0.514706 0.851256 0.037582 0.078738
0 0.476307 0.850337 0.037582 0.078738
0 0.432598 0.853707 0.037582 0.078738
0 0.435662 0.341912 0.051062 0.083333
0 0.362745 0.954657 0.034314 0.070466
0 0.304330 0.851869 0.037582 0.078738
0 0.347835 0.849418 0.037990 0.078738
0 0.224265 0.854626 0.040033 0.077512
0 0.443627 0.956955 0.042484 0.070772
0 0.484069 0.956189 0.034314 0.070466
0 0.572712 0.956955 0.034314 0.070772
0 0.609886 0.958333 0.034314 0.070466
0 0.656046 0.954350 0.034314 0.070466
0 0.262459 0.854626 0.037990 0.078738
0 0.698734 0.958027 0.033905 0.070466
0 0.790645 0.958333 0.033905 0.070466
0 0.836397 0.958640 0.043709 0.071691
0 0.935049 0.470741 0.038399 0.071385
0 0.885008 0.958487 0.045343 0.071998
0 0.131536 0.853401 0.037582 0.076287
0 0.178105 0.850950 0.041667 0.082414
0 0.743873 0.956955 0.034314 0.070772
0 0.980801 0.471201 0.038399 0.071691
