0 0.933415 0.780178 0.044118 0.007047
0 0.744894 0.785080 0.087010 0.077512
0 0.109069 0.462163 0.055556 0.051777
0 0.934845 0.807138 0.040441 0.010110
0 0.935458 0.798254 0.039216 0.010723
0 0.946487 0.763327 0.049020 0.010110
0 0.937296 0.774663 0.042892 0.007047
0 0.858864 0.771752 0.103350 0.094975
0 0.639093 0.804075 0.075572 0.035233
0 0.174837 0.441942 0.075163 0.077512
0 0.543301 0.778186 0.104575 0.062500
0 0.484681 0.605852 0.069853 0.019301
0 0.961193 0.665901 0.075163 0.034007
0 0.482026 0.624234 0.071078 0.017463
0 0.483864 0.642923 0.071487 0.016850
0 0.562908 0.623928 0.075980 0.018689
0 0.562704 0.641544 0.073121 0.017157
0 0.639706 0.636029 0.070261 0.033088
0 0.703227 0.616115 0.043709 0.056373
0 0.746732 0.628983 0.040850 0.034926
0 0.092933 0.730239 0.069853 0.046262
0 0.119077 0.700521 0.060049 0.013174
0 0.200368 0.719516 0.096814 0.053002
0 0.035948 0.793505 0.066176 0.042892
0 0.178105 0.797488 0.049020 0.060049
0 0.228758 0.795343 0.043301 0.050858
0 0.325163 0.776195 0.144608 0.049326
0 0.443219 0.787071 0.075980 0.080270
0 0.650735 0.764400 0.074346 0.044118
0 0.963235 0.694393 0.072712 0.024203
0 0.375408 0.035080 0.093137 0.070159
0 0.720384 0.699449 0.044526 0.050245
0 0.096609 0.035999 0.077206 0.071998
0 0.198529 0.036458 0.079248 0.072917
0 0.608864 0.700061 0.054330 0.051471
0 0.547794 0.698376 0.049020 0.052390
0 0.486315 0.685202 0.051879 0.026042
0 0.493464 0.712623 0.053922 0.025735
0 0.440564 0.714767 0.046160 0.025735
0 0.343546 0.700827 0.039216 0.034620
0 0.382353 0.700368 0.022059 0.056373
0 0.406250 0.700214 0.024101 0.056066
0 0.259191 0.719669 0.021650 0.019608
0 0.283497 0.720282 0.026961 0.020833
0 0.308007 0.719669 0.017974 0.022059
0 0.267361 0.617494 0.052696 0.013174
0 0.284109 0.035999 0.083742 0.071998
0 0.409109 0.634651 0.075572 0.028493
0 0.577819 0.034314 0.116422 0.068627
0 0.891340 0.049939 0.054739 0.099877
0 0.955678 0.049632 0.070670 0.099265
0 0.068627 0.177083 0.054739 0.103554
0 0.169526 0.172488 0.084150 0.103554
0 0.264297 0.637561 0.056373 0.009804
0 0.632149 0.606311 0.067402 0.011029
0 0.521650 0.171109 0.053105 0.114890
0 0.287990 0.702206 0.063725 0.014093
0 0.292279 0.682445 0.056781 0.018689
0 0.683211 0.035539 0.071487 0.069240
0 0.782475 0.033701 0.100899 0.067402
0 0.667279 0.700061 0.052696 0.051471
0 0.773693 0.697304 0.049837 0.050245
0 0.408497 0.609988 0.074346 0.018382
0 0.946078 0.755055 0.044935 0.007047
0 0.160131 0.339767 0.073529 0.052083
0 0.513072 0.373621 0.056373 0.026042
0 0.524918 0.346814 0.024510 0.026961
0 0.494894 0.348192 0.035539 0.024203
0 0.431781 0.372396 0.059641 0.030944
0 0.351103 0.361673 0.036356 0.047488
0 0.315564 0.368413 0.023284 0.043199
0 0.515523 0.453891 0.045752 0.029105
0 0.471201 0.425398 0.037173 0.019914
0 0.580474 0.465686 0.080882 0.031250
0 0.638889 0.418964 0.044118 0.025429
0 0.696691 0.420650 0.046160 0.028799
0 0.646650 0.464154 0.047386 0.033088
0 0.699551 0.463848 0.042892 0.031863
0 0.751430 0.458180 0.038807 0.041360
0 0.803922 0.459865 0.045752 0.037990
0 0.870507 0.383732 0.056373 0.056679
0 0.973448 0.387102 0.040850 0.042586
0 0.917075 0.374540 0.026961 0.047488
0 0.868260 0.485294 0.064134 0.071691
0 0.927083 0.474112 0.055964 0.092831
0 0.978145 0.478860 0.041258 0.084559
0 0.261234 0.366881 0.025735 0.039522
0 0.799428 0.539369 0.045752 0.051164
0 0.839665 0.601869 0.028186 0.055453
0 0.231209 0.354320 0.032680 0.073836
0 0.081699 0.341452 0.056373 0.052390
0 0.877247 0.602482 0.017565 0.049326
0 0.891748 0.603248 0.013072 0.049020
0 0.907680 0.603554 0.020425 0.047181
0 0.572712 0.350337 0.028595 0.024203
0 0.944036 0.602175 0.016340 0.036458
0 0.603350 0.349265 0.034314 0.028799
0 0.652574 0.347273 0.034722 0.031556
0 0.020425 0.452972 0.040850 0.062806
0 0.031046 0.545190 0.062092 0.056066
0 0.059028 0.434436 0.035539 0.095588
0 0.286560 0.367953 0.024101 0.039828
0 0.979575 0.184896 0.038399 0.040135
0 0.087418 0.541820 0.042484 0.061581
0 0.127451 0.540748 0.036765 0.064951
0 0.182394 0.547794 0.057598 0.050858
0 0.256740 0.553768 0.071487 0.038909
0 0.318832 0.541054 0.051879 0.061887
0 0.378268 0.538909 0.057190 0.061275
0 0.438930 0.537990 0.058415 0.053922
0 0.492034 0.536458 0.042075 0.052696
0 0.537990 0.543658 0.044935 0.046875
0 0.622141 0.540288 0.044118 0.051777
0 0.666462 0.542126 0.041258 0.053002
0 0.707721 0.543199 0.040441 0.050245
0 0.755310 0.541667 0.044118 0.050858
0 0.228758 0.465227 0.018791 0.034007
0 0.247958 0.466146 0.020425 0.034620
0 0.294526 0.469210 0.054739 0.026042
0 0.349265 0.421109 0.048203 0.022978
0 0.344567 0.460631 0.044526 0.021140
0 0.389910 0.445466 0.031454 0.025123
0 0.405842 0.467678 0.053513 0.024203
0 0.462827 0.454963 0.041667 0.028799
0 0.801471 0.371630 0.047386 0.025735
0 0.728758 0.371324 0.054739 0.026348
0 0.660335 0.373928 0.059232 0.022978
0 0.584355 0.375766 0.057598 0.024203
0 0.960989 0.603401 0.015931 0.040135
0 0.158497 0.630362 0.147876 0.077512
0 0.392565 0.249387 0.042484 0.079044
0 0.036969 0.632812 0.073938 0.080576
0 0.019404 0.348652 0.035539 0.039216
0 0.268791 0.628983 0.055556 0.007966
0 0.264910 0.648131 0.054330 0.009498
0 0.332721 0.624540 0.076389 0.019914
0 0.334355 0.643382 0.073121 0.016544
0 0.013072 0.238511 0.018791 0.026654
0 0.015319 0.137868 0.030637 0.031863
0 0.027369 0.193934 0.021242 0.025735
0 0.022263 0.279565 0.013480 0.030944
0 0.913194 0.173713 0.089461 0.060049
0 0.972222 0.284620 0.054739 0.047794
0 0.827410 0.220282 0.050245 0.128064
0 0.773284 0.221354 0.052288 0.127757
0 0.724673 0.223192 0.037582 0.126532
0 0.882966 0.288450 0.056781 0.049326
0 0.626634 0.221507 0.040850 0.129902
0 0.297590 0.260570 0.024101 0.054228
0 0.265931 0.261642 0.031863 0.054534
0 0.223856 0.256127 0.051471 0.060662
0 0.678105 0.221814 0.054739 0.126838
0 0.429739 0.260110 0.024510 0.057598
0 0.337418 0.248468 0.057190 0.078431
0 0.576593 0.222886 0.051879 0.129596
0 0.487949 0.258272 0.030637 0.058824
0 0.519608 0.259498 0.029412 0.058824
0 0.455270 0.259498 0.028186 0.061275
