0 0.605392 0.441636 0.049020 0.085478
0 0.253064 0.661765 0.048611 0.080882
0 0.923611 0.127145 0.033497 0.053309
0 0.886642 0.120864 0.035539 0.065870
0 0.828431 0.135110 0.064542 0.025123
0 0.835376 0.107843 0.064542 0.025123
0 0.748366 0.082108 0.064542 0.025123
0 0.764297 0.107537 0.064542 0.025123
0 0.763480 0.135723 0.064542 0.025123
0 0.687500 0.128676 0.069444 0.034926
0 0.601511 0.121783 0.073938 0.040135
0 0.278186 0.116881 0.056373 0.030331
0 0.216095 0.117800 0.047386 0.019914
0 0.218546 0.094056 0.051471 0.028799
0 0.920752 0.071538 0.033497 0.051777
0 0.164420 0.083640 0.037990 0.083946
0 0.072917 0.064491 0.045343 0.019914
0 0.077206 0.091452 0.044935 0.019914
0 0.077206 0.117800 0.044935 0.019914
0 0.947508 0.841605 0.069853 0.093750
0 0.871936 0.836703 0.073121 0.099265
0 0.821691 0.847273 0.037990 0.082414
0 0.782884 0.848346 0.040441 0.084559
0 0.741830 0.848346 0.033497 0.084559
0 0.699959 0.848499 0.044526 0.077512
0 0.654616 0.847733 0.037173 0.085784
0 0.612132 0.847733 0.046977 0.085784
0 0.572304 0.850031 0.040033 0.094056
0 0.125408 0.084712 0.038399 0.084252
0 0.970997 0.081648 0.051471 0.018689
0 0.967729 0.105852 0.043301 0.011336
0 0.961193 0.122396 0.050654 0.021752
0 0.504085 0.211857 0.049020 0.085478
0 0.446283 0.220129 0.051879 0.068934
0 0.390319 0.213082 0.048611 0.076287
0 0.336601 0.208946 0.060458 0.063113
0 0.282271 0.212163 0.044935 0.065257
0 0.226307 0.210325 0.047386 0.068934
0 0.173203 0.208487 0.055556 0.055453
0 0.112337 0.204504 0.046569 0.071998
0 0.050245 0.200061 0.049837 0.079044
0 0.052288 0.309896 0.083333 0.097733
0 0.158292 0.330116 0.067402 0.065870
0 0.325368 0.332414 0.065768 0.067402
0 0.449346 0.331036 0.060458 0.078738
0 0.515523 0.328738 0.066993 0.077206
0 0.575776 0.331955 0.053513 0.070772
0 0.637459 0.338388 0.071487 0.064032
0 0.713848 0.336091 0.071487 0.077819
0 0.777369 0.336091 0.051471 0.068627
0 0.827614 0.331342 0.049020 0.071998
0 0.904820 0.325214 0.093954 0.084252
0 0.048203 0.442708 0.053922 0.070466
0 0.706495 0.212623 0.054330 0.090686
0 0.772876 0.213695 0.060458 0.092831
0 0.836601 0.216146 0.051471 0.094056
0 0.896446 0.221814 0.055964 0.065564
0 0.957108 0.228707 0.047386 0.062806
0 0.968342 0.148897 0.054330 0.016544
0 0.526144 0.852328 0.040033 0.087623
0 0.584559 0.219669 0.047386 0.067402
0 0.486520 0.849877 0.038399 0.085784
0 0.354779 0.845282 0.055964 0.099265
0 0.640523 0.546109 0.074346 0.090993
0 0.546364 0.546109 0.082925 0.090993
0 0.465482 0.554688 0.054330 0.075674
0 0.390931 0.541820 0.073529 0.090993
0 0.321895 0.558824 0.046569 0.065564
0 0.255515 0.543658 0.078023 0.095895
0 0.183211 0.556219 0.046977 0.070772
0 0.045139 0.546875 0.074755 0.089461
0 0.025123 0.661918 0.047794 0.090993
0 0.071283 0.658701 0.042075 0.082108
0 0.115400 0.665748 0.040441 0.077206
0 0.156658 0.662684 0.042075 0.079044
0 0.204248 0.658395 0.042484 0.087623
0 0.316993 0.660386 0.065359 0.065870
0 0.559845 0.657322 0.076389 0.071998
0 0.619281 0.666054 0.035948 0.065564
0 0.653186 0.662224 0.034314 0.068934
0 0.697712 0.662837 0.058007 0.071998
0 0.756332 0.660233 0.064951 0.077206
0 0.828023 0.673866 0.062908 0.051777
0 0.893587 0.677390 0.073121 0.047181
0 0.965074 0.668045 0.069853 0.072610
0 0.936887 0.747089 0.038807 0.057292
0 0.978962 0.748009 0.042075 0.050551
0 0.888480 0.764706 0.049020 0.022059
0 0.892565 0.736673 0.049837 0.030331
0 0.836193 0.760263 0.046569 0.028493
0 0.743260 0.544730 0.087827 0.095588
0 0.444036 0.848192 0.044935 0.089154
0 0.812296 0.554841 0.054330 0.075368
0 0.905637 0.439032 0.080882 0.083946
0 0.260212 0.847733 0.051471 0.094363
0 0.210172 0.850031 0.042075 0.094056
0 0.026348 0.860907 0.051062 0.080882
0 0.113154 0.859375 0.053922 0.075368
0 0.100286 0.753830 0.042075 0.052390
0 0.131740 0.756281 0.022467 0.043199
0 0.166462 0.755974 0.033905 0.043811
0 0.204248 0.758578 0.024510 0.047181
0 0.240809 0.749081 0.044526 0.061887
0 0.283088 0.752757 0.037582 0.050245
0 0.352941 0.754749 0.097222 0.050551
0 0.448529 0.764246 0.071078 0.031556
0 0.867851 0.555913 0.049428 0.077512
0 0.506944 0.762255 0.049020 0.026961
0 0.660743 0.748621 0.053513 0.021752
0 0.716299 0.751072 0.046977 0.023591
0 0.777778 0.764093 0.056373 0.023284
0 0.113358 0.428615 0.062500 0.109069
0 0.215278 0.428309 0.069444 0.099265
0 0.285539 0.439032 0.064542 0.083946
0 0.347835 0.442249 0.055147 0.077512
0 0.408088 0.446078 0.047386 0.074142
0 0.475286 0.433824 0.072304 0.092525
0 0.660539 0.441636 0.051471 0.085478
0 0.711601 0.441636 0.053105 0.085478
0 0.837010 0.444240 0.053922 0.080270
0 0.564951 0.761795 0.049020 0.032169
0 0.640523 0.224571 0.056373 0.066789
