0 0.080990 0.932422 0.063021 0.116406
0 0.137240 0.939453 0.047396 0.092188
0 0.188281 0.942773 0.047396 0.098828
0 0.297656 0.937109 0.057813 0.115625
0 0.357552 0.932813 0.052604 0.108594
0 0.410417 0.941797 0.047917 0.100000
0 0.461198 0.942383 0.048438 0.089453
0 0.509375 0.943359 0.045833 0.096875
0 0.561198 0.944531 0.047396 0.089063
0 0.608854 0.942773 0.045833 0.098828
0 0.657031 0.941797 0.046354 0.090625
0 0.703906 0.941797 0.042188 0.096875
0 0.753385 0.942578 0.049479 0.092969
0 0.803646 0.943359 0.050000 0.096875
0 0.852083 0.941406 0.042708 0.091406
0 0.513021 0.330664 0.051042 0.117578
0 0.463021 0.329688 0.048958 0.116406
0 0.417187 0.348633 0.038542 0.076953
0 0.367708 0.327930 0.048958 0.116797
0 0.899479 0.946094 0.048958 0.095312
0 0.949740 0.941992 0.042188 0.090234
0 0.986458 0.942969 0.027083 0.088281
0 0.989583 0.792383 0.020833 0.106641
0 0.952344 0.791602 0.043229 0.108203
0 0.908594 0.791211 0.041146 0.113672
0 0.866146 0.791602 0.040625 0.111328
0 0.821615 0.791992 0.041146 0.112109
0 0.025521 0.933398 0.046875 0.107422
0 0.779167 0.790039 0.040625 0.111328
0 0.562760 0.330664 0.044271 0.117578
0 0.671354 0.323828 0.056250 0.134375
0 0.127344 0.148242 0.047396 0.136328
0 0.170573 0.156445 0.035937 0.122266
0 0.206250 0.158398 0.031250 0.119141
0 0.241406 0.152148 0.033854 0.132422
0 0.278125 0.157422 0.034375 0.121094
0 0.315885 0.153711 0.038021 0.134766
0 0.352865 0.154297 0.033854 0.133594
0 0.392188 0.159961 0.038542 0.122266
0 0.421094 0.160352 0.015104 0.120703
0 0.445573 0.156836 0.030729 0.128516
0 0.483854 0.155664 0.043750 0.133203
0 0.533073 0.155469 0.048438 0.134375
0 0.578385 0.157812 0.038021 0.131250
0 0.624219 0.156055 0.048438 0.133203
0 0.660417 0.189453 0.022917 0.070312
0 0.750781 0.162109 0.047396 0.121094
0 0.796094 0.161719 0.035937 0.126562
0 0.835938 0.159570 0.039583 0.132422
0 0.880469 0.159961 0.040104 0.135547
0 0.927604 0.159766 0.048958 0.135156
0 0.976302 0.161133 0.045312 0.134766
0 0.979167 0.335742 0.033333 0.113672
0 0.938281 0.333984 0.048438 0.114844
0 0.889583 0.334375 0.047917 0.116406
0 0.837240 0.333008 0.050521 0.116016
0 0.788542 0.330859 0.046875 0.120313
0 0.731250 0.325391 0.059375 0.129688
0 0.614062 0.331445 0.056250 0.119141
0 0.078646 0.135156 0.046875 0.162500
0 0.736198 0.788086 0.040104 0.113672
0 0.636458 0.783594 0.047917 0.126562
0 0.980469 0.641016 0.027604 0.037500
0 0.989062 0.508984 0.021875 0.080469
0 0.954688 0.488086 0.043750 0.120703
0 0.912760 0.493555 0.035937 0.109766
0 0.872135 0.493750 0.040104 0.109375
0 0.821875 0.492773 0.054167 0.108203
0 0.770052 0.492188 0.043229 0.110156
0 0.722135 0.491992 0.045312 0.109766
0 0.673698 0.491797 0.046354 0.110937
0 0.619010 0.481250 0.059896 0.128125
0 0.557813 0.482031 0.056250 0.128125
0 0.507292 0.495312 0.039583 0.103125
0 0.461458 0.490039 0.045833 0.115234
0 0.413542 0.488477 0.046875 0.110547
0 0.365365 0.486719 0.044271 0.111719
0 0.316667 0.486328 0.047917 0.111719
0 0.261198 0.478320 0.059896 0.130078
0 0.198698 0.478125 0.061979 0.128125
0 0.146354 0.497266 0.038542 0.089844
0 0.101302 0.487305 0.049479 0.106641
0 0.047917 0.482422 0.053125 0.116406
0 0.034635 0.322461 0.053646 0.118359
0 0.087500 0.320898 0.054167 0.120703
0 0.137760 0.322070 0.046354 0.119141
0 0.192708 0.317188 0.059375 0.128906
0 0.257812 0.318750 0.065625 0.132031
0 0.317708 0.327344 0.051042 0.114062
0 0.982292 0.682031 0.035417 0.035156
0 0.689063 0.783398 0.051042 0.124609
0 0.942708 0.655859 0.035417 0.090625
0 0.845052 0.645312 0.044271 0.111719
0 0.583333 0.785156 0.052083 0.124219
0 0.529427 0.781836 0.049479 0.129297
0 0.475260 0.783008 0.047396 0.128516
0 0.422396 0.783203 0.047917 0.128906
0 0.369531 0.782031 0.048438 0.124219
0 0.316667 0.781836 0.047917 0.126172
0 0.264323 0.783398 0.049479 0.124609
0 0.208854 0.779883 0.048958 0.125391
0 0.155208 0.778320 0.052083 0.125391
0 0.099479 0.778125 0.055208 0.125781
0 0.041667 0.779883 0.058333 0.125391
0 0.013281 0.634766 0.026562 0.113281
0 0.054167 0.635352 0.044792 0.116797
0 0.096875 0.644922 0.035417 0.100000
0 0.135677 0.650391 0.038021 0.089063
0 0.184115 0.631055 0.055729 0.123828
0 0.247917 0.631055 0.067708 0.126953
0 0.309635 0.632031 0.054688 0.125781
0 0.364583 0.639648 0.051042 0.112109
0 0.414062 0.639062 0.044792 0.111719
0 0.468490 0.633789 0.058854 0.126172
0 0.528385 0.635547 0.057813 0.125000
0 0.586979 0.636133 0.059375 0.124609
0 0.639844 0.643164 0.043229 0.112891
0 0.691406 0.642773 0.054688 0.112109
0 0.744531 0.644922 0.045312 0.112500
0 0.795052 0.644727 0.050521 0.109766
0 0.896094 0.655469 0.051562 0.089844
0 0.031250 0.145703 0.041667 0.141406
0 0.240365 0.941602 0.049479 0.094922
