0 0.965885 0.328906 0.068229 0.045312
0 0.964323 0.386328 0.065104 0.044531
0 0.888281 0.391406 0.076563 0.049219
0 0.815365 0.388477 0.065104 0.055078
0 0.742448 0.387695 0.078646 0.050391
0 0.390885 0.387109 0.089063 0.048438
0 0.573438 0.388477 0.086458 0.048828
0 0.483594 0.384766 0.085938 0.053906
0 0.289583 0.383398 0.089583 0.054297
0 0.894271 0.329688 0.071875 0.047656
0 0.095052 0.444336 0.185938 0.136328
0 0.658073 0.388086 0.076563 0.048047
0 0.270313 0.458398 0.095833 0.057422
0 0.276302 0.593164 0.100521 0.051953
0 0.470052 0.457813 0.083854 0.053125
0 0.563802 0.455273 0.092188 0.049609
0 0.650000 0.454492 0.068750 0.052734
0 0.732812 0.454492 0.087500 0.048047
0 0.815104 0.449414 0.064583 0.048828
0 0.890104 0.448437 0.076042 0.050781
0 0.120052 0.608203 0.178646 0.121875
0 0.374219 0.588672 0.092188 0.052344
0 0.273958 0.524414 0.095833 0.051953
0 0.372656 0.523438 0.093229 0.053906
0 0.818750 0.324219 0.076042 0.036719
0 0.468490 0.519141 0.084896 0.053906
0 0.373698 0.459570 0.099479 0.047266
0 0.737760 0.321094 0.072396 0.046094
0 0.764844 0.124219 0.102604 0.075781
0 0.572135 0.319922 0.079687 0.045312
0 0.557031 0.520508 0.090104 0.048047
0 0.079427 0.067969 0.154688 0.129688
0 0.267448 0.069727 0.115104 0.096484
0 0.389323 0.082812 0.114062 0.072656
0 0.492448 0.092188 0.083854 0.095312
0 0.584896 0.089648 0.093750 0.101953
0 0.677344 0.113086 0.070312 0.094922
0 0.920833 0.123828 0.071875 0.107031
0 0.383333 0.166797 0.106250 0.064844
0 0.575781 0.183789 0.082812 0.062109
0 0.667188 0.191797 0.094792 0.044531
0 0.755469 0.195898 0.075521 0.052734
0 0.656771 0.322656 0.086458 0.046094
0 0.912500 0.206836 0.080208 0.052734
0 0.376563 0.243750 0.105208 0.044531
0 0.483594 0.248047 0.090104 0.058594
0 0.579167 0.255664 0.093750 0.042578
0 0.666667 0.258789 0.077083 0.052734
0 0.751042 0.259961 0.083333 0.042578
0 0.829167 0.267578 0.067708 0.052344
0 0.907813 0.268164 0.086458 0.044922
0 0.972917 0.268945 0.037500 0.051953
0 0.092188 0.273047 0.180208 0.151562
0 0.279687 0.310742 0.090625 0.058984
0 0.380729 0.314063 0.109375 0.053906
0 0.479167 0.313672 0.081250 0.058594
0 0.271094 0.236914 0.101562 0.058203
0 0.648698 0.515430 0.082812 0.046484
0 0.786719 0.682813 0.076563 0.041406
0 0.807031 0.509180 0.072396 0.048828
0 0.481771 0.770117 0.086458 0.041797
0 0.572135 0.761719 0.079687 0.048438
0 0.648698 0.753320 0.066146 0.038672
0 0.718229 0.747656 0.075000 0.046094
0 0.794271 0.741406 0.063542 0.036719
0 0.861979 0.736133 0.064583 0.044922
0 0.932031 0.727148 0.070312 0.038672
0 0.282552 0.853711 0.096354 0.041016
0 0.377083 0.843750 0.081250 0.043750
0 0.466927 0.835352 0.090104 0.034766
0 0.555990 0.825977 0.076563 0.048047
0 0.626042 0.804297 0.057292 0.024219
0 0.709896 0.803125 0.086458 0.042188
0 0.785937 0.795898 0.067708 0.035547
0 0.730729 0.514062 0.070833 0.048438
0 0.918750 0.777930 0.055208 0.033203
0 0.974479 0.775391 0.048958 0.036719
0 0.280208 0.921875 0.087500 0.045312
0 0.371875 0.908984 0.087500 0.057031
0 0.458073 0.899414 0.083854 0.043359
0 0.542448 0.884961 0.077604 0.051172
0 0.623177 0.872461 0.079687 0.038672
0 0.766406 0.860938 0.077604 0.042969
0 0.844010 0.852539 0.069271 0.032422
0 0.930729 0.840039 0.076042 0.041016
0 0.391667 0.780078 0.093750 0.054688
0 0.291146 0.787109 0.092708 0.045312
0 0.854167 0.789062 0.065625 0.042969
0 0.861979 0.681055 0.060417 0.044922
0 0.928385 0.675391 0.071354 0.045312
0 0.879167 0.506445 0.069792 0.048047
0 0.952344 0.503320 0.066146 0.040234
0 0.465104 0.582031 0.078125 0.047656
0 0.555990 0.579492 0.084896 0.049609
0 0.644010 0.576172 0.069271 0.048438
0 0.799740 0.566406 0.070312 0.043750
0 0.874740 0.563867 0.073438 0.046484
0 0.946094 0.559375 0.060937 0.045312
0 0.275521 0.657031 0.098958 0.042188
0 0.372656 0.652930 0.089063 0.045703
0 0.463542 0.645508 0.087500 0.043359
0 0.553906 0.641016 0.080729 0.051562
0 0.719531 0.572461 0.077604 0.048047
0 0.709896 0.629687 0.082292 0.049219
0 0.632031 0.636133 0.073438 0.045703
0 0.710417 0.689258 0.070833 0.046484
0 0.630729 0.695312 0.083333 0.039062
0 0.471094 0.705273 0.081771 0.046484
0 0.382031 0.716797 0.091146 0.058594
0 0.552865 0.698242 0.070312 0.044141
0 0.282031 0.723633 0.099479 0.046484
0 0.112240 0.810742 0.179688 0.119922
0 0.937500 0.616602 0.068750 0.046484
0 0.859896 0.622266 0.077083 0.046094
0 0.785677 0.623437 0.067187 0.042188
