0 0.443490 0.860352 0.079687 0.030078
0 0.829948 0.231836 0.072396 0.041797
0 0.532292 0.898828 0.080208 0.035937
0 0.357812 0.854492 0.072917 0.027734
0 0.275521 0.856641 0.083333 0.025000
0 0.614062 0.862109 0.075000 0.035937
0 0.617448 0.900195 0.075521 0.032422
0 0.703125 0.866016 0.079167 0.032813
0 0.703646 0.898633 0.077083 0.024609
0 0.531510 0.859375 0.081771 0.030469
0 0.534115 0.237500 0.074479 0.039062
0 0.681510 0.230469 0.063021 0.043750
0 0.687500 0.182617 0.065625 0.044141
0 0.608594 0.233008 0.067187 0.039453
0 0.612760 0.185938 0.069271 0.041406
0 0.534375 0.194336 0.075000 0.035547
0 0.453906 0.236914 0.070312 0.037891
0 0.159375 0.772852 0.064583 0.036328
0 0.166406 0.810937 0.064062 0.032813
0 0.453646 0.199805 0.066667 0.030078
0 0.447396 0.897852 0.081250 0.038672
0 0.754427 0.231250 0.061979 0.045312
0 0.363281 0.895703 0.069271 0.036719
0 0.632552 0.761914 0.069271 0.033203
0 0.183594 0.900781 0.082812 0.028906
0 0.968490 0.693555 0.061979 0.033984
0 0.247917 0.766992 0.086458 0.033984
0 0.247396 0.806250 0.082292 0.036719
0 0.344792 0.761523 0.087500 0.030078
0 0.346094 0.803516 0.093229 0.038281
0 0.430729 0.803320 0.063542 0.033203
0 0.426042 0.765625 0.068750 0.035937
0 0.498698 0.799609 0.058854 0.039844
0 0.568229 0.802148 0.060417 0.040234
0 0.560417 0.758203 0.062500 0.030469
0 0.278125 0.899219 0.088542 0.034375
0 0.635677 0.800195 0.059896 0.036328
0 0.700521 0.800781 0.055208 0.032813
0 0.762500 0.799219 0.060417 0.032031
0 0.766146 0.759766 0.058333 0.033594
0 0.832812 0.759961 0.066667 0.036328
0 0.833333 0.799219 0.064583 0.039062
0 0.904167 0.756445 0.062500 0.033203
0 0.905469 0.797461 0.058854 0.040234
0 0.969531 0.753516 0.060937 0.029687
0 0.970833 0.794531 0.058333 0.040625
0 0.179427 0.866992 0.083854 0.025391
0 0.699479 0.760156 0.062500 0.036719
0 0.899740 0.663086 0.068229 0.025391
0 0.449740 0.479102 0.061979 0.038672
0 0.898438 0.695312 0.065625 0.032813
0 0.506771 0.352734 0.068750 0.040625
0 0.509896 0.309180 0.062500 0.042578
0 0.580208 0.307422 0.068750 0.041406
0 0.579427 0.351367 0.064062 0.041797
0 0.658073 0.306250 0.071354 0.041406
0 0.732292 0.308008 0.063542 0.044922
0 0.796875 0.314453 0.058333 0.032813
0 0.648177 0.351758 0.067187 0.041016
0 0.720833 0.353906 0.068750 0.042969
0 0.796094 0.354297 0.063021 0.039062
0 0.860156 0.352930 0.053646 0.038672
0 0.904427 0.354492 0.025521 0.037109
0 0.955729 0.355664 0.067708 0.034766
0 0.948958 0.309570 0.078125 0.043359
0 0.133594 0.426367 0.077604 0.045703
0 0.135417 0.479492 0.078125 0.046484
0 0.214583 0.437305 0.071875 0.039453
0 0.220052 0.482422 0.067187 0.040625
0 0.285417 0.480078 0.060417 0.033594
0 0.367188 0.480078 0.086458 0.033594
0 0.287240 0.436719 0.060937 0.035937
0 0.433073 0.352344 0.065104 0.037500
0 0.436198 0.308789 0.068229 0.039453
0 0.364583 0.319141 0.068750 0.021094
0 0.363802 0.292383 0.067187 0.023047
0 0.820833 0.694727 0.066667 0.036328
0 0.821354 0.647852 0.064583 0.036328
0 0.344531 0.229883 0.129688 0.053516
0 0.748437 0.695117 0.059375 0.034766
0 0.680990 0.697266 0.058854 0.032031
0 0.750260 0.657813 0.069271 0.033594
0 0.676823 0.658203 0.063021 0.034375
0 0.609896 0.695312 0.057292 0.035156
0 0.599219 0.655078 0.067187 0.030469
0 0.754167 0.184961 0.056250 0.039453
0 0.901302 0.635742 0.083854 0.019141
0 0.816667 0.187500 0.045833 0.035937
0 0.911198 0.228516 0.067187 0.042188
0 0.975781 0.185938 0.024479 0.036719
0 0.972656 0.229102 0.024479 0.038672
0 0.128906 0.300781 0.095312 0.042188
0 0.128646 0.352148 0.089583 0.050391
0 0.219010 0.356445 0.077604 0.033984
0 0.217708 0.314844 0.065625 0.042188
0 0.291406 0.312500 0.069271 0.039844
0 0.291406 0.354687 0.056771 0.039844
0 0.360677 0.353516 0.067187 0.039844
0 0.893229 0.181250 0.080208 0.041406
0 0.345833 0.173828 0.126042 0.053906
0 0.029687 0.110547 0.043750 0.078906
0 0.228646 0.202148 0.090625 0.032422
0 0.574740 0.543359 0.057813 0.040625
0 0.629167 0.542969 0.038542 0.042188
0 0.706771 0.541406 0.061458 0.014063
0 0.755729 0.581836 0.105208 0.051172
0 0.864062 0.574805 0.083333 0.055859
0 0.826562 0.525586 0.084375 0.021484
0 0.957552 0.536328 0.055729 0.035937
0 0.968750 0.580859 0.062500 0.031250
0 0.156510 0.667578 0.068229 0.039062
0 0.161458 0.706836 0.071875 0.033203
0 0.244271 0.703711 0.082292 0.033203
0 0.240625 0.664062 0.086458 0.039062
0 0.332552 0.660156 0.083854 0.035937
0 0.330990 0.702539 0.083854 0.040234
0 0.410417 0.706445 0.062500 0.027734
0 0.410677 0.670117 0.059896 0.037109
0 0.478385 0.667578 0.067187 0.023438
0 0.482812 0.701758 0.066667 0.031641
0 0.366927 0.438477 0.091146 0.041797
0 0.080990 0.056445 0.054688 0.037109
0 0.155208 0.051562 0.065625 0.036719
0 0.504167 0.591016 0.063542 0.035156
0 0.096354 0.102344 0.064583 0.043750
0 0.421875 0.591406 0.085417 0.035937
0 0.422656 0.549219 0.090104 0.043750
0 0.529948 0.476562 0.090104 0.035937
0 0.609375 0.441211 0.044792 0.029297
0 0.605469 0.478516 0.051562 0.035156
0 0.666146 0.479297 0.051042 0.029687
0 0.669271 0.442969 0.060417 0.039844
0 0.732812 0.442188 0.053125 0.031250
0 0.732031 0.479883 0.054688 0.028516
0 0.796615 0.432617 0.057813 0.034766
0 0.801042 0.473633 0.057292 0.038672
0 0.867188 0.430859 0.058333 0.038281
0 0.869010 0.475391 0.061979 0.039844
0 0.937760 0.475391 0.065104 0.038281
0 0.937240 0.432422 0.070312 0.041406
0 0.121615 0.557617 0.026562 0.034766
0 0.125781 0.596875 0.028646 0.031250
0 0.176563 0.597070 0.059375 0.037891
0 0.171875 0.556836 0.068750 0.040234
0 0.243229 0.554492 0.064583 0.035547
0 0.246615 0.595117 0.065104 0.038672
0 0.325000 0.590625 0.078125 0.041406
0 0.321875 0.545508 0.078125 0.044922
0 0.504427 0.547852 0.067187 0.041016
0 0.174219 0.100977 0.073438 0.041016
0 0.529167 0.436328 0.094792 0.039844
0 0.035156 0.201367 0.060937 0.067578
0 0.310937 0.059180 0.068750 0.037891
0 0.308073 0.018555 0.066146 0.037109
0 0.393229 0.053906 0.070833 0.043750
0 0.401823 0.016211 0.064062 0.023047
0 0.391146 0.099609 0.069792 0.040625
0 0.473177 0.054102 0.071354 0.046484
0 0.471094 0.101172 0.070312 0.039844
0 0.545052 0.053711 0.066146 0.048047
0 0.545052 0.100391 0.066146 0.038281
0 0.623177 0.053320 0.069271 0.049609
0 0.621615 0.100977 0.069271 0.039453
0 0.701302 0.050586 0.069271 0.050391
0 0.705729 0.099023 0.065625 0.037109
0 0.785417 0.099219 0.075000 0.037500
0 0.869792 0.053516 0.066667 0.042969
0 0.872135 0.097461 0.068229 0.038672
0 0.943750 0.050195 0.067708 0.043359
0 0.952865 0.096289 0.061979 0.041016
0 0.117448 0.174414 0.091146 0.055078
0 0.126042 0.231250 0.095833 0.050000
0 0.226562 0.241016 0.092708 0.032813
0 0.321875 0.101172 0.059375 0.039844
0 0.248698 0.103711 0.056771 0.040234
0 0.240885 0.062891 0.044271 0.036719
0 0.230729 0.019922 0.060417 0.037500
0 0.041927 0.270313 0.053646 0.033594
0 0.048698 0.329688 0.039062 0.070312
0 0.959375 0.895117 0.081250 0.023828
0 0.961458 0.868555 0.076042 0.019141
0 0.961719 0.846094 0.076563 0.015625
0 0.874740 0.895703 0.073438 0.027344
0 0.876563 0.866406 0.083333 0.019531
0 0.788802 0.888086 0.073438 0.040234
0 0.055208 0.411719 0.042708 0.078125
0 0.061198 0.486523 0.033854 0.060547
0 0.216667 0.162891 0.096875 0.036719
0 0.075521 0.539258 0.037500 0.030078
0 0.088281 0.674219 0.054688 0.064062
0 0.026042 0.589844 0.045833 0.053906
0 0.094010 0.730859 0.041146 0.039844
0 0.095833 0.774414 0.041667 0.037109
0 0.101302 0.830078 0.034896 0.061719
0 0.037760 0.669531 0.039062 0.038281
0 0.044271 0.710352 0.030208 0.030859
0 0.036198 0.766406 0.056771 0.025781
0 0.038802 0.806641 0.061979 0.035156
0 0.077083 0.891602 0.075000 0.047266
0 0.078906 0.590430 0.044271 0.063672
0 0.448177 0.434180 0.058854 0.040234
