0 0.022467 0.422641 0.035131 0.127757
0 0.816176 0.455576 0.033497 0.052083
0 0.866422 0.453738 0.046569 0.053309
0 0.780637 0.725490 0.131536 0.033701
0 0.064747 0.422335 0.045343 0.128983
0 0.409926 0.384038 0.042892 0.058517
0 0.146855 0.419118 0.037173 0.120098
0 0.200368 0.386336 0.059232 0.063113
0 0.261029 0.388021 0.055556 0.060355
0 0.357639 0.384957 0.055964 0.057904
0 0.467525 0.383272 0.049428 0.056985
0 0.517565 0.386949 0.038399 0.049632
0 0.559232 0.382200 0.033497 0.052390
0 0.599265 0.388634 0.032680 0.036458
0 0.642974 0.388327 0.028595 0.038909
0 0.683211 0.379902 0.034722 0.053922
0 0.060458 0.076900 0.056373 0.110907
0 0.108047 0.419424 0.029820 0.126838
0 0.121324 0.086857 0.049837 0.092218
0 0.536969 0.747396 0.110703 0.042586
0 0.263072 0.108915 0.053105 0.063419
0 0.715074 0.214461 0.037990 0.063725
0 0.322100 0.558670 0.042892 0.073836
0 0.271038 0.559589 0.051879 0.071998
0 0.215074 0.562347 0.051879 0.074449
0 0.103145 0.717831 0.027369 0.113358
0 0.150123 0.712010 0.046977 0.115809
0 0.266544 0.679228 0.107435 0.060662
0 0.665033 0.213542 0.045752 0.059436
0 0.474673 0.647978 0.053922 0.096814
0 0.663399 0.629749 0.042484 0.093444
0 0.710784 0.623928 0.039216 0.085478
0 0.754698 0.625306 0.035539 0.089461
0 0.790237 0.619179 0.015931 0.087623
0 0.826797 0.616422 0.041667 0.091912
0 0.075368 0.556985 0.042892 0.107843
0 0.119077 0.555913 0.035539 0.109988
0 0.534109 0.640778 0.040441 0.100184
0 0.205882 0.102328 0.049837 0.075368
0 0.594771 0.222580 0.047386 0.038909
0 0.463031 0.210172 0.046977 0.066176
0 0.323325 0.108762 0.055147 0.070466
0 0.383170 0.111060 0.053105 0.067096
0 0.471201 0.117494 0.053513 0.062806
0 0.523284 0.118413 0.045752 0.059743
0 0.575572 0.122243 0.042484 0.059436
0 0.631536 0.122549 0.043301 0.058824
0 0.731413 0.147978 0.029820 0.019608
0 0.531658 0.218290 0.032271 0.053615
0 0.780433 0.129749 0.053513 0.057292
0 0.880719 0.131587 0.047386 0.062194
0 0.956291 0.142770 0.087418 0.049632
0 0.187500 0.202512 0.060458 0.070466
0 0.245098 0.204350 0.050654 0.065564
0 0.303922 0.205882 0.049837 0.066789
0 0.356005 0.211244 0.042892 0.056679
0 0.410335 0.210631 0.043709 0.066483
0 0.833946 0.132506 0.042075 0.062194
0 0.685253 0.123928 0.048611 0.062806
0 0.157067 0.557292 0.030637 0.110907
0 0.729575 0.459406 0.040033 0.054228
0 0.858864 0.524203 0.034722 0.051471
0 0.259191 0.474112 0.045343 0.058517
0 0.205065 0.457721 0.038399 0.036152
0 0.361724 0.467218 0.043709 0.057598
0 0.410948 0.467525 0.040850 0.053309
0 0.103350 0.896140 0.058007 0.091299
0 0.760825 0.214767 0.041258 0.061887
0 0.800041 0.217065 0.028186 0.057904
0 0.854167 0.217371 0.045752 0.057292
0 0.943627 0.251379 0.068627 0.054228
0 0.939951 0.393995 0.095588 0.060662
0 0.916871 0.518842 0.046160 0.094669
0 0.971405 0.508885 0.057190 0.105392
0 0.935866 0.637408 0.125000 0.098346
0 0.819649 0.532016 0.033905 0.047488
0 0.904208 0.793045 0.071487 0.085478
0 0.062092 0.719363 0.046569 0.110294
0 0.264093 0.843290 0.109886 0.030331
0 0.775123 0.456342 0.036356 0.053002
0 0.679126 0.458333 0.046977 0.054534
0 0.360090 0.296569 0.047794 0.058211
0 0.309028 0.299632 0.040441 0.051471
0 0.253472 0.294118 0.054330 0.056373
0 0.194240 0.292739 0.050245 0.058517
0 0.766340 0.376685 0.038399 0.055453
0 0.721405 0.380515 0.036765 0.053922
0 0.454861 0.465686 0.045343 0.053922
0 0.506740 0.465839 0.045343 0.057292
0 0.550449 0.463082 0.038807 0.057292
0 0.594771 0.463695 0.036765 0.055453
0 0.160743 0.891697 0.047794 0.092218
0 0.777982 0.532169 0.038807 0.050858
0 0.310458 0.469210 0.042484 0.062806
0 0.688113 0.532169 0.037990 0.052696
0 0.271038 0.777880 0.129493 0.050245
0 0.808824 0.297947 0.127451 0.055453
0 0.660539 0.296569 0.036765 0.060662
0 0.611928 0.297488 0.040850 0.061275
0 0.566789 0.299479 0.038807 0.064032
0 0.519404 0.300245 0.045343 0.066176
0 0.469363 0.301011 0.046569 0.064645
0 0.373570 0.554994 0.047794 0.068321
0 0.386234 0.887255 0.103350 0.037990
0 0.258987 0.899969 0.119281 0.037071
0 0.421160 0.553462 0.041667 0.071998
0 0.466095 0.550398 0.040033 0.066483
0 0.511642 0.548100 0.042892 0.072304
0 0.731618 0.531403 0.036765 0.051164
0 0.561683 0.545496 0.044935 0.064645
0 0.636438 0.457414 0.025327 0.050858
0 0.644812 0.541667 0.035539 0.067402
0 0.604779 0.543199 0.033088 0.064951
