0 0.640708 0.312004 0.030754 0.110119
0 0.739087 0.339782 0.038360 0.049272
0 0.700066 0.345238 0.034392 0.043651
0 0.819775 0.314815 0.057540 0.097222
0 0.667659 0.313161 0.022487 0.107804
0 0.770337 0.320437 0.018849 0.099206
0 0.611938 0.310185 0.024140 0.113757
0 0.458333 0.305721 0.025132 0.116071
0 0.545800 0.335152 0.027447 0.057209
0 0.515873 0.307044 0.029101 0.106151
0 0.487103 0.303075 0.025794 0.115410
0 0.428075 0.335483 0.036706 0.053902
0 0.388062 0.333003 0.037368 0.048280
0 0.355655 0.303406 0.028770 0.108796
0 0.866237 0.324901 0.028770 0.093585
0 0.326554 0.303737 0.028770 0.108796
0 0.580688 0.345569 0.031085 0.036376
0 0.967262 0.330853 0.046958 0.086971
0 0.362269 0.152778 0.045966 0.122354
0 0.929563 0.171627 0.039683 0.128968
0 0.293320 0.301587 0.034392 0.108466
0 0.028108 0.159888 0.056217 0.102844
0 0.093750 0.164683 0.068452 0.089286
0 0.167659 0.170966 0.056878 0.076058
0 0.234292 0.160218 0.061839 0.095569
0 0.308036 0.151786 0.059193 0.128968
0 0.417989 0.172454 0.056217 0.100198
0 0.982804 0.163856 0.033069 0.152447
0 0.457176 0.170966 0.021495 0.098545
0 0.545966 0.161210 0.058201 0.127315
0 0.597553 0.158399 0.033069 0.133598
0 0.641700 0.149471 0.053902 0.147487
0 0.693452 0.150794 0.041667 0.148810
0 0.742890 0.148810 0.051257 0.154762
0 0.845403 0.166997 0.036045 0.136905
0 0.889550 0.157738 0.039021 0.153439
0 0.492890 0.171627 0.038029 0.104497
0 0.258763 0.329034 0.030093 0.046296
0 0.797619 0.156911 0.047619 0.151786
0 0.163856 0.322586 0.069775 0.061177
0 0.237269 0.585648 0.067791 0.094577
0 0.169974 0.572090 0.057540 0.098545
0 0.091766 0.581515 0.070437 0.093585
0 0.023479 0.577050 0.046958 0.099206
0 0.045800 0.734788 0.051918 0.072090
0 0.097553 0.726687 0.044974 0.069775
0 0.147321 0.735119 0.043981 0.082011
0 0.196925 0.723545 0.045304 0.097222
0 0.247024 0.721396 0.041667 0.097553
0 0.077877 0.839782 0.076389 0.086310
0 0.153604 0.840278 0.062500 0.089947
0 0.230324 0.845734 0.069114 0.101521
0 0.293816 0.823909 0.037368 0.150463
0 0.396991 0.796296 0.026124 0.092593
0 0.427910 0.857143 0.033069 0.066138
0 0.479828 0.825066 0.054233 0.133598
0 0.526786 0.817130 0.032407 0.117725
0 0.571925 0.819775 0.042659 0.138228
0 0.620536 0.821925 0.041997 0.135913
0 0.666171 0.814980 0.044643 0.137897
0 0.715939 0.821925 0.049603 0.135913
0 0.818948 0.802249 0.044643 0.121032
0 0.894841 0.819610 0.043651 0.140542
0 0.932209 0.801422 0.023148 0.125992
0 0.962136 0.801257 0.034061 0.128307
0 0.429563 0.788690 0.033730 0.066799
0 0.219577 0.325562 0.044312 0.051918
0 0.313492 0.662864 0.079365 0.118056
0 0.385086 0.665509 0.061839 0.115410
0 0.337963 0.826720 0.045635 0.154762
0 0.496693 0.653604 0.046296 0.142526
0 0.038525 0.448082 0.055886 0.088624
0 0.077050 0.306052 0.078042 0.100198
0 0.444940 0.651951 0.051918 0.145172
0 0.108962 0.449239 0.077050 0.095569
0 0.180886 0.446759 0.064815 0.092593
0 0.250496 0.448578 0.060516 0.093585
0 0.314980 0.469081 0.057870 0.143188
0 0.374669 0.466104 0.058201 0.156415
0 0.443452 0.483796 0.064153 0.111111
0 0.564815 0.471230 0.044312 0.144180
0 0.617229 0.470899 0.053902 0.143519
0 0.678902 0.469081 0.036376 0.149140
0 0.716270 0.467923 0.035053 0.152778
0 0.754299 0.467923 0.031746 0.152778
0 0.512235 0.470403 0.058201 0.141865
0 0.794808 0.469411 0.041997 0.149802
0 0.630126 0.646164 0.036706 0.154762
0 0.673280 0.645172 0.041667 0.152778
0 0.728836 0.645337 0.050265 0.140542
0 0.591435 0.648644 0.040675 0.152447
0 0.837136 0.641534 0.044643 0.154762
0 0.882771 0.641038 0.044643 0.143188
0 0.784061 0.652282 0.058862 0.138558
0 0.544974 0.643188 0.047619 0.154762
0 0.985284 0.448909 0.028770 0.108135
0 0.950728 0.445437 0.039021 0.114418
0 0.902447 0.485615 0.031085 0.120701
0 0.849868 0.467593 0.063492 0.152116
0 0.956019 0.622189 0.054233 0.159061
