0 0.466912 0.230852 0.054739 0.070159
0 0.411969 0.227022 0.055147 0.077206
0 0.356413 0.227175 0.051879 0.083640
0 0.300041 0.226869 0.056781 0.083027
0 0.075980 0.245251 0.095588 0.043811
0 0.202206 0.233150 0.047386 0.068015
0 0.152574 0.231771 0.049428 0.068321
0 0.092116 0.207108 0.073121 0.033088
0 0.106413 0.169884 0.103350 0.042586
0 0.520629 0.227635 0.048611 0.076593
0 0.249796 0.231158 0.045343 0.072610
0 0.576389 0.225643 0.054739 0.077512
0 0.956495 0.217831 0.056781 0.074142
0 0.586806 0.177543 0.051062 0.017463
0 0.714869 0.230852 0.051471 0.057292
0 0.775327 0.225490 0.051471 0.068015
0 0.829657 0.222273 0.054739 0.075061
0 0.893587 0.222120 0.052696 0.067402
0 0.143382 0.328891 0.075980 0.031556
0 0.101103 0.363051 0.080474 0.038603
0 0.107435 0.402727 0.076797 0.036458
0 0.093137 0.441789 0.084967 0.039216
0 0.223448 0.303615 0.053922 0.030025
0 0.213440 0.346661 0.059232 0.057292
0 0.975082 0.062653 0.049837 0.108762
0 0.634804 0.224265 0.062092 0.080270
0 0.917484 0.067402 0.058007 0.100490
0 0.324142 0.089001 0.036356 0.071385
0 0.850082 0.080882 0.071078 0.025123
0 0.942606 0.867494 0.029003 0.072610
0 0.911969 0.841146 0.032271 0.074449
0 0.863154 0.864277 0.042484 0.077206
0 0.823938 0.852941 0.035131 0.070466
0 0.784109 0.849418 0.036356 0.076287
0 0.722426 0.863664 0.038807 0.075368
0 0.682394 0.857077 0.039624 0.077512
0 0.642974 0.864737 0.041667 0.073223
0 0.593750 0.863817 0.048611 0.073836
0 0.158088 0.085172 0.040850 0.082108
0 0.200572 0.102941 0.040850 0.049632
0 0.243668 0.091759 0.041258 0.070772
0 0.284314 0.089920 0.037582 0.075674
0 0.291258 0.337776 0.067810 0.075061
0 0.357639 0.085784 0.030637 0.080882
0 0.404820 0.077359 0.051471 0.094056
0 0.450980 0.076287 0.038399 0.096814
0 0.497958 0.095282 0.047386 0.060049
0 0.545956 0.074449 0.050245 0.097426
0 0.595588 0.073683 0.044118 0.095895
0 0.636234 0.098346 0.036356 0.044730
0 0.677696 0.075674 0.046569 0.088848
0 0.726307 0.067862 0.046569 0.102022
0 0.776961 0.068015 0.054739 0.104167
0 0.849060 0.053922 0.069036 0.025735
0 0.850286 0.106924 0.071487 0.026348
0 0.950776 0.444087 0.057598 0.088542
0 0.842933 0.446691 0.056781 0.085172
0 0.464665 0.343444 0.054330 0.063725
0 0.036969 0.696385 0.073938 0.069240
0 0.117647 0.705270 0.084150 0.053922
0 0.179943 0.669577 0.027369 0.086091
0 0.211806 0.668658 0.030637 0.087929
0 0.254289 0.666360 0.034722 0.092525
0 0.297386 0.652880 0.015523 0.068015
0 0.322100 0.672488 0.032271 0.074755
0 0.355801 0.671875 0.035131 0.070466
0 0.388685 0.674020 0.031454 0.071691
0 0.421364 0.671109 0.032271 0.077512
0 0.456904 0.671415 0.034722 0.078125
0 0.491013 0.671875 0.033497 0.079044
0 0.534926 0.668811 0.040441 0.079044
0 0.574346 0.667279 0.038399 0.085172
0 0.657067 0.669271 0.041258 0.078125
0 0.698529 0.674632 0.039216 0.073529
0 0.739788 0.674939 0.040850 0.073529
0 0.113562 0.618566 0.080882 0.048407
0 0.035539 0.606311 0.071078 0.069853
0 0.715482 0.399357 0.037173 0.087316
0 0.754085 0.443168 0.035948 0.086091
0 0.794322 0.436887 0.036356 0.101716
0 0.026348 0.516544 0.052696 0.079657
0 0.105596 0.530944 0.101716 0.040441
0 0.174428 0.568934 0.036765 0.065564
0 0.220588 0.560355 0.052288 0.078431
0 0.268178 0.559130 0.045343 0.079044
0 0.313113 0.555913 0.045343 0.087316
0 0.632557 0.406556 0.051062 0.028799
0 0.796364 0.678462 0.064951 0.062806
0 0.358252 0.555607 0.045752 0.090993
0 0.473039 0.554228 0.074346 0.091912
0 0.536765 0.564032 0.052288 0.073529
0 0.595180 0.560968 0.055556 0.079657
0 0.835784 0.552083 0.086601 0.094975
0 0.906658 0.556679 0.046977 0.087010
0 0.742034 0.593444 0.065768 0.089461
0 0.679126 0.485141 0.041258 0.085478
0 0.639910 0.527727 0.035539 0.073836
0 0.407680 0.559743 0.053105 0.080270
0 0.405229 0.328278 0.064542 0.094056
0 0.928717 0.679841 0.069853 0.063113
0 0.126634 0.767923 0.083333 0.034620
0 0.621119 0.455116 0.031454 0.065257
0 0.573121 0.437347 0.064542 0.103248
0 0.514502 0.458946 0.052696 0.063725
0 0.450980 0.441023 0.062908 0.099571
0 0.400735 0.412071 0.030229 0.018382
0 0.361111 0.413450 0.045752 0.018689
0 0.387051 0.457721 0.052696 0.069240
0 0.334355 0.462163 0.052696 0.060968
0 0.263685 0.455729 0.049428 0.060968
0 0.180760 0.443015 0.065768 0.101716
0 0.961601 0.331955 0.050654 0.074449
0 0.907271 0.333027 0.051471 0.073529
0 0.842729 0.334099 0.068627 0.076287
0 0.777982 0.334099 0.052696 0.072610
0 0.657475 0.325521 0.074755 0.094669
0 0.588644 0.340227 0.062908 0.067096
0 0.525531 0.327053 0.066585 0.094669
0 0.520425 0.859528 0.044118 0.074449
0 0.475694 0.851103 0.043709 0.091299
0 0.431168 0.852175 0.039624 0.089154
0 0.387051 0.852022 0.048611 0.090074
0 0.125408 0.802237 0.076797 0.030944
0 0.187500 0.760263 0.022059 0.049326
0 0.217320 0.760417 0.021242 0.051471
0 0.257557 0.764859 0.037173 0.041973
0 0.291462 0.764859 0.027369 0.052390
0 0.333129 0.763174 0.046160 0.056985
0 0.393382 0.751685 0.061275 0.046875
0 0.509600 0.744638 0.058415 0.033395
0 0.042484 0.783548 0.084967 0.068321
0 0.633783 0.761336 0.060049 0.054534
0 0.756127 0.764706 0.051471 0.049020
0 0.816789 0.759344 0.037173 0.053002
0 0.869281 0.762255 0.024510 0.047181
0 0.909926 0.763940 0.031454 0.044424
0 0.027369 0.866881 0.054739 0.062806
0 0.111520 0.870864 0.093137 0.054841
0 0.291054 0.854167 0.042892 0.091299
0 0.336806 0.854626 0.045343 0.092218
0 0.697508 0.760417 0.065768 0.059436
0 0.348039 0.348805 0.045752 0.053002
0 0.615196 0.663603 0.035131 0.074755
