0 0.251923 0.821755 0.069872 0.131971
0 0.329006 0.822236 0.083013 0.130529
0 0.407532 0.827163 0.072115 0.140385
0 0.511378 0.844471 0.102244 0.126923
0 0.599679 0.864183 0.058974 0.090385
0 0.661859 0.866466 0.063462 0.095433
0 0.721154 0.857812 0.050641 0.105529
0 0.779487 0.871755 0.057692 0.103606
0 0.842628 0.874279 0.067308 0.097596
0 0.900641 0.879808 0.051923 0.108173
0 0.959615 0.881851 0.066026 0.103125
0 0.176282 0.819712 0.080128 0.128846
0 0.840064 0.579207 0.132692 0.034375
0 0.114904 0.083173 0.034295 0.109135
0 0.160256 0.079567 0.054487 0.115865
0 0.211859 0.089303 0.038462 0.114183
0 0.261859 0.090144 0.055769 0.113462
0 0.314103 0.095192 0.044231 0.119231
0 0.362981 0.097476 0.056090 0.114663
0 0.437500 0.102524 0.092308 0.122356
0 0.532372 0.110937 0.095513 0.106010
0 0.625962 0.112861 0.083974 0.122356
0 0.720513 0.121995 0.098718 0.116106
0 0.827404 0.139423 0.113782 0.022115
0 0.953846 0.589904 0.092308 0.037500
0 0.095353 0.821274 0.083654 0.126202
0 0.978526 0.710817 0.042949 0.092308
0 0.919551 0.709615 0.074359 0.091346
0 0.115224 0.647716 0.056090 0.098317
0 0.177724 0.650721 0.070833 0.093269
0 0.241987 0.651322 0.055769 0.096394
0 0.300000 0.656010 0.058974 0.100962
0 0.367628 0.682572 0.062179 0.071394
0 0.432051 0.683654 0.066026 0.068269
0 0.503365 0.712139 0.077244 0.034375
0 0.503526 0.677524 0.067308 0.033894
0 0.551603 0.639423 0.023718 0.039904
0 0.571635 0.644952 0.017628 0.028365
0 0.592147 0.646154 0.022115 0.028846
0 0.656571 0.651803 0.081090 0.035817
0 0.652244 0.675481 0.084615 0.015865
0 0.652564 0.694712 0.075641 0.023077
0 0.649519 0.714183 0.079167 0.017788
0 0.647596 0.733293 0.073397 0.017067
0 0.716827 0.714663 0.048397 0.062500
0 0.718910 0.656611 0.042949 0.052644
0 0.777724 0.650841 0.063141 0.044952
0 0.843109 0.658413 0.068269 0.038462
0 0.844071 0.549279 0.145192 0.027404
0 0.775160 0.691947 0.061218 0.035817
0 0.837340 0.699760 0.063141 0.040865
0 0.772596 0.728486 0.058654 0.037260
0 0.831891 0.736058 0.061218 0.029327
0 0.828205 0.162620 0.117308 0.018029
0 0.841186 0.184856 0.153526 0.023558
0 0.961058 0.548558 0.077885 0.041346
0 0.935096 0.104207 0.124038 0.054567
0 0.425321 0.554087 0.132051 0.039423
0 0.434615 0.510457 0.123077 0.025721
0 0.287340 0.549399 0.141346 0.025240
0 0.150160 0.545192 0.134936 0.030769
0 0.290385 0.522236 0.146795 0.030529
0 0.147276 0.516226 0.140064 0.024279
0 0.298718 0.493510 0.148077 0.019712
0 0.154167 0.490625 0.142949 0.026923
0 0.907853 0.443149 0.129167 0.035337
0 0.911538 0.408293 0.123077 0.036779
0 0.770353 0.428606 0.129167 0.039423
0 0.777404 0.395793 0.129808 0.025721
0 0.638782 0.366947 0.133974 0.022837
0 0.636378 0.428726 0.144551 0.024760
0 0.172917 0.343870 0.152885 0.027163
0 0.638622 0.397236 0.138782 0.035337
0 0.492788 0.420913 0.141346 0.029808
0 0.494551 0.396995 0.145513 0.018990
0 0.496955 0.372957 0.140705 0.028125
0 0.330609 0.405769 0.156731 0.029327
0 0.336058 0.377284 0.168910 0.027644
0 0.336699 0.350721 0.168910 0.026923
0 0.961058 0.169111 0.077885 0.076683
0 0.172276 0.392909 0.154808 0.023798
0 0.170673 0.369471 0.158013 0.022596
0 0.559295 0.487380 0.125000 0.027644
0 0.691667 0.494712 0.120513 0.024038
0 0.572436 0.526082 0.132692 0.035337
0 0.566827 0.560096 0.140064 0.030769
0 0.768429 0.260337 0.115064 0.027404
0 0.763942 0.286659 0.157372 0.026202
0 0.705449 0.530769 0.129487 0.040865
0 0.504327 0.244351 0.156731 0.034375
0 0.320192 0.279567 0.160256 0.036058
0 0.328045 0.250000 0.178526 0.023077
0 0.334295 0.222236 0.169872 0.031490
0 0.147917 0.269952 0.152244 0.030769
0 0.151442 0.241226 0.165064 0.026202
0 0.155929 0.209976 0.156090 0.034856
0 0.851122 0.522716 0.139423 0.025240
0 0.760577 0.311058 0.150641 0.021154
0 0.703365 0.569952 0.134295 0.034615
0 0.903526 0.293149 0.120513 0.074760
0 0.617147 0.296274 0.087500 0.035337
0 0.493590 0.284615 0.137179 0.046154
