0 0.380993 0.300601 0.075342 0.033413
0 0.312286 0.299038 0.060360 0.035577
0 0.812286 0.744471 0.057791 0.044231
0 0.454195 0.299159 0.068493 0.033413
0 0.738228 0.290865 0.058647 0.046154
0 0.118151 0.302284 0.091610 0.031971
0 0.455051 0.391827 0.056507 0.044231
0 0.514555 0.387019 0.053082 0.041827
0 0.584974 0.389183 0.071490 0.043750
0 0.696490 0.391947 0.089041 0.034375
0 0.775899 0.391226 0.059503 0.030529
0 0.843108 0.384976 0.062928 0.050240
0 0.912671 0.390625 0.075342 0.046635
0 0.221747 0.303486 0.111301 0.034375
0 0.973673 0.385337 0.052654 0.040865
0 0.861515 0.294111 0.060360 0.052644
0 0.799443 0.291346 0.062928 0.049519
0 0.677226 0.300841 0.085616 0.033894
0 0.600385 0.293870 0.067209 0.036298
0 0.611729 0.263942 0.077055 0.024038
0 0.684289 0.266827 0.056079 0.022596
0 0.041738 0.299038 0.061216 0.067308
0 0.988870 0.278846 0.022260 0.066346
0 0.269478 0.389423 0.066353 0.041827
0 0.877354 0.744712 0.069777 0.032212
0 0.034889 0.936538 0.061216 0.025962
0 0.342680 0.656731 0.050942 0.082692
0 0.396832 0.650841 0.053938 0.063221
0 0.455479 0.653846 0.057363 0.066827
0 0.514983 0.653606 0.053938 0.063942
0 0.570848 0.650841 0.061216 0.069471
0 0.625214 0.651923 0.047517 0.067788
0 0.676798 0.654087 0.041096 0.065385
0 0.722389 0.655769 0.049229 0.068269
0 0.776327 0.655288 0.056079 0.070192
0 0.831336 0.654327 0.043664 0.067788
0 0.875000 0.654087 0.043664 0.067788
0 0.924872 0.653365 0.051798 0.068269
0 0.978382 0.649639 0.035531 0.071875
0 0.052868 0.745072 0.104024 0.055048
0 0.128211 0.740745 0.050942 0.061298
0 0.180223 0.739062 0.053938 0.064663
0 0.224529 0.738341 0.032962 0.061298
0 0.261558 0.736779 0.041952 0.064423
0 0.311430 0.737260 0.058647 0.066827
0 0.363442 0.736058 0.040240 0.064423
0 0.402825 0.736058 0.040240 0.063462
0 0.288313 0.650361 0.060360 0.070433
0 0.230950 0.652644 0.050942 0.066827
0 0.174658 0.658654 0.044521 0.064423
0 0.125000 0.656250 0.040240 0.064423
0 0.186002 0.562620 0.044092 0.056490
0 0.226670 0.570192 0.037243 0.063462
0 0.268193 0.570913 0.046661 0.065865
0 0.040240 0.884736 0.080479 0.018029
0 0.366652 0.569712 0.059503 0.068269
0 0.422731 0.568510 0.049229 0.069231
0 0.476670 0.570192 0.060360 0.066827
0 0.529966 0.571995 0.044521 0.062260
0 0.577697 0.571034 0.052654 0.060817
0 0.625856 0.571995 0.043664 0.059856
0 0.445848 0.734135 0.043236 0.058173
0 0.664170 0.566106 0.032962 0.048558
0 0.766481 0.572236 0.054366 0.068510
0 0.815497 0.575000 0.042808 0.063942
0 0.861087 0.573558 0.046661 0.066827
0 0.906250 0.573317 0.044521 0.065385
0 0.952483 0.573558 0.049658 0.064423
0 0.023545 0.647716 0.044521 0.032452
0 0.026327 0.675962 0.048373 0.025000
0 0.077483 0.675481 0.053938 0.025000
0 0.065497 0.643029 0.078767 0.040865
0 0.046233 0.718029 0.079623 0.020673
0 0.719178 0.571154 0.042808 0.066346
0 0.487158 0.733894 0.041952 0.058173
0 0.527397 0.731851 0.039384 0.053606
0 0.572346 0.732933 0.037671 0.050481
0 0.944991 0.904928 0.021832 0.057933
0 0.918022 0.916226 0.032962 0.056010
0 0.884846 0.900721 0.032534 0.039904
0 0.840539 0.909495 0.026969 0.052644
0 0.816995 0.907332 0.023545 0.048317
0 0.782320 0.916226 0.042380 0.051202
0 0.739298 0.918389 0.035103 0.050721
0 0.664170 0.909736 0.094606 0.077644
0 0.579837 0.910216 0.069777 0.078606
0 0.515625 0.909495 0.059503 0.079567
0 0.983519 0.915024 0.032962 0.048798
0 0.452483 0.905409 0.069349 0.078606
0 0.315497 0.908894 0.066781 0.070673
0 0.248930 0.931731 0.064640 0.027885
0 0.182149 0.915144 0.062072 0.063942
0 0.838399 0.199760 0.057791 0.045673
0 0.108519 0.939303 0.081764 0.026202
0 0.917166 0.198437 0.066353 0.053125
0 0.973673 0.186538 0.052654 0.068269
0 0.530608 0.303005 0.059503 0.031010
0 0.111943 0.897596 0.057791 0.043269
0 0.048587 0.909135 0.070634 0.022115
0 0.383348 0.908534 0.066353 0.077644
0 0.137842 0.567308 0.052226 0.064423
0 0.971533 0.493269 0.056935 0.075000
0 0.765625 0.196394 0.069777 0.046154
0 0.623074 0.733894 0.038099 0.057692
0 0.669521 0.736418 0.043664 0.055529
0 0.711045 0.742188 0.039384 0.074279
0 0.759632 0.737380 0.044949 0.059375
0 0.706978 0.833894 0.066353 0.038942
0 0.781464 0.828365 0.088613 0.022596
0 0.782962 0.803606 0.077911 0.025000
0 0.838827 0.822837 0.023545 0.046154
0 0.869863 0.825120 0.029110 0.053125
0 0.903682 0.828966 0.039384 0.056010
0 0.909033 0.492067 0.072346 0.050481
0 0.261344 0.166346 0.145976 0.047596
0 0.307577 0.198798 0.081764 0.043750
0 0.303082 0.154567 0.077055 0.038942
0 0.387200 0.189904 0.069777 0.050481
0 0.466824 0.194591 0.062928 0.037740
0 0.454623 0.156851 0.055651 0.033413
0 0.525471 0.154087 0.062072 0.027885
0 0.541738 0.193630 0.050942 0.050721
0 0.605094 0.194351 0.072346 0.056971
0 0.690497 0.194111 0.064212 0.051683
0 0.768193 0.149399 0.062072 0.048317
0 0.223031 0.201923 0.113870 0.047596
0 0.054580 0.572957 0.092038 0.055048
0 0.315068 0.569952 0.043664 0.068750
0 0.953553 0.836659 0.064640 0.076202
0 0.125428 0.391226 0.080479 0.032933
0 0.328981 0.387740 0.062928 0.045673
0 0.050514 0.499519 0.078767 0.028365
0 0.633990 0.832212 0.082192 0.037981
0 0.472603 0.837380 0.074486 0.032933
0 0.044949 0.419111 0.089897 0.015144
0 0.037885 0.394351 0.073202 0.017067
0 0.204837 0.495312 0.063784 0.049760
0 0.121789 0.490024 0.063784 0.053606
0 0.266481 0.485577 0.051798 0.066827
0 0.315497 0.487019 0.048801 0.069712
0 0.367937 0.484495 0.049229 0.069952
0 0.504495 0.490144 0.072346 0.051442
0 0.576199 0.492188 0.071918 0.053125
0 0.659889 0.490505 0.068065 0.054567
0 0.774829 0.480288 0.069349 0.083654
0 0.836259 0.477885 0.057791 0.081250
0 0.123716 0.359976 0.081336 0.034375
0 0.202269 0.389663 0.062928 0.027885
0 0.427868 0.486178 0.059503 0.075721
0 0.553510 0.841346 0.087329 0.026442
0 0.393408 0.391587 0.069349 0.046154
0 0.931079 0.748437 0.033390 0.030048
0 0.080908 0.827284 0.074486 0.032933
0 0.021832 0.832933 0.043664 0.031731
0 0.161387 0.801202 0.069349 0.038942
0 0.232663 0.835817 0.063784 0.025481
0 0.229238 0.802885 0.073202 0.040865
0 0.472603 0.805649 0.087329 0.031490
0 0.555651 0.804928 0.078767 0.031490
0 0.307577 0.834375 0.086045 0.027404
0 0.393836 0.834375 0.083048 0.022596
0 0.388485 0.808413 0.090325 0.024519
0 0.158390 0.834856 0.081336 0.027885
