0 0.125386 0.556641 0.063272 0.072049
0 0.246142 0.555013 0.059414 0.074870
0 0.772955 0.457248 0.038966 0.072917
0 0.954668 0.524740 0.048225 0.078993
0 0.027585 0.588108 0.054398 0.044271
0 0.818866 0.455078 0.042052 0.065538
0 0.184992 0.556315 0.052083 0.071398
0 0.359375 0.549913 0.051312 0.070312
0 0.817708 0.539280 0.039738 0.060764
0 0.498457 0.538737 0.105710 0.012804
0 0.498264 0.565104 0.099923 0.033420
0 0.601659 0.532444 0.098380 0.014974
0 0.601852 0.558811 0.093364 0.038628
0 0.692130 0.517904 0.075617 0.012370
0 0.303627 0.550998 0.050926 0.072483
0 0.691744 0.536458 0.074846 0.014323
0 0.701196 0.562717 0.093750 0.013889
0 0.776813 0.540907 0.031250 0.064019
0 0.414159 0.550998 0.051312 0.072483
0 0.730324 0.464301 0.037037 0.057509
0 0.744985 0.382487 0.045525 0.052300
0 0.657793 0.466580 0.033179 0.056424
0 0.047261 0.656467 0.092978 0.013889
0 0.131944 0.459852 0.044753 0.060330
0 0.037809 0.521267 0.070216 0.007378
0 0.036458 0.507161 0.067515 0.014323
0 0.034336 0.490343 0.067130 0.015842
0 0.982253 0.438260 0.035494 0.067057
0 0.937500 0.438260 0.050154 0.067925
0 0.873457 0.436740 0.063272 0.078776
0 0.940394 0.389323 0.061343 0.027778
0 0.198110 0.475477 0.052083 0.056424
0 0.252701 0.475911 0.041667 0.056858
0 0.299190 0.467122 0.040509 0.057509
0 0.798997 0.380859 0.054784 0.055122
0 0.692515 0.382487 0.050154 0.055339
0 0.693480 0.466254 0.031250 0.058811
0 0.638696 0.384983 0.052083 0.054253
0 0.499421 0.380751 0.060571 0.045790
0 0.322338 0.382378 0.081404 0.060764
0 0.129244 0.384006 0.097222 0.055339
0 0.847222 0.304253 0.015432 0.069010
0 0.824653 0.304579 0.017361 0.069661
0 0.803434 0.305556 0.021991 0.068576
0 0.343750 0.473416 0.040895 0.052300
0 0.387731 0.471354 0.040123 0.057292
0 0.427276 0.471571 0.032022 0.062066
0 0.465278 0.470269 0.039352 0.063802
0 0.505015 0.467014 0.035494 0.057292
0 0.541281 0.465169 0.029321 0.057943
0 0.578897 0.466797 0.032022 0.056858
0 0.617863 0.468316 0.036651 0.051649
0 0.572145 0.386502 0.070216 0.051649
0 0.046103 0.680881 0.089892 0.030599
0 0.801890 0.627170 0.039738 0.066840
0 0.171682 0.664931 0.108796 0.016059
0 0.936150 0.700304 0.037423 0.063368
0 0.983603 0.615994 0.032793 0.076606
0 0.953318 0.613824 0.024691 0.069227
0 0.910301 0.620551 0.048225 0.074002
0 0.858025 0.619032 0.042438 0.076606
0 0.763117 0.628906 0.030093 0.064236
0 0.979552 0.702474 0.040895 0.073785
0 0.026813 0.190972 0.048225 0.088542
0 0.325617 0.215712 0.104938 0.050347
0 0.433642 0.213867 0.106481 0.055339
0 0.530671 0.221463 0.081404 0.041016
0 0.618441 0.204319 0.090278 0.015842
0 0.618441 0.227322 0.084877 0.029297
0 0.675540 0.208442 0.021605 0.067925
0 0.090278 0.218859 0.065586 0.037543
0 0.166860 0.646593 0.109182 0.014540
0 0.663773 0.715169 0.045139 0.063585
0 0.707948 0.717122 0.034722 0.064887
0 0.179205 0.771810 0.105324 0.008464
0 0.179012 0.763346 0.112654 0.007595
0 0.179784 0.752713 0.104167 0.009766
0 0.016011 0.750760 0.030478 0.070530
0 0.084105 0.745985 0.079475 0.016710
0 0.079475 0.728516 0.075617 0.014323
0 0.256173 0.739258 0.032407 0.053168
0 0.322531 0.753798 0.087191 0.029731
0 0.421489 0.758030 0.082176 0.011719
0 0.414738 0.739800 0.084105 0.016059
0 0.524884 0.726997 0.043596 0.061198
0 0.480710 0.725803 0.038580 0.061415
0 0.569252 0.724935 0.038194 0.062717
0 0.769290 0.716037 0.027006 0.050998
0 0.741319 0.716580 0.022762 0.052083
0 0.695988 0.210286 0.015432 0.068576
0 0.718557 0.208550 0.024306 0.076823
0 0.806134 0.713542 0.032793 0.054688
0 0.786844 0.210395 0.020448 0.071832
0 0.744406 0.309136 0.048225 0.060547
0 0.782022 0.305556 0.015432 0.068576
0 0.728781 0.631293 0.029321 0.065972
0 0.694830 0.632161 0.029321 0.070747
0 0.657022 0.631402 0.041667 0.069227
0 0.618248 0.641385 0.032022 0.062717
0 0.582176 0.643880 0.033179 0.062066
0 0.533565 0.632487 0.050154 0.083116
0 0.477431 0.634006 0.052855 0.077474
0 0.423804 0.631402 0.039738 0.072266
0 0.370756 0.641168 0.058642 0.077040
0 0.283758 0.671549 0.103781 0.020616
0 0.280864 0.652127 0.108025 0.016927
0 0.277971 0.633030 0.107639 0.016927
0 0.759066 0.211589 0.027392 0.068142
0 0.693673 0.304796 0.047840 0.064019
0 0.640432 0.302734 0.050154 0.069010
0 0.171103 0.680881 0.107639 0.012804
0 0.505980 0.324219 0.052855 0.032552
0 0.575039 0.305447 0.055170 0.062717
0 0.841049 0.213108 0.023920 0.065538
0 0.929012 0.221354 0.095679 0.058594
0 0.958333 0.308702 0.050154 0.071832
0 0.893519 0.307726 0.066358 0.078993
0 0.035494 0.290148 0.069444 0.019965
0 0.033951 0.309896 0.067901 0.015625
0 0.035494 0.330078 0.069444 0.020833
0 0.812693 0.211697 0.019676 0.059679
0 0.171103 0.318793 0.060571 0.042101
0 0.231096 0.317600 0.050154 0.048828
0 0.278549 0.315213 0.040895 0.044054
0 0.334298 0.317491 0.048225 0.042535
0 0.388117 0.317274 0.040895 0.048177
0 0.434414 0.316189 0.034722 0.048611
0 0.106481 0.305881 0.061728 0.066189
