0 0.506849 0.832692 0.021404 0.057212
0 0.540454 0.832572 0.026969 0.059856
0 0.510060 0.874880 0.027825 0.014183
0 0.544735 0.873678 0.023545 0.009375
0 0.584118 0.840385 0.040668 0.075962
0 0.751284 0.834736 0.069349 0.078125
0 0.826841 0.835817 0.073202 0.075962
0 0.908176 0.825601 0.072346 0.098798
0 0.973887 0.830649 0.052226 0.088702
0 0.167166 0.220312 0.085188 0.020433
0 0.259418 0.219952 0.082192 0.021154
0 0.355094 0.218750 0.089469 0.030288
0 0.451841 0.220793 0.091182 0.028606
0 0.546661 0.222837 0.088185 0.031250
0 0.624144 0.205168 0.043664 0.071394
0 0.692851 0.208534 0.050086 0.068990
0 0.793664 0.211899 0.043664 0.060337
0 0.840111 0.212740 0.038099 0.058654
0 0.075985 0.214904 0.086901 0.022115
0 0.458476 0.818149 0.051370 0.081490
0 0.343108 0.851562 0.036387 0.060817
0 0.263057 0.875000 0.085188 0.015865
0 0.170163 0.730889 0.066353 0.047356
0 0.046019 0.291346 0.047517 0.054808
0 0.246789 0.732812 0.076627 0.055048
0 0.325342 0.731370 0.074486 0.051202
0 0.401113 0.731370 0.071062 0.048798
0 0.473673 0.727764 0.065497 0.051202
0 0.550514 0.732332 0.055651 0.046875
0 0.620291 0.730048 0.059932 0.046635
0 0.690497 0.727644 0.061644 0.049519
0 0.754067 0.728606 0.062072 0.054327
0 0.818493 0.729928 0.047945 0.054087
0 0.869007 0.729447 0.047089 0.050240
0 0.917808 0.728846 0.042808 0.049038
0 0.973245 0.728966 0.038955 0.046875
0 0.070205 0.858654 0.050514 0.067308
0 0.433219 0.297115 0.041096 0.055288
0 0.141267 0.844591 0.074486 0.081490
0 0.199914 0.845072 0.033390 0.080048
0 0.269050 0.857091 0.101455 0.017548
0 0.384418 0.852163 0.037671 0.059615
0 0.097389 0.291466 0.043236 0.059375
0 0.543878 0.279447 0.079195 0.026202
0 0.197560 0.294231 0.040668 0.055288
0 0.072988 0.375481 0.048373 0.040385
0 0.122646 0.377163 0.037243 0.039423
0 0.170591 0.386659 0.047517 0.056971
0 0.107449 0.474880 0.027397 0.038702
0 0.141481 0.471274 0.025257 0.027644
0 0.189212 0.475721 0.051370 0.048558
0 0.242937 0.478005 0.049229 0.046394
0 0.294092 0.479087 0.041096 0.044231
0 0.340539 0.477524 0.048373 0.044952
0 0.384418 0.471154 0.025685 0.037019
0 0.410317 0.471514 0.020120 0.041106
0 0.440068 0.471755 0.022260 0.038221
0 0.464897 0.473317 0.018836 0.039423
0 0.519050 0.472957 0.066353 0.054087
0 0.582192 0.470673 0.033390 0.063462
0 0.620505 0.469351 0.032106 0.063702
0 0.687500 0.494111 0.080479 0.014183
0 0.377568 0.385937 0.035959 0.058413
0 0.336901 0.386178 0.036815 0.055529
0 0.293236 0.385817 0.043664 0.061058
0 0.420163 0.387740 0.035531 0.057212
0 0.545163 0.310457 0.081764 0.029087
0 0.612800 0.300240 0.044949 0.053365
0 0.658818 0.302885 0.043664 0.052404
0 0.706764 0.302644 0.045377 0.052885
0 0.757063 0.301563 0.039812 0.057452
0 0.840753 0.303846 0.039384 0.052885
0 0.883348 0.303846 0.038955 0.057212
0 0.956764 0.317909 0.079623 0.029087
0 0.756849 0.481250 0.051370 0.042308
0 0.986087 0.391707 0.027825 0.056010
0 0.911173 0.391707 0.037243 0.058413
0 0.864512 0.388822 0.042380 0.057452
0 0.147046 0.291106 0.040668 0.055288
0 0.731164 0.384856 0.032534 0.065385
0 0.691353 0.383774 0.030822 0.056010
0 0.604666 0.389784 0.061216 0.048317
0 0.537885 0.391827 0.067209 0.053365
0 0.461687 0.387500 0.041524 0.057692
0 0.953125 0.392308 0.035531 0.050481
0 0.765625 0.447115 0.048373 0.016346
0 0.813998 0.403245 0.034675 0.042067
0 0.853596 0.477644 0.036815 0.051442
0 0.842038 0.652764 0.021404 0.033894
0 0.816139 0.659856 0.026969 0.037981
0 0.763485 0.660577 0.039812 0.038942
0 0.711259 0.660697 0.045805 0.041106
0 0.618793 0.648317 0.056935 0.047596
0 0.538741 0.647115 0.072346 0.047596
0 0.461901 0.644111 0.058219 0.042067
0 0.388271 0.643870 0.065925 0.042548
0 0.287243 0.653125 0.067637 0.035577
0 0.231807 0.661418 0.030394 0.028125
0 0.163741 0.650000 0.066353 0.041827
0 0.090539 0.736178 0.074914 0.052644
0 0.388271 0.296394 0.041096 0.055288
0 0.332834 0.297356 0.040668 0.055288
0 0.287885 0.296514 0.040668 0.055529
0 0.244435 0.295192 0.041096 0.055288
0 0.807149 0.480889 0.041524 0.043029
0 0.883776 0.657091 0.027825 0.039183
0 0.912457 0.650962 0.032106 0.044231
0 0.087329 0.662861 0.068493 0.034375
0 0.943279 0.582332 0.044092 0.034856
0 0.910103 0.472837 0.043664 0.061058
0 0.973887 0.650721 0.052226 0.049519
0 0.956764 0.472837 0.042808 0.065865
0 0.990796 0.481370 0.016695 0.048798
0 0.126712 0.559615 0.045377 0.080288
0 0.176370 0.569952 0.046233 0.071154
0 0.218964 0.562981 0.037243 0.078365
0 0.265197 0.577524 0.044092 0.046875
0 0.314212 0.576442 0.044521 0.051442
0 0.077055 0.555529 0.043664 0.058654
0 0.427226 0.573197 0.045377 0.050721
0 0.464897 0.597115 0.018836 0.016827
0 0.519264 0.567548 0.058219 0.064423
0 0.586259 0.573438 0.041524 0.057452
0 0.839255 0.570192 0.065497 0.056731
0 0.667594 0.571394 0.044092 0.061538
0 0.717894 0.571034 0.038527 0.062260
0 0.381421 0.568630 0.035959 0.067067
0 0.761772 0.575120 0.040668 0.049279
