0 0.979701 0.369471 0.040598 0.020192
0 0.039744 0.443389 0.052137 0.027644
0 0.091880 0.467187 0.036752 0.013702
0 0.098718 0.480889 0.040171 0.013702
0 0.144872 0.478726 0.050427 0.020913
0 0.144231 0.458293 0.054274 0.018990
0 0.143803 0.437861 0.053419 0.020433
0 0.214957 0.460817 0.033333 0.059135
0 0.649145 0.279447 0.064103 0.057452
0 0.051709 0.061178 0.048718 0.045913
0 0.036752 0.317067 0.062393 0.022596
0 0.031838 0.346635 0.058547 0.029808
0 0.030128 0.377764 0.055128 0.030529
0 0.088675 0.358413 0.041453 0.059135
0 0.157051 0.359375 0.042308 0.058173
0 0.199145 0.358534 0.039316 0.056490
0 0.267094 0.365505 0.041026 0.045913
0 0.308547 0.364543 0.029915 0.047837
0 0.345513 0.365024 0.038889 0.048317
0 0.905128 0.255168 0.048718 0.042548
0 0.387393 0.364183 0.042308 0.048558
0 0.465171 0.364183 0.038889 0.048558
0 0.550214 0.364784 0.045726 0.047837
0 0.599359 0.373077 0.035470 0.015385
0 0.636966 0.372476 0.034615 0.016587
0 0.631838 0.357572 0.041453 0.012740
0 0.592521 0.355529 0.026923 0.016827
0 0.728205 0.369471 0.042735 0.017308
0 0.769231 0.369111 0.032479 0.017067
0 0.811111 0.369111 0.045299 0.016587
0 0.427350 0.364303 0.034188 0.049760
0 0.860043 0.257812 0.039744 0.043990
0 0.812821 0.253846 0.054701 0.051923
0 0.763889 0.250240 0.042308 0.044712
0 0.122863 0.044952 0.082479 0.078365
0 0.254487 0.046394 0.177350 0.080769
0 0.406197 0.043389 0.070513 0.086779
0 0.477778 0.044351 0.075214 0.085817
0 0.560043 0.044712 0.070513 0.083173
0 0.616453 0.063341 0.042308 0.047837
0 0.677350 0.064183 0.060684 0.051923
0 0.757906 0.050841 0.080769 0.080048
0 0.836111 0.055048 0.057692 0.073558
0 0.914957 0.046154 0.100855 0.089423
0 0.983761 0.051683 0.032479 0.076923
0 0.133120 0.278846 0.049145 0.047115
0 0.191880 0.282813 0.063248 0.039663
0 0.270726 0.275841 0.052564 0.059375
0 0.326709 0.276082 0.050000 0.059375
0 0.389957 0.285216 0.061966 0.041587
0 0.461111 0.279808 0.068376 0.051923
0 0.524573 0.279567 0.054274 0.051442
0 0.583333 0.280409 0.057265 0.050721
0 0.938889 0.368870 0.040171 0.017548
0 0.716026 0.244351 0.045726 0.042067
0 0.264103 0.480529 0.060684 0.020673
0 0.264316 0.459375 0.063675 0.020192
0 0.611966 0.447236 0.049573 0.081010
0 0.261966 0.417668 0.058120 0.020913
0 0.726068 0.564904 0.044444 0.075000
0 0.687393 0.563341 0.037179 0.077644
0 0.650214 0.860938 0.044872 0.073317
0 0.602991 0.864904 0.042735 0.060096
0 0.530342 0.871514 0.033333 0.045913
0 0.467949 0.852885 0.042735 0.037500
0 0.467521 0.883894 0.043590 0.024038
0 0.431197 0.864062 0.024786 0.055529
0 0.398291 0.868870 0.029915 0.051202
0 0.367949 0.868389 0.029060 0.051683
0 0.329701 0.861899 0.040598 0.075240
0 0.294231 0.860457 0.028632 0.054087
0 0.249786 0.879447 0.055128 0.033894
0 0.250641 0.839183 0.054274 0.029808
0 0.203205 0.868750 0.031197 0.057692
0 0.169444 0.870192 0.034615 0.055288
0 0.135684 0.870433 0.032051 0.057212
0 0.107479 0.867548 0.024359 0.062500
0 0.040598 0.879808 0.076068 0.034615
0 0.944017 0.772115 0.039316 0.049038
0 0.897436 0.764784 0.051282 0.066106
0 0.768376 0.563582 0.035897 0.075240
0 0.823718 0.578966 0.070513 0.041587
0 0.884829 0.558774 0.046581 0.081010
0 0.929060 0.559014 0.041880 0.081490
0 0.583120 0.670072 0.051709 0.081971
0 0.527564 0.670553 0.055128 0.081010
0 0.470726 0.678365 0.055128 0.068269
0 0.417308 0.680409 0.051709 0.064183
0 0.941667 0.855889 0.050855 0.081971
0 0.881410 0.881370 0.051709 0.021875
0 0.878846 0.854688 0.044872 0.030529
0 0.830769 0.861058 0.052137 0.073077
0 0.788034 0.861538 0.037607 0.074519
0 0.747436 0.860096 0.043590 0.071635
0 0.841667 0.762620 0.059402 0.069471
0 0.698504 0.860817 0.049145 0.070192
0 0.313248 0.680649 0.050427 0.067548
0 0.255128 0.634856 0.045299 0.022115
0 0.261111 0.680409 0.043590 0.061298
0 0.201496 0.704207 0.060256 0.013702
0 0.203846 0.687981 0.064957 0.014904
0 0.203205 0.664543 0.058547 0.029567
0 0.128205 0.691827 0.049573 0.025962
0 0.048291 0.651563 0.069231 0.031010
0 0.043162 0.619471 0.063248 0.030769
0 0.975214 0.558413 0.048718 0.084135
0 0.364957 0.680889 0.050427 0.066587
0 0.259615 0.439063 0.056838 0.020913
0 0.789957 0.763822 0.046581 0.071875
0 0.678846 0.759255 0.042308 0.062740
0 0.575000 0.561538 0.067949 0.083173
0 0.477564 0.555889 0.057692 0.086779
0 0.412821 0.559255 0.070085 0.081971
0 0.339957 0.570553 0.064530 0.030048
0 0.337607 0.592668 0.066667 0.016587
0 0.272863 0.559976 0.061966 0.083413
0 0.207692 0.562139 0.056410 0.080529
0 0.151923 0.560457 0.053419 0.081010
0 0.036966 0.557692 0.068803 0.026923
0 0.034188 0.527284 0.063248 0.027163
0 0.641880 0.670553 0.033333 0.071875
0 0.970299 0.445072 0.054274 0.085337
0 0.856197 0.445793 0.054274 0.086779
0 0.805769 0.446034 0.050855 0.084856
0 0.754915 0.445192 0.047436 0.082212
0 0.710897 0.450120 0.040598 0.071394
0 0.664316 0.446635 0.045726 0.082212
0 0.851709 0.369231 0.040171 0.016827
0 0.505769 0.452043 0.054274 0.075240
0 0.454487 0.450721 0.044872 0.074038
0 0.402991 0.450962 0.050427 0.073077
0 0.332479 0.475841 0.066667 0.025240
0 0.911966 0.445312 0.057265 0.086298
0 0.697222 0.668029 0.056838 0.086058
0 0.747009 0.672596 0.036752 0.079327
0 0.781624 0.672596 0.029915 0.076923
0 0.628846 0.765144 0.050855 0.072115
0 0.580769 0.765264 0.047009 0.071875
0 0.517094 0.787861 0.047863 0.022356
0 0.516453 0.761418 0.049145 0.030529
0 0.433547 0.763702 0.046581 0.068750
0 0.381624 0.762620 0.045299 0.066587
0 0.325214 0.774639 0.030769 0.047837
0 0.293376 0.765625 0.032051 0.071154
0 0.260897 0.765986 0.032906 0.070433
0 0.214744 0.766707 0.032906 0.066106
0 0.740171 0.765024 0.050427 0.068510
0 0.186111 0.763822 0.024359 0.056490
0 0.062607 0.773678 0.049145 0.030529
0 0.062607 0.805649 0.049145 0.033894
0 0.020299 0.810337 0.035470 0.024519
0 0.019231 0.782813 0.033333 0.030529
0 0.966453 0.672596 0.035470 0.079808
0 0.641239 0.561899 0.053419 0.081010
0 0.932051 0.673558 0.031624 0.081250
0 0.897436 0.673798 0.038462 0.080769
0 0.853205 0.671394 0.037179 0.079808
0 0.815171 0.672115 0.037179 0.078365
0 0.145085 0.766226 0.050855 0.067548
0 0.897650 0.368870 0.044872 0.016106
