0 0.664993 0.803746 0.164659 0.023155
0 0.834003 0.795745 0.168675 0.021461
0 0.732597 0.752259 0.106426 0.018072
0 0.649264 0.778050 0.162651 0.016943
0 0.954485 0.720350 0.030120 0.020143
0 0.923527 0.719691 0.027108 0.021461
0 0.957162 0.700113 0.026774 0.017696
0 0.211011 0.086502 0.198461 0.040098
0 0.053548 0.089326 0.107095 0.041604
0 0.835007 0.816736 0.173360 0.019014
0 0.211178 0.129518 0.200134 0.041416
0 0.417001 0.087444 0.204150 0.040851
0 0.416332 0.129800 0.204150 0.040851
0 0.052544 0.234187 0.105087 0.041416
0 0.051874 0.189853 0.103748 0.042357
0 0.474732 0.804593 0.029116 0.074925
0 0.440763 0.790286 0.032798 0.067395
0 0.510207 0.805535 0.035141 0.065889
0 0.626673 0.127353 0.204485 0.041604
0 0.371486 0.815041 0.032798 0.066453
0 0.400435 0.800264 0.020415 0.067395
0 0.336513 0.798193 0.031124 0.054970
0 0.304552 0.836220 0.093708 0.018072
0 0.294511 0.794804 0.036145 0.057605
0 0.238286 0.812594 0.033467 0.062312
0 0.177041 0.826431 0.037483 0.061370
0 0.136212 0.824925 0.036145 0.064383
0 0.208501 0.812029 0.020080 0.061182
0 0.027778 0.467620 0.055556 0.062877
0 0.032631 0.412180 0.065261 0.042733
0 0.665328 0.829537 0.163989 0.025038
0 0.624833 0.084620 0.204819 0.043110
0 0.055388 0.130836 0.110776 0.037651
0 0.955154 0.022967 0.022088 0.045934
0 0.868809 0.437312 0.036145 0.057605
0 0.827477 0.439853 0.038487 0.057794
0 0.762216 0.434111 0.042503 0.067771
0 0.705991 0.434959 0.039826 0.069465
0 0.664324 0.433453 0.032129 0.066453
0 0.625167 0.431758 0.035475 0.061182
0 0.577811 0.427334 0.030455 0.068524
0 0.923193 0.473927 0.059906 0.042733
0 0.979418 0.311182 0.020415 0.068901
0 0.837015 0.334808 0.186747 0.040474
0 0.837684 0.292451 0.188755 0.040851
0 0.643240 0.337067 0.192771 0.037086
0 0.643240 0.296216 0.192771 0.038968
0 0.440930 0.339608 0.193775 0.038027
0 0.443608 0.298852 0.199130 0.039345
0 0.272088 0.346197 0.131191 0.027861
0 0.953146 0.311182 0.022758 0.068901
0 0.593039 0.563724 0.024766 0.067959
0 0.621486 0.562029 0.022758 0.071724
0 0.680723 0.549887 0.055556 0.080196
0 0.925535 0.699078 0.031124 0.018261
0 0.960341 0.677146 0.033133 0.026355
0 0.925535 0.676111 0.031124 0.024285
0 0.823126 0.715079 0.164324 0.028803
0 0.821285 0.689006 0.168005 0.015060
0 0.808902 0.671593 0.156627 0.017884
0 0.652108 0.723362 0.167671 0.022026
0 0.650937 0.700489 0.163320 0.022967
0 0.647590 0.674511 0.159304 0.023720
0 0.968876 0.554311 0.060910 0.074736
0 0.900602 0.552428 0.072959 0.073230
0 0.844545 0.554311 0.029786 0.065324
0 0.812082 0.553558 0.025770 0.076242
0 0.785977 0.553558 0.025100 0.072101
0 0.984940 0.023061 0.030120 0.046122
0 0.749833 0.553087 0.025770 0.063253
0 0.722892 0.553934 0.018742 0.062688
0 0.051874 0.829725 0.057564 0.060806
0 0.032129 0.771743 0.057564 0.053652
0 0.052376 0.716114 0.044511 0.052334
0 0.014391 0.710938 0.028112 0.058923
0 0.208166 0.396649 0.038822 0.064006
0 0.417503 0.452372 0.041165 0.050075
0 0.374331 0.452560 0.039157 0.045181
0 0.370482 0.492282 0.111780 0.024473
0 0.331493 0.451619 0.037818 0.041039
0 0.286145 0.464891 0.040161 0.065324
0 0.074799 0.341491 0.149598 0.040286
0 0.198461 0.466114 0.042169 0.067771
0 0.213521 0.232681 0.208835 0.043298
0 0.211680 0.187500 0.207831 0.045557
0 0.424197 0.233622 0.205154 0.044804
0 0.421352 0.186182 0.204150 0.046687
0 0.629183 0.227786 0.200803 0.042169
0 0.631024 0.184394 0.201138 0.038968
0 0.838855 0.225339 0.199130 0.041792
0 0.837349 0.182135 0.200803 0.038968
0 0.989960 0.203784 0.020080 0.073983
0 0.962851 0.205196 0.029451 0.073042
0 0.982597 0.102786 0.028112 0.077937
0 0.952979 0.105704 0.027108 0.075866
0 0.834003 0.126600 0.202811 0.042357
0 0.833668 0.082737 0.206827 0.044616
0 0.838186 0.031156 0.207162 0.044616
0 0.150435 0.466679 0.046519 0.068901
0 0.092369 0.465832 0.049531 0.067206
0 0.626339 0.029744 0.207162 0.044804
0 0.415328 0.031721 0.206827 0.044616
0 0.202811 0.034168 0.206827 0.044616
0 0.046185 0.031062 0.092369 0.045181
0 0.163989 0.395237 0.042838 0.064194
0 0.251339 0.395331 0.042838 0.061747
0 0.243809 0.465079 0.039157 0.067959
0 0.342871 0.395143 0.038487 0.061747
0 0.019244 0.655309 0.036479 0.050452
0 0.126673 0.685053 0.075971 0.042169
0 0.125669 0.728633 0.075971 0.042357
0 0.204485 0.728069 0.070281 0.042357
0 0.276104 0.729386 0.070281 0.042357
0 0.347724 0.728822 0.070281 0.042357
0 0.298862 0.395708 0.039491 0.061747
0 0.419344 0.726186 0.066934 0.042733
0 0.488454 0.724680 0.068608 0.044616
0 0.489123 0.678464 0.068608 0.044804
0 0.415161 0.678840 0.069277 0.046687
0 0.343206 0.681570 0.069277 0.046498
0 0.270248 0.681570 0.069277 0.046498
0 0.200134 0.681476 0.067604 0.045557
0 0.355087 0.643449 0.068273 0.018449
0 0.072122 0.298005 0.144244 0.041792
0 0.151941 0.557511 0.097055 0.048381
0 0.409806 0.394767 0.035810 0.061747
0 0.452644 0.395990 0.033802 0.064571
0 0.458835 0.466020 0.034806 0.072101
0 0.125000 0.607022 0.071954 0.045745
0 0.030288 0.592432 0.059237 0.070783
0 0.262048 0.604763 0.064926 0.046122
0 0.195783 0.605798 0.065596 0.044804
0 0.247825 0.557700 0.086011 0.046498
0 0.405455 0.604575 0.069277 0.044616
0 0.476238 0.604292 0.071620 0.043675
0 0.478079 0.556852 0.068608 0.043675
0 0.404451 0.558076 0.069277 0.044239
0 0.330321 0.557700 0.070950 0.044239
0 0.333501 0.604010 0.072624 0.046498
