0 0.369894 0.314338 0.093546 0.060049
0 0.368056 0.250919 0.101307 0.066789
0 0.983252 0.256740 0.033497 0.080882
0 0.460989 0.312500 0.089461 0.061275
0 0.562704 0.318474 0.077206 0.048100
0 0.641544 0.312960 0.077206 0.057904
0 0.699142 0.274969 0.036356 0.058517
0 0.785539 0.257966 0.052288 0.079044
0 0.840278 0.258425 0.049837 0.075061
0 0.889093 0.258119 0.047794 0.076900
0 0.940155 0.258732 0.051879 0.075674
0 0.960580 0.150276 0.051062 0.071385
0 0.782680 0.149050 0.050654 0.075674
0 0.909518 0.097733 0.046977 0.042279
0 0.856822 0.149816 0.049428 0.069853
0 0.281658 0.313113 0.082925 0.060049
0 0.701797 0.145221 0.058007 0.080882
0 0.651348 0.141085 0.037990 0.087316
0 0.599265 0.145221 0.066993 0.080882
0 0.540441 0.145987 0.048203 0.079350
0 0.483660 0.143842 0.059641 0.086091
0 0.426062 0.144761 0.053922 0.081189
0 0.359069 0.144148 0.058007 0.083027
0 0.301266 0.144301 0.056781 0.082721
0 0.232435 0.167279 0.081699 0.033088
0 0.230392 0.123468 0.086601 0.052083
0 0.908905 0.152574 0.051471 0.066176
0 0.280842 0.269148 0.063317 0.030944
0 0.019404 0.276042 0.037990 0.069240
0 0.208129 0.268382 0.056781 0.025123
0 0.579044 0.743566 0.050245 0.055147
0 0.583333 0.797488 0.052288 0.052696
0 0.647876 0.791054 0.072712 0.053309
0 0.722631 0.669118 0.043301 0.056985
0 0.769812 0.680607 0.048611 0.081801
0 0.816176 0.687040 0.040850 0.064032
0 0.862132 0.686734 0.048611 0.067096
0 0.910539 0.689185 0.051471 0.068934
0 0.719363 0.779565 0.068627 0.083027
0 0.780842 0.765625 0.054330 0.052083
0 0.851307 0.774510 0.061275 0.072917
0 0.913603 0.779718 0.063317 0.080270
0 0.194036 0.312194 0.089052 0.062500
0 0.971609 0.775582 0.049428 0.076900
0 0.096814 0.423713 0.053922 0.053922
0 0.019608 0.162377 0.035948 0.025735
0 0.271855 0.445466 0.087827 0.087623
0 0.180556 0.446232 0.091503 0.088542
0 0.099060 0.547488 0.085376 0.055760
0 0.103145 0.488051 0.064134 0.058824
0 0.039216 0.466146 0.060458 0.048713
0 0.038399 0.403186 0.053105 0.042892
0 0.018587 0.361826 0.037173 0.037990
0 0.040441 0.327053 0.036765 0.032169
0 0.103962 0.312806 0.091095 0.063113
0 0.092729 0.246936 0.107843 0.068015
0 0.430760 0.261795 0.026552 0.040135
0 0.028391 0.548100 0.056781 0.056985
0 0.109886 0.168045 0.036765 0.030944
0 0.272059 0.530025 0.089869 0.081495
0 0.575572 0.679534 0.081699 0.052083
0 0.658497 0.674632 0.084150 0.050245
0 0.575368 0.614890 0.081291 0.074755
0 0.286152 0.602328 0.046977 0.036765
0 0.233252 0.603401 0.055556 0.038909
0 0.015114 0.642004 0.030229 0.034007
0 0.033905 0.597273 0.067810 0.019301
0 0.482230 0.795803 0.050245 0.057292
0 0.531863 0.793045 0.044118 0.058517
0 0.044526 0.807751 0.053105 0.059743
0 0.100694 0.758119 0.059232 0.063419
0 0.101307 0.815411 0.062908 0.049939
0 0.186275 0.751072 0.062092 0.057904
0 0.189542 0.803309 0.064542 0.046569
0 0.307802 0.803156 0.060049 0.057292
0 0.507149 0.611979 0.047794 0.059743
0 0.507761 0.674632 0.055556 0.062500
0 0.449959 0.672028 0.054330 0.064032
0 0.413399 0.611520 0.032680 0.056373
0 0.723652 0.579963 0.049428 0.079657
0 0.772672 0.580116 0.047794 0.079963
0 0.818627 0.572304 0.042484 0.073529
0 0.878064 0.588542 0.051062 0.067402
0 0.096405 0.622243 0.068627 0.028186
0 0.160743 0.627298 0.055964 0.027267
0 0.044730 0.685509 0.080474 0.032169
0 0.383987 0.797181 0.055556 0.056373
0 0.118056 0.684130 0.063725 0.031863
0 0.266953 0.672181 0.053513 0.062500
0 0.320057 0.673407 0.051062 0.060049
0 0.370302 0.621630 0.051879 0.063113
0 0.371528 0.680300 0.051879 0.051777
0 0.410948 0.667279 0.023693 0.047181
0 0.464869 0.601562 0.033497 0.042586
0 0.185049 0.532169 0.085784 0.083946
0 0.179330 0.672181 0.062908 0.062500
0 0.658088 0.614430 0.080882 0.068934
0 0.434436 0.780484 0.044526 0.057292
0 0.985703 0.377451 0.028595 0.066176
0 0.654820 0.485754 0.088235 0.052390
0 0.654208 0.538756 0.089461 0.054841
0 0.733047 0.373621 0.055964 0.081801
0 0.788194 0.373621 0.054330 0.079350
0 0.842116 0.377604 0.051879 0.069547
0 0.879698 0.377451 0.025735 0.067402
0 0.918913 0.378830 0.052696 0.068934
0 0.562500 0.487439 0.085784 0.053309
0 0.958538 0.378217 0.024918 0.065870
0 0.559641 0.430300 0.089052 0.059130
0 0.980188 0.469210 0.039624 0.075674
0 0.934641 0.463848 0.043301 0.071691
0 0.891340 0.465380 0.043301 0.069853
0 0.474060 0.539062 0.087827 0.054228
0 0.471405 0.486366 0.087418 0.051164
0 0.564338 0.540594 0.088644 0.051164
0 0.856005 0.466912 0.025735 0.067402
0 0.362949 0.420496 0.089461 0.059743
0 0.367034 0.479933 0.091095 0.059743
0 0.064338 0.103707 0.043709 0.026042
0 0.063521 0.131893 0.081291 0.030944
0 0.059845 0.160692 0.043709 0.025429
0 0.483456 0.732537 0.047794 0.034314
0 0.657884 0.429534 0.093546 0.059436
0 0.375000 0.539216 0.086601 0.056373
0 0.151961 0.153186 0.044935 0.063113
0 0.928922 0.590839 0.049020 0.065257
0 0.977124 0.589461 0.045752 0.069240
0 0.725899 0.472733 0.041667 0.080270
0 0.763480 0.467065 0.031863 0.068934
0 0.817402 0.470895 0.052288 0.074142
0 0.468750 0.431219 0.086193 0.059130
