0 0.682099 0.456489 0.109568 0.013672
0 0.366127 0.321072 0.119599 0.014540
0 0.257909 0.339844 0.042824 0.094184
0 0.974344 0.134115 0.051312 0.019097
0 0.920332 0.144748 0.048225 0.065538
0 0.869020 0.146159 0.035108 0.060547
0 0.099537 0.153971 0.079475 0.044488
0 0.390818 0.707248 0.089506 0.014757
0 0.972801 0.154080 0.053627 0.016927
0 0.971644 0.170464 0.051312 0.013238
0 0.836613 0.144423 0.025077 0.064887
0 0.475309 0.157335 0.142747 0.039497
0 0.101080 0.337023 0.102623 0.110243
0 0.209491 0.340929 0.035494 0.096354
0 0.176698 0.340495 0.030093 0.098524
0 0.332176 0.441515 0.116512 0.017578
0 0.390625 0.727214 0.089120 0.014757
0 0.722029 0.613173 0.100694 0.015408
0 0.226080 0.867947 0.113426 0.013238
0 0.830440 0.806424 0.047454 0.052517
0 0.454475 0.422960 0.111883 0.013889
0 0.456597 0.438368 0.116127 0.013889
0 0.456790 0.455946 0.121914 0.012587
0 0.684028 0.421549 0.113426 0.016710
0 0.683063 0.438043 0.111497 0.016276
0 0.721451 0.629232 0.101080 0.015408
0 0.722029 0.647027 0.100694 0.015408
0 0.833526 0.615777 0.100694 0.015408
0 0.831597 0.633355 0.100694 0.015408
0 0.484568 0.706923 0.092593 0.013238
0 0.354167 0.337891 0.115741 0.017361
0 0.941744 0.653971 0.101080 0.015408
0 0.942130 0.625326 0.101080 0.015408
0 0.941937 0.794162 0.110725 0.027995
0 0.929977 0.755642 0.096836 0.012587
0 0.933449 0.771701 0.099151 0.013889
0 0.291474 0.801432 0.030478 0.056858
0 0.331404 0.802192 0.035494 0.055339
0 0.391397 0.809028 0.055941 0.043837
0 0.450424 0.807617 0.059028 0.041016
0 0.531443 0.799154 0.027392 0.060547
0 0.561150 0.797526 0.026620 0.059896
0 0.671103 0.803602 0.047454 0.052517
0 0.831597 0.650933 0.100694 0.015408
0 0.353202 0.355360 0.113812 0.013238
0 0.276813 0.709418 0.140046 0.013889
0 0.473187 0.372396 0.114583 0.016493
0 0.394483 0.534831 0.101466 0.013672
0 0.393711 0.518555 0.099923 0.014540
0 0.395062 0.500543 0.102623 0.014974
0 0.289159 0.538086 0.105324 0.017144
0 0.288194 0.519531 0.103395 0.014757
0 0.288194 0.502930 0.097994 0.017144
0 0.178048 0.539388 0.102238 0.014540
0 0.174961 0.518229 0.100694 0.011285
0 0.176119 0.503038 0.108410 0.014323
0 0.082755 0.528646 0.025849 0.068576
0 0.049576 0.527778 0.024306 0.078125
0 0.795525 0.456055 0.111883 0.015842
0 0.798418 0.438802 0.117670 0.014757
0 0.777971 0.804036 0.047454 0.050781
0 0.617477 0.652235 0.100694 0.015408
0 0.622106 0.634223 0.099151 0.013672
0 0.618634 0.615343 0.102238 0.018012
0 0.518519 0.653537 0.095679 0.018446
0 0.951582 0.553928 0.095293 0.012804
0 0.954475 0.586372 0.091049 0.013021
0 0.351852 0.370985 0.115741 0.016276
0 0.499228 0.531576 0.101852 0.015408
0 0.607446 0.498698 0.084491 0.014323
0 0.606867 0.512804 0.083333 0.015191
0 0.614390 0.532552 0.092207 0.012587
0 0.328897 0.421984 0.115355 0.017578
0 0.212577 0.458876 0.121142 0.015842
0 0.210455 0.440538 0.118441 0.016059
0 0.209105 0.422418 0.119599 0.015842
0 0.087191 0.457682 0.117284 0.016059
0 0.085262 0.441515 0.115741 0.017578
0 0.085069 0.422635 0.119985 0.018880
0 0.931906 0.344835 0.100694 0.051215
0 0.837191 0.342231 0.060957 0.090712
0 0.769676 0.343750 0.065586 0.090712
0 0.958140 0.513346 0.083719 0.015408
0 0.854938 0.541992 0.051698 0.039280
0 0.042245 0.668403 0.069830 0.017361
0 0.049769 0.689779 0.064815 0.018012
0 0.036073 0.711806 0.057485 0.020399
0 0.043981 0.736220 0.067901 0.018446
0 0.037423 0.756076 0.064815 0.016493
0 0.056327 0.774089 0.067901 0.016059
0 0.042245 0.793620 0.059799 0.018663
0 0.114969 0.802951 0.035494 0.059896
0 0.154514 0.803928 0.030478 0.058811
0 0.696566 0.522786 0.053627 0.078993
0 0.041667 0.632378 0.073302 0.035156
0 0.957755 0.495009 0.082948 0.018229
0 0.950231 0.571072 0.092593 0.013238
0 0.962963 0.438802 0.073302 0.018229
0 0.958140 0.475694 0.083719 0.018663
0 0.938272 0.686632 0.112654 0.014757
0 0.854745 0.710069 0.029707 0.060764
0 0.515046 0.635308 0.094136 0.012804
0 0.518904 0.616645 0.096451 0.017578
0 0.328125 0.654839 0.098380 0.015408
0 0.325810 0.633572 0.103781 0.014974
0 0.823495 0.708876 0.028935 0.056207
0 0.739005 0.726888 0.133102 0.016710
0 0.728202 0.806749 0.047454 0.050564
0 0.938465 0.720812 0.113812 0.015842
0 0.145062 0.712674 0.115741 0.010851
0 0.273534 0.695747 0.138889 0.013455
0 0.757523 0.523003 0.055941 0.079427
0 0.486304 0.727214 0.091435 0.017361
0 0.599151 0.709093 0.127315 0.017578
0 0.599151 0.727539 0.132716 0.015408
0 0.738233 0.694878 0.136960 0.014323
0 0.738233 0.709093 0.139275 0.013238
0 0.276813 0.726128 0.130015 0.018229
0 0.701968 0.342122 0.059028 0.093099
0 0.576968 0.341037 0.037423 0.099609
0 0.148341 0.729275 0.117670 0.018880
0 0.091821 0.626953 0.023920 0.074653
0 0.940008 0.702908 0.116898 0.016493
0 0.148534 0.625217 0.023148 0.071181
0 0.962963 0.420681 0.073302 0.012370
0 0.959877 0.403537 0.072531 0.019748
0 0.966049 0.871311 0.054784 0.073351
0 0.906636 0.870009 0.055556 0.075955
0 0.820795 0.885634 0.062886 0.040365
0 0.703125 0.877062 0.036651 0.050998
0 0.611497 0.875977 0.037809 0.057075
0 0.571566 0.873372 0.027392 0.049262
0 0.331211 0.458876 0.114583 0.015842
0 0.118441 0.628581 0.022377 0.075304
0 0.341049 0.894640 0.113426 0.013238
0 0.540895 0.874240 0.030864 0.048394
0 0.225887 0.895616 0.113040 0.013455
0 0.225309 0.882053 0.113426 0.013238
0 0.338735 0.866970 0.113426 0.013455
0 0.189429 0.804688 0.035494 0.054688
0 0.323688 0.616211 0.099537 0.016710
0 0.146605 0.698676 0.114198 0.013672
0 0.218171 0.655165 0.113040 0.016059
0 0.218171 0.636285 0.107639 0.014757
0 0.217207 0.618924 0.105710 0.016493
0 0.340471 0.878798 0.113040 0.013238
0 0.798225 0.421332 0.112654 0.013672
