0 0.576440 0.926879 0.021140 0.050654
0 0.573683 0.870711 0.026654 0.043709
0 0.575980 0.977124 0.026961 0.028595
0 0.539675 0.902778 0.032782 0.052288
0 0.539982 0.963644 0.024816 0.040850
0 0.604626 0.962827 0.018689 0.057190
0 0.500000 0.924632 0.031863 0.051879
0 0.505208 0.859273 0.033701 0.048611
0 0.465686 0.942606 0.028799 0.059232
0 0.429994 0.955882 0.033395 0.056373
0 0.384804 0.926879 0.045956 0.064542
0 0.333180 0.957312 0.045037 0.053513
0 0.633425 0.949959 0.028493 0.042075
0 0.565717 0.816585 0.028493 0.044118
0 0.628370 0.890727 0.029412 0.050245
0 0.596967 0.680351 0.022978 0.049428
0 0.655178 0.824755 0.026042 0.033497
0 0.628676 0.556781 0.021446 0.098856
0 0.663297 0.525123 0.018382 0.083742
0 0.684436 0.535131 0.021446 0.080882
0 0.711857 0.532067 0.024203 0.090278
0 0.732537 0.534109 0.012868 0.086193
0 0.100184 0.381127 0.034926 0.133170
0 0.699755 0.419118 0.010417 0.080065
0 0.687806 0.429943 0.011029 0.070670
0 0.674939 0.436070 0.009191 0.060866
0 0.661458 0.434436 0.012868 0.073121
0 0.606924 0.565564 0.014706 0.095997
0 0.649510 0.435049 0.010417 0.074346
0 0.618719 0.440972 0.014400 0.071487
0 0.602482 0.445670 0.014400 0.073529
0 0.691942 0.349673 0.012561 0.062092
0 0.676317 0.349469 0.011949 0.065768
0 0.664369 0.353145 0.011949 0.066585
0 0.647518 0.351511 0.011949 0.072304
0 0.634804 0.352941 0.011642 0.073529
0 0.619179 0.357230 0.015319 0.076389
0 0.602482 0.358456 0.014400 0.079657
0 0.584406 0.345588 0.015625 0.053105
0 0.636029 0.438113 0.011642 0.077206
0 0.571691 0.609069 0.018382 0.104575
0 0.345741 0.636029 0.024203 0.140523
0 0.399663 0.623570 0.018689 0.136846
0 0.137561 0.939747 0.024510 0.064951
0 0.105545 0.954861 0.021140 0.060866
0 0.098805 0.880106 0.025429 0.073938
0 0.065564 0.890319 0.028799 0.079657
0 0.072917 0.961397 0.025735 0.054330
0 0.038297 0.964869 0.019608 0.058824
0 0.034620 0.891953 0.025735 0.085376
0 0.007200 0.907884 0.014400 0.096814
0 0.176624 0.688930 0.026042 0.168709
0 0.144914 0.699142 0.028186 0.180147
0 0.373468 0.628472 0.025123 0.138480
0 0.108303 0.710172 0.035846 0.181781
0 0.023131 0.737745 0.035233 0.190359
0 0.209099 0.678513 0.032169 0.163399
0 0.246324 0.672998 0.034926 0.154003
0 0.547947 0.587214 0.022978 0.116422
0 0.529718 0.592116 0.015319 0.106618
0 0.511949 0.593137 0.018382 0.119281
0 0.492800 0.603145 0.017463 0.113154
0 0.471201 0.610498 0.017770 0.116422
0 0.451440 0.612132 0.017463 0.124592
0 0.425705 0.618056 0.018689 0.124183
0 0.066176 0.726103 0.036152 0.184232
0 0.579350 0.447917 0.026961 0.124592
0 0.542739 0.446895 0.017463 0.089052
0 0.519455 0.452614 0.018689 0.091503
0 0.186275 0.162173 0.054534 0.254085
0 0.243413 0.174020 0.050551 0.236111
0 0.295803 0.181168 0.051164 0.221814
0 0.346201 0.181168 0.040441 0.219363
0 0.392004 0.189747 0.038297 0.210376
0 0.436275 0.192198 0.037377 0.197304
0 0.475950 0.197712 0.034007 0.197712
0 0.511336 0.200572 0.030637 0.180556
0 0.543964 0.207516 0.032782 0.178105
0 0.575368 0.207721 0.030025 0.166258
0 0.173866 0.378064 0.034007 0.130310
0 0.607230 0.212214 0.028186 0.157271
0 0.660692 0.212623 0.021752 0.156454
0 0.684589 0.215891 0.021752 0.131944
0 0.702972 0.222222 0.016850 0.148693
0 0.726716 0.223448 0.020833 0.137255
0 0.750919 0.226716 0.021446 0.130719
0 0.771599 0.227124 0.018076 0.125000
0 0.790901 0.225082 0.018689 0.111111
0 0.808058 0.231413 0.015625 0.130310
0 0.015931 0.448938 0.031863 0.247549
0 0.058364 0.382149 0.038297 0.133578
0 0.634804 0.213440 0.022672 0.154820
0 0.208333 0.379085 0.028799 0.120098
0 0.243107 0.377247 0.026042 0.117239
0 0.273284 0.377042 0.027574 0.124183
0 0.495098 0.454044 0.022059 0.100899
0 0.472120 0.462010 0.015319 0.105392
0 0.453891 0.462214 0.018076 0.107435
0 0.429381 0.469975 0.021752 0.106618
0 0.408241 0.471201 0.020527 0.104167
0 0.385876 0.473856 0.017463 0.110294
0 0.360754 0.480392 0.021752 0.102941
0 0.656863 0.780433 0.030025 0.052696
0 0.048866 0.155229 0.082414 0.273693
0 0.123621 0.159722 0.064032 0.256536
0 0.331955 0.478758 0.029718 0.109477
0 0.306066 0.489175 0.018995 0.111520
0 0.278186 0.494485 0.028799 0.104167
0 0.246936 0.497141 0.027574 0.110294
0 0.213235 0.503676 0.025123 0.114379
0 0.180300 0.508170 0.031556 0.123366
0 0.145067 0.506740 0.037071 0.126225
0 0.107690 0.516544 0.030331 0.123775
0 0.061275 0.523284 0.048407 0.139706
0 0.370404 0.370507 0.021446 0.090686
0 0.347120 0.371528 0.022672 0.100082
0 0.321998 0.371936 0.015931 0.093546
0 0.302390 0.374387 0.020221 0.105801
0 0.131893 0.865605 0.021752 0.071078
0 0.159161 0.862132 0.019914 0.069036
0 0.713848 0.425858 0.014706 0.072304
0 0.193934 0.912582 0.019608 0.058824
0 0.563572 0.753472 0.024203 0.051062
0 0.565104 0.695874 0.035846 0.052696
0 0.599112 0.739175 0.027267 0.059232
0 0.625919 0.666871 0.022059 0.052696
0 0.652727 0.654820 0.023591 0.056373
0 0.655484 0.714869 0.020527 0.044118
0 0.629289 0.725082 0.022672 0.053105
0 0.684436 0.642157 0.021446 0.058824
0 0.709865 0.632149 0.020221 0.055147
0 0.710325 0.690359 0.022978 0.046569
0 0.685662 0.702206 0.026348 0.052288
0 0.739124 0.733456 0.028493 0.038807
0 0.766238 0.721814 0.019608 0.044935
0 0.759651 0.771242 0.023591 0.033497
0 0.757812 0.814747 0.015625 0.038807
0 0.782629 0.842933 0.021752 0.037990
0 0.759651 0.861520 0.016850 0.032680
0 0.735754 0.781454 0.017463 0.035948
0 0.736060 0.829861 0.018076 0.043709
0 0.737286 0.877247 0.016238 0.042075
0 0.711550 0.891953 0.019301 0.042075
0 0.713542 0.844975 0.023284 0.033905
0 0.714154 0.797794 0.019608 0.032680
0 0.691330 0.766136 0.024203 0.055147
0 0.687653 0.818627 0.016850 0.040033
0 0.687653 0.864788 0.023591 0.037582
0 0.689951 0.909926 0.019608 0.043709
0 0.661152 0.928105 0.018382 0.035948
0 0.661612 0.869485 0.021752 0.042892
0 0.532629 0.773489 0.027880 0.057598
0 0.164062 0.930556 0.020527 0.060458
0 0.136795 0.377042 0.029105 0.129902
0 0.497549 0.787377 0.035539 0.067402
0 0.529105 0.708946 0.031250 0.067402
0 0.489430 0.717116 0.041360 0.060049
0 0.451593 0.802696 0.039828 0.071895
0 0.405484 0.825572 0.017463 0.052288
0 0.401195 0.765114 0.017463 0.059641
0 0.379442 0.771242 0.021752 0.056373
0 0.380974 0.834967 0.020527 0.057190
0 0.352635 0.779820 0.016544 0.062092
0 0.333793 0.786152 0.015625 0.061683
0 0.337776 0.849265 0.019301 0.048203
0 0.317249 0.856005 0.017463 0.049428
0 0.359528 0.839869 0.019301 0.053105
0 0.289828 0.806985 0.019608 0.069036
0 0.293811 0.870711 0.016544 0.055147
0 0.267923 0.879493 0.016850 0.054739
0 0.265012 0.816789 0.019608 0.064134
0 0.239583 0.827614 0.018995 0.059641
0 0.244485 0.890523 0.024510 0.062092
0 0.218597 0.906658 0.018689 0.046977
0 0.309436 0.798611 0.014706 0.059641
0 0.215839 0.839869 0.021752 0.070261
0 0.187040 0.848448 0.021140 0.058824
