0 0.568832 0.535539 0.095180 0.061275
0 0.452819 0.530944 0.083742 0.066789
0 0.338848 0.522672 0.089461 0.088235
0 0.246528 0.525582 0.093546 0.089767
0 0.167075 0.522825 0.062092 0.079350
0 0.084150 0.522978 0.098039 0.077206
0 0.410335 0.438113 0.078840 0.077819
0 0.329248 0.435509 0.080065 0.073836
0 0.239992 0.436428 0.092729 0.086091
0 0.731005 0.420190 0.077206 0.084865
0 0.722835 0.514400 0.090278 0.098039
0 0.469158 0.223499 0.084559 0.068321
0 0.375613 0.222886 0.102533 0.069547
0 0.278391 0.289216 0.087010 0.058211
0 0.179739 0.228094 0.110294 0.065257
0 0.066789 0.222120 0.111520 0.072304
0 0.958946 0.109069 0.056781 0.076593
0 0.902369 0.111520 0.052288 0.076593
0 0.822100 0.121477 0.109069 0.054228
0 0.741422 0.114430 0.044118 0.077512
0 0.666258 0.128217 0.040850 0.040748
0 0.625000 0.128064 0.041667 0.040441
0 0.579044 0.123009 0.038807 0.061581
0 0.683619 0.089461 0.043709 0.034314
0 0.070874 0.289675 0.106618 0.059130
0 0.639297 0.087010 0.044118 0.039828
0 0.510417 0.119026 0.090278 0.070159
0 0.414011 0.117034 0.089461 0.075980
0 0.332312 0.133425 0.069853 0.038909
0 0.266340 0.126838 0.053105 0.054534
0 0.034314 0.118873 0.065359 0.074755
0 0.114379 0.094975 0.084967 0.113358
0 0.498775 0.639859 0.080065 0.032782
0 0.495507 0.670037 0.076797 0.023284
0 0.578023 0.642463 0.078431 0.035539
0 0.575163 0.681679 0.075980 0.042279
0 0.661560 0.685509 0.066585 0.040748
0 0.653391 0.648897 0.063317 0.033088
0 0.496528 0.700061 0.078840 0.025735
0 0.584150 0.060509 0.042484 0.063419
0 0.645629 0.519914 0.050245 0.063725
0 0.181781 0.289675 0.091503 0.059130
0 0.470384 0.289675 0.083742 0.059130
0 0.813930 0.513940 0.090278 0.097120
0 0.907271 0.527574 0.091503 0.064951
0 0.812092 0.422641 0.086601 0.080576
0 0.911560 0.461091 0.093546 0.063725
0 0.919322 0.393689 0.105801 0.065564
0 0.032271 0.625919 0.061275 0.057598
0 0.095588 0.620404 0.057190 0.046569
0 0.034314 0.690411 0.065359 0.059743
0 0.185458 0.624540 0.070261 0.042586
0 0.260621 0.603860 0.076797 0.034926
0 0.331699 0.607077 0.065359 0.034007
0 0.403799 0.610754 0.075572 0.037071
0 0.328431 0.645067 0.071895 0.035846
0 0.379289 0.290901 0.096814 0.064032
0 0.409518 0.647672 0.080474 0.029412
0 0.383783 0.693015 0.082925 0.038603
0 0.495302 0.603554 0.073121 0.034314
0 0.575163 0.606618 0.085784 0.033088
0 0.650123 0.614124 0.062500 0.034007
0 0.106209 0.446232 0.045752 0.072610
0 0.041258 0.444853 0.080882 0.071691
0 0.958333 0.229933 0.062092 0.045037
0 0.881944 0.279259 0.088235 0.062806
0 0.783088 0.283701 0.085784 0.062500
0 0.785539 0.222273 0.097222 0.060968
0 0.698938 0.279565 0.067810 0.072610
0 0.644199 0.238051 0.035131 0.061275
0 0.604984 0.245864 0.033497 0.038297
0 0.309436 0.684436 0.062500 0.037990
0 0.256332 0.641544 0.071487 0.036152
0 0.206904 0.695619 0.091095 0.038909
0 0.955474 0.801777 0.059641 0.066176
0 0.856618 0.605086 0.069444 0.058824
0 0.781658 0.679841 0.047794 0.060049
0 0.837418 0.676471 0.060458 0.060662
0 0.887255 0.672947 0.038399 0.060355
0 0.145833 0.778186 0.077614 0.038603
0 0.108864 0.840533 0.089461 0.040748
0 0.207516 0.816176 0.057190 0.033088
0 0.266953 0.833333 0.060866 0.064951
0 0.327206 0.830576 0.059641 0.070466
0 0.767361 0.618719 0.064134 0.057292
0 0.386438 0.842984 0.050654 0.045650
0 0.308211 0.747855 0.050245 0.033088
0 0.505515 0.747702 0.051879 0.035233
0 0.510417 0.799479 0.042075 0.054841
0 0.561479 0.816789 0.058415 0.064951
0 0.617034 0.814951 0.054330 0.068015
0 0.675041 0.816789 0.051879 0.063113
0 0.761029 0.824908 0.066993 0.064645
0 0.835989 0.797641 0.060866 0.065257
0 0.894608 0.797335 0.056373 0.064645
0 0.424020 0.775888 0.061275 0.038297
0 0.727737 0.681985 0.058415 0.066789
0 0.970792 0.675705 0.058415 0.078125
0 0.161560 0.442708 0.064134 0.080882
