0 0.166667 0.854779 0.022059 0.073121
0 0.132047 0.846405 0.038603 0.105392
0 0.754902 0.450980 0.041054 0.220588
0 0.059283 0.845384 0.041360 0.120507
0 0.016697 0.845997 0.026042 0.111928
0 0.211397 0.840074 0.015931 0.063317
0 0.230239 0.840686 0.013787 0.062092
0 0.247243 0.842729 0.014706 0.056373
0 0.188113 0.841912 0.015319 0.066993
0 0.902267 0.548407 0.069853 0.093546
0 0.956648 0.554739 0.034007 0.079248
0 0.712163 0.448325 0.043199 0.217729
0 0.487898 0.501430 0.027267 0.106618
0 0.610141 0.444240 0.040748 0.197304
0 0.572917 0.446487 0.034314 0.199346
0 0.531403 0.447712 0.044424 0.211601
0 0.460631 0.502247 0.027267 0.105801
0 0.432598 0.501430 0.026348 0.104167
0 0.405637 0.503268 0.025735 0.107843
0 0.378064 0.502859 0.026961 0.102124
0 0.339461 0.486111 0.047181 0.132353
0 0.481618 0.360294 0.044118 0.185458
0 0.242953 0.506536 0.028186 0.099673
0 0.740809 0.960989 0.044118 0.078023
0 0.665594 0.449755 0.045650 0.215686
0 0.695466 0.956904 0.037377 0.084559
0 0.972580 0.385825 0.054841 0.082925
0 0.611520 0.960376 0.041667 0.079248
0 0.820466 0.541054 0.051471 0.102533
0 0.201134 0.495711 0.050551 0.119690
0 0.909467 0.371732 0.060968 0.108660
0 0.833793 0.367443 0.079963 0.117239
0 0.977022 0.152778 0.045343 0.222222
0 0.923254 0.154003 0.055453 0.214869
0 0.866881 0.135008 0.048713 0.255310
0 0.814338 0.145833 0.049632 0.235294
0 0.711703 0.107435 0.091912 0.209967
0 0.617188 0.139093 0.093444 0.141748
0 0.514553 0.135008 0.106311 0.143382
0 0.653033 0.963440 0.042586 0.073121
0 0.419577 0.110498 0.081189 0.194036
0 0.246324 0.156046 0.055147 0.094771
0 0.169424 0.110090 0.071691 0.215278
0 0.078891 0.147672 0.078738 0.144199
0 0.017770 0.150123 0.035539 0.134395
0 0.223652 0.955474 0.064338 0.089052
0 0.289982 0.953840 0.059743 0.087418
0 0.345741 0.954657 0.050551 0.087418
0 0.442862 0.964665 0.039522 0.068219
0 0.503830 0.964869 0.040748 0.066176
0 0.534620 0.958333 0.017770 0.072712
0 0.567555 0.964461 0.041973 0.070261
0 0.326900 0.123570 0.100490 0.161356
0 0.219975 0.346609 0.058824 0.153186
0 0.444393 0.847222 0.059130 0.043301
0 0.097580 0.336806 0.065257 0.121324
0 0.725031 0.644404 0.029105 0.043709
0 0.693934 0.694240 0.025123 0.037990
0 0.723958 0.689951 0.028799 0.044118
0 0.752757 0.687704 0.023897 0.054330
0 0.851409 0.693015 0.030637 0.109069
0 0.936428 0.686275 0.045037 0.129902
0 0.980699 0.688317 0.038603 0.124183
0 0.160080 0.318627 0.051164 0.084967
0 0.334252 0.822100 0.047794 0.054330
0 0.385110 0.817402 0.046569 0.059641
0 0.948223 0.865400 0.050245 0.036356
0 0.694393 0.645425 0.031556 0.053105
0 0.952359 0.902778 0.045650 0.032680
0 0.813572 0.871324 0.059130 0.140523
0 0.866575 0.872345 0.009498 0.130310
0 0.880055 0.873775 0.012561 0.135621
0 0.891850 0.876225 0.009191 0.130719
0 0.905637 0.873979 0.011029 0.133578
0 0.750919 0.814338 0.047794 0.063317
0 0.700827 0.815564 0.046262 0.070670
0 0.651042 0.814134 0.051471 0.067810
0 0.601409 0.813930 0.045343 0.064951
0 0.553462 0.814951 0.046262 0.064542
0 0.500919 0.817402 0.051471 0.064542
0 0.952819 0.935253 0.046569 0.029003
0 0.645527 0.684641 0.056373 0.048203
0 0.806985 0.698121 0.058824 0.097222
0 0.465380 0.686479 0.058824 0.051879
0 0.191023 0.687500 0.019301 0.053922
0 0.112745 0.660539 0.082721 0.143791
0 0.032016 0.659109 0.064032 0.101716
0 0.442555 0.793301 0.037071 0.053105
0 0.161918 0.517974 0.019914 0.063725
0 0.142463 0.517974 0.015319 0.057190
0 0.524510 0.681577 0.056373 0.056781
0 0.126838 0.518791 0.013480 0.058007
0 0.065870 0.517565 0.018382 0.058007
0 0.047641 0.520221 0.014400 0.060866
0 0.031710 0.521242 0.015625 0.055556
0 0.015472 0.521242 0.014400 0.062908
0 0.024816 0.490605 0.029412 0.008987
0 0.037377 0.332721 0.052696 0.118056
0 0.109528 0.517565 0.015625 0.062908
0 0.257812 0.654616 0.035846 0.122141
0 0.217065 0.655025 0.034620 0.135212
0 0.330729 0.691789 0.051777 0.045343
0 0.289675 0.649714 0.027880 0.112337
0 0.412990 0.642565 0.023897 0.040033
0 0.383732 0.639910 0.027267 0.034722
0 0.407169 0.689951 0.026961 0.044118
0 0.315870 0.648489 0.023897 0.042075
0 0.348958 0.638889 0.025735 0.044935
0 0.379442 0.690359 0.024203 0.044935
