0 0.842917 0.909062 0.065833 0.046875
0 0.913542 0.912500 0.065417 0.040000
0 0.696875 0.955156 0.068750 0.040938
0 0.769792 0.955000 0.073750 0.043125
0 0.844792 0.954844 0.069583 0.042813
0 0.977500 0.959844 0.045000 0.040313
0 0.975625 0.924219 0.048750 0.027813
0 0.953542 0.867188 0.057083 0.031875
0 0.693333 0.872812 0.071667 0.035625
0 0.968542 0.893750 0.037917 0.021250
0 0.770417 0.912188 0.071667 0.045000
0 0.911250 0.957187 0.064167 0.038750
0 0.699583 0.913281 0.070833 0.042813
0 0.158958 0.922344 0.036250 0.031563
0 0.510000 0.950625 0.101667 0.056250
0 0.958125 0.784687 0.052917 0.036875
0 0.899375 0.786250 0.057083 0.035000
0 0.953750 0.745625 0.057500 0.036250
0 0.890208 0.746094 0.045417 0.033438
0 0.834167 0.821250 0.070833 0.038750
0 0.756458 0.819688 0.076250 0.035625
0 0.829792 0.776094 0.072083 0.049063
0 0.902292 0.819688 0.052917 0.028125
0 0.757708 0.773906 0.068750 0.054688
0 0.678958 0.816250 0.075417 0.048125
0 0.598333 0.816875 0.068333 0.043750
0 0.528542 0.816719 0.069583 0.044062
0 0.595208 0.767969 0.072083 0.045937
0 0.523542 0.766406 0.066250 0.049688
0 0.463125 0.777969 0.043750 0.042813
0 0.416667 0.779375 0.049167 0.040625
0 0.666875 0.750469 0.064583 0.044687
0 0.965625 0.819219 0.058750 0.032188
0 0.041458 0.892969 0.062917 0.061562
0 0.036042 0.956250 0.065417 0.052500
0 0.609792 0.889062 0.087917 0.059375
0 0.512292 0.890469 0.096250 0.056563
0 0.435000 0.962344 0.043333 0.030312
0 0.388125 0.960313 0.047917 0.030000
0 0.340625 0.962344 0.044583 0.025313
0 0.434375 0.935469 0.045417 0.025937
0 0.388333 0.933125 0.038333 0.023125
0 0.344375 0.934375 0.042917 0.021250
0 0.436875 0.905625 0.047083 0.027500
0 0.391667 0.905937 0.045000 0.028125
0 0.344167 0.905781 0.048333 0.027813
0 0.279375 0.961562 0.060417 0.037500
0 0.210208 0.961719 0.072917 0.038437
0 0.280417 0.923750 0.065833 0.034375
0 0.211875 0.922344 0.062917 0.034063
0 0.244583 0.869844 0.138333 0.039688
0 0.101875 0.957031 0.059583 0.051562
0 0.610417 0.949063 0.099167 0.057500
0 0.108125 0.892344 0.065417 0.065312
0 0.316875 0.822344 0.046250 0.040938
0 0.314167 0.780469 0.054167 0.038437
0 0.118750 0.402656 0.066667 0.038437
0 0.052500 0.402656 0.065833 0.037812
0 0.118125 0.362656 0.068750 0.042188
0 0.050833 0.364375 0.065833 0.040000
0 0.973125 0.287031 0.053750 0.045937
0 0.923958 0.288594 0.043750 0.043437
0 0.867917 0.290000 0.056667 0.040000
0 0.816458 0.289531 0.048750 0.040313
0 0.767292 0.290781 0.045417 0.043437
0 0.712292 0.290312 0.063750 0.044375
0 0.633750 0.293594 0.090000 0.049688
0 0.540208 0.295469 0.092917 0.044687
0 0.973958 0.240937 0.052083 0.039375
0 0.919375 0.242969 0.044583 0.035937
0 0.867292 0.247031 0.055417 0.042188
0 0.818125 0.245625 0.042083 0.043750
0 0.766250 0.245312 0.056667 0.043125
0 0.712083 0.246719 0.053333 0.040938
0 0.632292 0.247656 0.100417 0.040938
0 0.195417 0.357500 0.075833 0.045625
0 0.531042 0.248125 0.097917 0.038750
0 0.275208 0.359687 0.074583 0.043125
0 0.434792 0.357656 0.072917 0.039688
0 0.892500 0.395937 0.050000 0.041875
0 0.838333 0.393750 0.056667 0.039375
0 0.778542 0.399219 0.047917 0.032813
0 0.728333 0.399219 0.052500 0.033438
0 0.643542 0.396250 0.099583 0.043750
0 0.536875 0.395937 0.102917 0.043750
0 0.937917 0.356094 0.058333 0.033438
0 0.880833 0.355781 0.055833 0.034063
0 0.830833 0.355938 0.035000 0.035625
0 0.780417 0.364375 0.055000 0.033750
0 0.727500 0.363125 0.050833 0.035000
0 0.783750 0.330625 0.058333 0.030000
0 0.725625 0.331719 0.057083 0.026562
0 0.441875 0.398281 0.073750 0.042188
0 0.358958 0.398906 0.077917 0.040313
0 0.277292 0.401406 0.072083 0.038437
0 0.201250 0.399219 0.074167 0.038437
0 0.644583 0.352031 0.105000 0.044062
0 0.533333 0.347656 0.105833 0.045937
0 0.355000 0.358594 0.076667 0.038437
0 0.951875 0.395937 0.057083 0.043750
0 0.438333 0.295938 0.089167 0.038125
0 0.277917 0.296875 0.083333 0.043125
0 0.027500 0.160156 0.051667 0.039688
0 0.968125 0.090938 0.063750 0.044375
0 0.902917 0.091719 0.065833 0.042813
0 0.834583 0.092188 0.070833 0.041250
0 0.765833 0.092969 0.055833 0.045312
0 0.701667 0.093594 0.065000 0.042813
0 0.968542 0.048594 0.062917 0.040313
0 0.897917 0.050937 0.070833 0.038125
0 0.827500 0.048281 0.067500 0.044687
0 0.760625 0.047031 0.058750 0.043437
0 0.697292 0.049219 0.069583 0.041563
0 0.636250 0.046094 0.052500 0.040313
0 0.637292 0.091719 0.054583 0.045312
0 0.553333 0.071406 0.109167 0.085938
0 0.447500 0.073906 0.104167 0.090938
0 0.338542 0.073438 0.112917 0.092500
0 0.368125 0.779062 0.050417 0.040625
0 0.227500 0.072344 0.107500 0.091563
0 0.029583 0.074688 0.059167 0.090625
0 0.088333 0.159219 0.071667 0.040938
0 0.358333 0.293750 0.070833 0.041250
0 0.026458 0.202500 0.052917 0.043125
0 0.165625 0.185469 0.075417 0.070938
0 0.197500 0.296250 0.076667 0.043750
0 0.438750 0.252031 0.080833 0.047188
0 0.359792 0.251719 0.077083 0.045937
0 0.280208 0.250937 0.077917 0.044375
0 0.201250 0.249688 0.074167 0.046875
0 0.110833 0.295938 0.057500 0.042500
0 0.047083 0.296406 0.070833 0.041563
0 0.112083 0.255469 0.070000 0.040313
0 0.041667 0.255625 0.070000 0.041250
0 0.960000 0.176094 0.080000 0.076563
0 0.858125 0.175937 0.108750 0.081250
0 0.754583 0.175937 0.095833 0.081250
0 0.655833 0.178750 0.101667 0.087500
0 0.553333 0.181094 0.103333 0.084062
0 0.467708 0.199219 0.069583 0.044062
0 0.469375 0.153750 0.066250 0.044375
0 0.393958 0.181406 0.072917 0.082187
0 0.320417 0.185156 0.076667 0.075313
0 0.242292 0.184688 0.077917 0.073125
0 0.087500 0.201719 0.070000 0.044062
0 0.026667 0.466719 0.051667 0.037812
0 0.113125 0.073438 0.107917 0.088125
0 0.031875 0.504531 0.060417 0.037187
0 0.729792 0.653594 0.098750 0.047813
0 0.630833 0.695000 0.093333 0.039375
0 0.632708 0.652813 0.091250 0.046250
0 0.533542 0.700625 0.100417 0.035625
0 0.532292 0.655000 0.103750 0.055625
0 0.444167 0.684063 0.058333 0.071875
0 0.383750 0.685312 0.062500 0.075625
0 0.317083 0.686250 0.070000 0.073750
0 0.251458 0.686250 0.063750 0.073750
0 0.188333 0.688594 0.061667 0.070938
0 0.028542 0.707656 0.054583 0.037812
0 0.100000 0.704063 0.088333 0.040000
0 0.095417 0.663438 0.085833 0.035625
0 0.025000 0.664219 0.048333 0.041563
0 0.966875 0.596562 0.061250 0.041875
0 0.899583 0.600781 0.067500 0.048438
0 0.835417 0.600938 0.060000 0.048125
0 0.776458 0.601719 0.057083 0.048438
0 0.711875 0.602031 0.072083 0.047813
0 0.831458 0.651719 0.095417 0.049688
0 0.628750 0.601094 0.093333 0.045312
0 0.907708 0.649531 0.057083 0.044687
0 0.729375 0.697969 0.091250 0.037812
0 0.103333 0.462031 0.098333 0.033438
0 0.463750 0.822656 0.051667 0.039688
0 0.214167 0.781719 0.054167 0.038437
0 0.264375 0.780469 0.046250 0.040313
0 0.414375 0.821875 0.047917 0.040000
0 0.364792 0.823281 0.047083 0.040938
0 0.266458 0.823906 0.050417 0.042188
0 0.207292 0.827031 0.067083 0.035312
0 0.143333 0.823906 0.050833 0.036562
0 0.080417 0.826875 0.065833 0.036250
0 0.024375 0.827031 0.045417 0.035312
0 0.156667 0.746719 0.060833 0.024688
0 0.153542 0.784062 0.064583 0.037500
0 0.080208 0.789375 0.075417 0.035000
0 0.085000 0.751250 0.075000 0.036250
0 0.022708 0.748125 0.042917 0.032500
0 0.974792 0.695312 0.050417 0.043750
0 0.915208 0.697500 0.068750 0.039375
0 0.822292 0.697187 0.089583 0.040000
0 0.968750 0.647656 0.061667 0.047813
0 0.537292 0.602500 0.090417 0.043750
0 0.021042 0.787656 0.038750 0.037812
0 0.893750 0.550781 0.062500 0.047188
0 0.766458 0.451406 0.067083 0.044062
0 0.696042 0.454844 0.067083 0.041563
0 0.616042 0.454531 0.080417 0.050313
0 0.533125 0.452656 0.075417 0.046562
0 0.461875 0.503906 0.051250 0.028438
0 0.409583 0.505781 0.051667 0.034063
0 0.360833 0.506719 0.045833 0.032188
0 0.462500 0.470313 0.045833 0.033125
0 0.413542 0.471406 0.052917 0.034063
0 0.361875 0.471562 0.047917 0.033125
0 0.179167 0.462500 0.050000 0.039375
0 0.268542 0.505156 0.045417 0.035937
0 0.223750 0.503281 0.037500 0.034063
0 0.183333 0.501406 0.041667 0.038437
0 0.314375 0.462969 0.041250 0.045937
0 0.105625 0.505469 0.080417 0.046562
0 0.958542 0.550625 0.067083 0.045625
0 0.268958 0.462187 0.049583 0.046250
0 0.223333 0.460781 0.040000 0.042813
0 0.838333 0.452031 0.075833 0.045312
0 0.906667 0.453750 0.051667 0.041875
0 0.313333 0.505781 0.042500 0.034063
0 0.533125 0.498906 0.075417 0.043437
0 0.830625 0.549063 0.063750 0.050000
0 0.769375 0.550000 0.059583 0.051250
0 0.706250 0.552969 0.067500 0.045937
0 0.626667 0.555781 0.089167 0.047188
0 0.964167 0.453750 0.065000 0.041875
0 0.437917 0.583281 0.085000 0.078437
0 0.363750 0.589219 0.061667 0.066562
0 0.291250 0.577500 0.080833 0.090000
0 0.212083 0.586250 0.073333 0.068125
0 0.112708 0.604844 0.087917 0.042188
0 0.534375 0.554375 0.091250 0.048750
0 0.110000 0.564375 0.095000 0.036250
0 0.030208 0.563906 0.057917 0.040313
0 0.965208 0.496094 0.054583 0.042813
0 0.616458 0.499688 0.078750 0.038750
0 0.695625 0.497656 0.062917 0.043437
0 0.764583 0.498594 0.072500 0.043437
0 0.834167 0.496875 0.064167 0.041875
0 0.033125 0.605469 0.062917 0.039688
0 0.900625 0.497344 0.066250 0.043437
