0 0.149714 0.722886 0.119690 0.073836
0 0.865196 0.631740 0.052288 0.072917
0 0.796160 0.627757 0.052288 0.072917
0 0.735703 0.628830 0.060458 0.074449
0 0.669935 0.629442 0.060458 0.074449
0 0.608660 0.628830 0.031046 0.078738
0 0.580678 0.628370 0.026552 0.076593
0 0.552083 0.629596 0.029003 0.075980
0 0.523080 0.629902 0.029003 0.075980
0 0.491830 0.629442 0.026144 0.075674
0 0.445670 0.650429 0.050654 0.028186
0 0.391953 0.650123 0.050245 0.027574
0 0.442402 0.619332 0.050654 0.032169
0 0.339665 0.650276 0.051062 0.027880
0 0.338848 0.619638 0.052696 0.030331
0 0.289420 0.650888 0.047794 0.029105
0 0.289828 0.619332 0.046977 0.032169
0 0.369485 0.554688 0.015114 0.026654
0 0.177900 0.633885 0.060049 0.068015
0 0.112745 0.631434 0.055556 0.065564
0 0.054330 0.636795 0.049020 0.064645
0 0.976920 0.537071 0.039624 0.066176
0 0.934641 0.537990 0.030229 0.069853
0 0.900531 0.535233 0.028186 0.071691
0 0.940768 0.628830 0.066993 0.071998
0 0.792892 0.565870 0.071078 0.014706
0 0.988766 0.628064 0.022467 0.068627
0 0.267157 0.724877 0.046569 0.058824
0 0.057190 0.811734 0.114379 0.065257
0 0.766136 0.810355 0.112337 0.069853
0 0.646446 0.813879 0.120507 0.076900
0 0.525123 0.811581 0.115605 0.064338
0 0.963644 0.799786 0.072712 0.057904
0 0.872753 0.804994 0.089461 0.060968
0 0.519199 0.723958 0.040850 0.058824
0 0.407067 0.810355 0.115605 0.064338
0 0.289828 0.810509 0.117239 0.067096
0 0.169730 0.809743 0.109886 0.063113
0 0.923203 0.719975 0.073529 0.063113
0 0.855392 0.719516 0.054739 0.062194
0 0.716708 0.718290 0.113971 0.069547
0 0.620507 0.679075 0.024510 0.051777
0 0.623979 0.732537 0.064134 0.076593
0 0.573325 0.723652 0.022467 0.058824
0 0.544322 0.701134 0.022467 0.041973
0 0.468342 0.777574 0.042075 0.017770
0 0.479167 0.721354 0.040850 0.059130
0 0.433211 0.714767 0.035539 0.043505
0 0.396446 0.723958 0.037173 0.059436
0 0.352328 0.724571 0.034722 0.056985
0 0.314542 0.723805 0.043301 0.059130
0 0.061683 0.718444 0.053105 0.057598
0 0.791258 0.552083 0.071078 0.013480
0 0.390114 0.619638 0.049837 0.030331
0 0.706699 0.565104 0.069444 0.013174
0 0.329861 0.458180 0.042892 0.037684
0 0.283497 0.454963 0.044118 0.045956
0 0.165850 0.442249 0.051471 0.067708
0 0.085580 0.452819 0.051879 0.041667
0 0.032067 0.452512 0.051879 0.045343
0 0.982639 0.354626 0.029003 0.057292
0 0.946487 0.341299 0.029412 0.075980
0 0.910743 0.340380 0.036356 0.075980
0 0.869894 0.341452 0.039624 0.078125
0 0.791054 0.534007 0.073938 0.019608
0 0.730392 0.357690 0.062908 0.046875
0 0.667279 0.357230 0.059232 0.050858
0 0.605392 0.346661 0.058824 0.067708
0 0.543096 0.347733 0.063317 0.067402
0 0.485090 0.345282 0.051062 0.069853
0 0.429739 0.344210 0.053105 0.069547
0 0.380923 0.356771 0.037990 0.043199
0 0.347631 0.366115 0.027778 0.026348
0 0.292075 0.343137 0.055556 0.069853
0 0.235090 0.342065 0.054330 0.067708
0 0.165033 0.341452 0.059641 0.066483
0 0.104984 0.342525 0.055556 0.066176
0 0.048815 0.342678 0.053513 0.066483
0 0.380923 0.444853 0.050245 0.063113
0 0.433824 0.444087 0.049020 0.066483
0 0.793301 0.355086 0.059641 0.049020
0 0.527982 0.445925 0.029820 0.067708
0 0.484477 0.444700 0.049837 0.062806
0 0.704861 0.550551 0.078023 0.012255
0 0.703227 0.530944 0.081291 0.025123
0 0.621324 0.553002 0.049020 0.036152
0 0.527778 0.557904 0.070261 0.031863
0 0.430147 0.533548 0.038399 0.073223
0 0.397263 0.539369 0.023284 0.058517
0 0.369077 0.535080 0.029820 0.071385
0 0.298407 0.534314 0.036356 0.074755
0 0.167075 0.535999 0.050654 0.073223
0 0.120302 0.535233 0.038807 0.069240
0 0.047181 0.555913 0.082108 0.027880
0 0.337214 0.535846 0.029003 0.072917
0 0.558211 0.444853 0.027369 0.065564
0 0.927492 0.438266 0.073121 0.080576
0 0.788399 0.445159 0.027778 0.066176
0 0.758987 0.444393 0.022876 0.067096
0 0.731209 0.445312 0.026961 0.066483
0 0.701797 0.445925 0.027778 0.065257
0 0.672386 0.445006 0.025327 0.065870
0 0.643587 0.444853 0.024918 0.065564
0 0.615196 0.444393 0.027778 0.064645
0 0.587214 0.445925 0.028186 0.067708
0 0.813113 0.449449 0.020016 0.055760
