0 0.415820 0.637500 0.044141 0.085417
0 0.509961 0.835417 0.031641 0.078125
0 0.550586 0.824479 0.033203 0.018750
0 0.552930 0.844792 0.036328 0.016667
0 0.551562 0.868490 0.035156 0.019271
0 0.588281 0.836719 0.031250 0.080729
0 0.679688 0.938802 0.050000 0.096354
0 0.645703 0.833854 0.032813 0.084375
0 0.683789 0.833854 0.041016 0.084375
0 0.247461 0.753646 0.044922 0.047917
0 0.628711 0.941667 0.049609 0.092708
0 0.617188 0.838021 0.022656 0.086458
0 0.292578 0.753125 0.035937 0.048958
0 0.451953 0.735156 0.035156 0.083854
0 0.377539 0.742969 0.035547 0.078646
0 0.415625 0.751823 0.035156 0.053646
0 0.583789 0.958854 0.037109 0.062500
0 0.490234 0.732812 0.035156 0.091667
0 0.525195 0.727344 0.030078 0.092188
0 0.562695 0.727083 0.039453 0.093750
0 0.600781 0.729948 0.032031 0.085938
0 0.636914 0.736458 0.034766 0.067708
0 0.669922 0.734896 0.026562 0.065625
0 0.705664 0.645573 0.057422 0.110937
0 0.636523 0.636719 0.049609 0.093229
0 0.333594 0.752865 0.045312 0.052604
0 0.546875 0.972396 0.034375 0.032292
0 0.356641 0.948438 0.034375 0.095833
0 0.467187 0.945573 0.036719 0.088021
0 0.841797 0.825521 0.073438 0.148958
0 0.912305 0.823177 0.065234 0.148438
0 0.982031 0.817708 0.035937 0.142708
0 0.858594 0.637760 0.078906 0.159896
0 0.945508 0.633333 0.068359 0.160417
0 0.889453 0.432031 0.081250 0.163021
0 0.963867 0.434115 0.061328 0.147396
0 0.474414 0.836198 0.035547 0.082812
0 0.436523 0.839063 0.039453 0.083333
0 0.397266 0.841927 0.037500 0.086979
0 0.358594 0.844271 0.036719 0.088542
0 0.465234 0.627083 0.043750 0.100000
0 0.281055 0.843750 0.032422 0.090625
0 0.241211 0.843229 0.036328 0.089583
0 0.099219 0.882292 0.060156 0.098958
0 0.028516 0.815885 0.054688 0.033854
0 0.038281 0.887760 0.058594 0.088021
0 0.178125 0.832812 0.075781 0.046875
0 0.167773 0.903646 0.070703 0.054167
0 0.233203 0.950781 0.044531 0.098437
0 0.277148 0.951823 0.037109 0.095312
0 0.317578 0.952083 0.039844 0.095833
0 0.565234 0.627083 0.039062 0.092708
0 0.393555 0.950521 0.035547 0.095833
0 0.431055 0.947917 0.033984 0.094792
0 0.507812 0.944271 0.041406 0.085417
0 0.512891 0.633073 0.042969 0.083854
0 0.317773 0.842187 0.036328 0.089583
0 0.727148 0.185156 0.046484 0.114062
0 0.606055 0.165104 0.053516 0.107292
0 0.672070 0.185677 0.051953 0.115104
0 0.056055 0.637500 0.023047 0.028125
0 0.676953 0.042448 0.050000 0.083854
0 0.746875 0.035156 0.015625 0.070312
0 0.763086 0.036719 0.013672 0.068229
0 0.371094 0.471354 0.054688 0.091667
0 0.429492 0.484635 0.051953 0.093229
0 0.509766 0.470573 0.045312 0.085938
0 0.023633 0.707552 0.047266 0.097396
0 0.172656 0.514844 0.032813 0.126562
0 0.134180 0.516146 0.042578 0.125000
0 0.101758 0.515885 0.020703 0.121354
0 0.042188 0.516406 0.031250 0.118229
0 0.012305 0.515885 0.024609 0.124479
0 0.604297 0.039583 0.053125 0.077083
0 0.548828 0.039844 0.011719 0.068229
0 0.536719 0.039062 0.010156 0.066667
0 0.525195 0.036979 0.011328 0.066667
0 0.125977 0.697135 0.041797 0.104688
0 0.234375 0.641927 0.056250 0.107813
0 0.300391 0.635938 0.059375 0.089583
0 0.363867 0.644531 0.047266 0.099479
0 0.242383 0.480990 0.059766 0.099479
0 0.306445 0.476302 0.060547 0.097396
0 0.476953 0.183333 0.046094 0.117708
0 0.020508 0.638281 0.041016 0.035937
0 0.380273 0.026562 0.012109 0.051042
0 0.404297 0.025781 0.010937 0.049479
0 0.416992 0.026042 0.013672 0.052083
0 0.457031 0.033333 0.010937 0.061458
0 0.468750 0.033333 0.010156 0.064583
0 0.479883 0.032292 0.010547 0.059375
0 0.490820 0.030469 0.009766 0.060937
0 0.514062 0.037760 0.009375 0.066146
0 0.392773 0.026302 0.010547 0.050521
0 0.172656 0.700000 0.048438 0.098958
0 0.058008 0.704688 0.018359 0.098958
0 0.221875 0.334115 0.068750 0.097396
0 0.591992 0.326823 0.055078 0.110937
0 0.527930 0.332031 0.051953 0.109896
0 0.464062 0.332292 0.053906 0.107292
0 0.395703 0.328906 0.059375 0.115104
0 0.316406 0.338542 0.058594 0.092708
0 0.710742 0.497656 0.045703 0.095312
0 0.019141 0.307292 0.038281 0.138542
0 0.153906 0.307552 0.042969 0.131771
0 0.108789 0.308073 0.043359 0.136979
0 0.128906 0.060677 0.078125 0.120313
0 0.225195 0.178646 0.083984 0.141667
0 0.667773 0.348698 0.052734 0.107813
0 0.332422 0.173698 0.064062 0.131771
0 0.408594 0.159375 0.053125 0.127083
0 0.661914 0.502083 0.045703 0.101042
0 0.607031 0.466406 0.046094 0.091146
0 0.557227 0.480469 0.048047 0.086979
0 0.530078 0.159896 0.041406 0.087500
0 0.307422 0.035156 0.067969 0.069271
0 0.727344 0.333073 0.050000 0.106771
