0 0.173815 0.376072 0.060049 0.056066
0 0.419118 0.386183 0.058824 0.067096
0 0.475899 0.378217 0.036765 0.056066
0 0.528391 0.391085 0.065768 0.074449
0 0.973448 0.719363 0.053105 0.042279
0 0.275940 0.265931 0.053513 0.060662
0 0.222222 0.269148 0.043301 0.060355
0 0.337827 0.372549 0.053922 0.046569
0 0.283292 0.371630 0.051879 0.042892
0 0.368464 0.267463 0.035948 0.054534
0 0.409109 0.278033 0.032271 0.064032
0 0.445057 0.272978 0.034722 0.068015
0 0.492647 0.270221 0.057190 0.071691
0 0.546569 0.270067 0.048203 0.064645
0 0.645425 0.272365 0.053922 0.083333
0 0.717116 0.287531 0.061683 0.101409
0 0.800449 0.277880 0.048611 0.094363
0 0.021446 0.379289 0.036356 0.060049
0 0.306781 0.771293 0.035948 0.020527
0 0.381536 0.794118 0.037582 0.033088
0 0.303717 0.802543 0.048611 0.035846
0 0.063725 0.379136 0.042484 0.059743
0 0.114992 0.388174 0.050245 0.066176
0 0.107843 0.842831 0.051471 0.009804
0 0.229167 0.376225 0.048203 0.052083
0 0.166871 0.271752 0.052696 0.055760
0 0.043505 0.270680 0.042892 0.091605
0 0.816993 0.148744 0.056373 0.067708
0 0.899918 0.717371 0.083333 0.049939
0 0.976716 0.610141 0.037582 0.079350
0 0.937500 0.606924 0.035131 0.070466
0 0.898693 0.610600 0.033497 0.068627
0 0.936683 0.375460 0.052288 0.050551
0 0.559845 0.117188 0.040441 0.144301
0 0.515114 0.140165 0.045752 0.098958
0 0.455065 0.136029 0.071078 0.106618
0 0.378881 0.140778 0.073121 0.103860
0 0.301879 0.144914 0.073529 0.107843
0 0.229371 0.170650 0.079657 0.061887
0 0.133578 0.148591 0.093954 0.100490
0 0.069444 0.159467 0.031863 0.084865
0 0.037377 0.160080 0.024101 0.087929
0 0.947917 0.312653 0.059232 0.066483
0 0.718546 0.876685 0.045752 0.051777
0 0.256127 0.830270 0.039216 0.027574
0 0.377859 0.855392 0.035948 0.037377
0 0.419730 0.831801 0.046977 0.025735
0 0.575572 0.890931 0.043301 0.042279
0 0.555147 0.845435 0.056373 0.036458
0 0.491422 0.813572 0.035948 0.032169
0 0.486724 0.843290 0.045343 0.024816
0 0.452206 0.796109 0.026961 0.030331
0 0.420343 0.799020 0.032680 0.040441
0 0.646855 0.386336 0.053513 0.076593
0 0.371528 0.764093 0.033088 0.018382
0 0.088031 0.271906 0.040441 0.091605
0 0.708538 0.389246 0.056781 0.075674
0 0.590686 0.384191 0.042484 0.069853
0 0.029208 0.448529 0.048611 0.063725
0 0.784926 0.402267 0.058415 0.082721
0 0.327206 0.719975 0.042484 0.052696
0 0.284518 0.713082 0.032271 0.062806
0 0.235090 0.720435 0.050245 0.060968
0 0.738562 0.678156 0.040033 0.092218
0 0.697100 0.676471 0.040441 0.096201
0 0.650123 0.668505 0.046977 0.091912
0 0.595180 0.663909 0.051471 0.081495
0 0.535539 0.672641 0.051471 0.062194
0 0.480392 0.653952 0.049020 0.062806
0 0.429943 0.649816 0.042892 0.064338
0 0.371936 0.626991 0.046160 0.065870
0 0.323325 0.619179 0.040441 0.057598
0 0.278799 0.611366 0.042892 0.047488
0 0.231413 0.607996 0.037173 0.058517
0 0.034518 0.771140 0.043709 0.013480
0 0.749796 0.749847 0.057598 0.043811
0 0.681577 0.755362 0.050245 0.061581
0 0.619690 0.757047 0.055556 0.070466
0 0.989788 0.906403 0.019608 0.087316
0 0.967933 0.914675 0.016748 0.063419
0 0.941993 0.916513 0.025327 0.055453
0 0.876838 0.912071 0.087010 0.079657
0 0.969363 0.796875 0.061275 0.031863
0 0.890727 0.789369 0.068219 0.028493
0 0.971814 0.761489 0.056373 0.036458
0 0.175449 0.649969 0.051062 0.087929
0 0.614788 0.134191 0.065359 0.104779
0 0.683619 0.168352 0.070670 0.032169
0 0.752451 0.147365 0.064542 0.069853
0 0.751021 0.077972 0.088644 0.063419
0 0.420343 0.731464 0.042484 0.066483
0 0.468342 0.746324 0.040441 0.070466
0 0.514093 0.745404 0.030637 0.082721
0 0.562092 0.755821 0.057190 0.082108
0 0.662377 0.122855 0.027369 0.058824
0 0.124387 0.643689 0.033088 0.101716
0 0.375204 0.722580 0.033905 0.051164
0 0.027165 0.639246 0.052696 0.123468
0 0.489992 0.481771 0.055147 0.059130
0 0.038603 0.784007 0.048611 0.012868
0 0.040645 0.798560 0.049428 0.013787
0 0.044322 0.824449 0.051062 0.011029
0 0.092729 0.634957 0.021242 0.093444
0 0.049224 0.837316 0.051062 0.012868
0 0.093954 0.796415 0.052288 0.014400
0 0.430147 0.472273 0.049020 0.052390
0 0.380310 0.472886 0.044118 0.053615
0 0.335376 0.477635 0.042484 0.044118
0 0.284109 0.467525 0.053513 0.047181
0 0.243873 0.454044 0.023693 0.046569
0 0.195670 0.460172 0.044118 0.053922
0 0.103554 0.810202 0.055964 0.010723
0 0.100286 0.830423 0.049428 0.011336
0 0.146038 0.452665 0.049428 0.051164
0 0.083538 0.450674 0.060049 0.053922
0 0.547386 0.487898 0.056373 0.071385
0 0.600899 0.497702 0.046569 0.072610
0 0.892974 0.759344 0.071895 0.031556
0 0.211806 0.547488 0.025735 0.022672
0 0.434028 0.575368 0.053513 0.061887
0 0.289216 0.562806 0.035948 0.046569
0 0.383987 0.562653 0.035948 0.034007
0 0.336806 0.564185 0.048611 0.044424
0 0.660539 0.497243 0.052288 0.075980
0 0.610294 0.586091 0.031046 0.055147
0 0.556373 0.576440 0.055556 0.049939
0 0.246324 0.550705 0.041667 0.029105
0 0.501225 0.572151 0.049020 0.043811
0 0.084150 0.551930 0.054739 0.045650
0 0.772059 0.498315 0.061275 0.073836
0 0.716095 0.498162 0.049837 0.075368
0 0.658701 0.589614 0.029820 0.064645
0 0.690564 0.589308 0.030637 0.059130
0 0.723652 0.590993 0.030637 0.052696
0 0.774306 0.585631 0.046160 0.035233
0 0.137663 0.555147 0.048203 0.052083
