0 0.896618 0.636899 0.028682 0.046875
0 0.858947 0.638101 0.018408 0.046875
0 0.833904 0.637380 0.017979 0.040625
0 0.809932 0.638341 0.023116 0.042548
0 0.784247 0.638101 0.024829 0.044471
0 0.757277 0.638822 0.027397 0.045913
0 0.891053 0.716707 0.026113 0.057452
0 0.865582 0.718750 0.020548 0.059615
0 0.786173 0.722476 0.028682 0.059856
0 0.814854 0.721394 0.028682 0.059615
0 0.755137 0.721034 0.031678 0.063702
0 0.476884 0.818149 0.088185 0.085817
0 0.375642 0.832572 0.098031 0.096394
0 0.131635 0.831250 0.116010 0.098558
0 0.029324 0.875601 0.058647 0.065625
0 0.029752 0.800000 0.059503 0.081731
0 0.589255 0.716707 0.096318 0.103125
0 0.840539 0.720192 0.022688 0.057212
0 0.265625 0.841106 0.114298 0.101923
0 0.316567 0.572716 0.077483 0.035337
0 0.523545 0.511538 0.054795 0.050481
0 0.108947 0.365144 0.046661 0.055769
0 0.058005 0.345192 0.042380 0.091827
0 0.016267 0.363341 0.032534 0.057933
0 0.015839 0.305048 0.031678 0.057212
0 0.633134 0.305529 0.069349 0.046635
0 0.635274 0.255649 0.069349 0.045913
0 0.314426 0.614663 0.081764 0.045673
0 0.551370 0.254567 0.073630 0.043750
0 0.553510 0.302043 0.069349 0.049279
0 0.239940 0.585697 0.062928 0.084375
0 0.391267 0.300481 0.071918 0.041346
0 0.315497 0.302764 0.071062 0.041106
0 0.240154 0.299038 0.071918 0.043269
0 0.394692 0.255649 0.069349 0.043510
0 0.316139 0.256370 0.072346 0.042548
0 0.238014 0.255769 0.071918 0.041346
0 0.087971 0.242188 0.167380 0.053125
0 0.629067 0.120313 0.114298 0.055048
0 0.629281 0.183293 0.106164 0.066106
0 0.509418 0.186899 0.103596 0.055048
0 0.509632 0.128005 0.112586 0.058894
0 0.414598 0.140625 0.032962 0.042788
0 0.415882 0.188702 0.063784 0.049519
0 0.350171 0.187620 0.054795 0.047356
0 0.354880 0.132452 0.065068 0.060096
0 0.255351 0.179808 0.118579 0.056731
0 0.259632 0.116947 0.115154 0.064183
0 0.104024 0.110697 0.142979 0.083894
0 0.015197 0.567428 0.030394 0.096394
0 0.158604 0.366947 0.047517 0.057452
0 0.239726 0.359375 0.067637 0.039904
0 0.471747 0.287861 0.077911 0.073317
0 0.114298 0.564663 0.154966 0.087981
0 0.579195 0.500240 0.051370 0.066827
0 0.437072 0.517668 0.085616 0.035337
0 0.485231 0.718990 0.104880 0.098558
0 0.237800 0.402284 0.067209 0.043029
0 0.262628 0.725481 0.100599 0.102404
0 0.041310 0.679327 0.082620 0.101923
0 0.614726 0.628486 0.069349 0.036779
0 0.615582 0.575240 0.071062 0.054327
0 0.599101 0.450000 0.083476 0.028365
0 0.542594 0.586058 0.063784 0.038942
0 0.544092 0.623798 0.066781 0.032212
0 0.472603 0.624279 0.071062 0.033173
0 0.470462 0.585817 0.066781 0.038462
0 0.396190 0.620793 0.073202 0.026202
0 0.370505 0.504447 0.042380 0.063702
0 0.371575 0.724399 0.106164 0.104567
0 0.241010 0.506611 0.069349 0.063702
0 0.315711 0.508413 0.059503 0.058173
0 0.312500 0.356731 0.069349 0.050481
0 0.312500 0.403606 0.073630 0.041346
0 0.392123 0.404087 0.073630 0.046635
0 0.394264 0.354808 0.069349 0.049038
0 0.460830 0.384856 0.047517 0.086058
0 0.519906 0.385216 0.055223 0.084856
0 0.394906 0.584856 0.079195 0.041346
0 0.638485 0.385337 0.047517 0.082692
0 0.123716 0.463101 0.125856 0.033413
0 0.028682 0.474038 0.057363 0.031250
0 0.059717 0.505048 0.115154 0.022115
0 0.124572 0.487380 0.122432 0.011298
0 0.589255 0.385216 0.043236 0.084856
0 0.155822 0.504327 0.071062 0.013462
