0 0.384395 0.509344 0.047386 0.079350
0 0.448529 0.394761 0.036765 0.075674
0 0.409926 0.410539 0.037173 0.044118
0 0.487541 0.392463 0.041258 0.072304
0 0.523489 0.393689 0.031454 0.068627
0 0.558619 0.390472 0.036356 0.065257
0 0.595384 0.388480 0.037173 0.066789
0 0.638889 0.388787 0.038399 0.071078
0 0.343342 0.509498 0.033905 0.077206
0 0.431373 0.508578 0.039216 0.081495
0 0.368873 0.856311 0.044935 0.101103
0 0.521038 0.502451 0.034722 0.081495
0 0.565359 0.497549 0.045752 0.078431
0 0.604575 0.496936 0.031046 0.076593
0 0.421160 0.841605 0.055556 0.099265
0 0.324142 0.856924 0.040441 0.105392
0 0.232435 0.837316 0.053105 0.087623
0 0.180556 0.841912 0.043301 0.087010
0 0.135621 0.844056 0.043301 0.079657
0 0.090278 0.852022 0.041667 0.082108
0 0.044118 0.852635 0.047386 0.081495
0 0.368873 0.414675 0.036765 0.048100
0 0.472222 0.843137 0.039216 0.112132
0 0.332721 0.414062 0.037173 0.051164
0 0.830882 0.277727 0.031046 0.053002
0 0.944240 0.273744 0.033088 0.054841
0 0.799020 0.579197 0.028595 0.066483
0 0.827614 0.581955 0.028595 0.062194
0 0.855392 0.578585 0.026961 0.059130
0 0.888480 0.577972 0.035948 0.060968
0 0.920752 0.576746 0.026961 0.064645
0 0.946487 0.577053 0.025327 0.062806
0 0.991422 0.668811 0.017157 0.053922
0 0.975899 0.571538 0.026961 0.054228
0 0.520425 0.836397 0.053922 0.113358
0 0.857026 0.467525 0.026144 0.060662
0 0.886029 0.470588 0.031046 0.055760
0 0.919526 0.468750 0.028595 0.056985
0 0.948121 0.469056 0.024510 0.055760
0 0.979167 0.468444 0.037582 0.053309
0 0.793913 0.471507 0.033905 0.062500
0 0.881127 0.365809 0.029412 0.052696
0 0.965278 0.669118 0.034314 0.053922
0 0.910131 0.669730 0.026144 0.058211
0 0.825163 0.675551 0.031863 0.061887
0 0.793096 0.675551 0.032271 0.060662
0 0.986315 0.757200 0.027369 0.058517
0 0.957108 0.758425 0.030229 0.060968
0 0.927288 0.759038 0.027778 0.059130
0 0.898693 0.764553 0.027778 0.067096
0 0.933824 0.670343 0.024510 0.056985
0 0.867647 0.766085 0.035131 0.064032
0 0.796977 0.769148 0.032680 0.073223
0 0.653186 0.823836 0.038399 0.101716
0 0.611928 0.827819 0.037582 0.111520
0 0.568015 0.831189 0.042892 0.114583
0 0.852941 0.675551 0.026144 0.060662
0 0.882761 0.674939 0.028595 0.063113
0 0.831291 0.770987 0.035948 0.069547
0 0.973652 0.272365 0.030637 0.052083
0 0.908497 0.367341 0.026961 0.048407
0 0.966503 0.370404 0.024510 0.048407
0 0.383170 0.275582 0.049020 0.113664
0 0.432190 0.276195 0.044935 0.114277
0 0.479167 0.270067 0.040850 0.108762
0 0.521650 0.272212 0.040033 0.106924
0 0.563521 0.271906 0.037990 0.109375
0 0.604984 0.274357 0.044118 0.105699
0 0.333538 0.281403 0.042892 0.113051
0 0.653186 0.272518 0.042484 0.107537
0 0.882966 0.176471 0.061683 0.053922
0 0.947100 0.176777 0.063317 0.056985
0 0.804739 0.276961 0.023693 0.055147
0 0.860294 0.273438 0.024510 0.051164
0 0.885825 0.273284 0.026552 0.052696
0 0.913603 0.274357 0.024918 0.053002
0 0.820261 0.174632 0.062908 0.058824
0 0.937908 0.367647 0.028595 0.053309
0 0.292892 0.282935 0.039216 0.109988
0 0.140931 0.253523 0.045752 0.081801
0 0.990400 0.367953 0.019199 0.050858
0 0.305147 0.155944 0.039216 0.091912
0 0.347835 0.164828 0.038807 0.074142
0 0.388889 0.169730 0.040033 0.082721
0 0.437092 0.166054 0.050654 0.083946
0 0.486928 0.160846 0.044118 0.086397
0 0.187908 0.256281 0.041667 0.077512
0 0.533088 0.163603 0.038399 0.076593
0 0.056781 0.131740 0.052288 0.061887
0 0.101103 0.132966 0.034722 0.061275
0 0.143791 0.135110 0.043301 0.065564
0 0.185458 0.136642 0.036765 0.063113
0 0.036356 0.263021 0.052288 0.091605
0 0.092525 0.259651 0.054330 0.092218
0 0.672794 0.163297 0.044935 0.075980
0 0.827206 0.471201 0.031863 0.063725
0 0.477941 0.506281 0.042484 0.082414
0 0.190155 0.741268 0.046160 0.066483
0 0.200163 0.371170 0.053922 0.104473
0 0.148693 0.371783 0.049020 0.104473
0 0.104371 0.372089 0.037173 0.102635
0 0.052696 0.373009 0.064542 0.106924
0 0.215891 0.487745 0.052696 0.101103
0 0.160743 0.496630 0.044526 0.094363
0 0.017157 0.603094 0.034314 0.083640
0 0.219158 0.628983 0.042892 0.071691
0 0.165237 0.619179 0.041258 0.091299
0 0.117034 0.614737 0.046160 0.094669
0 0.135212 0.731464 0.046569 0.068321
0 0.235703 0.742953 0.039216 0.063725
0 0.070670 0.616115 0.043301 0.094363
0 0.031454 0.749540 0.046569 0.079963
0 0.645425 0.702819 0.043301 0.078431
0 0.084150 0.749081 0.033497 0.066789
0 0.564338 0.705882 0.035539 0.084559
0 0.646242 0.495098 0.040850 0.080270
0 0.391544 0.616268 0.041258 0.076287
0 0.437704 0.611979 0.047794 0.084865
0 0.478350 0.607690 0.031046 0.080576
0 0.515931 0.596814 0.032680 0.078431
0 0.601920 0.704657 0.037990 0.077206
0 0.594158 0.592678 0.034722 0.080576
0 0.557598 0.604013 0.034314 0.079350
0 0.353145 0.729933 0.041258 0.077512
0 0.396242 0.728554 0.042484 0.080882
0 0.434436 0.706648 0.033088 0.070772
0 0.467729 0.698223 0.026144 0.065564
0 0.514093 0.713695 0.037173 0.060355
0 0.647059 0.598652 0.038399 0.080882
