0 0.397876 0.490502 0.068627 0.080270
0 0.319444 0.478094 0.078431 0.109375
0 0.255923 0.493719 0.051062 0.064645
0 0.197304 0.494945 0.066176 0.072610
0 0.120507 0.500919 0.068627 0.065564
0 0.063317 0.603401 0.069444 0.084252
0 0.064338 0.494026 0.038807 0.070772
0 0.165645 0.606464 0.062500 0.092831
0 0.217933 0.608609 0.036356 0.088542
0 0.269404 0.605852 0.065768 0.090993
0 0.479575 0.490962 0.056373 0.076900
0 0.370302 0.596354 0.091912 0.091605
0 0.114583 0.449295 0.064134 0.034007
0 0.535131 0.490043 0.054739 0.075061
0 0.807598 0.364430 0.069444 0.084865
0 0.660335 0.487286 0.057598 0.077512
0 0.453023 0.596507 0.074346 0.088235
0 0.330882 0.371936 0.066176 0.074142
0 0.401552 0.367800 0.065359 0.081189
0 0.472018 0.368260 0.075572 0.085172
0 0.540237 0.368260 0.056781 0.080270
0 0.602941 0.367800 0.060458 0.081189
0 0.667484 0.367034 0.062908 0.082721
0 0.736315 0.363664 0.073938 0.088235
0 0.881536 0.367034 0.046569 0.079657
0 0.940564 0.364737 0.066585 0.084252
0 0.967933 0.479320 0.062500 0.093444
0 0.897059 0.486520 0.077614 0.079044
0 0.831087 0.486520 0.050245 0.080270
0 0.775940 0.487745 0.058415 0.082721
0 0.718546 0.485754 0.055556 0.078738
0 0.601716 0.488664 0.060458 0.081495
0 0.530025 0.603401 0.060866 0.084252
0 0.157884 0.720588 0.034722 0.086397
0 0.676062 0.599418 0.055556 0.094669
0 0.119485 0.721661 0.042075 0.085478
0 0.073734 0.723805 0.044526 0.093444
0 0.026757 0.724571 0.048611 0.088848
0 0.033292 0.820159 0.066585 0.062500
0 0.098856 0.821385 0.058824 0.060662
0 0.180556 0.816023 0.043301 0.054228
0 0.265931 0.323529 0.059641 0.028799
0 0.219975 0.820159 0.032271 0.047794
0 0.292892 0.816483 0.031046 0.049020
0 0.496528 0.816023 0.042892 0.065257
0 0.550041 0.813725 0.064134 0.064951
0 0.657271 0.814491 0.046569 0.062194
0 0.703840 0.816023 0.045752 0.063419
0 0.754902 0.833487 0.058007 0.027267
0 0.256332 0.820466 0.031454 0.047794
0 0.605188 0.594516 0.081291 0.095282
0 0.199346 0.718444 0.049837 0.094975
0 0.296364 0.726103 0.035539 0.082108
0 0.745098 0.595588 0.083333 0.102328
0 0.815155 0.599112 0.052696 0.095282
0 0.890114 0.594669 0.088235 0.103554
0 0.966912 0.602022 0.062092 0.089461
0 0.917075 0.719669 0.074346 0.086397
0 0.847426 0.713082 0.066585 0.074449
0 0.251225 0.717218 0.048203 0.094363
0 0.780842 0.727941 0.060866 0.057598
0 0.651348 0.723805 0.055147 0.074449
0 0.605801 0.727175 0.035948 0.065257
0 0.568219 0.728401 0.037582 0.065257
0 0.536560 0.721661 0.024101 0.085478
0 0.506944 0.719669 0.030229 0.087623
0 0.445670 0.728860 0.079248 0.068015
0 0.714869 0.733303 0.062908 0.059130
0 0.263276 0.373775 0.061683 0.072304
0 0.894812 0.914216 0.045343 0.091299
0 0.199959 0.329504 0.061683 0.029105
0 0.902574 0.024816 0.092729 0.040441
0 0.905025 0.065257 0.094363 0.035539
0 0.901552 0.106005 0.094771 0.037990
0 0.936887 0.243566 0.063317 0.089461
0 0.847018 0.243107 0.067402 0.088542
0 0.904003 0.184130 0.062908 0.026348
0 0.796977 0.030178 0.089052 0.037684
0 0.772263 0.247855 0.057598 0.082108
0 0.659722 0.247243 0.054739 0.083333
0 0.201797 0.377451 0.053105 0.063725
0 0.540645 0.247243 0.055964 0.086397
0 0.483252 0.250306 0.057190 0.081495
0 0.424837 0.246783 0.059641 0.087316
0 0.771038 0.176624 0.069853 0.038297
0 0.715686 0.248009 0.057190 0.083027
0 0.524306 0.188725 0.073938 0.029412
0 0.803513 0.067402 0.097222 0.036152
0 0.724265 0.087623 0.053922 0.075368
0 0.063521 0.079657 0.065768 0.091912
0 0.131127 0.103248 0.066176 0.044118
0 0.131944 0.056526 0.066176 0.049326
0 0.132761 0.016238 0.069444 0.031863
0 0.203023 0.077512 0.075980 0.093750
0 0.266748 0.075827 0.048203 0.095895
0 0.803513 0.105852 0.093954 0.041973
0 0.324755 0.083793 0.058007 0.081801
0 0.438317 0.086091 0.053105 0.078431
0 0.491830 0.071844 0.049837 0.106924
0 0.532680 0.083180 0.029412 0.084252
0 0.568627 0.077819 0.040033 0.094363
0 0.613154 0.071385 0.048203 0.107843
0 0.671773 0.090686 0.051062 0.068015
0 0.383170 0.081801 0.057190 0.083946
0 0.343954 0.246170 0.086601 0.100797
0 0.600082 0.247549 0.063725 0.085172
0 0.049632 0.239430 0.099265 0.105699
0 0.766136 0.913143 0.045343 0.094056
0 0.811683 0.923254 0.044118 0.081801
0 0.853145 0.916207 0.038807 0.090993
0 0.966912 0.909773 0.066176 0.097733
0 0.354984 0.176471 0.081699 0.038603
0 0.951797 0.831955 0.060458 0.027267
0 0.721201 0.912990 0.046160 0.094975
0 0.886846 0.801471 0.061275 0.033088
0 0.826593 0.801164 0.059232 0.033701
0 0.824346 0.831495 0.058824 0.031250
0 0.756332 0.802543 0.056781 0.034007
0 0.061683 0.167586 0.098856 0.037990
0 0.023284 0.371783 0.046569 0.073836
0 0.088644 0.356311 0.083333 0.104167
0 0.887663 0.832721 0.062908 0.028799
0 0.671364 0.915135 0.047794 0.093137
0 0.951185 0.800858 0.059232 0.034314
0 0.568423 0.899663 0.049428 0.075061
0 0.623570 0.897978 0.045343 0.074142
0 0.221405 0.236213 0.104575 0.108456
0 0.287786 0.247243 0.029003 0.086397
0 0.976103 0.084099 0.047794 0.082414
0 0.033088 0.929688 0.052288 0.082414
0 0.074755 0.924173 0.030229 0.083640
0 0.114175 0.926624 0.044526 0.085478
0 0.135417 0.248775 0.066585 0.086397
0 0.198325 0.909314 0.031454 0.077206
0 0.236520 0.929534 0.044935 0.088235
0 0.283292 0.925245 0.049428 0.079044
0 0.332516 0.914062 0.044118 0.100184
0 0.381127 0.913756 0.049020 0.098958
0 0.434028 0.914369 0.049428 0.100797
0 0.159518 0.922488 0.043709 0.083333
