0 0.785131 0.720895 0.088235 0.060662
0 0.706699 0.723192 0.061275 0.067096
0 0.655637 0.733915 0.037582 0.057904
0 0.585580 0.744485 0.096814 0.048407
0 0.581087 0.704963 0.097631 0.018995
0 0.481209 0.733609 0.102941 0.096507
0 0.406658 0.748621 0.045343 0.065870
0 0.328636 0.752298 0.041258 0.075674
0 0.906250 0.577053 0.046160 0.104473
0 0.281250 0.754289 0.050245 0.076593
0 0.227533 0.752451 0.057190 0.090074
0 0.071078 0.750460 0.123366 0.109988
0 0.987337 0.571844 0.025327 0.094056
0 0.952614 0.575827 0.040850 0.097120
0 0.367647 0.751991 0.033497 0.071998
0 0.167688 0.773744 0.060866 0.061581
0 0.540237 0.865349 0.082108 0.112439
0 0.923203 0.690717 0.035948 0.092218
0 0.806373 0.607843 0.035948 0.056985
0 0.984273 0.813879 0.031454 0.113664
0 0.949551 0.825061 0.041258 0.105392
0 0.900531 0.840074 0.056781 0.094975
0 0.838848 0.847580 0.066585 0.090993
0 0.730596 0.864890 0.055147 0.073529
0 0.676266 0.863817 0.056781 0.094669
0 0.616217 0.867800 0.056781 0.107537
0 0.462010 0.881587 0.067810 0.083027
0 0.398693 0.899357 0.054739 0.113664
0 0.328227 0.921262 0.091095 0.082108
0 0.237541 0.921722 0.077206 0.080576
0 0.141136 0.931679 0.102533 0.119485
0 0.045956 0.940104 0.085376 0.119792
0 0.975286 0.687040 0.045343 0.084865
0 0.871324 0.712929 0.080882 0.056373
0 0.770425 0.606005 0.036765 0.064951
0 0.772876 0.175858 0.044935 0.119485
0 0.685662 0.609375 0.037990 0.064951
0 0.672998 0.338388 0.019199 0.043811
0 0.702410 0.336397 0.039624 0.037990
0 0.748162 0.327512 0.027369 0.081495
0 0.787786 0.329810 0.049428 0.067708
0 0.844975 0.328585 0.043709 0.076900
0 0.881536 0.331342 0.025327 0.071998
0 0.918505 0.331495 0.042075 0.072917
0 0.645425 0.327512 0.033497 0.064951
0 0.959763 0.330116 0.039624 0.074449
0 0.112132 0.415135 0.060049 0.074755
0 0.174428 0.415901 0.061275 0.083027
0 0.230392 0.415594 0.053105 0.087316
0 0.282067 0.412684 0.049428 0.091912
0 0.332516 0.413297 0.061275 0.087010
0 0.385417 0.414216 0.044526 0.083946
0 0.431373 0.412071 0.050654 0.084559
0 0.059436 0.413450 0.049428 0.078125
0 0.481005 0.414828 0.048611 0.077819
0 0.613358 0.340074 0.029003 0.042892
0 0.551266 0.303922 0.031454 0.100490
0 0.811683 0.177390 0.034314 0.117034
0 0.840278 0.193168 0.027778 0.092218
0 0.891953 0.198836 0.030637 0.091912
0 0.925858 0.195619 0.041258 0.097120
0 0.957312 0.201440 0.019199 0.099571
0 0.984273 0.205729 0.031454 0.093444
0 0.025327 0.275276 0.044118 0.128983
0 0.582516 0.341146 0.024510 0.042586
0 0.078023 0.277420 0.061275 0.122855
0 0.193423 0.285080 0.045343 0.117341
0 0.245098 0.301930 0.063725 0.089767
0 0.302696 0.305147 0.062092 0.086397
0 0.365605 0.293199 0.058007 0.117034
0 0.417688 0.296415 0.045343 0.108762
0 0.472835 0.294271 0.051879 0.126532
0 0.519199 0.299020 0.033497 0.110294
0 0.138685 0.282016 0.059232 0.127757
0 0.517157 0.424173 0.035948 0.064032
0 0.555147 0.414675 0.042484 0.080576
0 0.589257 0.465380 0.034722 0.044730
0 0.864788 0.483762 0.042484 0.010417
0 0.912173 0.484375 0.042484 0.011642
0 0.914828 0.447457 0.056781 0.018076
0 0.906863 0.466912 0.044118 0.014093
0 0.953431 0.463082 0.030229 0.049326
0 0.981209 0.453278 0.025327 0.067096
0 0.073938 0.526961 0.112745 0.044730
0 0.861520 0.462163 0.039216 0.023591
0 0.200776 0.518229 0.129493 0.041360
0 0.077410 0.629596 0.129493 0.095588
0 0.168096 0.632659 0.055147 0.087623
0 0.242647 0.644301 0.062092 0.051471
0 0.310866 0.633119 0.075163 0.053002
0 0.408497 0.623775 0.106209 0.067402
0 0.519199 0.624847 0.109477 0.065257
0 0.614583 0.620558 0.078840 0.060968
0 0.376021 0.512408 0.186683 0.053002
0 0.027574 0.126685 0.051879 0.097120
0 0.095792 0.126225 0.074755 0.098039
0 0.155842 0.124540 0.039624 0.116115
0 0.631944 0.450214 0.044118 0.080576
0 0.711397 0.454350 0.029820 0.079044
0 0.745302 0.443627 0.040441 0.098652
0 0.782680 0.452665 0.029412 0.075674
0 0.807598 0.460478 0.019608 0.060049
0 0.829861 0.466912 0.026552 0.054534
0 0.679943 0.174632 0.042075 0.112132
0 0.623162 0.165748 0.048611 0.106618
0 0.582108 0.167586 0.033497 0.105392
0 0.544118 0.162837 0.039216 0.089154
0 0.501634 0.156863 0.036765 0.112132
0 0.455065 0.164062 0.050654 0.086703
0 0.406454 0.166360 0.039216 0.081495
0 0.368873 0.167433 0.035948 0.065870
0 0.325572 0.150582 0.047386 0.097120
0 0.264502 0.142310 0.048611 0.097120
0 0.206087 0.137408 0.051879 0.118566
0 0.726716 0.168199 0.044118 0.101716
0 0.728350 0.606005 0.044118 0.063113
0 0.675654 0.454963 0.036765 0.071078
