0 0.098718 0.664904 0.060684 0.019231
0 0.117949 0.643029 0.049573 0.015385
0 0.942308 0.802524 0.029915 0.049279
0 0.737607 0.369351 0.076068 0.020433
0 0.658120 0.369351 0.077778 0.023798
0 0.572009 0.370192 0.072222 0.022115
0 0.497650 0.369351 0.071368 0.020433
0 0.410684 0.367548 0.076923 0.020192
0 0.709188 0.741587 0.026068 0.042788
0 0.734829 0.740745 0.019231 0.041106
0 0.833974 0.350120 0.089316 0.018029
0 0.760684 0.745192 0.025641 0.042788
0 0.562821 0.737139 0.021368 0.051683
0 0.538675 0.736779 0.025214 0.050962
0 0.287607 0.730649 0.042735 0.031490
0 0.321581 0.362139 0.085043 0.031010
0 0.227137 0.363942 0.094444 0.027404
0 0.138248 0.358774 0.084188 0.028125
0 0.055128 0.360577 0.077778 0.024519
0 0.593376 0.739663 0.031197 0.049519
0 0.032906 0.260697 0.058974 0.041106
0 0.833547 0.371154 0.075641 0.016827
0 0.090812 0.734615 0.046581 0.021635
0 0.372650 0.428966 0.077778 0.020433
0 0.448077 0.448558 0.067949 0.019712
0 0.381410 0.404928 0.076496 0.019471
0 0.540598 0.428966 0.080342 0.020433
0 0.526282 0.450841 0.083333 0.020913
0 0.606197 0.451923 0.069658 0.019231
0 0.688462 0.453125 0.067521 0.021635
0 0.237607 0.750240 0.051282 0.027404
0 0.685043 0.432091 0.080342 0.019471
0 0.942949 0.428966 0.069658 0.031010
0 0.922222 0.362380 0.066667 0.035337
0 0.981410 0.362740 0.037179 0.036058
0 0.934188 0.325601 0.064957 0.030048
0 0.212607 0.803005 0.065385 0.021394
0 0.137607 0.827404 0.057265 0.023077
0 0.079060 0.820192 0.055556 0.030288
0 0.826068 0.446514 0.066667 0.030048
0 0.365385 0.449159 0.076068 0.017548
0 0.118590 0.268990 0.083333 0.028846
0 0.211752 0.239784 0.083333 0.024760
0 0.510043 0.184976 0.044872 0.034375
0 0.513889 0.145313 0.058547 0.041587
0 0.405556 0.181611 0.053846 0.042067
0 0.335684 0.192668 0.067949 0.020913
0 0.190598 0.182572 0.079487 0.032933
0 0.093803 0.175000 0.072222 0.036058
0 0.884402 0.787380 0.029487 0.033413
0 0.572863 0.180529 0.048291 0.043269
0 0.952564 0.644351 0.050427 0.039663
0 0.917949 0.722716 0.038462 0.048317
0 0.862393 0.713702 0.036752 0.044712
0 0.820299 0.743029 0.042308 0.034615
0 0.349359 0.734014 0.056838 0.027644
0 0.416026 0.741226 0.049145 0.031010
0 0.982906 0.819952 0.034188 0.051442
0 0.464957 0.740986 0.050427 0.030529
0 0.962393 0.722837 0.037607 0.052404
0 0.210684 0.271394 0.081197 0.030288
0 0.691453 0.182692 0.041880 0.037019
0 0.800214 0.164663 0.047436 0.008173
0 0.361752 0.273918 0.062821 0.028125
0 0.289316 0.271875 0.064957 0.027404
0 0.300427 0.241827 0.068376 0.021635
0 0.533120 0.275120 0.084188 0.026683
0 0.438462 0.277284 0.087179 0.027644
0 0.715812 0.277885 0.077778 0.028846
0 0.623077 0.279087 0.077778 0.024038
0 0.743376 0.183413 0.055128 0.034615
0 0.851923 0.264423 0.041453 0.052404
0 0.929060 0.273678 0.047863 0.038221
0 0.981410 0.271875 0.037179 0.045673
0 0.960256 0.178726 0.033333 0.046875
0 0.917521 0.182332 0.037607 0.046875
0 0.989957 0.187260 0.015812 0.031731
0 0.858761 0.192428 0.042308 0.020433
0 0.805128 0.185697 0.050427 0.028606
0 0.786752 0.255288 0.066667 0.066346
0 0.241239 0.719351 0.045726 0.027163
0 0.285897 0.415625 0.077778 0.029808
0 0.209829 0.430288 0.047009 0.026442
0 0.505342 0.588822 0.048291 0.047837
0 0.587179 0.593029 0.038462 0.045192
0 0.652137 0.585938 0.040171 0.042067
0 0.702991 0.595673 0.039316 0.050481
0 0.746581 0.595673 0.035897 0.043269
0 0.792521 0.596995 0.044872 0.045913
0 0.839103 0.597596 0.041453 0.043750
0 0.371154 0.594231 0.029487 0.044231
0 0.971795 0.585817 0.056410 0.037981
0 0.976496 0.509014 0.047009 0.036298
0 0.976709 0.481731 0.034615 0.010577
0 0.907906 0.510216 0.071368 0.034856
0 0.919231 0.477043 0.080342 0.026202
0 0.846795 0.530048 0.050855 0.024038
0 0.793162 0.530769 0.052137 0.028846
0 0.176496 0.651923 0.058120 0.029327
0 0.888889 0.580168 0.058120 0.026683
0 0.235470 0.644712 0.053846 0.014904
0 0.404915 0.596034 0.032906 0.040625
0 0.333333 0.596154 0.037607 0.044231
0 0.818803 0.826442 0.039316 0.042788
0 0.782692 0.834255 0.031197 0.018510
0 0.752991 0.823678 0.029915 0.048317
0 0.687821 0.835577 0.085897 0.028365
0 0.607265 0.841466 0.052991 0.025721
0 0.607479 0.819832 0.059402 0.018510
0 0.523718 0.828365 0.072222 0.035577
0 0.447009 0.592308 0.040171 0.043750
0 0.438889 0.837620 0.075214 0.032452
0 0.352564 0.839904 0.070085 0.029808
0 0.274359 0.825361 0.060684 0.026202
0 0.047436 0.651322 0.036752 0.024760
0 0.096154 0.592187 0.051282 0.025721
0 0.032692 0.576683 0.045726 0.034135
0 0.120085 0.568389 0.053846 0.021394
0 0.282692 0.583774 0.032906 0.041106
0 0.442949 0.804087 0.070513 0.030769
0 0.277991 0.446755 0.080769 0.023317
0 0.232692 0.669832 0.054274 0.025721
0 0.351068 0.651442 0.047436 0.021154
0 0.623718 0.520553 0.047436 0.026683
0 0.576923 0.523077 0.036752 0.035096
0 0.526709 0.520793 0.045726 0.037740
0 0.476923 0.519832 0.048718 0.032452
0 0.423291 0.521755 0.044017 0.032452
0 0.370299 0.521875 0.047436 0.029327
0 0.198932 0.836298 0.051709 0.029808
0 0.673504 0.516106 0.044444 0.013942
0 0.306838 0.526923 0.048718 0.028365
0 0.201068 0.524399 0.049145 0.027163
0 0.152778 0.523918 0.042308 0.026202
0 0.107479 0.514663 0.028632 0.029327
0 0.068162 0.514303 0.039744 0.024760
0 0.026923 0.514423 0.041026 0.028846
0 0.129274 0.436178 0.072222 0.027644
0 0.042949 0.443630 0.073077 0.020913
0 0.265171 0.518149 0.036325 0.025240
0 0.279060 0.661779 0.025641 0.041827
0 0.685043 0.534736 0.047863 0.018990
0 0.678205 0.738942 0.028205 0.044712
0 0.382692 0.674159 0.039744 0.016106
0 0.325000 0.683894 0.046581 0.028365
0 0.418162 0.654327 0.059402 0.016346
0 0.466880 0.651803 0.041453 0.018510
0 0.442094 0.673197 0.062821 0.018029
0 0.529487 0.657933 0.058974 0.026923
0 0.576496 0.668630 0.017094 0.041106
0 0.729060 0.519231 0.040171 0.020192
0 0.618590 0.653005 0.055983 0.020913
0 0.674359 0.660697 0.039316 0.025240
0 0.738889 0.662861 0.040171 0.026202
0 0.798504 0.664303 0.056838 0.018029
0 0.783547 0.685457 0.058547 0.024279
0 0.880556 0.659495 0.073077 0.033894
0 0.627350 0.738582 0.022222 0.040144
0 0.652991 0.738822 0.022222 0.040625
0 0.609402 0.678005 0.050427 0.016587
0 0.040812 0.722957 0.017521 0.016106
