0 0.276442 0.471008 0.045192 0.095532
0 0.852564 0.724097 0.110897 0.124525
0 0.745032 0.734434 0.038141 0.090067
0 0.217308 0.468394 0.046795 0.099810
0 0.161378 0.466136 0.050962 0.102424
0 0.663301 0.471602 0.025321 0.087215
0 0.708654 0.737048 0.029487 0.088165
0 0.193109 0.592562 0.056090 0.098622
0 0.634776 0.739900 0.024038 0.079135
0 0.812179 0.330798 0.068590 0.100285
0 0.052244 0.466849 0.049359 0.101473
0 0.105609 0.466611 0.049679 0.103375
0 0.757051 0.331274 0.032692 0.101236
0 0.324519 0.735147 0.027885 0.095770
0 0.358333 0.734553 0.040385 0.097433
0 0.425641 0.738593 0.036538 0.096008
0 0.461538 0.740257 0.033333 0.092681
0 0.591987 0.472433 0.035897 0.088878
0 0.336058 0.471839 0.041346 0.092443
0 0.629167 0.471364 0.032692 0.086740
0 0.495513 0.737286 0.033974 0.093394
0 0.529968 0.736336 0.031731 0.095770
0 0.562660 0.732296 0.025962 0.092918
0 0.595032 0.733246 0.035577 0.094819
0 0.668109 0.742871 0.036218 0.085076
0 0.385897 0.469819 0.037821 0.090779
0 0.169712 0.208650 0.032372 0.103137
0 0.492147 0.470176 0.049679 0.093869
0 0.717628 0.466017 0.060897 0.102186
0 0.780449 0.461977 0.057051 0.101236
0 0.962500 0.723859 0.075000 0.119297
0 0.819231 0.865613 0.050641 0.081511
0 0.865865 0.847433 0.036859 0.073669
0 0.910256 0.876545 0.041667 0.093394
0 0.477724 0.596245 0.052885 0.089354
0 0.968910 0.866207 0.062179 0.111692
0 0.918109 0.465304 0.069551 0.107890
0 0.978686 0.467799 0.042628 0.093869
0 0.061859 0.593512 0.049359 0.098146
0 0.675962 0.878802 0.048718 0.093156
0 0.727564 0.881179 0.051282 0.088878
0 0.118590 0.593750 0.052564 0.098622
0 0.847276 0.463760 0.064423 0.107177
0 0.437500 0.468037 0.040385 0.096721
0 0.533814 0.595532 0.058654 0.090304
0 0.440545 0.868465 0.040064 0.082462
0 0.544551 0.471008 0.037821 0.090779
0 0.205288 0.207581 0.032372 0.103375
0 0.585417 0.886644 0.032372 0.087452
0 0.131090 0.211145 0.032692 0.100998
0 0.078365 0.206393 0.040064 0.105751
0 0.037660 0.209007 0.029808 0.108603
0 0.628205 0.889377 0.037179 0.028279
0 0.208974 0.869891 0.026282 0.104325
0 0.138301 0.868702 0.027244 0.082937
0 0.108333 0.870247 0.028846 0.078422
0 0.069872 0.876307 0.042949 0.091492
0 0.029327 0.880703 0.036218 0.082700
0 0.510417 0.865494 0.047115 0.083650
0 0.475481 0.863712 0.022756 0.087690
0 0.175000 0.875951 0.036538 0.095057
0 0.718750 0.333769 0.036859 0.099097
0 0.451763 0.336977 0.033654 0.100760
0 0.645353 0.333531 0.032372 0.100998
0 0.244391 0.593275 0.036218 0.097671
0 0.298558 0.595889 0.056731 0.091017
0 0.169391 0.334007 0.041346 0.101949
0 0.726282 0.592681 0.045513 0.091730
0 0.775801 0.591374 0.044551 0.093869
0 0.842147 0.588522 0.070192 0.105276
0 0.897596 0.586977 0.035577 0.097433
0 0.026923 0.743465 0.037821 0.086264
0 0.071635 0.736454 0.036218 0.089354
0 0.134936 0.335195 0.024359 0.099572
0 0.109615 0.735029 0.018590 0.086502
0 0.173718 0.736217 0.033974 0.091255
0 0.206891 0.735860 0.029167 0.092918
0 0.239744 0.734672 0.033333 0.095295
0 0.684135 0.335314 0.032372 0.099810
0 0.222436 0.333175 0.040385 0.100285
0 0.259295 0.334007 0.023718 0.104325
0 0.293590 0.334007 0.037179 0.106702
0 0.349038 0.339472 0.044872 0.096245
0 0.398718 0.338878 0.040385 0.097433
0 0.135737 0.736811 0.032372 0.090067
0 0.361058 0.595532 0.045833 0.087928
0 0.678686 0.595057 0.037500 0.089354
0 0.100000 0.336383 0.035256 0.101949
0 0.591667 0.593512 0.051282 0.088641
0 0.248397 0.209720 0.041026 0.098146
0 0.291186 0.212096 0.032372 0.102899
0 0.336218 0.208769 0.051282 0.103375
0 0.409135 0.215067 0.045192 0.094582
0 0.451282 0.216136 0.035897 0.099097
0 0.488301 0.214591 0.032372 0.093631
0 0.536699 0.213522 0.048397 0.093869
0 0.581731 0.214710 0.037821 0.093869
0 0.639103 0.593394 0.036538 0.088403
0 0.614744 0.219463 0.026282 0.083888
0 0.715385 0.205798 0.036538 0.104563
0 0.755128 0.203897 0.038462 0.110266
0 0.806731 0.201164 0.035256 0.109553
0 0.847596 0.201283 0.033013 0.109791
0 0.881250 0.202115 0.029167 0.109078
0 0.916827 0.211858 0.029167 0.088165
0 0.955769 0.211740 0.042308 0.080323
0 0.012660 0.333413 0.025321 0.100760
0 0.050801 0.333769 0.033654 0.101473
0 0.670513 0.207581 0.044231 0.103375
0 0.417308 0.594344 0.058333 0.092681
0 0.291667 0.733009 0.033333 0.099097
0 0.300000 0.873574 0.037179 0.077947
0 0.610096 0.334007 0.029808 0.101949
0 0.576122 0.333769 0.033013 0.099097
0 0.515705 0.338760 0.053846 0.095770
0 0.239263 0.872505 0.032372 0.080561
0 0.267468 0.873574 0.024038 0.077947
0 0.962981 0.327828 0.063141 0.104325
0 0.337179 0.872980 0.037179 0.079135
0 0.369231 0.872029 0.017308 0.081036
0 0.400160 0.871792 0.036859 0.079135
