0 0.467521 0.104447 0.040171 0.028125
0 0.429274 0.136779 0.038889 0.034615
0 0.616453 0.804688 0.085897 0.026202
0 0.436325 0.596995 0.041026 0.031971
0 0.398504 0.566947 0.028632 0.017548
0 0.429701 0.565625 0.033761 0.020192
0 0.488034 0.564183 0.052991 0.012019
0 0.471368 0.596755 0.026496 0.032452
0 0.498291 0.597236 0.027350 0.036298
0 0.533761 0.594111 0.035043 0.043990
0 0.588034 0.595313 0.035043 0.039183
0 0.623291 0.592308 0.031197 0.044231
0 0.668803 0.593510 0.029915 0.045192
0 0.705342 0.593870 0.022650 0.045913
0 0.729060 0.594351 0.023077 0.044471
0 0.779701 0.605649 0.073932 0.027644
0 0.861325 0.605649 0.076496 0.027644
0 0.941026 0.607812 0.075214 0.028606
0 0.044444 0.666106 0.059829 0.028846
0 0.100214 0.665986 0.051709 0.038221
0 0.183547 0.658894 0.051709 0.059615
0 0.274573 0.663221 0.055983 0.029808
0 0.395726 0.597716 0.040171 0.031010
0 0.338675 0.667668 0.065385 0.038702
0 0.110043 0.589784 0.053419 0.034375
0 0.965812 0.529327 0.039316 0.035096
0 0.707906 0.440505 0.073932 0.052163
0 0.768590 0.453486 0.045726 0.031010
0 0.809829 0.440385 0.035043 0.058173
0 0.850427 0.449760 0.043590 0.045673
0 0.926282 0.444351 0.051709 0.056490
0 0.175641 0.485337 0.058974 0.025481
0 0.254701 0.490865 0.062393 0.026923
0 0.184829 0.518149 0.060256 0.026683
0 0.247009 0.519952 0.064103 0.026923
0 0.314530 0.521274 0.066667 0.026202
0 0.324573 0.490625 0.046581 0.020192
0 0.387607 0.499399 0.075214 0.024760
0 0.470085 0.502163 0.080342 0.026923
0 0.389530 0.525000 0.073932 0.024038
0 0.472650 0.528606 0.079487 0.021635
0 0.551709 0.527524 0.076923 0.026202
0 0.626496 0.503005 0.071795 0.025240
0 0.626496 0.530288 0.065812 0.025000
0 0.926923 0.525962 0.035897 0.042308
0 0.039744 0.575601 0.073504 0.047837
0 0.639103 0.441106 0.056838 0.030769
0 0.461538 0.672596 0.057265 0.028846
0 0.581410 0.669351 0.050000 0.035337
0 0.538248 0.861178 0.038889 0.051202
0 0.616453 0.866707 0.034615 0.052644
0 0.654060 0.866707 0.040598 0.053606
0 0.698077 0.865264 0.043162 0.053125
0 0.741880 0.863822 0.044444 0.056010
0 0.851282 0.872476 0.062393 0.051202
0 0.907906 0.875962 0.040598 0.034135
0 0.945513 0.860697 0.032906 0.040625
0 0.249573 0.781490 0.074359 0.037019
0 0.336966 0.770793 0.077350 0.018990
0 0.338675 0.797716 0.080769 0.031010
0 0.524359 0.804567 0.085470 0.025481
0 0.695299 0.800000 0.071795 0.035577
0 0.766667 0.800481 0.070940 0.034615
0 0.893162 0.795793 0.071795 0.020433
0 0.067094 0.058894 0.094017 0.059615
0 0.062179 0.119231 0.095299 0.057692
0 0.057051 0.017308 0.109829 0.026442
0 0.172009 0.074760 0.051709 0.029327
0 0.494231 0.858894 0.046581 0.048558
0 0.528632 0.666106 0.059829 0.041827
0 0.451923 0.856611 0.038034 0.048798
0 0.259829 0.856851 0.043590 0.042548
0 0.640812 0.670673 0.054274 0.035096
0 0.725000 0.665986 0.056838 0.038221
0 0.798077 0.663942 0.042308 0.050481
0 0.834829 0.662139 0.033761 0.046875
0 0.034829 0.740264 0.067949 0.025721
0 0.029274 0.767067 0.055983 0.026923
0 0.105983 0.722596 0.063248 0.035577
0 0.162607 0.720793 0.050000 0.035817
0 0.220299 0.721875 0.067949 0.037500
0 0.363675 0.721995 0.085470 0.027644
0 0.433974 0.724279 0.056838 0.032212
0 0.488462 0.725361 0.047863 0.031490
0 0.533761 0.722596 0.043590 0.025962
0 0.700855 0.726803 0.070940 0.031010
0 0.775641 0.727764 0.077778 0.031490
0 0.920726 0.728486 0.069658 0.034375
0 0.033547 0.846394 0.067094 0.096154
0 0.097863 0.864904 0.052137 0.062019
0 0.213462 0.851202 0.042308 0.028365
0 0.358547 0.861538 0.057265 0.042308
0 0.542521 0.441346 0.041453 0.049519
0 0.288889 0.725601 0.061538 0.032452
0 0.371795 0.436538 0.043590 0.050481
0 0.393162 0.267188 0.052137 0.066587
0 0.494658 0.274639 0.043162 0.058894
0 0.551709 0.271154 0.047863 0.063942
0 0.592094 0.275361 0.031197 0.067067
0 0.653419 0.274159 0.045299 0.064663
0 0.695940 0.285096 0.038889 0.042788
0 0.324573 0.292548 0.081624 0.013942
0 0.696581 0.503846 0.062393 0.026923
0 0.691026 0.529808 0.061538 0.025000
0 0.798291 0.523197 0.030769 0.043029
0 0.829915 0.523918 0.030769 0.039183
0 0.860043 0.524760 0.028632 0.039904
0 0.891667 0.525000 0.034615 0.040385
0 0.746795 0.289062 0.042308 0.045913
0 0.755556 0.503005 0.054701 0.025240
0 0.783120 0.296635 0.029487 0.032692
0 0.324145 0.276683 0.085897 0.014423
0 0.159402 0.276562 0.049573 0.033894
0 0.494231 0.440264 0.048291 0.051683
0 0.468376 0.137500 0.039316 0.029808
0 0.513889 0.126803 0.047436 0.069952
0 0.567308 0.146394 0.050855 0.037981
0 0.613034 0.145673 0.032906 0.039904
0 0.682051 0.124159 0.096581 0.083894
0 0.250214 0.282572 0.064530 0.026202
0 0.759188 0.155288 0.050000 0.033173
0 0.835897 0.160577 0.025641 0.027404
0 0.862393 0.161538 0.027350 0.025481
0 0.902778 0.158654 0.050855 0.039904
0 0.964103 0.149038 0.071795 0.052885
0 0.102137 0.269712 0.060684 0.042788
0 0.751923 0.531250 0.060256 0.026923
0 0.804274 0.147236 0.037607 0.049279
0 0.810684 0.295553 0.027350 0.032933
0 0.742949 0.246154 0.040598 0.037500
0 0.855983 0.295553 0.023077 0.036298
0 0.149786 0.102404 0.075641 0.027404
0 0.517521 0.361538 0.042735 0.045673
0 0.561325 0.360938 0.032906 0.044471
0 0.601709 0.362139 0.045299 0.046875
0 0.660256 0.364663 0.035897 0.045673
0 0.705128 0.362981 0.045299 0.045192
0 0.752991 0.368510 0.026496 0.050000
0 0.835470 0.295793 0.019658 0.034375
0 0.777778 0.369111 0.024786 0.047837
0 0.880128 0.372837 0.051709 0.045673
0 0.929487 0.373798 0.041026 0.041346
0 0.974573 0.375120 0.050855 0.043990
0 0.097863 0.431010 0.041026 0.049038
0 0.142308 0.432332 0.047863 0.048317
0 0.194017 0.433413 0.043590 0.047596
0 0.234188 0.433894 0.043590 0.048558
0 0.826923 0.372356 0.047863 0.048077
0 0.219231 0.129447 0.031624 0.042548
0 0.160684 0.133293 0.074359 0.031010
0 0.214957 0.083534 0.034188 0.050721
0 0.897863 0.298798 0.029060 0.026442
0 0.251068 0.083534 0.038034 0.049279
0 0.306197 0.136659 0.055983 0.037740
0 0.366453 0.140385 0.055983 0.035577
0 0.364103 0.102404 0.046154 0.040385
0 0.427350 0.103846 0.040171 0.030288
0 0.302350 0.355409 0.042308 0.046394
0 0.261111 0.354567 0.040171 0.048077
0 0.254060 0.130048 0.038034 0.039904
0 0.040812 0.342308 0.058547 0.020192
0 0.044444 0.321755 0.059829 0.017548
0 0.971581 0.294351 0.056838 0.040144
0 0.926496 0.298197 0.026496 0.027644
