0 0.612745 0.113817 0.064542 0.117953
0 0.214461 0.091912 0.054739 0.128064
0 0.555964 0.111520 0.040850 0.122549
0 0.493260 0.107843 0.081291 0.120098
0 0.418913 0.107384 0.060866 0.121017
0 0.352737 0.105392 0.069036 0.117647
0 0.280637 0.105392 0.065359 0.117034
0 0.480596 0.267157 0.040441 0.067402
0 0.135825 0.104320 0.031454 0.108150
0 0.103350 0.137868 0.027778 0.038603
0 0.430556 0.249081 0.055556 0.102328
0 0.370915 0.249540 0.060458 0.102635
0 0.322712 0.293505 0.028595 0.071691
0 0.283905 0.269148 0.036765 0.109375
0 0.668301 0.121324 0.041667 0.110907
0 0.167688 0.126225 0.028186 0.068627
0 0.731005 0.115962 0.083742 0.120404
0 0.349469 0.852328 0.030637 0.096201
0 0.815359 0.122855 0.038399 0.116422
0 0.239992 0.279105 0.048611 0.091912
0 0.527165 0.841452 0.028186 0.079963
0 0.500817 0.827972 0.017157 0.058517
0 0.473856 0.854779 0.033497 0.093750
0 0.440564 0.854626 0.027369 0.092831
0 0.412377 0.851562 0.028186 0.095282
0 0.382761 0.853094 0.030229 0.094669
0 0.315155 0.847273 0.038807 0.106924
0 0.271650 0.844822 0.044118 0.118566
0 0.226307 0.846201 0.043301 0.114583
0 0.165237 0.846507 0.071487 0.117647
0 0.089461 0.851256 0.076797 0.109988
0 0.024714 0.846661 0.049428 0.102635
0 0.882557 0.142004 0.042075 0.083027
0 0.847222 0.141391 0.025327 0.083640
0 0.785539 0.122549 0.020425 0.115809
0 0.019812 0.132353 0.039624 0.044730
0 0.109069 0.249387 0.058007 0.134191
0 0.319444 0.668658 0.037582 0.066483
0 0.654208 0.266544 0.055147 0.073529
0 0.607026 0.269761 0.037582 0.064645
0 0.564134 0.270527 0.044118 0.065564
0 0.523897 0.268536 0.037173 0.069547
0 0.378881 0.745558 0.032271 0.070159
0 0.030637 0.689032 0.048203 0.110907
0 0.094771 0.687806 0.049020 0.110907
0 0.720588 0.268229 0.072712 0.078125
0 0.150531 0.693627 0.045343 0.101716
0 0.266136 0.690257 0.052696 0.113358
0 0.357639 0.660080 0.024918 0.037071
0 0.383374 0.659467 0.024918 0.037071
0 0.408905 0.662837 0.024510 0.037071
0 0.434845 0.664062 0.024918 0.037071
0 0.479167 0.653033 0.044118 0.056679
0 0.530637 0.650888 0.044118 0.055453
0 0.208946 0.690717 0.056781 0.110600
0 0.788399 0.269455 0.044935 0.076287
0 0.419118 0.726256 0.035948 0.062806
0 0.455678 0.743873 0.032271 0.066176
0 0.682598 0.853094 0.031863 0.089767
0 0.711397 0.853860 0.025735 0.091299
0 0.748162 0.848346 0.034722 0.092525
0 0.809436 0.849724 0.033088 0.092218
0 0.779820 0.744332 0.037582 0.057904
0 0.742034 0.743107 0.035539 0.054841
0 0.589869 0.854626 0.031863 0.084252
0 0.553309 0.828125 0.019199 0.056985
0 0.176675 0.252604 0.069036 0.140625
0 0.836601 0.268995 0.049020 0.078431
0 0.707312 0.752757 0.032271 0.061887
0 0.669526 0.738358 0.034314 0.079657
0 0.635212 0.737592 0.029412 0.083640
0 0.600694 0.744179 0.034722 0.070466
0 0.565564 0.746936 0.031454 0.064951
0 0.530433 0.743413 0.034722 0.069547
0 0.491422 0.745251 0.036765 0.065870
0 0.649714 0.840839 0.026552 0.087929
0 0.636029 0.643382 0.031046 0.056373
0 0.587010 0.648131 0.054739 0.068321
0 0.731618 0.649969 0.040033 0.057904
0 0.487337 0.478554 0.047386 0.069240
0 0.430760 0.478248 0.064951 0.066789
0 0.376838 0.480392 0.040441 0.058211
0 0.630923 0.391085 0.040441 0.064645
0 0.668301 0.390165 0.031863 0.063419
0 0.713031 0.393995 0.047794 0.065564
0 0.753064 0.394301 0.032271 0.066789
0 0.794118 0.395067 0.044118 0.065870
0 0.541667 0.479473 0.042484 0.067402
0 0.838235 0.398438 0.042484 0.072610
0 0.478145 0.388940 0.073938 0.066483
0 0.397263 0.375766 0.094363 0.090380
0 0.049632 0.403952 0.067402 0.122855
0 0.118873 0.404412 0.065359 0.132353
0 0.185866 0.404412 0.067810 0.133578
0 0.255515 0.420803 0.047794 0.095895
0 0.304943 0.438113 0.046977 0.066176
0 0.042075 0.288297 0.067810 0.058824
0 0.540441 0.391391 0.044935 0.068321
0 0.584763 0.481158 0.037990 0.067708
0 0.632353 0.482843 0.049837 0.066176
0 0.733660 0.482996 0.041667 0.062806
0 0.779616 0.645680 0.046977 0.060968
0 0.050654 0.555607 0.056373 0.116728
0 0.100490 0.556679 0.044118 0.120711
0 0.152778 0.560815 0.053105 0.111213
0 0.209355 0.561275 0.057598 0.115196
0 0.267770 0.558824 0.055964 0.119485
0 0.325368 0.559130 0.059232 0.120711
0 0.396446 0.566176 0.073121 0.063113
0 0.689338 0.648131 0.042075 0.060968
0 0.468750 0.565717 0.061683 0.062806
0 0.598856 0.573376 0.046569 0.047488
0 0.648693 0.578738 0.050654 0.037377
0 0.697304 0.578738 0.042484 0.034314
0 0.804943 0.587776 0.059232 0.024203
0 0.823325 0.486213 0.041258 0.058824
0 0.778186 0.484988 0.037582 0.058824
0 0.536152 0.565717 0.068219 0.062194
0 0.619485 0.855239 0.027369 0.086703
