0 0.066016 0.288542 0.038281 0.094792
0 0.025391 0.283073 0.039844 0.103646
0 0.145898 0.280469 0.034766 0.107813
0 0.962891 0.162240 0.028125 0.084896
0 0.930273 0.159896 0.034766 0.083333
0 0.897461 0.161198 0.023047 0.082812
0 0.864062 0.156250 0.039062 0.085417
0 0.826367 0.157812 0.033984 0.083333
0 0.795117 0.131510 0.023828 0.132812
0 0.769141 0.129167 0.025781 0.140625
0 0.104297 0.281250 0.034375 0.107292
0 0.989648 0.162240 0.020703 0.082812
0 0.348438 0.790625 0.036719 0.106250
0 0.186523 0.281510 0.036328 0.111979
0 0.229492 0.280469 0.040234 0.111979
0 0.270898 0.280729 0.037891 0.112500
0 0.314648 0.285156 0.035547 0.109896
0 0.353125 0.284635 0.039062 0.109896
0 0.393750 0.291406 0.037500 0.109896
0 0.434375 0.293490 0.035937 0.104688
0 0.472852 0.294010 0.037109 0.104688
0 0.515625 0.296615 0.042188 0.101562
0 0.558203 0.298698 0.039062 0.095312
0 0.596875 0.303125 0.033594 0.095833
0 0.741602 0.126823 0.024609 0.141146
0 0.714453 0.126562 0.025000 0.141667
0 0.662305 0.952083 0.026172 0.095833
0 0.973437 0.956250 0.022656 0.085417
0 0.397266 0.123698 0.026562 0.134896
0 0.433203 0.125000 0.031250 0.129167
0 0.466992 0.126302 0.033203 0.126562
0 0.498437 0.128125 0.021875 0.127083
0 0.525977 0.128646 0.024609 0.131250
0 0.554688 0.127604 0.026562 0.128125
0 0.426953 0.800260 0.058594 0.079687
0 0.609180 0.123438 0.027734 0.141667
0 0.635547 0.122656 0.021094 0.142187
0 0.661133 0.125781 0.026953 0.136979
0 0.522656 0.950000 0.034375 0.098958
0 0.687109 0.127083 0.023438 0.136458
0 0.558594 0.949479 0.028906 0.097917
0 0.629883 0.953646 0.031641 0.091667
0 0.637109 0.303125 0.042188 0.093750
0 0.699414 0.952344 0.026172 0.094271
0 0.729297 0.954427 0.026562 0.091146
0 0.767773 0.953125 0.030078 0.093750
0 0.798242 0.955729 0.026172 0.084375
0 0.828320 0.954948 0.025391 0.084896
0 0.857422 0.953125 0.028125 0.093750
0 0.885156 0.952604 0.025781 0.094792
0 0.909961 0.945573 0.017578 0.084896
0 0.941797 0.949479 0.035937 0.100000
0 0.595508 0.954167 0.032422 0.091667
0 0.678906 0.305469 0.035937 0.093229
0 0.185352 0.472917 0.036328 0.108333
0 0.758789 0.306510 0.039453 0.092188
0 0.906445 0.492448 0.025391 0.106771
0 0.942578 0.489323 0.034375 0.105729
0 0.976367 0.491927 0.030078 0.108854
0 0.028125 0.627604 0.034375 0.094792
0 0.064844 0.627083 0.035937 0.095833
0 0.110156 0.623437 0.033594 0.093750
0 0.147461 0.622396 0.033984 0.101042
0 0.185742 0.624479 0.034766 0.103125
0 0.231055 0.622135 0.035547 0.107813
0 0.313672 0.616406 0.032031 0.107813
0 0.351367 0.630208 0.037109 0.100000
0 0.875977 0.491667 0.032422 0.107292
0 0.393164 0.630729 0.040234 0.101042
0 0.471094 0.630469 0.035937 0.098437
0 0.509180 0.630208 0.034766 0.100000
0 0.549609 0.629948 0.038281 0.102604
0 0.589648 0.632031 0.035547 0.103646
0 0.628906 0.630208 0.038281 0.106250
0 0.670898 0.633594 0.037891 0.108854
0 0.712305 0.635938 0.032422 0.107292
0 0.746875 0.635417 0.031250 0.107292
0 0.782031 0.636719 0.035156 0.105729
0 0.818945 0.635677 0.033203 0.104688
0 0.852930 0.633854 0.031641 0.107292
0 0.433203 0.628125 0.033594 0.103125
0 0.716992 0.305208 0.038672 0.092708
0 0.843750 0.490365 0.027344 0.109896
0 0.775391 0.486719 0.034375 0.105729
0 0.799609 0.308594 0.038281 0.090104
0 0.838477 0.309115 0.036328 0.091146
0 0.878516 0.309896 0.038281 0.093750
0 0.916602 0.310156 0.034766 0.099479
0 0.985352 0.309896 0.028516 0.092708
0 0.025586 0.472396 0.037109 0.108333
0 0.064648 0.474219 0.037891 0.104688
0 0.105273 0.472396 0.032422 0.110417
0 0.142383 0.473177 0.038672 0.110937
0 0.366797 0.120573 0.032031 0.125521
0 0.226562 0.472396 0.042969 0.108333
0 0.811523 0.488802 0.031641 0.104688
0 0.266211 0.474219 0.036328 0.108854
0 0.349023 0.473958 0.039453 0.105208
0 0.392383 0.479948 0.040234 0.108854
0 0.432031 0.481510 0.035156 0.104688
0 0.472266 0.482552 0.039844 0.099479
0 0.511719 0.482031 0.037500 0.105729
0 0.550000 0.479427 0.036719 0.110937
0 0.588281 0.481510 0.035937 0.108854
0 0.630273 0.485156 0.037891 0.101562
0 0.672656 0.485677 0.034375 0.105729
0 0.708594 0.486198 0.032031 0.104688
0 0.740625 0.486719 0.029687 0.105729
0 0.307812 0.472396 0.038281 0.108333
0 0.330078 0.121615 0.023438 0.132812
0 0.581250 0.121875 0.023438 0.138542
0 0.263477 0.133073 0.028516 0.102604
0 0.861328 0.798698 0.030469 0.096354
0 0.894922 0.798958 0.032813 0.094792
0 0.927539 0.796615 0.027734 0.101562
0 0.959961 0.798438 0.031641 0.095833
0 0.988477 0.799479 0.022266 0.095833
0 0.033789 0.948698 0.033203 0.101562
0 0.070703 0.945833 0.033594 0.106250
0 0.828320 0.799479 0.032422 0.096875
0 0.109766 0.941146 0.028906 0.105208
0 0.179883 0.957812 0.032422 0.083333
0 0.216016 0.955729 0.036719 0.081250
0 0.253320 0.957812 0.035547 0.083333
0 0.292187 0.943750 0.032031 0.103125
0 0.330273 0.936719 0.029297 0.105729
0 0.365234 0.944271 0.034375 0.111458
0 0.400195 0.941927 0.033984 0.111979
0 0.144922 0.950000 0.032813 0.087500
0 0.438086 0.944531 0.036328 0.105729
0 0.796094 0.799219 0.028906 0.099479
0 0.731836 0.796354 0.030078 0.101042
0 0.308203 0.790625 0.039062 0.097917
0 0.269727 0.787500 0.033984 0.102083
0 0.229687 0.794010 0.042188 0.100521
0 0.982812 0.638021 0.026562 0.103125
0 0.952344 0.637760 0.030469 0.103646
0 0.918750 0.636458 0.032031 0.103125
0 0.191211 0.791667 0.033203 0.104167
0 0.764648 0.797396 0.030859 0.095833
0 0.149805 0.794010 0.037109 0.095312
0 0.072070 0.792448 0.037891 0.094271
0 0.032617 0.788802 0.037891 0.098437
0 0.506836 0.785677 0.033203 0.116146
0 0.546094 0.789062 0.036719 0.110417
0 0.625195 0.788021 0.036328 0.109375
0 0.663086 0.791667 0.033203 0.108333
0 0.698242 0.798698 0.033203 0.095312
0 0.110937 0.794010 0.032813 0.096354
0 0.299609 0.119792 0.034375 0.125000
0 0.009180 0.129167 0.018359 0.097917
0 0.230664 0.129167 0.031641 0.104167
0 0.197852 0.129427 0.028516 0.100521
0 0.165625 0.132031 0.028906 0.100521
0 0.140039 0.136458 0.016016 0.095833
0 0.101562 0.130469 0.035937 0.098437
0 0.067578 0.130729 0.027344 0.101042
0 0.036328 0.128906 0.032813 0.097396
0 0.886914 0.636458 0.027734 0.103125
0 0.481250 0.947917 0.041406 0.104167
