0 0.540237 0.231005 0.037990 0.075368
0 0.508987 0.231924 0.028595 0.075368
0 0.748570 0.121630 0.015114 0.070466
0 0.397672 0.345588 0.042892 0.107843
0 0.101103 0.371324 0.051879 0.110294
0 0.042279 0.372396 0.070670 0.115502
0 0.974877 0.404412 0.024101 0.064951
0 0.951185 0.408088 0.021650 0.066176
0 0.929739 0.411918 0.020425 0.068321
0 0.907271 0.412377 0.025327 0.068015
0 0.884600 0.414828 0.019199 0.072917
0 0.863766 0.417892 0.022467 0.066789
0 0.838848 0.421722 0.022467 0.073836
0 0.815155 0.423254 0.024918 0.068934
0 0.789828 0.428156 0.027369 0.078125
0 0.763276 0.429841 0.024918 0.074142
0 0.575776 0.229626 0.033905 0.078738
0 0.703431 0.434130 0.027778 0.078431
0 0.674224 0.437500 0.030637 0.072304
0 0.645629 0.442402 0.026552 0.082721
0 0.612541 0.446998 0.040441 0.074755
0 0.581699 0.453431 0.021242 0.087623
0 0.550858 0.453891 0.040441 0.086703
0 0.514910 0.456189 0.029820 0.090686
0 0.607230 0.230392 0.027369 0.078431
0 0.635417 0.230699 0.028186 0.079044
0 0.663194 0.231005 0.028186 0.079044
0 0.866626 0.230852 0.033088 0.062806
0 0.437092 0.349724 0.035131 0.098958
0 0.475082 0.347426 0.039216 0.097426
0 0.510212 0.346507 0.031046 0.099265
0 0.543301 0.343903 0.035948 0.094056
0 0.474265 0.229473 0.037582 0.078431
0 0.438930 0.229167 0.033905 0.076593
0 0.401961 0.228248 0.040033 0.078431
0 0.362745 0.230852 0.037582 0.081801
0 0.321078 0.229013 0.045752 0.086091
0 0.277982 0.229473 0.037990 0.088848
0 0.234069 0.226716 0.049837 0.093750
0 0.128472 0.215533 0.045343 0.124081
0 0.083946 0.211397 0.042892 0.126838
0 0.030229 0.215686 0.060458 0.121936
0 0.981005 0.321078 0.025735 0.065564
0 0.959150 0.322457 0.017974 0.067708
0 0.892974 0.231924 0.019608 0.064951
0 0.939134 0.323070 0.022876 0.069547
0 0.896038 0.325368 0.022467 0.071691
0 0.874387 0.327972 0.020833 0.073223
0 0.847222 0.328431 0.031046 0.071691
0 0.818832 0.330270 0.024101 0.072917
0 0.794118 0.330270 0.022059 0.075368
0 0.765114 0.328125 0.028595 0.090074
0 0.729371 0.329657 0.040441 0.086397
0 0.696895 0.332874 0.025327 0.090993
0 0.666667 0.334252 0.029412 0.089461
0 0.636846 0.336703 0.027778 0.098039
0 0.606822 0.338082 0.032271 0.095282
0 0.575572 0.340227 0.028595 0.098958
0 0.916258 0.325061 0.018791 0.071078
0 0.912173 0.232537 0.021242 0.063725
0 0.935253 0.231924 0.020016 0.060662
0 0.954453 0.231618 0.020016 0.061275
0 0.195261 0.793045 0.092320 0.146140
0 0.084355 0.814645 0.123775 0.126838
0 0.904208 0.711703 0.075572 0.052696
0 0.822508 0.739124 0.075572 0.073223
0 0.716912 0.768229 0.084967 0.091605
0 0.601920 0.805453 0.109069 0.100490
0 0.290441 0.912837 0.104575 0.107537
0 0.161765 0.940104 0.131536 0.093444
0 0.021038 0.061581 0.042075 0.119485
0 0.074959 0.066176 0.060866 0.116422
0 0.136234 0.071232 0.057598 0.127757
0 0.186070 0.071691 0.043709 0.128064
0 0.311479 0.749847 0.107435 0.084865
0 0.233660 0.069853 0.049020 0.127451
0 0.329861 0.079197 0.049428 0.116728
0 0.373570 0.086091 0.036356 0.103554
0 0.413194 0.090686 0.043709 0.114583
0 0.451593 0.094363 0.033905 0.101716
0 0.486520 0.092525 0.036765 0.101716
0 0.522876 0.096507 0.034314 0.095588
0 0.555760 0.098805 0.030637 0.099571
0 0.586193 0.099112 0.030229 0.100797
0 0.620711 0.099112 0.037990 0.102022
0 0.657067 0.101409 0.035539 0.098039
0 0.693627 0.120404 0.035948 0.062500
0 0.727737 0.121477 0.031454 0.071385
0 0.281454 0.076287 0.047386 0.115196
0 0.771855 0.121017 0.030637 0.068627
0 0.437296 0.726409 0.088644 0.115196
0 0.612337 0.689185 0.068627 0.090993
0 0.482026 0.465839 0.033497 0.090380
0 0.441381 0.465227 0.041258 0.090380
0 0.402574 0.470895 0.036356 0.101103
0 0.363154 0.477941 0.040850 0.088848
0 0.321895 0.483456 0.041667 0.098652
0 0.277165 0.487745 0.044526 0.095588
0 0.233047 0.495864 0.045343 0.109375
0 0.182598 0.499081 0.055556 0.103554
0 0.129902 0.500766 0.042484 0.106311
0 0.074959 0.511489 0.043709 0.105699
0 0.029003 0.513634 0.049837 0.105699
0 0.961193 0.496936 0.044118 0.078431
0 0.531046 0.702819 0.092320 0.099265
0 0.908905 0.510110 0.051471 0.083333
0 0.788807 0.529718 0.053105 0.098652
0 0.722835 0.540288 0.074755 0.087929
0 0.649306 0.553462 0.069853 0.109375
0 0.564338 0.564032 0.095180 0.104167
0 0.477941 0.576440 0.075163 0.125919
0 0.351511 0.594822 0.081291 0.100797
0 0.264910 0.611673 0.073121 0.103248
0 0.166054 0.636949 0.126225 0.118260
0 0.926062 0.624540 0.054739 0.067708
0 0.863971 0.641544 0.061275 0.062500
0 0.786152 0.662071 0.070670 0.078431
0 0.699755 0.684436 0.092320 0.072917
0 0.848243 0.520067 0.060866 0.084865
0 0.733252 0.431526 0.031863 0.075061
