0 0.228860 0.191585 0.036152 0.111111
0 0.655637 0.170343 0.021446 0.148693
0 0.187806 0.462623 0.024510 0.082108
0 0.164522 0.461193 0.023284 0.084150
0 0.341452 0.194036 0.022978 0.120915
0 0.385110 0.817402 0.019608 0.068627
0 0.579810 0.184232 0.026654 0.125000
0 0.367953 0.191381 0.030637 0.125408
0 0.488664 0.186479 0.027574 0.128676
0 0.684589 0.173611 0.032169 0.159314
0 0.428156 0.191176 0.030331 0.123366
0 0.459099 0.185049 0.026654 0.131536
0 0.520067 0.187908 0.034007 0.125817
0 0.551624 0.185866 0.029718 0.123366
0 0.139246 0.459355 0.024816 0.080474
0 0.717218 0.179330 0.030025 0.140523
0 0.399357 0.193015 0.027267 0.120507
0 0.215227 0.464257 0.027880 0.086193
0 0.210631 0.333538 0.024816 0.090278
0 0.340227 0.357843 0.031556 0.117647
0 0.083640 0.328431 0.021446 0.106209
0 0.060202 0.330882 0.026654 0.099673
0 0.930300 0.333333 0.034620 0.146242
0 0.896293 0.333129 0.034007 0.145016
0 0.857077 0.356618 0.035233 0.062908
0 0.818781 0.344567 0.035846 0.131944
0 0.107077 0.326593 0.024203 0.103350
0 0.785233 0.344567 0.031250 0.133578
0 0.723039 0.346201 0.030637 0.130310
0 0.687040 0.345384 0.035233 0.132761
0 0.656250 0.348448 0.030637 0.126634
0 0.580423 0.358456 0.027880 0.114788
0 0.551624 0.358456 0.029718 0.114788
0 0.520987 0.358047 0.032782 0.118056
0 0.753064 0.344567 0.031250 0.131944
0 0.131281 0.327614 0.024203 0.101307
0 0.158395 0.328840 0.030025 0.103758
0 0.184896 0.329453 0.023591 0.104167
0 0.370558 0.353758 0.030944 0.124183
0 0.401961 0.352737 0.031250 0.122141
0 0.431373 0.353554 0.028799 0.120507
0 0.462163 0.355392 0.032782 0.123366
0 0.490962 0.358047 0.027267 0.118056
0 0.020527 0.200980 0.026961 0.109477
0 0.046415 0.201797 0.025429 0.104575
0 0.072457 0.201593 0.026042 0.104167
0 0.097733 0.202614 0.023284 0.100490
0 0.122089 0.201185 0.026042 0.097631
0 0.147365 0.194444 0.025123 0.106209
0 0.173254 0.194649 0.026654 0.107435
0 0.198529 0.194444 0.022672 0.108660
0 0.236520 0.335376 0.026348 0.085784
0 0.115656 0.450572 0.022978 0.096405
0 0.243107 0.461601 0.027267 0.088235
0 0.090074 0.451389 0.026348 0.100490
0 0.924020 0.494894 0.034314 0.127042
0 0.132047 0.567810 0.025735 0.082516
0 0.546262 0.649918 0.022059 0.079248
0 0.568168 0.651348 0.021752 0.080474
0 0.678922 0.658292 0.031863 0.118873
0 0.710631 0.660743 0.030944 0.112337
0 0.742494 0.662582 0.030331 0.111111
0 0.772365 0.661152 0.027574 0.115605
0 0.803002 0.661560 0.033701 0.117239
0 0.837469 0.661560 0.035233 0.118873
0 0.885417 0.663194 0.035539 0.115605
0 0.922181 0.664011 0.034314 0.115605
0 0.105545 0.568423 0.026042 0.081291
0 0.064798 0.457721 0.022978 0.094363
0 0.161612 0.570670 0.031556 0.085784
0 0.651501 0.659722 0.019301 0.117647
0 0.965686 0.158497 0.028799 0.145425
0 0.933364 0.160743 0.034620 0.150735
0 0.897672 0.165033 0.036765 0.152778
0 0.857690 0.162582 0.033395 0.155229
0 0.822304 0.163603 0.036152 0.154003
0 0.523284 0.651348 0.024510 0.078023
0 0.786458 0.166871 0.035539 0.157271
0 0.499540 0.650531 0.021140 0.076389
0 0.259498 0.810662 0.026961 0.089461
0 0.565104 0.815359 0.025429 0.090686
0 0.650888 0.832108 0.024203 0.082516
0 0.676164 0.833742 0.023284 0.079248
0 0.702819 0.839052 0.026348 0.081699
0 0.730239 0.837623 0.026042 0.084559
0 0.759191 0.838031 0.027574 0.083742
0 0.787837 0.832516 0.027267 0.092320
0 0.815870 0.832108 0.026961 0.086601
0 0.846661 0.847426 0.025429 0.081291
0 0.875306 0.849877 0.029412 0.086193
0 0.907016 0.841095 0.028493 0.081699
0 0.341146 0.646038 0.021140 0.078023
0 0.233762 0.808824 0.015931 0.075163
0 0.363817 0.645016 0.020527 0.080882
0 0.385570 0.643995 0.023591 0.079657
0 0.408854 0.645629 0.022978 0.077206
0 0.431526 0.646242 0.022978 0.078431
0 0.454197 0.647059 0.022978 0.076797
0 0.477788 0.649306 0.021140 0.078023
0 0.081342 0.678717 0.027880 0.080474
0 0.539369 0.811683 0.023591 0.090686
0 0.751532 0.174020 0.034314 0.147059
0 0.229779 0.571078 0.018995 0.084967
0 0.578125 0.497345 0.027574 0.123775
0 0.656556 0.498162 0.027574 0.122141
0 0.683824 0.497549 0.027574 0.119281
0 0.713848 0.496324 0.031250 0.120915
0 0.104779 0.678922 0.018382 0.080065
0 0.128217 0.681373 0.024203 0.084150
0 0.152880 0.676062 0.022059 0.092320
0 0.175705 0.682394 0.023591 0.079657
0 0.202053 0.684436 0.027880 0.083742
0 0.228401 0.683007 0.022365 0.084150
0 0.254442 0.683824 0.026042 0.082516
0 0.365196 0.815155 0.020221 0.071487
0 0.746324 0.499387 0.030025 0.122958
0 0.779259 0.497345 0.036458 0.125408
0 0.813572 0.496324 0.031556 0.125000
0 0.846354 0.499796 0.032782 0.120507
0 0.886336 0.493464 0.037377 0.125000
0 0.552390 0.499796 0.023284 0.118056
0 0.206648 0.567402 0.024816 0.087418
0 0.513480 0.817198 0.026961 0.083742
0 0.446844 0.817402 0.019301 0.064542
0 0.465533 0.500613 0.031556 0.106618
0 0.494332 0.499592 0.026042 0.108660
0 0.523897 0.500817 0.033701 0.113562
0 0.488358 0.814747 0.022059 0.078023
0 0.466759 0.819036 0.021140 0.068627
0 0.378217 0.502042 0.027880 0.107843
0 0.212776 0.807598 0.024203 0.075163
0 0.434896 0.500817 0.029718 0.106209
0 0.186887 0.808211 0.024510 0.076389
0 0.142616 0.804330 0.023591 0.080882
0 0.120558 0.803513 0.018689 0.079248
0 0.097886 0.802083 0.024816 0.080474
0 0.426471 0.816176 0.020833 0.065359
0 0.349571 0.501430 0.030025 0.110703
0 0.255208 0.571283 0.026348 0.085376
0 0.405637 0.821487 0.019608 0.071078
0 0.163909 0.805351 0.018995 0.079657
0 0.407016 0.501430 0.028493 0.106618
