0 0.290441 0.796722 0.014706 0.078125
0 0.872958 0.244485 0.025327 0.090686
0 0.914216 0.239890 0.044118 0.105392
0 0.970588 0.233150 0.055556 0.106618
0 0.869690 0.089001 0.063725 0.130208
0 0.805760 0.103248 0.051062 0.112745
0 0.737132 0.104167 0.060866 0.112132
0 0.673815 0.114430 0.039624 0.103860
0 0.632761 0.109835 0.027778 0.121630
0 0.602124 0.114583 0.022876 0.121936
0 0.571691 0.114890 0.027369 0.118260
0 0.936887 0.090839 0.057598 0.109988
0 0.844158 0.251838 0.029003 0.081495
0 0.806168 0.240962 0.042075 0.117341
0 0.752247 0.251072 0.042075 0.086091
0 0.317198 0.261336 0.023284 0.086397
0 0.341708 0.265319 0.024918 0.079657
0 0.376634 0.292586 0.036765 0.023897
0 0.379085 0.266238 0.035948 0.023897
0 0.407475 0.265472 0.021650 0.075061
0 0.438317 0.288909 0.032680 0.026348
0 0.440972 0.258272 0.037990 0.025123
0 0.442198 0.226869 0.030637 0.031556
0 0.492443 0.258425 0.025735 0.083027
0 0.524714 0.261642 0.032271 0.082108
0 0.559641 0.257047 0.035131 0.096814
0 0.596405 0.252451 0.028595 0.090074
0 0.629289 0.255208 0.024101 0.083333
0 0.667688 0.253064 0.030637 0.086397
0 0.709967 0.241422 0.038399 0.106618
0 0.508374 0.142616 0.025735 0.074449
0 0.537990 0.130362 0.026961 0.095895
0 0.398693 0.142004 0.025327 0.094056
0 0.425654 0.137102 0.023693 0.099571
0 0.545139 0.515472 0.022467 0.007047
0 0.959559 0.609835 0.042484 0.111826
0 0.907680 0.606158 0.047386 0.102022
0 0.862337 0.596354 0.039216 0.092218
0 0.815768 0.588542 0.042484 0.095588
0 0.765727 0.588848 0.031454 0.098039
0 0.738358 0.574295 0.012663 0.083640
0 0.697304 0.581801 0.026144 0.094363
0 0.661560 0.581648 0.030637 0.084252
0 0.628472 0.560202 0.032271 0.029105
0 0.547181 0.504596 0.038807 0.011642
0 0.548611 0.546109 0.032680 0.013174
0 0.551471 0.530790 0.038399 0.016238
0 0.592116 0.517923 0.039624 0.014400
0 0.590278 0.534161 0.039216 0.015625
0 0.588235 0.550551 0.035131 0.014706
0 0.583742 0.565564 0.032680 0.015931
0 0.296977 0.268842 0.018791 0.072610
0 0.370302 0.141391 0.022467 0.098346
0 0.345588 0.143229 0.022876 0.103860
0 0.314951 0.150888 0.022876 0.103860
0 0.289624 0.151961 0.022876 0.104167
0 0.260825 0.154412 0.023284 0.104167
0 0.474469 0.135263 0.027369 0.095895
0 0.236520 0.152880 0.022876 0.104167
0 0.193627 0.157782 0.022876 0.104167
0 0.170752 0.160846 0.026961 0.103554
0 0.510417 0.527880 0.036356 0.017157
0 0.512459 0.543658 0.033905 0.015625
0 0.511438 0.559896 0.031863 0.016850
0 0.548611 0.561887 0.032680 0.015931
0 0.214869 0.150582 0.022876 0.103860
0 0.277369 0.269455 0.017974 0.071385
0 0.180351 0.350031 0.028186 0.035846
0 0.178309 0.274357 0.030637 0.068934
0 0.663603 0.469669 0.032271 0.090686
0 0.622549 0.443934 0.040033 0.031863
0 0.626021 0.475337 0.037173 0.022365
0 0.579044 0.441636 0.042075 0.032169
0 0.580678 0.472273 0.042075 0.021752
0 0.538603 0.448223 0.028186 0.066789
0 0.503676 0.447457 0.028595 0.065257
0 0.468342 0.446385 0.025735 0.065564
0 0.438725 0.445312 0.023693 0.060968
0 0.414624 0.446385 0.020425 0.060662
0 0.381332 0.442402 0.024101 0.055147
0 0.399714 0.445159 0.009395 0.058211
0 0.344363 0.443168 0.036765 0.020527
0 0.347222 0.463235 0.032680 0.015319
0 0.305556 0.442708 0.032680 0.019608
0 0.305351 0.460784 0.035539 0.015319
0 0.276757 0.440411 0.016748 0.053615
0 0.415441 0.526501 0.022059 0.066483
0 0.390931 0.526042 0.025327 0.062500
0 0.363766 0.531097 0.024101 0.052390
0 0.340278 0.526808 0.015523 0.053615
0 0.310049 0.522672 0.028595 0.052696
0 0.280842 0.515012 0.018382 0.056373
0 0.700163 0.480392 0.025327 0.075980
0 0.262868 0.497089 0.014297 0.013174
0 0.256944 0.515472 0.021242 0.021140
0 0.226716 0.502757 0.025327 0.044118
0 0.191176 0.438419 0.014706 0.049632
0 0.208946 0.438572 0.015114 0.054841
0 0.227328 0.438879 0.016748 0.053002
0 0.252451 0.438572 0.025327 0.052390
0 0.256127 0.535846 0.022876 0.018995
0 0.242647 0.273284 0.034314 0.057598
0 0.729984 0.477788 0.027778 0.084865
0 0.800041 0.472120 0.049428 0.107230
0 0.622141 0.526961 0.013072 0.015319
0 0.205882 0.350337 0.022059 0.026654
0 0.181373 0.377911 0.023693 0.017463
0 0.204861 0.378983 0.016748 0.028799
0 0.235294 0.376991 0.026144 0.024816
0 0.237949 0.352635 0.031454 0.024510
0 0.273284 0.351716 0.031863 0.017770
0 0.267157 0.371477 0.029412 0.013787
0 0.264910 0.384651 0.024918 0.011336
0 0.326797 0.368566 0.033497 0.022672
0 0.325776 0.386183 0.024918 0.011949
0 0.361520 0.361979 0.036765 0.060968
0 0.395425 0.371936 0.023693 0.053309
0 0.422386 0.371477 0.026144 0.052390
0 0.461397 0.368260 0.030637 0.022059
0 0.460172 0.387868 0.028186 0.011029
0 0.503268 0.368107 0.034314 0.059743
0 0.849469 0.471201 0.043709 0.107843
0 0.899918 0.475337 0.047386 0.106311
0 0.952002 0.478094 0.051062 0.108762
0 0.974877 0.363205 0.050245 0.090993
0 0.914828 0.363971 0.055147 0.075368
0 0.852533 0.362286 0.055556 0.074449
0 0.759395 0.491268 0.025327 0.054228
0 0.800245 0.354933 0.033497 0.086703
0 0.717320 0.359069 0.031046 0.080270
0 0.678717 0.359222 0.033905 0.075674
0 0.297998 0.351869 0.020833 0.015625
0 0.633783 0.378983 0.036356 0.033701
0 0.578431 0.354933 0.034314 0.076900
0 0.540441 0.361060 0.035131 0.067708
0 0.756332 0.354320 0.032271 0.083027
0 0.974060 0.734681 0.051879 0.052083
0 0.813725 0.698836 0.035131 0.076593
0 0.870098 0.701287 0.045752 0.083333
0 0.786152 0.899510 0.024918 0.098652
0 0.817810 0.911765 0.017974 0.091912
0 0.845180 0.918964 0.021242 0.094669
0 0.882761 0.926011 0.019608 0.094056
0 0.911560 0.932138 0.026552 0.099571
0 0.950368 0.941789 0.029003 0.096814
0 0.986724 0.948989 0.026552 0.102022
0 0.992443 0.839001 0.015114 0.080576
0 0.756332 0.898131 0.022467 0.103248
0 0.969363 0.831189 0.017157 0.096201
0 0.914420 0.821385 0.024918 0.089461
0 0.889502 0.818015 0.022467 0.085784
0 0.860907 0.813266 0.027369 0.084865
0 0.832721 0.813266 0.028186 0.075061
0 0.803513 0.786152 0.017974 0.075980
0 0.767565 0.795496 0.029412 0.077512
0 0.731618 0.789675 0.027778 0.102022
0 0.704453 0.784007 0.027369 0.088235
0 0.941993 0.828585 0.019608 0.088542
0 0.666667 0.770221 0.038399 0.089461
0 0.726920 0.889400 0.024918 0.090686
0 0.667892 0.879749 0.024510 0.089154
0 0.976920 0.691789 0.045343 0.028799
0 0.508374 0.824908 0.015931 0.054841
0 0.227941 0.785846 0.017974 0.068015
0 0.249796 0.788143 0.020016 0.077512
0 0.268995 0.792279 0.016748 0.071078
0 0.308619 0.800398 0.019199 0.078125
0 0.331699 0.804534 0.017157 0.079044
0 0.353145 0.811581 0.021650 0.085784
0 0.696078 0.884804 0.027778 0.088848
0 0.393587 0.817096 0.020016 0.085172
0 0.438521 0.824142 0.020016 0.077819
0 0.463440 0.831648 0.021650 0.082414
0 0.487541 0.836397 0.019199 0.087623
0 0.537377 0.846507 0.022467 0.088848
0 0.559845 0.852328 0.023284 0.083333
0 0.585172 0.857230 0.022467 0.088848
0 0.921569 0.710784 0.040033 0.074142
0 0.643791 0.875306 0.017974 0.096201
0 0.415237 0.822917 0.015114 0.084559
0 0.628676 0.762102 0.035948 0.090380
0 0.613358 0.861826 0.024101 0.083333
0 0.571283 0.754596 0.023284 0.087010
0 0.313113 0.608762 0.028186 0.090686
0 0.340074 0.618873 0.018382 0.091299
0 0.363154 0.623621 0.029412 0.081801
0 0.402778 0.627604 0.028595 0.087316
0 0.431577 0.638787 0.022467 0.088235
0 0.456495 0.640165 0.024101 0.076287
0 0.481822 0.647212 0.023284 0.078738
0 0.509600 0.652114 0.021650 0.073836
0 0.277778 0.611060 0.021242 0.090380
0 0.558211 0.645833 0.013480 0.102328
0 0.581699 0.656097 0.027778 0.087316
0 0.607639 0.659926 0.027369 0.087010
0 0.635825 0.666054 0.028186 0.085172
0 0.682802 0.675092 0.042075 0.067096
0 0.731005 0.680147 0.038807 0.068015
0 0.774714 0.683517 0.033905 0.062500
0 0.440155 0.526195 0.023284 0.057292
0 0.595588 0.758425 0.022876 0.086703
0 0.535743 0.645987 0.025735 0.099571
0 0.255310 0.607384 0.019608 0.088542
0 0.477124 0.529105 0.026961 0.058211
0 0.221201 0.601869 0.020016 0.088542
0 0.238562 0.604473 0.013889 0.088848
0 0.336397 0.713235 0.011029 0.071691
0 0.506127 0.741268 0.011438 0.072610
0 0.547181 0.750766 0.016748 0.079963
0 0.522876 0.744638 0.017974 0.076900
0 0.464461 0.732230 0.017974 0.077206
0 0.434641 0.732537 0.017974 0.077206
0 0.412582 0.727941 0.017974 0.077206
0 0.391340 0.725490 0.017974 0.077206
0 0.488154 0.733456 0.017974 0.077206
0 0.350490 0.714308 0.017974 0.076900
0 0.313317 0.711857 0.017974 0.076900
0 0.291462 0.706189 0.021650 0.075368
0 0.272876 0.702819 0.017974 0.077206
0 0.254085 0.704963 0.017974 0.077206
0 0.235090 0.697610 0.015931 0.073529
0 0.218750 0.694700 0.014297 0.073223
0 0.199755 0.601256 0.022059 0.082414
0 0.370915 0.718597 0.017974 0.076900
0 0.197917 0.690717 0.024918 0.071998
