0 0.074058 0.200841 0.035103 0.053125
0 0.086901 0.374279 0.035103 0.054327
0 0.026755 0.361538 0.049229 0.077404
0 0.175086 0.288101 0.068493 0.030529
0 0.972817 0.368990 0.045805 0.077885
0 0.027611 0.466947 0.046661 0.073798
0 0.098459 0.288822 0.062500 0.031490
0 0.131635 0.374639 0.042380 0.056971
0 0.031464 0.285938 0.058647 0.033413
0 0.893193 0.247837 0.046661 0.045192
0 0.827483 0.252885 0.080479 0.033173
0 0.735017 0.250240 0.082192 0.033173
0 0.630137 0.249159 0.080479 0.032933
0 0.157534 0.201923 0.046233 0.055288
0 0.113014 0.200962 0.035103 0.050962
0 0.941781 0.249038 0.040240 0.045192
0 0.399187 0.442428 0.091182 0.017548
0 0.916310 0.370072 0.058647 0.078606
0 0.236515 0.369231 0.056935 0.075962
0 0.312072 0.466587 0.068493 0.034135
0 0.424015 0.379688 0.062928 0.051683
0 0.243365 0.463221 0.056935 0.042308
0 0.693279 0.828726 0.037243 0.044952
0 0.486729 0.381010 0.058219 0.053365
0 0.364512 0.370192 0.047517 0.070673
0 0.176798 0.370072 0.041096 0.062740
0 0.543022 0.380288 0.040668 0.055288
0 0.591610 0.381370 0.046233 0.058894
0 0.686644 0.396154 0.128425 0.023558
0 0.774187 0.370433 0.034675 0.078365
0 0.820205 0.369471 0.039384 0.078846
0 0.865368 0.370673 0.038955 0.076442
0 0.296233 0.369231 0.054795 0.070192
0 0.172945 0.466226 0.059932 0.074760
0 0.097389 0.467428 0.073202 0.073798
0 0.380565 0.767428 0.101884 0.043510
0 0.954409 0.019471 0.047517 0.034135
0 0.671875 0.761779 0.038099 0.039904
0 0.738656 0.757812 0.071490 0.045913
0 0.828553 0.763702 0.074058 0.034135
0 0.906678 0.766587 0.073630 0.028365
0 0.974957 0.762981 0.050086 0.032692
0 0.024401 0.847596 0.040240 0.036058
0 0.078981 0.844471 0.053510 0.035096
0 0.145120 0.843990 0.055651 0.041827
0 0.204623 0.821875 0.044521 0.038462
0 0.259632 0.841587 0.050942 0.038942
0 0.309932 0.837139 0.042808 0.049279
0 0.350813 0.825601 0.038099 0.031971
0 0.397902 0.833053 0.040668 0.048798
0 0.441353 0.831851 0.041096 0.046394
0 0.488228 0.831130 0.044092 0.044952
0 0.617509 0.767308 0.046661 0.036538
0 0.027611 0.200000 0.046661 0.049038
0 0.398116 0.460938 0.089041 0.015625
0 0.564640 0.766226 0.044521 0.034375
0 0.903682 0.017668 0.054795 0.035337
0 0.816567 0.015264 0.054366 0.030529
0 0.761986 0.014904 0.048801 0.027404
0 0.709332 0.015625 0.043664 0.024038
0 0.650685 0.012740 0.056507 0.023077
0 0.577697 0.013702 0.079195 0.015385
0 0.509632 0.009736 0.047517 0.017067
0 0.440283 0.009856 0.082620 0.014904
0 0.342466 0.007812 0.107877 0.013221
0 0.046019 0.757692 0.056935 0.041346
0 0.112586 0.749639 0.047089 0.056971
0 0.161173 0.748197 0.044949 0.056490
0 0.271190 0.768389 0.095462 0.043510
0 0.455479 0.763702 0.043664 0.043750
0 0.513271 0.764543 0.054795 0.044471
0 0.548801 0.832212 0.069349 0.045673
0 0.398759 0.477764 0.090325 0.015144
0 0.763057 0.693149 0.042380 0.036298
0 0.509418 0.456611 0.034247 0.061298
0 0.882277 0.536058 0.041952 0.053365
0 0.837757 0.539663 0.027397 0.041346
0 0.965753 0.613702 0.053082 0.046635
0 0.028467 0.681971 0.048373 0.036058
0 0.099315 0.664423 0.077055 0.011058
0 0.095676 0.686779 0.082620 0.028846
0 0.177226 0.687620 0.072774 0.028125
0 0.181507 0.647596 0.050514 0.011538
0 0.228382 0.702043 0.026969 0.037260
0 0.265197 0.698798 0.035531 0.037019
0 0.307791 0.696154 0.038527 0.045192
0 0.356807 0.691827 0.045805 0.043750
0 0.407106 0.689183 0.046233 0.043269
0 0.472389 0.683654 0.050942 0.043269
0 0.523973 0.691587 0.041096 0.045673
0 0.926370 0.536418 0.039384 0.054567
0 0.975171 0.535457 0.046233 0.052163
0 0.121789 0.605769 0.044092 0.039904
0 0.172731 0.605649 0.045805 0.038221
0 0.605950 0.830048 0.040668 0.045192
0 0.908176 0.612620 0.050942 0.048798
0 0.851027 0.613101 0.053938 0.050240
0 0.801156 0.611178 0.032106 0.055529
0 0.756849 0.611779 0.047089 0.050481
0 0.706336 0.612981 0.037671 0.051923
0 0.662457 0.615745 0.040668 0.047356
0 0.571490 0.691226 0.045377 0.044952
0 0.616224 0.614543 0.039812 0.050240
0 0.518836 0.614183 0.044521 0.049519
0 0.472389 0.615385 0.042380 0.048077
0 0.425300 0.614904 0.038955 0.048558
0 0.375856 0.616466 0.044521 0.050721
0 0.325771 0.613221 0.040240 0.054808
0 0.280822 0.614303 0.036815 0.050240
0 0.232877 0.616707 0.049658 0.054567
0 0.566781 0.613582 0.040240 0.051683
0 0.466610 0.456971 0.039384 0.061538
0 0.626712 0.691346 0.056507 0.040385
0 0.814212 0.690745 0.053938 0.036779
0 0.933433 0.823197 0.053510 0.043510
0 0.874786 0.824038 0.040668 0.045192
0 0.815497 0.827764 0.056507 0.045433
0 0.750642 0.827043 0.061216 0.046394
0 0.923159 0.464303 0.032962 0.044471
0 0.879923 0.468510 0.041524 0.035577
0 0.881635 0.441947 0.044949 0.014183
0 0.832192 0.461659 0.046233 0.048798
0 0.781250 0.461899 0.044521 0.049279
0 0.728382 0.461779 0.033818 0.053365
0 0.691353 0.462260 0.033390 0.059615
0 0.656678 0.461058 0.029110 0.057212
0 0.622217 0.461538 0.029538 0.058173
0 0.585830 0.459856 0.030394 0.054808
0 0.549443 0.456731 0.036387 0.061058
0 0.983733 0.822596 0.032534 0.042308
0 0.964683 0.467067 0.038099 0.045192
0 0.083904 0.548197 0.085616 0.031971
0 0.172517 0.549038 0.080479 0.029808
0 0.870505 0.691106 0.049229 0.037500
0 0.925086 0.690986 0.045377 0.039663
0 0.799229 0.541106 0.041096 0.043269
0 0.756207 0.539543 0.037243 0.046394
0 0.711901 0.538822 0.040240 0.047837
0 0.664384 0.537620 0.044521 0.052163
0 0.619863 0.536538 0.037671 0.054808
0 0.699486 0.683774 0.071918 0.056971
0 0.575128 0.538101 0.044092 0.049279
0 0.979452 0.683654 0.041096 0.051923
0 0.482663 0.537500 0.041524 0.050481
0 0.436002 0.537620 0.043236 0.049760
0 0.378853 0.538822 0.041952 0.052644
0 0.331336 0.538101 0.046233 0.053125
0 0.284033 0.538341 0.043236 0.051202
0 0.238014 0.538221 0.037671 0.050962
0 0.528039 0.537981 0.040668 0.048077
0 0.650043 0.829688 0.042380 0.045913
