0 0.953840 0.514859 0.024510 0.024203
0 0.977941 0.515625 0.022059 0.022672
0 0.989583 0.262102 0.020833 0.068934
0 0.028391 0.731311 0.053513 0.039216
0 0.028595 0.776808 0.053922 0.046875
0 0.968137 0.486520 0.031863 0.032475
0 0.862337 0.369792 0.024510 0.063113
0 0.826593 0.372243 0.042075 0.064951
0 0.776552 0.372549 0.018791 0.041667
0 0.757557 0.372089 0.020016 0.042586
0 0.736724 0.371170 0.021650 0.044424
0 0.713031 0.371324 0.024101 0.044118
0 0.688521 0.373009 0.025735 0.042586
0 0.927900 0.519148 0.019199 0.022365
0 0.916871 0.492034 0.025735 0.026961
0 0.852533 0.530178 0.022876 0.027880
0 0.902778 0.521752 0.026961 0.022059
0 0.877247 0.522672 0.022467 0.023897
0 0.357639 0.357384 0.021650 0.097733
0 0.818219 0.532935 0.022876 0.033395
0 0.784518 0.533395 0.030637 0.031863
0 0.755515 0.535999 0.026552 0.029105
0 0.722018 0.540901 0.031454 0.027880
0 0.686070 0.546262 0.031454 0.030637
0 0.648693 0.549173 0.028595 0.033395
0 0.792484 0.501072 0.028595 0.034620
0 0.757557 0.502757 0.030637 0.032475
0 0.723448 0.505362 0.031046 0.032169
0 0.689338 0.508885 0.034722 0.036765
0 0.887663 0.495711 0.028595 0.031863
0 0.608047 0.349877 0.055147 0.098039
0 0.343137 0.487132 0.025327 0.036765
0 0.513889 0.351256 0.035948 0.092831
0 0.071895 0.486979 0.053922 0.075061
0 0.143791 0.474877 0.025327 0.022672
0 0.168505 0.473652 0.020833 0.023284
0 0.189338 0.474418 0.015931 0.024203
0 0.142565 0.496017 0.022876 0.018995
0 0.163807 0.495404 0.018791 0.020221
0 0.188725 0.494026 0.028595 0.012561
0 0.113971 0.446078 0.019608 0.029412
0 0.139502 0.446078 0.016748 0.026961
0 0.157884 0.447457 0.020833 0.029718
0 0.190155 0.446078 0.020833 0.026961
0 0.213440 0.450061 0.020833 0.032475
0 0.231822 0.449295 0.014297 0.027880
0 0.557802 0.353401 0.044526 0.092218
0 0.252655 0.446078 0.012663 0.026961
0 0.290850 0.488664 0.024510 0.038603
0 0.316585 0.487132 0.026144 0.036152
0 0.653799 0.513787 0.038807 0.035539
0 0.301062 0.448070 0.023693 0.033395
0 0.323734 0.448376 0.022467 0.033395
0 0.343546 0.446385 0.018791 0.030025
0 0.365196 0.445006 0.022059 0.031556
0 0.124183 0.346661 0.047386 0.128983
0 0.013276 0.355239 0.024918 0.117341
0 0.318832 0.352022 0.055147 0.116422
0 0.392770 0.349571 0.048611 0.103554
0 0.440972 0.349571 0.041258 0.106618
0 0.477533 0.347886 0.035131 0.100184
0 0.264502 0.487745 0.025735 0.040441
0 0.072508 0.344822 0.055147 0.131434
0 0.586193 0.517463 0.037582 0.034926
0 0.575368 0.556679 0.036356 0.026961
0 0.646446 0.463388 0.013480 0.032782
0 0.630923 0.463388 0.015114 0.034620
0 0.602124 0.469822 0.017974 0.027880
0 0.582516 0.469210 0.018791 0.030331
0 0.602124 0.439032 0.017974 0.030025
0 0.581904 0.438266 0.020833 0.030331
0 0.543301 0.469210 0.011438 0.030331
0 0.530025 0.469669 0.014297 0.031250
0 0.516748 0.473039 0.013072 0.024510
0 0.496732 0.475797 0.019608 0.032475
0 0.476920 0.475950 0.019199 0.030331
0 0.513072 0.440717 0.013072 0.032169
0 0.497753 0.441330 0.017565 0.033395
0 0.696078 0.424786 0.037582 0.032782
0 0.479984 0.439645 0.017974 0.031863
0 0.422998 0.473805 0.015931 0.033395
0 0.402982 0.477328 0.022467 0.027574
0 0.383783 0.477941 0.016748 0.028186
0 0.367239 0.477635 0.015523 0.028186
0 0.423611 0.443321 0.017157 0.026961
0 0.403595 0.445159 0.020425 0.031250
0 0.937908 0.370404 0.010621 0.037377
0 0.922998 0.369485 0.016748 0.037377
0 0.906454 0.369792 0.016340 0.036152
0 0.893382 0.370558 0.011438 0.036458
0 0.882149 0.374387 0.010212 0.039828
0 0.925449 0.329044 0.014297 0.031863
0 0.910335 0.327972 0.016748 0.033395
0 0.460989 0.439032 0.020016 0.034314
0 0.611724 0.552237 0.035539 0.029105
0 0.694649 0.458793 0.037990 0.033395
0 0.748162 0.443934 0.019199 0.066176
0 0.536969 0.560662 0.035539 0.032475
0 0.493873 0.563879 0.045752 0.033395
0 0.448529 0.569547 0.041667 0.033701
0 0.401757 0.576900 0.045343 0.034926
0 0.354779 0.580882 0.044526 0.037990
0 0.304534 0.588082 0.051879 0.033395
0 0.247958 0.593597 0.057190 0.038909
0 0.184436 0.600490 0.060866 0.039216
0 0.124387 0.602635 0.058415 0.044730
0 0.054534 0.612132 0.069853 0.043505
0 0.023693 0.488511 0.044118 0.073836
0 0.545139 0.524050 0.041258 0.037071
0 0.494894 0.524510 0.047794 0.041054
0 0.727737 0.447457 0.021650 0.059130
0 0.410743 0.533854 0.048611 0.037684
0 0.252859 0.549326 0.060458 0.042279
0 0.186070 0.556832 0.063317 0.048100
0 0.120098 0.558824 0.067810 0.044730
0 0.929739 0.426930 0.015523 0.051777
0 0.916667 0.428309 0.011438 0.050858
0 0.903799 0.432138 0.014297 0.060355
0 0.888276 0.435355 0.015931 0.053922
0 0.875613 0.435202 0.015114 0.056679
0 0.860090 0.437653 0.016748 0.050551
0 0.827614 0.467371 0.034314 0.053615
0 0.801062 0.437960 0.013889 0.051164
0 0.786356 0.442249 0.016340 0.061581
0 0.767565 0.442402 0.018791 0.062500
0 0.355801 0.540441 0.053922 0.037990
0 0.204248 0.349418 0.056373 0.116728
0 0.384804 0.445466 0.018791 0.031250
0 0.965074 0.608609 0.021650 0.020527
0 0.387051 0.710172 0.047794 0.032475
0 0.433415 0.667892 0.044118 0.031250
0 0.380310 0.674020 0.049020 0.035539
0 0.435458 0.630208 0.048203 0.033701
0 0.383783 0.634957 0.052696 0.038297
0 0.322100 0.759804 0.043709 0.023897
0 0.705474 0.678922 0.026961 0.018382
0 0.966708 0.627757 0.021650 0.020833
0 0.939338 0.632353 0.020833 0.019608
0 0.736724 0.671109 0.029003 0.021752
0 0.772059 0.666360 0.023693 0.022672
0 0.857435 0.625306 0.029412 0.026961
0 0.857435 0.598346 0.026144 0.021446
0 0.858864 0.648744 0.029003 0.017463
0 0.437704 0.703738 0.045343 0.030025
0 0.873570 0.567402 0.025735 0.032475
0 0.904208 0.564185 0.029820 0.028493
0 0.930556 0.560049 0.024510 0.031250
0 0.954453 0.555453 0.022467 0.027574
0 0.979984 0.551624 0.022876 0.024816
0 0.888480 0.596354 0.030229 0.019914
0 0.916462 0.590839 0.024918 0.022365
0 0.941381 0.586244 0.020833 0.024203
0 0.966503 0.581955 0.023693 0.023591
0 0.988766 0.578278 0.022467 0.024203
0 0.889502 0.619945 0.029003 0.021752
0 0.916462 0.613971 0.024918 0.023284
0 0.940768 0.612132 0.023693 0.022059
0 0.636029 0.691636 0.028595 0.022365
0 0.326797 0.728554 0.053105 0.033701
0 0.270016 0.771446 0.047386 0.028186
0 0.271446 0.734988 0.050245 0.041667
0 0.383170 0.744179 0.036765 0.030025
0 0.488562 0.621477 0.042484 0.032782
0 0.602124 0.700521 0.035948 0.023591
0 0.558824 0.708027 0.035948 0.028186
0 0.522876 0.715686 0.035948 0.026961
0 0.806577 0.642616 0.031454 0.045037
0 0.770833 0.636642 0.035948 0.025123
0 0.737541 0.644455 0.033905 0.030331
0 0.703636 0.651808 0.034722 0.028493
0 0.669322 0.656863 0.026552 0.028186
0 0.638072 0.661305 0.035948 0.029105
0 0.601716 0.670650 0.035131 0.028799
0 0.561275 0.678615 0.037582 0.031250
0 0.521446 0.683824 0.036356 0.030637
0 0.482026 0.706036 0.040033 0.056066
0 0.828431 0.600031 0.025327 0.024816
0 0.431577 0.738817 0.043709 0.024816
0 0.800858 0.601103 0.027369 0.026961
0 0.731618 0.614737 0.036765 0.024816
0 0.698734 0.623009 0.028186 0.024816
0 0.665237 0.630668 0.040441 0.024203
0 0.631127 0.633885 0.029412 0.026348
0 0.598652 0.638787 0.032271 0.025123
0 0.559436 0.646140 0.033905 0.028186
0 0.521038 0.652267 0.039624 0.026961
0 0.480188 0.657322 0.034722 0.029718
0 0.716708 0.588235 0.033088 0.030637
0 0.681373 0.592984 0.036765 0.035233
0 0.642770 0.600643 0.038807 0.034007
0 0.602737 0.604626 0.037173 0.034007
0 0.564951 0.611520 0.037582 0.031863
0 0.529003 0.614583 0.033497 0.034926
0 0.771038 0.608150 0.032271 0.027574
0 0.323121 0.683977 0.053105 0.034007
0 0.675245 0.684589 0.035131 0.018689
0 0.297590 0.640319 0.052696 0.035539
0 0.634191 0.240656 0.050245 0.095895
0 0.575776 0.236366 0.037173 0.098346
0 0.538807 0.232077 0.035131 0.094056
0 0.505106 0.227175 0.032271 0.101409
0 0.470180 0.227175 0.034314 0.100797
0 0.430964 0.223652 0.042484 0.107843
0 0.345384 0.214767 0.043709 0.112132
0 0.299632 0.213542 0.046160 0.117034
0 0.251634 0.210784 0.043301 0.114583
0 0.206699 0.206955 0.046569 0.120404
0 0.157475 0.205423 0.045343 0.114890
0 0.106005 0.198836 0.050245 0.125613
0 0.267565 0.691942 0.053922 0.038909
0 0.143791 0.076287 0.248366 0.101103
0 0.331087 0.072763 0.121324 0.137561
0 0.460784 0.099877 0.120098 0.129902
0 0.634395 0.109528 0.097222 0.150429
0 0.717525 0.150735 0.062500 0.079657
0 0.801062 0.104013 0.078431 0.192096
0 0.886234 0.113971 0.082108 0.173407
0 0.956495 0.125613 0.051062 0.181373
0 0.690768 0.243413 0.040850 0.090380
0 0.013889 0.193015 0.024510 0.124387
0 0.725694 0.246324 0.028186 0.087010
0 0.783088 0.253983 0.027778 0.077206
0 0.215278 0.778646 0.049837 0.029105
0 0.216095 0.741728 0.054739 0.041667
0 0.989583 0.604626 0.020833 0.026042
0 0.217116 0.698376 0.046160 0.035846
0 0.888072 0.641697 0.022059 0.019301
0 0.914216 0.638174 0.024510 0.017770
0 0.970180 0.259038 0.017974 0.076287
0 0.948121 0.259038 0.023693 0.071998
0 0.927900 0.258578 0.015931 0.072304
0 0.154003 0.786612 0.059641 0.034007
0 0.155637 0.750000 0.059641 0.036152
0 0.157680 0.712316 0.053105 0.036765
0 0.156863 0.667126 0.065359 0.048713
0 0.091299 0.798407 0.060049 0.035539
0 0.091299 0.760263 0.064134 0.038297
0 0.093546 0.717218 0.064542 0.041054
0 0.029820 0.815717 0.056373 0.032782
0 0.912377 0.260110 0.013480 0.075368
0 0.891953 0.254289 0.023284 0.085172
0 0.867647 0.253064 0.024510 0.081495
0 0.839869 0.251991 0.030229 0.083640
0 0.754698 0.247243 0.029003 0.090074
0 0.052492 0.195159 0.054330 0.118873
