0 0.951185 0.076593 0.062500 0.031863
0 0.229984 0.192862 0.057190 0.088542
0 0.093137 0.140778 0.078431 0.033395
0 0.955474 0.043199 0.071078 0.034926
0 0.055147 0.214154 0.095588 0.042892
0 0.151961 0.214154 0.089869 0.043505
0 0.160335 0.175092 0.079657 0.029718
0 0.286152 0.202053 0.051062 0.078125
0 0.596201 0.213542 0.053513 0.071691
0 0.398897 0.202972 0.057598 0.085478
0 0.469975 0.191176 0.081291 0.110907
0 0.537582 0.209559 0.050654 0.074142
0 0.598243 0.159161 0.053513 0.035233
0 0.663194 0.196078 0.072304 0.112132
0 0.876634 0.016391 0.067810 0.032169
0 0.732435 0.210784 0.062908 0.079657
0 0.341299 0.198836 0.057598 0.084559
0 0.876021 0.049326 0.066585 0.028799
0 0.982435 0.835172 0.035131 0.068015
0 0.795343 0.075368 0.062908 0.029412
0 0.818423 0.138327 0.051879 0.018076
0 0.225082 0.056373 0.051471 0.026348
0 0.223039 0.026961 0.054739 0.026961
0 0.277778 0.034926 0.048203 0.069853
0 0.333946 0.026501 0.056781 0.037071
0 0.334763 0.060202 0.055147 0.028493
0 0.397467 0.060509 0.058007 0.026654
0 0.447100 0.038756 0.039624 0.077512
0 0.485703 0.038909 0.035948 0.077819
0 0.532271 0.035539 0.047386 0.030637
0 0.582721 0.039522 0.047794 0.023284
0 0.530637 0.065564 0.048203 0.025123
0 0.578431 0.066023 0.046569 0.029718
0 0.628676 0.041820 0.049837 0.083640
0 0.679330 0.042126 0.044935 0.084252
0 0.726716 0.043199 0.044935 0.086397
0 0.803513 0.013634 0.075980 0.026654
0 0.868056 0.077206 0.071895 0.023284
0 0.828227 0.157475 0.060866 0.015931
0 0.799837 0.043505 0.074346 0.030637
0 0.956495 0.209865 0.069036 0.075980
0 0.277778 0.738205 0.026961 0.058517
0 0.250000 0.734681 0.025327 0.050858
0 0.187296 0.778952 0.079657 0.037684
0 0.081087 0.763480 0.126225 0.063113
0 0.913399 0.655178 0.040850 0.059743
0 0.801879 0.644455 0.042484 0.086703
0 0.758783 0.641697 0.043709 0.086091
0 0.713031 0.636489 0.042075 0.077512
0 0.661152 0.638787 0.035539 0.075368
0 0.624592 0.642770 0.038399 0.078431
0 0.586397 0.639400 0.037173 0.088235
0 0.532475 0.642004 0.033905 0.071998
0 0.498775 0.642923 0.026961 0.072610
0 0.474673 0.635417 0.022059 0.074142
0 0.449346 0.628676 0.022059 0.068627
0 0.423407 0.632047 0.030637 0.075368
0 0.388685 0.627451 0.026552 0.074142
0 0.357435 0.631434 0.031863 0.082108
0 0.322304 0.635570 0.030229 0.087316
0 0.274306 0.639553 0.034722 0.087929
0 0.241217 0.635876 0.025735 0.084252
0 0.839665 0.212929 0.065768 0.083333
0 0.131127 0.701134 0.078431 0.037071
0 0.344975 0.740349 0.029003 0.057292
0 0.494281 0.726869 0.058007 0.050551
0 0.912173 0.835938 0.034314 0.073223
0 0.873366 0.835325 0.043301 0.073223
0 0.830270 0.838542 0.036356 0.074142
0 0.791054 0.837469 0.040441 0.073836
0 0.742647 0.835172 0.040850 0.073529
0 0.666667 0.821232 0.043301 0.073836
0 0.595384 0.829810 0.046977 0.092831
0 0.521446 0.818934 0.036356 0.069240
0 0.482026 0.830116 0.040033 0.091605
0 0.436887 0.829350 0.039624 0.090074
0 0.389297 0.805913 0.031046 0.045650
0 0.323121 0.837623 0.067810 0.076593
0 0.255106 0.838082 0.060866 0.073223
0 0.106822 0.858456 0.080474 0.045956
0 0.964052 0.740656 0.026961 0.041973
0 0.923203 0.738051 0.027778 0.046569
0 0.872753 0.723499 0.034722 0.040135
0 0.825163 0.732077 0.054739 0.053615
0 0.756536 0.728554 0.050654 0.052696
0 0.690359 0.740656 0.068627 0.044424
0 0.558619 0.733456 0.060866 0.052083
0 0.412173 0.738205 0.102124 0.051777
0 0.047181 0.701134 0.087010 0.038297
0 0.313113 0.736366 0.033088 0.053002
0 0.090482 0.606158 0.083742 0.037071
0 0.357639 0.427696 0.054330 0.071691
0 0.300449 0.422028 0.056781 0.080576
0 0.242239 0.423254 0.057190 0.078125
0 0.140319 0.410846 0.086193 0.043505
0 0.051675 0.407935 0.085376 0.043199
0 0.142565 0.365502 0.090686 0.042279
0 0.049632 0.363664 0.091912 0.042892
0 0.975694 0.330116 0.046977 0.070159
0 0.865196 0.329963 0.055556 0.073529
0 0.801471 0.316789 0.071895 0.091299
0 0.713848 0.331955 0.058415 0.069547
0 0.709967 0.284007 0.075980 0.026348
0 0.621732 0.312194 0.071895 0.092525
0 0.549837 0.318168 0.053922 0.080576
0 0.479984 0.321078 0.058007 0.074755
0 0.417484 0.325674 0.058824 0.071078
0 0.421977 0.276808 0.057190 0.022365
0 0.361315 0.319393 0.050245 0.075674
0 0.283088 0.317555 0.073529 0.074449
0 0.893791 0.220435 0.037582 0.068321
0 0.178309 0.606158 0.079657 0.038297
0 0.428513 0.418811 0.073529 0.089461
0 0.614379 0.426624 0.057190 0.063419
0 0.922794 0.327053 0.055556 0.074449
0 0.901961 0.542739 0.043301 0.070772
0 0.967320 0.537071 0.064542 0.098652
0 0.677492 0.439185 0.054330 0.062194
0 0.860090 0.530944 0.037990 0.091299
0 0.746528 0.540135 0.041258 0.089461
0 0.801266 0.537377 0.060866 0.079044
0 0.696487 0.541360 0.059641 0.085172
0 0.637051 0.535080 0.048611 0.078125
0 0.513889 0.535080 0.079248 0.090380
0 0.445261 0.530025 0.049837 0.066789
0 0.389502 0.527880 0.052696 0.085172
0 0.329044 0.530790 0.046977 0.086091
0 0.584150 0.537837 0.053922 0.081189
0 0.673407 0.394455 0.060049 0.023591
0 0.183415 0.466759 0.071895 0.033395
0 0.101307 0.466912 0.091503 0.036152
0 0.191789 0.506281 0.074755 0.041360
0 0.107230 0.506740 0.088644 0.040441
0 0.977941 0.431679 0.044118 0.077206
0 0.930147 0.433211 0.041667 0.077206
0 0.880719 0.435202 0.050654 0.075674
0 0.254698 0.538297 0.043709 0.065564
0 0.733864 0.431832 0.055147 0.076900
