0 0.561479 0.513327 0.016748 0.040748
0 0.539828 0.512868 0.015931 0.036765
0 0.521446 0.512408 0.016748 0.038909
0 0.501634 0.511642 0.015523 0.037377
0 0.441176 0.511949 0.017157 0.037990
0 0.460172 0.511642 0.017565 0.037377
0 0.419730 0.511336 0.016748 0.036765
0 0.401961 0.511029 0.015523 0.039828
0 0.381740 0.511795 0.017565 0.041360
0 0.481413 0.511183 0.017565 0.036458
0 0.049020 0.182751 0.098039 0.136336
0 0.529003 0.182904 0.057190 0.149510
0 0.237541 0.186275 0.055147 0.147059
0 0.293913 0.184436 0.053513 0.149510
0 0.351716 0.184283 0.058824 0.155331
0 0.411356 0.182138 0.055556 0.151042
0 0.468750 0.180760 0.055964 0.151961
0 0.587623 0.181679 0.055964 0.150123
0 0.645629 0.182445 0.053513 0.145527
0 0.742851 0.173866 0.137663 0.163909
0 0.861520 0.184589 0.090686 0.142463
0 0.039216 0.332108 0.078431 0.123775
0 0.153595 0.323989 0.129085 0.113664
0 0.175654 0.185355 0.062908 0.151348
0 0.362337 0.514706 0.016340 0.037377
0 0.687296 0.391850 0.030637 0.125613
0 0.301471 0.513174 0.013889 0.037377
0 0.248775 0.395833 0.026961 0.123775
0 0.283292 0.393995 0.032271 0.123162
0 0.320874 0.395374 0.031454 0.125919
0 0.356822 0.393229 0.035539 0.128370
0 0.394608 0.392157 0.030229 0.129289
0 0.430556 0.394148 0.038399 0.127145
0 0.470180 0.394455 0.033497 0.130821
0 0.506127 0.393689 0.032680 0.132353
0 0.542075 0.391391 0.028595 0.121630
0 0.578023 0.391850 0.028595 0.128676
0 0.610294 0.392463 0.029412 0.129902
0 0.343137 0.514400 0.016340 0.039828
0 0.650327 0.392616 0.032680 0.124081
0 0.725490 0.393689 0.031046 0.132353
0 0.759600 0.392004 0.031454 0.135110
0 0.812092 0.396140 0.051471 0.147059
0 0.905842 0.362898 0.060866 0.083640
0 0.973856 0.339614 0.052288 0.040135
0 0.972631 0.382659 0.054739 0.040441
0 0.204861 0.513480 0.015114 0.037990
0 0.222835 0.514859 0.017565 0.037684
0 0.241626 0.514400 0.016748 0.039828
0 0.262051 0.513327 0.015114 0.037684
0 0.281250 0.513480 0.015931 0.034926
0 0.078431 0.441483 0.089052 0.081495
0 0.168096 0.437960 0.082108 0.087316
0 0.548407 0.598805 0.066585 0.083640
0 0.164828 0.540901 0.058415 0.086703
0 0.750613 0.789062 0.089461 0.054841
0 0.909518 0.783548 0.122958 0.047488
0 0.880923 0.841605 0.104984 0.063725
0 0.580065 0.511795 0.015523 0.038909
0 0.968546 0.840533 0.058824 0.061581
0 0.598448 0.510263 0.017974 0.038297
0 0.619894 0.511336 0.014297 0.036765
0 0.639297 0.510570 0.015523 0.035233
0 0.659518 0.511336 0.017565 0.038603
0 0.680964 0.508885 0.013889 0.036152
0 0.701389 0.508119 0.016340 0.037071
0 0.649101 0.814798 0.102941 0.087316
0 0.720997 0.508885 0.017157 0.038603
0 0.764093 0.510417 0.014297 0.038603
0 0.782475 0.509651 0.017565 0.037071
0 0.803922 0.509651 0.017974 0.037071
0 0.823325 0.509344 0.014297 0.039522
0 0.841299 0.506740 0.016748 0.040441
0 0.862337 0.507966 0.016340 0.036765
0 0.884191 0.508578 0.017565 0.037990
0 0.905433 0.508272 0.013480 0.037377
0 0.926879 0.511183 0.017974 0.036458
0 0.947712 0.507506 0.013072 0.038909
0 0.967525 0.507353 0.018382 0.032475
0 0.742851 0.510417 0.019199 0.038603
0 0.072508 0.546262 0.094363 0.087623
0 0.530025 0.814032 0.122958 0.088848
0 0.361315 0.814491 0.091095 0.086703
0 0.038807 0.621017 0.048203 0.046569
0 0.093954 0.627451 0.052288 0.049632
0 0.142565 0.636336 0.039216 0.051471
0 0.183824 0.630821 0.032680 0.059436
0 0.094567 0.696691 0.125408 0.051471
0 0.263480 0.702206 0.111111 0.062500
0 0.381944 0.701593 0.102124 0.080270
0 0.245098 0.610447 0.062092 0.060355
0 0.318423 0.600184 0.073121 0.080882
0 0.388889 0.602482 0.061275 0.079350
0 0.469567 0.600031 0.082925 0.084252
0 0.435662 0.829350 0.040441 0.065564
0 0.616626 0.600184 0.063317 0.074755
0 0.760417 0.602941 0.066585 0.074142
0 0.833742 0.600184 0.064542 0.077819
0 0.902574 0.587929 0.066585 0.079044
0 0.969567 0.585784 0.060866 0.081495
0 0.535948 0.701440 0.122549 0.067708
0 0.652982 0.701134 0.101716 0.079350
0 0.763889 0.702359 0.107843 0.075674
0 0.877451 0.698070 0.105392 0.069547
0 0.964665 0.702972 0.064134 0.079963
0 0.074959 0.817708 0.128676 0.080270
0 0.165850 0.803002 0.043301 0.070466
0 0.251634 0.821691 0.117647 0.075980
0 0.688930 0.602788 0.068219 0.072610
0 0.321283 0.512408 0.019199 0.038909
