0 0.509804 0.293964 0.111928 0.105086
0 0.435662 0.818934 0.039624 0.076593
0 0.378268 0.795496 0.040033 0.058517
0 0.329044 0.811734 0.041258 0.075674
0 0.287786 0.818934 0.041258 0.076593
0 0.030637 0.179994 0.060458 0.098346
0 0.911969 0.531710 0.091095 0.099571
0 0.832925 0.535080 0.066993 0.091605
0 0.758374 0.532782 0.078023 0.092525
0 0.690564 0.534161 0.057598 0.089767
0 0.617443 0.529565 0.087010 0.092218
0 0.476716 0.818168 0.042484 0.078125
0 0.547794 0.544118 0.040033 0.059436
0 0.381127 0.536458 0.055556 0.075368
0 0.319036 0.538603 0.049837 0.078431
0 0.265727 0.538603 0.051879 0.077206
0 0.213848 0.537377 0.050245 0.078431
0 0.158497 0.537377 0.058007 0.079657
0 0.106822 0.538143 0.046977 0.081801
0 0.090891 0.188879 0.056781 0.080576
0 0.149101 0.184896 0.061275 0.088542
0 0.212827 0.188266 0.064542 0.074449
0 0.275327 0.184436 0.061275 0.082108
0 0.433824 0.535846 0.049020 0.077206
0 0.030637 0.641085 0.039216 0.085478
0 0.065155 0.640625 0.031454 0.085784
0 0.102737 0.639859 0.042075 0.085478
0 0.497958 0.727175 0.052288 0.058517
0 0.440564 0.725950 0.062500 0.056679
0 0.376838 0.725950 0.063317 0.056066
0 0.316789 0.727482 0.058415 0.060355
0 0.230392 0.727328 0.111928 0.061275
0 0.124387 0.727175 0.098448 0.059130
0 0.043505 0.731618 0.061683 0.050858
0 0.911356 0.606158 0.080065 0.025429
0 0.928309 0.656403 0.072304 0.065870
0 0.847835 0.649816 0.078023 0.062500
0 0.780842 0.638480 0.049428 0.092525
0 0.729984 0.638940 0.053105 0.091605
0 0.683824 0.648744 0.037582 0.071998
0 0.643382 0.635876 0.044118 0.085478
0 0.597018 0.651654 0.046160 0.070466
0 0.505515 0.654718 0.042075 0.047794
0 0.443015 0.641238 0.045343 0.080882
0 0.354575 0.630821 0.044118 0.081495
0 0.312092 0.631281 0.042484 0.080576
0 0.245302 0.643382 0.039624 0.082721
0 0.209150 0.644148 0.031046 0.081801
0 0.177696 0.642923 0.032680 0.078738
0 0.144199 0.637255 0.029412 0.075368
0 0.335989 0.186581 0.058415 0.085172
0 0.428105 0.303309 0.047386 0.086397
0 0.392361 0.187806 0.052696 0.077819
0 0.513889 0.184436 0.065359 0.087010
0 0.812500 0.427237 0.054739 0.076287
0 0.757557 0.423560 0.056781 0.084252
0 0.702206 0.423866 0.054739 0.084865
0 0.622141 0.417279 0.102941 0.100490
0 0.547181 0.407322 0.048611 0.078738
0 0.481209 0.412990 0.083333 0.099877
0 0.391340 0.410539 0.092320 0.109069
0 0.313725 0.419884 0.061275 0.091605
0 0.241626 0.412990 0.080474 0.104779
0 0.164420 0.429841 0.073121 0.072917
0 0.871324 0.429688 0.063725 0.079963
0 0.112541 0.376838 0.055964 0.033088
0 0.239583 0.299326 0.063317 0.091912
0 0.304943 0.298866 0.066585 0.091605
0 0.101716 0.432138 0.049837 0.078125
0 0.045752 0.427849 0.062908 0.086091
0 0.954861 0.293505 0.090278 0.101103
0 0.866830 0.295956 0.086601 0.098039
0 0.786356 0.301164 0.072712 0.093137
0 0.721201 0.302543 0.057598 0.089767
0 0.657271 0.302849 0.067810 0.089767
0 0.596609 0.302543 0.055147 0.089767
0 0.175858 0.300245 0.064134 0.091912
0 0.927900 0.430147 0.049428 0.079657
0 0.117034 0.301471 0.051879 0.085172
0 0.046977 0.297028 0.087418 0.102635
0 0.572508 0.186121 0.054330 0.084252
0 0.636642 0.181373 0.070670 0.093137
0 0.705474 0.179841 0.064542 0.091299
0 0.770833 0.175551 0.067810 0.094975
0 0.835580 0.183670 0.062500 0.084252
0 0.052492 0.535999 0.060049 0.088542
0 0.976511 0.427237 0.046977 0.084865
0 0.900940 0.180607 0.072304 0.089767
0 0.962827 0.186275 0.058007 0.075368
0 0.246936 0.821691 0.039624 0.072917
0 0.204657 0.813879 0.041667 0.086091
0 0.161356 0.815104 0.044935 0.089154
0 0.115400 0.817096 0.045343 0.094363
0 0.074551 0.811887 0.037173 0.083946
0 0.030025 0.817708 0.050245 0.083946
0 0.953431 0.744638 0.052288 0.030944
0 0.892770 0.717065 0.059232 0.024203
0 0.892974 0.742800 0.062908 0.025429
0 0.835784 0.736213 0.050654 0.038603
0 0.781658 0.714767 0.054330 0.033088
0 0.781658 0.743719 0.054330 0.023591
0 0.729779 0.728401 0.046160 0.056066
0 0.654820 0.731771 0.101307 0.054228
0 0.449755 0.183977 0.062092 0.087316
0 0.515319 0.819393 0.036356 0.079963
0 0.587010 0.728401 0.035948 0.060968
0 0.545547 0.727635 0.042075 0.058211
0 0.895221 0.818474 0.051062 0.084865
0 0.848856 0.816023 0.041667 0.090380
0 0.760417 0.817708 0.040441 0.091299
0 0.714257 0.814645 0.047794 0.090074
0 0.671569 0.816942 0.031863 0.089767
0 0.804534 0.817555 0.048611 0.091605
0 0.588644 0.820159 0.035948 0.076593
0 0.553717 0.818015 0.039624 0.083333
0 0.629902 0.815104 0.051471 0.086703
