0 0.269812 0.490349 0.074755 0.051164
0 0.205678 0.592065 0.073121 0.046262
0 0.196691 0.542586 0.071487 0.048407
0 0.273489 0.542586 0.069853 0.048407
0 0.348039 0.542586 0.067810 0.048407
0 0.423611 0.541667 0.074346 0.046569
0 0.424428 0.592984 0.066176 0.048100
0 0.352328 0.592525 0.072304 0.047181
0 0.279616 0.592525 0.065768 0.047181
0 0.208333 0.639093 0.070261 0.045956
0 0.355801 0.687653 0.071078 0.045037
0 0.355392 0.640625 0.070261 0.045956
0 0.426266 0.641238 0.065768 0.044118
0 0.428309 0.687653 0.065768 0.045650
0 0.285743 0.690411 0.065768 0.044424
0 0.212418 0.685968 0.066176 0.044730
0 0.212827 0.732996 0.066993 0.046875
0 0.287173 0.736826 0.068627 0.045343
0 0.357026 0.736366 0.067810 0.045650
0 0.215074 0.780484 0.067402 0.044424
0 0.282884 0.642004 0.064134 0.045650
0 0.428717 0.736673 0.072304 0.046262
0 0.643178 0.539982 0.071487 0.046262
0 0.288194 0.782016 0.066585 0.041360
0 0.959967 0.746170 0.040033 0.064032
0 0.923815 0.747549 0.029003 0.060662
0 0.884395 0.745864 0.033497 0.060355
0 0.850694 0.747549 0.029820 0.063725
0 0.571691 0.541667 0.062500 0.046569
0 0.497549 0.540901 0.066176 0.048100
0 0.495915 0.489277 0.070261 0.052083
0 0.569649 0.490043 0.070670 0.047488
0 0.794118 0.685968 0.066993 0.044730
0 0.794526 0.637714 0.075980 0.046262
0 0.717116 0.637714 0.072304 0.046262
0 0.645016 0.637255 0.066993 0.045343
0 0.572304 0.638787 0.071895 0.045343
0 0.496119 0.641850 0.070670 0.048407
0 0.497958 0.590993 0.070261 0.048407
0 0.572508 0.591299 0.068219 0.047794
0 0.644404 0.588695 0.068219 0.048100
0 0.720792 0.589767 0.071487 0.047794
0 0.794526 0.588695 0.067810 0.045650
0 0.800041 0.539522 0.074755 0.048407
0 0.802288 0.487745 0.075163 0.049020
0 0.721814 0.488817 0.073529 0.051164
0 0.723243 0.539216 0.072304 0.047794
0 0.905025 0.632200 0.032271 0.062806
0 0.644404 0.489430 0.073938 0.052390
0 0.870711 0.633425 0.024918 0.064032
0 0.718342 0.686581 0.070670 0.045956
0 0.358456 0.783701 0.068219 0.041667
0 0.429330 0.783241 0.067810 0.043811
0 0.430351 0.831955 0.065768 0.046262
0 0.357843 0.829504 0.066993 0.047488
0 0.287173 0.827359 0.060458 0.046262
0 0.501634 0.829810 0.069444 0.045037
0 0.572508 0.828738 0.068219 0.045956
0 0.642565 0.828125 0.066176 0.047794
0 0.715278 0.830423 0.068627 0.046262
0 0.788603 0.831648 0.068219 0.045650
0 0.501838 0.783395 0.069853 0.044118
0 0.573938 0.781403 0.066993 0.046262
0 0.644199 0.780484 0.065359 0.045037
0 0.713848 0.781403 0.069853 0.046262
0 0.790645 0.784467 0.068219 0.046262
0 0.793913 0.735907 0.066585 0.049632
0 0.719771 0.733456 0.073529 0.044730
0 0.645425 0.733762 0.071895 0.045343
0 0.573325 0.734222 0.069853 0.046262
0 0.500613 0.736826 0.067402 0.045343
0 0.498570 0.690564 0.071487 0.044730
0 0.573734 0.687040 0.070670 0.043811
0 0.646038 0.685815 0.069036 0.047488
0 0.194649 0.490962 0.071487 0.052390
0 0.435253 0.465533 0.047794 0.041973
0 0.218137 0.827053 0.069444 0.045650
0 0.249183 0.420956 0.061275 0.041667
0 0.568423 0.240656 0.051879 0.031556
0 0.510212 0.243566 0.058007 0.031250
0 0.507966 0.284161 0.061683 0.045650
0 0.571895 0.282016 0.062908 0.047488
0 0.705882 0.232077 0.066176 0.045037
0 0.639910 0.280484 0.060866 0.044424
0 0.707108 0.279412 0.060458 0.045343
0 0.775327 0.275888 0.066176 0.044424
0 0.773284 0.325061 0.062092 0.047794
0 0.705882 0.328125 0.062092 0.044730
0 0.640319 0.328278 0.061683 0.048100
0 0.629493 0.240043 0.058007 0.029718
0 0.572712 0.328891 0.064542 0.043199
0 0.506127 0.377145 0.062092 0.041667
0 0.572508 0.376072 0.065768 0.043199
0 0.638276 0.375000 0.061683 0.040441
0 0.702819 0.373928 0.064134 0.041360
0 0.771038 0.372702 0.065768 0.041973
0 0.770425 0.420037 0.060458 0.044730
0 0.703840 0.418811 0.062092 0.045343
0 0.638072 0.420037 0.061275 0.041667
0 0.573529 0.421569 0.058007 0.044730
0 0.508374 0.421262 0.066585 0.044118
0 0.952410 0.818015 0.036356 0.062500
0 0.376021 0.464461 0.060866 0.041667
0 0.914216 0.818015 0.034314 0.061275
0 0.571691 0.201746 0.058415 0.038909
0 0.631536 0.202819 0.055556 0.041054
0 0.332312 0.074295 0.059232 0.042586
0 0.393587 0.074449 0.057598 0.044730
0 0.454044 0.073223 0.055964 0.042279
0 0.513276 0.073223 0.055964 0.042279
0 0.572917 0.072457 0.055964 0.042586
0 0.634191 0.072151 0.055964 0.042586
0 0.693423 0.071078 0.055964 0.042279
0 0.757149 0.071385 0.055964 0.042279
0 0.755310 0.114583 0.062908 0.041054
0 0.692198 0.115809 0.060866 0.041054
0 0.631536 0.116422 0.055556 0.039216
0 0.758987 0.201440 0.037582 0.038909
0 0.572304 0.117494 0.055556 0.041360
0 0.452206 0.118107 0.055556 0.041360
0 0.392974 0.119332 0.055556 0.041360
0 0.335784 0.118413 0.055556 0.041360
0 0.274510 0.163603 0.055556 0.041054
0 0.333742 0.162531 0.055556 0.041360
0 0.391340 0.160999 0.055556 0.041360
0 0.450572 0.160692 0.055556 0.041360
0 0.572304 0.159926 0.055556 0.041054
0 0.629902 0.158395 0.055556 0.041054
0 0.687908 0.157629 0.055556 0.041360
0 0.750817 0.158088 0.055556 0.041054
0 0.512255 0.116881 0.055556 0.041360
0 0.878881 0.818168 0.033088 0.061581
0 0.507761 0.331955 0.061275 0.043199
0 0.843137 0.817402 0.031046 0.066176
0 0.845792 0.629596 0.023284 0.065564
0 0.511029 0.204504 0.058824 0.038909
0 0.438930 0.235907 0.062500 0.045956
0 0.275940 0.204810 0.059232 0.037684
0 0.277982 0.241881 0.055964 0.033395
0 0.338235 0.199755 0.056373 0.029412
0 0.395629 0.197457 0.053513 0.027880
0 0.452002 0.197304 0.051879 0.027574
0 0.310866 0.284467 0.066993 0.046262
0 0.376634 0.286458 0.060458 0.044118
0 0.440768 0.285692 0.062092 0.045650
0 0.374592 0.238971 0.062092 0.045956
0 0.375204 0.333333 0.061683 0.042892
0 0.442606 0.332874 0.061683 0.041973
0 0.315359 0.421262 0.061275 0.041667
0 0.379493 0.420956 0.061275 0.041667
0 0.443219 0.376838 0.061275 0.041667
0 0.441993 0.421569 0.061275 0.041667
0 0.311070 0.376838 0.060866 0.041667
0 0.248366 0.375613 0.061275 0.041667
0 0.246732 0.329044 0.064542 0.048407
0 0.310866 0.330882 0.058824 0.044118
0 0.378881 0.376838 0.060866 0.041667
