0 0.427900 0.642004 0.034722 0.089154
0 0.465278 0.642616 0.035948 0.086091
0 0.795956 0.636183 0.036356 0.089154
0 0.033701 0.847426 0.037990 0.068627
0 0.502042 0.642770 0.036765 0.088235
0 0.147876 0.520067 0.062908 0.078738
0 0.221405 0.520833 0.082516 0.080270
0 0.304943 0.524816 0.078840 0.069853
0 0.392157 0.640778 0.039216 0.082414
0 0.081495 0.854013 0.054330 0.055453
0 0.538807 0.640931 0.034314 0.088848
0 0.969771 0.636183 0.044935 0.081189
0 0.618873 0.647518 0.066993 0.067096
0 0.675449 0.637868 0.039624 0.090686
0 0.716503 0.636642 0.037582 0.086397
0 0.756944 0.638174 0.036765 0.089461
0 0.019199 0.524663 0.037582 0.079963
0 0.071691 0.526961 0.046160 0.078431
0 0.922590 0.637408 0.045343 0.081801
0 0.878268 0.635570 0.040850 0.090380
0 0.303513 0.669884 0.045752 0.027880
0 0.153186 0.845588 0.032680 0.069240
0 0.835784 0.636183 0.040033 0.089154
0 0.569853 0.645374 0.028595 0.083640
0 0.348856 0.667892 0.039216 0.033088
0 0.703227 0.737592 0.043709 0.064645
0 0.304739 0.634651 0.043301 0.039522
0 0.219975 0.846814 0.041258 0.065564
0 0.292892 0.843597 0.044118 0.051164
0 0.334559 0.843750 0.029412 0.055147
0 0.379085 0.844210 0.053922 0.054228
0 0.439134 0.841452 0.051471 0.059130
0 0.199959 0.742800 0.033905 0.052390
0 0.163194 0.743107 0.038807 0.051164
0 0.370711 0.541513 0.050245 0.040135
0 0.119485 0.741115 0.043709 0.057598
0 0.073529 0.740809 0.046569 0.060662
0 0.940359 0.847120 0.119281 0.100490
0 0.785131 0.834252 0.120098 0.064951
0 0.483864 0.840380 0.033088 0.058824
0 0.531250 0.843750 0.056781 0.061275
0 0.593546 0.839154 0.035131 0.072917
0 0.629902 0.838542 0.031863 0.067402
0 0.677696 0.843903 0.057190 0.053615
0 0.235294 0.742647 0.036765 0.054534
0 0.350694 0.632966 0.042892 0.037990
0 0.273897 0.743873 0.035539 0.056985
0 0.355392 0.742800 0.035948 0.058517
0 0.184845 0.846814 0.028186 0.065564
0 0.228350 0.635263 0.101307 0.077512
0 0.132761 0.635417 0.075980 0.073529
0 0.021446 0.640778 0.040441 0.078125
0 0.984886 0.740962 0.029412 0.067096
0 0.949755 0.740809 0.039216 0.068627
0 0.900123 0.743873 0.038807 0.046569
0 0.849469 0.748162 0.040441 0.057598
0 0.799632 0.743566 0.041258 0.052083
0 0.743260 0.735754 0.033905 0.060968
0 0.656863 0.738511 0.045752 0.058517
0 0.610294 0.741575 0.047386 0.058517
0 0.562704 0.737745 0.041258 0.058824
0 0.514910 0.742341 0.046160 0.066176
0 0.475899 0.741881 0.030229 0.060968
0 0.444649 0.740196 0.033088 0.059436
0 0.406250 0.741268 0.042892 0.055453
0 0.314338 0.742494 0.043709 0.057904
0 0.421364 0.543658 0.046160 0.034620
0 0.471405 0.506740 0.051471 0.035539
0 0.642565 0.269148 0.030229 0.087316
0 0.803105 0.262714 0.050654 0.102635
0 0.847631 0.258119 0.036765 0.095282
0 0.880923 0.263174 0.029820 0.087623
0 0.921160 0.274969 0.048203 0.043811
0 0.969975 0.255515 0.046160 0.098652
0 0.546160 0.422028 0.051471 0.041360
0 0.733252 0.260876 0.044118 0.097120
0 0.490196 0.425092 0.053922 0.038909
0 0.435458 0.427696 0.051471 0.041667
0 0.439338 0.383425 0.060049 0.043199
0 0.379698 0.384651 0.057598 0.043811
0 0.172386 0.178156 0.013889 0.027267
0 0.186275 0.175705 0.014706 0.028493
0 0.200572 0.175858 0.013889 0.030637
0 0.381944 0.424632 0.049020 0.036765
0 0.473243 0.546109 0.051879 0.039522
0 0.685662 0.280331 0.051879 0.042279
0 0.419526 0.507966 0.050654 0.034314
0 0.042484 0.280944 0.049837 0.108456
0 0.092729 0.281250 0.044935 0.109069
0 0.836806 0.393229 0.055964 0.083027
0 0.777778 0.392923 0.053922 0.082414
0 0.218546 0.269148 0.196078 0.132047
0 0.349469 0.261489 0.054330 0.106311
0 0.399918 0.264246 0.046569 0.099571
0 0.443627 0.269301 0.039216 0.087623
0 0.486724 0.264706 0.043709 0.098652
0 0.678922 0.380055 0.057190 0.038297
0 0.709763 0.420496 0.053513 0.035846
0 0.655229 0.419730 0.053105 0.036765
0 0.600286 0.420803 0.054330 0.038909
0 0.560662 0.264553 0.053513 0.098346
0 0.607639 0.264553 0.038807 0.098346
0 0.215891 0.177237 0.014297 0.029105
0 0.245507 0.177083 0.013889 0.028799
0 0.170139 0.130208 0.017565 0.026961
0 0.184232 0.130055 0.010621 0.026654
0 0.525735 0.546875 0.049020 0.041054
0 0.577206 0.547028 0.049020 0.047488
0 0.628472 0.547181 0.048611 0.043505
0 0.525123 0.506281 0.055964 0.032782
0 0.577819 0.504596 0.046977 0.031250
0 0.631740 0.504442 0.051879 0.037071
0 0.680351 0.544730 0.049428 0.042892
0 0.733252 0.544577 0.051471 0.046262
0 0.784109 0.521140 0.040441 0.091299
0 0.824959 0.520067 0.042892 0.090993
0 0.923611 0.516391 0.148693 0.078125
0 0.946691 0.393842 0.047794 0.080576
0 0.128064 0.435355 0.063317 0.041667
0 0.071691 0.384804 0.064951 0.044118
0 0.031454 0.431066 0.056373 0.046569
0 0.200572 0.383732 0.059641 0.043811
0 0.197508 0.129596 0.015931 0.027574
0 0.211601 0.128983 0.011438 0.026348
0 0.226716 0.128830 0.014706 0.024203
0 0.136234 0.383425 0.060866 0.045037
0 0.256740 0.127911 0.011846 0.026042
0 0.268587 0.129136 0.014297 0.024816
0 0.242034 0.129596 0.015114 0.025735
0 0.270016 0.182598 0.011438 0.017770
0 0.281863 0.184283 0.010621 0.015012
0 0.321078 0.384498 0.057190 0.043505
0 0.328636 0.434896 0.058415 0.042586
0 0.215278 0.433364 0.064542 0.043811
0 0.262868 0.383272 0.062500 0.044730
0 0.258170 0.183824 0.009804 0.017770
0 0.895425 0.394301 0.050654 0.087623
