0 0.843954 0.679075 0.021242 0.021752
0 0.845180 0.652574 0.021242 0.025123
0 0.846814 0.623009 0.026961 0.022365
0 0.820057 0.687194 0.020833 0.026348
0 0.822304 0.659620 0.018791 0.025123
0 0.822100 0.633885 0.021650 0.025123
0 0.968546 0.557904 0.017974 0.020833
0 0.912990 0.577972 0.015523 0.021140
0 0.931781 0.570159 0.016340 0.019608
0 0.890523 0.581189 0.017974 0.020221
0 0.871324 0.588695 0.013889 0.021752
0 0.846814 0.596048 0.017974 0.022365
0 0.866830 0.617341 0.017157 0.025123
0 0.822508 0.604320 0.019199 0.024816
0 0.950776 0.535539 0.016748 0.023284
0 0.948734 0.563266 0.012663 0.019914
0 0.868464 0.647212 0.020425 0.018689
0 0.805760 0.146752 0.016748 0.026348
0 0.888889 0.609222 0.017974 0.024816
0 0.935458 0.542126 0.013889 0.022365
0 0.825776 0.149050 0.022467 0.022978
0 0.845997 0.149816 0.019608 0.027574
0 0.867647 0.152420 0.018791 0.023591
0 0.825368 0.120558 0.021650 0.014400
0 0.848856 0.121936 0.018791 0.020833
0 0.867647 0.122549 0.018791 0.019608
0 0.867034 0.670956 0.017565 0.017157
0 0.807394 0.174479 0.017565 0.027880
0 0.846405 0.178002 0.013889 0.025123
0 0.909109 0.655637 0.020833 0.023897
0 0.907884 0.628370 0.018382 0.020833
0 0.931168 0.596967 0.015114 0.021752
0 0.910335 0.601716 0.016748 0.021446
0 0.888889 0.662071 0.014706 0.020221
0 0.887051 0.636795 0.017565 0.021752
0 0.827410 0.174786 0.023284 0.018689
0 0.915033 0.548560 0.019608 0.021140
0 0.406658 0.763940 0.029003 0.083640
0 0.871528 0.560662 0.020833 0.026348
0 0.510008 0.803309 0.016748 0.063725
0 0.487337 0.822151 0.017974 0.069547
0 0.465686 0.825674 0.024510 0.066176
0 0.437092 0.844363 0.020425 0.074755
0 0.413399 0.845895 0.023693 0.071691
0 0.383170 0.857537 0.028595 0.075980
0 0.862132 0.178462 0.020833 0.025429
0 0.353758 0.862898 0.031863 0.065870
0 0.800858 0.630055 0.013480 0.045650
0 0.788194 0.634498 0.013480 0.053309
0 0.772263 0.637561 0.015931 0.046569
0 0.301879 0.377298 0.031863 0.079350
0 0.867239 0.203585 0.017974 0.026654
0 0.847222 0.203585 0.018791 0.027267
0 0.823734 0.200061 0.028186 0.019608
0 0.527778 0.798560 0.020425 0.071998
0 0.553717 0.786458 0.025735 0.055760
0 0.573325 0.781097 0.015114 0.067096
0 0.589665 0.773897 0.016748 0.052083
0 0.849265 0.567096 0.019608 0.031250
0 0.823734 0.575674 0.021650 0.025735
0 0.911152 0.522825 0.024918 0.030331
0 0.885621 0.524510 0.023693 0.026961
0 0.787582 0.693627 0.012255 0.056985
0 0.774918 0.698683 0.011438 0.046875
0 0.762255 0.702053 0.014706 0.054228
0 0.893382 0.555300 0.017157 0.027267
0 0.747753 0.707414 0.013480 0.045343
0 0.716912 0.719669 0.014706 0.055760
0 0.700368 0.727328 0.024918 0.045343
0 0.680351 0.734681 0.013480 0.059436
0 0.666462 0.739583 0.016748 0.049020
0 0.650123 0.749540 0.015114 0.067096
0 0.629902 0.755974 0.025327 0.053615
0 0.606822 0.765012 0.019199 0.069240
0 0.732843 0.716759 0.015523 0.062194
0 0.801266 0.199602 0.017565 0.019301
0 0.805147 0.116115 0.018791 0.023284
0 0.745098 0.647059 0.014706 0.051471
0 0.589257 0.373621 0.024918 0.027267
0 0.618873 0.373009 0.034314 0.027880
0 0.592116 0.401654 0.027369 0.026961
0 0.589869 0.430147 0.030229 0.030025
0 0.750408 0.279412 0.022059 0.024510
0 0.668505 0.246783 0.030637 0.029105
0 0.700368 0.248315 0.028186 0.030944
0 0.727533 0.249540 0.026144 0.030944
0 0.752042 0.252145 0.018791 0.025735
0 0.668913 0.212469 0.024918 0.030944
0 0.700368 0.217831 0.024918 0.023897
0 0.728350 0.218750 0.031046 0.025123
0 0.667484 0.367647 0.022059 0.029412
0 0.756127 0.221507 0.021242 0.023284
0 0.642770 0.398744 0.019199 0.028493
0 0.666667 0.399510 0.026961 0.028799
0 0.694036 0.396906 0.027778 0.024816
0 0.719975 0.395527 0.024101 0.029412
0 0.642770 0.431373 0.015931 0.030637
0 0.637459 0.459099 0.029003 0.024816
0 0.664420 0.427237 0.024918 0.024203
0 0.691993 0.425551 0.026961 0.028186
0 0.720792 0.422947 0.022467 0.022978
0 0.665850 0.454963 0.025327 0.023897
0 0.692198 0.454963 0.024101 0.025735
0 0.720588 0.447763 0.025327 0.023591
0 0.778186 0.221814 0.017974 0.023897
0 0.322712 0.497855 0.051471 0.034314
0 0.692606 0.366575 0.028186 0.026654
0 0.721201 0.338542 0.023284 0.030025
0 0.702819 0.154718 0.033088 0.028186
0 0.730801 0.155944 0.023693 0.030637
0 0.757761 0.159926 0.024510 0.022672
0 0.779616 0.162990 0.015114 0.028186
0 0.643995 0.176930 0.024918 0.035233
0 0.672998 0.181373 0.033088 0.026348
0 0.758170 0.643842 0.012255 0.057904
0 0.728145 0.189185 0.024101 0.029718
0 0.751021 0.190257 0.019199 0.031863
0 0.775531 0.193321 0.025735 0.028186
0 0.608047 0.208793 0.031454 0.032782
0 0.609273 0.243873 0.029003 0.028186
0 0.719363 0.367034 0.027778 0.025735
0 0.608660 0.276654 0.032680 0.033088
0 0.639910 0.211244 0.026552 0.033395
0 0.640114 0.245711 0.026144 0.031863
0 0.639297 0.279718 0.025327 0.031863
0 0.668301 0.279412 0.030229 0.031863
0 0.696895 0.278952 0.027778 0.030331
0 0.725694 0.279871 0.025735 0.030944
0 0.641748 0.308211 0.026961 0.025735
0 0.669526 0.308977 0.026144 0.024203
0 0.699142 0.309743 0.025735 0.023897
0 0.726307 0.308670 0.023693 0.024816
0 0.666667 0.339308 0.023693 0.026654
0 0.694036 0.338542 0.031046 0.028799
0 0.609477 0.310355 0.031863 0.030025
0 0.674020 0.148438 0.025327 0.038909
0 0.334967 0.535692 0.050654 0.035233
0 0.335989 0.573376 0.046977 0.030944
0 0.786969 0.461857 0.020016 0.021140
0 0.827206 0.435662 0.022876 0.024510
0 0.806373 0.434589 0.021242 0.024816
0 0.829657 0.412071 0.017974 0.020221
0 0.806577 0.411305 0.021650 0.020527
0 0.830270 0.388480 0.019199 0.022672
0 0.809028 0.387714 0.020833 0.022978
0 0.760825 0.490043 0.022467 0.026042
0 0.761642 0.466759 0.019199 0.019301
0 0.766544 0.437500 0.016748 0.021446
0 0.744894 0.443474 0.020833 0.019301
0 0.767157 0.415288 0.017974 0.019301
0 0.806577 0.461244 0.018382 0.022365
0 0.747141 0.418505 0.018791 0.025735
0 0.750204 0.366728 0.024918 0.025123
0 0.749387 0.335938 0.026552 0.022365
0 0.834559 0.363817 0.015523 0.022365
0 0.813725 0.363971 0.026961 0.024510
0 0.849060 0.335325 0.013480 0.023591
0 0.832925 0.337163 0.017974 0.026654
0 0.811887 0.337623 0.023284 0.025735
0 0.856005 0.309436 0.011029 0.023284
0 0.841912 0.310049 0.017157 0.024510
0 0.823529 0.310355 0.021242 0.026348
0 0.797386 0.309896 0.028595 0.026654
0 0.845588 0.282475 0.015523 0.025735
0 0.747141 0.390625 0.022059 0.023897
0 0.386438 0.524357 0.044118 0.034620
0 0.828431 0.459099 0.025327 0.018076
0 0.784722 0.488358 0.022059 0.022672
0 0.384600 0.563113 0.040441 0.033701
0 0.446691 0.517004 0.037173 0.027880
0 0.445670 0.549479 0.036765 0.037071
0 0.482230 0.511489 0.036356 0.029105
0 0.486111 0.544884 0.031046 0.034620
0 0.517565 0.507506 0.031863 0.021140
0 0.518995 0.536918 0.031454 0.037684
0 0.551062 0.501838 0.030229 0.028186
0 0.550858 0.534773 0.029820 0.028493
0 0.580474 0.496783 0.029412 0.025429
0 0.581087 0.527727 0.029003 0.033395
0 0.610907 0.490656 0.027369 0.027267
0 0.850490 0.454197 0.018791 0.027267
0 0.611315 0.520680 0.024918 0.028493
0 0.638072 0.515931 0.024510 0.028186
0 0.665441 0.481618 0.021242 0.025123
0 0.664216 0.509344 0.022059 0.026654
0 0.690155 0.479320 0.020016 0.020527
0 0.687704 0.505668 0.024918 0.026654
0 0.715686 0.476409 0.021242 0.026961
0 0.715278 0.503983 0.019608 0.028186
0 0.739379 0.474112 0.022059 0.024203
0 0.737541 0.497702 0.022467 0.024816
0 0.750613 0.308211 0.022467 0.025735
0 0.801266 0.280025 0.026552 0.030025
0 0.825980 0.282322 0.022876 0.026042
0 0.639297 0.486520 0.025327 0.025735
0 0.780229 0.131893 0.028595 0.026654
0 0.702410 0.185509 0.023284 0.033395
0 0.731618 0.124847 0.031046 0.027267
0 0.568627 0.631740 0.021242 0.080270
0 0.546160 0.637561 0.022876 0.069853
0 0.525940 0.646752 0.020016 0.087623
0 0.502859 0.651042 0.026961 0.078431
0 0.479167 0.655178 0.020425 0.084865
0 0.451593 0.662377 0.030637 0.070466
0 0.369485 0.661918 0.026552 0.087929
0 0.339461 0.665901 0.031863 0.079963
0 0.827206 0.482077 0.016340 0.019301
0 0.805760 0.486520 0.020016 0.025735
0 0.361520 0.028339 0.047386 0.047488
0 0.407271 0.035386 0.039216 0.032169
0 0.446691 0.044577 0.037173 0.043199
0 0.487541 0.051317 0.043709 0.030944
0 0.526144 0.060968 0.030229 0.042279
0 0.558007 0.067249 0.031046 0.040748
0 0.590891 0.073376 0.031454 0.036458
0 0.623162 0.080423 0.029820 0.034007
0 0.756536 0.127757 0.018791 0.034926
0 0.365196 0.073836 0.049020 0.039828
0 0.408292 0.074755 0.037990 0.039216
0 0.450163 0.086550 0.040850 0.037071
0 0.490196 0.091605 0.035948 0.040441
0 0.525735 0.099418 0.032680 0.032169
0 0.559028 0.105086 0.029820 0.031863
0 0.590891 0.623928 0.021650 0.064032
0 0.611111 0.623468 0.018791 0.063725
0 0.630719 0.615809 0.023693 0.066176
0 0.650940 0.614124 0.013480 0.070772
0 0.730392 0.653033 0.013072 0.063419
0 0.715278 0.658854 0.017157 0.051777
0 0.697917 0.662837 0.017565 0.059743
0 0.680147 0.669271 0.016340 0.046875
0 0.664011 0.677849 0.015114 0.062806
0 0.645425 0.680913 0.021242 0.056066
0 0.626225 0.687347 0.014706 0.069547
0 0.606822 0.692555 0.022467 0.060355
0 0.588440 0.702359 0.016748 0.079350
0 0.570670 0.709712 0.015523 0.064032
0 0.553105 0.717525 0.020425 0.068015
0 0.528186 0.725643 0.018791 0.065870
0 0.591912 0.110907 0.029412 0.032475
0 0.507353 0.731158 0.023693 0.055453
0 0.459763 0.748928 0.022467 0.071998
0 0.434436 0.759038 0.028186 0.092831
0 0.378268 0.771446 0.027778 0.096201
0 0.342320 0.778493 0.044118 0.082108
0 0.776348 0.578585 0.014297 0.054841
0 0.761029 0.582567 0.017974 0.046875
0 0.744894 0.586397 0.014297 0.053309
0 0.729984 0.585631 0.015523 0.055453
0 0.713848 0.592678 0.014297 0.071385
0 0.697917 0.597886 0.017565 0.060968
0 0.679739 0.605699 0.021242 0.075980
0 0.662173 0.610754 0.011438 0.065870
0 0.484273 0.744485 0.024101 0.082108
0 0.620915 0.113817 0.028595 0.030944
0 0.651757 0.086397 0.024918 0.031863
0 0.368873 0.113205 0.044118 0.041360
0 0.435866 0.269455 0.043301 0.037071
0 0.439134 0.308058 0.037582 0.039522
0 0.480596 0.271599 0.038807 0.036458
0 0.516748 0.274510 0.033497 0.032475
0 0.549224 0.274663 0.032271 0.033395
0 0.548611 0.308364 0.034314 0.035233
0 0.648897 0.116115 0.025735 0.028186
0 0.481413 0.308824 0.046977 0.033701
0 0.482639 0.343137 0.037173 0.031863
0 0.517157 0.343137 0.024510 0.033701
0 0.487541 0.376991 0.028186 0.036458
0 0.517770 0.378217 0.029003 0.034007
0 0.554739 0.240656 0.037582 0.028493
0 0.486520 0.412224 0.029412 0.029718
0 0.482026 0.446385 0.032680 0.034926
0 0.515523 0.445925 0.033497 0.034007
0 0.480801 0.479013 0.039216 0.029718
0 0.517974 0.479473 0.032680 0.030637
0 0.556373 0.342218 0.034314 0.030025
0 0.554534 0.372243 0.037990 0.031863
0 0.556373 0.404871 0.040850 0.026654
0 0.556985 0.436121 0.036356 0.032782
0 0.579861 0.465839 0.028186 0.026654
0 0.589257 0.341146 0.028186 0.032782
0 0.617647 0.344210 0.028595 0.026654
0 0.706699 0.120251 0.018791 0.034007
0 0.517565 0.412377 0.031863 0.028799
0 0.556168 0.210325 0.033905 0.031556
0 0.517974 0.308824 0.026961 0.034314
0 0.389910 0.485447 0.035539 0.035233
0 0.409518 0.117188 0.031454 0.035233
0 0.451389 0.123928 0.040033 0.037071
0 0.487132 0.126685 0.029820 0.032782
0 0.522059 0.131587 0.031046 0.028493
0 0.558007 0.135723 0.031046 0.027574
0 0.429534 0.485447 0.030637 0.032782
0 0.620302 0.142310 0.024101 0.026654
0 0.372958 0.152420 0.042484 0.036458
0 0.414011 0.153646 0.030637 0.032782
0 0.451797 0.151654 0.034314 0.019608
0 0.491422 0.159007 0.029412 0.029412
0 0.526757 0.163143 0.028186 0.030944
0 0.558824 0.170496 0.029412 0.029105
0 0.592116 0.142616 0.027369 0.029718
0 0.371324 0.192402 0.045752 0.040441
0 0.590891 0.173407 0.031454 0.028186
0 0.423203 0.451746 0.035131 0.031556
0 0.421773 0.418505 0.037173 0.030637
0 0.420956 0.346048 0.035539 0.033395
0 0.383170 0.451134 0.036765 0.032169
0 0.382149 0.417433 0.038807 0.035233
0 0.419730 0.382047 0.035539 0.039828
0 0.381127 0.346661 0.040033 0.037071
0 0.378268 0.309589 0.040850 0.032782
0 0.374183 0.270221 0.041667 0.036152
0 0.374183 0.231464 0.039216 0.038297
0 0.381536 0.383119 0.037582 0.034620
