0 0.734635 0.474023 0.103646 0.045703
0 0.246615 0.400391 0.085938 0.042188
0 0.430208 0.401562 0.090625 0.050781
0 0.525260 0.403711 0.092188 0.048828
0 0.623437 0.402539 0.098958 0.047266
0 0.728906 0.402539 0.103646 0.046484
0 0.849219 0.401953 0.111979 0.054688
0 0.846094 0.473828 0.109896 0.048438
0 0.337240 0.401172 0.091146 0.043750
0 0.024219 0.458203 0.048438 0.041406
0 0.732031 0.668750 0.102604 0.050000
0 0.175260 0.464062 0.077604 0.041406
0 0.260156 0.465625 0.083854 0.041406
0 0.349740 0.465430 0.088021 0.044141
0 0.440625 0.467383 0.090625 0.044922
0 0.535677 0.471484 0.093229 0.043750
0 0.632552 0.473438 0.095312 0.047656
0 0.024219 0.515820 0.048438 0.040234
0 0.163542 0.398242 0.078125 0.044141
0 0.089323 0.519531 0.076563 0.041406
0 0.092708 0.463086 0.079167 0.042578
0 0.078385 0.398242 0.083854 0.044141
0 0.157292 0.266016 0.082292 0.046094
0 0.522917 0.329688 0.095833 0.053906
0 0.847917 0.675195 0.109375 0.050391
0 0.334115 0.177539 0.097396 0.051953
0 0.437500 0.173437 0.104167 0.053125
0 0.070312 0.267969 0.087500 0.043750
0 0.172135 0.521875 0.082812 0.037500
0 0.244271 0.264258 0.084375 0.048047
0 0.335677 0.262500 0.088021 0.050781
0 0.430469 0.261328 0.094271 0.051562
0 0.529167 0.258203 0.095833 0.051562
0 0.631771 0.254297 0.101042 0.053125
0 0.743229 0.250781 0.108333 0.057813
0 0.857812 0.246680 0.117708 0.052734
0 0.853125 0.323437 0.108333 0.057031
0 0.730990 0.327539 0.104688 0.055859
0 0.072656 0.334570 0.088021 0.042578
0 0.157031 0.332617 0.077604 0.046484
0 0.242969 0.335352 0.081771 0.046484
0 0.329167 0.332227 0.086458 0.050391
0 0.426302 0.330859 0.094271 0.050000
0 0.625000 0.331445 0.104167 0.054297
0 0.258333 0.524219 0.080208 0.042188
0 0.194010 0.641406 0.078646 0.041406
0 0.430469 0.530469 0.085938 0.045312
0 0.063802 0.793164 0.061979 0.038672
0 0.301042 0.806641 0.063542 0.025781
0 0.376563 0.831836 0.080208 0.048047
0 0.463021 0.837695 0.086458 0.054297
0 0.836198 0.865820 0.098437 0.046484
0 0.736979 0.856445 0.087500 0.049609
0 0.642708 0.848828 0.086458 0.049219
0 0.133854 0.800000 0.071875 0.040625
0 0.554948 0.843750 0.085938 0.048438
0 0.542708 0.783203 0.086458 0.052344
0 0.454167 0.777344 0.084375 0.053125
0 0.368750 0.769141 0.081250 0.049219
0 0.285156 0.762695 0.080729 0.044922
0 0.213281 0.743164 0.059896 0.030859
0 0.120052 0.746484 0.069271 0.046875
0 0.044271 0.742969 0.067708 0.042188
0 0.635938 0.790625 0.089583 0.058594
0 0.834635 0.808398 0.095312 0.060547
0 0.213281 0.809180 0.079687 0.043359
0 0.103385 0.859961 0.068229 0.044141
0 0.342708 0.527734 0.086458 0.042969
0 0.334635 0.886133 0.074479 0.047266
0 0.418490 0.894727 0.082812 0.049609
0 0.504948 0.904102 0.080729 0.052734
0 0.592448 0.912695 0.083854 0.051953
0 0.685156 0.921289 0.094271 0.053516
0 0.778646 0.930859 0.089583 0.051562
0 0.032292 0.851562 0.064583 0.042188
0 0.880729 0.927930 0.102083 0.051953
0 0.256250 0.875391 0.076042 0.047656
0 0.277083 0.644531 0.077083 0.044531
0 0.358594 0.649219 0.080729 0.047656
0 0.443229 0.653320 0.083333 0.043359
0 0.534635 0.658789 0.091146 0.051172
0 0.629948 0.662695 0.093229 0.050391
0 0.177865 0.866211 0.074479 0.044141
0 0.038281 0.630859 0.068229 0.041406
0 0.732552 0.802539 0.095312 0.054297
0 0.115625 0.638086 0.076042 0.044141
0 0.742969 0.734375 0.095312 0.053125
0 0.039323 0.093555 0.078646 0.076953
0 0.041146 0.689258 0.073958 0.044922
0 0.353646 0.587500 0.079167 0.046875
0 0.267188 0.585156 0.085417 0.047656
0 0.181771 0.581445 0.078125 0.046484
0 0.102344 0.578906 0.069271 0.041406
0 0.030208 0.577734 0.060417 0.039844
0 0.538802 0.597070 0.091146 0.047266
0 0.441146 0.594727 0.087500 0.045703
0 0.637760 0.599609 0.093229 0.046094
0 0.845052 0.608594 0.107813 0.046094
0 0.834375 0.538867 0.107292 0.047266
0 0.724740 0.535547 0.103646 0.046875
0 0.623177 0.533203 0.096354 0.045312
0 0.841927 0.737891 0.097396 0.057031
0 0.130729 0.090234 0.094792 0.073438
0 0.225521 0.083398 0.088542 0.089453
0 0.738021 0.604883 0.097917 0.044922
0 0.431771 0.069336 0.060417 0.086328
0 0.646354 0.729297 0.089583 0.057813
0 0.322135 0.078906 0.094271 0.084375
0 0.551302 0.722461 0.091146 0.056641
0 0.461979 0.715234 0.084375 0.054688
0 0.375260 0.711719 0.081771 0.047656
0 0.292708 0.706445 0.080208 0.045703
0 0.118750 0.694531 0.078125 0.050000
0 0.239844 0.184375 0.088021 0.047656
0 0.148958 0.188477 0.085417 0.046484
0 0.523698 0.531641 0.097396 0.045312
0 0.060156 0.191406 0.088021 0.046094
0 0.752083 0.156445 0.109375 0.055859
0 0.523438 0.067187 0.105208 0.091406
0 0.640365 0.164453 0.106771 0.050781
0 0.876563 0.150781 0.117708 0.057031
0 0.876823 0.048047 0.126562 0.093750
0 0.751042 0.049805 0.115625 0.093359
0 0.633073 0.058594 0.107813 0.099219
