0 0.199551 0.739277 0.073121 0.109069
0 0.249796 0.041973 0.087010 0.083946
0 0.160948 0.042892 0.088235 0.084559
0 0.274714 0.736673 0.076389 0.103860
0 0.351716 0.734069 0.076797 0.107230
0 0.416667 0.735907 0.053105 0.109681
0 0.474469 0.735907 0.060049 0.108456
0 0.540441 0.734835 0.070261 0.105086
0 0.330270 0.042279 0.075572 0.083333
0 0.132966 0.703891 0.035539 0.069547
0 0.948325 0.613205 0.077206 0.104473
0 0.604575 0.734988 0.058007 0.102941
0 0.873979 0.613817 0.072304 0.102635
0 0.587010 0.614890 0.080882 0.100490
0 0.663399 0.614124 0.070261 0.102635
0 0.735294 0.615349 0.073529 0.105699
0 0.804739 0.614430 0.065359 0.104473
0 0.096609 0.697917 0.036356 0.081495
0 0.064542 0.700980 0.030229 0.068015
0 0.026961 0.696691 0.044118 0.076593
0 0.509600 0.614890 0.073121 0.101103
0 0.668913 0.735294 0.071487 0.106005
0 0.363562 0.615043 0.062092 0.103248
0 0.804330 0.736520 0.073529 0.108456
0 0.299020 0.513174 0.041667 0.079044
0 0.255719 0.512255 0.044935 0.079657
0 0.092116 0.501685 0.030637 0.084865
0 0.058619 0.500766 0.033905 0.082414
0 0.021855 0.500766 0.040441 0.080576
0 0.974877 0.406556 0.050245 0.083946
0 0.928513 0.408241 0.044118 0.085478
0 0.881944 0.409007 0.049837 0.083946
0 0.831291 0.410539 0.051471 0.085172
0 0.780433 0.411152 0.048611 0.083946
0 0.735294 0.412531 0.041667 0.076900
0 0.687092 0.410233 0.053922 0.082108
0 0.624796 0.410692 0.060049 0.080576
0 0.570874 0.412531 0.048611 0.076900
0 0.471405 0.414369 0.044118 0.077512
0 0.430147 0.415288 0.038399 0.077512
0 0.389502 0.413297 0.043709 0.075368
0 0.347222 0.413450 0.042484 0.081189
0 0.303513 0.414369 0.047386 0.082414
0 0.256127 0.413909 0.045752 0.082108
0 0.214257 0.413143 0.041258 0.079963
0 0.178105 0.557292 0.068627 0.035539
0 0.158292 0.517463 0.060866 0.039828
0 0.342729 0.513174 0.045752 0.079044
0 0.383374 0.511489 0.034722 0.079963
0 0.423815 0.512408 0.048611 0.079963
0 0.474469 0.512868 0.046977 0.077206
0 0.796977 0.874540 0.056373 0.102022
0 0.726103 0.888327 0.080474 0.107537
0 0.651348 0.888480 0.061683 0.112745
0 0.582312 0.891697 0.077206 0.106924
0 0.510008 0.882966 0.060866 0.113971
0 0.446487 0.885570 0.064542 0.109375
0 0.372753 0.883578 0.080474 0.112745
0 0.297386 0.879136 0.070261 0.108150
0 0.220997 0.889859 0.064542 0.102635
0 0.169526 0.892004 0.031863 0.090993
0 0.136029 0.892310 0.035131 0.092831
0 0.154003 0.474724 0.065359 0.040748
0 0.102533 0.892310 0.032680 0.096507
0 0.032884 0.892004 0.040441 0.093444
0 0.119690 0.794118 0.040850 0.066176
0 0.084355 0.796109 0.031454 0.062194
0 0.052696 0.794730 0.031863 0.060662
0 0.020221 0.794271 0.033905 0.060968
0 0.780025 0.515472 0.054330 0.069547
0 0.726307 0.515319 0.055556 0.069240
0 0.676062 0.513940 0.044118 0.068321
0 0.635008 0.516085 0.041258 0.068321
0 0.590482 0.510263 0.042892 0.079963
0 0.546160 0.513021 0.046569 0.078738
0 0.069649 0.891544 0.033905 0.094363
0 0.142565 0.414216 0.061275 0.077819
0 0.033292 0.402880 0.050245 0.057598
0 0.981209 0.305607 0.037582 0.086703
0 0.893995 0.203125 0.048611 0.063725
0 0.839665 0.192555 0.058415 0.085478
0 0.788399 0.192708 0.032680 0.079657
0 0.745302 0.186581 0.051879 0.092525
0 0.698938 0.187806 0.042484 0.094363
0 0.655433 0.187347 0.044526 0.094056
0 0.604984 0.186581 0.055556 0.091912
0 0.546773 0.179688 0.060866 0.105086
0 0.486315 0.179994 0.058415 0.105086
0 0.425654 0.179381 0.064542 0.106924
0 0.363971 0.179075 0.059641 0.106924
0 0.946078 0.204197 0.037582 0.060968
0 0.302492 0.172947 0.061683 0.120404
0 0.058007 0.170803 0.114379 0.128370
0 0.021855 0.044884 0.042892 0.083027
0 0.657680 0.060202 0.033497 0.059743
0 0.612949 0.044424 0.052696 0.088848
0 0.567402 0.044730 0.035131 0.088235
0 0.525940 0.044884 0.044526 0.087929
0 0.480596 0.043658 0.046977 0.085478
0 0.435662 0.043199 0.039624 0.086397
0 0.390727 0.043352 0.046160 0.083640
0 0.977124 0.740502 0.045752 0.104779
0 0.916054 0.729320 0.067402 0.105086
0 0.175858 0.177390 0.079657 0.110294
0 0.736315 0.734681 0.062500 0.106005
0 0.982843 0.205729 0.034314 0.058517
0 0.203227 0.623009 0.083742 0.090380
0 0.938113 0.304534 0.046977 0.088848
0 0.892157 0.305607 0.044935 0.089154
0 0.846405 0.306219 0.045752 0.087316
0 0.799632 0.306219 0.048611 0.087929
0 0.751225 0.303922 0.044118 0.094975
0 0.703023 0.305913 0.053922 0.089154
0 0.650531 0.306526 0.051062 0.089767
0 0.603145 0.306219 0.042075 0.089767
0 0.555147 0.306526 0.054739 0.089767
0 0.500613 0.305760 0.048611 0.088848
0 0.451389 0.307445 0.049020 0.090380
0 0.291054 0.615043 0.082925 0.103248
0 0.400123 0.308670 0.051879 0.087316
0 0.266953 0.307138 0.044526 0.089154
0 0.220588 0.306985 0.048203 0.088848
0 0.164624 0.306679 0.060458 0.090686
0 0.106822 0.299326 0.046977 0.071078
0 0.063725 0.300092 0.037582 0.071385
0 0.023080 0.303156 0.042892 0.066483
0 0.832925 0.515319 0.051471 0.069240
0 0.013889 0.605545 0.026961 0.059743
0 0.044322 0.605086 0.033905 0.061275
0 0.078636 0.599724 0.035539 0.071385
0 0.116422 0.610600 0.040850 0.045956
0 0.316381 0.305300 0.054330 0.089767
0 0.433211 0.615349 0.079657 0.101409
0 0.906250 0.882812 0.060049 0.100184
0 0.848856 0.868566 0.048203 0.096814
