0 0.194853 0.849265 0.053922 0.041667
0 0.265931 0.855239 0.032680 0.021140
0 0.301879 0.853554 0.034314 0.026348
0 0.343750 0.849112 0.038807 0.031556
0 0.392770 0.828738 0.030637 0.029412
0 0.651757 0.821844 0.033905 0.097120
0 0.439134 0.824602 0.037582 0.080576
0 0.479371 0.828585 0.041258 0.071998
0 0.515319 0.810509 0.016748 0.059743
0 0.558211 0.843137 0.048611 0.043505
0 0.607026 0.829810 0.044118 0.077512
0 0.070057 0.811121 0.061683 0.037071
0 0.695670 0.820925 0.039216 0.094056
0 0.736520 0.820772 0.037582 0.092525
0 0.779616 0.820159 0.040441 0.093750
0 0.822712 0.819087 0.036765 0.094056
0 0.868668 0.834712 0.039624 0.070159
0 0.397059 0.783701 0.035948 0.052083
0 0.130923 0.813266 0.054330 0.030331
0 0.661969 0.459865 0.051062 0.096814
0 0.066585 0.851256 0.069444 0.033395
0 0.210580 0.696385 0.040441 0.079657
0 0.260417 0.696385 0.047794 0.085784
0 0.305147 0.695312 0.040850 0.078738
0 0.345792 0.694393 0.039624 0.081189
0 0.393178 0.693168 0.044526 0.081801
0 0.436683 0.693015 0.041667 0.083946
0 0.479984 0.698836 0.035948 0.066789
0 0.517770 0.699602 0.037990 0.068321
0 0.563521 0.693934 0.042892 0.083333
0 0.607843 0.695159 0.042484 0.082108
0 0.650123 0.693781 0.033905 0.085478
0 0.694240 0.694700 0.045343 0.080576
0 0.730801 0.694393 0.026144 0.079350
0 0.763276 0.696078 0.033088 0.082721
0 0.927492 0.834099 0.077206 0.075061
0 0.793709 0.693474 0.023693 0.082414
0 0.825776 0.694240 0.037173 0.083946
0 0.872345 0.705270 0.033905 0.060662
0 0.918301 0.699449 0.052288 0.073529
0 0.974673 0.708027 0.049837 0.068627
0 0.014910 0.832874 0.029820 0.070772
0 0.132353 0.849724 0.057190 0.032782
0 0.984477 0.846967 0.031046 0.051164
0 0.148897 0.609988 0.032271 0.047181
0 0.236111 0.142463 0.024510 0.082108
0 0.524714 0.460478 0.035539 0.086397
0 0.561479 0.462163 0.038807 0.083027
0 0.607843 0.458487 0.045752 0.098958
0 0.091095 0.366422 0.041667 0.032475
0 0.728962 0.457414 0.076389 0.092525
0 0.789216 0.456648 0.031046 0.094056
0 0.820466 0.458027 0.023284 0.100490
0 0.850899 0.479779 0.029412 0.054534
0 0.935866 0.338542 0.033497 0.065564
0 0.935049 0.394608 0.015523 0.044118
0 0.048815 0.399969 0.042892 0.035233
0 0.917688 0.411765 0.015931 0.072917
0 0.977941 0.416360 0.044118 0.077206
0 0.056781 0.364430 0.021242 0.033395
0 0.023489 0.299173 0.045343 0.027880
0 0.071487 0.296875 0.045752 0.034314
0 0.031046 0.579350 0.043301 0.036152
0 0.031863 0.614124 0.048203 0.029105
0 0.075368 0.606924 0.038807 0.045956
0 0.116626 0.596048 0.029003 0.064645
0 0.070261 0.260570 0.044935 0.035233
0 0.122958 0.259651 0.047386 0.032782
0 0.901757 0.439491 0.015931 0.068321
0 0.490605 0.459559 0.028595 0.090686
0 0.459967 0.458487 0.030229 0.089767
0 0.417279 0.459099 0.051062 0.089154
0 0.273284 0.146446 0.044935 0.026961
0 0.314134 0.587469 0.026961 0.086091
0 0.279412 0.587929 0.034314 0.083333
0 0.242239 0.587623 0.026961 0.083946
0 0.206291 0.588082 0.038399 0.083027
0 0.171160 0.716452 0.035131 0.058517
0 0.498775 0.360600 0.038399 0.066789
0 0.456087 0.360447 0.029820 0.063419
0 0.424837 0.361060 0.027778 0.060355
0 0.383987 0.363664 0.048203 0.056985
0 0.341708 0.378370 0.034722 0.027574
0 0.258578 0.363971 0.050654 0.061275
0 0.208742 0.377604 0.030229 0.029105
0 0.169118 0.378830 0.037582 0.023591
0 0.457721 0.175245 0.037173 0.026961
0 0.455882 0.145987 0.041667 0.029105
0 0.411969 0.147978 0.040441 0.025123
0 0.319444 0.150276 0.044118 0.084865
0 0.275940 0.175858 0.046160 0.028186
0 0.130106 0.391238 0.026552 0.058211
0 0.090686 0.401195 0.040850 0.034620
0 0.332925 0.485447 0.027778 0.033395
0 0.369077 0.467525 0.037990 0.071691
0 0.167279 0.159007 0.043709 0.049632
0 0.125408 0.722273 0.055556 0.037684
0 0.744485 0.585172 0.053513 0.091299
0 0.015114 0.489277 0.030229 0.093750
0 0.964052 0.229779 0.060458 0.034926
0 0.884191 0.160692 0.035539 0.059743
0 0.847222 0.153799 0.028595 0.068627
0 0.815564 0.149663 0.025735 0.078738
0 0.783088 0.151654 0.037582 0.077819
0 0.738971 0.173866 0.045752 0.033395
0 0.683007 0.146599 0.051471 0.029105
0 0.610703 0.149510 0.031863 0.084559
0 0.544526 0.156250 0.046569 0.070466
0 0.414624 0.175705 0.043301 0.027267
0 0.098039 0.499234 0.032680 0.065870
0 0.138072 0.500919 0.035948 0.065564
0 0.138685 0.456648 0.036356 0.019301
0 0.182394 0.457414 0.042075 0.087623
0 0.053309 0.501685 0.042892 0.068321
0 0.258987 0.456036 0.035131 0.089767
0 0.296160 0.460784 0.035948 0.083333
0 0.343954 0.415135 0.039216 0.019608
0 0.331087 0.453738 0.032271 0.030025
0 0.424632 0.609528 0.055964 0.042586
0 0.379698 0.587623 0.024101 0.088848
0 0.347222 0.588388 0.032680 0.087316
0 0.708538 0.357690 0.032271 0.068934
0 0.677900 0.358915 0.025735 0.065257
0 0.645221 0.362898 0.037173 0.058517
0 0.595588 0.365196 0.040033 0.063725
0 0.548611 0.364124 0.044935 0.060968
0 0.027165 0.163756 0.054330 0.035233
0 0.023489 0.126685 0.046977 0.035233
0 0.870098 0.266850 0.044118 0.063725
0 0.825776 0.282016 0.039624 0.033395
0 0.219975 0.456036 0.035539 0.089767
0 0.781250 0.287684 0.043709 0.026348
0 0.857026 0.361213 0.035131 0.068015
0 0.821895 0.360141 0.032680 0.064032
0 0.785335 0.361979 0.038807 0.054841
0 0.056577 0.719056 0.074755 0.042279
0 0.968546 0.578278 0.060458 0.080576
0 0.897467 0.576593 0.062092 0.083946
0 0.829248 0.589767 0.044118 0.084559
0 0.783905 0.252757 0.040850 0.040441
0 0.787990 0.586703 0.031863 0.087010
0 0.195261 0.272518 0.083333 0.048713
0 0.688521 0.584712 0.050245 0.090380
0 0.637051 0.582414 0.046160 0.098039
0 0.584355 0.580423 0.052696 0.103248
0 0.531658 0.585784 0.043709 0.090074
0 0.479984 0.608762 0.052288 0.044730
0 0.118260 0.295343 0.047794 0.036765
0 0.257353 0.259038 0.039216 0.074449
0 0.560049 0.262714 0.039216 0.023591
0 0.655637 0.286612 0.038399 0.024203
0 0.606822 0.262408 0.049428 0.071385
0 0.561683 0.286918 0.040850 0.023591
0 0.656250 0.261336 0.039624 0.023897
0 0.697712 0.287531 0.040033 0.026654
0 0.023080 0.268382 0.046160 0.030637
0 0.520221 0.285999 0.040441 0.025429
0 0.471405 0.262255 0.051471 0.072917
0 0.422998 0.283701 0.039624 0.025735
0 0.380106 0.257506 0.045343 0.081189
0 0.298203 0.260110 0.036765 0.072304
0 0.735907 0.268382 0.037173 0.064338
0 0.695874 0.260110 0.036356 0.023897
