0 0.832108 0.387868 0.018791 0.065564
0 0.714665 0.385417 0.024101 0.065564
0 0.738154 0.385417 0.018791 0.063113
0 0.784926 0.387714 0.024101 0.066483
0 0.810253 0.387714 0.021650 0.066483
0 0.937704 0.385417 0.016748 0.063113
0 0.877451 0.388174 0.022059 0.064951
0 0.899714 0.387868 0.019199 0.063113
0 0.919526 0.386336 0.017157 0.063113
0 0.688317 0.385876 0.024510 0.065257
0 0.956495 0.384804 0.015931 0.063113
0 0.974673 0.383272 0.017157 0.063113
0 0.992851 0.381740 0.014297 0.064951
0 0.854575 0.387408 0.022059 0.065257
0 0.659722 0.383578 0.023693 0.067402
0 0.546364 0.384957 0.015114 0.069547
0 0.610703 0.382812 0.022059 0.068321
0 0.105392 0.397518 0.031863 0.084252
0 0.141748 0.397672 0.031863 0.083946
0 0.176471 0.395680 0.031863 0.084252
0 0.208742 0.397825 0.031863 0.084252
0 0.241626 0.397672 0.028186 0.079657
0 0.272263 0.394761 0.028186 0.079963
0 0.299632 0.395680 0.024918 0.076900
0 0.327819 0.391697 0.029003 0.079963
0 0.356209 0.394761 0.027778 0.077512
0 0.474673 0.386949 0.026144 0.069240
0 0.500817 0.386336 0.023693 0.069240
0 0.526144 0.387255 0.023693 0.069240
0 0.021446 0.531863 0.042892 0.046569
0 0.565359 0.383272 0.019608 0.070466
0 0.587623 0.382200 0.020016 0.070772
0 0.634395 0.384191 0.023693 0.067402
0 0.017974 0.484835 0.035948 0.041973
0 0.336601 0.514553 0.057190 0.038297
0 0.148080 0.525276 0.064951 0.041973
0 0.825163 0.596661 0.039216 0.025429
0 0.908292 0.591146 0.033088 0.027267
0 0.944240 0.587163 0.037173 0.025429
0 0.982435 0.584099 0.035131 0.024816
0 0.984681 0.555913 0.029820 0.029105
0 0.988358 0.524203 0.023284 0.026961
0 0.946487 0.557138 0.035948 0.029105
0 0.876838 0.561121 0.041258 0.024816
0 0.835172 0.564491 0.037173 0.024816
0 0.841708 0.531863 0.044526 0.027574
0 0.792892 0.568934 0.037582 0.027574
0 0.518587 0.592678 0.040441 0.031556
0 0.567198 0.587010 0.044526 0.033701
0 0.615605 0.582108 0.044118 0.032475
0 0.662786 0.576746 0.042892 0.028493
0 0.742034 0.603094 0.037173 0.029718
0 0.079044 0.530637 0.064951 0.042279
0 0.702002 0.606311 0.039624 0.028186
0 0.613154 0.614737 0.045752 0.027880
0 0.213440 0.522365 0.060049 0.040441
0 0.275940 0.519148 0.060049 0.040135
0 0.072304 0.398284 0.031863 0.083946
0 0.394608 0.511795 0.057190 0.038297
0 0.449959 0.508119 0.050245 0.038297
0 0.504289 0.506587 0.050245 0.038297
0 0.556577 0.502298 0.048611 0.038909
0 0.606413 0.500919 0.046977 0.034314
0 0.653799 0.498009 0.043709 0.034620
0 0.698529 0.496477 0.041667 0.033395
0 0.744281 0.493107 0.044935 0.033395
0 0.945466 0.609069 0.036356 0.014093
0 0.981413 0.606158 0.032271 0.012561
0 0.514910 0.626532 0.044526 0.028186
0 0.563317 0.621477 0.044935 0.030944
0 0.657475 0.612898 0.041258 0.030331
0 0.037990 0.398744 0.028595 0.086091
0 0.943423 0.253676 0.024101 0.049632
0 0.989379 0.255974 0.020425 0.047488
0 0.047590 0.264246 0.058415 0.122855
0 0.106413 0.263787 0.053513 0.124387
0 0.165441 0.267923 0.053922 0.124081
0 0.222835 0.269914 0.051062 0.118260
0 0.275735 0.272518 0.051471 0.118566
0 0.327819 0.272365 0.048611 0.112132
0 0.377655 0.299326 0.030637 0.061275
0 0.409722 0.300245 0.030229 0.061275
0 0.441381 0.300858 0.030637 0.061275
0 0.471405 0.302390 0.027778 0.060049
0 0.499592 0.302083 0.024510 0.058824
0 0.527165 0.301471 0.024918 0.058824
0 0.554126 0.301624 0.024918 0.058517
0 0.579657 0.302696 0.024510 0.058824
0 0.602124 0.303002 0.018791 0.057598
0 0.989583 0.165901 0.020016 0.091605
0 0.958538 0.161458 0.034722 0.095588
0 0.921773 0.157782 0.034722 0.096814
0 0.883783 0.153339 0.037173 0.103860
0 0.019199 0.089614 0.038399 0.136949
0 0.068219 0.099571 0.051471 0.118260
0 0.126430 0.102788 0.055147 0.127757
0 0.184232 0.102788 0.054739 0.127757
0 0.240809 0.106311 0.055147 0.127451
0 0.298203 0.110294 0.053922 0.123775
0 0.350082 0.126991 0.043301 0.094669
0 0.625204 0.302696 0.023284 0.057598
0 0.403799 0.135417 0.046160 0.083946
0 0.505310 0.124694 0.053922 0.115809
0 0.541054 0.153186 0.017565 0.064338
0 0.683824 0.139246 0.047386 0.105699
0 0.729779 0.143536 0.037173 0.103860
0 0.768178 0.147978 0.037173 0.104167
0 0.808211 0.149510 0.037173 0.104167
0 0.846405 0.152574 0.033497 0.101716
0 0.450572 0.137868 0.043301 0.088848
0 0.010008 0.400582 0.020016 0.087929
0 0.651757 0.303922 0.023284 0.057598
0 0.701593 0.305300 0.020833 0.056066
0 0.587623 0.242188 0.024101 0.058517
0 0.611928 0.242800 0.021242 0.057292
0 0.635621 0.243107 0.021242 0.057292
0 0.660948 0.243873 0.025327 0.056373
0 0.688113 0.247089 0.024918 0.056066
0 0.711193 0.246170 0.019608 0.055453
0 0.733252 0.245864 0.022876 0.055453
0 0.756536 0.247243 0.022876 0.055760
0 0.807394 0.248009 0.025735 0.053615
0 0.832312 0.250306 0.021650 0.052083
0 0.854167 0.249540 0.018791 0.051164
0 0.874387 0.249234 0.019199 0.051164
0 0.896650 0.250613 0.021242 0.053309
0 0.919118 0.251685 0.021242 0.050551
0 0.968342 0.256587 0.020833 0.047488
0 0.561887 0.241422 0.025735 0.058824
0 0.534109 0.240809 0.022467 0.060662
0 0.505310 0.239277 0.029412 0.063113
0 0.474060 0.238971 0.029003 0.063113
0 0.725694 0.304994 0.020833 0.056066
0 0.749592 0.304841 0.022059 0.055147
0 0.771855 0.304688 0.018382 0.054841
0 0.793505 0.305147 0.020833 0.053922
0 0.816176 0.305760 0.020425 0.053922
0 0.838031 0.306679 0.020016 0.052696
0 0.859681 0.305300 0.020016 0.053002
0 0.677288 0.305147 0.023693 0.057598
0 0.881944 0.305760 0.019608 0.052696
0 0.928513 0.306832 0.023693 0.053615
0 0.952819 0.306219 0.020833 0.051777
0 0.974469 0.306526 0.018382 0.049939
0 0.992647 0.308824 0.014706 0.050245
0 0.378268 0.235141 0.029412 0.064645
0 0.412582 0.236060 0.029412 0.064645
0 0.443627 0.236520 0.029412 0.063113
0 0.904820 0.307445 0.019608 0.053002
0 0.782067 0.248009 0.022467 0.055453
0 0.783701 0.599724 0.038807 0.027267
0 0.042688 0.635723 0.073121 0.036152
0 0.656658 0.639093 0.045343 0.017157
0 0.703431 0.632200 0.044935 0.018076
0 0.744077 0.628830 0.035539 0.017463
0 0.783292 0.623621 0.040441 0.015625
0 0.825980 0.619638 0.040850 0.014400
0 0.869690 0.601256 0.040850 0.045650
0 0.908701 0.613358 0.037173 0.014706
0 0.709967 0.539675 0.044118 0.030331
0 0.954044 0.449449 0.039624 0.031863
0 0.876838 0.452206 0.039624 0.031863
0 0.832721 0.452819 0.039624 0.031863
0 0.791054 0.455270 0.039624 0.031863
0 0.747753 0.458027 0.042892 0.032475
0 0.412786 0.636336 0.050245 0.030637
0 0.656250 0.460478 0.042075 0.035539
0 0.608660 0.462469 0.048203 0.034620
0 0.556985 0.464614 0.045343 0.034007
0 0.505310 0.466759 0.049837 0.037071
0 0.450980 0.467984 0.052288 0.040135
0 0.393587 0.470588 0.055147 0.041054
0 0.275531 0.477328 0.055147 0.041054
0 0.214665 0.479626 0.061683 0.040748
0 0.147059 0.480239 0.065359 0.041360
0 0.076797 0.487132 0.068627 0.043505
0 0.984069 0.480545 0.031863 0.027880
0 0.609886 0.642157 0.044935 0.018995
0 0.948325 0.482843 0.036356 0.032475
0 0.562500 0.647365 0.046569 0.016544
0 0.325572 0.564032 0.044935 0.028186
0 0.355188 0.640012 0.053513 0.031863
0 0.297590 0.645987 0.057598 0.030944
0 0.240605 0.651501 0.056373 0.033395
0 0.177696 0.659161 0.063725 0.038297
0 0.113971 0.666667 0.063725 0.031863
0 0.107026 0.586091 0.063725 0.038603
0 0.036560 0.594210 0.073121 0.046262
0 0.473243 0.596354 0.043709 0.031556
0 0.465278 0.641544 0.049837 0.051471
0 0.410948 0.664675 0.052288 0.019301
0 0.357843 0.670190 0.053105 0.024203
0 0.300858 0.674786 0.055147 0.022365
0 0.240400 0.681985 0.055964 0.022059
0 0.178717 0.690411 0.063317 0.019914
0 0.112949 0.696232 0.059232 0.021140
0 0.044322 0.675398 0.069036 0.036458
0 0.047181 0.707874 0.069036 0.022978
0 0.987541 0.448989 0.024918 0.032169
0 0.445874 0.559283 0.051062 0.033395
0 0.498162 0.553922 0.047794 0.033701
0 0.110090 0.629442 0.061683 0.038297
0 0.177083 0.620404 0.060049 0.034926
0 0.239583 0.613511 0.057598 0.034007
0 0.298611 0.610754 0.056373 0.034620
0 0.263072 0.573989 0.058824 0.035233
0 0.514502 0.651042 0.043709 0.017770
0 0.872345 0.486673 0.036356 0.032782
0 0.700572 0.459099 0.043301 0.032782
0 0.790237 0.490196 0.043709 0.031250
0 0.706495 0.571844 0.042892 0.029105
0 0.662582 0.543505 0.042484 0.031863
0 0.832925 0.487286 0.036765 0.032782
0 0.419526 0.597120 0.052288 0.033088
