0 0.519141 0.453646 0.067969 0.086458
0 0.830469 0.780208 0.034375 0.138542
0 0.862109 0.781510 0.027344 0.139063
0 0.899023 0.784635 0.044922 0.133854
0 0.940039 0.785677 0.033203 0.135937
0 0.975781 0.794271 0.035156 0.118750
0 0.631836 0.307292 0.023828 0.065625
0 0.797852 0.788021 0.029297 0.121875
0 0.604102 0.304948 0.031641 0.060937
0 0.541992 0.305208 0.027734 0.064583
0 0.513672 0.303646 0.028125 0.065625
0 0.474609 0.316146 0.044531 0.036458
0 0.429102 0.313542 0.045703 0.041667
0 0.149414 0.771354 0.030078 0.119792
0 0.120898 0.772656 0.026953 0.121354
0 0.571680 0.304167 0.031641 0.062500
0 0.763477 0.785937 0.037891 0.120833
0 0.727930 0.781250 0.033203 0.132292
0 0.687500 0.783594 0.040625 0.139063
0 0.309375 0.180729 0.100781 0.100000
0 0.207617 0.187500 0.094922 0.060417
0 0.110156 0.183073 0.101562 0.067187
0 0.976172 0.394792 0.034375 0.135417
0 0.943555 0.392188 0.022266 0.139583
0 0.912500 0.391667 0.040625 0.140625
0 0.877148 0.386198 0.028516 0.144271
0 0.837109 0.379948 0.049219 0.159896
0 0.793750 0.377604 0.037500 0.163542
0 0.748242 0.373698 0.049609 0.158854
0 0.700195 0.375781 0.037891 0.151562
0 0.568750 0.776823 0.042188 0.144271
0 0.607812 0.776823 0.032813 0.144271
0 0.658984 0.308594 0.030469 0.061979
0 0.646484 0.780208 0.039844 0.137500
0 0.381055 0.312240 0.048828 0.038021
0 0.093359 0.772656 0.028125 0.122396
0 0.109570 0.599740 0.037891 0.130729
0 0.146289 0.600521 0.034766 0.130208
0 0.111719 0.289062 0.068750 0.062500
0 0.102734 0.444010 0.031250 0.088021
0 0.142773 0.437500 0.044922 0.103125
0 0.183789 0.448177 0.038672 0.081771
0 0.224805 0.455990 0.040234 0.070312
0 0.255078 0.448698 0.019531 0.084896
0 0.279297 0.451042 0.027344 0.086458
0 0.307227 0.438021 0.028516 0.111458
0 0.339648 0.433073 0.036328 0.125521
0 0.384180 0.430469 0.049609 0.038021
0 0.383789 0.471875 0.048047 0.043750
0 0.660937 0.442188 0.028906 0.119792
0 0.632812 0.441406 0.026562 0.120313
0 0.587695 0.387240 0.064453 0.045312
0 0.585352 0.455208 0.062891 0.089583
0 0.175195 0.300000 0.055859 0.044792
0 0.446484 0.448437 0.074219 0.092708
0 0.230273 0.301042 0.055078 0.043750
0 0.332813 0.307812 0.044531 0.047917
0 0.181445 0.603385 0.034766 0.125521
0 0.217773 0.592969 0.033984 0.145313
0 0.256250 0.597135 0.041406 0.139063
0 0.294336 0.596354 0.035547 0.138542
0 0.330078 0.593490 0.035937 0.143229
0 0.361914 0.595313 0.025391 0.145833
0 0.384570 0.594531 0.020703 0.148438
0 0.406055 0.594792 0.023047 0.146875
0 0.434961 0.596875 0.033984 0.145833
0 0.467578 0.599219 0.032031 0.149479
0 0.500586 0.598958 0.033203 0.150000
0 0.539258 0.600000 0.037891 0.146875
0 0.576953 0.600781 0.035156 0.146354
0 0.616211 0.600260 0.041016 0.147396
0 0.412695 0.183594 0.106641 0.095312
0 0.284180 0.304688 0.050391 0.041667
0 0.525781 0.160417 0.112500 0.142708
0 0.853320 0.942969 0.041016 0.102604
0 0.686523 0.176042 0.024609 0.127083
0 0.800000 0.582292 0.032031 0.136458
0 0.835547 0.585156 0.038281 0.131771
0 0.868359 0.587240 0.027344 0.135937
0 0.900391 0.589323 0.036719 0.132812
0 0.966406 0.590625 0.038281 0.131250
0 0.108203 0.955208 0.021094 0.084375
0 0.134961 0.930990 0.029297 0.132812
0 0.161914 0.931771 0.024609 0.131250
0 0.200195 0.916667 0.043359 0.052083
0 0.201172 0.970052 0.046094 0.054688
0 0.235937 0.944792 0.024219 0.103125
0 0.262305 0.933333 0.027734 0.121875
0 0.291406 0.928906 0.027344 0.131771
0 0.325781 0.926042 0.041406 0.054167
0 0.761328 0.580990 0.044531 0.134896
0 0.326367 0.974219 0.043359 0.042188
0 0.390039 0.934375 0.026953 0.123958
0 0.416797 0.942969 0.024219 0.108854
0 0.453906 0.978385 0.046094 0.043229
0 0.453320 0.927865 0.046484 0.050521
0 0.488086 0.947656 0.022266 0.085938
0 0.524023 0.935156 0.044141 0.119271
0 0.563477 0.934635 0.035547 0.119271
0 0.602539 0.937760 0.040234 0.124479
0 0.643555 0.935937 0.038672 0.126042
0 0.684180 0.946094 0.041797 0.107813
0 0.717969 0.943490 0.025000 0.103646
0 0.752734 0.950260 0.042188 0.093229
0 0.786328 0.955469 0.024219 0.081771
0 0.816211 0.944792 0.033203 0.107292
0 0.362305 0.935417 0.027734 0.126042
0 0.628320 0.164323 0.091797 0.149479
0 0.527930 0.772656 0.037891 0.149479
0 0.240625 0.779167 0.027344 0.120833
0 0.443945 0.817708 0.030078 0.047917
0 0.446289 0.758594 0.032422 0.072396
0 0.475195 0.783333 0.023828 0.121875
0 0.935937 0.950521 0.034375 0.096875
0 0.383203 0.788802 0.017969 0.103646
0 0.980664 0.213281 0.032422 0.115104
0 0.357227 0.751823 0.033203 0.058854
0 0.356055 0.809375 0.031641 0.055208
0 0.325586 0.781510 0.027734 0.114062
0 0.297266 0.775260 0.026562 0.123438
0 0.268945 0.776302 0.028516 0.126562
0 0.894922 0.947135 0.042188 0.093229
0 0.210352 0.777344 0.029297 0.119271
0 0.497070 0.792448 0.019141 0.105729
0 0.179883 0.776042 0.028516 0.119792
0 0.949023 0.210417 0.030859 0.120833
0 0.912695 0.205208 0.041797 0.112500
0 0.877539 0.188802 0.027734 0.145313
0 0.840820 0.184115 0.041797 0.152604
0 0.801562 0.185677 0.035937 0.155729
0 0.977148 0.948438 0.044922 0.103125
0 0.755078 0.181510 0.051562 0.147396
0 0.714844 0.181250 0.028125 0.145833
0 0.410156 0.769271 0.032813 0.145833
