0 0.864957 0.561538 0.043590 0.071635
0 0.925214 0.568029 0.057265 0.060577
0 0.980556 0.564423 0.038889 0.075000
0 0.036538 0.647957 0.068803 0.042067
0 0.212607 0.627284 0.096154 0.021875
0 0.120513 0.650841 0.085470 0.022356
0 0.288248 0.706130 0.055983 0.030529
0 0.225214 0.717428 0.058974 0.030529
0 0.155769 0.720192 0.071368 0.026442
0 0.082051 0.717187 0.065812 0.032452
0 0.156197 0.702404 0.072222 0.008173
0 0.085043 0.691587 0.071795 0.013942
0 0.024145 0.709495 0.044872 0.042067
0 0.988462 0.657813 0.023077 0.066587
0 0.951923 0.656010 0.048291 0.062019
0 0.902564 0.653726 0.047009 0.066106
0 0.842308 0.659375 0.064957 0.070673
0 0.684829 0.657572 0.056838 0.045913
0 0.625855 0.651563 0.054274 0.033413
0 0.570513 0.646995 0.050427 0.040144
0 0.468162 0.646755 0.046581 0.032933
0 0.410256 0.651322 0.064103 0.031010
0 0.354060 0.629808 0.054274 0.033173
0 0.293376 0.640505 0.056838 0.029567
0 0.213889 0.651803 0.094444 0.022837
0 0.119872 0.622837 0.074786 0.024038
0 0.786325 0.658293 0.046154 0.069952
0 0.597222 0.770433 0.135470 0.024038
0 0.426709 0.708894 0.056838 0.038462
0 0.599786 0.821755 0.158547 0.043510
0 0.719658 0.784976 0.059829 0.013221
0 0.716026 0.795072 0.067949 0.007933
0 0.718590 0.807212 0.071368 0.012500
0 0.718162 0.818990 0.072222 0.011058
0 0.722650 0.834014 0.083761 0.018510
0 0.713034 0.768510 0.055128 0.012500
0 0.802350 0.783654 0.073932 0.010577
0 0.805342 0.791707 0.071368 0.006490
0 0.806197 0.798197 0.073077 0.006971
0 0.807265 0.805409 0.067521 0.006490
0 0.813462 0.825721 0.078205 0.034615
0 0.892094 0.817788 0.075641 0.033654
0 0.887821 0.794471 0.053419 0.009615
0 0.972863 0.832091 0.054274 0.042067
0 0.466239 0.821995 0.087179 0.034375
0 0.364103 0.696635 0.064957 0.031731
0 0.374573 0.823077 0.077350 0.023558
0 0.198077 0.786058 0.075641 0.060096
0 0.489103 0.719351 0.051709 0.040625
0 0.542094 0.719351 0.050000 0.041106
0 0.596795 0.721394 0.058547 0.038942
0 0.654060 0.722716 0.049145 0.043510
0 0.704915 0.725721 0.052564 0.037981
0 0.708761 0.699038 0.055983 0.011538
0 0.765385 0.731611 0.035897 0.054087
0 0.804701 0.739423 0.042735 0.035577
0 0.847863 0.732452 0.040171 0.035577
0 0.898932 0.738702 0.049145 0.037019
0 0.946581 0.741466 0.046154 0.043510
0 0.985043 0.737620 0.029915 0.051683
0 0.021581 0.808293 0.041453 0.029567
0 0.067094 0.819351 0.045299 0.016587
0 0.118803 0.820072 0.059829 0.014663
0 0.285684 0.821995 0.091026 0.029567
0 0.819658 0.404567 0.068376 0.045673
0 0.820726 0.356250 0.074786 0.049038
0 0.160684 0.496394 0.094017 0.026442
0 0.426709 0.489423 0.052564 0.060096
0 0.475641 0.491346 0.043590 0.056250
0 0.535256 0.491346 0.069658 0.056731
0 0.599359 0.491106 0.059402 0.056731
0 0.653632 0.493510 0.048291 0.061058
0 0.723718 0.492668 0.094444 0.063702
0 0.038248 0.572716 0.067949 0.023798
0 0.118803 0.572115 0.086325 0.024519
0 0.371581 0.487380 0.057692 0.056490
0 0.221154 0.566707 0.081624 0.021875
0 0.407479 0.568389 0.054274 0.044471
0 0.464530 0.565745 0.047863 0.044952
0 0.519231 0.568149 0.059829 0.040144
0 0.575000 0.569712 0.050855 0.043269
0 0.627991 0.570433 0.054274 0.040385
0 0.713889 0.565745 0.101282 0.052644
0 0.294231 0.563702 0.054274 0.031250
0 0.789744 0.569231 0.044444 0.037019
0 0.349359 0.568510 0.053419 0.045673
0 0.015171 0.124159 0.027778 0.113221
0 0.311966 0.485337 0.058974 0.062019
0 0.219444 0.150000 0.055983 0.050481
0 0.055556 0.121995 0.058120 0.103606
0 0.813889 0.450601 0.079060 0.040144
0 0.809615 0.488341 0.074786 0.032933
0 0.804915 0.530889 0.070513 0.040625
0 0.907906 0.487380 0.079915 0.038702
0 0.973932 0.488462 0.052137 0.037019
0 0.983974 0.453365 0.032051 0.033173
0 0.929274 0.375240 0.073932 0.059615
0 0.250855 0.483534 0.065812 0.054087
0 0.982906 0.376803 0.034188 0.055048
0 0.027564 0.343990 0.050855 0.012019
0 0.039957 0.391226 0.053419 0.068990
0 0.115385 0.391947 0.088034 0.067067
0 0.223718 0.388582 0.114103 0.078606
0 0.339103 0.391226 0.113248 0.073798
0 0.450855 0.378486 0.109402 0.106010
0 0.566453 0.392909 0.118376 0.080048
0 0.691667 0.392668 0.119231 0.079567
0 0.925214 0.324639 0.065812 0.041106
0 0.266453 0.135697 0.030342 0.081010
0 0.302991 0.125361 0.045299 0.099760
0 0.351496 0.128606 0.035470 0.074519
0 0.833547 0.292308 0.069658 0.071635
0 0.963889 0.260817 0.072222 0.040865
0 0.108974 0.121394 0.048718 0.105288
0 0.686325 0.270793 0.126496 0.066587
0 0.554487 0.257091 0.125214 0.098798
0 0.466453 0.280769 0.038034 0.025962
0 0.425427 0.266106 0.040598 0.061538
0 0.376496 0.259615 0.049573 0.081731
0 0.322650 0.254327 0.058120 0.093269
0 0.275427 0.253245 0.038889 0.091587
0 0.234188 0.258053 0.041026 0.082933
0 0.964744 0.221755 0.069658 0.028125
0 0.087607 0.259014 0.047009 0.019952
0 0.157906 0.262861 0.079915 0.077644
0 0.441880 0.148918 0.135897 0.032452
0 0.580342 0.131611 0.128205 0.093029
0 0.673718 0.130889 0.056838 0.093510
0 0.768376 0.128726 0.130769 0.089663
0 0.167735 0.135457 0.046581 0.078125
0 0.968376 0.150000 0.063248 0.059615
0 0.880128 0.092788 0.078205 0.048077
0 0.014957 0.248558 0.028205 0.096635
0 0.047009 0.290865 0.041026 0.031250
0 0.092094 0.289062 0.037179 0.030048
0 0.880556 0.146394 0.092735 0.052404
