0 0.514453 0.919271 0.034375 0.109375
0 0.793945 0.898177 0.033203 0.098437
0 0.761523 0.901302 0.030859 0.095312
0 0.671484 0.911198 0.028125 0.099479
0 0.699023 0.906510 0.026953 0.095312
0 0.478320 0.923438 0.036328 0.115625
0 0.545312 0.919271 0.027344 0.110417
0 0.607227 0.914583 0.034766 0.104167
0 0.641211 0.912240 0.032422 0.095312
0 0.729492 0.903646 0.033203 0.101042
0 0.442773 0.926823 0.035547 0.108854
0 0.306836 0.939844 0.031641 0.116146
0 0.374219 0.930990 0.033594 0.106771
0 0.339453 0.938281 0.034375 0.115104
0 0.273828 0.943750 0.034375 0.112500
0 0.238281 0.945573 0.033594 0.108854
0 0.204102 0.946875 0.033984 0.106250
0 0.168945 0.948438 0.035547 0.103125
0 0.133594 0.950260 0.035937 0.099479
0 0.885742 0.893229 0.048047 0.092708
0 0.836133 0.895052 0.051172 0.091146
0 0.979297 0.881771 0.039844 0.088542
0 0.097852 0.952865 0.034766 0.093229
0 0.065039 0.961198 0.029297 0.077604
0 0.032813 0.961198 0.033594 0.077604
0 0.407617 0.930729 0.033984 0.109375
0 0.933984 0.888021 0.046094 0.087500
0 0.574414 0.915625 0.031641 0.102083
0 0.572656 0.286458 0.061719 0.062500
0 0.199609 0.600000 0.036719 0.136458
0 0.233594 0.602083 0.032031 0.132292
0 0.267383 0.601302 0.035547 0.128646
0 0.306641 0.599219 0.041406 0.132812
0 0.343945 0.596094 0.035547 0.134896
0 0.380078 0.599479 0.037500 0.127083
0 0.415820 0.596615 0.033984 0.124479
0 0.450977 0.590885 0.036328 0.135937
0 0.484180 0.588542 0.030078 0.132292
0 0.516016 0.594271 0.033594 0.121875
0 0.548828 0.593229 0.030469 0.120833
0 0.583203 0.591146 0.039062 0.125000
0 0.619531 0.588802 0.032813 0.122396
0 0.651953 0.583594 0.032813 0.121354
0 0.685352 0.584635 0.031641 0.124479
0 0.161914 0.600000 0.037891 0.136458
0 0.125977 0.603385 0.032422 0.135937
0 0.053320 0.687760 0.074609 0.108854
0 0.981641 0.435937 0.026562 0.070833
0 0.531055 0.417708 0.039453 0.134375
0 0.568945 0.416667 0.034766 0.135417
0 0.606055 0.417448 0.033984 0.131771
0 0.642188 0.417187 0.035937 0.134375
0 0.672461 0.416146 0.026172 0.129167
0 0.704688 0.414062 0.035937 0.133333
0 0.738477 0.411458 0.031641 0.128125
0 0.715234 0.583594 0.028906 0.120313
0 0.782227 0.457552 0.056641 0.034896
0 0.885742 0.459375 0.059766 0.034375
0 0.783594 0.424479 0.053125 0.034375
0 0.833594 0.423698 0.046094 0.031771
0 0.780664 0.388542 0.051172 0.033333
0 0.830273 0.390104 0.045703 0.031250
0 0.941992 0.424219 0.048047 0.032813
0 0.942969 0.457813 0.051562 0.032292
0 0.833203 0.457813 0.045312 0.035417
0 0.749023 0.609115 0.033984 0.075521
0 0.750977 0.536198 0.030078 0.071354
0 0.785742 0.612500 0.035547 0.065625
0 0.604492 0.766146 0.044922 0.083333
0 0.246680 0.773177 0.054297 0.040104
0 0.305664 0.771094 0.055859 0.044271
0 0.358594 0.782292 0.048438 0.082292
0 0.407617 0.778646 0.046484 0.088542
0 0.457031 0.787760 0.046094 0.055729
0 0.507617 0.782813 0.048828 0.063542
0 0.558398 0.766146 0.045703 0.085417
0 0.509570 0.285938 0.064453 0.061458
0 0.696680 0.760417 0.046484 0.084375
0 0.741992 0.761458 0.042578 0.078125
0 0.786719 0.756250 0.046875 0.082292
0 0.832031 0.764323 0.041406 0.054688
0 0.877930 0.740625 0.048828 0.094792
0 0.928906 0.736979 0.050000 0.098958
0 0.970313 0.752865 0.029687 0.065104
0 0.650977 0.764844 0.045703 0.079687
0 0.495703 0.417708 0.032813 0.133333
0 0.021875 0.063542 0.035937 0.121875
0 0.094922 0.064583 0.032813 0.123958
0 0.822852 0.601823 0.034766 0.084896
0 0.857227 0.595313 0.030859 0.089583
0 0.891211 0.596615 0.037109 0.079687
0 0.782031 0.552604 0.028125 0.048958
0 0.926367 0.597396 0.030859 0.075000
0 0.959570 0.594271 0.032422 0.023958
0 0.960742 0.622135 0.033203 0.028646
0 0.058789 0.061719 0.037109 0.123438
0 0.987891 0.590365 0.022656 0.029687
0 0.983398 0.548958 0.031641 0.045833
0 0.067383 0.814583 0.078516 0.126042
0 0.139063 0.792969 0.052344 0.094271
0 0.191602 0.789062 0.052734 0.085417
0 0.245703 0.813281 0.056250 0.038021
0 0.303906 0.810677 0.057813 0.031771
0 0.128125 0.064323 0.035156 0.126562
0 0.954688 0.549479 0.025000 0.046875
0 0.463672 0.416667 0.031250 0.135417
0 0.887695 0.422135 0.058203 0.035937
0 0.397070 0.414844 0.037109 0.145313
0 0.467773 0.017448 0.045703 0.034896
0 0.516992 0.019271 0.047266 0.036458
0 0.554492 0.095052 0.021484 0.093229
0 0.578516 0.096875 0.025781 0.090625
0 0.603711 0.097135 0.023828 0.092188
0 0.627930 0.099479 0.023828 0.090625
0 0.653320 0.099479 0.026172 0.091667
0 0.681250 0.097135 0.025781 0.097396
0 0.711914 0.102865 0.032422 0.081771
0 0.431250 0.418229 0.032813 0.138542
0 0.775195 0.102865 0.032422 0.089063
0 0.804688 0.104948 0.026562 0.092188
0 0.833789 0.105469 0.032422 0.086979
0 0.521875 0.079167 0.041406 0.078125
0 0.862109 0.107813 0.025000 0.091667
0 0.914844 0.109896 0.025781 0.088542
0 0.940820 0.116406 0.026953 0.075521
0 0.966406 0.119531 0.020313 0.070312
0 0.988086 0.118490 0.023047 0.071354
0 0.033008 0.242708 0.066016 0.112500
0 0.116992 0.219531 0.052734 0.028646
0 0.097266 0.315625 0.037500 0.067708
0 0.080859 0.376042 0.055469 0.059375
0 0.166602 0.279948 0.077734 0.060937
0 0.243555 0.275781 0.074609 0.071354
0 0.315234 0.282031 0.066406 0.065104
0 0.381445 0.283594 0.066016 0.060937
0 0.445703 0.284635 0.061719 0.064062
0 0.887500 0.109635 0.027344 0.086979
0 0.474609 0.077865 0.051562 0.080729
0 0.743945 0.104427 0.030078 0.084896
0 0.695508 0.288542 0.055859 0.059375
0 0.200195 0.078385 0.037891 0.098437
0 0.164258 0.075260 0.034766 0.104688
0 0.634961 0.286979 0.062109 0.057292
0 0.034180 0.409375 0.037891 0.150000
0 0.753906 0.286719 0.060156 0.059896
0 0.811719 0.286719 0.057031 0.057813
0 0.867773 0.289062 0.054297 0.053125
0 0.921289 0.293490 0.048828 0.052604
0 0.962695 0.278385 0.032422 0.081771
0 0.989648 0.283073 0.019922 0.072396
0 0.202734 0.415885 0.039062 0.140104
0 0.504102 0.166667 0.073828 0.094792
0 0.161328 0.418229 0.042969 0.138542
0 0.050586 0.565365 0.041016 0.105729
0 0.097070 0.544792 0.023047 0.085417
0 0.238867 0.080729 0.038672 0.102083
0 0.274805 0.081250 0.033984 0.094792
0 0.102539 0.451562 0.036328 0.060417
0 0.338086 0.087240 0.026172 0.089063
0 0.311133 0.089063 0.026172 0.086458
0 0.320703 0.416406 0.035156 0.140104
0 0.240820 0.415885 0.038672 0.139063
0 0.425781 0.086979 0.044531 0.100000
0 0.281836 0.416667 0.042578 0.138542
0 0.380078 0.084896 0.047656 0.103125
0 0.358203 0.414844 0.039844 0.142187
