0 0.028186 0.109375 0.055556 0.030637
0 0.031658 0.083487 0.056781 0.018076
0 0.030025 0.059283 0.050245 0.034620
0 0.906046 0.248928 0.051471 0.067708
0 0.851716 0.244792 0.060458 0.073529
0 0.792484 0.244179 0.048203 0.069853
0 0.738154 0.243260 0.051471 0.069240
0 0.685049 0.243260 0.053105 0.066789
0 0.601716 0.179994 0.074346 0.049939
0 0.527574 0.240502 0.086193 0.077206
0 0.441789 0.241115 0.084559 0.066176
0 0.289828 0.246936 0.065768 0.052083
0 0.108252 0.250000 0.062092 0.028186
0 0.112745 0.221354 0.067810 0.021752
0 0.050245 0.188725 0.077614 0.032475
0 0.044118 0.215227 0.075163 0.018689
0 0.377655 0.861979 0.041258 0.088542
0 0.613971 0.244026 0.089052 0.070159
0 0.358864 0.238051 0.075572 0.067402
0 0.862541 0.079963 0.049428 0.020221
0 0.963644 0.246936 0.050654 0.069240
0 0.324755 0.751685 0.033497 0.052390
0 0.266544 0.747702 0.036356 0.050551
0 0.214461 0.749847 0.036765 0.065870
0 0.163807 0.748468 0.054739 0.058824
0 0.119485 0.743107 0.037990 0.051777
0 0.044730 0.752145 0.046977 0.061275
0 0.041871 0.660539 0.047794 0.083946
0 0.100286 0.660233 0.059232 0.077206
0 0.151961 0.660233 0.044118 0.084559
0 0.201185 0.659007 0.051879 0.084559
0 0.275123 0.660692 0.029003 0.086091
0 0.309028 0.662531 0.029003 0.085478
0 0.341299 0.662224 0.037990 0.075674
0 0.387663 0.656097 0.040850 0.080576
0 0.856209 0.129749 0.043301 0.019301
0 0.426675 0.670190 0.033905 0.059743
0 0.496324 0.666513 0.037582 0.057292
0 0.536969 0.666054 0.030637 0.053309
0 0.569649 0.654718 0.033088 0.066176
0 0.686683 0.659773 0.036765 0.075674
0 0.722631 0.659467 0.032680 0.081189
0 0.765931 0.658854 0.040850 0.084865
0 0.809232 0.656863 0.038399 0.083946
0 0.866217 0.667433 0.066585 0.065257
0 0.930964 0.667739 0.058007 0.057292
0 0.985498 0.660539 0.029003 0.071691
0 0.981413 0.568474 0.037173 0.078125
0 0.929943 0.568627 0.046160 0.067402
0 0.872141 0.566176 0.049020 0.082721
0 0.815768 0.559436 0.054739 0.083333
0 0.461397 0.667739 0.032271 0.059743
0 0.418505 0.748009 0.060049 0.054841
0 0.530433 0.751379 0.066585 0.062806
0 0.648284 0.747243 0.058824 0.058824
0 0.978350 0.100950 0.031046 0.071998
0 0.941176 0.114737 0.033497 0.049326
0 0.903391 0.114583 0.035539 0.052083
0 0.907884 0.058977 0.037990 0.057292
0 0.286765 0.111826 0.053105 0.030637
0 0.284109 0.089767 0.044526 0.015319
0 0.290033 0.066176 0.056373 0.028186
0 0.341503 0.086091 0.047386 0.030025
0 0.345997 0.115502 0.056373 0.023284
0 0.399510 0.120404 0.053922 0.020833
0 0.399306 0.097580 0.047794 0.019914
0 0.396446 0.075827 0.051879 0.023591
0 0.446895 0.090380 0.034314 0.073529
0 0.480596 0.094210 0.029820 0.080576
0 0.527165 0.045956 0.046977 0.066176
0 0.520833 0.107077 0.048203 0.054841
0 0.564134 0.108303 0.033497 0.049939
0 0.715686 0.746783 0.062908 0.062194
0 0.782884 0.747702 0.060866 0.055453
0 0.837010 0.751838 0.044118 0.047181
0 0.884395 0.744945 0.030229 0.056066
0 0.921773 0.748775 0.029820 0.048407
0 0.955065 0.746170 0.031863 0.051164
0 0.857639 0.107384 0.052696 0.019914
0 0.988971 0.748468 0.022059 0.046569
0 0.793096 0.092525 0.069853 0.088848
0 0.738766 0.096048 0.035539 0.081801
0 0.696691 0.087316 0.038807 0.096814
0 0.653799 0.086091 0.045343 0.093750
0 0.608456 0.104167 0.044526 0.060662
0 0.568627 0.051624 0.037582 0.057292
0 0.978962 0.865502 0.042075 0.076593
0 0.363358 0.749387 0.042075 0.054534
0 0.341708 0.832874 0.021650 0.075061
0 0.760417 0.558517 0.055964 0.087623
0 0.945057 0.446538 0.076389 0.082414
0 0.934641 0.344669 0.068627 0.080882
0 0.876021 0.350797 0.048611 0.068627
0 0.824346 0.349418 0.052288 0.066483
0 0.709763 0.338542 0.061683 0.088235
0 0.648897 0.345129 0.060049 0.075061
0 0.582721 0.337316 0.065768 0.095588
0 0.933007 0.867494 0.044935 0.079963
0 0.886438 0.865043 0.040850 0.084865
0 0.840891 0.870404 0.046977 0.071691
0 0.771242 0.867953 0.047386 0.071691
0 0.520833 0.348805 0.053922 0.060355
0 0.397467 0.347580 0.047386 0.072610
0 0.348039 0.343750 0.047386 0.068015
0 0.285948 0.335018 0.067810 0.085478
0 0.032271 0.249081 0.063725 0.037377
0 0.716299 0.871630 0.042075 0.071691
0 0.706087 0.564798 0.052696 0.085478
0 0.672590 0.870864 0.033905 0.073223
0 0.633374 0.869485 0.042075 0.075980
0 0.589665 0.871936 0.042075 0.071078
0 0.549837 0.868719 0.032680 0.075061
0 0.510417 0.859835 0.036356 0.092831
0 0.467933 0.858303 0.035539 0.100797
0 0.422386 0.860754 0.037582 0.095895
0 0.879289 0.451134 0.056781 0.070772
0 0.821283 0.445159 0.049428 0.082721
0 0.458742 0.335784 0.064542 0.086397
0 0.707516 0.450674 0.046569 0.071691
0 0.761438 0.445466 0.053922 0.079657
0 0.360090 0.564185 0.038807 0.078738
0 0.412786 0.557138 0.042075 0.090380
0 0.462827 0.558364 0.046569 0.098346
0 0.515931 0.560968 0.053922 0.080270
0 0.584355 0.557598 0.072304 0.097426
0 0.649918 0.564338 0.049020 0.081495
0 0.066381 0.878830 0.117239 0.052390
0 0.178105 0.877604 0.101307 0.059743
0 0.293301 0.559130 0.049837 0.094363
0 0.161969 0.568934 0.051062 0.072304
0 0.111724 0.566176 0.048611 0.072304
0 0.060049 0.573683 0.044118 0.062806
0 0.292484 0.857843 0.047386 0.096814
0 0.042688 0.443015 0.052696 0.077206
0 0.019608 0.564798 0.036765 0.080576
0 0.232843 0.409926 0.044118 0.026961
0 0.658905 0.412990 0.047386 0.030637
0 0.653391 0.454657 0.046160 0.056373
0 0.593137 0.446232 0.061275 0.080576
0 0.529412 0.437653 0.064542 0.092831
0 0.427900 0.447457 0.059232 0.075674
0 0.115605 0.435662 0.084967 0.091912
0 0.296977 0.439032 0.077614 0.082721
0 0.366013 0.440411 0.061275 0.076900
0 0.236111 0.453431 0.044118 0.058824
