0 0.879902 0.507200 0.044118 0.032782
0 0.980801 0.219516 0.026144 0.026042
0 0.943832 0.250613 0.040441 0.033088
0 0.979575 0.250613 0.023693 0.031250
0 0.938725 0.307751 0.039216 0.026042
0 0.978145 0.308364 0.029820 0.029718
0 0.940155 0.337469 0.045343 0.026042
0 0.922794 0.394608 0.022876 0.027574
0 0.962623 0.393995 0.047794 0.024510
0 0.920139 0.424786 0.020833 0.023591
0 0.957721 0.422641 0.043709 0.026654
0 0.801062 0.414522 0.079248 0.044730
0 0.725694 0.388021 0.056781 0.028493
0 0.660131 0.389553 0.069444 0.029105
0 0.697712 0.420956 0.102124 0.030025
0 0.588235 0.390012 0.060458 0.030025
0 0.520016 0.389706 0.073529 0.029412
0 0.564338 0.422794 0.149918 0.031250
0 0.433007 0.416667 0.067810 0.039828
0 0.342320 0.418811 0.082516 0.041667
0 0.260212 0.418811 0.071078 0.039216
0 0.204657 0.413450 0.026961 0.054228
0 0.943423 0.217678 0.039624 0.027267
0 0.841503 0.311734 0.025327 0.029718
0 0.807802 0.342984 0.080474 0.018689
0 0.792075 0.327972 0.052288 0.007047
0 0.656250 0.246477 0.058415 0.043199
0 0.592320 0.247702 0.056373 0.043811
0 0.527369 0.249081 0.063725 0.041667
0 0.454248 0.249081 0.073529 0.041667
0 0.381127 0.249540 0.055556 0.040135
0 0.317810 0.249387 0.063725 0.042279
0 0.242239 0.248621 0.071895 0.043199
0 0.167279 0.333946 0.062500 0.046569
0 0.252451 0.336703 0.092320 0.037990
0 0.347835 0.335631 0.087010 0.040748
0 0.162786 0.422794 0.037990 0.033701
0 0.440155 0.333946 0.078840 0.044118
0 0.517770 0.338848 0.032271 0.037990
0 0.573121 0.304534 0.069444 0.031250
0 0.572304 0.337929 0.067810 0.033701
0 0.651961 0.301930 0.077614 0.030331
0 0.648284 0.337316 0.070261 0.034926
0 0.712010 0.310355 0.026144 0.012868
0 0.745915 0.310355 0.035948 0.012868
0 0.725082 0.337316 0.071078 0.034926
0 0.789828 0.302390 0.050245 0.012868
0 0.789624 0.316636 0.044118 0.009498
0 0.511438 0.303309 0.040850 0.028799
0 0.182190 0.472426 0.067810 0.029412
0 0.182394 0.503217 0.061683 0.029105
0 0.257761 0.505055 0.080882 0.028493
0 0.531454 0.657322 0.057190 0.032782
0 0.532680 0.629749 0.059641 0.021140
0 0.461806 0.651654 0.073121 0.039828
0 0.373775 0.650123 0.080882 0.043505
0 0.286152 0.653339 0.082925 0.038297
0 0.209967 0.655944 0.053105 0.030025
0 0.217729 0.628064 0.049837 0.022059
0 0.166667 0.651808 0.021242 0.044424
0 0.174837 0.574755 0.025327 0.039216
0 0.209967 0.575980 0.040850 0.039828
0 0.598652 0.629902 0.062500 0.023284
0 0.291054 0.575674 0.095997 0.039216
0 0.488154 0.575674 0.098856 0.041054
0 0.651757 0.584099 0.064951 0.032782
0 0.651757 0.552849 0.068219 0.025429
0 0.723039 0.585325 0.063725 0.030944
0 0.723652 0.553922 0.064951 0.027574
0 0.798203 0.582874 0.076797 0.035233
0 0.801675 0.551930 0.080474 0.023591
0 0.962623 0.574449 0.069036 0.029412
0 0.812296 0.498009 0.073938 0.046262
0 0.962214 0.546109 0.049428 0.016238
0 0.389297 0.575980 0.090686 0.041667
0 0.601511 0.209712 0.185049 0.022365
0 0.597835 0.660080 0.060866 0.029105
0 0.660335 0.658395 0.057598 0.030025
0 0.343750 0.506127 0.082108 0.028186
0 0.431168 0.503830 0.082925 0.028493
0 0.294526 0.470741 0.023693 0.026042
0 0.360498 0.479320 0.096814 0.013787
0 0.441585 0.477482 0.054739 0.019301
0 0.508374 0.469975 0.069036 0.026961
0 0.504902 0.502757 0.058824 0.033088
0 0.558211 0.480086 0.024918 0.012868
0 0.588440 0.480392 0.029820 0.009191
0 0.569444 0.504902 0.059641 0.032475
0 0.662582 0.629902 0.062092 0.021446
0 0.650940 0.465074 0.075572 0.014706
0 0.714052 0.472120 0.030229 0.011029
0 0.747753 0.472426 0.030637 0.009191
0 0.728350 0.500460 0.080882 0.040135
0 0.800449 0.809743 0.069036 0.036765
0 0.962418 0.661765 0.040850 0.030025
0 0.918709 0.663297 0.033497 0.026348
0 0.919322 0.634191 0.034722 0.025123
0 0.793096 0.650582 0.069036 0.039522
0 0.725899 0.655637 0.057190 0.036152
0 0.725082 0.625919 0.055556 0.013480
0 0.645016 0.498928 0.075980 0.043811
0 0.720588 0.246936 0.055556 0.042279
0 0.981413 0.338388 0.027369 0.027880
0 0.745098 0.215839 0.028595 0.011949
0 0.333129 0.154718 0.076389 0.043505
0 0.416871 0.117800 0.065768 0.022365
0 0.343546 0.117341 0.060458 0.023897
0 0.712827 0.218290 0.027778 0.012561
0 0.238766 0.154871 0.073938 0.043811
0 0.268382 0.114890 0.068627 0.025735
0 0.169935 0.155637 0.040033 0.047794
0 0.133578 0.156403 0.019608 0.040135
0 0.544118 0.870558 0.088235 0.034620
0 0.632149 0.856158 0.062500 0.015012
0 0.414216 0.153493 0.070261 0.041054
0 0.627451 0.877145 0.065359 0.022672
0 0.709559 0.880208 0.064542 0.028799
0 0.792484 0.877911 0.071078 0.037684
0 0.882761 0.867034 0.044118 0.027574
0 0.961397 0.873928 0.063317 0.027880
0 0.962214 0.802543 0.068219 0.018076
0 0.896650 0.791513 0.068627 0.014400
0 0.893587 0.814951 0.062500 0.031250
0 0.720180 0.781556 0.076797 0.012868
0 0.716095 0.809130 0.083333 0.033701
0 0.630719 0.781403 0.077614 0.019301
0 0.710376 0.854779 0.069444 0.014706
0 0.628472 0.808364 0.076389 0.029718
0 0.496528 0.150582 0.072304 0.044424
0 0.179126 0.246630 0.042892 0.045956
0 0.448529 0.867800 0.080882 0.045037
0 0.359477 0.866728 0.080065 0.047794
0 0.269812 0.864430 0.081291 0.043199
0 0.196895 0.872243 0.054739 0.035539
0 0.128472 0.865962 0.024918 0.034620
0 0.089665 0.864890 0.047794 0.037377
0 0.033497 0.864277 0.042484 0.036152
0 0.112745 0.795956 0.035948 0.055147
0 0.064747 0.795037 0.046977 0.055760
0 0.017361 0.794271 0.034722 0.054228
0 0.143382 0.249387 0.020425 0.044730
0 0.104371 0.719210 0.046977 0.059743
0 0.013480 0.718903 0.026961 0.057292
0 0.101103 0.643382 0.037173 0.055147
0 0.052492 0.643229 0.052696 0.054841
0 0.011234 0.642923 0.022467 0.051777
0 0.070057 0.568015 0.060866 0.060049
0 0.017770 0.567249 0.035539 0.063419
0 0.071691 0.494332 0.073121 0.041360
0 0.015931 0.495098 0.031863 0.047794
0 0.037173 0.416667 0.022059 0.039828
0 0.011029 0.413450 0.022059 0.045037
0 0.055556 0.718903 0.046569 0.059130
0 0.540033 0.783701 0.062092 0.023897
0 0.962827 0.822151 0.060458 0.015625
0 0.463235 0.805760 0.042484 0.044730
0 0.872141 0.756281 0.037582 0.030944
0 0.865605 0.635417 0.043301 0.036765
0 0.875000 0.589920 0.037582 0.041973
0 0.881536 0.543505 0.038399 0.036765
0 0.883987 0.458793 0.043301 0.050551
0 0.882966 0.403646 0.044526 0.036458
0 0.883578 0.362592 0.042484 0.034620
0 0.886642 0.323376 0.042075 0.041360
0 0.890114 0.278033 0.043301 0.037684
0 0.893382 0.236520 0.043301 0.039828
0 0.898489 0.190870 0.041258 0.039828
0 0.899306 0.135263 0.040441 0.066483
0 0.954453 0.120558 0.033905 0.030331
0 0.876430 0.719822 0.040441 0.033395
0 0.958538 0.152727 0.042075 0.030331
0 0.765931 0.120404 0.058007 0.022672
0 0.838440 0.152420 0.055964 0.029718
0 0.771242 0.151654 0.062092 0.032475
0 0.699551 0.112745 0.065768 0.042279
0 0.629493 0.114277 0.060458 0.037990
0 0.564134 0.117494 0.058007 0.030944
0 0.566789 0.155331 0.056781 0.037990
0 0.630923 0.153493 0.063317 0.036152
0 0.700572 0.152727 0.067810 0.037071
0 0.839869 0.224877 0.049837 0.034314
0 0.837214 0.254902 0.044526 0.021446
0 0.785539 0.217678 0.051471 0.027267
0 0.786152 0.250000 0.055147 0.030025
0 0.835172 0.119945 0.061683 0.029105
0 0.541462 0.812500 0.077206 0.028799
0 0.873366 0.680300 0.046569 0.041973
0 0.953636 0.733915 0.084559 0.041360
0 0.384804 0.801317 0.084967 0.040748
0 0.292688 0.797488 0.080474 0.039828
0 0.222018 0.807292 0.052696 0.031863
0 0.177696 0.805607 0.025327 0.037684
0 0.208333 0.729013 0.077614 0.040748
0 0.292484 0.729013 0.077614 0.038297
0 0.382353 0.728860 0.076797 0.037990
0 0.472018 0.727635 0.075572 0.037990
0 0.583946 0.706342 0.134395 0.015625
0 0.582721 0.733915 0.131944 0.036458
0 0.660948 0.734375 0.018791 0.037377
0 0.684232 0.733150 0.017157 0.034926
0 0.833333 0.734222 0.015523 0.037071
0 0.783905 0.709712 0.072712 0.024816
0 0.703840 0.731464 0.019608 0.038909
0 0.784109 0.739277 0.069853 0.028799
