0 0.311683 0.702053 0.025327 0.020527
0 0.340482 0.722733 0.029003 0.018382
0 0.312296 0.723346 0.023284 0.019608
0 0.208538 0.741881 0.020833 0.021140
0 0.236928 0.744945 0.029412 0.019914
0 0.286152 0.723346 0.025735 0.017157
0 0.338848 0.703891 0.025735 0.019301
0 0.282475 0.703585 0.028186 0.018689
0 0.839052 0.541973 0.114379 0.093750
0 0.181373 0.741881 0.028595 0.021140
0 0.288194 0.743107 0.023284 0.018689
0 0.879698 0.478707 0.122141 0.019914
0 0.882149 0.461244 0.127042 0.013787
0 0.938930 0.569547 0.051879 0.064951
0 0.044730 0.712010 0.044526 0.030637
0 0.040441 0.741422 0.039216 0.024510
0 0.013685 0.645987 0.027369 0.016238
0 0.055556 0.648897 0.034314 0.022059
0 0.094363 0.653493 0.031863 0.026348
0 0.085784 0.725337 0.039216 0.018076
0 0.131944 0.728401 0.046569 0.015625
0 0.148284 0.710938 0.037582 0.019301
0 0.695466 0.507812 0.081291 0.080576
0 0.099673 0.710018 0.039216 0.012561
0 0.163399 0.678309 0.026144 0.020833
0 0.133578 0.658854 0.040033 0.018076
0 0.171160 0.659161 0.031863 0.018689
0 0.116830 0.695312 0.035131 0.011949
0 0.153391 0.695466 0.029003 0.009804
0 0.106822 0.751991 0.091912 0.010110
0 0.183824 0.701440 0.025327 0.014400
0 0.210580 0.702665 0.021650 0.019301
0 0.238154 0.704504 0.028595 0.018076
0 0.239379 0.724418 0.021242 0.015012
0 0.182802 0.722426 0.023284 0.015319
0 0.209763 0.721507 0.026552 0.015931
0 0.123775 0.678922 0.036765 0.017157
0 0.315359 0.744332 0.026144 0.016238
0 0.088031 0.803922 0.025735 0.034926
0 0.326185 0.640778 0.025735 0.013174
0 0.120711 0.836091 0.024101 0.029412
0 0.147467 0.836397 0.026144 0.027574
0 0.175041 0.836091 0.024101 0.029412
0 0.094363 0.866115 0.028595 0.026961
0 0.121936 0.865196 0.026552 0.025123
0 0.149510 0.865502 0.023693 0.025735
0 0.092729 0.885263 0.026961 0.011336
0 0.119894 0.884957 0.025735 0.011949
0 0.145833 0.887102 0.022876 0.011336
0 0.087214 0.897518 0.027369 0.013174
0 0.078840 0.910386 0.029412 0.010110
0 0.071078 0.922335 0.026961 0.013787
0 0.094771 0.836703 0.022876 0.028186
0 0.064747 0.938266 0.020833 0.013174
0 0.119077 0.937960 0.027369 0.017463
0 0.149101 0.937960 0.029412 0.022365
0 0.232639 0.942249 0.042892 0.066483
0 0.278186 0.940717 0.048203 0.070772
0 0.322712 0.918045 0.037582 0.068934
0 0.366013 0.918964 0.041667 0.065870
0 0.286560 0.851256 0.045343 0.062194
0 0.446895 0.926011 0.040033 0.064032
0 0.411969 0.912224 0.024918 0.064032
0 0.489583 0.928922 0.042075 0.064338
0 0.528799 0.927543 0.031454 0.065870
0 0.566789 0.938266 0.042892 0.068321
0 0.091912 0.937347 0.023693 0.013787
0 0.195874 0.800705 0.024101 0.034007
0 0.167892 0.801624 0.025327 0.034620
0 0.141544 0.803002 0.024101 0.033088
0 0.352533 0.638634 0.026961 0.013174
0 0.378881 0.634957 0.025735 0.010723
0 0.327819 0.654105 0.025735 0.011029
0 0.353350 0.652267 0.022059 0.009804
0 0.381332 0.649663 0.027369 0.013787
0 0.335376 0.665288 0.027778 0.011336
0 0.306985 0.660692 0.015931 0.014400
0 0.285335 0.651348 0.024101 0.019608
0 0.286969 0.668352 0.017565 0.013174
0 0.309028 0.674786 0.020016 0.008885
0 0.334559 0.678462 0.029412 0.011336
0 0.404003 0.686734 0.037582 0.049939
0 0.444036 0.685815 0.037582 0.050551
0 0.482026 0.685202 0.033497 0.049326
0 0.516748 0.683211 0.032680 0.052083
0 0.555147 0.682292 0.035948 0.055147
0 0.597222 0.698529 0.043301 0.058824
0 0.639910 0.697917 0.038807 0.057598
0 0.680147 0.699142 0.036765 0.060049
0 0.718546 0.699755 0.038399 0.056373
0 0.759395 0.698529 0.038399 0.058824
0 0.848448 0.639093 0.181373 0.023897
0 0.017974 0.791360 0.022876 0.009804
0 0.018791 0.800705 0.021242 0.006434
0 0.043913 0.791973 0.024101 0.011029
0 0.019812 0.809283 0.020833 0.007047
0 0.113154 0.804534 0.024510 0.033701
0 0.341299 0.742800 0.024101 0.020527
0 0.715891 0.571844 0.123775 0.045650
0 0.021855 0.816483 0.021650 0.007353
0 0.579044 0.556066 0.045343 0.090686
0 0.320466 0.222426 0.059232 0.111520
0 0.381740 0.224265 0.056781 0.105392
0 0.441789 0.225490 0.058415 0.107843
0 0.540645 0.254749 0.133578 0.049326
0 0.532680 0.208640 0.119281 0.042892
0 0.676675 0.255055 0.122141 0.042586
0 0.260212 0.243107 0.053922 0.066483
0 0.671160 0.210631 0.117647 0.042586
0 0.819444 0.241268 0.040033 0.070159
0 0.866217 0.225643 0.046977 0.103860
0 0.919730 0.226256 0.051879 0.100184
0 0.974060 0.228094 0.051879 0.098958
0 0.039624 0.392923 0.072712 0.047488
0 0.131944 0.393076 0.043301 0.085784
0 0.775735 0.245864 0.042484 0.069547
0 0.207721 0.242800 0.051062 0.065870
0 0.153391 0.250000 0.054330 0.053922
0 0.096201 0.246630 0.051879 0.059436
0 0.043096 0.038297 0.062500 0.076593
0 0.115809 0.039828 0.062500 0.074755
0 0.167892 0.041667 0.035131 0.073529
0 0.248162 0.040748 0.046977 0.081495
0 0.298611 0.038143 0.049020 0.076287
0 0.359273 0.038297 0.060049 0.076593
0 0.426471 0.039062 0.059641 0.070772
0 0.495507 0.039522 0.066993 0.074142
0 0.568832 0.039369 0.063317 0.073836
0 0.631332 0.039522 0.054330 0.074142
0 0.700776 0.040441 0.055147 0.073529
0 0.756740 0.039062 0.055147 0.073223
0 0.822917 0.040135 0.063317 0.075368
0 0.901348 0.039982 0.082108 0.072610
0 0.040850 0.226562 0.046569 0.093444
0 0.175041 0.392157 0.041258 0.079044
0 0.224469 0.393536 0.052696 0.075061
0 0.974060 0.042279 0.051879 0.068015
0 0.339257 0.378983 0.048611 0.107843
0 0.011234 0.584559 0.022467 0.027574
0 0.043505 0.585478 0.029820 0.025735
0 0.074346 0.585784 0.030229 0.025123
0 0.102737 0.586091 0.023284 0.023284
0 0.136642 0.588388 0.030637 0.023591
0 0.166258 0.589001 0.025327 0.024816
0 0.190155 0.540441 0.084559 0.049632
0 0.107026 0.534467 0.076797 0.056679
0 0.336806 0.564798 0.053513 0.071998
0 0.344158 0.487132 0.045343 0.053309
0 0.385212 0.543352 0.031863 0.094056
0 0.427492 0.548866 0.052696 0.100184
0 0.493464 0.571844 0.037582 0.067096
0 0.533905 0.571998 0.038399 0.062500
0 0.280433 0.378064 0.055964 0.110907
0 0.032067 0.534467 0.064134 0.056679
0 0.938113 0.377145 0.061683 0.113971
0 0.195057 0.590227 0.029003 0.024816
0 0.787377 0.377757 0.091095 0.055147
0 0.387255 0.397518 0.042484 0.068321
0 0.879289 0.400582 0.051062 0.067096
0 0.627042 0.554841 0.049020 0.093137
0 0.433619 0.383732 0.045343 0.098346
0 0.537786 0.378370 0.055964 0.111520
0 0.594567 0.378370 0.054330 0.109069
0 0.637051 0.375613 0.024101 0.115809
0 0.483252 0.385876 0.049020 0.092831
0 0.657475 0.374694 0.016748 0.111520
0 0.676266 0.375000 0.019199 0.114583
0 0.695466 0.371324 0.015931 0.109681
0 0.712623 0.370098 0.015114 0.109681
0 0.730188 0.369485 0.015114 0.110907
0 0.802083 0.418811 0.101716 0.030637
