0 0.663675 0.701683 0.078632 0.029327
0 0.527564 0.612981 0.087607 0.014904
0 0.522650 0.635337 0.090598 0.025962
0 0.601709 0.588582 0.056410 0.016587
0 0.598291 0.625361 0.045299 0.046875
0 0.704701 0.625481 0.049573 0.047115
0 0.927778 0.599038 0.077778 0.030288
0 0.911752 0.633173 0.075641 0.031250
0 0.981838 0.638822 0.036325 0.044952
0 0.511325 0.698918 0.067949 0.031010
0 0.452991 0.649159 0.031624 0.048798
0 0.588462 0.699760 0.064103 0.032692
0 0.770085 0.626803 0.069231 0.032933
0 0.416026 0.650120 0.030342 0.048317
0 0.073077 0.555529 0.073504 0.031731
0 0.228632 0.655649 0.022222 0.032933
0 0.205556 0.652644 0.018803 0.034135
0 0.182692 0.656250 0.020085 0.038942
0 0.157692 0.656971 0.021368 0.037981
0 0.120940 0.655769 0.041880 0.040385
0 0.139530 0.624760 0.036325 0.014423
0 0.075214 0.656130 0.030769 0.036298
0 0.431624 0.552043 0.087179 0.039183
0 0.341026 0.555769 0.085470 0.029808
0 0.252137 0.556250 0.086325 0.030769
0 0.161111 0.552764 0.088034 0.033413
0 0.836966 0.700962 0.079060 0.030288
0 0.132265 0.331250 0.077350 0.010096
0 0.055342 0.330529 0.072222 0.013462
0 0.261538 0.646875 0.028205 0.049038
0 0.750427 0.702163 0.085470 0.025481
0 0.263675 0.743750 0.028205 0.046154
0 0.898504 0.693510 0.027778 0.015385
0 0.692949 0.775601 0.073077 0.038221
0 0.763889 0.783053 0.061111 0.021875
0 0.840385 0.851803 0.048291 0.051202
0 0.650000 0.848437 0.084615 0.054087
0 0.553419 0.848437 0.079487 0.054087
0 0.478205 0.851683 0.065812 0.048558
0 0.613675 0.767428 0.067521 0.050240
0 0.411966 0.849159 0.060684 0.048317
0 0.305983 0.838942 0.045299 0.066346
0 0.252564 0.837740 0.052991 0.068750
0 0.195085 0.837740 0.053419 0.071154
0 0.035684 0.845192 0.045726 0.062019
0 0.911111 0.770913 0.018803 0.047596
0 0.884829 0.771755 0.021795 0.046875
0 0.353632 0.837740 0.046581 0.066346
0 0.540598 0.768149 0.066667 0.049279
0 0.463248 0.743389 0.023077 0.045433
0 0.433333 0.743630 0.026496 0.045913
0 0.900641 0.709255 0.027778 0.013221
0 0.939103 0.678966 0.032051 0.007933
0 0.891880 0.678606 0.031624 0.009615
0 0.930769 0.693750 0.028205 0.013462
0 0.935043 0.708654 0.032479 0.014423
0 0.023718 0.746034 0.030342 0.045913
0 0.055983 0.745553 0.030769 0.047356
0 0.091667 0.742548 0.029487 0.048558
0 0.123718 0.743870 0.030342 0.046394
0 0.160684 0.744832 0.040171 0.045913
0 0.291239 0.744591 0.024359 0.045433
0 0.316239 0.744591 0.023077 0.047837
0 0.346154 0.744591 0.027350 0.045433
0 0.375641 0.744832 0.026496 0.045913
0 0.405128 0.744471 0.026496 0.045673
0 0.750000 0.682332 0.088889 0.012260
0 0.911538 0.260697 0.100855 0.068029
0 0.694017 0.274519 0.045299 0.054808
0 0.725427 0.231250 0.086752 0.028365
0 0.820940 0.355288 0.035043 0.048558
0 0.867949 0.326322 0.047863 0.017067
0 0.870513 0.359495 0.048718 0.040144
0 0.927778 0.355889 0.056410 0.040144
0 0.067949 0.418870 0.046154 0.039183
0 0.123504 0.406971 0.051282 0.029808
0 0.183120 0.418149 0.059402 0.037740
0 0.288462 0.396154 0.040171 0.017788
0 0.289316 0.422115 0.041880 0.031250
0 0.334402 0.420312 0.042308 0.032452
0 0.497222 0.445312 0.026923 0.041587
0 0.536111 0.421514 0.036325 0.013221
0 0.539103 0.447716 0.033761 0.034375
0 0.572436 0.439303 0.027778 0.048798
0 0.606197 0.444231 0.031197 0.039423
0 0.639957 0.444591 0.031197 0.040144
0 0.675855 0.442428 0.030342 0.038221
0 0.632479 0.415745 0.032479 0.011298
0 0.710684 0.442909 0.031624 0.039183
0 0.760470 0.356250 0.062821 0.048077
0 0.746368 0.443389 0.030342 0.040144
0 0.701709 0.361058 0.035043 0.038462
0 0.663675 0.365745 0.031624 0.035817
0 0.907051 0.854087 0.061966 0.055769
0 0.179274 0.164904 0.068803 0.034615
0 0.255128 0.162981 0.070940 0.033173
0 0.326282 0.088942 0.043162 0.026923
0 0.379915 0.088101 0.052137 0.027644
0 0.329915 0.143870 0.046154 0.074279
0 0.060684 0.355288 0.074359 0.034135
0 0.136538 0.354808 0.068803 0.033173
0 0.210043 0.352885 0.070513 0.034135
0 0.285256 0.354327 0.067094 0.034615
0 0.345513 0.327043 0.060256 0.013702
0 0.358974 0.353005 0.070085 0.034375
0 0.433547 0.353606 0.069658 0.035577
0 0.495513 0.364063 0.027778 0.039663
0 0.527991 0.365865 0.028632 0.036058
0 0.561966 0.366346 0.028205 0.037019
0 0.596368 0.340865 0.028632 0.010096
0 0.381197 0.144351 0.050427 0.077644
0 0.629915 0.365865 0.027350 0.038462
0 0.665171 0.340264 0.030342 0.011298
0 0.735256 0.411418 0.033761 0.012260
0 0.781624 0.442909 0.032479 0.041587
0 0.819017 0.414423 0.035470 0.013462
0 0.836325 0.496274 0.052991 0.023798
0 0.831838 0.532933 0.052564 0.046635
0 0.886966 0.529327 0.038889 0.053846
0 0.929701 0.528606 0.043162 0.050000
0 0.623504 0.141466 0.052991 0.081490
0 0.703419 0.132452 0.051282 0.092308
0 0.785470 0.144591 0.057265 0.070913
0 0.864316 0.128846 0.053419 0.092308
0 0.925427 0.129808 0.055983 0.091827
0 0.033761 0.270313 0.063248 0.039663
0 0.100641 0.251563 0.051709 0.073798
0 0.153419 0.251803 0.051282 0.074279
0 0.207479 0.253606 0.052564 0.075481
0 0.264316 0.251563 0.050855 0.076202
0 0.335043 0.276442 0.082051 0.025481
0 0.424786 0.251082 0.086325 0.022356
0 0.426068 0.276803 0.084615 0.023798
0 0.508120 0.257933 0.057265 0.091346
0 0.568803 0.257692 0.058974 0.088462
0 0.747863 0.492668 0.024786 0.014183
0 0.714530 0.496394 0.030769 0.016827
0 0.786111 0.532212 0.030342 0.050000
0 0.752564 0.531731 0.034188 0.049038
0 0.816880 0.443389 0.031197 0.040144
0 0.852778 0.441587 0.030342 0.038942
0 0.912393 0.442428 0.076923 0.035817
0 0.983974 0.439784 0.032051 0.068990
0 0.060684 0.491587 0.065812 0.031250
0 0.143590 0.491226 0.087179 0.030529
0 0.235043 0.491587 0.090598 0.031250
0 0.253205 0.464784 0.088462 0.011298
0 0.330128 0.494712 0.080769 0.027885
0 0.745513 0.273558 0.050000 0.050481
0 0.429060 0.464423 0.086325 0.012981
0 0.425855 0.495673 0.084188 0.017788
0 0.508120 0.523918 0.031624 0.069471
0 0.541880 0.533173 0.030769 0.049519
0 0.575000 0.532572 0.024359 0.050721
0 0.494231 0.140024 0.055128 0.085817
0 0.641026 0.532212 0.033333 0.052404
0 0.665598 0.492067 0.035470 0.012981
0 0.679060 0.530288 0.032479 0.053365
0 0.716667 0.531490 0.030769 0.048558
0 0.424786 0.480769 0.090598 0.009615
0 0.607906 0.531611 0.026068 0.048798
0 0.595299 0.365865 0.030769 0.036058
0 0.933333 0.768750 0.020513 0.043269
0 0.035256 0.158894 0.061966 0.049038
0 0.104487 0.161178 0.067949 0.043990
0 0.860897 0.771154 0.020940 0.045673
0 0.836538 0.772716 0.019231 0.046394
0 0.810684 0.766587 0.022222 0.046154
