0 0.188142 0.352163 0.073202 0.013462
0 0.266909 0.273798 0.076627 0.022596
0 0.686858 0.271875 0.067209 0.021154
0 0.684503 0.296755 0.079623 0.022837
0 0.764127 0.268870 0.071918 0.022356
0 0.766267 0.296394 0.071918 0.024519
0 0.845248 0.269591 0.068065 0.021394
0 0.840967 0.296394 0.068065 0.024519
0 0.185788 0.338462 0.072774 0.012500
0 0.604238 0.296995 0.072346 0.023317
0 0.180223 0.563341 0.061644 0.009375
0 0.440711 0.254567 0.074058 0.017308
0 0.607021 0.270913 0.069349 0.026442
0 0.442637 0.297476 0.073630 0.021875
0 0.527611 0.262740 0.090325 0.014904
0 0.269050 0.250240 0.076627 0.018269
0 0.190283 0.289183 0.064640 0.038942
0 0.263271 0.297957 0.069349 0.022837
0 0.350385 0.251683 0.073202 0.016346
0 0.356807 0.273197 0.073202 0.021394
0 0.117509 0.284375 0.063784 0.041346
0 0.438356 0.274639 0.073630 0.021875
0 0.815497 0.196274 0.119007 0.073798
0 0.815283 0.134135 0.127140 0.045192
0 0.515197 0.202043 0.158818 0.063702
0 0.354666 0.214663 0.163099 0.045673
0 0.353382 0.297236 0.074914 0.023798
0 0.353596 0.162620 0.148116 0.056490
0 0.165240 0.205409 0.210616 0.053606
0 0.526541 0.277404 0.079623 0.010577
0 0.524401 0.296274 0.075342 0.026683
0 0.669307 0.188582 0.138271 0.093990
0 0.116438 0.363341 0.061644 0.038221
0 0.260488 0.410697 0.063784 0.015625
0 0.273545 0.355288 0.077055 0.010577
0 0.402183 0.443510 0.065497 0.025962
0 0.404966 0.422476 0.066781 0.012740
0 0.402611 0.409615 0.062072 0.011058
0 0.329195 0.442668 0.060788 0.024279
0 0.255993 0.492668 0.067637 0.021394
0 0.252568 0.519351 0.069349 0.026683
0 0.327911 0.493630 0.066781 0.025721
0 0.473673 0.416707 0.067209 0.025240
0 0.327483 0.521274 0.070205 0.025721
0 0.401755 0.520072 0.073202 0.025721
0 0.479238 0.493870 0.074058 0.026202
0 0.477954 0.521875 0.071490 0.026923
0 0.552012 0.485337 0.079195 0.011538
0 0.554795 0.500481 0.080479 0.010577
0 0.635060 0.484856 0.074058 0.012981
0 0.639127 0.498077 0.073630 0.012981
0 0.399615 0.492668 0.073202 0.026202
0 0.478382 0.445312 0.068065 0.027163
0 0.547303 0.411538 0.069777 0.012500
0 0.549229 0.425841 0.069349 0.012260
0 0.696062 0.443870 0.068493 0.024279
0 0.778896 0.410337 0.075771 0.012500
0 0.774829 0.424038 0.076199 0.011058
0 0.773330 0.443269 0.073202 0.025481
0 0.852098 0.425962 0.060360 0.010096
0 0.850813 0.435457 0.066353 0.007452
0 0.845676 0.443870 0.064640 0.007452
0 0.845462 0.452524 0.068493 0.007933
0 0.115582 0.495072 0.068493 0.023798
0 0.118365 0.523678 0.069777 0.030529
0 0.181507 0.488341 0.059932 0.022356
0 0.185788 0.517067 0.059932 0.034135
0 0.693707 0.417308 0.072346 0.026442
0 0.181507 0.571875 0.059932 0.007212
0 0.620291 0.442668 0.065925 0.026683
0 0.620719 0.415865 0.071062 0.023558
0 0.550300 0.444231 0.067209 0.022596
0 0.553724 0.518750 0.069777 0.025481
0 0.188570 0.370433 0.074058 0.021635
0 0.635916 0.519952 0.075771 0.027885
0 0.748074 0.496514 0.039812 0.019471
0 0.818493 0.370913 0.069349 0.025000
0 0.741010 0.374159 0.072774 0.019471
0 0.819563 0.343870 0.075771 0.023317
0 0.740154 0.348678 0.071062 0.025721
0 0.658390 0.372115 0.073630 0.025000
0 0.653682 0.344111 0.072774 0.026202
0 0.584546 0.370913 0.067209 0.027404
0 0.118793 0.420913 0.062072 0.024038
0 0.579837 0.343750 0.070634 0.025481
0 0.497646 0.345192 0.077483 0.025962
0 0.419307 0.375240 0.069777 0.019231
0 0.422089 0.352404 0.062500 0.021154
0 0.346747 0.365505 0.061644 0.035337
0 0.344178 0.335577 0.060788 0.021154
0 0.276541 0.371635 0.070205 0.021635
0 0.268408 0.340385 0.079623 0.016346
0 0.504709 0.371995 0.074486 0.027163
0 0.118579 0.445913 0.074486 0.023558
0 0.190068 0.428726 0.068493 0.008413
0 0.188998 0.419591 0.062072 0.006971
0 0.700557 0.521154 0.047517 0.023077
0 0.748502 0.521034 0.040668 0.025240
0 0.800514 0.494111 0.054795 0.024279
0 0.797517 0.521995 0.053082 0.024760
0 0.854238 0.491707 0.047517 0.024279
0 0.852954 0.517788 0.044949 0.025962
0 0.116010 0.553966 0.053082 0.011779
0 0.117937 0.565264 0.056935 0.006010
0 0.116224 0.572957 0.053510 0.006971
0 0.112800 0.580769 0.054366 0.008173
0 0.111943 0.590385 0.052654 0.008173
0 0.180865 0.553245 0.071490 0.007933
0 0.333904 0.415264 0.065925 0.024760
0 0.259846 0.444712 0.066781 0.025962
0 0.261558 0.423918 0.065925 0.010817
0 0.190283 0.446034 0.064640 0.023798
0 0.185146 0.408173 0.075771 0.012981
0 0.700557 0.496034 0.047517 0.023317
0 0.182577 0.581490 0.057791 0.009615
0 0.660959 0.864303 0.045377 0.018990
0 0.182791 0.597716 0.053938 0.008413
0 0.185574 0.831971 0.055223 0.009135
0 0.182363 0.821394 0.057363 0.009615
0 0.187072 0.811779 0.053938 0.007212
0 0.184503 0.801562 0.057363 0.008413
0 0.186002 0.792548 0.051798 0.009615
0 0.121575 0.830048 0.059932 0.010096
0 0.120291 0.821394 0.053082 0.007212
0 0.121789 0.812620 0.056079 0.008894
0 0.118151 0.802163 0.057363 0.009615
0 0.109161 0.791827 0.055651 0.008173
0 0.112158 0.782933 0.053082 0.009615
0 0.105736 0.770312 0.065925 0.013221
0 0.830479 0.734736 0.063356 0.020913
0 0.761986 0.735337 0.067637 0.019712
0 0.697346 0.735697 0.058219 0.018029
0 0.634632 0.736298 0.060360 0.019231
0 0.632491 0.711659 0.060360 0.025240
0 0.697560 0.710938 0.058647 0.023798
0 0.762842 0.710697 0.065068 0.025721
0 0.830265 0.709976 0.062928 0.026683
0 0.572988 0.738462 0.048373 0.013942
0 0.521832 0.735216 0.040240 0.017067
0 0.573630 0.723558 0.049658 0.014904
0 0.460188 0.731490 0.061644 0.031250
0 0.458048 0.702524 0.065925 0.021394
0 0.388057 0.734135 0.071490 0.022115
0 0.389983 0.709375 0.062500 0.023077
0 0.228810 0.808413 0.021832 0.058173
0 0.313998 0.735216 0.073202 0.021875
0 0.243793 0.808534 0.008990 0.060817
0 0.277397 0.807212 0.012842 0.058173
0 0.652611 0.831250 0.062072 0.010096
0 0.583476 0.821635 0.065068 0.010096
0 0.510702 0.823197 0.065068 0.008413
0 0.510488 0.814423 0.064640 0.007692
0 0.513699 0.802163 0.062500 0.012019
0 0.508990 0.788221 0.061644 0.008173
0 0.509632 0.776442 0.058647 0.013462
0 0.586259 0.812019 0.062072 0.007692
0 0.666310 0.821995 0.064640 0.008413
0 0.662885 0.813101 0.066353 0.007452
0 0.659675 0.803846 0.055651 0.008173
0 0.586473 0.801683 0.066781 0.008654
0 0.577269 0.782332 0.065497 0.010817
0 0.653467 0.773077 0.060360 0.011538
0 0.666952 0.782933 0.065925 0.007212
0 0.663955 0.793750 0.064212 0.009615
0 0.464897 0.807212 0.016267 0.058173
0 0.449058 0.808413 0.017979 0.060577
0 0.433219 0.807692 0.011986 0.056731
0 0.417166 0.808894 0.014127 0.059135
0 0.400471 0.809135 0.014983 0.059615
0 0.383134 0.807332 0.014555 0.060817
0 0.366224 0.807091 0.014983 0.055529
0 0.348887 0.806010 0.014555 0.055769
0 0.333904 0.806731 0.014555 0.057212
0 0.315925 0.806130 0.021404 0.058413
0 0.294092 0.805168 0.016267 0.058894
0 0.261986 0.807572 0.019692 0.056490
0 0.182577 0.589423 0.062072 0.006250
0 0.238014 0.734495 0.065925 0.020433
0 0.313356 0.707572 0.067637 0.007452
0 0.305437 0.628486 0.073202 0.012260
0 0.222817 0.645673 0.065497 0.010577
0 0.225385 0.632692 0.070634 0.011058
0 0.154110 0.658293 0.056507 0.035817
0 0.149829 0.628125 0.060788 0.021154
0 0.101241 0.659375 0.048373 0.040385
0 0.819991 0.593990 0.072346 0.025000
0 0.820848 0.565144 0.065497 0.025000
0 0.746789 0.592909 0.062928 0.025240
0 0.750856 0.565625 0.066781 0.025962
0 0.676584 0.592308 0.059503 0.021635
0 0.676370 0.565986 0.067637 0.026683
0 0.608091 0.592909 0.062928 0.022837
0 0.608091 0.567668 0.062928 0.022837
0 0.536387 0.591226 0.065068 0.024279
0 0.537029 0.571995 0.066353 0.009856
0 0.538955 0.559615 0.070205 0.011538
0 0.466824 0.589543 0.057791 0.023317
0 0.467466 0.572596 0.071918 0.011058
0 0.468750 0.558413 0.065925 0.011538
0 0.388699 0.591226 0.068493 0.024279
0 0.391267 0.571875 0.069349 0.012019
0 0.391909 0.557813 0.070634 0.012740
0 0.318279 0.585337 0.060360 0.034135
0 0.250642 0.586178 0.069777 0.035817
0 0.321276 0.557452 0.062072 0.018750
0 0.253853 0.557212 0.063356 0.020673
0 0.301156 0.642909 0.076627 0.009856
0 0.313356 0.697115 0.080479 0.010577
0 0.223459 0.663101 0.066781 0.024279
0 0.733947 0.794231 0.067209 0.032212
0 0.318279 0.717187 0.068921 0.009856
0 0.244221 0.716466 0.069777 0.010817
0 0.241010 0.706250 0.067637 0.007212
0 0.172303 0.737861 0.054366 0.017548
0 0.114512 0.737019 0.053510 0.018269
0 0.173373 0.717187 0.052226 0.019471
0 0.115368 0.718510 0.055223 0.014904
0 0.178296 0.700721 0.049229 0.012981
0 0.119221 0.700361 0.046661 0.014663
0 0.831336 0.662500 0.073630 0.025000
0 0.832834 0.634014 0.072346 0.023317
0 0.756421 0.663582 0.069349 0.025240
0 0.755993 0.634615 0.068493 0.026923
0 0.301798 0.661058 0.065925 0.024519
0 0.678082 0.661538 0.066781 0.025481
0 0.678296 0.628125 0.075771 0.013942
0 0.600385 0.662500 0.081764 0.025000
0 0.820848 0.778125 0.069777 0.019231
0 0.600599 0.643029 0.069349 0.012500
0 0.601670 0.627524 0.075771 0.012740
0 0.522046 0.662019 0.070634 0.022115
0 0.523973 0.637981 0.065925 0.021635
0 0.449914 0.663582 0.066781 0.027163
0 0.451413 0.634135 0.069777 0.025962
0 0.378639 0.661058 0.065497 0.029327
0 0.383776 0.631130 0.058647 0.017548
0 0.815711 0.812500 0.072346 0.047115
0 0.735017 0.823197 0.065068 0.022837
0 0.675942 0.640625 0.071062 0.010096
0 0.586259 0.793149 0.066353 0.008413
