0 0.592708 0.552344 0.021250 0.066562
0 0.613958 0.550781 0.019583 0.066562
0 0.777292 0.552344 0.087083 0.075938
0 0.840625 0.550937 0.034583 0.070625
0 0.879583 0.550000 0.039167 0.068750
0 0.017917 0.638437 0.032500 0.053750
0 0.678333 0.548438 0.103333 0.070625
0 0.144583 0.551250 0.033333 0.075000
0 0.547917 0.551562 0.027500 0.065000
0 0.520833 0.466250 0.031667 0.050625
0 0.487500 0.474219 0.035000 0.034688
0 0.436875 0.469062 0.036250 0.050000
0 0.401458 0.476406 0.035417 0.036562
0 0.346875 0.458906 0.022083 0.058438
0 0.324375 0.458281 0.018750 0.060312
0 0.299167 0.458750 0.025833 0.063125
0 0.272917 0.459844 0.025000 0.059062
0 0.559583 0.474531 0.035000 0.035312
0 0.237917 0.465156 0.037500 0.055313
0 0.158333 0.466875 0.038333 0.054375
0 0.117083 0.465156 0.039167 0.057188
0 0.855833 0.376875 0.035833 0.054375
0 0.817083 0.375781 0.038333 0.058438
0 0.766458 0.376406 0.046250 0.057813
0 0.708125 0.375937 0.063750 0.058750
0 0.627917 0.376250 0.082500 0.060625
0 0.556250 0.377969 0.057500 0.057813
0 0.198958 0.466250 0.036250 0.052500
0 0.594583 0.467500 0.028333 0.050625
0 0.656875 0.469687 0.025417 0.049375
0 0.689167 0.461719 0.032500 0.067187
0 0.513333 0.551406 0.035833 0.066562
0 0.476875 0.553438 0.036250 0.065625
0 0.437083 0.550625 0.036667 0.061875
0 0.397708 0.552188 0.034583 0.063750
0 0.341458 0.551094 0.030417 0.063437
0 0.304167 0.550781 0.039167 0.063437
0 0.262917 0.551719 0.026667 0.069062
0 0.231875 0.552969 0.035417 0.067812
0 0.184375 0.549687 0.042917 0.068125
0 0.047083 0.642656 0.024167 0.043437
0 0.114792 0.552813 0.024583 0.071875
0 0.049375 0.559844 0.047917 0.057188
0 0.876458 0.469844 0.022917 0.052187
0 0.847708 0.466719 0.026250 0.059062
0 0.821250 0.468125 0.025000 0.056250
0 0.798750 0.465156 0.015000 0.055313
0 0.776667 0.460313 0.025000 0.064375
0 0.748958 0.461406 0.027083 0.065312
0 0.719375 0.461562 0.028750 0.064375
0 0.571667 0.551719 0.020833 0.064687
0 0.071250 0.642188 0.017500 0.044375
0 0.822708 0.634062 0.033750 0.060625
0 0.170000 0.645156 0.035833 0.060312
0 0.688333 0.733906 0.036667 0.050313
0 0.721458 0.732344 0.026250 0.052187
0 0.750625 0.734688 0.027083 0.050000
0 0.781875 0.735000 0.035417 0.050625
0 0.816875 0.735000 0.032083 0.052500
0 0.848125 0.735313 0.027917 0.051250
0 0.876250 0.736719 0.025833 0.046562
0 0.118542 0.647031 0.032083 0.051562
0 0.040000 0.826719 0.080000 0.072813
0 0.156250 0.817187 0.021667 0.070625
0 0.181875 0.816406 0.023750 0.067187
0 0.211667 0.819219 0.030000 0.072188
0 0.246250 0.819063 0.038333 0.074375
0 0.651042 0.737812 0.022917 0.046250
0 0.282292 0.818750 0.030417 0.073750
0 0.345417 0.816875 0.035000 0.075000
0 0.400208 0.816875 0.045417 0.072500
0 0.446250 0.815781 0.045000 0.072813
0 0.498125 0.817500 0.049583 0.076250
0 0.548125 0.820000 0.050417 0.070000
0 0.598125 0.820625 0.048750 0.075000
0 0.693125 0.819219 0.042917 0.065312
0 0.742083 0.820781 0.055000 0.060937
0 0.804583 0.819688 0.049167 0.063750
0 0.856250 0.820469 0.053333 0.061562
0 0.037083 0.370625 0.070833 0.076875
0 0.035417 0.462500 0.070833 0.072500
0 0.011042 0.560469 0.022083 0.055938
0 0.312500 0.817969 0.030000 0.074063
0 0.598958 0.738281 0.047083 0.044687
0 0.409792 0.376875 0.077917 0.053750
0 0.500000 0.735781 0.040833 0.044687
0 0.207917 0.647188 0.035000 0.055625
0 0.243958 0.645000 0.033750 0.052500
0 0.277708 0.643437 0.031250 0.053750
0 0.311042 0.644844 0.033750 0.057188
0 0.344375 0.645625 0.032917 0.054375
0 0.388958 0.650312 0.026250 0.048750
0 0.449792 0.640469 0.093750 0.072188
0 0.509792 0.645469 0.022083 0.056563
0 0.543333 0.642813 0.037500 0.055625
0 0.579792 0.644531 0.027917 0.051562
0 0.611458 0.643906 0.030417 0.055313
0 0.653125 0.641875 0.033750 0.060625
0 0.070833 0.732656 0.023333 0.052812
0 0.693125 0.642813 0.042917 0.055000
0 0.548542 0.736875 0.051250 0.041875
0 0.735625 0.642188 0.038750 0.056250
0 0.777917 0.636406 0.034167 0.069062
0 0.040000 0.734062 0.035000 0.054375
0 0.011042 0.734219 0.022083 0.053437
0 0.132708 0.726250 0.038750 0.071250
0 0.857708 0.636094 0.027083 0.065937
0 0.488125 0.375469 0.074583 0.054688
0 0.454583 0.737187 0.042500 0.041250
0 0.408958 0.730313 0.047083 0.055625
0 0.334792 0.725781 0.030417 0.064062
0 0.298333 0.728281 0.034167 0.067812
0 0.255833 0.727031 0.038333 0.064062
0 0.220000 0.724219 0.030833 0.069687
0 0.177083 0.725781 0.037500 0.066562
