0 0.807598 0.554994 0.061275 0.131434
0 0.743668 0.536458 0.051879 0.103554
0 0.662582 0.531097 0.070261 0.111826
0 0.588235 0.522212 0.066993 0.108762
0 0.520425 0.515012 0.058007 0.094363
0 0.461806 0.498009 0.051879 0.098958
0 0.409926 0.489430 0.049428 0.095282
0 0.325980 0.478554 0.048203 0.085784
0 0.767565 0.687040 0.132353 0.120404
0 0.249183 0.466452 0.041667 0.079963
0 0.179534 0.453738 0.024918 0.072917
0 0.157067 0.382812 0.069853 0.049939
0 0.217729 0.374847 0.039216 0.070772
0 0.260008 0.379596 0.034722 0.083333
0 0.309232 0.383578 0.059641 0.093137
0 0.361111 0.382812 0.029412 0.086703
0 0.405842 0.387102 0.057598 0.095282
0 0.464869 0.388327 0.058007 0.100184
0 0.206904 0.455423 0.029820 0.074449
0 0.642361 0.657169 0.106618 0.106618
0 0.534926 0.622549 0.046160 0.085784
0 0.384395 0.580729 0.084150 0.081801
0 0.756127 0.898131 0.146242 0.102022
0 0.753881 0.802083 0.129493 0.090686
0 0.624183 0.835018 0.107026 0.116728
0 0.433007 0.763634 0.066993 0.074449
0 0.512051 0.810968 0.086193 0.080882
0 0.513685 0.723958 0.093546 0.090074
0 0.431985 0.687500 0.064951 0.075368
0 0.363971 0.727788 0.062908 0.076287
0 0.300654 0.703278 0.057190 0.070772
0 0.365400 0.655331 0.060049 0.063113
0 0.303922 0.638021 0.053105 0.056066
0 0.235294 0.660539 0.066993 0.067402
0 0.147672 0.633425 0.055147 0.049939
0 0.151552 0.582108 0.046569 0.050858
0 0.158497 0.525735 0.031863 0.057598
0 0.195261 0.528493 0.027778 0.060049
0 0.227737 0.543199 0.031454 0.068015
0 0.264297 0.552237 0.035131 0.070772
0 0.311683 0.566942 0.056373 0.078738
0 0.561683 0.404105 0.083333 0.120098
0 0.661765 0.406097 0.063725 0.127145
0 0.493668 0.616728 0.029003 0.056373
0 0.964869 0.750000 0.070261 0.154412
0 0.461601 0.173254 0.038399 0.080576
0 0.545752 0.157475 0.047386 0.085784
0 0.589665 0.151654 0.037990 0.095588
0 0.661969 0.157629 0.043709 0.064645
0 0.786969 0.125306 0.044526 0.082721
0 0.849877 0.119945 0.036356 0.083640
0 0.669935 0.039828 0.043301 0.030637
0 0.610294 0.036152 0.054739 0.066176
0 0.493464 0.070466 0.028595 0.057598
0 0.469363 0.074755 0.015523 0.056373
0 0.451593 0.081342 0.018382 0.049326
0 0.432394 0.087623 0.016748 0.055760
0 0.380923 0.086244 0.056781 0.092831
0 0.331699 0.090380 0.037582 0.091912
0 0.296160 0.106311 0.027778 0.080270
0 0.263685 0.109835 0.029820 0.081801
0 0.230392 0.123009 0.032680 0.083640
0 0.197100 0.128217 0.024101 0.074449
0 0.961806 0.922028 0.076389 0.155944
0 0.419730 0.179688 0.020016 0.075061
0 0.391340 0.181219 0.024510 0.075061
0 0.541054 0.048713 0.062500 0.088235
0 0.703023 0.269301 0.072712 0.098039
0 0.960376 0.552696 0.073529 0.154412
0 0.288807 0.204657 0.022876 0.066789
0 0.980188 0.140778 0.039624 0.180453
0 0.967525 0.356158 0.059232 0.174326
0 0.827819 0.408701 0.057598 0.135417
0 0.742443 0.409773 0.082108 0.134498
0 0.809641 0.264553 0.085784 0.128370
0 0.619894 0.281250 0.061683 0.100490
0 0.533088 0.275888 0.083333 0.114277
0 0.417892 0.282322 0.036765 0.096507
0 0.462623 0.278033 0.048611 0.100184
0 0.345792 0.286305 0.065768 0.087929
0 0.290850 0.290288 0.035131 0.084865
0 0.253881 0.292739 0.030637 0.081189
0 0.219158 0.291820 0.030637 0.079350
0 0.188725 0.291973 0.026961 0.076593
0 0.194853 0.213695 0.014706 0.057292
0 0.213235 0.213388 0.014706 0.059743
0 0.240605 0.208333 0.020425 0.058824
0 0.265523 0.204504 0.017157 0.060355
