0 0.801562 0.449609 0.045833 0.102344
0 0.756250 0.447852 0.043750 0.102734
0 0.711198 0.447852 0.045312 0.105859
0 0.666927 0.446680 0.041146 0.108203
0 0.614062 0.481445 0.056250 0.035547
0 0.615885 0.441211 0.056771 0.041016
0 0.557552 0.453516 0.048438 0.094531
0 0.447917 0.449219 0.055208 0.103125
0 0.392708 0.450391 0.048958 0.100781
0 0.135937 0.451562 0.033333 0.103125
0 0.082812 0.452734 0.051042 0.100781
0 0.327083 0.155859 0.058333 0.100781
0 0.842448 0.447656 0.032813 0.102344
0 0.880729 0.447852 0.043750 0.102734
0 0.923698 0.448828 0.041146 0.102344
0 0.503906 0.454492 0.055729 0.091797
0 0.341927 0.450586 0.052604 0.101172
0 0.255208 0.730859 0.042708 0.094531
0 0.039844 0.589648 0.050521 0.101953
0 0.666667 0.756250 0.054167 0.030469
0 0.718490 0.722852 0.049479 0.103516
0 0.769531 0.724805 0.040104 0.099609
0 0.812240 0.724023 0.041146 0.098047
0 0.855469 0.725977 0.039062 0.094922
0 0.892969 0.735938 0.031771 0.073438
0 0.930208 0.722656 0.037500 0.096094
0 0.971615 0.724414 0.042188 0.094141
0 0.030990 0.867578 0.048438 0.103125
0 0.079167 0.872266 0.046875 0.093750
0 0.128646 0.873047 0.047917 0.094531
0 0.176302 0.867969 0.048438 0.104688
0 0.230208 0.865820 0.055208 0.101953
0 0.282031 0.868164 0.040104 0.096484
0 0.329688 0.871289 0.051042 0.098047
0 0.383594 0.869922 0.047396 0.085938
0 0.433594 0.871680 0.048438 0.089453
0 0.480729 0.872266 0.041667 0.085938
0 0.530208 0.872852 0.053125 0.081641
0 0.583854 0.870117 0.048958 0.088672
0 0.634896 0.862109 0.048958 0.103906
0 0.685937 0.861719 0.053125 0.101562
0 0.946615 0.860938 0.047396 0.094531
0 0.897656 0.860547 0.045312 0.094531
0 0.854688 0.865625 0.040625 0.092188
0 0.814844 0.862109 0.035937 0.094531
0 0.772656 0.865039 0.040104 0.095703
0 0.616667 0.756055 0.042708 0.032422
0 0.667708 0.716992 0.050000 0.042578
0 0.618490 0.718750 0.044271 0.041406
0 0.566927 0.732422 0.053646 0.090625
0 0.090365 0.590234 0.049479 0.100781
0 0.142969 0.588672 0.047396 0.100000
0 0.188802 0.589063 0.036979 0.100781
0 0.232552 0.588086 0.046354 0.102734
0 0.282552 0.587891 0.048438 0.098437
0 0.331771 0.584961 0.044792 0.098828
0 0.386458 0.583203 0.059375 0.103906
0 0.444792 0.583008 0.058333 0.105078
0 0.499219 0.589258 0.046354 0.091016
0 0.550521 0.590234 0.051042 0.090625
0 0.606250 0.589453 0.054167 0.091406
0 0.659896 0.580664 0.050000 0.107422
0 0.711719 0.582617 0.052604 0.107422
0 0.969531 0.447852 0.044271 0.105859
0 0.759896 0.585156 0.040625 0.103125
0 0.851823 0.585352 0.041146 0.100391
0 0.894531 0.584766 0.045312 0.101562
0 0.939844 0.586328 0.041146 0.100000
0 0.023438 0.735547 0.044792 0.089844
0 0.069792 0.731641 0.047917 0.099219
0 0.114844 0.731055 0.040104 0.098828
0 0.161198 0.730664 0.044271 0.099609
0 0.209115 0.733008 0.045312 0.098828
0 0.300000 0.727148 0.043750 0.096484
0 0.349479 0.728906 0.047917 0.100781
0 0.401042 0.727148 0.056250 0.104297
0 0.459115 0.724609 0.057813 0.104688
0 0.513021 0.731055 0.051042 0.090234
0 0.803125 0.586328 0.042708 0.097656
0 0.734115 0.863281 0.038021 0.099219
0 0.384896 0.158594 0.053125 0.098437
0 0.612500 0.150977 0.030208 0.115234
0 0.566667 0.309766 0.050000 0.096875
0 0.282031 0.148242 0.031771 0.124609
0 0.658073 0.300586 0.056771 0.115234
0 0.712240 0.301953 0.050521 0.110937
0 0.761979 0.303320 0.043750 0.105859
0 0.806250 0.303320 0.041667 0.105859
0 0.843750 0.321484 0.032292 0.068750
0 0.880990 0.326367 0.038021 0.058984
0 0.916146 0.328711 0.029167 0.055859
0 0.952865 0.309766 0.036979 0.091406
0 0.986719 0.319531 0.026562 0.079687
0 0.225781 0.410156 0.141146 0.248438
0 0.514323 0.309961 0.050521 0.094922
0 0.029427 0.449609 0.049479 0.102344
0 0.486198 0.157031 0.052604 0.098437
0 0.542188 0.157812 0.054167 0.100000
0 0.582812 0.162109 0.023958 0.091406
0 0.644531 0.151172 0.029687 0.113281
0 0.675781 0.152734 0.032813 0.109375
0 0.709375 0.157031 0.031250 0.100781
0 0.047135 0.153711 0.039062 0.111328
0 0.081771 0.155469 0.029167 0.108594
0 0.117708 0.155664 0.039583 0.107422
0 0.150781 0.149023 0.026562 0.116797
0 0.184635 0.150781 0.039062 0.117188
0 0.247396 0.149414 0.036458 0.122266
0 0.436198 0.171289 0.038021 0.069922
0 0.454948 0.303906 0.058854 0.109375
0 0.610417 0.323242 0.033333 0.069922
0 0.784115 0.148242 0.033854 0.117578
0 0.821094 0.147461 0.035937 0.119922
0 0.865365 0.146875 0.035937 0.121875
0 0.902344 0.145508 0.031771 0.123828
0 0.746875 0.158984 0.040625 0.096875
0 0.932031 0.146680 0.025521 0.121484
0 0.395833 0.304492 0.055208 0.109766
0 0.034375 0.306641 0.048958 0.105469
0 0.085156 0.308984 0.046354 0.097656
0 0.134635 0.307031 0.036979 0.104688
0 0.339583 0.308203 0.051042 0.103906
0 0.963542 0.145898 0.032292 0.125391
