0 0.450368 0.090993 0.036356 0.126225
0 0.359273 0.689798 0.055964 0.008885
0 0.356209 0.704044 0.060458 0.011029
0 0.359069 0.741422 0.055556 0.011642
0 0.362541 0.755362 0.051879 0.012561
0 0.295956 0.713235 0.039624 0.082721
0 0.219158 0.708487 0.054330 0.089154
0 0.156454 0.723652 0.026144 0.055760
0 0.117647 0.810202 0.084967 0.094056
0 0.106413 0.690870 0.064951 0.068627
0 0.768382 0.577053 0.031863 0.065257
0 0.731413 0.583333 0.032271 0.082721
0 0.112541 0.093444 0.037173 0.107230
0 0.148489 0.094822 0.024101 0.112439
0 0.179534 0.094669 0.033088 0.109681
0 0.219158 0.096661 0.037990 0.108150
0 0.291462 0.103554 0.065768 0.090074
0 0.369281 0.089308 0.040850 0.122855
0 0.420343 0.707874 0.054739 0.008272
0 0.410539 0.087163 0.035131 0.121017
0 0.422590 0.750919 0.051879 0.011642
0 0.227941 0.881281 0.059641 0.017463
0 0.978758 0.561887 0.041667 0.093137
0 0.909926 0.700521 0.113154 0.081189
0 0.968342 0.813113 0.063317 0.091299
0 0.383374 0.875613 0.055147 0.014093
0 0.452410 0.874694 0.061683 0.009804
0 0.523080 0.872396 0.058415 0.010110
0 0.584967 0.873009 0.050654 0.008885
0 0.639502 0.877757 0.046977 0.012868
0 0.715686 0.876225 0.057190 0.009804
0 0.705065 0.816483 0.046569 0.063113
0 0.632353 0.822457 0.053922 0.056679
0 0.581087 0.818781 0.042892 0.054841
0 0.451389 0.809436 0.056373 0.083946
0 0.379085 0.799632 0.060458 0.064338
0 0.316381 0.812500 0.052696 0.082108
0 0.239175 0.808824 0.058415 0.087623
0 0.318015 0.882812 0.069036 0.018076
0 0.767565 0.712929 0.051471 0.010417
0 0.909518 0.475797 0.041258 0.183824
0 0.491013 0.088695 0.040033 0.119179
0 0.568423 0.088542 0.038807 0.123775
0 0.902778 0.263634 0.073529 0.139400
0 0.023897 0.341299 0.026552 0.071691
0 0.057394 0.343444 0.033088 0.086397
0 0.100082 0.335784 0.044118 0.087010
0 0.186683 0.341146 0.054739 0.065870
0 0.248366 0.340686 0.053922 0.060049
0 0.315155 0.338848 0.049428 0.055147
0 0.372549 0.339614 0.050654 0.059130
0 0.442810 0.337163 0.046569 0.053615
0 0.512255 0.333946 0.053922 0.052083
0 0.581699 0.332261 0.054739 0.041973
0 0.637868 0.330576 0.046977 0.047794
0 0.686479 0.336091 0.045343 0.048407
0 0.737541 0.332567 0.047794 0.048713
0 0.796160 0.334099 0.058824 0.051777
0 0.012051 0.447457 0.024101 0.087316
0 0.048815 0.444087 0.023284 0.088542
0 0.817810 0.235754 0.049020 0.083640
0 0.528391 0.090686 0.029820 0.120098
0 0.754085 0.231005 0.058824 0.068015
0 0.623775 0.229473 0.051471 0.069853
0 0.620098 0.100184 0.032680 0.107230
0 0.658497 0.098805 0.035131 0.107537
0 0.695670 0.092831 0.031046 0.113971
0 0.732230 0.091452 0.033905 0.113664
0 0.771038 0.095895 0.033088 0.112132
0 0.808824 0.091759 0.034314 0.111826
0 0.852328 0.092218 0.043709 0.112745
0 0.925245 0.106464 0.083333 0.079963
0 0.017361 0.223958 0.034722 0.078431
0 0.054943 0.219363 0.032271 0.093137
0 0.092729 0.233456 0.029412 0.071078
0 0.178922 0.231618 0.053105 0.072917
0 0.238562 0.231005 0.059641 0.071691
0 0.384804 0.230545 0.043301 0.075674
0 0.431168 0.235141 0.037173 0.076900
0 0.499796 0.231924 0.054330 0.072917
0 0.570874 0.231158 0.051062 0.074449
0 0.690972 0.226409 0.060866 0.070466
0 0.969975 0.425398 0.059232 0.122855
0 0.515931 0.809283 0.061275 0.080576
0 0.770221 0.700674 0.054330 0.009804
0 0.259395 0.437960 0.050654 0.045037
0 0.205882 0.442096 0.047386 0.047794
0 0.139297 0.451440 0.034314 0.058517
0 0.094567 0.443015 0.043709 0.083946
0 0.690768 0.586244 0.028595 0.088542
0 0.622549 0.596814 0.066176 0.101716
0 0.546773 0.597426 0.063317 0.108456
0 0.477533 0.593137 0.052288 0.097426
0 0.416462 0.586857 0.057598 0.084865
0 0.489788 0.743873 0.055556 0.016544
0 0.318015 0.574295 0.079657 0.062194
0 0.564951 0.741881 0.057190 0.015012
0 0.627859 0.689951 0.048203 0.060049
0 0.554126 0.690411 0.052696 0.053002
0 0.489175 0.687806 0.060049 0.065564
0 0.307802 0.442096 0.037990 0.050245
0 0.705678 0.673866 0.058415 0.011949
0 0.356822 0.447151 0.051062 0.049939
0 0.465482 0.433977 0.045343 0.031556
0 0.238766 0.573683 0.066585 0.060968
0 0.129289 0.564185 0.081291 0.063419
0 0.025531 0.566330 0.051062 0.064645
0 0.781658 0.458333 0.029820 0.085172
0 0.722835 0.453891 0.032271 0.079350
0 0.669526 0.430300 0.035948 0.026654
0 0.624183 0.446385 0.040850 0.056373
0 0.576797 0.436734 0.044935 0.041973
0 0.410948 0.437960 0.049837 0.036458
0 0.771855 0.688879 0.055964 0.010110
0 0.700776 0.742034 0.045343 0.012868
0 0.703227 0.714308 0.053513 0.010110
0 0.704453 0.698223 0.055964 0.009804
0 0.703227 0.687040 0.053513 0.011336
0 0.523897 0.438725 0.049428 0.038603
0 0.767974 0.673560 0.052288 0.011336
