0 0.948177 0.508984 0.019271 0.042188
0 0.928646 0.512305 0.019792 0.048828
0 0.716667 0.511719 0.028125 0.057813
0 0.908594 0.512500 0.018229 0.049219
0 0.869271 0.515625 0.026042 0.047656
0 0.847396 0.517578 0.015625 0.046094
0 0.828125 0.519922 0.022917 0.051562
0 0.744271 0.512695 0.023958 0.058984
0 0.552083 0.508789 0.037500 0.091797
0 0.652083 0.513672 0.032292 0.061719
0 0.621094 0.515234 0.030729 0.064062
0 0.588802 0.503711 0.033854 0.088672
0 0.514062 0.509180 0.036458 0.089453
0 0.475000 0.512500 0.044792 0.096875
0 0.432812 0.512891 0.036458 0.096875
0 0.384635 0.517578 0.055729 0.102344
0 0.972917 0.508008 0.030208 0.044922
0 0.311198 0.524219 0.049479 0.108594
0 0.686458 0.514258 0.034375 0.062109
0 0.844010 0.436719 0.019271 0.052344
0 0.297656 0.393164 0.044271 0.107422
0 0.885938 0.435937 0.021875 0.051562
0 0.259896 0.521289 0.052083 0.113672
0 0.714844 0.398242 0.022396 0.064453
0 0.690625 0.399805 0.026042 0.066016
0 0.663542 0.400977 0.025000 0.063672
0 0.632031 0.402148 0.036979 0.068359
0 0.603906 0.400977 0.020313 0.070703
0 0.485677 0.392773 0.035937 0.094922
0 0.445573 0.390234 0.042188 0.100000
0 0.379688 0.395508 0.042708 0.095703
0 0.864583 0.436328 0.019792 0.052344
0 0.339844 0.392188 0.040104 0.103125
0 0.201042 0.394922 0.039583 0.113281
0 0.153125 0.395117 0.048958 0.116016
0 0.105729 0.395117 0.047917 0.116016
0 0.050521 0.394727 0.058333 0.116797
0 0.984635 0.435937 0.016146 0.042188
0 0.966146 0.433789 0.020833 0.045703
0 0.945573 0.435352 0.021354 0.048047
0 0.925260 0.436328 0.020313 0.046094
0 0.905729 0.437500 0.017708 0.050000
0 0.248177 0.392188 0.053646 0.107813
0 0.210417 0.525586 0.045833 0.118359
0 0.479167 0.620898 0.073958 0.095703
0 0.103906 0.534961 0.057813 0.123047
0 0.636458 0.700977 0.025000 0.078516
0 0.610156 0.706055 0.026562 0.069922
0 0.583854 0.711328 0.025000 0.082031
0 0.536198 0.715039 0.072396 0.076172
0 0.465365 0.727344 0.070312 0.102344
0 0.400260 0.759766 0.059896 0.039062
0 0.330990 0.764648 0.076563 0.049609
0 0.984115 0.745313 0.020313 0.075781
0 0.964844 0.751953 0.014063 0.077344
0 0.948438 0.753906 0.015625 0.072656
0 0.931771 0.758594 0.016667 0.082812
0 0.893490 0.766406 0.022396 0.079687
0 0.871354 0.770117 0.021875 0.073828
0 0.838542 0.772852 0.039583 0.097266
0 0.661979 0.696094 0.028125 0.065625
0 0.794531 0.780078 0.048438 0.082812
0 0.665365 0.823438 0.038021 0.107031
0 0.611979 0.838086 0.070833 0.074609
0 0.541927 0.853320 0.067187 0.105078
0 0.481250 0.890820 0.047917 0.059766
0 0.430729 0.898828 0.053125 0.046094
0 0.370312 0.911719 0.068750 0.072656
0 0.280729 0.905078 0.078125 0.105469
0 0.210677 0.961914 0.061979 0.065234
0 0.139323 0.973242 0.076563 0.044141
0 0.065365 0.975977 0.070312 0.048047
0 0.182292 0.879297 0.063542 0.060937
0 0.165365 0.784961 0.094271 0.105078
0 0.073698 0.822852 0.073438 0.060547
0 0.067187 0.771094 0.063542 0.040625
0 0.745052 0.790430 0.051562 0.103516
0 0.160156 0.528906 0.053646 0.112500
0 0.692187 0.690430 0.029167 0.073828
0 0.759115 0.676953 0.045312 0.080469
0 0.044010 0.535156 0.061979 0.125781
0 0.991146 0.578516 0.015625 0.046875
0 0.973177 0.580469 0.017188 0.045312
0 0.955469 0.583008 0.020313 0.048828
0 0.933333 0.584570 0.022917 0.044141
0 0.910417 0.585547 0.023958 0.046094
0 0.854948 0.596875 0.023438 0.050000
0 0.830208 0.599023 0.025000 0.048828
0 0.802344 0.591992 0.019271 0.054297
0 0.776823 0.588672 0.028646 0.060156
0 0.747656 0.592773 0.029687 0.068359
0 0.717969 0.594922 0.028646 0.064062
0 0.689583 0.606641 0.025000 0.057031
0 0.662500 0.607812 0.027083 0.055469
0 0.721094 0.686133 0.028646 0.064453
0 0.625521 0.606641 0.046875 0.076563
0 0.413542 0.650586 0.058333 0.037109
0 0.351302 0.659180 0.065104 0.054297
0 0.256771 0.653711 0.087500 0.105859
0 0.159115 0.660352 0.106771 0.094141
0 0.989062 0.659180 0.016667 0.040234
0 0.969271 0.658789 0.018750 0.041797
0 0.951823 0.661328 0.018229 0.046875
0 0.933333 0.664258 0.016667 0.043359
0 0.915104 0.665039 0.020833 0.044922
0 0.894531 0.667969 0.017188 0.038281
0 0.873698 0.677148 0.024479 0.056641
0 0.851302 0.680273 0.020313 0.049609
0 0.829948 0.682617 0.022396 0.053516
0 0.798958 0.672266 0.036458 0.072656
0 0.550521 0.611719 0.068750 0.076563
0 0.914062 0.764062 0.016667 0.073438
0 0.973958 0.219727 0.018750 0.044141
0 0.090365 0.104492 0.052604 0.110547
0 0.872917 0.288672 0.015625 0.050000
0 0.854948 0.281641 0.020313 0.062500
0 0.839323 0.280469 0.013021 0.062500
0 0.820573 0.281250 0.024479 0.060937
0 0.792188 0.295703 0.027083 0.064062
0 0.766927 0.294141 0.023438 0.066406
0 0.737240 0.291602 0.031771 0.072266
0 0.704948 0.290625 0.031771 0.073438
0 0.671354 0.290430 0.035417 0.072266
0 0.633854 0.288281 0.039583 0.075781
0 0.599219 0.287305 0.026562 0.076172
0 0.566146 0.274219 0.041667 0.101562
0 0.891406 0.287695 0.020313 0.048047
0 0.525521 0.273633 0.039583 0.098828
0 0.440365 0.268359 0.046354 0.100781
0 0.397917 0.267969 0.038542 0.099219
0 0.353646 0.265625 0.046875 0.103906
0 0.304688 0.263867 0.052083 0.101172
0 0.239844 0.261719 0.076563 0.107031
0 0.094010 0.258789 0.045312 0.093359
0 0.048177 0.257422 0.044271 0.096875
0 0.981510 0.367383 0.019271 0.044141
0 0.961458 0.366602 0.017708 0.046484
0 0.942708 0.368164 0.019792 0.050391
0 0.923698 0.367383 0.020313 0.051953
0 0.904948 0.367773 0.016146 0.051953
0 0.483333 0.270898 0.037500 0.095703
0 0.911719 0.290039 0.021354 0.044922
0 0.933333 0.289648 0.019792 0.044141
0 0.953906 0.290039 0.020313 0.042578
0 0.799219 0.189258 0.019271 0.071484
0 0.775781 0.188477 0.027604 0.071484
0 0.750521 0.186719 0.020833 0.068750
0 0.729948 0.184570 0.020313 0.074609
0 0.711198 0.182812 0.016146 0.073438
0 0.686458 0.188086 0.031250 0.060547
0 0.658594 0.184570 0.025521 0.055078
0 0.628906 0.185742 0.033854 0.052734
0 0.601042 0.187305 0.019792 0.038672
0 0.579688 0.189453 0.023958 0.033594
0 0.550000 0.154883 0.032292 0.089453
0 0.511458 0.152539 0.044792 0.095703
0 0.473698 0.149609 0.030729 0.090625
0 0.433854 0.144141 0.046875 0.097656
0 0.392448 0.142187 0.036979 0.092188
0 0.344010 0.134375 0.044271 0.093750
0 0.295833 0.130664 0.051042 0.101172
0 0.248958 0.124023 0.039583 0.106641
0 0.197917 0.121094 0.061458 0.110156
0 0.029687 0.090039 0.059375 0.139453
0 0.950781 0.216797 0.026562 0.048438
0 0.925781 0.214258 0.022396 0.042578
0 0.891667 0.209570 0.022917 0.042578
0 0.865365 0.207227 0.030729 0.048047
0 0.838281 0.207617 0.021354 0.038672
0 0.986458 0.293555 0.015625 0.044922
0 0.971615 0.291992 0.014063 0.046484
0 0.862500 0.367383 0.020833 0.048828
0 0.841406 0.365625 0.021354 0.053125
0 0.885417 0.368359 0.022917 0.050000
0 0.795052 0.396094 0.021354 0.060937
0 0.770052 0.396289 0.023438 0.058984
0 0.741927 0.398242 0.031771 0.065234
0 0.821875 0.365234 0.018750 0.051562
