0 0.398080 0.362592 0.029820 0.021752
0 0.068423 0.379749 0.030637 0.022365
0 0.070670 0.402727 0.030229 0.022365
0 0.073938 0.425551 0.033497 0.022059
0 0.108864 0.425551 0.029820 0.020221
0 0.103554 0.403493 0.037173 0.022059
0 0.102737 0.381740 0.033905 0.019608
0 0.136846 0.382047 0.033497 0.020833
0 0.171977 0.403493 0.097222 0.022672
0 0.142361 0.426164 0.032271 0.023284
0 0.366217 0.363358 0.031454 0.022672
0 0.747549 0.409773 0.100490 0.018076
0 0.174224 0.426164 0.030637 0.022059
0 0.623366 0.367034 0.025327 0.018382
0 0.592729 0.366268 0.033497 0.019914
0 0.557802 0.365502 0.029820 0.021446
0 0.527574 0.364583 0.033905 0.019608
0 0.492443 0.365043 0.026552 0.022365
0 0.464052 0.364890 0.030229 0.020221
0 0.432190 0.364277 0.028595 0.020833
0 0.063930 0.357843 0.033905 0.021446
0 0.100286 0.357690 0.037173 0.021752
0 0.136029 0.358609 0.031863 0.022978
0 0.168301 0.358762 0.031046 0.022672
0 0.202614 0.359988 0.030229 0.022672
0 0.234477 0.360754 0.032680 0.021752
0 0.268382 0.360447 0.031046 0.020527
0 0.300245 0.361060 0.029412 0.021140
0 0.331904 0.361826 0.031454 0.023284
0 0.172998 0.381740 0.032271 0.019608
0 0.301471 0.428462 0.027778 0.020527
0 0.209355 0.425705 0.027369 0.019301
0 0.745711 0.430147 0.029820 0.014093
0 0.649306 0.409007 0.091912 0.019608
0 0.553922 0.410080 0.096405 0.017463
0 0.462010 0.408088 0.088235 0.020833
0 0.584559 0.430607 0.035948 0.016238
0 0.553105 0.429381 0.025327 0.018076
0 0.525531 0.430147 0.031454 0.017157
0 0.493464 0.429841 0.028595 0.018995
0 0.462214 0.429228 0.031454 0.015931
0 0.430760 0.429228 0.025735 0.017770
0 0.713440 0.427849 0.033088 0.011949
0 0.398284 0.427849 0.030229 0.018076
0 0.399306 0.385723 0.028186 0.018995
0 0.366422 0.385570 0.031863 0.021140
0 0.682394 0.429075 0.029820 0.010110
0 0.655229 0.366728 0.035131 0.017770
0 0.368260 0.429841 0.031454 0.017770
0 0.337010 0.427543 0.033497 0.020527
0 0.367443 0.406556 0.091912 0.019608
0 0.334355 0.384344 0.032271 0.019301
0 0.301879 0.383885 0.028595 0.018382
0 0.776757 0.428768 0.028186 0.013787
0 0.271242 0.427237 0.032680 0.022365
0 0.272467 0.382812 0.022876 0.019301
0 0.237949 0.384038 0.035539 0.021140
0 0.268178 0.404871 0.096814 0.019914
0 0.237745 0.425858 0.026961 0.019608
0 0.205474 0.382506 0.027778 0.018689
0 0.689338 0.367188 0.028186 0.018076
0 0.560049 0.343137 0.026961 0.022672
0 0.750817 0.367341 0.027778 0.023897
0 0.133374 0.286458 0.026552 0.020221
0 0.164828 0.289369 0.032271 0.022365
0 0.199346 0.289369 0.027778 0.020527
0 0.233252 0.288909 0.030229 0.021446
0 0.268382 0.289522 0.031046 0.020221
0 0.301062 0.289828 0.031046 0.020221
0 0.334763 0.291820 0.033088 0.018689
0 0.368260 0.293199 0.027369 0.020833
0 0.402165 0.293045 0.029820 0.022365
0 0.432190 0.295190 0.028595 0.021752
0 0.466095 0.294271 0.031046 0.019914
0 0.497753 0.295037 0.029003 0.021446
0 0.528391 0.296569 0.029003 0.018382
0 0.560049 0.295956 0.026961 0.020221
0 0.592116 0.296109 0.034722 0.019301
0 0.625817 0.296415 0.028595 0.021140
0 0.658292 0.296415 0.036356 0.021752
0 0.100286 0.286305 0.037173 0.022365
0 0.694649 0.295956 0.031454 0.023284
0 0.096201 0.262868 0.035539 0.021446
0 0.168096 0.265931 0.038807 0.021446
0 0.731005 0.274969 0.030637 0.021140
0 0.697100 0.272825 0.033088 0.022978
0 0.662173 0.272365 0.033497 0.022059
0 0.630923 0.274969 0.030637 0.021752
0 0.595792 0.274663 0.035539 0.020527
0 0.563930 0.272365 0.029820 0.023897
0 0.532680 0.271906 0.031863 0.024203
0 0.498775 0.273131 0.034314 0.022365
0 0.467933 0.271140 0.026552 0.022672
0 0.436275 0.272518 0.036765 0.020527
0 0.401552 0.271599 0.028595 0.020527
0 0.369281 0.268689 0.035948 0.025123
0 0.335376 0.268689 0.030229 0.020833
0 0.299428 0.268842 0.037582 0.018689
0 0.266136 0.266544 0.026552 0.019608
0 0.234681 0.266544 0.036356 0.020221
0 0.200776 0.263634 0.026552 0.022978
0 0.128881 0.262408 0.027369 0.020527
0 0.721201 0.364890 0.025735 0.023284
0 0.727941 0.298560 0.032680 0.020527
0 0.793301 0.298100 0.025327 0.021446
0 0.174224 0.333946 0.022467 0.019608
0 0.202410 0.335478 0.029820 0.020221
0 0.233864 0.335938 0.027369 0.017463
0 0.266544 0.335478 0.035539 0.020221
0 0.300245 0.337010 0.025327 0.022672
0 0.331087 0.339308 0.029820 0.018689
0 0.365196 0.339461 0.029412 0.018382
0 0.394608 0.342371 0.022876 0.015625
0 0.495915 0.341146 0.021242 0.018689
0 0.524714 0.342525 0.029820 0.018382
0 0.653391 0.428002 0.026552 0.012255
0 0.590891 0.343137 0.028186 0.020221
0 0.622958 0.343290 0.031046 0.022978
0 0.654820 0.344210 0.029412 0.021140
0 0.686887 0.344822 0.024101 0.022978
0 0.786560 0.343597 0.027369 0.020527
0 0.785539 0.367341 0.031046 0.022059
0 0.062908 0.335172 0.027778 0.018995
0 0.760008 0.297335 0.031454 0.019914
0 0.064542 0.311581 0.030229 0.023897
0 0.175245 0.313879 0.028595 0.017463
0 0.787173 0.320772 0.035948 0.020833
0 0.739175 0.330270 0.063317 0.036765
0 0.690155 0.319547 0.030637 0.021446
0 0.660539 0.320925 0.028595 0.018689
0 0.628268 0.320159 0.035948 0.019608
0 0.595180 0.319393 0.028595 0.021752
0 0.564338 0.319547 0.033088 0.021446
0 0.531454 0.318934 0.030229 0.022672
0 0.501021 0.318015 0.033905 0.021446
0 0.446691 0.326746 0.069036 0.038909
0 0.397263 0.318627 0.024918 0.025735
0 0.367443 0.318781 0.031454 0.022978
0 0.335989 0.314645 0.029003 0.023897
0 0.300858 0.314951 0.030637 0.021446
0 0.269404 0.313879 0.032271 0.022365
0 0.237949 0.314798 0.029820 0.018689
0 0.205882 0.311581 0.028595 0.020833
0 0.121324 0.320159 0.075163 0.041054
0 0.612949 0.430760 0.021650 0.015931
0 0.230801 0.499540 0.029412 0.023591
0 0.749592 0.390319 0.030229 0.017770
0 0.677288 0.504596 0.033497 0.021446
0 0.709967 0.503676 0.025327 0.019608
0 0.743260 0.503523 0.034722 0.020527
0 0.781454 0.501532 0.033497 0.018382
0 0.782475 0.523591 0.033088 0.022672
0 0.746528 0.526654 0.036356 0.020221
0 0.642974 0.504902 0.030229 0.022059
0 0.712010 0.526654 0.035948 0.022672
0 0.645221 0.527574 0.030637 0.018382
0 0.609477 0.525582 0.032680 0.022365
0 0.576797 0.524816 0.032680 0.022059
0 0.540850 0.525582 0.035131 0.022365
0 0.505310 0.549173 0.027778 0.021752
0 0.537582 0.549173 0.035131 0.021140
0 0.676471 0.528339 0.033497 0.019914
0 0.574346 0.548560 0.031863 0.020527
0 0.606413 0.500919 0.034722 0.023284
0 0.680556 0.482996 0.033497 0.018689
0 0.470997 0.613051 0.028595 0.018382
0 0.504289 0.612132 0.029820 0.019608
0 0.535335 0.613358 0.030637 0.017770
0 0.570874 0.612745 0.032271 0.020833
0 0.604371 0.613817 0.034722 0.019914
0 0.637868 0.613664 0.028186 0.019608
0 0.644404 0.480699 0.036356 0.019608
0 0.670956 0.614583 0.033088 0.018382
0 0.743668 0.614583 0.031454 0.018382
0 0.776552 0.613051 0.031863 0.018382
0 0.674632 0.458333 0.032271 0.020833
0 0.711193 0.457874 0.035948 0.019914
0 0.786356 0.481005 0.033497 0.020221
0 0.712418 0.481005 0.031046 0.020221
0 0.707516 0.614583 0.032680 0.021446
0 0.608252 0.548100 0.030229 0.020221
0 0.641953 0.549479 0.028186 0.022365
0 0.674837 0.550092 0.032680 0.022365
0 0.744281 0.591759 0.028595 0.018076
0 0.776348 0.592218 0.031454 0.018995
0 0.919730 0.575368 0.032271 0.052696
0 0.888685 0.577665 0.024918 0.052390
0 0.860294 0.575368 0.028595 0.052696
0 0.830270 0.575061 0.023284 0.054534
0 0.710172 0.592065 0.029820 0.018689
0 0.843546 0.458793 0.031863 0.058517
0 0.904003 0.460172 0.030229 0.061275
0 0.936275 0.461244 0.029412 0.059130
0 0.943219 0.383119 0.034314 0.062806
0 0.910131 0.386183 0.031046 0.059743
0 0.881332 0.383119 0.023284 0.056679
0 0.851716 0.383272 0.029412 0.065564
0 0.873366 0.458180 0.022059 0.056066
0 0.671773 0.593444 0.034722 0.017770
0 0.638889 0.593903 0.026144 0.016850
0 0.607639 0.594516 0.029003 0.015625
0 0.709763 0.548560 0.029003 0.020527
0 0.741626 0.548866 0.033905 0.021752
0 0.778391 0.549020 0.031454 0.021446
0 0.779003 0.570159 0.035948 0.020833
0 0.744281 0.571998 0.032680 0.018382
0 0.709559 0.571998 0.036765 0.018382
0 0.673611 0.572457 0.035131 0.020527
0 0.641136 0.571998 0.030637 0.021446
0 0.608252 0.571232 0.031046 0.022978
0 0.576797 0.570159 0.028595 0.020833
0 0.542484 0.571691 0.035948 0.018995
0 0.504902 0.569393 0.034314 0.016238
0 0.504289 0.588542 0.029820 0.017770
0 0.538603 0.591912 0.037173 0.017770
0 0.574551 0.592065 0.032271 0.018689
0 0.440564 0.611213 0.029003 0.020833
0 0.062500 0.614737 0.034314 0.021752
0 0.097835 0.614583 0.036356 0.021446
0 0.133987 0.613971 0.033497 0.023284
0 0.373775 0.524050 0.031046 0.025429
0 0.341912 0.524050 0.029412 0.023591
0 0.306373 0.523591 0.035948 0.023284
0 0.270016 0.525276 0.035131 0.022978
0 0.232639 0.523744 0.028186 0.022978
0 0.200980 0.523284 0.034314 0.022059
0 0.404616 0.522518 0.030637 0.026654
0 0.163399 0.524663 0.035948 0.021140
0 0.090074 0.521599 0.040441 0.024203
0 0.051062 0.521752 0.036765 0.025123
0 0.054534 0.548407 0.043709 0.020221
0 0.094158 0.546722 0.029003 0.019914
0 0.128676 0.547794 0.033497 0.022059
0 0.163603 0.547335 0.029820 0.021752
0 0.126838 0.521446 0.027369 0.024510
0 0.762459 0.275888 0.032271 0.022978
0 0.334763 0.498928 0.033088 0.023591
0 0.299224 0.499540 0.027369 0.023591
0 0.716708 0.388480 0.030637 0.018382
0 0.685866 0.388940 0.031046 0.017463
0 0.656658 0.387408 0.028186 0.016238
0 0.624183 0.387408 0.031863 0.017463
0 0.591708 0.388480 0.031454 0.018382
0 0.529412 0.386949 0.026144 0.018382
0 0.493464 0.386949 0.028595 0.018382
0 0.464665 0.386949 0.029003 0.018382
0 0.432802 0.386642 0.031454 0.018995
0 0.193627 0.449602 0.040850 0.018689
0 0.199551 0.476256 0.029003 0.019914
0 0.160948 0.474112 0.040850 0.024203
0 0.158905 0.501838 0.032680 0.018995
0 0.195261 0.500460 0.031863 0.023591
0 0.267565 0.498928 0.033497 0.023591
0 0.198938 0.547028 0.035131 0.020527
0 0.780229 0.390319 0.033497 0.015931
0 0.232843 0.547641 0.033497 0.021140
0 0.304943 0.548254 0.030637 0.019914
0 0.236724 0.591452 0.033088 0.018689
0 0.271242 0.593290 0.032680 0.021140
0 0.303105 0.592678 0.026961 0.019301
0 0.337214 0.592525 0.037990 0.019608
0 0.371936 0.592525 0.026552 0.019608
0 0.405842 0.590533 0.033088 0.018689
0 0.201593 0.592831 0.032271 0.020221
0 0.406250 0.611366 0.035539 0.021140
0 0.339052 0.612745 0.035131 0.020833
0 0.305351 0.614124 0.029820 0.019301
0 0.271446 0.614277 0.032271 0.017770
0 0.239788 0.611366 0.034314 0.021752
0 0.202410 0.613817 0.031454 0.019914
0 0.169118 0.613664 0.036765 0.020221
0 0.371936 0.613358 0.030637 0.017770
0 0.164011 0.592525 0.034722 0.019608
0 0.130923 0.590839 0.029820 0.019301
0 0.095384 0.591452 0.035539 0.018689
0 0.339052 0.548407 0.033497 0.020221
0 0.372753 0.549020 0.028186 0.018382
0 0.407884 0.547641 0.033088 0.018689
0 0.407271 0.568934 0.033497 0.021446
0 0.371528 0.569240 0.035539 0.020833
0 0.339052 0.569700 0.031046 0.022978
0 0.304126 0.570925 0.032271 0.020527
0 0.271446 0.569240 0.028186 0.018995
0 0.237745 0.569853 0.034314 0.019608
0 0.201389 0.570466 0.033497 0.021446
0 0.167688 0.569853 0.035539 0.022672
0 0.130719 0.570772 0.035948 0.018995
0 0.095792 0.569087 0.032271 0.021140
0 0.059028 0.569700 0.041258 0.019914
0 0.058211 0.591605 0.038807 0.020833
0 0.269812 0.548254 0.033905 0.019914
0 0.795547 0.276195 0.031454 0.020527
0 0.558007 0.387408 0.033497 0.020527
0 0.197508 0.164062 0.032271 0.026654
0 0.402574 0.221814 0.026552 0.024510
0 0.367647 0.218750 0.034314 0.024510
0 0.333129 0.218290 0.033905 0.023591
0 0.299428 0.218290 0.030229 0.024203
0 0.269404 0.217065 0.033088 0.024816
0 0.234477 0.216605 0.032680 0.023284
0 0.199755 0.216605 0.032680 0.025735
0 0.126634 0.214308 0.029412 0.024203
0 0.090482 0.213848 0.037990 0.026961
0 0.299428 0.192862 0.027778 0.024203
0 0.805147 0.153493 0.032680 0.023284
0 0.693627 0.132659 0.040033 0.011642
0 0.658701 0.135417 0.028186 0.014093
0 0.662377 0.153493 0.036356 0.016544
0 0.803717 0.178309 0.035539 0.020221
0 0.769199 0.177390 0.035131 0.024510
0 0.734273 0.176164 0.032271 0.022059
0 0.434436 0.221354 0.033088 0.025429
0 0.700776 0.178922 0.029820 0.024510
0 0.467933 0.221048 0.030637 0.026042
0 0.534722 0.223039 0.029412 0.023897
0 0.232639 0.163143 0.033088 0.026654
0 0.769404 0.153646 0.033905 0.019914
0 0.738358 0.152880 0.029003 0.021446
0 0.704657 0.152880 0.031046 0.021446
0 0.736928 0.127757 0.035131 0.026348
0 0.770629 0.130974 0.028186 0.025429
0 0.806577 0.128830 0.037990 0.022365
0 0.811887 0.102635 0.029820 0.025123
0 0.774306 0.102788 0.035539 0.023591
0 0.734273 0.107996 0.029003 0.014400
0 0.702410 0.113664 0.030637 0.023284
0 0.667075 0.112132 0.037582 0.025735
0 0.602124 0.198376 0.030229 0.026654
0 0.568832 0.198836 0.032271 0.024510
0 0.567606 0.222886 0.033905 0.022365
0 0.192606 0.138021 0.038807 0.022365
0 0.161152 0.163909 0.037173 0.025123
0 0.499796 0.221507 0.033088 0.025123
0 0.665850 0.176011 0.038399 0.018689
0 0.164216 0.215993 0.035131 0.028186
0 0.667484 0.200521 0.030229 0.021140
0 0.397672 0.245098 0.033088 0.020221
0 0.434028 0.247396 0.028186 0.023591
0 0.463235 0.246936 0.029412 0.022672
0 0.159722 0.189185 0.026144 0.025429
0 0.236315 0.189645 0.032271 0.024510
0 0.125000 0.189645 0.037582 0.024510
0 0.267157 0.190717 0.028595 0.026654
0 0.365196 0.243566 0.029412 0.022059
0 0.797386 0.251225 0.029412 0.023284
0 0.731005 0.250766 0.034722 0.021140
0 0.636029 0.199908 0.028595 0.020527
0 0.695057 0.250306 0.032271 0.020221
0 0.662990 0.250000 0.029412 0.019608
0 0.629698 0.248162 0.028186 0.022059
0 0.499183 0.247396 0.035948 0.023591
0 0.532884 0.247396 0.029820 0.021752
0 0.764502 0.250766 0.032271 0.021140
0 0.333129 0.244792 0.029820 0.023897
0 0.299224 0.246170 0.031454 0.024203
0 0.262663 0.244638 0.031863 0.021140
0 0.701797 0.203738 0.033497 0.022059
0 0.735498 0.202053 0.027369 0.024203
0 0.767565 0.200061 0.030229 0.020833
0 0.799837 0.201440 0.030229 0.019301
0 0.797998 0.227175 0.030637 0.019914
0 0.765523 0.225797 0.030229 0.022672
0 0.732026 0.225184 0.036765 0.022059
0 0.698121 0.227328 0.031046 0.019608
0 0.664828 0.226103 0.028186 0.023897
0 0.633987 0.225797 0.032680 0.022672
0 0.194853 0.189491 0.039216 0.024203
0 0.602124 0.224418 0.031046 0.020527
0 0.090891 0.238971 0.034722 0.022059
0 0.124387 0.238664 0.032271 0.023897
0 0.159722 0.243107 0.034314 0.021140
0 0.195670 0.240349 0.032680 0.020527
0 0.231209 0.242647 0.030229 0.023284
0 0.563113 0.248468 0.029003 0.022672
0 0.595792 0.249234 0.033905 0.021140
