0 0.436458 0.661719 0.018750 0.095312
0 0.411458 0.666602 0.023958 0.102734
0 0.957812 0.526172 0.044792 0.095312
0 0.865625 0.526563 0.042708 0.100781
0 0.821094 0.527734 0.040104 0.098437
0 0.778906 0.530469 0.032813 0.099219
0 0.669792 0.539453 0.032292 0.095312
0 0.709896 0.535937 0.029167 0.093750
0 0.633854 0.536523 0.023958 0.094922
0 0.597917 0.536719 0.032292 0.089844
0 0.554948 0.546094 0.025521 0.094531
0 0.529167 0.546680 0.015625 0.093359
0 0.471094 0.545508 0.018229 0.093359
0 0.465625 0.659180 0.026042 0.092578
0 0.500521 0.547852 0.035417 0.088672
0 0.745833 0.533984 0.027083 0.096875
0 0.496615 0.656641 0.030729 0.095312
0 0.733073 0.647461 0.017188 0.098047
0 0.553646 0.654102 0.026042 0.094922
0 0.815365 0.751953 0.016146 0.079687
0 0.794792 0.759570 0.016667 0.092578
0 0.973698 0.636133 0.031771 0.090234
0 0.938542 0.641797 0.032292 0.099219
0 0.901302 0.641797 0.024479 0.099219
0 0.870573 0.641602 0.030729 0.098828
0 0.832292 0.648828 0.037500 0.103125
0 0.523438 0.655859 0.020833 0.091406
0 0.797917 0.646289 0.026042 0.098047
0 0.441146 0.548438 0.032292 0.089844
0 0.703906 0.648828 0.023438 0.098437
0 0.677344 0.650000 0.021354 0.093750
0 0.653906 0.651172 0.019271 0.096094
0 0.630208 0.650391 0.019792 0.094531
0 0.597135 0.649414 0.030729 0.090234
0 0.575000 0.650195 0.011458 0.087109
0 0.764062 0.649219 0.028125 0.096875
0 0.402604 0.551562 0.034375 0.091406
0 0.663281 0.422656 0.025521 0.089844
0 0.954167 0.406250 0.025000 0.088281
0 0.176563 0.841406 0.042708 0.102344
0 0.123698 0.848437 0.043229 0.097656
0 0.069531 0.845313 0.049479 0.091406
0 0.018750 0.850195 0.037500 0.098828
0 0.367969 0.729883 0.035937 0.056641
0 0.332552 0.721875 0.025521 0.074219
0 0.302604 0.724219 0.022917 0.076563
0 0.228385 0.839258 0.050521 0.095703
0 0.262240 0.728711 0.022396 0.076172
0 0.188021 0.730273 0.023958 0.076953
0 0.159375 0.730664 0.025000 0.075391
0 0.128385 0.730664 0.029687 0.070703
0 0.091927 0.734375 0.030729 0.073438
0 0.062500 0.736914 0.022917 0.070703
0 0.361979 0.623242 0.027083 0.073828
0 0.031771 0.741406 0.025000 0.082031
0 0.221094 0.727539 0.032813 0.073828
0 0.986458 0.401172 0.026042 0.087500
0 0.280208 0.839258 0.045833 0.098047
0 0.370312 0.838281 0.037500 0.093750
0 0.915365 0.406250 0.040104 0.092969
0 0.875260 0.410938 0.023438 0.088281
0 0.842187 0.410547 0.034375 0.092188
0 0.797656 0.413477 0.028646 0.093359
0 0.765885 0.418164 0.022396 0.092578
0 0.734635 0.420508 0.030729 0.085547
0 0.695312 0.419336 0.021875 0.094922
0 0.329688 0.839648 0.039583 0.098828
0 0.837240 0.752344 0.018229 0.085156
0 0.597917 0.428125 0.032292 0.091406
0 0.560156 0.428125 0.023438 0.093750
0 0.525521 0.430664 0.034375 0.089453
0 0.486979 0.435742 0.027083 0.094141
0 0.453125 0.433789 0.030208 0.085547
0 0.420052 0.436523 0.024479 0.098828
0 0.381250 0.435547 0.033333 0.091406
0 0.631250 0.425391 0.025000 0.092969
0 0.857031 0.757617 0.013021 0.091016
0 0.554167 0.765820 0.040625 0.080859
0 0.929167 0.752148 0.032292 0.089453
0 0.231771 0.288281 0.054167 0.060937
0 0.295833 0.286328 0.054167 0.064062
0 0.411198 0.298438 0.029687 0.092969
0 0.445573 0.297461 0.027604 0.086328
0 0.478906 0.293945 0.030729 0.091797
0 0.512760 0.292969 0.030729 0.106250
0 0.557813 0.278320 0.034375 0.098828
0 0.169531 0.288867 0.054688 0.069141
0 0.624219 0.295703 0.046354 0.107031
0 0.717708 0.283789 0.035417 0.099609
0 0.765625 0.275977 0.044792 0.096484
0 0.811979 0.273047 0.038542 0.095312
0 0.851042 0.272461 0.030208 0.094141
0 0.892188 0.269336 0.038542 0.104297
0 0.929427 0.258008 0.029687 0.079297
0 0.963021 0.264648 0.033333 0.100391
0 0.673698 0.285938 0.040104 0.094531
0 0.039844 0.427344 0.028646 0.096875
0 0.113021 0.293750 0.046875 0.069531
0 0.938021 0.089453 0.111458 0.102344
0 0.333073 0.627539 0.027604 0.078516
0 0.775260 0.110547 0.050521 0.108594
0 0.707292 0.107031 0.068750 0.117969
0 0.632292 0.120117 0.062500 0.103516
0 0.563542 0.121094 0.056250 0.112500
0 0.500260 0.133789 0.053646 0.094922
0 0.435677 0.139258 0.058854 0.103516
0 0.055469 0.299609 0.050521 0.067187
0 0.359115 0.142187 0.078646 0.097656
0 0.274219 0.189062 0.027604 0.071094
0 0.245573 0.181836 0.027604 0.087891
0 0.208073 0.178906 0.045312 0.106250
0 0.155729 0.182617 0.042708 0.098828
0 0.096615 0.181641 0.049479 0.103906
0 0.048698 0.224219 0.046354 0.038281
0 0.838021 0.104102 0.070833 0.100391
0 0.304427 0.190234 0.023438 0.054688
0 0.888021 0.755078 0.033333 0.090625
0 0.078646 0.421484 0.029167 0.102344
0 0.153125 0.412695 0.031250 0.105859
0 0.947656 0.849219 0.104688 0.017188
0 0.824219 0.855469 0.120313 0.017969
0 0.700000 0.862891 0.123958 0.017969
0 0.575260 0.866992 0.118229 0.019141
0 0.454427 0.873633 0.116146 0.016016
0 0.511979 0.767578 0.032292 0.084375
0 0.468229 0.769727 0.041667 0.083984
0 0.567969 0.824805 0.116146 0.019141
0 0.428125 0.774805 0.028125 0.089453
0 0.626302 0.764258 0.044271 0.082422
0 0.659115 0.763477 0.017188 0.085547
0 0.767188 0.760547 0.028125 0.089063
0 0.737760 0.762891 0.026562 0.086719
0 0.703906 0.762695 0.017188 0.083984
0 0.682031 0.765234 0.024479 0.084375
0 0.969010 0.742969 0.035937 0.080469
0 0.593750 0.763281 0.017708 0.082812
0 0.112240 0.418945 0.032813 0.101953
0 0.273958 0.631055 0.023958 0.077734
0 0.221615 0.636523 0.024479 0.073828
0 0.192448 0.410352 0.026562 0.098828
0 0.225000 0.411328 0.028125 0.105469
0 0.268229 0.407031 0.025000 0.111719
0 0.318490 0.401367 0.057813 0.098047
0 0.039844 0.558398 0.022396 0.092578
0 0.075260 0.555859 0.034896 0.087500
0 0.126562 0.548633 0.026042 0.092578
0 0.247917 0.634570 0.022917 0.074609
0 0.161719 0.546680 0.029687 0.093359
0 0.242448 0.544141 0.030729 0.100000
0 0.275781 0.535742 0.027604 0.095703
0 0.332292 0.523242 0.069792 0.073047
0 0.370833 0.298438 0.035417 0.092969
0 0.142708 0.638477 0.022917 0.077734
0 0.169792 0.634961 0.022917 0.070703
0 0.195573 0.636328 0.026562 0.073438
0 0.197917 0.546094 0.043750 0.094531
0 0.085938 0.668945 0.082292 0.021484
0 0.302083 0.629492 0.028125 0.076953
