0 0.545117 0.635938 0.076172 0.063542
0 0.066211 0.592708 0.086328 0.071875
0 0.240039 0.576302 0.076172 0.049479
0 0.159961 0.574479 0.080078 0.051042
0 0.690820 0.581510 0.070703 0.044271
0 0.470898 0.635156 0.073047 0.057813
0 0.470898 0.578125 0.071484 0.051042
0 0.533008 0.571875 0.044922 0.034375
0 0.690234 0.636719 0.065625 0.057813
0 0.396484 0.576042 0.074219 0.047917
0 0.319531 0.633333 0.075781 0.057292
0 0.747852 0.617448 0.035547 0.098437
0 0.789453 0.617708 0.038281 0.097917
0 0.848242 0.641406 0.070703 0.052604
0 0.843555 0.583073 0.068359 0.053646
0 0.923242 0.583333 0.068359 0.058333
0 0.318750 0.577865 0.078125 0.053646
0 0.241992 0.631771 0.076953 0.055208
0 0.619531 0.626042 0.067969 0.083333
0 0.161133 0.630469 0.077734 0.059896
0 0.395898 0.634375 0.075391 0.057292
0 0.308594 0.721875 0.077344 0.052083
0 0.073242 0.717708 0.076172 0.059375
0 0.196094 0.916667 0.077344 0.090625
0 0.114453 0.917448 0.078906 0.093229
0 0.036133 0.922396 0.072266 0.081250
0 0.232617 0.047917 0.029297 0.058333
0 0.269531 0.047656 0.039062 0.057813
0 0.129883 0.013021 0.055078 0.026042
0 0.763086 0.725521 0.069141 0.055208
0 0.686328 0.723958 0.070312 0.051042
0 0.688672 0.778906 0.073438 0.051562
0 0.607422 0.780469 0.070312 0.053646
0 0.613086 0.725000 0.074609 0.051042
0 0.066602 0.516406 0.083203 0.071354
0 0.535352 0.721615 0.077734 0.048438
0 0.458398 0.720052 0.072266 0.051562
0 0.460352 0.774740 0.072266 0.055729
0 0.385937 0.775000 0.071094 0.055208
0 0.384766 0.720573 0.073438 0.050521
0 0.919922 0.640365 0.073438 0.052604
0 0.308203 0.779427 0.077344 0.058854
0 0.230664 0.775521 0.075391 0.056250
0 0.233203 0.720313 0.071875 0.051042
0 0.152148 0.717969 0.079297 0.050521
0 0.154102 0.775521 0.076953 0.058333
0 0.070703 0.777344 0.078906 0.050521
0 0.534180 0.775781 0.073828 0.057813
0 0.979688 0.441406 0.040625 0.055729
0 0.316016 0.429688 0.076563 0.056250
0 0.917578 0.498698 0.070312 0.056771
0 0.707031 0.286979 0.073438 0.058333
0 0.782422 0.287240 0.075781 0.059896
0 0.783203 0.348177 0.074219 0.058854
0 0.857422 0.350000 0.071875 0.058333
0 0.861719 0.289844 0.073438 0.058854
0 0.937109 0.291406 0.074219 0.058854
0 0.932422 0.352344 0.075781 0.057813
0 0.967383 0.169010 0.041797 0.086979
0 0.920312 0.168229 0.051562 0.085417
0 0.858594 0.168490 0.046875 0.075521
0 0.862695 0.086458 0.049609 0.084375
0 0.778320 0.077344 0.052734 0.084896
0 0.772852 0.164583 0.049609 0.085417
0 0.721680 0.164583 0.028516 0.078125
0 0.685547 0.159635 0.042188 0.088021
0 0.638672 0.074479 0.043750 0.075000
0 0.640039 0.156771 0.048828 0.086458
0 0.027734 0.121875 0.048438 0.116667
0 0.076172 0.123958 0.045312 0.112500
0 0.129688 0.127865 0.055469 0.106771
0 0.132617 0.050000 0.048828 0.045833
0 0.184375 0.131250 0.048438 0.105208
0 0.236133 0.132552 0.053516 0.113021
0 0.705664 0.349219 0.073828 0.064062
0 0.287500 0.135417 0.050781 0.109375
0 0.371484 0.065365 0.040625 0.032813
0 0.390234 0.138542 0.045312 0.106250
0 0.441016 0.142448 0.052344 0.105729
0 0.491797 0.140885 0.046094 0.110937
0 0.538086 0.153906 0.041797 0.086979
0 0.591797 0.148698 0.046875 0.104688
0 0.340430 0.136979 0.052734 0.108333
0 0.630078 0.348438 0.073438 0.063542
0 0.629883 0.283594 0.073047 0.059896
0 0.552148 0.285156 0.075391 0.058854
0 0.262891 0.911719 0.044531 0.090104
0 0.395313 0.432292 0.077344 0.054167
0 0.390039 0.492969 0.076953 0.055729
0 0.472852 0.491927 0.076953 0.057813
0 0.474023 0.433333 0.080078 0.052083
0 0.551172 0.436719 0.073438 0.061979
0 0.314258 0.489844 0.075391 0.059896
0 0.548633 0.495573 0.073047 0.053646
0 0.698633 0.497396 0.071484 0.062500
0 0.700000 0.435677 0.075781 0.054688
0 0.772656 0.439063 0.069531 0.055208
0 0.770312 0.497396 0.070312 0.057292
0 0.844531 0.485417 0.074219 0.081250
0 0.920703 0.441406 0.069531 0.053646
0 0.625195 0.483333 0.074609 0.080208
0 0.976953 0.499740 0.044531 0.054688
0 0.236328 0.487240 0.079687 0.065104
0 0.154102 0.487760 0.080859 0.066146
0 0.553125 0.346094 0.076563 0.063021
0 0.472461 0.343229 0.078516 0.061458
0 0.474219 0.278385 0.079687 0.063021
0 0.390234 0.275781 0.080469 0.063021
0 0.391992 0.340104 0.080078 0.060417
0 0.311719 0.336198 0.077344 0.060937
0 0.200977 0.417708 0.061328 0.038542
0 0.309961 0.271615 0.079297 0.061979
0 0.227930 0.269531 0.080078 0.063021
0 0.146289 0.270313 0.079297 0.064583
0 0.149023 0.335156 0.081641 0.065104
0 0.065039 0.247656 0.078516 0.077604
0 0.062891 0.322656 0.071875 0.073438
0 0.059766 0.401562 0.067969 0.078125
0 0.231250 0.335417 0.081250 0.062500
0 0.307227 0.911458 0.042578 0.092708
0 0.491211 0.909896 0.041797 0.091667
0 0.404492 0.911719 0.044141 0.090104
0 0.356445 0.909375 0.044141 0.096875
0 0.659766 0.907031 0.037500 0.084896
0 0.703320 0.907292 0.040234 0.086458
0 0.745313 0.905208 0.039062 0.090625
0 0.831641 0.905208 0.038281 0.090625
0 0.878906 0.904948 0.041406 0.091146
0 0.916992 0.907292 0.030859 0.086458
0 0.959375 0.902344 0.044531 0.086979
0 0.972266 0.780208 0.055469 0.054167
0 0.972656 0.721615 0.054688 0.045312
0 0.789258 0.904948 0.040234 0.089063
0 0.907227 0.775781 0.069922 0.053646
0 0.830273 0.723958 0.065234 0.047917
0 0.836133 0.780729 0.065234 0.056250
0 0.763477 0.781771 0.071484 0.054167
0 0.618750 0.907813 0.041406 0.088542
0 0.576172 0.911979 0.041406 0.091667
0 0.534766 0.911719 0.039844 0.088021
0 0.907227 0.720313 0.071484 0.047917
0 0.447656 0.914323 0.041406 0.086979
