0 0.881207 0.324880 0.075771 0.029087
0 0.962329 0.326082 0.075342 0.026683
0 0.038099 0.432812 0.059075 0.043029
0 0.112800 0.458894 0.016695 0.070192
0 0.136130 0.460577 0.016267 0.066827
0 0.638699 0.328245 0.085616 0.024760
0 0.542594 0.329447 0.086045 0.024760
0 0.231592 0.327284 0.100171 0.026683
0 0.340967 0.329447 0.088613 0.015144
0 0.446062 0.328606 0.089041 0.021635
0 0.801584 0.324639 0.065497 0.029567
0 0.723245 0.327644 0.071490 0.030769
0 0.231592 0.402885 0.083048 0.026442
0 0.325771 0.403486 0.096747 0.027644
0 0.418450 0.510096 0.072346 0.015865
0 0.516053 0.404808 0.088613 0.025000
0 0.507277 0.507091 0.083904 0.014663
0 0.136130 0.360096 0.020548 0.068750
0 0.421233 0.485577 0.082192 0.019231
0 0.327697 0.485697 0.083476 0.021394
0 0.327911 0.507692 0.088185 0.015865
0 0.233733 0.507933 0.083048 0.015385
0 0.424443 0.405889 0.088613 0.025240
0 0.231592 0.486659 0.091610 0.017067
0 0.865796 0.410938 0.070634 0.015144
0 0.872217 0.386538 0.074914 0.020673
0 0.783604 0.387981 0.080908 0.020192
0 0.784675 0.410096 0.070205 0.016827
0 0.701199 0.404087 0.083048 0.028846
0 0.611087 0.404687 0.081764 0.027644
0 0.953339 0.409375 0.083048 0.015865
0 0.113870 0.360216 0.014555 0.070913
0 0.023973 0.174760 0.046233 0.007692
0 0.017337 0.327764 0.033818 0.078125
0 0.325128 0.666827 0.048373 0.028365
0 0.375000 0.670072 0.049658 0.031490
0 0.435360 0.671394 0.050514 0.019231
0 0.437714 0.641587 0.050942 0.030769
0 0.494435 0.637861 0.049658 0.026202
0 0.491010 0.666947 0.042808 0.028125
0 0.547945 0.669351 0.045377 0.023317
0 0.548801 0.641466 0.042808 0.026202
0 0.599743 0.637260 0.046233 0.027404
0 0.597389 0.668389 0.045805 0.025240
0 0.656250 0.667428 0.044521 0.027163
0 0.651541 0.636058 0.050514 0.025481
0 0.709974 0.637380 0.049229 0.028125
0 0.709332 0.667067 0.047945 0.025481
0 0.764983 0.666827 0.047945 0.025962
0 0.764983 0.637139 0.047945 0.027644
0 0.818279 0.637019 0.047517 0.025962
0 0.870077 0.637019 0.049229 0.025962
0 0.975171 0.661418 0.049658 0.019952
0 0.920591 0.662380 0.047517 0.020433
0 0.869007 0.664784 0.051370 0.022837
0 0.381849 0.635216 0.046233 0.024760
0 0.328767 0.636899 0.042808 0.026202
0 0.973245 0.635216 0.045805 0.027163
0 0.946490 0.581130 0.090753 0.029567
0 0.974101 0.236298 0.051798 0.037981
0 0.910745 0.236659 0.053510 0.034856
0 0.859375 0.236659 0.044949 0.037260
0 0.978382 0.192909 0.043236 0.038702
0 0.917808 0.194832 0.050514 0.037260
0 0.855308 0.193750 0.045377 0.032212
0 0.800514 0.192067 0.046233 0.035577
0 0.802654 0.238462 0.050514 0.038462
0 0.707192 0.234976 0.056507 0.040625
0 0.624144 0.238101 0.056507 0.039183
0 0.057149 0.334135 0.032962 0.067788
0 0.550514 0.240264 0.071918 0.034856
0 0.483305 0.242909 0.048801 0.029567
0 0.426370 0.210337 0.049658 0.025481
0 0.424229 0.241587 0.062500 0.029808
0 0.284675 0.240024 0.056507 0.032933
0 0.217466 0.241587 0.063356 0.032212
0 0.212757 0.206731 0.062500 0.027885
0 0.115368 0.207933 0.102312 0.085096
0 0.024829 0.164062 0.048801 0.009856
0 0.507063 0.486899 0.087757 0.018990
0 0.027825 0.216827 0.051370 0.072115
0 0.481807 0.208053 0.056935 0.027644
0 0.603810 0.486659 0.084332 0.017067
0 0.428724 0.583053 0.054366 0.030529
0 0.691995 0.508534 0.081764 0.014183
0 0.147474 0.706010 0.021832 0.012500
0 0.122003 0.707332 0.022260 0.017067
0 0.812072 0.915625 0.047945 0.029808
0 0.861301 0.910577 0.048801 0.023077
0 0.922517 0.908774 0.055651 0.019471
0 0.330051 0.829928 0.045377 0.026202
0 0.386130 0.826683 0.054795 0.027885
0 0.439212 0.825240 0.045377 0.033173
0 0.495077 0.815144 0.046661 0.031731
0 0.550300 0.825841 0.041524 0.031971
0 0.603596 0.821514 0.045377 0.028606
0 0.658604 0.824880 0.044949 0.026683
0 0.713185 0.823077 0.042808 0.030288
0 0.749572 0.798918 0.021404 0.032933
0 0.794735 0.808173 0.030394 0.048077
0 0.837543 0.805048 0.035531 0.049519
0 0.890625 0.807332 0.060360 0.028125
0 0.960616 0.807452 0.054795 0.030288
0 0.226670 0.718149 0.059503 0.019471
0 0.292380 0.720192 0.054795 0.022596
0 0.288527 0.740264 0.047089 0.016106
0 0.017979 0.689663 0.032534 0.042788
0 0.064854 0.689183 0.035531 0.043750
0 0.015411 0.787019 0.029110 0.047115
0 0.063784 0.780409 0.059075 0.057933
0 0.748930 0.914423 0.050086 0.025000
0 0.689854 0.916226 0.056079 0.023798
0 0.630565 0.919712 0.056507 0.028846
0 0.980522 0.911418 0.038955 0.023798
0 0.919735 0.890264 0.058647 0.015625
0 0.981592 0.888341 0.036815 0.019471
0 0.913099 0.866827 0.049658 0.019231
0 0.854666 0.870673 0.052654 0.021154
0 0.796233 0.875240 0.054795 0.021635
0 0.739084 0.878005 0.051798 0.020913
0 0.350599 0.739663 0.056507 0.014904
0 0.673587 0.878846 0.057791 0.028846
0 0.494435 0.901082 0.041096 0.030048
0 0.443493 0.920312 0.049658 0.027644
0 0.378639 0.922236 0.052654 0.031010
0 0.321276 0.923558 0.053510 0.028365
0 0.224315 0.834135 0.055651 0.027404
0 0.264769 0.925000 0.050942 0.027885
0 0.212115 0.920553 0.052654 0.024760
0 0.097389 0.928365 0.083476 0.025962
0 0.098245 0.896034 0.089469 0.032933
0 0.146618 0.776202 0.097175 0.059135
0 0.615796 0.878005 0.048373 0.020913
0 0.606807 0.506370 0.086045 0.013702
0 0.348887 0.719111 0.053938 0.022356
0 0.412457 0.738822 0.051798 0.014183
0 0.557363 0.583654 0.055651 0.029327
0 0.620719 0.583053 0.045377 0.028125
0 0.680009 0.584255 0.049229 0.023317
0 0.753211 0.581851 0.080051 0.028125
0 0.842038 0.580769 0.078767 0.030288
0 0.138699 0.601322 0.021404 0.020433
0 0.113870 0.601082 0.014555 0.020913
0 0.146404 0.571154 0.015411 0.020673
0 0.124786 0.572837 0.019264 0.022115
0 0.149615 0.525841 0.021832 0.048798
0 0.127997 0.528125 0.012842 0.046635
0 0.017123 0.525240 0.017123 0.040865
0 0.038955 0.604327 0.056507 0.045673
0 0.231164 0.588822 0.056507 0.026202
0 0.958048 0.506490 0.083904 0.015865
0 0.959118 0.483774 0.081764 0.020433
0 0.870077 0.484615 0.079195 0.021154
0 0.869007 0.506010 0.077055 0.014423
0 0.779110 0.504808 0.080479 0.014423
0 0.781464 0.484135 0.080908 0.019712
0 0.690283 0.485938 0.084332 0.023317
0 0.489726 0.586058 0.053082 0.026923
0 0.361301 0.583173 0.056507 0.025481
0 0.294521 0.587139 0.051370 0.027163
0 0.273330 0.668029 0.046661 0.025962
0 0.476884 0.733894 0.057363 0.016827
0 0.476884 0.713101 0.058219 0.019952
0 0.536173 0.733413 0.051798 0.017788
0 0.537029 0.710577 0.053510 0.022596
0 0.600385 0.709615 0.051798 0.026923
0 0.597817 0.735096 0.055223 0.014423
0 0.656036 0.733293 0.052654 0.013221
0 0.656892 0.709856 0.056935 0.026442
0 0.718750 0.706731 0.053938 0.027885
0 0.716824 0.731611 0.058647 0.016587
0 0.414812 0.716707 0.056507 0.024760
0 0.854238 0.730409 0.056079 0.016587
0 0.137414 0.679688 0.014555 0.019471
0 0.116866 0.682452 0.016267 0.018750
0 0.129281 0.657091 0.015411 0.016587
0 0.108733 0.657091 0.012842 0.018990
0 0.156678 0.629207 0.023116 0.015144
0 0.132277 0.629207 0.012842 0.017548
0 0.905822 0.723798 0.043664 0.029808
0 0.219178 0.667668 0.053938 0.026683
0 0.227098 0.639062 0.044092 0.023798
0 0.277397 0.639183 0.050514 0.023558
0 0.852954 0.707212 0.057791 0.022115
0 0.232021 0.741707 0.049658 0.017548
0 0.927226 0.637019 0.047945 0.023558
0 0.813570 0.667788 0.046661 0.024038
