0 0.703227 0.564338 0.045343 0.082721
0 0.263276 0.469210 0.045343 0.089767
0 0.741626 0.561428 0.029820 0.079350
0 0.778391 0.561275 0.040441 0.081495
0 0.813521 0.559896 0.028186 0.078738
0 0.853350 0.560815 0.045752 0.082414
0 0.216095 0.469822 0.046569 0.089154
0 0.669935 0.464154 0.034314 0.082721
0 0.122753 0.472273 0.044526 0.089154
0 0.472426 0.355545 0.037990 0.092831
0 0.430556 0.356005 0.046569 0.093750
0 0.391544 0.358762 0.028186 0.091912
0 0.595997 0.464614 0.038399 0.088542
0 0.634191 0.466452 0.035539 0.085478
0 0.710376 0.462163 0.043301 0.089154
0 0.168505 0.471048 0.043709 0.090993
0 0.664624 0.565104 0.033497 0.081801
0 0.187092 0.808670 0.031046 0.058517
0 0.589257 0.563725 0.031454 0.079044
0 0.825980 0.460478 0.030229 0.082721
0 0.865400 0.461550 0.046160 0.083027
0 0.601920 0.359222 0.037173 0.085478
0 0.642770 0.356924 0.039624 0.089461
0 0.680351 0.357537 0.035539 0.091912
0 0.722222 0.356311 0.036765 0.090686
0 0.759395 0.357384 0.035131 0.091605
0 0.798815 0.356924 0.035539 0.085784
0 0.839869 0.356464 0.041667 0.087929
0 0.883374 0.356311 0.039624 0.089461
0 0.604167 0.239890 0.041667 0.106618
0 0.648489 0.242188 0.037990 0.101409
0 0.684845 0.240809 0.031454 0.101103
0 0.728758 0.242953 0.043301 0.097426
0 0.768995 0.242188 0.031454 0.098958
0 0.812704 0.241422 0.039624 0.095588
0 0.852737 0.243566 0.037173 0.099265
0 0.896242 0.246477 0.042484 0.092831
0 0.610703 0.116268 0.035131 0.062194
0 0.652574 0.119026 0.042892 0.058517
0 0.692402 0.119026 0.033497 0.062806
0 0.791871 0.462623 0.034722 0.085784
0 0.308211 0.469210 0.042892 0.090380
0 0.354575 0.468444 0.043301 0.091299
0 0.393587 0.467984 0.035539 0.090380
0 0.148897 0.814798 0.033905 0.054841
0 0.473448 0.672641 0.036765 0.081801
0 0.436070 0.671569 0.037990 0.080882
0 0.391748 0.673713 0.035131 0.083946
0 0.752247 0.462316 0.037990 0.086397
0 0.355392 0.676164 0.035131 0.086397
0 0.312092 0.676011 0.040850 0.086091
0 0.270221 0.678002 0.039624 0.090074
0 0.226307 0.681066 0.037582 0.083946
0 0.185458 0.682598 0.041667 0.085784
0 0.734886 0.122396 0.042484 0.056679
0 0.142770 0.683517 0.041258 0.083946
0 0.431168 0.574295 0.041258 0.084865
0 0.389706 0.575980 0.040850 0.081495
0 0.350899 0.574755 0.032680 0.086397
0 0.307802 0.574755 0.042075 0.086397
0 0.266748 0.576440 0.035948 0.087929
0 0.221609 0.577206 0.047794 0.086397
0 0.176675 0.578738 0.043709 0.090686
0 0.131944 0.580116 0.040033 0.087316
0 0.479779 0.467984 0.046160 0.090380
0 0.435458 0.466605 0.043301 0.090074
0 0.478962 0.571078 0.047794 0.081495
0 0.777369 0.123315 0.035131 0.060968
0 0.866626 0.127145 0.038807 0.059436
0 0.905433 0.126072 0.037173 0.056679
0 0.346405 0.813113 0.036765 0.060049
0 0.381740 0.808977 0.034722 0.053002
0 0.418709 0.806066 0.030229 0.063725
0 0.479167 0.786152 0.031863 0.047181
0 0.623775 0.761489 0.044118 0.078738
0 0.670139 0.735907 0.037990 0.037990
0 0.712623 0.734528 0.040441 0.041360
0 0.802900 0.727328 0.037173 0.033088
0 0.660743 0.789369 0.025735 0.060968
0 0.693015 0.787837 0.034722 0.063419
0 0.299428 0.813113 0.038399 0.061275
0 0.725490 0.783854 0.030229 0.054841
0 0.786560 0.777114 0.030637 0.056066
0 0.821283 0.775429 0.033905 0.058824
0 0.584150 0.664369 0.034314 0.077512
0 0.624183 0.664062 0.041667 0.078738
0 0.662582 0.661765 0.029412 0.077819
0 0.691585 0.646293 0.022059 0.049326
0 0.728350 0.658701 0.032680 0.076593
0 0.764910 0.658395 0.033088 0.077819
0 0.799632 0.654565 0.033905 0.070772
0 0.842525 0.653799 0.046977 0.074142
0 0.755719 0.780637 0.027778 0.060662
0 0.622753 0.562040 0.029003 0.079963
0 0.257353 0.814032 0.040033 0.063113
0 0.083538 0.098652 0.048611 0.068627
0 0.358864 0.347273 0.029003 0.061581
0 0.315564 0.345895 0.047794 0.062500
0 0.270221 0.348192 0.039624 0.058517
0 0.220588 0.350031 0.058824 0.057292
0 0.161356 0.354013 0.042484 0.102635
0 0.113971 0.354320 0.046569 0.100184
0 0.482639 0.235294 0.042075 0.102328
0 0.435253 0.234681 0.049428 0.099265
0 0.388072 0.232077 0.044118 0.103248
0 0.340278 0.232843 0.044118 0.107843
0 0.217116 0.814645 0.032271 0.069240
0 0.293709 0.234069 0.043301 0.114583
0 0.194240 0.229933 0.042075 0.113664
0 0.147672 0.228248 0.047794 0.109681
0 0.098039 0.224724 0.047386 0.110600
0 0.474265 0.107537 0.058824 0.061887
0 0.424020 0.107384 0.036765 0.059743
0 0.379493 0.105239 0.043301 0.062194
0 0.278186 0.102788 0.049020 0.061581
0 0.227328 0.100031 0.049428 0.066483
0 0.174020 0.099724 0.044935 0.070772
0 0.131127 0.097580 0.041667 0.067096
0 0.243260 0.230699 0.047794 0.112132
0 0.583129 0.760723 0.035539 0.080270
