0 0.614379 0.374694 0.050654 0.077206
0 0.560049 0.364583 0.045752 0.099265
0 0.499387 0.397978 0.057598 0.041667
0 0.503268 0.351869 0.061275 0.049939
0 0.791462 0.519761 0.029820 0.060968
0 0.914420 0.509957 0.045343 0.068934
0 0.839461 0.507200 0.054739 0.074449
0 0.696487 0.320466 0.081699 0.031863
0 0.755515 0.518229 0.038807 0.060968
0 0.976307 0.504596 0.047386 0.051471
0 0.689747 0.377911 0.088644 0.070772
0 0.935458 0.370251 0.032680 0.097120
0 0.781454 0.407935 0.089052 0.016850
0 0.852533 0.369332 0.036765 0.087929
0 0.894812 0.368413 0.036356 0.089767
0 0.709763 0.532322 0.052696 0.032782
0 0.051062 0.399510 0.079248 0.037990
0 0.129289 0.395833 0.077206 0.039828
0 0.193627 0.355852 0.053922 0.121630
0 0.250000 0.354626 0.055556 0.122243
0 0.292892 0.352328 0.026961 0.114583
0 0.332312 0.353860 0.045343 0.118873
0 0.021650 0.617953 0.041667 0.096201
0 0.777574 0.379136 0.080474 0.022978
0 0.661765 0.532322 0.044118 0.032782
0 0.353758 0.508425 0.116013 0.093444
0 0.471405 0.506740 0.114379 0.092525
0 0.065359 0.207261 0.071078 0.093444
0 0.138480 0.211244 0.060458 0.088542
0 0.207108 0.192708 0.064542 0.128064
0 0.267565 0.189491 0.044935 0.132047
0 0.323121 0.191330 0.052288 0.135723
0 0.370711 0.192402 0.034722 0.132966
0 0.409109 0.196998 0.037990 0.131740
0 0.449551 0.196232 0.038807 0.130208
0 0.489788 0.195312 0.040850 0.128370
0 0.013889 0.207108 0.027778 0.098652
0 0.542075 0.216299 0.058007 0.090686
0 0.601103 0.218444 0.054330 0.083946
0 0.658905 0.218903 0.059641 0.085478
0 0.714257 0.211244 0.045343 0.100184
0 0.758170 0.199908 0.036765 0.133885
0 0.802288 0.199602 0.042484 0.132047
0 0.842116 0.198836 0.032271 0.131740
0 0.887663 0.211550 0.035948 0.105086
0 0.928922 0.214614 0.037582 0.099571
0 0.975694 0.213082 0.048611 0.102022
0 0.071283 0.517770 0.057598 0.093137
0 0.131740 0.515625 0.054330 0.093750
0 0.201593 0.513940 0.051062 0.085478
0 0.258783 0.513174 0.055147 0.086397
0 0.072917 0.643229 0.046977 0.083640
0 0.584967 0.513327 0.104575 0.081189
0 0.120302 0.639400 0.037990 0.082721
0 0.290237 0.634038 0.028186 0.086703
0 0.208129 0.635723 0.047794 0.083333
0 0.922386 0.713542 0.066176 0.072304
0 0.980801 0.712316 0.038399 0.080270
0 0.029208 0.847426 0.035539 0.077819
0 0.070874 0.849418 0.026552 0.073223
0 0.099877 0.843597 0.020016 0.071998
0 0.129289 0.842371 0.028186 0.075674
0 0.181168 0.836091 0.033088 0.069240
0 0.221814 0.842678 0.029412 0.079963
0 0.252042 0.841299 0.027778 0.081495
0 0.279208 0.840686 0.024918 0.083946
0 0.306373 0.834712 0.030229 0.073223
0 0.862337 0.720129 0.035948 0.066483
0 0.344771 0.835938 0.033497 0.079350
0 0.426675 0.830576 0.046160 0.069853
0 0.471609 0.827665 0.036356 0.067708
0 0.520833 0.830270 0.038399 0.090686
0 0.555760 0.827665 0.025735 0.086703
0 0.592116 0.828891 0.040441 0.083640
0 0.640114 0.823836 0.049020 0.075368
0 0.692606 0.823376 0.046160 0.076900
0 0.738562 0.820466 0.039216 0.077819
0 0.784926 0.817096 0.044526 0.075980
0 0.832516 0.818321 0.035948 0.078431
0 0.875204 0.817249 0.041258 0.077512
0 0.379902 0.834559 0.030229 0.076593
0 0.160539 0.638174 0.040033 0.082108
0 0.818423 0.714614 0.030637 0.053002
0 0.724469 0.721814 0.040441 0.071691
0 0.253064 0.635110 0.034722 0.086397
0 0.321895 0.631893 0.024510 0.079963
0 0.356005 0.626072 0.030637 0.085478
0 0.392770 0.626685 0.035539 0.086703
0 0.439338 0.631127 0.046160 0.083946
0 0.483252 0.626072 0.036765 0.078738
0 0.615400 0.625306 0.055147 0.082108
0 0.676879 0.623928 0.051471 0.080576
0 0.737541 0.620558 0.043709 0.088542
0 0.808007 0.621477 0.051471 0.085478
0 0.867851 0.623468 0.042075 0.083946
0 0.782475 0.721814 0.025735 0.063113
0 0.944036 0.602635 0.077614 0.076593
0 0.078023 0.743719 0.031863 0.075674
0 0.119077 0.742341 0.040441 0.074755
0 0.162377 0.740043 0.034722 0.078125
0 0.205270 0.737898 0.035539 0.072610
0 0.287377 0.737439 0.033905 0.070466
0 0.333538 0.735294 0.027369 0.072304
0 0.364175 0.732077 0.031454 0.068321
0 0.424837 0.731005 0.035131 0.075368
0 0.468750 0.728094 0.024101 0.061581
0 0.502042 0.730545 0.033497 0.073223
0 0.574959 0.728860 0.033905 0.070466
0 0.020016 0.738664 0.033497 0.081495
0 0.537377 0.625766 0.048611 0.084252
0 0.259395 0.728401 0.022059 0.051164
