0 0.501379 0.330474 0.015625 0.067810
0 0.299020 0.566789 0.012255 0.051062
0 0.884191 0.332312 0.015319 0.060866
0 0.905944 0.333742 0.016544 0.054739
0 0.922488 0.333129 0.012255 0.058415
0 0.938572 0.336397 0.011949 0.060049
0 0.666820 0.496936 0.021752 0.080474
0 0.645527 0.496119 0.020221 0.078840
0 0.625460 0.497958 0.018689 0.078431
0 0.602635 0.495098 0.015319 0.080882
0 0.582721 0.499592 0.022672 0.075163
0 0.956648 0.335580 0.013787 0.058415
0 0.991268 0.337827 0.016850 0.065359
0 0.975184 0.337827 0.014093 0.066993
0 0.981158 0.408497 0.015625 0.063725
0 0.963082 0.407680 0.015625 0.063725
0 0.945466 0.408292 0.012868 0.067402
0 0.927849 0.409109 0.016238 0.064951
0 0.909620 0.408088 0.017157 0.065359
0 0.891238 0.411152 0.017770 0.064951
0 0.688419 0.496119 0.019608 0.081291
0 0.708640 0.495098 0.019608 0.079248
0 0.730699 0.494077 0.021446 0.081291
0 0.750766 0.494077 0.017463 0.081291
0 0.769761 0.493873 0.018689 0.076797
0 0.786458 0.491422 0.012868 0.080065
0 0.811734 0.494077 0.018076 0.074755
0 0.832261 0.492647 0.019914 0.077614
0 0.852328 0.492239 0.019608 0.075163
0 0.867800 0.331087 0.015012 0.058415
0 0.872243 0.491626 0.018995 0.075572
0 0.849571 0.331699 0.014093 0.059641
0 0.812960 0.331904 0.015625 0.061683
0 0.796415 0.260825 0.015012 0.062500
0 0.813113 0.262663 0.012868 0.053105
0 0.831189 0.266544 0.017770 0.054330
0 0.849571 0.264093 0.012255 0.060866
0 0.865656 0.266136 0.011949 0.060049
0 0.883578 0.267770 0.015319 0.065768
0 0.901042 0.264502 0.011642 0.056781
0 0.917433 0.270221 0.012561 0.064134
0 0.934589 0.266340 0.016850 0.071895
0 0.952972 0.269404 0.019301 0.064951
0 0.975184 0.263685 0.015319 0.066585
0 0.483150 0.332516 0.016544 0.069444
0 0.519148 0.329044 0.018689 0.062500
0 0.542586 0.335784 0.017157 0.069444
0 0.562806 0.335172 0.015319 0.070670
0 0.580270 0.334559 0.017770 0.073529
0 0.601716 0.334150 0.018382 0.068627
0 0.621170 0.335784 0.021752 0.069444
0 0.644148 0.331699 0.018689 0.070261
0 0.664828 0.333742 0.019608 0.065359
0 0.682904 0.332721 0.011642 0.063317
0 0.698989 0.336806 0.013174 0.071487
0 0.718597 0.332312 0.018076 0.064951
0 0.737592 0.331291 0.012561 0.062908
0 0.757047 0.332312 0.017157 0.064951
0 0.774969 0.333129 0.015625 0.062500
0 0.794424 0.335784 0.018995 0.061275
0 0.831342 0.331087 0.015625 0.063317
0 0.892004 0.492034 0.018076 0.073121
0 0.904565 0.492851 0.007047 0.074755
0 0.918352 0.488154 0.019914 0.078431
0 0.172947 0.573938 0.013174 0.054739
0 0.158701 0.577002 0.012255 0.056781
0 0.233303 0.502451 0.013787 0.054739
0 0.217218 0.505719 0.011029 0.052288
0 0.203278 0.503064 0.013787 0.049428
0 0.186428 0.507149 0.012561 0.053513
0 0.172641 0.509395 0.012561 0.053105
0 0.156556 0.511642 0.014706 0.049428
0 0.235907 0.442198 0.014093 0.046977
0 0.221661 0.445670 0.010110 0.049020
0 0.208333 0.444036 0.009191 0.045752
0 0.195925 0.445466 0.010110 0.048611
0 0.233762 0.387663 0.014706 0.045752
0 0.219363 0.385008 0.010417 0.046977
0 0.205116 0.385621 0.010723 0.041667
0 0.193474 0.384395 0.008885 0.043301
0 0.183058 0.446078 0.010723 0.049837
0 0.168352 0.443423 0.008885 0.049428
0 0.179841 0.386234 0.012255 0.043709
0 0.151195 0.399918 0.011949 0.031046
0 0.136336 0.400327 0.011029 0.031863
0 0.125000 0.400735 0.009804 0.028595
0 0.108762 0.401348 0.011642 0.028186
0 0.096201 0.401552 0.010417 0.026144
0 0.165594 0.386234 0.011336 0.046977
0 0.150276 0.694036 0.013174 0.055556
0 0.135263 0.697712 0.012561 0.059641
0 0.187653 0.572100 0.013174 0.053513
0 0.201134 0.572508 0.011336 0.055964
0 0.215380 0.572304 0.013480 0.053922
0 0.230545 0.572100 0.011336 0.057598
0 0.935509 0.490809 0.011949 0.078840
0 0.950368 0.487949 0.014093 0.071487
0 0.265625 0.445261 0.011029 0.040850
0 0.253830 0.442402 0.010723 0.040850
0 0.316483 0.401552 0.012868 0.026144
0 0.304228 0.400123 0.009191 0.029820
0 0.291820 0.400123 0.011949 0.031454
0 0.279718 0.401757 0.011029 0.029003
0 0.266391 0.401757 0.011949 0.030637
0 0.253983 0.403186 0.011642 0.031046
0 0.318781 0.358047 0.010110 0.051879
0 0.307138 0.358047 0.010110 0.051879
0 0.293352 0.354984 0.010110 0.052288
0 0.778493 0.263480 0.014706 0.070261
0 0.279565 0.356822 0.010723 0.053513
0 0.253676 0.358252 0.010417 0.058824
0 0.235141 0.692810 0.011336 0.052288
0 0.220282 0.690972 0.011642 0.052696
0 0.208333 0.691993 0.011642 0.052288
0 0.195159 0.694853 0.011642 0.052288
0 0.181679 0.693015 0.011642 0.052696
0 0.167586 0.694036 0.011642 0.052288
0 0.232537 0.632353 0.011642 0.052288
0 0.219056 0.633170 0.011642 0.052288
0 0.204504 0.632761 0.011336 0.052288
0 0.189645 0.633987 0.011642 0.052288
0 0.175551 0.636029 0.011642 0.052288
0 0.163297 0.634395 0.011642 0.052288
0 0.267004 0.358047 0.013174 0.055964
0 0.120404 0.699142 0.013480 0.055964
0 0.761183 0.264093 0.015625 0.064951
0 0.721201 0.262051 0.017157 0.063317
0 0.416360 0.563113 0.011642 0.051879
0 0.402267 0.565155 0.011642 0.051879
0 0.389859 0.564747 0.011336 0.051879
0 0.376991 0.565972 0.011336 0.051879
0 0.362745 0.562908 0.011642 0.052288
0 0.351103 0.562092 0.011642 0.052288
0 0.336703 0.564134 0.011642 0.052288
0 0.479779 0.619690 0.011642 0.052288
0 0.467525 0.619281 0.011642 0.052288
0 0.454657 0.621324 0.011642 0.052288
0 0.441483 0.620507 0.011642 0.052288
0 0.429228 0.620507 0.011642 0.052288
0 0.416667 0.620098 0.011642 0.052288
0 0.402574 0.624183 0.011642 0.052288
0 0.390012 0.622549 0.011642 0.052288
0 0.376838 0.624592 0.011642 0.052288
0 0.363664 0.624592 0.011642 0.052288
0 0.350031 0.625613 0.011949 0.050245
0 0.337010 0.626021 0.013480 0.052696
0 0.476869 0.675654 0.012561 0.055556
0 0.465533 0.675858 0.009498 0.055964
0 0.454044 0.675858 0.011029 0.056781
0 0.441176 0.676675 0.012255 0.055964
0 0.428615 0.677492 0.012255 0.055964
0 0.414522 0.676675 0.012255 0.055964
0 0.400735 0.680351 0.012255 0.055964
0 0.387868 0.678309 0.012255 0.055964
0 0.429228 0.563521 0.011642 0.051879
0 0.374540 0.679126 0.012561 0.055964
0 0.442096 0.564951 0.011642 0.052288
0 0.467984 0.565768 0.011336 0.052288
0 0.344669 0.447917 0.011029 0.060049
0 0.332108 0.446078 0.009804 0.058824
0 0.464461 0.402982 0.011029 0.031454
0 0.452512 0.399714 0.011029 0.031454
0 0.440870 0.400123 0.011029 0.031454
0 0.430300 0.400940 0.011336 0.031454
0 0.418811 0.402165 0.011029 0.031454
0 0.406556 0.400531 0.011029 0.031454
0 0.391391 0.401757 0.011336 0.031454
0 0.379596 0.400531 0.011029 0.031454
0 0.367341 0.399306 0.011029 0.031454
0 0.354626 0.400531 0.011336 0.031454
0 0.342678 0.400123 0.011336 0.031454
0 0.330116 0.400327 0.013174 0.032680
0 0.463082 0.359477 0.010723 0.053105
0 0.451440 0.359886 0.010723 0.053105
0 0.439798 0.358456 0.010723 0.053513
0 0.429228 0.359886 0.010417 0.049020
0 0.417126 0.356005 0.010723 0.053513
0 0.406250 0.356618 0.010417 0.053105
0 0.391391 0.356618 0.010723 0.053105
0 0.379596 0.356413 0.010417 0.053513
0 0.368260 0.357435 0.010417 0.053105
0 0.356464 0.355392 0.010723 0.053105
0 0.343903 0.355801 0.011949 0.054739
0 0.330729 0.355392 0.011949 0.054739
0 0.479779 0.565972 0.011642 0.051879
0 0.453891 0.562704 0.011336 0.051879
0 0.362439 0.681577 0.012255 0.055964
0 0.348499 0.682598 0.013174 0.055556
0 0.336244 0.683007 0.010110 0.056373
0 0.369179 0.504289 0.011642 0.055147
0 0.380362 0.507149 0.011336 0.055147
0 0.392770 0.505923 0.011642 0.055147
0 0.406863 0.510008 0.011029 0.053513
0 0.420650 0.508170 0.011642 0.054739
0 0.433824 0.506740 0.011029 0.053513
0 0.445772 0.507966 0.011029 0.053513
0 0.459099 0.506740 0.010723 0.053513
0 0.471354 0.505106 0.010723 0.053513
0 0.406250 0.445466 0.009191 0.053513
0 0.417739 0.445670 0.009498 0.053105
0 0.431219 0.446078 0.009498 0.053105
0 0.443168 0.445057 0.009498 0.053513
0 0.456036 0.444240 0.013174 0.052696
0 0.467678 0.441789 0.010723 0.053513
0 0.477022 0.257966 0.017157 0.063317
0 0.495098 0.255923 0.017157 0.063317
0 0.515931 0.258987 0.017157 0.063725
0 0.536305 0.256740 0.015625 0.059232
0 0.554994 0.260825 0.016850 0.069036
0 0.573529 0.263072 0.016544 0.069444
0 0.593137 0.263072 0.016544 0.069444
0 0.610907 0.263685 0.016544 0.069036
0 0.631281 0.262868 0.015625 0.061683
0 0.648438 0.264502 0.015625 0.062500
0 0.668964 0.263685 0.019914 0.063317
0 0.705882 0.266953 0.013480 0.055147
0 0.355086 0.506944 0.011642 0.054739
0 0.342831 0.504902 0.011642 0.054739
0 0.330423 0.505719 0.011336 0.054739
0 0.394608 0.446895 0.011642 0.058007
0 0.321078 0.684845 0.012255 0.056781
0 0.306679 0.685253 0.012255 0.056781
0 0.293505 0.685253 0.012255 0.056781
0 0.279718 0.687908 0.012255 0.057190
0 0.265931 0.687500 0.012255 0.057190
0 0.253064 0.685662 0.011029 0.057598
0 0.319393 0.622345 0.012561 0.051062
0 0.306679 0.623366 0.012255 0.050654
0 0.293658 0.622958 0.012561 0.050654
0 0.279565 0.624183 0.012561 0.050654
0 0.264859 0.625408 0.012561 0.050654
0 0.251225 0.626634 0.012255 0.050654
0 0.312500 0.562908 0.012255 0.050654
0 0.740809 0.259395 0.017157 0.059641
0 0.381893 0.448121 0.011949 0.061275
0 0.272365 0.569240 0.012255 0.051062
0 0.258885 0.569649 0.012255 0.051062
0 0.244792 0.570874 0.012255 0.051062
0 0.315257 0.504493 0.012255 0.049837
0 0.301164 0.505923 0.012255 0.049428
0 0.288143 0.506332 0.012561 0.049428
0 0.275276 0.506944 0.012561 0.049837
0 0.261949 0.506536 0.012255 0.049837
0 0.248009 0.505719 0.012561 0.049837
0 0.318168 0.440564 0.010723 0.040441
0 0.304994 0.442402 0.010723 0.040850
0 0.292126 0.441993 0.010723 0.040850
0 0.279105 0.443015 0.011029 0.040441
0 0.285539 0.568015 0.012255 0.051062
0 0.356158 0.446283 0.009498 0.059232
0 0.106771 0.696487 0.011949 0.055556
0 0.077053 0.702410 0.013174 0.058415
0 0.726409 0.647059 0.017770 0.062908
0 0.706342 0.648489 0.020527 0.064134
0 0.685509 0.649101 0.020527 0.064542
0 0.663450 0.651552 0.019914 0.065359
0 0.642616 0.653595 0.020527 0.069444
0 0.621017 0.653799 0.019608 0.071487
0 0.600797 0.654820 0.021446 0.073529
0 0.579810 0.657271 0.018689 0.067810
0 0.558517 0.658905 0.021446 0.067810
0 0.534926 0.659109 0.024510 0.069036
0 0.514706 0.661765 0.014706 0.072712
0 0.497089 0.660743 0.019914 0.074755
0 0.982077 0.567810 0.021140 0.075163
0 0.963695 0.566585 0.015012 0.072712
0 0.945006 0.568832 0.018076 0.073121
0 0.744945 0.647876 0.019301 0.064542
0 0.927849 0.568219 0.016238 0.073529
0 0.765778 0.646038 0.018689 0.064951
0 0.806985 0.644199 0.019608 0.066176
0 0.612592 0.409722 0.014400 0.066176
0 0.561121 0.498570 0.019914 0.076389
0 0.538603 0.500000 0.022059 0.077614
0 0.516085 0.499183 0.022365 0.077614
0 0.496017 0.500000 0.017770 0.075980
0 0.994179 0.636438 0.011029 0.060458
0 0.977635 0.637459 0.018382 0.058415
0 0.959099 0.638276 0.017463 0.063317
0 0.939951 0.639093 0.017770 0.064134
0 0.922335 0.638072 0.016850 0.063725
0 0.904718 0.639910 0.017157 0.063317
0 0.885723 0.641340 0.018382 0.063725
0 0.864890 0.642361 0.018995 0.065768
0 0.846048 0.642565 0.016850 0.067810
0 0.826746 0.644199 0.018689 0.067810
0 0.786918 0.646242 0.018689 0.065359
0 0.907782 0.568832 0.020221 0.074755
0 0.886949 0.568423 0.020833 0.072304
0 0.868413 0.569649 0.016238 0.073121
0 0.550551 0.408701 0.018382 0.068219
0 0.530637 0.406046 0.018995 0.071895
0 0.501685 0.405025 0.021140 0.065768
0 0.481771 0.404616 0.015625 0.060049
0 0.832261 0.408292 0.018689 0.067402
0 0.633425 0.411356 0.016850 0.066176
0 0.655790 0.407680 0.016850 0.066176
0 0.677083 0.410539 0.017157 0.066176
0 0.695772 0.410948 0.017157 0.066176
0 0.716452 0.407680 0.016850 0.066176
0 0.736213 0.410948 0.017157 0.066176
0 0.755515 0.406863 0.017157 0.066176
0 0.774357 0.407884 0.015625 0.064951
0 0.793658 0.410539 0.015625 0.054739
0 0.812806 0.407680 0.012255 0.067810
0 0.570159 0.406863 0.020221 0.060458
0 0.590533 0.411560 0.023591 0.069853
0 0.498009 0.580474 0.016850 0.075163
0 0.519608 0.578431 0.016544 0.072712
0 0.848652 0.570057 0.018995 0.075572
0 0.829657 0.570057 0.018382 0.073938
0 0.811275 0.570670 0.015319 0.074346
0 0.792279 0.571691 0.022672 0.075572
0 0.769608 0.573529 0.019608 0.073529
0 0.748775 0.573734 0.020221 0.069853
0 0.728707 0.575163 0.019301 0.072712
0 0.852175 0.408292 0.015625 0.069036
0 0.707874 0.575368 0.021140 0.073121
0 0.663297 0.578431 0.021446 0.072712
0 0.643229 0.579248 0.018689 0.075163
0 0.622702 0.579453 0.019914 0.074755
0 0.602941 0.578840 0.017770 0.071895
0 0.582874 0.578636 0.019914 0.073121
0 0.562194 0.582925 0.020221 0.079248
0 0.540441 0.578840 0.018995 0.073529
0 0.685049 0.576185 0.019608 0.074755
0 0.092218 0.697917 0.012255 0.060049
0 0.368107 0.448121 0.011949 0.060458
0 0.201134 0.347631 0.010723 0.030229
0 0.109988 0.516340 0.012255 0.058824
0 0.081648 0.516748 0.011949 0.066176
0 0.068321 0.516136 0.009804 0.066585
0 0.153186 0.449959 0.014093 0.064134
0 0.139400 0.450980 0.012255 0.060458
0 0.125153 0.450368 0.015012 0.056781
0 0.110754 0.453636 0.011949 0.064951
0 0.096967 0.452002 0.011949 0.061683
0 0.083793 0.451389 0.011949 0.062908
0 0.240962 0.347631 0.010723 0.030229
0 0.228094 0.347222 0.010723 0.030229
0 0.214920 0.345384 0.010723 0.030637
0 0.187500 0.347222 0.011029 0.030229
0 0.174479 0.347631 0.010723 0.030229
0 0.161305 0.347018 0.010723 0.030637
0 0.147518 0.357435 0.010723 0.053922
0 0.133732 0.357435 0.010723 0.053922
0 0.121783 0.357435 0.010723 0.053922
0 0.967831 0.489175 0.018382 0.071487
0 0.107537 0.355392 0.011029 0.053922
0 0.093444 0.357230 0.009804 0.054330
0 0.988205 0.490400 0.018689 0.069853
0 0.872089 0.410335 0.015625 0.069036
0 0.126991 0.513072 0.013787 0.058824
0 0.140625 0.516136 0.013480 0.058415
0 0.096661 0.516136 0.011336 0.066585
0 0.085325 0.577410 0.013174 0.055147
0 0.114430 0.577002 0.011336 0.058415
0 0.130208 0.577002 0.012255 0.058415
0 0.144301 0.577206 0.011029 0.058824
0 0.076287 0.638889 0.009804 0.061275
0 0.089154 0.636234 0.011029 0.053513
0 0.103094 0.639093 0.011336 0.057598
0 0.099724 0.578840 0.011336 0.058007
0 0.117953 0.637459 0.013480 0.055964
0 0.147212 0.637459 0.013787 0.055964
0 0.132659 0.638480 0.010417 0.058007
0 0.070772 0.579453 0.013480 0.055147
