0 0.295956 0.844975 0.025735 0.079657
0 0.267974 0.842678 0.022059 0.081189
0 0.222426 0.838388 0.039624 0.094669
0 0.185458 0.830423 0.026961 0.092218
0 0.519199 0.834712 0.012255 0.093444
0 0.489583 0.841299 0.024918 0.089461
0 0.460376 0.827512 0.022059 0.088235
0 0.433007 0.827972 0.026144 0.091605
0 0.367443 0.838235 0.029003 0.087623
0 0.147263 0.833180 0.029003 0.090993
0 0.116217 0.822763 0.022467 0.083027
0 0.327002 0.847273 0.024101 0.084252
0 0.194853 0.671569 0.022059 0.098039
0 0.132353 0.673100 0.049837 0.101103
0 0.064951 0.553462 0.016340 0.080576
0 0.093954 0.556985 0.030229 0.087623
0 0.067606 0.674939 0.035539 0.078431
0 0.131740 0.554381 0.033088 0.086703
0 0.176062 0.554994 0.031046 0.090380
0 0.007966 0.667433 0.015931 0.087316
0 0.032475 0.670343 0.024101 0.077819
0 0.044730 0.797181 0.022467 0.104167
0 0.076389 0.826440 0.033497 0.075061
0 0.745507 0.449142 0.029412 0.063725
0 0.984273 0.434896 0.031454 0.068934
0 0.094771 0.445466 0.035131 0.098652
0 0.134191 0.445312 0.034722 0.092218
0 0.174224 0.448376 0.027369 0.100184
0 0.202819 0.436887 0.020833 0.066176
0 0.231413 0.439951 0.022467 0.056985
0 0.259804 0.443474 0.026144 0.053002
0 0.061479 0.444853 0.026552 0.093137
0 0.295139 0.442862 0.038807 0.062806
0 0.334967 0.434896 0.031046 0.077512
0 0.593546 0.445772 0.053105 0.063113
0 0.540645 0.451593 0.045343 0.047794
0 0.457516 0.444700 0.034314 0.060355
0 0.411765 0.439185 0.047386 0.068934
0 0.368260 0.434589 0.030637 0.072610
0 0.543505 0.867494 0.033905 0.100184
0 0.031658 0.453125 0.022467 0.074755
0 0.007353 0.450521 0.014706 0.080576
0 0.901757 0.303309 0.073121 0.094363
0 0.926062 0.426164 0.073529 0.082108
0 0.861928 0.434130 0.046569 0.079657
0 0.815564 0.450368 0.033088 0.067402
0 0.781046 0.450061 0.033497 0.067402
0 0.712010 0.446998 0.029412 0.063725
0 0.677492 0.447610 0.029820 0.063725
0 0.640931 0.448376 0.037582 0.062194
0 0.408905 0.341759 0.041667 0.057904
0 0.455678 0.342218 0.024101 0.056373
0 0.487541 0.346661 0.033088 0.045650
0 0.574346 0.339001 0.054739 0.063419
0 0.632149 0.329963 0.050245 0.084559
0 0.688521 0.333793 0.055147 0.070159
0 0.752859 0.327206 0.055556 0.090074
0 0.819036 0.327206 0.062908 0.098652
0 0.032475 0.549479 0.038807 0.092218
0 0.584763 0.851869 0.029003 0.095282
0 0.446895 0.635263 0.026961 0.067096
0 0.648489 0.892463 0.033905 0.071691
0 0.412582 0.634804 0.031863 0.068015
0 0.474673 0.637408 0.018791 0.064645
0 0.504493 0.640012 0.025327 0.066789
0 0.541258 0.635263 0.029412 0.062806
0 0.574346 0.641850 0.031046 0.071691
0 0.609069 0.644608 0.022059 0.072304
0 0.637663 0.644455 0.029412 0.070159
0 0.369281 0.342371 0.029412 0.056679
0 0.672998 0.645527 0.029820 0.069853
0 0.706495 0.648284 0.027369 0.071078
0 0.740605 0.653952 0.031046 0.073836
0 0.229575 0.533395 0.047386 0.073529
0 0.272467 0.532016 0.022876 0.072610
0 0.303717 0.537071 0.032271 0.067402
0 0.357843 0.540441 0.035948 0.063113
0 0.394812 0.536918 0.033905 0.071385
0 0.429126 0.539216 0.029820 0.065564
0 0.461397 0.538450 0.027369 0.068321
0 0.495507 0.542739 0.031046 0.070159
0 0.538194 0.542892 0.029003 0.070466
0 0.568832 0.539062 0.025735 0.065257
0 0.618668 0.530944 0.032271 0.055147
0 0.650940 0.538297 0.026552 0.063725
0 0.683415 0.545190 0.024510 0.068321
0 0.713440 0.548560 0.032271 0.079350
0 0.749796 0.551164 0.034722 0.078431
0 0.793301 0.556526 0.037582 0.086703
0 0.384600 0.628830 0.019199 0.065257
0 0.617647 0.845588 0.021242 0.089461
0 0.356822 0.624540 0.028186 0.062806
0 0.279003 0.625306 0.023693 0.066789
0 0.693832 0.900888 0.039624 0.075061
0 0.741422 0.875613 0.038399 0.096814
0 0.786152 0.893076 0.037990 0.088235
0 0.850490 0.854779 0.064542 0.136029
0 0.918505 0.854779 0.063317 0.140931
0 0.975899 0.859835 0.046569 0.141850
0 0.976103 0.643536 0.047794 0.168811
0 0.920547 0.623162 0.046977 0.151961
0 0.857230 0.617800 0.051062 0.147978
0 0.254902 0.709712 0.031046 0.062806
0 0.283088 0.712623 0.017974 0.068627
0 0.305556 0.715074 0.018791 0.062500
0 0.331495 0.717371 0.029820 0.062806
0 0.381536 0.701593 0.053922 0.026961
0 0.379698 0.725797 0.055964 0.015931
0 0.380106 0.746324 0.051062 0.017770
0 0.418505 0.720741 0.017565 0.060968
0 0.445057 0.724571 0.029820 0.066176
0 0.478350 0.725643 0.026144 0.064032
0 0.514706 0.730239 0.028595 0.066483
0 0.550858 0.733609 0.030637 0.066483
0 0.589665 0.740809 0.033088 0.065564
0 0.682190 0.768536 0.054739 0.034007
0 0.725899 0.750613 0.022059 0.072304
0 0.775940 0.759191 0.058415 0.067402
0 0.219771 0.622243 0.019608 0.064951
0 0.247549 0.624694 0.028595 0.065564
0 0.312908 0.631281 0.039216 0.065870
0 0.330065 0.326746 0.047386 0.086703
0 0.527165 0.331036 0.030637 0.075674
0 0.716503 0.171109 0.058824 0.119179
0 0.401144 0.190257 0.125817 0.096201
0 0.500613 0.191176 0.059232 0.084559
0 0.560866 0.167279 0.048203 0.135417
0 0.612337 0.165594 0.040033 0.134498
0 0.660335 0.164675 0.042892 0.132659
0 0.092729 0.204810 0.074346 0.094669
0 0.776144 0.180607 0.052288 0.100797
0 0.839257 0.166207 0.059232 0.130821
0 0.902165 0.176777 0.053513 0.104167
0 0.970180 0.166820 0.058824 0.114890
0 0.016340 0.343290 0.032680 0.078125
0 0.051266 0.343290 0.035539 0.060968
0 0.085989 0.331189 0.020016 0.088848
0 0.119485 0.335018 0.034722 0.079350
0 0.162786 0.338082 0.045343 0.083027
0 0.287173 0.197610 0.075163 0.104167
0 0.189542 0.199602 0.098856 0.097120
