0 0.807598 0.223039 0.037582 0.048407
0 0.842320 0.225950 0.032680 0.105699
0 0.876225 0.226869 0.031863 0.111213
0 0.954657 0.235447 0.037582 0.106924
0 0.166054 0.387868 0.030637 0.066176
0 0.198734 0.388174 0.034722 0.064338
0 0.234273 0.387255 0.032271 0.061887
0 0.266748 0.387408 0.031863 0.059743
0 0.301062 0.388634 0.035131 0.061581
0 0.333742 0.387714 0.026961 0.062194
0 0.363562 0.388787 0.030229 0.061887
0 0.912990 0.232077 0.035948 0.104473
0 0.773897 0.219822 0.026552 0.107537
0 0.511029 0.198989 0.051471 0.118566
0 0.455474 0.192249 0.054739 0.130821
0 0.096201 0.161765 0.053513 0.143382
0 0.158905 0.167586 0.061275 0.136029
0 0.221405 0.171875 0.055556 0.145221
0 0.277369 0.178922 0.057190 0.131740
0 0.342525 0.183977 0.064951 0.144914
0 0.400327 0.193168 0.050654 0.127145
0 0.736520 0.215533 0.041667 0.116115
0 0.695261 0.215839 0.040850 0.112439
0 0.651552 0.211244 0.039216 0.122855
0 0.606618 0.208487 0.047386 0.108762
0 0.559028 0.199602 0.045343 0.124081
0 0.391136 0.389093 0.024101 0.059436
0 0.420139 0.388480 0.030637 0.060049
0 0.221405 0.795956 0.066993 0.032475
0 0.475490 0.389400 0.029412 0.056985
0 0.152778 0.715074 0.065359 0.038603
0 0.219158 0.707874 0.063317 0.024816
0 0.281658 0.697457 0.056781 0.030944
0 0.343750 0.692096 0.058415 0.028799
0 0.399510 0.683058 0.053105 0.035846
0 0.452614 0.677390 0.053105 0.018382
0 0.502042 0.669577 0.040033 0.033395
0 0.550858 0.663297 0.055964 0.018995
0 0.600082 0.655484 0.031046 0.029718
0 0.641340 0.652114 0.050654 0.022978
0 0.686887 0.648131 0.037173 0.033395
0 0.729984 0.639706 0.036765 0.023284
0 0.151961 0.756740 0.063725 0.036152
0 0.768587 0.632966 0.036356 0.030637
0 0.848652 0.622089 0.039624 0.030331
0 0.888072 0.619945 0.038399 0.026042
0 0.926675 0.619179 0.038807 0.027574
0 0.930760 0.583946 0.038807 0.033088
0 0.887868 0.585325 0.038807 0.034007
0 0.847631 0.586397 0.035948 0.031863
0 0.810662 0.592065 0.035539 0.035846
0 0.772263 0.596048 0.035539 0.029718
0 0.734477 0.600950 0.033497 0.036458
0 0.688521 0.605086 0.047794 0.033088
0 0.643382 0.609681 0.047386 0.033088
0 0.596814 0.615043 0.044118 0.035846
0 0.806168 0.630362 0.034722 0.020527
0 0.222631 0.750153 0.062092 0.043811
0 0.284518 0.739277 0.055147 0.031863
0 0.346405 0.732537 0.052288 0.033701
0 0.289011 0.780637 0.054330 0.038603
0 0.348652 0.771752 0.052696 0.042279
0 0.403186 0.765165 0.049837 0.037684
0 0.458538 0.756740 0.049428 0.033088
0 0.508987 0.747702 0.046569 0.036458
0 0.560253 0.740043 0.041258 0.039522
0 0.601716 0.733762 0.044118 0.039216
0 0.646855 0.726562 0.043709 0.034007
0 0.692606 0.721507 0.037990 0.033088
0 0.732230 0.710784 0.036356 0.039216
0 0.773080 0.711857 0.039624 0.035233
0 0.813725 0.700061 0.027778 0.033088
0 0.849469 0.693781 0.033905 0.032782
0 0.888072 0.686734 0.038399 0.027880
0 0.921977 0.679841 0.031863 0.029412
0 0.921773 0.648284 0.033088 0.027574
0 0.854167 0.656863 0.032680 0.028799
0 0.813725 0.661612 0.033497 0.026654
0 0.776348 0.669577 0.039624 0.034007
0 0.732026 0.671875 0.040850 0.028799
0 0.691585 0.682751 0.033497 0.029105
0 0.646242 0.686734 0.044935 0.027880
0 0.602533 0.692555 0.031046 0.034007
0 0.556373 0.698223 0.048203 0.029412
0 0.503881 0.708180 0.045343 0.024816
0 0.454657 0.713235 0.049020 0.032475
0 0.398284 0.725184 0.042484 0.025123
0 0.551062 0.620864 0.041667 0.034007
0 0.506740 0.628830 0.046977 0.038909
0 0.453636 0.632353 0.051062 0.035539
0 0.397059 0.637255 0.052288 0.040441
0 0.457108 0.496783 0.049837 0.037071
0 0.399101 0.496783 0.060458 0.039522
0 0.340074 0.501379 0.055964 0.043199
0 0.279412 0.502451 0.061275 0.038603
0 0.212214 0.509038 0.061683 0.046262
0 0.141544 0.509498 0.074755 0.046569
0 0.936275 0.385570 0.021242 0.043199
0 0.917688 0.384957 0.016748 0.046875
0 0.898489 0.384344 0.015114 0.046875
0 0.880515 0.384651 0.016748 0.043199
0 0.860907 0.385570 0.017565 0.043199
0 0.842116 0.386489 0.016748 0.046875
0 0.822304 0.383578 0.022059 0.045343
0 0.799632 0.386183 0.021650 0.047488
0 0.779616 0.385570 0.017565 0.049326
0 0.758578 0.385570 0.020425 0.045650
0 0.739175 0.385723 0.014297 0.046569
0 0.718954 0.388634 0.018791 0.048713
0 0.697304 0.386642 0.020425 0.051471
0 0.671569 0.386949 0.022059 0.052083
0 0.648897 0.386642 0.021650 0.051471
0 0.626838 0.388634 0.023284 0.052390
0 0.600899 0.388480 0.023693 0.052083
0 0.574142 0.388634 0.023284 0.055453
0 0.552492 0.389400 0.020016 0.055760
0 0.528186 0.387102 0.024510 0.058517
0 0.503881 0.387868 0.020833 0.058824
0 0.508170 0.493107 0.049837 0.038297
0 0.447917 0.390012 0.023284 0.057598
0 0.559232 0.492034 0.045752 0.037377
0 0.216503 0.557445 0.062092 0.044424
0 0.343342 0.642923 0.054330 0.035233
0 0.285539 0.650276 0.061275 0.041973
0 0.214869 0.654565 0.066993 0.037071
0 0.783497 0.517004 0.039216 0.030944
0 0.826389 0.514093 0.039216 0.023897
0 0.863562 0.511029 0.034314 0.031250
0 0.898897 0.508272 0.037173 0.023284
0 0.934028 0.507200 0.028186 0.026654
0 0.932190 0.474112 0.029412 0.034007
0 0.900123 0.475184 0.030637 0.031250
0 0.865196 0.475490 0.034314 0.033701
0 0.827410 0.478554 0.036356 0.033701
0 0.152369 0.802696 0.058007 0.033701
0 0.782271 0.479933 0.047386 0.033395
0 0.654412 0.525582 0.044935 0.035846
0 0.700572 0.524510 0.042484 0.030637
0 0.742239 0.520680 0.036765 0.035233
0 0.740196 0.482690 0.040850 0.035846
0 0.698529 0.485600 0.039216 0.034926
0 0.652165 0.483915 0.048611 0.038297
0 0.606209 0.531556 0.042484 0.035539
0 0.559641 0.533088 0.050654 0.037990
0 0.507149 0.536152 0.047794 0.035539
0 0.454044 0.539062 0.051879 0.041360
0 0.399714 0.541513 0.053513 0.037071
0 0.342525 0.546875 0.055147 0.044730
0 0.280842 0.549326 0.055964 0.040441
0 0.146855 0.556985 0.069853 0.043505
0 0.887255 0.653493 0.029412 0.025735
