0 0.758594 0.876367 0.034896 0.053516
0 0.798698 0.869531 0.036979 0.047656
0 0.834896 0.857812 0.028125 0.048438
0 0.873177 0.848437 0.032813 0.046875
0 0.710417 0.885352 0.043750 0.047266
0 0.728906 0.470508 0.044271 0.079297
0 0.685156 0.471094 0.039062 0.082812
0 0.642448 0.473828 0.044271 0.081250
0 0.739323 0.253320 0.045312 0.031641
0 0.664583 0.895898 0.039583 0.053516
0 0.626042 0.907031 0.037500 0.046875
0 0.584115 0.915625 0.039062 0.046875
0 0.896094 0.766211 0.058854 0.029297
0 0.840104 0.776172 0.051042 0.027344
0 0.783854 0.787305 0.056250 0.030078
0 0.774740 0.469531 0.042188 0.079687
0 0.597135 0.477344 0.043229 0.080469
0 0.553125 0.478516 0.045833 0.080469
0 0.110677 0.581055 0.065104 0.104297
0 0.447396 0.483789 0.048958 0.079297
0 0.613542 0.381250 0.068750 0.052344
0 0.680208 0.381250 0.064583 0.052344
0 0.741406 0.333789 0.059896 0.050391
0 0.802865 0.336914 0.055729 0.044922
0 0.741406 0.382227 0.056771 0.047266
0 0.799479 0.383008 0.055208 0.046484
0 0.861979 0.339648 0.059375 0.044922
0 0.503385 0.482031 0.050521 0.085156
0 0.924740 0.340625 0.067187 0.039844
0 0.919792 0.383398 0.057292 0.039453
0 0.042188 0.587500 0.064583 0.107813
0 0.814583 0.476367 0.033333 0.061328
0 0.175521 0.577539 0.057292 0.102734
0 0.295052 0.569922 0.051562 0.094531
0 0.349479 0.565625 0.053125 0.092969
0 0.399219 0.483398 0.043229 0.083203
0 0.859635 0.384180 0.057813 0.041016
0 0.845052 0.473828 0.025521 0.056250
0 0.619792 0.577344 0.044792 0.087500
0 0.921875 0.471289 0.038542 0.058984
0 0.716406 0.707812 0.064062 0.035156
0 0.783594 0.664258 0.069271 0.030859
0 0.785156 0.699805 0.058854 0.030859
0 0.851042 0.659766 0.060417 0.029687
0 0.905990 0.683398 0.046354 0.030078
0 0.849740 0.690234 0.060937 0.024219
0 0.094792 0.939258 0.108333 0.083984
0 0.657292 0.692187 0.032292 0.077344
0 0.205469 0.923047 0.110937 0.061719
0 0.480469 0.937305 0.056771 0.062891
0 0.402083 0.850977 0.083333 0.042578
0 0.492969 0.835742 0.078646 0.036328
0 0.566146 0.789258 0.055208 0.021484
0 0.580208 0.825391 0.057292 0.035156
0 0.649479 0.809961 0.075000 0.033984
0 0.719271 0.798438 0.064583 0.030469
0 0.421875 0.944141 0.054167 0.067187
0 0.619271 0.698828 0.043750 0.075781
0 0.569792 0.702344 0.048958 0.085156
0 0.310677 0.749805 0.089063 0.072266
0 0.408333 0.595898 0.056250 0.094922
0 0.463021 0.591211 0.047917 0.098047
0 0.517448 0.590820 0.049479 0.092578
0 0.567708 0.585742 0.052083 0.084766
0 0.550000 0.360352 0.055208 0.094141
0 0.666406 0.575977 0.043229 0.084766
0 0.711719 0.578711 0.043229 0.075391
0 0.755469 0.577734 0.039062 0.068750
0 0.793229 0.574219 0.036458 0.064062
0 0.831250 0.571289 0.040625 0.062891
0 0.870833 0.570508 0.037500 0.061328
0 0.689844 0.281445 0.044271 0.029297
0 0.908333 0.567773 0.031250 0.060547
0 0.088281 0.699414 0.098437 0.052734
0 0.115885 0.788477 0.107813 0.078516
0 0.029427 0.805273 0.058854 0.075391
0 0.222135 0.765820 0.088021 0.087109
0 0.880469 0.473242 0.041146 0.058203
0 0.497917 0.359766 0.045833 0.095312
0 0.236458 0.574219 0.060417 0.098437
0 0.397396 0.363281 0.054167 0.085156
0 0.756250 0.193359 0.034375 0.060937
0 0.720833 0.187305 0.034375 0.061328
0 0.677865 0.184570 0.047396 0.055859
0 0.633333 0.171680 0.042708 0.076172
0 0.590365 0.170313 0.038021 0.073438
0 0.546615 0.163867 0.045312 0.075391
0 0.497396 0.159375 0.047917 0.081250
0 0.446354 0.155078 0.051042 0.082812
0 0.391667 0.145898 0.055208 0.091016
0 0.449219 0.365625 0.043229 0.085156
0 0.257292 0.136914 0.083333 0.083203
0 0.172917 0.140234 0.071875 0.064844
0 0.174740 0.068945 0.078646 0.071484
0 0.099740 0.130273 0.061979 0.076953
0 0.032552 0.128125 0.065104 0.072656
0 0.789583 0.194531 0.029167 0.058594
0 0.031510 0.050000 0.063021 0.082812
0 0.822656 0.196875 0.035937 0.056250
0 0.064583 0.310547 0.080208 0.077344
0 0.691406 0.249609 0.047396 0.034375
0 0.638542 0.278516 0.050000 0.030469
0 0.639323 0.245898 0.051562 0.033984
0 0.585156 0.275391 0.057813 0.032031
0 0.583333 0.242383 0.057292 0.033984
0 0.525260 0.273047 0.057813 0.034375
0 0.527083 0.238086 0.055208 0.035547
0 0.465885 0.270898 0.056771 0.027734
0 0.401302 0.269727 0.061979 0.032422
0 0.467187 0.236133 0.059375 0.041797
0 0.402083 0.232031 0.063542 0.040625
0 0.243490 0.319141 0.075521 0.063281
0 0.155990 0.319336 0.096354 0.066016
0 0.248438 0.251758 0.088542 0.067578
0 0.154167 0.248242 0.095833 0.073047
0 0.065104 0.229492 0.075000 0.076953
0 0.738542 0.283594 0.045833 0.026562
0 0.332552 0.140820 0.064062 0.091016
0 0.785417 0.269727 0.046875 0.059766
0 0.275000 0.431055 0.046875 0.105859
0 0.217448 0.428711 0.058854 0.116016
0 0.153125 0.430664 0.061458 0.119922
0 0.087500 0.432227 0.060417 0.119922
0 0.027344 0.433789 0.054688 0.123047
0 0.879687 0.276562 0.045833 0.060937
0 0.832292 0.272852 0.045833 0.063672
