0 0.769301 0.359069 0.022672 0.089052
0 0.701593 0.804534 0.023897 0.087827
0 0.725490 0.795547 0.024510 0.088644
0 0.748162 0.793709 0.019608 0.090686
0 0.769148 0.790237 0.022365 0.086193
0 0.673407 0.705882 0.020833 0.103758
0 0.694853 0.700572 0.022672 0.093137
0 0.715839 0.697304 0.019301 0.099673
0 0.736979 0.694240 0.018076 0.090278
0 0.754442 0.689338 0.018076 0.099265
0 0.774357 0.684232 0.020527 0.099673
0 0.652727 0.709559 0.019914 0.096405
0 0.658395 0.593954 0.020833 0.078431
0 0.703431 0.575980 0.016544 0.092320
0 0.722426 0.572712 0.020221 0.098039
0 0.742800 0.569649 0.021752 0.091912
0 0.774969 0.569444 0.029718 0.092320
0 0.403646 0.641748 0.020527 0.100490
0 0.428309 0.640931 0.027574 0.101307
0 0.682598 0.581904 0.026348 0.100899
0 0.776042 0.248979 0.020833 0.078840
0 0.942096 0.639093 0.026961 0.090278
0 0.889553 0.648693 0.025429 0.094771
0 0.850950 0.864992 0.018689 0.081291
0 0.873621 0.857639 0.026042 0.096814
0 0.899203 0.848039 0.023897 0.082516
0 0.514859 0.616626 0.027880 0.095997
0 0.410386 0.773897 0.030944 0.078840
0 0.568627 0.855188 0.027574 0.091095
0 0.915594 0.642565 0.027267 0.083333
0 0.541054 0.860294 0.026961 0.080065
0 0.490196 0.872549 0.027574 0.081699
0 0.926777 0.842729 0.028799 0.093137
0 0.883119 0.751634 0.030944 0.080065
0 0.911458 0.743873 0.022059 0.093954
0 0.936275 0.740196 0.027574 0.086601
0 0.864124 0.651144 0.024203 0.088235
0 0.515778 0.869281 0.023591 0.089869
0 0.791207 0.359069 0.022978 0.086601
0 0.755668 0.247345 0.020527 0.082925
0 0.710784 0.248366 0.023284 0.083333
0 0.931679 0.286969 0.023284 0.099265
0 0.951287 0.284518 0.015319 0.094363
0 0.154412 0.402369 0.064338 0.165033
0 0.971201 0.287173 0.025735 0.088235
0 0.300245 0.566993 0.061275 0.149510
0 0.231158 0.570670 0.076900 0.144608
0 0.910233 0.289420 0.019608 0.094363
0 0.159773 0.580065 0.065870 0.162582
0 0.105852 0.760825 0.065870 0.140114
0 0.174786 0.748570 0.073836 0.145016
0 0.396446 0.228350 0.028186 0.094771
0 0.425245 0.230596 0.025735 0.093546
0 0.456342 0.219567 0.031556 0.112337
0 0.486979 0.219567 0.027267 0.114788
0 0.091452 0.589869 0.065257 0.149510
0 0.886795 0.289420 0.027267 0.094363
0 0.230545 0.396038 0.081801 0.150735
0 0.303462 0.395833 0.059743 0.144608
0 0.407322 0.895016 0.024816 0.089052
0 0.309436 0.136234 0.037377 0.119690
0 0.272212 0.136029 0.030331 0.120915
0 0.235754 0.137051 0.040748 0.125408
0 0.196078 0.145016 0.036152 0.093954
0 0.122702 0.121528 0.051164 0.131944
0 0.077512 0.122958 0.039216 0.138889
0 0.040901 0.122958 0.033395 0.139706
0 0.300705 0.272467 0.059130 0.034314
0 0.246783 0.246732 0.047488 0.033497
0 0.244485 0.279208 0.050245 0.029003
0 0.197610 0.264910 0.047181 0.051062
0 0.152727 0.266544 0.041973 0.048611
0 0.102022 0.264910 0.052083 0.049428
0 0.057292 0.267974 0.036152 0.042484
0 0.516085 0.217933 0.029105 0.113971
0 0.733303 0.248979 0.022978 0.082925
0 0.544577 0.218750 0.027880 0.113971
0 0.311121 0.723652 0.065870 0.143382
0 0.679075 0.810458 0.022978 0.091503
0 0.574908 0.219567 0.032169 0.115605
0 0.399050 0.097631 0.026654 0.095588
0 0.428768 0.097631 0.028493 0.098856
0 0.433364 0.877247 0.024816 0.082925
0 0.460631 0.873775 0.027880 0.092320
0 0.657016 0.815155 0.022365 0.091912
0 0.456342 0.099265 0.027267 0.096405
0 0.512255 0.099877 0.022672 0.095180
0 0.457261 0.635008 0.030331 0.089461
0 0.536612 0.099060 0.026042 0.095997
0 0.562194 0.117034 0.023897 0.058415
0 0.666513 0.251430 0.019301 0.084559
0 0.687040 0.250000 0.022978 0.084967
0 0.485447 0.099060 0.030331 0.095997
0 0.767310 0.888685 0.029718 0.091095
0 0.739737 0.888889 0.018689 0.095588
0 0.721201 0.906454 0.018995 0.093137
0 0.316789 0.870711 0.061275 0.126225
0 0.256434 0.874387 0.060049 0.118873
0 0.191789 0.909722 0.073529 0.138889
0 0.438879 0.772876 0.024816 0.082516
0 0.464614 0.766748 0.026654 0.068627
0 0.489430 0.761029 0.022978 0.080882
0 0.516391 0.748775 0.027880 0.097222
0 0.544424 0.736928 0.027574 0.102124
0 0.570925 0.731413 0.024203 0.091912
0 0.512868 0.962214 0.027574 0.063317
0 0.541973 0.961397 0.027574 0.077206
0 0.568627 0.954657 0.027574 0.076797
0 0.656556 0.922794 0.021446 0.081699
0 0.679381 0.917892 0.023591 0.093137
0 0.701593 0.911356 0.020833 0.081699
0 0.240196 0.724060 0.053309 0.133578
0 0.085172 0.401144 0.074755 0.166667
0 0.488051 0.622345 0.026348 0.107435
0 0.571538 0.608252 0.022365 0.100490
0 0.518229 0.354167 0.027267 0.087418
0 0.542892 0.351511 0.023284 0.091095
0 0.570159 0.349060 0.030637 0.087827
0 0.670496 0.362745 0.022978 0.093954
0 0.694393 0.363358 0.025429 0.086193
0 0.719822 0.363562 0.024203 0.087418
0 0.744332 0.360090 0.026042 0.091095
0 0.422488 0.506740 0.025123 0.098448
0 0.955576 0.162990 0.020833 0.092320
0 0.543352 0.611724 0.028493 0.105801
0 0.798866 0.250000 0.022365 0.080065
0 0.670190 0.132557 0.022365 0.082925
0 0.692555 0.133374 0.021752 0.082108
0 0.715839 0.134191 0.022365 0.084559
0 0.738511 0.132557 0.022365 0.086193
0 0.759651 0.133170 0.019301 0.082516
0 0.779565 0.134191 0.019914 0.080474
0 0.801164 0.137051 0.018995 0.083742
0 0.887714 0.164828 0.021752 0.096814
0 0.909926 0.162990 0.022059 0.096405
0 0.932904 0.164011 0.023897 0.094363
0 0.487132 0.353554 0.029412 0.092729
0 0.456342 0.348448 0.024203 0.103758
0 0.977482 0.164011 0.024203 0.090278
0 0.449142 0.501430 0.026961 0.089461
0 0.428922 0.351511 0.030025 0.108252
0 0.688879 0.469975 0.023591 0.085376
0 0.664522 0.471405 0.025123 0.089869
0 0.949142 0.524101 0.026961 0.095588
0 0.925092 0.526961 0.021140 0.099673
0 0.902727 0.529003 0.024816 0.094771
0 0.874847 0.533701 0.028493 0.102533
0 0.576746 0.487745 0.026654 0.098856
0 0.551317 0.494077 0.026042 0.091912
0 0.500000 0.497141 0.022059 0.091503
0 0.523131 0.495507 0.024203 0.095588
0 0.713848 0.465074 0.025123 0.093546
0 0.737898 0.463440 0.022978 0.088644
0 0.761642 0.460172 0.025123 0.093546
0 0.784467 0.458129 0.020527 0.086193
0 0.883425 0.411765 0.024203 0.093954
0 0.906250 0.410743 0.022672 0.091912
0 0.928615 0.410743 0.020221 0.091912
0 0.946998 0.405637 0.016544 0.092320
0 0.965686 0.406046 0.022059 0.090686
0 0.399816 0.353962 0.026961 0.105801
0 0.475337 0.499387 0.026042 0.094363
