0 0.062714 0.747476 0.100599 0.019952
0 0.066353 0.776202 0.095890 0.031731
0 0.986087 0.643389 0.027825 0.080529
0 0.948202 0.642548 0.037671 0.080769
0 0.900471 0.642308 0.052654 0.082692
0 0.849315 0.646635 0.044521 0.070673
0 0.800300 0.644351 0.048373 0.073317
0 0.748288 0.650841 0.038527 0.069952
0 0.680223 0.659615 0.024829 0.044231
0 0.373502 0.186899 0.032106 0.066587
0 0.071062 0.198437 0.060788 0.031971
0 0.072774 0.165264 0.059932 0.030048
0 0.128853 0.190745 0.033390 0.051202
0 0.338613 0.190144 0.031678 0.065865
0 0.209118 0.196154 0.038099 0.052885
0 0.257920 0.183894 0.044949 0.024519
0 0.255779 0.208053 0.041524 0.021394
0 0.300942 0.208293 0.038527 0.024279
0 0.301370 0.184856 0.039384 0.023558
0 0.715111 0.651442 0.025257 0.059615
0 0.166524 0.197236 0.039384 0.045913
0 0.648759 0.734856 0.047517 0.075000
0 0.168022 0.758894 0.025257 0.054327
0 0.420591 0.175481 0.040668 0.087019
0 0.013699 0.163702 0.027397 0.031731
0 0.014555 0.196995 0.029110 0.029087
0 0.983091 0.732812 0.033818 0.068990
0 0.933647 0.736418 0.045377 0.064663
0 0.886772 0.760457 0.037243 0.018510
0 0.887200 0.736779 0.042380 0.026442
0 0.844392 0.734736 0.034675 0.068029
0 0.799015 0.737740 0.045805 0.069712
0 0.750642 0.737260 0.043236 0.070673
0 0.702911 0.736779 0.049658 0.074519
0 0.600385 0.737139 0.040668 0.075240
0 0.554366 0.737861 0.047089 0.074279
0 0.504709 0.739183 0.049658 0.072596
0 0.459332 0.741346 0.028253 0.074519
0 0.426584 0.742909 0.027825 0.072837
0 0.387628 0.746274 0.036387 0.075240
0 0.329623 0.745673 0.054795 0.071635
0 0.279966 0.760337 0.036815 0.050481
0 0.238014 0.758173 0.026541 0.052885
0 0.201199 0.770072 0.036815 0.033413
0 0.133348 0.762740 0.026113 0.052885
0 0.135274 0.667308 0.025685 0.043269
0 0.468964 0.176442 0.047517 0.087019
0 0.581122 0.181731 0.047517 0.092788
0 0.380565 0.563582 0.034247 0.049279
0 0.343964 0.564784 0.034675 0.051683
0 0.307363 0.558173 0.030822 0.065865
0 0.268193 0.580288 0.042380 0.023077
0 0.267337 0.555048 0.044949 0.027404
0 0.223673 0.562981 0.034675 0.061538
0 0.182791 0.562019 0.038527 0.059615
0 0.137414 0.562500 0.041952 0.060577
0 0.091610 0.596635 0.048801 0.023558
0 0.090967 0.569712 0.047517 0.026923
0 0.978810 0.475481 0.042380 0.024519
0 0.978596 0.451562 0.041952 0.019952
0 0.978596 0.426442 0.041952 0.027404
0 0.927440 0.476683 0.049229 0.017788
0 0.928510 0.460096 0.054795 0.013462
0 0.929580 0.441947 0.053510 0.018990
0 0.877568 0.468990 0.039384 0.071154
0 0.834118 0.469591 0.038955 0.069952
0 0.793664 0.466587 0.039384 0.073077
0 0.747432 0.466947 0.049658 0.073798
0 0.699486 0.477764 0.030822 0.049760
0 0.660317 0.467308 0.042380 0.072115
0 0.621147 0.478365 0.033390 0.052885
0 0.590753 0.475120 0.025685 0.062740
0 0.554795 0.493750 0.039384 0.026442
0 0.555223 0.463221 0.040240 0.029808
0 0.511772 0.478606 0.037243 0.052404
0 0.468536 0.481611 0.038099 0.048317
0 0.417594 0.471274 0.046661 0.068510
0 0.413099 0.565986 0.025685 0.049279
0 0.372860 0.472716 0.039384 0.062260
0 0.441353 0.562861 0.029110 0.059375
0 0.497860 0.563702 0.025685 0.051923
0 0.167594 0.669111 0.028682 0.048317
0 0.202269 0.652404 0.037243 0.073558
0 0.241010 0.655288 0.028253 0.074519
0 0.288527 0.649159 0.046233 0.075721
0 0.336901 0.648558 0.041096 0.070192
0 0.390411 0.651563 0.049658 0.073798
0 0.439640 0.651923 0.041952 0.072115
0 0.480094 0.645793 0.032962 0.085337
0 0.515411 0.645673 0.029966 0.082692
0 0.553082 0.651803 0.044521 0.028606
0 0.552654 0.676082 0.039384 0.017067
0 0.602954 0.674399 0.050086 0.018510
0 0.601670 0.649399 0.043236 0.025721
0 0.101455 0.667548 0.031678 0.052885
0 0.066353 0.671875 0.030822 0.050000
0 0.030394 0.673317 0.032534 0.052885
0 0.983091 0.543510 0.033818 0.084615
0 0.943279 0.547596 0.032106 0.086058
0 0.903253 0.549519 0.041952 0.085096
0 0.849529 0.553005 0.061216 0.071394
0 0.788955 0.553486 0.058219 0.068029
0 0.731807 0.555409 0.054366 0.065144
0 0.676156 0.558053 0.053510 0.065625
0 0.625000 0.577284 0.036815 0.021394
0 0.625428 0.547957 0.037671 0.033894
0 0.574486 0.579087 0.041952 0.020673
0 0.574914 0.556010 0.042808 0.022596
0 0.532962 0.580649 0.036815 0.018510
0 0.532748 0.558053 0.038099 0.024279
0 0.471747 0.562260 0.024829 0.060096
0 0.330051 0.459856 0.039384 0.020673
0 0.647474 0.656971 0.037243 0.052404
0 0.328125 0.497236 0.039812 0.020913
0 0.844392 0.306851 0.038955 0.047356
0 0.808005 0.306851 0.026969 0.044952
0 0.773116 0.296274 0.039384 0.065144
0 0.693921 0.284615 0.035959 0.083173
0 0.650471 0.284615 0.045805 0.079327
0 0.589469 0.286058 0.041096 0.077885
0 0.544092 0.303966 0.026541 0.041587
0 0.509846 0.292067 0.039384 0.065865
0 0.471318 0.291827 0.031678 0.062981
0 0.434717 0.292548 0.032106 0.066827
0 0.397902 0.291226 0.039812 0.068510
0 0.358519 0.283654 0.031250 0.076442
0 0.324914 0.281010 0.033390 0.077885
0 0.288527 0.281731 0.037671 0.079327
0 0.251070 0.279447 0.032106 0.081971
0 0.212115 0.290745 0.036387 0.063221
0 0.174658 0.293870 0.030822 0.046394
0 0.132491 0.284135 0.044092 0.065865
0 0.071704 0.301202 0.057791 0.031250
0 0.020120 0.299760 0.040240 0.030288
0 0.069991 0.269231 0.054366 0.029327
0 0.021618 0.269111 0.043236 0.028125
0 0.968536 0.205889 0.062072 0.051683
0 0.905394 0.187019 0.046233 0.089423
0 0.851884 0.187981 0.053938 0.084615
0 0.801156 0.190144 0.045805 0.088942
0 0.746147 0.186538 0.059075 0.093269
0 0.684932 0.181490 0.050514 0.092308
0 0.631849 0.181010 0.046233 0.091346
0 0.878853 0.295673 0.026541 0.066346
0 0.917166 0.292548 0.037243 0.073558
0 0.950342 0.284375 0.022260 0.066346
0 0.979880 0.285577 0.027397 0.048077
0 0.288527 0.497236 0.037671 0.018510
0 0.288955 0.474519 0.036815 0.024038
0 0.247217 0.473317 0.040668 0.063462
0 0.168664 0.491827 0.108733 0.027404
0 0.167166 0.459736 0.101455 0.029567
0 0.076841 0.443990 0.043236 0.018750
0 0.077269 0.464543 0.048373 0.020913
0 0.079409 0.491346 0.048373 0.028365
0 0.028253 0.491707 0.047945 0.029087
0 0.027611 0.463462 0.046661 0.027885
0 0.983519 0.354808 0.031250 0.058173
0 0.934503 0.358654 0.035103 0.052404
0 0.884846 0.378846 0.046233 0.076442
0 0.835830 0.379327 0.042380 0.075000
0 0.531464 0.177284 0.045805 0.088702
0 0.786815 0.380168 0.041952 0.074760
0 0.696062 0.378365 0.044521 0.075481
0 0.647046 0.379567 0.048373 0.071154
0 0.596961 0.380288 0.029538 0.070192
0 0.566139 0.386418 0.025257 0.059375
0 0.532962 0.365865 0.036815 0.023077
0 0.513485 0.398317 0.071490 0.040385
0 0.440283 0.394471 0.068065 0.043750
0 0.349529 0.377764 0.102312 0.074279
0 0.270334 0.394952 0.033818 0.042308
0 0.234589 0.388101 0.028253 0.056010
0 0.197346 0.376683 0.043664 0.072115
0 0.141053 0.384976 0.069777 0.054567
0 0.083476 0.373077 0.044521 0.076442
0 0.033176 0.371875 0.050086 0.080769
0 0.740796 0.378606 0.039812 0.075962
0 0.330051 0.479567 0.039384 0.016346
0 0.733305 0.285096 0.036815 0.081731
