0 0.647260 0.401923 0.053082 0.051442
0 0.780180 0.403125 0.062928 0.050962
0 0.710188 0.403245 0.070205 0.049760
0 0.576841 0.407572 0.060360 0.038221
0 0.522046 0.367668 0.058647 0.038221
0 0.456122 0.406731 0.062928 0.039904
0 0.392979 0.407091 0.056507 0.040625
0 0.579623 0.368630 0.059075 0.036298
0 0.843750 0.403125 0.059075 0.050962
0 0.459332 0.367188 0.063356 0.036298
0 0.518408 0.406130 0.051370 0.038702
0 0.915240 0.405889 0.077055 0.047356
0 0.319991 0.492909 0.040668 0.028606
0 0.194777 0.498197 0.062500 0.027163
0 0.271618 0.479928 0.036387 0.033413
0 0.342894 0.463582 0.059932 0.025240
0 0.425300 0.468149 0.071490 0.021875
0 0.396832 0.366587 0.058219 0.036058
0 0.369863 0.497837 0.059075 0.035577
0 0.434289 0.500601 0.062928 0.037740
0 0.500642 0.497716 0.059503 0.029087
0 0.627568 0.474760 0.073630 0.023077
0 0.712115 0.474880 0.079195 0.019471
0 0.711045 0.494832 0.082192 0.020433
0 0.632063 0.495192 0.069777 0.017788
0 0.119863 0.494591 0.071062 0.038221
0 0.314854 0.406250 0.057791 0.029808
0 0.197560 0.370913 0.051798 0.031731
0 0.194991 0.402163 0.052654 0.030769
0 0.073844 0.265625 0.066353 0.038942
0 0.142123 0.265986 0.066781 0.039663
0 0.072132 0.307692 0.068065 0.040385
0 0.142765 0.307572 0.062072 0.042548
0 0.218322 0.308534 0.059932 0.039663
0 0.242080 0.274159 0.048373 0.025240
0 0.306079 0.281010 0.056507 0.036058
0 0.303296 0.311298 0.045805 0.026442
0 0.367509 0.272716 0.049229 0.034856
0 0.364512 0.307812 0.043236 0.025240
0 0.429795 0.274880 0.059075 0.032933
0 0.428938 0.307692 0.057363 0.031250
0 0.486729 0.303125 0.047945 0.037500
0 0.251926 0.403606 0.058647 0.031250
0 0.544307 0.305649 0.059503 0.031010
0 0.672517 0.272356 0.059932 0.039423
0 0.675300 0.311178 0.059503 0.031971
0 0.614084 0.311899 0.062928 0.036779
0 0.747432 0.307572 0.078767 0.046394
0 0.816353 0.315505 0.053082 0.025721
0 0.886344 0.310457 0.062928 0.045913
0 0.951627 0.267788 0.073630 0.043269
0 0.958048 0.311779 0.059075 0.039423
0 0.138057 0.370192 0.058647 0.034135
0 0.810360 0.482812 0.079623 0.026683
0 0.257063 0.371394 0.057791 0.031731
0 0.319777 0.372356 0.059932 0.031250
0 0.138271 0.403726 0.053082 0.027644
0 0.614084 0.272236 0.056935 0.039663
0 0.809289 0.507692 0.084332 0.022115
0 0.467466 0.576803 0.079623 0.034375
0 0.901541 0.509255 0.086473 0.021394
0 0.454409 0.678726 0.059503 0.027163
0 0.396190 0.681370 0.061216 0.025721
0 0.330051 0.679327 0.055651 0.031250
0 0.269692 0.678726 0.059932 0.033413
0 0.635916 0.637861 0.040668 0.031010
0 0.638057 0.677644 0.050942 0.043269
0 0.703767 0.682933 0.062500 0.038462
0 0.700771 0.642188 0.061644 0.036779
0 0.763913 0.641466 0.051798 0.031971
0 0.818493 0.639904 0.052226 0.028846
0 0.876284 0.642788 0.053082 0.029327
0 0.778467 0.686899 0.048373 0.040625
0 0.555865 0.682813 0.060360 0.038221
0 0.836259 0.686298 0.066353 0.043269
0 0.957192 0.679808 0.046233 0.060096
0 0.960830 0.765505 0.053510 0.066106
0 0.638485 0.769471 0.127997 0.031250
0 0.517337 0.733894 0.107449 0.018269
0 0.508348 0.754928 0.101455 0.023798
0 0.405822 0.779087 0.048801 0.019712
0 0.312072 0.765986 0.107021 0.030529
0 0.212971 0.750361 0.044949 0.054087
0 0.164598 0.753486 0.051798 0.057452
0 0.043236 0.744471 0.070205 0.017788
0 0.039384 0.772115 0.078767 0.018269
0 0.046233 0.841226 0.071062 0.058413
0 0.892765 0.684255 0.043236 0.041106
0 0.581764 0.641827 0.052226 0.026923
0 0.519478 0.644471 0.063784 0.032212
0 0.453125 0.647476 0.050942 0.029087
0 0.297517 0.550120 0.083048 0.032933
0 0.378853 0.551322 0.077911 0.032452
0 0.462115 0.540144 0.074914 0.019231
0 0.539170 0.570312 0.054366 0.030529
0 0.375428 0.582692 0.070205 0.027885
0 0.295805 0.585096 0.083904 0.029327
0 0.600385 0.543630 0.051798 0.019952
0 0.665026 0.546274 0.050086 0.023798
0 0.725385 0.546995 0.062072 0.026683
0 0.869649 0.554567 0.062072 0.029808
0 0.867723 0.587620 0.056507 0.034375
0 0.803938 0.590024 0.053082 0.030048
0 0.745291 0.592668 0.055651 0.034856
0 0.665454 0.577284 0.057791 0.029087
0 0.603382 0.578365 0.062072 0.028365
0 0.972389 0.561058 0.055223 0.033654
0 0.976241 0.527163 0.047517 0.023558
0 0.975171 0.497716 0.047089 0.031490
0 0.975171 0.467187 0.049658 0.029087
0 0.129709 0.624519 0.058219 0.016827
0 0.132920 0.648317 0.061216 0.027404
0 0.136558 0.678125 0.060788 0.025962
0 0.199272 0.676082 0.061216 0.027163
0 0.208262 0.637861 0.051798 0.024760
0 0.271190 0.640505 0.052654 0.030048
0 0.334546 0.647957 0.053510 0.028125
0 0.392765 0.650240 0.056079 0.034615
0 0.905394 0.484976 0.084760 0.024760
0 0.802654 0.554808 0.069349 0.027885
0 0.781464 0.841707 0.038099 0.031971
0 0.209332 0.859135 0.059075 0.054808
0 0.777397 0.886178 0.111301 0.032452
0 0.668450 0.873558 0.100599 0.031731
0 0.037457 0.485697 0.072346 0.050721
0 0.056721 0.542788 0.058647 0.024519
0 0.046233 0.693269 0.087329 0.022596
0 0.047945 0.672476 0.079623 0.017548
0 0.897260 0.890625 0.111301 0.025962
0 0.031678 0.598437 0.061644 0.034856
0 0.666096 0.831370 0.095890 0.026683
0 0.586045 0.875721 0.055651 0.054327
0 0.528253 0.876202 0.054795 0.051923
0 0.464255 0.877284 0.062928 0.054087
0 0.407534 0.858413 0.052226 0.059135
0 0.292594 0.846635 0.051798 0.054327
0 0.903039 0.859135 0.101455 0.036538
