0 0.855729 0.606836 0.039583 0.040234
0 0.890104 0.596094 0.031250 0.060937
0 0.924479 0.599219 0.038542 0.055469
0 0.972656 0.608398 0.053646 0.033203
0 0.055729 0.668555 0.087500 0.098828
0 0.330990 0.712305 0.074479 0.057422
0 0.249740 0.715820 0.079687 0.066797
0 0.408854 0.712109 0.079167 0.053125
0 0.493229 0.710156 0.081250 0.053125
0 0.812760 0.607617 0.043229 0.034766
0 0.558854 0.706250 0.045833 0.061719
0 0.160417 0.721094 0.084375 0.057031
0 0.768490 0.608203 0.044271 0.035937
0 0.381771 0.607617 0.041667 0.051172
0 0.624479 0.616406 0.045833 0.022656
0 0.582292 0.603516 0.035417 0.050781
0 0.534115 0.620703 0.060937 0.017969
0 0.533073 0.598437 0.058854 0.022656
0 0.481771 0.605469 0.030208 0.051562
0 0.436719 0.621094 0.058854 0.021875
0 0.436719 0.598437 0.057813 0.019531
0 0.331771 0.603711 0.039583 0.066797
0 0.290104 0.602148 0.026042 0.062109
0 0.268750 0.601562 0.015625 0.062500
0 0.236719 0.590820 0.032813 0.081641
0 0.211458 0.600000 0.018750 0.062500
0 0.601823 0.704102 0.036979 0.059766
0 0.723698 0.588477 0.038021 0.076172
0 0.699740 0.707422 0.045312 0.044531
0 0.652604 0.861133 0.060417 0.027734
0 0.776042 0.700781 0.027083 0.053906
0 0.186979 0.601953 0.027083 0.062500
0 0.935677 0.843359 0.056771 0.023438
0 0.934635 0.819531 0.058854 0.021094
0 0.880208 0.847266 0.050000 0.021875
0 0.879427 0.825000 0.050521 0.020313
0 0.823698 0.849219 0.056771 0.022656
0 0.823438 0.828125 0.056250 0.017188
0 0.769531 0.833203 0.047396 0.015625
0 0.765625 0.854688 0.051042 0.024219
0 0.710677 0.856641 0.055729 0.018750
0 0.654427 0.837500 0.056771 0.017188
0 0.598698 0.853320 0.043229 0.045703
0 0.547396 0.858398 0.055208 0.051172
0 0.498177 0.859375 0.042188 0.049219
0 0.447396 0.862891 0.055208 0.053906
0 0.394010 0.864453 0.049479 0.053125
0 0.343750 0.824805 0.051042 0.032422
0 0.338281 0.868359 0.060937 0.052344
0 0.276042 0.870117 0.054167 0.058203
0 0.214323 0.874805 0.064062 0.054297
0 0.145833 0.877539 0.063542 0.055078
0 0.065365 0.872461 0.065104 0.083984
0 0.965885 0.697656 0.035937 0.050000
0 0.927083 0.698438 0.039583 0.046875
0 0.887240 0.697656 0.036979 0.046875
0 0.846354 0.694141 0.035417 0.057031
0 0.807813 0.694727 0.033333 0.055859
0 0.751042 0.701172 0.021875 0.050781
0 0.146094 0.601172 0.051562 0.065625
0 0.142448 0.364844 0.061979 0.023438
0 0.977865 0.475781 0.043229 0.021875
0 0.707812 0.241016 0.058333 0.074219
0 0.840885 0.242188 0.063021 0.035156
0 0.836979 0.274609 0.070833 0.026562
0 0.907813 0.272266 0.054167 0.042969
0 0.968750 0.275391 0.056250 0.039844
0 0.141927 0.341016 0.059896 0.024219
0 0.203385 0.345313 0.055729 0.017969
0 0.661719 0.247266 0.030729 0.057031
0 0.205729 0.367188 0.057292 0.025000
0 0.271094 0.370703 0.069271 0.022656
0 0.351042 0.336719 0.082292 0.028125
0 0.350781 0.369336 0.084896 0.029297
0 0.433854 0.341016 0.077083 0.033594
0 0.433073 0.371484 0.079687 0.027344
0 0.514844 0.335742 0.079687 0.038672
0 0.515885 0.373242 0.081771 0.033984
0 0.272917 0.344336 0.068750 0.025391
0 0.302344 0.086523 0.091146 0.032422
0 0.392448 0.094141 0.083854 0.035156
0 0.774740 0.093164 0.069271 0.036328
0 0.602083 0.258594 0.075000 0.027344
0 0.975781 0.504687 0.048438 0.033594
0 0.537240 0.258984 0.050521 0.025781
0 0.540365 0.228320 0.053646 0.028516
0 0.478646 0.251758 0.062500 0.026172
0 0.478646 0.223047 0.060417 0.030469
0 0.398698 0.243750 0.095312 0.032031
0 0.397917 0.204297 0.094792 0.041406
0 0.318750 0.222656 0.050000 0.068750
0 0.251302 0.234766 0.082812 0.044531
0 0.156510 0.187305 0.100521 0.041016
0 0.971875 0.111523 0.045833 0.106641
0 0.927083 0.120703 0.039583 0.079687
0 0.888542 0.117578 0.032292 0.082031
0 0.841146 0.137695 0.058333 0.024609
0 0.842708 0.104883 0.058333 0.029297
0 0.771354 0.126562 0.076042 0.029687
0 0.595313 0.344727 0.069792 0.031641
0 0.596094 0.375586 0.071354 0.029297
0 0.157031 0.228711 0.097396 0.038672
0 0.776042 0.359375 0.059375 0.027344
0 0.464323 0.079883 0.044271 0.076953
0 0.395052 0.051367 0.084896 0.038672
0 0.305729 0.048438 0.093750 0.031250
0 0.219271 0.047070 0.076042 0.030078
0 0.145313 0.069727 0.067708 0.032422
0 0.142708 0.032031 0.069792 0.039844
0 0.629167 0.504297 0.075000 0.021875
0 0.558594 0.504102 0.060937 0.023828
0 0.500781 0.505664 0.054688 0.022266
0 0.426302 0.502539 0.093229 0.026172
0 0.924740 0.502344 0.055729 0.032031
0 0.255729 0.498828 0.076042 0.025000
0 0.752865 0.487109 0.038021 0.063281
0 0.810156 0.500000 0.071354 0.036719
0 0.870313 0.499219 0.044792 0.038281
0 0.650521 0.360352 0.033333 0.066016
0 0.930208 0.474219 0.047917 0.024219
0 0.520312 0.090234 0.062500 0.057813
0 0.578385 0.093164 0.055729 0.073047
0 0.335156 0.500781 0.083854 0.028906
0 0.699479 0.124609 0.053125 0.035156
0 0.637240 0.102539 0.055729 0.061328
0 0.840104 0.385547 0.064583 0.031250
0 0.842969 0.355078 0.058854 0.028125
0 0.901563 0.369531 0.052083 0.026562
0 0.898698 0.393164 0.044271 0.021484
0 0.959115 0.386523 0.058854 0.041797
0 0.047917 0.474805 0.095833 0.142578
0 0.134635 0.483203 0.049479 0.060937
0 0.900521 0.342383 0.052083 0.023828
0 0.771354 0.384570 0.067708 0.023047
0 0.253125 0.468750 0.073958 0.032031
0 0.334635 0.470703 0.085938 0.028125
0 0.425781 0.471680 0.093229 0.032422
0 0.501563 0.480469 0.057292 0.023438
0 0.562760 0.479297 0.060937 0.025781
0 0.632552 0.476172 0.078646 0.029687
0 0.185938 0.484570 0.050000 0.058203
0 0.217969 0.077930 0.073438 0.027734
