0 0.303646 0.782422 0.040625 0.083594
0 0.749479 0.760352 0.035417 0.081641
0 0.350781 0.779102 0.041146 0.083984
0 0.394792 0.777148 0.043750 0.081641
0 0.440885 0.775195 0.042188 0.082422
0 0.531771 0.771094 0.039583 0.082031
0 0.576042 0.770508 0.038542 0.080078
0 0.617969 0.766602 0.036979 0.081641
0 0.660677 0.763672 0.036979 0.081250
0 0.256771 0.783008 0.040625 0.082422
0 0.703906 0.761719 0.042188 0.082031
0 0.485417 0.771289 0.041667 0.083984
0 0.072656 0.755469 0.092188 0.064844
0 0.722135 0.681055 0.082812 0.053516
0 0.939323 0.633984 0.093229 0.096094
0 0.872135 0.632617 0.031771 0.087891
0 0.808854 0.681250 0.084375 0.047656
0 0.634115 0.682813 0.085938 0.053125
0 0.545833 0.684961 0.084375 0.055078
0 0.454427 0.686719 0.089063 0.060937
0 0.360417 0.690234 0.080208 0.065625
0 0.267708 0.693750 0.090625 0.056250
0 0.169271 0.699414 0.089583 0.062891
0 0.789844 0.759180 0.038021 0.077734
0 0.068490 0.676953 0.096354 0.078906
0 0.162240 0.783984 0.043229 0.077344
0 0.829948 0.757227 0.028646 0.078516
0 0.384115 0.892773 0.042188 0.098047
0 0.872396 0.764648 0.044792 0.009766
0 0.627604 0.562109 0.060417 0.026562
0 0.693750 0.559570 0.058333 0.027734
0 0.988281 0.853516 0.023438 0.078906
0 0.935677 0.890820 0.060937 0.011328
0 0.935677 0.877539 0.065104 0.008984
0 0.939063 0.867383 0.067708 0.009766
0 0.939583 0.854688 0.064583 0.009375
0 0.864583 0.866797 0.073958 0.085938
0 0.784635 0.875781 0.065104 0.077344
0 0.704948 0.882422 0.080729 0.073438
0 0.616406 0.885156 0.070312 0.079687
0 0.532552 0.891406 0.074479 0.076563
0 0.872656 0.752344 0.032813 0.009375
0 0.451562 0.892969 0.075000 0.079687
0 0.286979 0.899414 0.043750 0.097266
0 0.233854 0.904102 0.047917 0.094141
0 0.179948 0.909961 0.046354 0.100391
0 0.105729 0.930078 0.085417 0.058594
0 0.098698 0.858008 0.107813 0.058203
0 0.023438 0.942383 0.046875 0.055859
0 0.018750 0.869336 0.037500 0.062891
0 0.982031 0.749023 0.035937 0.054297
0 0.927083 0.774805 0.052083 0.008203
0 0.926823 0.763086 0.051562 0.008984
0 0.933854 0.750391 0.053125 0.011719
0 0.873437 0.779297 0.046875 0.010937
0 0.335156 0.896680 0.042188 0.096484
0 0.759375 0.556250 0.059375 0.023438
0 0.563021 0.562891 0.054167 0.028125
0 0.150521 0.571484 0.072917 0.032813
0 0.161979 0.487500 0.055208 0.071094
0 0.071094 0.472461 0.105729 0.058203
0 0.993490 0.390820 0.013021 0.098828
0 0.967969 0.390625 0.027604 0.099219
0 0.925000 0.388086 0.047917 0.101172
0 0.882292 0.400977 0.027083 0.078516
0 0.838021 0.367969 0.048958 0.083594
0 0.782552 0.369141 0.052604 0.081250
0 0.727083 0.368164 0.047917 0.083203
0 0.672656 0.366797 0.052604 0.082812
0 0.614844 0.365820 0.055729 0.081641
0 0.556510 0.372070 0.048438 0.075391
0 0.500521 0.371680 0.051042 0.076172
0 0.442969 0.370312 0.053646 0.075781
0 0.385677 0.371094 0.049479 0.077344
0 0.326562 0.370508 0.054167 0.078516
0 0.267188 0.369141 0.053125 0.078125
0 0.205990 0.368945 0.056771 0.078516
0 0.144271 0.369727 0.056250 0.080078
0 0.037500 0.358398 0.075000 0.080859
0 0.915625 0.260547 0.086458 0.087500
0 0.842969 0.255469 0.046354 0.078906
0 0.790104 0.256836 0.051042 0.082422
0 0.678125 0.253906 0.051042 0.082031
0 0.619531 0.254297 0.052604 0.084375
0 0.223438 0.497266 0.051042 0.054688
0 0.563281 0.252930 0.050521 0.083984
0 0.282292 0.497266 0.059375 0.051562
0 0.407292 0.493164 0.052083 0.053516
0 0.430990 0.562500 0.067187 0.030469
0 0.362500 0.563086 0.060417 0.031641
0 0.292187 0.567383 0.070833 0.033984
0 0.821354 0.586523 0.060417 0.026172
0 0.755990 0.591211 0.056771 0.023047
0 0.691927 0.591016 0.054688 0.022656
0 0.627083 0.593359 0.055208 0.027344
0 0.563542 0.595508 0.058333 0.026172
0 0.499740 0.596289 0.057813 0.024609
0 0.433333 0.597266 0.059375 0.026562
0 0.366406 0.598242 0.064062 0.025391
0 0.296615 0.603125 0.063021 0.028906
0 0.226823 0.603320 0.061979 0.029297
0 0.152865 0.606641 0.060937 0.026562
0 0.987240 0.519727 0.025521 0.098047
0 0.948958 0.533398 0.034375 0.073828
0 0.908854 0.541602 0.039583 0.066797
0 0.869010 0.546289 0.029687 0.055859
0 0.840885 0.473828 0.050521 0.079687
0 0.780208 0.476953 0.056250 0.079687
0 0.719010 0.487500 0.059896 0.055469
0 0.658073 0.490625 0.052604 0.052344
0 0.594010 0.488672 0.063021 0.053125
0 0.532552 0.490820 0.053646 0.055078
0 0.470313 0.491992 0.063542 0.052734
0 0.345313 0.491211 0.058333 0.063672
0 0.505208 0.252539 0.052083 0.084766
0 0.734115 0.256836 0.053646 0.085547
0 0.385156 0.257422 0.060937 0.075000
0 0.027604 0.247461 0.055208 0.084766
0 0.983073 0.126562 0.033854 0.092188
0 0.912240 0.115820 0.091146 0.116797
0 0.825260 0.135352 0.055729 0.099609
0 0.764323 0.135352 0.052604 0.096484
0 0.703385 0.132031 0.060937 0.103125
0 0.578125 0.132422 0.055208 0.092969
0 0.517969 0.130664 0.060937 0.096484
0 0.454948 0.129102 0.057813 0.096484
0 0.391927 0.127539 0.061979 0.099609
0 0.329167 0.124609 0.059375 0.096094
0 0.262500 0.123828 0.064583 0.100781
0 0.195052 0.120313 0.064062 0.098437
0 0.122135 0.109961 0.073438 0.125391
0 0.044271 0.112695 0.076042 0.124609
0 0.446615 0.253125 0.053646 0.089844
0 0.499740 0.562891 0.061979 0.028125
0 0.100260 0.253711 0.074479 0.076953
0 0.178385 0.252539 0.063021 0.076172
0 0.639583 0.131055 0.060417 0.101953
0 0.248958 0.253320 0.065625 0.077734
0 0.316406 0.253320 0.057813 0.071484
