0 0.270425 0.741575 0.039216 0.067096
0 0.894199 0.282935 0.031046 0.100797
0 0.019608 0.103707 0.035131 0.143076
0 0.836193 0.691483 0.053922 0.101716
0 0.974060 0.678615 0.051879 0.097426
0 0.059232 0.885570 0.102124 0.171875
0 0.176471 0.882812 0.108660 0.163909
0 0.251225 0.880055 0.029412 0.108762
0 0.287990 0.895680 0.033497 0.112439
0 0.322508 0.888634 0.037173 0.121630
0 0.357843 0.876991 0.026961 0.108762
0 0.395016 0.899357 0.035948 0.078738
0 0.435458 0.897212 0.035131 0.078738
0 0.473448 0.885570 0.029412 0.103248
0 0.506944 0.880668 0.026961 0.100797
0 0.071895 0.104320 0.058007 0.143076
0 0.534314 0.882200 0.028595 0.100797
0 0.594363 0.876991 0.026961 0.098958
0 0.628676 0.869638 0.026144 0.100184
0 0.657680 0.870558 0.022876 0.099571
0 0.688317 0.873162 0.035131 0.082721
0 0.725490 0.872549 0.031863 0.083946
0 0.757353 0.854779 0.022059 0.098039
0 0.789216 0.852941 0.021242 0.098652
0 0.817810 0.853248 0.025327 0.101103
0 0.845997 0.851103 0.024510 0.105392
0 0.875817 0.847426 0.026961 0.101716
0 0.981822 0.833027 0.036356 0.094363
0 0.905637 0.817402 0.029412 0.081495
0 0.309641 0.739124 0.027778 0.062194
0 0.567198 0.875766 0.024918 0.100184
0 0.939542 0.281710 0.040033 0.107537
0 0.135417 0.104933 0.060866 0.148591
0 0.267157 0.126991 0.057190 0.113051
0 0.856618 0.306066 0.037582 0.052696
0 0.811683 0.307598 0.037582 0.057598
0 0.776757 0.306066 0.028186 0.061887
0 0.743056 0.308824 0.030229 0.061275
0 0.706699 0.306985 0.026961 0.063725
0 0.640931 0.296262 0.050654 0.077206
0 0.559028 0.303615 0.041258 0.063113
0 0.515114 0.303615 0.039216 0.068627
0 0.473856 0.302696 0.038399 0.067402
0 0.436275 0.302390 0.028595 0.064951
0 0.392157 0.300858 0.038399 0.069853
0 0.325776 0.286612 0.084559 0.090380
0 0.228350 0.288450 0.093954 0.096507
0 0.204248 0.123315 0.066176 0.117953
0 0.145425 0.289062 0.062908 0.088542
0 0.988358 0.171569 0.023284 0.064951
0 0.948529 0.148897 0.049837 0.109069
0 0.894199 0.146446 0.047386 0.109681
0 0.834967 0.164828 0.031046 0.068015
0 0.798611 0.146140 0.027778 0.102941
0 0.765319 0.147672 0.025735 0.102328
0 0.721814 0.142463 0.053105 0.113971
0 0.656863 0.155331 0.037582 0.072304
0 0.613562 0.151348 0.040850 0.085784
0 0.560662 0.150123 0.048611 0.092525
0 0.507353 0.140625 0.048203 0.101103
0 0.452614 0.136642 0.053105 0.105392
0 0.333946 0.130055 0.064134 0.116115
0 0.071078 0.291820 0.072712 0.084865
0 0.396242 0.133732 0.050654 0.108762
0 0.908905 0.686581 0.076797 0.110294
0 0.793709 0.583180 0.017974 0.037684
0 0.485294 0.397212 0.049020 0.052390
0 0.416667 0.391085 0.075980 0.072610
0 0.332312 0.392004 0.085376 0.071998
0 0.264706 0.390472 0.041667 0.080576
0 0.212827 0.391391 0.043301 0.076287
0 0.150327 0.428768 0.058007 0.111213
0 0.532680 0.396599 0.035948 0.059130
0 0.089665 0.421109 0.060866 0.127145
0 0.229575 0.464767 0.047386 0.033701
0 0.229575 0.502451 0.046569 0.041667
0 0.287582 0.479779 0.061275 0.075980
0 0.346609 0.488664 0.044526 0.062500
0 0.397876 0.484069 0.045752 0.072304
0 0.445670 0.484069 0.035131 0.074755
0 0.028186 0.420190 0.053922 0.136949
0 0.576797 0.394761 0.036765 0.055453
0 0.614379 0.398438 0.035131 0.053002
0 0.648693 0.396599 0.023693 0.056066
0 0.982230 0.295650 0.035539 0.081495
0 0.988562 0.394148 0.021242 0.078738
0 0.774306 0.587163 0.019199 0.039522
0 0.789011 0.700061 0.024101 0.089461
0 0.158497 0.744945 0.052288 0.081801
0 0.074551 0.721048 0.095997 0.136336
0 0.983252 0.573683 0.033497 0.083027
0 0.837418 0.581955 0.023693 0.041360
0 0.814134 0.582567 0.022059 0.039522
0 0.955065 0.393229 0.031046 0.081801
0 0.913399 0.395374 0.036765 0.087316
0 0.883578 0.396906 0.022876 0.086703
0 0.850490 0.396293 0.035948 0.061581
0 0.806781 0.398744 0.045752 0.061581
0 0.707925 0.396293 0.052288 0.060355
0 0.490605 0.481924 0.043301 0.074142
0 0.533905 0.484069 0.031863 0.071691
0 0.760417 0.394148 0.036356 0.063419
0 0.634804 0.483150 0.050654 0.058211
0 0.241013 0.609375 0.062092 0.037990
0 0.310866 0.587469 0.042484 0.067708
0 0.361928 0.590227 0.043301 0.060968
0 0.415441 0.591452 0.056373 0.063419
0 0.475082 0.589001 0.053105 0.066483
0 0.561887 0.593290 0.038807 0.057904
0 0.110907 0.591759 0.189134 0.079350
0 0.601716 0.586857 0.033497 0.051164
0 0.659722 0.589001 0.018791 0.037071
0 0.683415 0.588695 0.021242 0.036458
0 0.750817 0.585938 0.021242 0.040135
0 0.578431 0.477328 0.044118 0.068015
0 0.729575 0.587163 0.019608 0.039522
0 0.706291 0.585631 0.017974 0.039522
0 0.637255 0.590533 0.022876 0.038909
0 0.915033 0.573683 0.082516 0.083027
0 0.521242 0.587163 0.031046 0.067096
0 0.884395 0.487132 0.044118 0.053922
0 0.362949 0.733609 0.064951 0.079963
0 0.430147 0.731464 0.053105 0.074449
0 0.497141 0.730852 0.064542 0.073223
0 0.563930 0.726562 0.055147 0.076900
0 0.944444 0.487745 0.062092 0.049020
0 0.685866 0.493873 0.034314 0.036765
0 0.660948 0.717371 0.045752 0.073836
0 0.707925 0.712929 0.033497 0.072917
0 0.616830 0.721354 0.031046 0.079963
0 0.727533 0.489277 0.011438 0.039828
0 0.745507 0.488971 0.014706 0.040441
0 0.712010 0.489583 0.015523 0.040441
0 0.785743 0.484988 0.046160 0.061887
0 0.219363 0.732384 0.051471 0.091605
0 0.831291 0.483762 0.035948 0.060049
0 0.750817 0.710784 0.041667 0.069853
