0 0.036765 0.135876 0.071895 0.038909
0 0.122958 0.219056 0.089869 0.034314
0 0.118668 0.177543 0.095180 0.037071
0 0.128676 0.131281 0.103758 0.037071
0 0.245507 0.140319 0.094771 0.031250
0 0.230596 0.184436 0.093546 0.039828
0 0.222222 0.226869 0.096405 0.028493
0 0.334150 0.233762 0.107843 0.036152
0 0.445057 0.195466 0.120507 0.039216
0 0.450368 0.239430 0.109069 0.029718
0 0.551062 0.229626 0.082516 0.070159
0 0.959150 0.234375 0.059641 0.027574
0 0.653595 0.156403 0.084967 0.057904
0 0.631536 0.232690 0.066176 0.071385
0 0.708742 0.261642 0.068627 0.027574
0 0.716503 0.222426 0.071078 0.039828
0 0.728962 0.148744 0.051879 0.030331
0 0.727737 0.186121 0.055964 0.021752
0 0.793709 0.221814 0.066993 0.041054
0 0.788603 0.262868 0.082108 0.027574
0 0.872753 0.268536 0.079657 0.035233
0 0.880515 0.227941 0.095180 0.037990
0 0.556168 0.143229 0.092729 0.076900
0 0.953636 0.273131 0.067402 0.028493
0 0.833538 0.728554 0.083742 0.046569
0 0.740196 0.725797 0.089869 0.044730
0 0.836601 0.769761 0.089869 0.030331
0 0.138072 0.456801 0.110294 0.051471
0 0.245915 0.466605 0.073529 0.036152
0 0.128881 0.513480 0.093546 0.048407
0 0.239583 0.518229 0.100082 0.043811
0 0.354371 0.148438 0.070670 0.009498
0 0.428717 0.155484 0.072304 0.013174
0 0.036765 0.775276 0.071895 0.030331
0 0.038603 0.733915 0.074755 0.042586
0 0.205474 0.723346 0.110294 0.042892
0 0.033292 0.244179 0.063317 0.036765
0 0.110907 0.717831 0.069853 0.039216
0 0.205678 0.763174 0.086193 0.041667
0 0.341912 0.769608 0.158497 0.033088
0 0.355392 0.723346 0.163399 0.042892
0 0.483864 0.723346 0.070670 0.042892
0 0.473652 0.766238 0.072304 0.031250
0 0.558415 0.770833 0.083333 0.037990
0 0.560866 0.726562 0.066176 0.030331
0 0.646038 0.729167 0.082108 0.037990
0 0.644199 0.769301 0.073529 0.025735
0 0.740196 0.769608 0.093954 0.033088
0 0.111928 0.764859 0.071078 0.033395
0 0.031250 0.293352 0.060866 0.052390
0 0.333946 0.187500 0.091095 0.036152
0 0.204657 0.338848 0.073529 0.046569
0 0.113562 0.646293 0.078431 0.049326
0 0.038807 0.672335 0.062092 0.045650
0 0.036356 0.600950 0.057190 0.033395
0 0.038399 0.562960 0.059641 0.023591
0 0.022263 0.503983 0.044526 0.041667
0 0.345180 0.441176 0.101307 0.015319
0 0.354984 0.473958 0.100490 0.040441
0 0.114379 0.591452 0.080065 0.052390
0 0.346405 0.522825 0.092320 0.043199
0 0.509600 0.526808 0.064134 0.043811
0 0.581087 0.530025 0.063317 0.044730
0 0.461193 0.470588 0.078431 0.045956
0 0.571283 0.471354 0.064134 0.047488
0 0.648080 0.485447 0.067402 0.050551
0 0.650940 0.533701 0.060049 0.038603
0 0.734069 0.539216 0.096405 0.035539
0 0.120302 0.331342 0.082108 0.042586
0 0.737132 0.500919 0.102533 0.025735
0 0.208742 0.609988 0.091503 0.043505
0 0.296364 0.655178 0.067402 0.024816
0 0.949755 0.750460 0.100490 0.064645
0 0.957925 0.639400 0.057190 0.065564
0 0.899918 0.630668 0.039216 0.066483
0 0.807598 0.644148 0.126634 0.056066
0 0.669118 0.642923 0.131536 0.056066
0 0.503881 0.650582 0.065768 0.035233
0 0.568219 0.653952 0.054739 0.037071
0 0.206495 0.655025 0.090278 0.034314
0 0.572100 0.608303 0.060866 0.035233
0 0.442606 0.606618 0.051879 0.041054
0 0.437704 0.650429 0.058415 0.034314
0 0.367851 0.657475 0.060866 0.029412
0 0.374387 0.624540 0.070670 0.026654
0 0.380310 0.585938 0.066993 0.037071
0 0.298407 0.585478 0.077206 0.033088
0 0.298611 0.620711 0.068627 0.029412
0 0.503472 0.606464 0.056781 0.034007
0 0.744690 0.467678 0.093954 0.030331
0 0.435458 0.527114 0.066176 0.044424
0 0.916054 0.546109 0.077206 0.031556
0 0.629085 0.406710 0.035948 0.034620
0 0.032680 0.396599 0.064542 0.064032
0 0.277165 0.389859 0.069853 0.035233
0 0.353758 0.390319 0.077614 0.048407
0 0.431577 0.394148 0.068219 0.040748
0 0.501021 0.399663 0.058415 0.037071
0 0.569444 0.404565 0.068627 0.038909
0 0.669322 0.367647 0.037173 0.034314
0 0.983864 0.540594 0.032271 0.035233
0 0.549837 0.321232 0.070261 0.022365
0 0.522672 0.358609 0.066585 0.033395
0 0.444853 0.347426 0.075980 0.041667
0 0.443423 0.305913 0.066585 0.029718
0 0.356209 0.295956 0.072712 0.034926
0 0.366013 0.341759 0.076797 0.040748
0 0.281046 0.342065 0.071078 0.045037
0 0.593546 0.361213 0.071895 0.039828
0 0.713848 0.372855 0.043709 0.033088
0 0.200980 0.384038 0.075980 0.032169
0 0.771855 0.334559 0.036356 0.024510
0 0.834150 0.542126 0.084967 0.032169
0 0.845588 0.501379 0.101307 0.030331
0 0.851716 0.468750 0.084967 0.029412
0 0.939338 0.468137 0.060866 0.030637
0 0.721609 0.333180 0.040441 0.027267
0 0.955882 0.397978 0.068627 0.075980
0 0.898284 0.402420 0.041667 0.069547
0 0.715482 0.412071 0.040441 0.033088
0 0.938113 0.505821 0.058415 0.037990
0 0.760825 0.412684 0.046160 0.025123
0 0.803309 0.416207 0.032271 0.027267
0 0.848039 0.420190 0.049020 0.029105
0 0.851511 0.381740 0.046977 0.036765
0 0.805760 0.377911 0.040441 0.025429
0 0.669730 0.411612 0.037990 0.032169
0 0.758170 0.373315 0.043301 0.027880
