0 0.960742 0.419010 0.078516 0.069271
0 0.389844 0.648177 0.071875 0.092188
0 0.464844 0.663802 0.077344 0.054688
0 0.615039 0.597656 0.074609 0.070312
0 0.694727 0.599219 0.083984 0.070312
0 0.775391 0.662500 0.075781 0.057292
0 0.855078 0.659896 0.085156 0.061458
0 0.941797 0.597917 0.087500 0.064583
0 0.877734 0.418750 0.088281 0.066667
0 0.956641 0.485938 0.086719 0.065625
0 0.102734 0.622396 0.049219 0.012500
0 0.622070 0.487500 0.077734 0.067708
0 0.791211 0.485677 0.078516 0.064062
0 0.083203 0.486719 0.037500 0.072396
0 0.146289 0.496354 0.077734 0.064583
0 0.142773 0.427865 0.085547 0.071354
0 0.224023 0.423958 0.076953 0.064583
0 0.224414 0.490885 0.075391 0.068229
0 0.304297 0.490104 0.082031 0.066667
0 0.385547 0.489063 0.080469 0.068750
0 0.385352 0.422917 0.083203 0.064583
0 0.301563 0.422656 0.079687 0.065104
0 0.541992 0.488281 0.081641 0.067187
0 0.542578 0.421615 0.078125 0.067187
0 0.465430 0.422135 0.076172 0.060937
0 0.620898 0.420052 0.076172 0.063021
0 0.816016 0.308073 0.080469 0.073438
0 0.703125 0.492188 0.084375 0.056250
0 0.705273 0.426042 0.087109 0.075000
0 0.793750 0.419531 0.078125 0.065104
0 0.873047 0.485417 0.080469 0.066667
0 0.730273 0.308854 0.085547 0.078125
0 0.734961 0.229687 0.084766 0.073958
0 0.650000 0.232813 0.085156 0.071875
0 0.336133 0.835938 0.069141 0.052083
0 0.331250 0.777865 0.074219 0.059896
0 0.404102 0.764844 0.069141 0.070312
0 0.406055 0.830208 0.070703 0.053125
0 0.478320 0.832031 0.071484 0.051562
0 0.474805 0.766146 0.074609 0.080208
0 0.627148 0.829688 0.062891 0.058333
0 0.557031 0.828125 0.075000 0.068750
0 0.550586 0.763021 0.072266 0.056250
0 0.622461 0.770052 0.072266 0.056771
0 0.768359 0.841927 0.080469 0.043229
0 0.694336 0.825781 0.069922 0.065104
0 0.694531 0.760677 0.074219 0.060937
0 0.770117 0.779948 0.076953 0.082812
0 0.889844 0.772917 0.082031 0.063542
0 0.887109 0.834115 0.079687 0.055729
0 0.965234 0.831510 0.069531 0.056771
0 0.965430 0.773698 0.069141 0.054688
0 0.933203 0.658594 0.071094 0.061979
0 0.858008 0.592448 0.076953 0.069271
0 0.778320 0.594010 0.083203 0.073438
0 0.696094 0.661719 0.079687 0.058854
0 0.618359 0.662500 0.075781 0.056250
0 0.540430 0.605208 0.076172 0.065625
0 0.465625 0.592448 0.072656 0.060937
0 0.316602 0.664062 0.074609 0.059375
0 0.242188 0.663802 0.075000 0.057813
0 0.166992 0.663802 0.075391 0.058854
0 0.102734 0.607812 0.048438 0.013542
0 0.263086 0.835417 0.073828 0.053125
0 0.055664 0.635417 0.051953 0.012500
0 0.258008 0.775260 0.069141 0.066146
0 0.190625 0.825260 0.071875 0.047396
0 0.642578 0.311198 0.082812 0.072396
0 0.558789 0.307031 0.082422 0.084896
0 0.314648 0.598698 0.077734 0.064062
0 0.241797 0.598177 0.075000 0.068229
0 0.165820 0.603906 0.077734 0.056771
0 0.024805 0.451302 0.047266 0.044271
0 0.123633 0.240885 0.087109 0.079687
0 0.131836 0.315625 0.084766 0.067708
0 0.218555 0.315365 0.088672 0.071354
0 0.211328 0.239844 0.086719 0.079687
0 0.299219 0.235156 0.089063 0.075521
0 0.305664 0.313021 0.087109 0.076042
0 0.083398 0.590104 0.052734 0.022917
0 0.049023 0.606250 0.058203 0.013542
0 0.050977 0.623177 0.055859 0.017188
0 0.057031 0.650000 0.055469 0.015625
0 0.060742 0.665625 0.049609 0.014583
0 0.062305 0.679948 0.053516 0.014063
0 0.109375 0.681250 0.042969 0.016667
0 0.107031 0.665885 0.046875 0.014063
0 0.106250 0.652344 0.044531 0.011979
0 0.105078 0.638802 0.046094 0.013021
0 0.387695 0.237500 0.087891 0.078125
0 0.391406 0.314323 0.082812 0.076563
0 0.475781 0.314063 0.083594 0.075000
0 0.471484 0.236979 0.083594 0.080208
0 0.556445 0.230208 0.083984 0.066667
0 0.016992 0.800000 0.033984 0.116667
0 0.067969 0.792188 0.064062 0.106250
0 0.187500 0.765625 0.068750 0.071875
0 0.539844 0.666406 0.074219 0.051562
0 0.820703 0.230729 0.087500 0.078125
0 0.463867 0.487760 0.073828 0.068229
0 0.098633 0.037500 0.082422 0.075000
0 0.108398 0.118490 0.097266 0.083854
0 0.201953 0.114844 0.086719 0.082812
0 0.190625 0.036979 0.096875 0.071875
0 0.288086 0.036198 0.093359 0.070312
0 0.291406 0.113021 0.090625 0.083333
0 0.383594 0.036198 0.089063 0.070312
0 0.470117 0.111198 0.086328 0.082812
0 0.472852 0.035937 0.091016 0.069792
0 0.563086 0.035417 0.089453 0.068750
0 0.558398 0.111979 0.090234 0.081250
0 0.381836 0.112500 0.090234 0.082292
0 0.737305 0.108854 0.081641 0.084375
0 0.655469 0.033854 0.093750 0.065625
0 0.739062 0.033594 0.073438 0.064062
0 0.802539 0.054167 0.048047 0.088542
0 0.923047 0.104688 0.082812 0.082292
0 0.827930 0.123177 0.090234 0.048438
0 0.974414 0.230990 0.051172 0.074479
0 0.974414 0.307031 0.051172 0.071354
0 0.901367 0.307031 0.084766 0.075521
0 0.907813 0.230208 0.083594 0.076042
0 0.650000 0.109896 0.092969 0.085417
