0 0.823958 0.656836 0.045833 0.019922
0 0.709635 0.659375 0.049479 0.021875
0 0.709375 0.686719 0.053125 0.021875
0 0.767708 0.629297 0.046875 0.026562
0 0.767969 0.659570 0.047396 0.022266
0 0.766146 0.685742 0.047917 0.023047
0 0.986198 0.679883 0.027604 0.032422
0 0.022135 0.514648 0.044271 0.047266
0 0.936979 0.678906 0.051042 0.030469
0 0.878646 0.683984 0.053125 0.022656
0 0.821354 0.684961 0.047917 0.024609
0 0.827604 0.630273 0.048958 0.025391
0 0.709375 0.631641 0.053125 0.025000
0 0.111198 0.663867 0.063021 0.076172
0 0.651042 0.657813 0.050000 0.025000
0 0.823958 0.755078 0.086458 0.075781
0 0.914062 0.754492 0.090625 0.078516
0 0.984115 0.731055 0.031771 0.037109
0 0.981250 0.773438 0.037500 0.035937
0 0.038542 0.665234 0.064583 0.076563
0 0.029948 0.561523 0.059896 0.040234
0 0.176042 0.634180 0.058333 0.048047
0 0.182292 0.682422 0.070833 0.037500
0 0.245052 0.631445 0.061979 0.039453
0 0.248177 0.680469 0.047396 0.042969
0 0.326042 0.658008 0.093750 0.078516
0 0.652344 0.628711 0.048438 0.025391
0 0.575521 0.660547 0.058333 0.076563
0 0.653125 0.685156 0.045833 0.018750
0 0.094010 0.512305 0.073438 0.042578
0 0.395313 0.534961 0.093750 0.089453
0 0.100260 0.562695 0.061979 0.042578
0 0.502344 0.779492 0.067187 0.036328
0 0.567448 0.737695 0.058854 0.037891
0 0.571094 0.776367 0.049479 0.038672
0 0.645573 0.757422 0.088021 0.078125
0 0.734635 0.755859 0.082812 0.077344
0 0.498437 0.739453 0.067708 0.035156
0 0.204948 0.410742 0.047396 0.111328
0 0.148177 0.412305 0.055729 0.108984
0 0.090885 0.414844 0.047396 0.103125
0 0.040625 0.411719 0.048958 0.098437
0 0.991406 0.540234 0.017188 0.071094
0 0.958594 0.536914 0.033854 0.086328
0 0.914323 0.535742 0.043229 0.084766
0 0.509375 0.659961 0.047917 0.075391
0 0.833594 0.539453 0.040104 0.082812
0 0.716146 0.537500 0.054167 0.084375
0 0.648177 0.538281 0.073438 0.085156
0 0.591146 0.560937 0.028125 0.039062
0 0.562500 0.560742 0.023958 0.038672
0 0.592969 0.516797 0.027604 0.042969
0 0.558333 0.516602 0.028125 0.039453
0 0.492969 0.537109 0.093229 0.089844
0 0.310677 0.565234 0.058854 0.040625
0 0.247396 0.564453 0.058333 0.042969
0 0.310937 0.512500 0.059375 0.046094
0 0.244792 0.511914 0.065625 0.049609
0 0.168750 0.513477 0.068750 0.044922
0 0.172135 0.564063 0.071354 0.042969
0 0.782292 0.538672 0.056250 0.086719
0 0.873698 0.538281 0.034896 0.079687
0 0.421615 0.657813 0.084896 0.080469
0 0.305729 0.267773 0.053125 0.112891
0 0.228125 0.104297 0.056250 0.135156
0 0.165104 0.104883 0.053125 0.138672
0 0.056510 0.103906 0.040104 0.137500
0 0.014323 0.106250 0.028646 0.135937
0 0.897917 0.275977 0.055208 0.099609
0 0.841927 0.275781 0.052604 0.096875
0 0.291146 0.108008 0.056250 0.123047
0 0.782813 0.274023 0.053125 0.101953
0 0.354427 0.875781 0.076563 0.106250
0 0.434375 0.875000 0.069792 0.106250
0 0.512760 0.873437 0.079687 0.107813
0 0.590625 0.873828 0.063542 0.102344
0 0.667708 0.870703 0.083333 0.102344
0 0.750781 0.870117 0.070312 0.100391
0 0.726302 0.275195 0.057813 0.098047
0 0.832552 0.873047 0.078646 0.097656
0 0.354948 0.114844 0.049479 0.122656
0 0.471094 0.110352 0.045312 0.126172
0 0.246354 0.266406 0.056250 0.117188
0 0.035417 0.879883 0.070833 0.111328
0 0.118490 0.876563 0.081771 0.115625
0 0.196354 0.877148 0.062500 0.115234
0 0.269010 0.879492 0.069271 0.109766
0 0.988281 0.118555 0.023438 0.120703
0 0.416927 0.109180 0.058854 0.133203
0 0.953906 0.119922 0.040104 0.123438
0 0.836719 0.110156 0.046354 0.128906
0 0.776042 0.110156 0.063542 0.125000
0 0.710417 0.110937 0.059375 0.130469
0 0.648177 0.109180 0.056771 0.130078
0 0.586719 0.110937 0.055729 0.130469
0 0.527083 0.109766 0.055208 0.128906
0 0.898698 0.117969 0.064062 0.115625
0 0.050781 0.768945 0.065104 0.073047
0 0.108073 0.107617 0.056771 0.132422
0 0.183073 0.754687 0.059896 0.028906
0 0.421615 0.266797 0.056771 0.114844
0 0.364063 0.266406 0.055208 0.117188
0 0.810937 0.419336 0.039583 0.089453
0 0.761198 0.424609 0.042188 0.080469
0 0.716927 0.422070 0.043229 0.085547
0 0.666927 0.412305 0.053646 0.111328
0 0.480990 0.266406 0.052604 0.117188
0 0.614062 0.411328 0.045833 0.110156
0 0.505729 0.412109 0.048958 0.111719
0 0.449479 0.411523 0.055208 0.112891
0 0.388021 0.409180 0.050000 0.118359
0 0.115885 0.768164 0.056771 0.072266
0 0.262500 0.411523 0.056250 0.104297
0 0.182812 0.267578 0.056250 0.119531
0 0.558594 0.409375 0.048438 0.114062
0 0.597396 0.272070 0.061458 0.107422
0 0.324479 0.408984 0.057292 0.108594
0 0.856510 0.420117 0.045312 0.089453
0 0.246615 0.754492 0.056771 0.031641
0 0.661198 0.264648 0.061979 0.122266
0 0.247917 0.787500 0.055208 0.030469
0 0.307812 0.747461 0.053125 0.033203
0 0.307292 0.785742 0.056250 0.030078
0 0.369010 0.745703 0.060937 0.039062
0 0.370573 0.784180 0.055729 0.030078
0 0.184375 0.789648 0.059375 0.028516
0 0.433333 0.783594 0.055208 0.035156
0 0.122135 0.269531 0.056771 0.114062
0 0.064844 0.270117 0.052604 0.114453
0 0.016406 0.267969 0.032813 0.114062
0 0.911198 0.417969 0.044271 0.089844
0 0.964323 0.417578 0.052604 0.091406
0 0.428646 0.742773 0.050000 0.036328
