0 0.428309 0.132047 0.088644 0.044118
0 0.272059 0.171875 0.035131 0.036765
0 0.274101 0.212623 0.030229 0.041054
0 0.337623 0.214154 0.091095 0.041667
0 0.339052 0.171262 0.084967 0.040441
0 0.333742 0.127451 0.086601 0.044118
0 0.228350 0.128983 0.084967 0.021446
0 0.217320 0.163603 0.069444 0.041667
0 0.059641 0.404412 0.091503 0.148284
0 0.966912 0.049939 0.066176 0.050245
0 0.791462 0.049939 0.096814 0.050245
0 0.697304 0.050092 0.092320 0.048713
0 0.602941 0.050245 0.097222 0.049632
0 0.509395 0.056219 0.088235 0.037684
0 0.222018 0.213235 0.072304 0.049632
0 0.886846 0.049173 0.093954 0.051777
0 0.263685 0.863205 0.064951 0.040135
0 0.136846 0.904259 0.076797 0.157169
0 0.263480 0.662990 0.077614 0.037990
0 0.343342 0.608609 0.078023 0.037071
0 0.349060 0.656863 0.079657 0.039828
0 0.431985 0.659467 0.082925 0.029718
0 0.424632 0.611366 0.046977 0.056679
0 0.513889 0.588082 0.084967 0.035846
0 0.518995 0.625306 0.082108 0.034926
0 0.516544 0.661612 0.083742 0.035233
0 0.598856 0.581342 0.080065 0.038297
0 0.258374 0.620098 0.086193 0.041054
0 0.603962 0.623928 0.077206 0.034620
0 0.700368 0.615043 0.086193 0.042586
0 0.042279 0.898591 0.081291 0.150735
0 0.797794 0.657322 0.087418 0.038909
0 0.891136 0.655790 0.087010 0.041973
0 0.966912 0.656710 0.066176 0.040135
0 0.027574 0.756127 0.051879 0.118873
0 0.090891 0.754596 0.075572 0.120711
0 0.263072 0.738971 0.076797 0.039828
0 0.348243 0.724418 0.081291 0.038909
0 0.606618 0.662531 0.080065 0.037071
0 0.347018 0.765012 0.078840 0.036152
0 0.066176 0.589767 0.082516 0.134804
0 0.955474 0.369792 0.087418 0.013480
0 0.429943 0.176164 0.088644 0.038603
0 0.432598 0.215839 0.084150 0.038297
0 0.521855 0.129749 0.087827 0.043811
0 0.520016 0.172335 0.084150 0.040135
0 0.524510 0.214001 0.087418 0.034620
0 0.609477 0.133272 0.082516 0.034926
0 0.613562 0.173100 0.084150 0.039216
0 0.618260 0.215380 0.090278 0.037377
0 0.701797 0.137255 0.082516 0.042892
0 0.958333 0.385723 0.083333 0.017157
0 0.698938 0.176471 0.080065 0.031863
0 0.798611 0.211397 0.098039 0.045343
0 0.891340 0.210325 0.087418 0.045650
0 0.969975 0.210172 0.060049 0.045956
0 0.796773 0.163297 0.085376 0.047794
0 0.894404 0.164216 0.102533 0.046569
0 0.959150 0.308670 0.079248 0.013174
0 0.959763 0.324908 0.080474 0.015012
0 0.957516 0.339154 0.084967 0.015319
0 0.957516 0.354320 0.084967 0.018076
0 0.706904 0.213848 0.083742 0.041054
0 0.428309 0.766238 0.085376 0.034314
0 0.700163 0.658548 0.094771 0.038297
0 0.511234 0.726869 0.076389 0.039522
0 0.762255 0.936734 0.078431 0.023591
0 0.674020 0.955423 0.089869 0.035233
0 0.676062 0.920650 0.087418 0.033088
0 0.587623 0.949295 0.073121 0.048713
0 0.510212 0.956342 0.071078 0.030944
0 0.445466 0.957414 0.057598 0.029412
0 0.383987 0.939338 0.056373 0.087010
0 0.308619 0.944393 0.086193 0.053002
0 0.429943 0.729013 0.076389 0.036458
0 0.880106 0.842218 0.064951 0.075368
0 0.810458 0.847580 0.068627 0.073223
0 0.741626 0.849418 0.062500 0.068934
0 0.668913 0.854320 0.075572 0.053002
0 0.587827 0.853554 0.079248 0.051471
0 0.507149 0.861366 0.077206 0.036458
0 0.423407 0.861673 0.078840 0.037071
0 0.428717 0.825980 0.082925 0.036152
0 0.340482 0.863205 0.078023 0.033395
0 0.338235 0.824449 0.076797 0.039828
0 0.762255 0.956189 0.078431 0.015319
0 0.760212 0.974265 0.071895 0.020833
0 0.948734 0.830882 0.067402 0.041054
0 0.838848 0.934436 0.078840 0.016544
0 0.840482 0.913143 0.075572 0.025429
0 0.598856 0.764553 0.083333 0.035233
0 0.594567 0.726409 0.080474 0.036152
0 0.678513 0.753676 0.067810 0.060049
0 0.745915 0.752911 0.062092 0.056066
0 0.833129 0.722733 0.082925 0.037990
0 0.828431 0.759191 0.073529 0.033701
0 0.905842 0.758119 0.069036 0.034007
0 0.972631 0.744945 0.053105 0.059130
0 0.422794 0.057292 0.086601 0.039828
0 0.512459 0.766085 0.078840 0.033395
0 0.034109 0.195312 0.064951 0.156556
0 0.334355 0.057598 0.087827 0.040441
0 0.835989 0.969669 0.076389 0.014093
0 0.963644 0.961397 0.072712 0.051471
0 0.238971 0.022212 0.084150 0.030331
0 0.840891 0.952665 0.073938 0.019914
0 0.328840 0.020374 0.080065 0.029718
0 0.415441 0.020374 0.087418 0.031556
0 0.504085 0.020833 0.089869 0.030637
0 0.239788 0.056373 0.089052 0.037990
