0 0.131771 0.662109 0.107292 0.021094
0 0.085156 0.167187 0.072396 0.067969
0 0.881250 0.119141 0.101042 0.009375
0 0.896094 0.132031 0.083854 0.014063
0 0.911979 0.146484 0.101042 0.012500
0 0.132031 0.639844 0.104688 0.023438
0 0.918229 0.162109 0.091667 0.014844
0 0.921875 0.178711 0.101042 0.018359
0 0.922917 0.198437 0.096875 0.018750
0 0.799219 0.193945 0.118229 0.023828
0 0.679688 0.194531 0.119792 0.021094
0 0.599219 0.160742 0.031771 0.088672
0 0.567187 0.160547 0.029167 0.089063
0 0.529167 0.168945 0.031250 0.072266
0 0.496875 0.168750 0.027083 0.071094
0 0.457813 0.106445 0.051042 0.019141
0 0.456250 0.125977 0.050000 0.019922
0 0.454427 0.169531 0.056771 0.067969
0 0.403906 0.155078 0.032813 0.096094
0 0.430990 0.725781 0.111979 0.047656
0 0.146354 0.388477 0.086458 0.018359
0 0.285677 0.708594 0.105729 0.023438
0 0.282292 0.733984 0.108333 0.024219
0 0.175521 0.707617 0.105208 0.025391
0 0.175260 0.731445 0.105729 0.023047
0 0.919792 0.259570 0.096875 0.020703
0 0.063281 0.705664 0.114062 0.026172
0 0.053646 0.631445 0.047917 0.076172
0 0.160938 0.166211 0.060417 0.068359
0 0.223698 0.170313 0.055729 0.062500
0 0.293229 0.172266 0.077083 0.059375
0 0.297396 0.124805 0.069792 0.031641
0 0.365365 0.154297 0.041146 0.089063
0 0.061198 0.730078 0.118229 0.020313
0 0.544271 0.734375 0.089583 0.029687
0 0.918229 0.282617 0.091667 0.020703
0 0.820052 0.302148 0.097396 0.022266
0 0.310156 0.380859 0.032813 0.076563
0 0.385937 0.410156 0.111458 0.021875
0 0.489063 0.411914 0.093750 0.023047
0 0.493750 0.391602 0.084375 0.018359
0 0.559115 0.388086 0.038021 0.073828
0 0.641667 0.414648 0.116667 0.017578
0 0.638281 0.373828 0.114062 0.020313
0 0.640625 0.394922 0.118750 0.020313
0 0.750781 0.394336 0.098437 0.018359
0 0.758333 0.415625 0.117708 0.021875
0 0.841406 0.385352 0.043229 0.076172
0 0.885677 0.387695 0.042188 0.080859
0 0.934635 0.385547 0.050521 0.082031
0 0.891146 0.504102 0.121875 0.023828
0 0.773177 0.503516 0.117188 0.023438
0 0.771615 0.480273 0.116146 0.023828
0 0.658333 0.502344 0.110417 0.022656
0 0.817708 0.280859 0.097917 0.019531
0 0.707031 0.300977 0.115104 0.022266
0 0.591927 0.300781 0.117188 0.020313
0 0.482031 0.299023 0.096354 0.019922
0 0.376563 0.297461 0.111458 0.019922
0 0.375000 0.275586 0.109375 0.020703
0 0.916406 0.303516 0.095312 0.019531
0 0.300781 0.269922 0.034896 0.075000
0 0.123958 0.263086 0.033333 0.080078
0 0.090104 0.262305 0.035417 0.080859
0 0.055208 0.271094 0.032292 0.059375
0 0.017708 0.268555 0.035417 0.059766
0 0.544531 0.498633 0.114062 0.023828
0 0.657292 0.478711 0.111458 0.024609
0 0.158333 0.263672 0.034375 0.081250
0 0.654167 0.741602 0.113542 0.015234
0 0.356510 0.722266 0.031771 0.050781
0 0.767448 0.743750 0.111979 0.020313
0 0.055990 0.845898 0.111979 0.016016
0 0.245573 0.638477 0.103646 0.019922
0 0.242708 0.662109 0.109375 0.024219
0 0.353906 0.641602 0.108854 0.022266
0 0.353906 0.665234 0.111979 0.024219
0 0.471354 0.634375 0.103125 0.021875
0 0.054427 0.876953 0.108854 0.041406
0 0.466406 0.665234 0.110937 0.024219
0 0.582292 0.670117 0.111458 0.023828
0 0.694271 0.650195 0.108333 0.020703
0 0.694792 0.671875 0.110417 0.023438
0 0.804427 0.644531 0.104688 0.019531
0 0.810937 0.672266 0.115625 0.028906
0 0.655469 0.722656 0.107813 0.022656
0 0.582292 0.647070 0.112500 0.023828
0 0.924219 0.660937 0.034896 0.053125
0 0.178125 0.871680 0.119792 0.021484
0 0.294271 0.858203 0.098958 0.023438
0 0.525521 0.865625 0.109375 0.017969
0 0.647917 0.895117 0.129167 0.013672
0 0.647396 0.873828 0.128125 0.022656
0 0.763281 0.884961 0.099479 0.028516
0 0.762500 0.861133 0.102083 0.017578
0 0.878906 0.895508 0.118229 0.022266
0 0.295833 0.890625 0.118750 0.017188
0 0.868490 0.860742 0.105729 0.024609
0 0.216146 0.373242 0.032292 0.051953
0 0.228906 0.427539 0.033854 0.055859
0 0.022656 0.167383 0.045312 0.068359
0 0.525521 0.890039 0.113542 0.021484
0 0.412760 0.888672 0.111979 0.021094
0 0.398438 0.860938 0.104167 0.024219
0 0.205469 0.312305 0.055729 0.069922
0 0.888802 0.580469 0.118229 0.021094
0 0.888281 0.660547 0.033854 0.054688
0 0.764844 0.578320 0.115104 0.020703
0 0.215365 0.471094 0.096354 0.021094
0 0.215104 0.492773 0.104167 0.020703
0 0.322656 0.494141 0.104688 0.021094
0 0.431250 0.495703 0.112500 0.018750
0 0.051823 0.796289 0.103646 0.026953
0 0.166146 0.801367 0.119792 0.023828
0 0.754427 0.784961 0.114062 0.017578
0 0.634896 0.780469 0.119792 0.022656
0 0.512760 0.782227 0.120313 0.019922
0 0.281250 0.804492 0.110417 0.023828
0 0.391667 0.806641 0.109375 0.020313
0 0.509115 0.809375 0.123438 0.026562
0 0.636979 0.811523 0.125000 0.020703
0 0.760156 0.815625 0.115104 0.026562
0 0.873958 0.819727 0.111458 0.018359
0 0.881771 0.745117 0.112500 0.020703
0 0.767448 0.721094 0.111979 0.025781
0 0.110677 0.493359 0.096354 0.019531
0 0.765365 0.555859 0.116146 0.025000
0 0.112760 0.471875 0.099479 0.019531
0 0.207552 0.550586 0.106771 0.018359
0 0.648958 0.553516 0.112500 0.024219
0 0.647656 0.574219 0.113021 0.019531
0 0.534635 0.550586 0.108854 0.021484
0 0.534375 0.571094 0.110417 0.019531
0 0.425260 0.570703 0.100521 0.020313
0 0.318229 0.551562 0.105208 0.021875
0 0.317448 0.569531 0.104688 0.014063
0 0.028646 0.490039 0.057292 0.016797
0 0.144531 0.406641 0.089063 0.018750
0 0.100521 0.565234 0.090625 0.019531
0 0.026302 0.560937 0.052604 0.024219
0 0.208333 0.569141 0.107292 0.017969
