0 0.871732 0.599112 0.031863 0.045037
0 0.918505 0.595588 0.038807 0.061887
0 0.982843 0.594516 0.034314 0.056066
0 0.212623 0.720282 0.026552 0.076593
0 0.699959 0.621170 0.057598 0.033395
0 0.176675 0.721507 0.031454 0.075368
0 0.797590 0.615962 0.032271 0.040135
0 0.753676 0.616881 0.040850 0.038297
0 0.831699 0.596661 0.023693 0.051777
0 0.651144 0.606771 0.035131 0.075674
0 0.419322 0.611979 0.036356 0.070772
0 0.579453 0.607384 0.029820 0.068934
0 0.526961 0.590839 0.031863 0.066483
0 0.256127 0.609681 0.026961 0.079657
0 0.289828 0.609528 0.028186 0.073223
0 0.328227 0.601256 0.028186 0.076900
0 0.376838 0.613205 0.033088 0.069547
0 0.460172 0.613051 0.036356 0.072917
0 0.494690 0.594975 0.023693 0.074142
0 0.246528 0.725643 0.033088 0.060355
0 0.612337 0.599418 0.024510 0.061581
0 0.278391 0.719822 0.025735 0.070159
0 0.251225 0.487286 0.037582 0.078125
0 0.355801 0.715839 0.047386 0.040748
0 0.213644 0.867341 0.028595 0.100490
0 0.248570 0.865349 0.027369 0.090993
0 0.283701 0.859222 0.030637 0.101409
0 0.319853 0.859222 0.026961 0.094056
0 0.345384 0.843903 0.016748 0.051777
0 0.378268 0.856005 0.026144 0.083946
0 0.414011 0.853248 0.036356 0.090686
0 0.173407 0.623928 0.065768 0.075674
0 0.951185 0.686275 0.037990 0.047181
0 0.903595 0.689645 0.044935 0.053922
0 0.856005 0.691023 0.046977 0.056679
0 0.807394 0.690411 0.036356 0.059743
0 0.759191 0.692249 0.042075 0.062806
0 0.700776 0.692555 0.032271 0.067096
0 0.663807 0.694853 0.030229 0.069853
0 0.622549 0.710325 0.044935 0.045037
0 0.577410 0.700368 0.036356 0.070466
0 0.541054 0.702359 0.024918 0.067708
0 0.512051 0.704810 0.028186 0.073223
0 0.468137 0.710018 0.047386 0.067708
0 0.417892 0.706495 0.049020 0.066176
0 0.311887 0.717218 0.031454 0.074142
0 0.975082 0.502451 0.049837 0.068015
0 0.940564 0.264706 0.062500 0.077206
0 0.862337 0.500306 0.044118 0.075980
0 0.604575 0.837163 0.029412 0.087929
0 0.576389 0.834712 0.023693 0.094669
0 0.543301 0.837623 0.029412 0.098652
0 0.510212 0.840993 0.018791 0.095588
0 0.479575 0.843290 0.029412 0.095282
0 0.447508 0.848652 0.021650 0.091912
0 0.637255 0.829197 0.022876 0.091605
0 0.153391 0.190717 0.071487 0.174326
0 0.294322 0.217525 0.067402 0.125000
0 0.408088 0.221201 0.044935 0.117034
0 0.460989 0.225950 0.048611 0.114890
0 0.526961 0.224112 0.067810 0.133885
0 0.587827 0.223039 0.041667 0.136029
0 0.628472 0.224724 0.030637 0.139400
0 0.222426 0.196538 0.051879 0.158395
0 0.670139 0.829044 0.037990 0.088848
0 0.709150 0.840227 0.028595 0.059743
0 0.748366 0.824908 0.035948 0.078125
0 0.034722 0.776348 0.069444 0.119485
0 0.105392 0.605545 0.052288 0.095282
0 0.120507 0.712316 0.066993 0.087623
0 0.035131 0.665135 0.070261 0.054534
0 0.037377 0.593750 0.074755 0.061275
0 0.036765 0.517310 0.073529 0.065257
0 0.101307 0.520987 0.049020 0.065257
0 0.046977 0.420496 0.093954 0.124694
0 0.097426 0.284773 0.056781 0.075061
0 0.082516 0.179994 0.067810 0.068934
0 0.970588 0.789982 0.045752 0.108762
0 0.915850 0.791054 0.043301 0.111520
0 0.859477 0.796415 0.043301 0.102635
0 0.818015 0.801164 0.026552 0.113971
0 0.786560 0.820925 0.030637 0.078738
0 0.668301 0.225337 0.028595 0.135723
0 0.914216 0.512868 0.055556 0.052696
0 0.723856 0.225950 0.048203 0.145527
0 0.851716 0.268995 0.017974 0.058824
0 0.215482 0.487592 0.027369 0.078738
0 0.295139 0.492341 0.033088 0.076593
0 0.332312 0.493719 0.031454 0.075674
0 0.368464 0.492341 0.036765 0.080270
0 0.406250 0.490196 0.030637 0.075980
0 0.518178 0.497396 0.024918 0.067708
0 0.171977 0.487592 0.037582 0.082414
0 0.551062 0.496477 0.029412 0.064645
0 0.615196 0.496630 0.030229 0.068015
0 0.642565 0.496170 0.023693 0.065257
0 0.678105 0.494945 0.038399 0.067708
0 0.737132 0.500613 0.038807 0.055147
0 0.772672 0.491881 0.028186 0.070159
0 0.814134 0.506281 0.044935 0.062194
0 0.581904 0.495251 0.024918 0.067096
0 0.797590 0.244332 0.073121 0.101409
0 0.801471 0.379749 0.029412 0.092831
0 0.860498 0.380362 0.081291 0.086091
0 0.880923 0.269914 0.029820 0.053922
0 0.176266 0.869026 0.035539 0.098346
0 0.987949 0.247089 0.024101 0.103248
0 0.183824 0.379136 0.045752 0.079963
0 0.226716 0.380208 0.034314 0.074755
0 0.265931 0.380055 0.031046 0.078125
0 0.959763 0.378370 0.080474 0.082108
0 0.309028 0.381893 0.030637 0.075061
0 0.418709 0.386029 0.040850 0.066789
0 0.460989 0.383578 0.033088 0.085172
0 0.498570 0.382200 0.036356 0.078738
0 0.531658 0.394914 0.020833 0.065564
0 0.568627 0.383119 0.042484 0.077512
0 0.617851 0.386795 0.050245 0.068321
0 0.720180 0.373468 0.122549 0.103554
0 0.370711 0.386183 0.041258 0.071385
0 0.986111 0.678615 0.026144 0.056373
