0 0.785335 0.162224 0.031454 0.068934
0 0.746732 0.166667 0.047386 0.059436
0 0.492239 0.306526 0.035131 0.065870
0 0.459559 0.307138 0.032680 0.066483
0 0.425449 0.306526 0.033088 0.065870
0 0.393791 0.308670 0.031863 0.062194
0 0.355392 0.315257 0.042484 0.047181
0 0.695057 0.148438 0.041258 0.096507
0 0.303513 0.301471 0.038399 0.071691
0 0.258170 0.301777 0.044935 0.075368
0 0.213644 0.299939 0.043301 0.077819
0 0.111315 0.290594 0.035539 0.059130
0 0.071078 0.290288 0.042484 0.058517
0 0.025940 0.293199 0.039624 0.056985
0 0.973039 0.159161 0.053922 0.075061
0 0.909314 0.161305 0.063725 0.070772
0 0.852941 0.162071 0.050654 0.071078
0 0.535948 0.306373 0.047386 0.069240
0 0.605392 0.304381 0.024510 0.075061
0 0.630515 0.310049 0.024101 0.063725
0 0.654208 0.309896 0.024918 0.064645
0 0.741830 0.308670 0.028595 0.059743
0 0.202614 0.149357 0.040033 0.104473
0 0.142361 0.172028 0.037990 0.062806
0 0.245711 0.150582 0.035539 0.102022
0 0.286152 0.151195 0.041258 0.100184
0 0.322917 0.150429 0.033905 0.099265
0 0.358456 0.150123 0.033088 0.100490
0 0.049020 0.168964 0.051471 0.066483
0 0.394608 0.149203 0.040033 0.101716
0 0.487541 0.157629 0.044526 0.085478
0 0.527982 0.146446 0.037990 0.105392
0 0.569853 0.143995 0.037582 0.107843
0 0.611111 0.143382 0.038399 0.106618
0 0.652982 0.143076 0.044526 0.108456
0 0.713440 0.303002 0.028186 0.069853
0 0.680760 0.309436 0.028186 0.064951
0 0.438113 0.150123 0.048611 0.100490
0 0.346405 0.254902 0.036765 0.071691
0 0.574551 0.312806 0.031454 0.055760
0 0.840686 0.249234 0.032680 0.060355
0 0.875817 0.435049 0.056373 0.057598
0 0.930351 0.433211 0.046160 0.053922
0 0.979371 0.433058 0.041258 0.060355
0 0.627042 0.732690 0.045752 0.069547
0 0.572917 0.717371 0.046977 0.071998
0 0.534109 0.717984 0.024101 0.023591
0 0.509600 0.702819 0.023284 0.047181
0 0.475899 0.731005 0.027778 0.040441
0 0.447508 0.724571 0.024101 0.076593
0 0.425654 0.703125 0.020425 0.055147
0 0.406046 0.700521 0.013072 0.047488
0 0.356005 0.723499 0.046977 0.058517
0 0.312908 0.717218 0.032680 0.085784
0 0.275531 0.723652 0.038807 0.065564
0 0.228350 0.721814 0.038399 0.059436
0 0.151961 0.752604 0.044935 0.032169
0 0.153595 0.719669 0.041667 0.034314
0 0.088235 0.748162 0.073529 0.039828
0 0.108456 0.695006 0.045343 0.038909
0 0.040033 0.745404 0.023693 0.043505
0 0.055964 0.695619 0.032680 0.030331
0 0.952614 0.631127 0.081699 0.077206
0 0.872753 0.621630 0.050245 0.069853
0 0.823529 0.629289 0.039216 0.080882
0 0.750817 0.626838 0.055556 0.068627
0 0.966912 0.916513 0.066176 0.015625
0 0.966912 0.903339 0.066176 0.010723
0 0.965278 0.881587 0.069444 0.022978
0 0.891748 0.868107 0.072712 0.084865
0 0.663194 0.730239 0.027369 0.046262
0 0.700572 0.728554 0.042484 0.080270
0 0.738562 0.728248 0.031046 0.081495
0 0.831291 0.718750 0.048203 0.044118
0 0.849060 0.759344 0.052696 0.029105
0 0.906658 0.746324 0.051879 0.042892
0 0.979371 0.745251 0.041258 0.073836
0 0.051879 0.801930 0.047386 0.027880
0 0.043096 0.851256 0.029820 0.049326
0 0.114583 0.804688 0.063317 0.028493
0 0.091299 0.844516 0.048611 0.026042
0 0.151961 0.866728 0.048203 0.044730
0 0.705270 0.618566 0.030637 0.049632
0 0.260212 0.834099 0.086601 0.103860
0 0.351716 0.857690 0.022876 0.094669
0 0.384395 0.867188 0.035131 0.092831
0 0.417075 0.866728 0.022059 0.091912
0 0.449142 0.869485 0.027369 0.094975
0 0.484069 0.870558 0.031046 0.094669
0 0.517157 0.878523 0.028595 0.079963
0 0.781454 0.296262 0.045752 0.074755
0 0.583333 0.872549 0.033497 0.084559
0 0.626430 0.880821 0.044526 0.077819
0 0.688930 0.867647 0.069853 0.110294
0 0.749387 0.886029 0.040441 0.069240
0 0.814951 0.851562 0.046569 0.065870
0 0.319853 0.864890 0.027778 0.076593
0 0.670752 0.623162 0.035948 0.082108
0 0.549837 0.871630 0.025327 0.075980
0 0.583946 0.617034 0.031454 0.088848
0 0.140114 0.492034 0.058824 0.033088
0 0.086193 0.520833 0.035131 0.036765
0 0.087623 0.483609 0.041258 0.035233
0 0.020833 0.521140 0.041667 0.039216
0 0.023693 0.485294 0.047386 0.031250
0 0.952002 0.355545 0.064951 0.059743
0 0.897467 0.353860 0.043301 0.058211
0 0.766748 0.421875 0.050654 0.079044
0 0.719771 0.427849 0.040850 0.066483
0 0.667892 0.411765 0.058824 0.096814
0 0.610703 0.422947 0.053922 0.075674
0 0.554534 0.422947 0.053513 0.071998
0 0.505515 0.423100 0.046160 0.071078
0 0.412582 0.419424 0.050654 0.070466
0 0.355596 0.417892 0.046160 0.077819
0 0.310458 0.418199 0.043301 0.077819
0 0.259804 0.417586 0.048203 0.075980
0 0.214461 0.420037 0.041667 0.069853
0 0.132353 0.409926 0.049020 0.053922
0 0.072304 0.411152 0.048203 0.052083
0 0.026552 0.404718 0.037582 0.055147
0 0.979371 0.251532 0.041258 0.058211
0 0.931168 0.249694 0.054330 0.058824
0 0.879493 0.249847 0.048203 0.059743
0 0.623162 0.632200 0.046977 0.058517
0 0.140114 0.527880 0.058824 0.034926
0 0.219567 0.511949 0.048611 0.072917
0 0.851716 0.354626 0.045752 0.057904
0 0.308007 0.510723 0.047386 0.072917
0 0.825368 0.526348 0.033088 0.059436
0 0.874592 0.527114 0.050654 0.065870
0 0.926675 0.526042 0.051879 0.067402
0 0.974469 0.536765 0.037990 0.050245
0 0.077002 0.596814 0.078840 0.029412
0 0.075776 0.628676 0.073121 0.032475
0 0.153391 0.593750 0.051062 0.030637
0 0.149714 0.630208 0.059232 0.033088
0 0.221201 0.609222 0.039624 0.087316
0 0.280025 0.617800 0.076389 0.071385
0 0.263480 0.512255 0.036765 0.071691
0 0.415645 0.638174 0.044526 0.034926
0 0.462010 0.633885 0.037582 0.047794
0 0.508374 0.623928 0.051879 0.068321
0 0.551471 0.608762 0.028595 0.077206
0 0.774510 0.521599 0.025327 0.067096
0 0.752451 0.521140 0.018791 0.068015
0 0.354575 0.616422 0.068627 0.074142
0 0.559845 0.519914 0.051879 0.063113
0 0.352124 0.511489 0.042484 0.073223
0 0.397672 0.513634 0.049428 0.078738
0 0.717525 0.519455 0.051879 0.071385
0 0.667484 0.517923 0.048203 0.073223
0 0.614583 0.517770 0.048611 0.072917
0 0.446487 0.514859 0.046569 0.068934
0 0.503881 0.515472 0.061683 0.070772
