0 0.558594 0.630273 0.047396 0.076172
0 0.482031 0.627930 0.040104 0.080859
0 0.441146 0.630664 0.040625 0.074609
0 0.400781 0.628516 0.043229 0.077344
0 0.359635 0.626563 0.039062 0.079687
0 0.318229 0.626953 0.042708 0.080469
0 0.236458 0.627930 0.036458 0.075391
0 0.518490 0.627734 0.034896 0.082031
0 0.275521 0.628906 0.042708 0.076563
0 0.052865 0.912109 0.055729 0.055469
0 0.969792 0.919531 0.060417 0.039844
0 0.168750 0.909961 0.058333 0.055859
0 0.191146 0.757031 0.045833 0.059375
0 0.236719 0.755859 0.044271 0.059375
0 0.276042 0.750000 0.036458 0.073438
0 0.315365 0.750000 0.040104 0.074219
0 0.354948 0.749414 0.036979 0.076953
0 0.393229 0.749609 0.041667 0.078906
0 0.433854 0.748828 0.037500 0.081250
0 0.104688 0.752344 0.040625 0.063281
0 0.476042 0.750000 0.050000 0.082812
0 0.567448 0.749805 0.040104 0.079297
0 0.610938 0.750586 0.047917 0.080078
0 0.690885 0.782617 0.046354 0.083203
0 0.740885 0.782422 0.053646 0.083594
0 0.792188 0.783398 0.048958 0.084766
0 0.842708 0.784375 0.050000 0.085156
0 0.891667 0.783203 0.046875 0.084375
0 0.942448 0.784180 0.055729 0.082422
0 0.522917 0.749023 0.043750 0.083203
0 0.109635 0.909961 0.057813 0.056641
0 0.054167 0.753125 0.058333 0.067187
0 0.908073 0.680859 0.041146 0.078125
0 0.898698 0.916602 0.079687 0.050391
0 0.828125 0.903906 0.053125 0.074219
0 0.775521 0.900391 0.051042 0.082812
0 0.722396 0.900195 0.052083 0.081641
0 0.668750 0.903320 0.053125 0.077734
0 0.607292 0.899805 0.058333 0.078516
0 0.539844 0.902148 0.055729 0.074609
0 0.486719 0.895703 0.049479 0.075781
0 0.952865 0.680273 0.048438 0.080859
0 0.433333 0.897266 0.057292 0.078906
0 0.329427 0.897852 0.050521 0.077734
0 0.222917 0.898633 0.052083 0.079297
0 0.601302 0.630273 0.039062 0.076953
0 0.641667 0.630273 0.041667 0.076172
0 0.692708 0.685156 0.057292 0.065625
0 0.749479 0.684375 0.056250 0.064844
0 0.796094 0.683203 0.039062 0.072656
0 0.833594 0.682813 0.034896 0.073438
0 0.379167 0.897266 0.050000 0.078906
0 0.149740 0.755664 0.038021 0.061328
0 0.276302 0.897852 0.054688 0.077734
0 0.153906 0.623828 0.043229 0.081250
0 0.306510 0.383984 0.047396 0.085938
0 0.351302 0.384961 0.040104 0.083984
0 0.396615 0.377539 0.052604 0.100391
0 0.446094 0.384570 0.047396 0.084766
0 0.490365 0.384570 0.043229 0.084766
0 0.532031 0.386719 0.040104 0.080469
0 0.581250 0.376367 0.053125 0.105859
0 0.641406 0.389062 0.066146 0.081250
0 0.729688 0.336328 0.089583 0.117188
0 0.828125 0.326367 0.091667 0.110547
0 0.944792 0.326562 0.110417 0.107813
0 0.726302 0.457031 0.099479 0.106250
0 0.259896 0.384766 0.044792 0.081250
0 0.851823 0.453906 0.060937 0.107813
0 0.028646 0.471484 0.050000 0.040625
0 0.078385 0.515234 0.042188 0.051562
0 0.124219 0.498633 0.048438 0.087109
0 0.166927 0.502148 0.040104 0.080078
0 0.210677 0.499219 0.042188 0.085938
0 0.253125 0.499609 0.040625 0.085156
0 0.293229 0.501172 0.038542 0.086719
0 0.334375 0.501367 0.045833 0.087109
0 0.397917 0.506836 0.072917 0.079297
0 0.454167 0.504687 0.038542 0.080469
0 0.497135 0.504883 0.049479 0.080859
0 0.542448 0.505469 0.040104 0.078906
0 0.959115 0.450781 0.081771 0.096094
0 0.192188 0.402734 0.090625 0.050781
0 0.123698 0.378906 0.047396 0.100000
0 0.733333 0.191406 0.103125 0.132812
0 0.196875 0.624414 0.042708 0.083984
0 0.417448 0.079687 0.047396 0.092969
0 0.369010 0.078125 0.050521 0.096875
0 0.320312 0.077539 0.046875 0.097266
0 0.061719 0.081250 0.058854 0.087500
0 0.116146 0.078125 0.053125 0.096094
0 0.173958 0.077734 0.061458 0.096094
0 0.470052 0.081055 0.048438 0.098047
0 0.517708 0.081641 0.047917 0.096875
0 0.473438 0.016602 0.048958 0.030859
0 0.582812 0.070508 0.066667 0.041797
0 0.653906 0.071484 0.076563 0.039844
0 0.583594 0.108594 0.068229 0.034375
0 0.653125 0.109570 0.070833 0.033203
0 0.738281 0.031250 0.083854 0.060937
0 0.821875 0.031445 0.079167 0.060547
0 0.893750 0.027734 0.058333 0.054688
0 0.963542 0.028125 0.072917 0.053906
0 0.060677 0.242578 0.053646 0.077344
0 0.112760 0.236328 0.050521 0.091406
0 0.194792 0.255859 0.110417 0.052344
0 0.306510 0.256836 0.104688 0.052734
0 0.402604 0.257617 0.082292 0.053516
0 0.489844 0.259180 0.088021 0.050391
0 0.555990 0.241406 0.045312 0.096094
0 0.602865 0.240430 0.049479 0.098828
0 0.656250 0.230469 0.052083 0.111719
0 0.585938 0.507617 0.047917 0.080859
0 0.639844 0.504883 0.055729 0.085547
0 0.034115 0.516016 0.043229 0.049219
0 0.270052 0.077344 0.053646 0.098437
0 0.894010 0.564453 0.045312 0.100781
0 0.071615 0.624414 0.043229 0.082422
0 0.114323 0.623242 0.042188 0.081641
0 0.845573 0.564258 0.051562 0.101172
0 0.797135 0.565234 0.048438 0.099219
0 0.030469 0.623828 0.043229 0.085156
0 0.958854 0.594922 0.081250 0.039844
0 0.697396 0.565430 0.052083 0.099609
0 0.747656 0.565820 0.049479 0.100391
