0 0.893408 0.560096 0.071062 0.040865
0 0.273330 0.360337 0.080051 0.043750
0 0.272902 0.327284 0.074914 0.016587
0 0.275899 0.303726 0.070634 0.024279
0 0.431079 0.303966 0.080479 0.020433
0 0.509204 0.303365 0.074058 0.025481
0 0.351670 0.326803 0.073202 0.021394
0 0.504923 0.327043 0.072346 0.018029
0 0.351027 0.359014 0.071918 0.039183
0 0.427226 0.359856 0.072774 0.042788
0 0.502997 0.359135 0.068493 0.043269
0 0.352954 0.303846 0.075771 0.022115
0 0.425942 0.326442 0.073630 0.018750
0 0.895976 0.517548 0.072774 0.041346
0 0.190711 0.356851 0.074058 0.038702
0 0.045591 0.551442 0.089469 0.050000
0 0.044949 0.507692 0.086473 0.031731
0 0.150043 0.515505 0.108305 0.039183
0 0.144692 0.555168 0.104452 0.037260
0 0.254495 0.556490 0.107449 0.039904
0 0.256207 0.514303 0.103168 0.040625
0 0.368793 0.515264 0.111729 0.042548
0 0.365368 0.556370 0.104880 0.037740
0 0.962329 0.688822 0.075342 0.082933
0 0.476670 0.557212 0.106592 0.039423
0 0.389983 0.654567 0.059932 0.038942
0 0.531250 0.654808 0.077911 0.035096
0 0.533390 0.616106 0.078767 0.041346
0 0.617509 0.616346 0.080051 0.041827
0 0.614726 0.655048 0.074486 0.035577
0 0.699700 0.654567 0.078339 0.032692
0 0.702055 0.616827 0.075342 0.040385
0 0.324914 0.653606 0.063356 0.038942
0 0.479880 0.515986 0.105308 0.040144
0 0.330479 0.622837 0.063356 0.020192
0 0.874572 0.616707 0.088185 0.040144
0 0.036815 0.803606 0.071062 0.035096
0 0.784889 0.617788 0.086045 0.038462
0 0.784675 0.656490 0.080479 0.037019
0 0.873716 0.658413 0.086473 0.040385
0 0.260488 0.600361 0.061216 0.013702
0 0.459760 0.605288 0.065068 0.019712
0 0.458690 0.625841 0.062928 0.019952
0 0.456122 0.655529 0.062072 0.036538
0 0.858305 0.855409 0.124144 0.042067
0 0.033604 0.844471 0.066353 0.040385
0 0.727954 0.807692 0.127140 0.040385
0 0.601027 0.802885 0.112158 0.034615
0 0.595890 0.846635 0.116438 0.049038
0 0.474743 0.840745 0.117295 0.049279
0 0.372003 0.843149 0.077911 0.042067
0 0.296019 0.803245 0.078339 0.035337
0 0.286815 0.845913 0.081336 0.039423
0 0.204409 0.843389 0.079195 0.044471
0 0.119007 0.829688 0.082192 0.069952
0 0.727526 0.852885 0.130565 0.045192
0 0.191139 0.324279 0.074914 0.022596
0 0.259204 0.619351 0.069777 0.021394
0 0.188356 0.651923 0.061644 0.035577
0 0.273759 0.456490 0.062072 0.038942
0 0.347389 0.456971 0.075771 0.039904
0 0.346961 0.416106 0.071490 0.039423
0 0.423587 0.415865 0.076627 0.040865
0 0.425300 0.455409 0.068921 0.036779
0 0.524187 0.457212 0.110873 0.038462
0 0.517979 0.415745 0.105308 0.040625
0 0.633562 0.415505 0.105308 0.038221
0 0.273545 0.414543 0.072774 0.038221
0 0.633562 0.457452 0.097603 0.040865
0 0.747432 0.415986 0.112158 0.041106
0 0.866010 0.416947 0.113870 0.041106
0 0.865796 0.458053 0.110017 0.040144
0 0.964255 0.468750 0.071490 0.055288
0 0.035103 0.312139 0.067637 0.038702
0 0.034675 0.357452 0.068493 0.046154
0 0.112800 0.324519 0.077483 0.021154
0 0.114726 0.359976 0.073630 0.041106
0 0.749572 0.459615 0.113014 0.041346
0 0.255565 0.653365 0.065925 0.042308
0 0.198844 0.414183 0.068065 0.039904
0 0.120077 0.457212 0.080908 0.042308
0 0.188356 0.622716 0.065068 0.021875
0 0.120505 0.651322 0.067209 0.034375
0 0.120933 0.622356 0.064640 0.021154
0 0.041096 0.608894 0.080479 0.032692
0 0.040668 0.648558 0.079623 0.039904
0 0.896618 0.750361 0.041524 0.045433
0 0.836259 0.746995 0.072346 0.046875
0 0.760702 0.743750 0.070205 0.044231
0 0.200557 0.455529 0.079195 0.041346
0 0.689854 0.744231 0.065497 0.043269
0 0.526969 0.726322 0.072774 0.011779
0 0.527825 0.738221 0.067637 0.006731
0 0.120505 0.413462 0.078339 0.038462
0 0.587329 0.515625 0.099315 0.039423
0 0.583048 0.557091 0.105308 0.039183
0 0.693493 0.515865 0.105308 0.039904
0 0.803296 0.517428 0.108305 0.043029
0 0.583904 0.358894 0.077911 0.042788
0 0.614726 0.743389 0.071062 0.041587
0 0.662243 0.358293 0.068493 0.043990
0 0.798587 0.558053 0.105736 0.036779
0 0.322988 0.601322 0.056079 0.015625
0 0.931507 0.212500 0.031678 0.022596
0 0.924872 0.237139 0.025257 0.022837
0 0.924658 0.261659 0.028253 0.021394
0 0.861301 0.260337 0.089897 0.018750
0 0.861515 0.238942 0.093750 0.020673
0 0.861729 0.215505 0.095034 0.024279
0 0.082834 0.108894 0.163955 0.075481
0 0.758134 0.262861 0.094178 0.021875
0 0.767979 0.214423 0.095034 0.024519
0 0.680223 0.216106 0.075342 0.023558
0 0.676584 0.239303 0.079195 0.023317
0 0.673801 0.262981 0.077055 0.022115
0 0.594820 0.261659 0.078339 0.023317
0 0.595462 0.239543 0.083048 0.021875
0 0.767337 0.238702 0.090325 0.022115
0 0.517123 0.238582 0.064212 0.019952
0 0.247860 0.108053 0.159247 0.073798
0 0.712329 0.081010 0.262842 0.129327
0 0.224743 0.726322 0.069349 0.017548
0 0.035317 0.438822 0.070634 0.068510
0 0.923587 0.077043 0.152825 0.131490
0 0.226241 0.743870 0.075771 0.014183
0 0.229238 0.757692 0.074914 0.013462
0 0.149187 0.758413 0.080908 0.012981
0 0.460616 0.100841 0.237158 0.089663
0 0.144692 0.745072 0.083048 0.014663
0 0.586687 0.324399 0.073202 0.022837
0 0.046019 0.703125 0.088613 0.025962
0 0.051156 0.745913 0.100599 0.044712
0 0.960616 0.818149 0.078767 0.109856
0 0.856807 0.810337 0.124572 0.043269
0 0.690497 0.557452 0.103596 0.039904
0 0.147260 0.728125 0.081336 0.012981
0 0.520548 0.262139 0.067637 0.022356
0 0.601670 0.215144 0.074058 0.019712
0 0.448630 0.240264 0.068493 0.021394
0 0.302654 0.743630 0.065925 0.013702
0 0.305223 0.757572 0.067637 0.013221
0 0.377568 0.758173 0.064212 0.012500
0 0.380779 0.747115 0.070634 0.012500
0 0.379067 0.731010 0.070634 0.016827
0 0.452483 0.731490 0.065068 0.015865
0 0.453553 0.747596 0.063784 0.013462
0 0.449700 0.263462 0.067209 0.020673
0 0.453339 0.758654 0.066781 0.011058
0 0.534247 0.760577 0.069349 0.012981
0 0.533390 0.747837 0.071062 0.012019
0 0.745077 0.356370 0.081764 0.042067
0 0.827055 0.356370 0.076199 0.043990
0 0.913527 0.355649 0.086473 0.044471
0 0.302440 0.729928 0.073202 0.012740
0 0.038955 0.220312 0.074486 0.042067
0 0.108091 0.257212 0.063784 0.032692
0 0.525899 0.214663 0.074914 0.025000
0 0.447774 0.215385 0.070205 0.026442
0 0.374358 0.222236 0.064640 0.033894
0 0.316995 0.226202 0.044092 0.023558
0 0.393836 0.621274 0.059932 0.022837
0 0.037885 0.259856 0.072346 0.034135
0 0.262414 0.226202 0.061644 0.023558
0 0.310360 0.257692 0.070205 0.035577
0 0.240796 0.257933 0.065497 0.034135
0 0.171875 0.257212 0.061216 0.032692
0 0.183005 0.220793 0.076627 0.034856
0 0.108947 0.222596 0.062072 0.034615
0 0.379923 0.257933 0.064640 0.034135
