0 0.084085 0.170324 0.110825 0.076336
0 0.197487 0.180940 0.103737 0.084685
0 0.309278 0.187142 0.115979 0.073712
0 0.423164 0.201217 0.091173 0.084685
0 0.505799 0.211474 0.067655 0.065124
0 0.191527 0.096016 0.104704 0.080868
0 0.286405 0.113430 0.076675 0.070372
0 0.369201 0.119990 0.079253 0.064408
0 0.586662 0.216722 0.085052 0.066555
0 0.664626 0.222328 0.071521 0.079676
0 0.740979 0.231870 0.077320 0.064885
0 0.081991 0.086474 0.096972 0.078006
0 0.455702 0.132395 0.086018 0.051527
0 0.502738 0.777672 0.067977 0.032443
0 0.463112 0.568822 0.091173 0.042223
0 0.396907 0.321565 0.092784 0.079198
0 0.289626 0.306059 0.054124 0.067271
0 0.204091 0.309160 0.110503 0.071088
0 0.083602 0.301527 0.116302 0.083969
0 0.975193 0.194776 0.049613 0.046517
0 0.915915 0.189051 0.055412 0.051288
0 0.856637 0.184637 0.058634 0.040553
0 0.769169 0.175930 0.075709 0.041269
0 0.887242 0.247257 0.075387 0.059876
0 0.813950 0.241293 0.066044 0.070372
0 0.605831 0.834924 0.056379 0.022901
0 0.539304 0.827290 0.057990 0.021947
0 0.473099 0.838860 0.062822 0.021231
0 0.720522 0.854127 0.064755 0.024094
0 0.662693 0.857586 0.051546 0.018607
0 0.604704 0.865458 0.063789 0.031966
0 0.543976 0.871660 0.054446 0.020515
0 0.483247 0.881083 0.067010 0.034113
0 0.398357 0.876908 0.064111 0.021469
0 0.324259 0.893130 0.072487 0.025763
0 0.240657 0.895873 0.077964 0.035067
0 0.167204 0.894203 0.068943 0.027910
0 0.084729 0.909709 0.089562 0.035544
0 0.983892 0.738788 0.031572 0.024809
0 0.944104 0.741889 0.048003 0.025763
0 0.897068 0.743678 0.043492 0.023139
0 0.849549 0.747018 0.047680 0.022662
0 0.803963 0.747853 0.042848 0.019561
0 0.750805 0.760019 0.055090 0.027195
0 0.490657 0.326336 0.094716 0.070134
0 0.692816 0.763359 0.060889 0.024332
0 0.574098 0.331584 0.072809 0.077767
0 0.723582 0.341722 0.067655 0.069895
0 0.192655 0.569418 0.087629 0.039122
0 0.083280 0.568941 0.105992 0.040076
0 0.452481 0.517772 0.057668 0.033635
0 0.953769 0.252385 0.051224 0.071088
0 0.721327 0.819895 0.053479 0.021469
0 0.663821 0.825501 0.050580 0.023139
0 0.381765 0.522185 0.085052 0.037214
0 0.283827 0.514074 0.084407 0.040553
0 0.192816 0.512524 0.097616 0.041746
0 0.085857 0.523616 0.091817 0.045324
0 0.946843 0.517176 0.047036 0.029580
0 0.903995 0.516579 0.038015 0.028387
0 0.859053 0.515744 0.050580 0.029103
0 0.802835 0.513836 0.059923 0.024332
0 0.946843 0.467677 0.047036 0.035067
0 0.896102 0.466484 0.051224 0.033635
0 0.837790 0.450740 0.069265 0.058445
0 0.707474 0.445849 0.077320 0.061069
0 0.633376 0.444060 0.072809 0.061307
0 0.548647 0.435353 0.073454 0.067271
0 0.468267 0.426885 0.043492 0.059876
0 0.399323 0.436069 0.087951 0.063931
0 0.303479 0.432729 0.094716 0.071565
0 0.205380 0.429986 0.100193 0.066555
0 0.096005 0.423068 0.099227 0.066555
0 0.976643 0.355081 0.046070 0.062261
0 0.926224 0.352815 0.050902 0.068225
0 0.862274 0.348402 0.076353 0.061307
0 0.791076 0.344466 0.065399 0.065840
0 0.650612 0.339337 0.078930 0.063216
0 0.633860 0.768249 0.058312 0.029819
0 0.772552 0.449308 0.056701 0.062261
0 0.286082 0.567987 0.085696 0.039599
0 0.515625 0.673426 0.064755 0.029103
0 0.442655 0.677242 0.081830 0.036737
0 0.357925 0.681298 0.082474 0.028626
0 0.273035 0.685234 0.085374 0.036975
0 0.184439 0.690005 0.093750 0.029342
0 0.090367 0.693822 0.094394 0.038884
0 0.961501 0.567152 0.047358 0.034590
0 0.909311 0.565005 0.055090 0.031250
0 0.849066 0.562858 0.049936 0.030773
0 0.802352 0.562261 0.042848 0.029580
0 0.745812 0.570491 0.061211 0.029819
0 0.614046 0.570730 0.066366 0.034590
0 0.545425 0.570730 0.070232 0.034113
0 0.372745 0.567152 0.079897 0.036975
0 0.570715 0.772066 0.066044 0.022662
0 0.582474 0.671875 0.067010 0.033158
0 0.494523 0.620825 0.073454 0.026002
0 0.681701 0.571684 0.067010 0.032204
0 0.650451 0.635258 0.065722 0.030057
0 0.569427 0.624761 0.063466 0.026718
0 0.421714 0.771589 0.068943 0.036021
0 0.172358 0.798903 0.088918 0.041985
0 0.083119 0.794251 0.083119 0.034113
0 0.708280 0.623927 0.046714 0.031727
0 0.835374 0.612238 0.045103 0.018368
0 0.785760 0.612595 0.051546 0.019084
0 0.259504 0.791388 0.084085 0.028387
0 0.923808 0.658516 0.039626 0.025525
0 0.650451 0.671994 0.068943 0.030534
0 0.969233 0.656250 0.050580 0.028626
0 0.715528 0.668416 0.057990 0.026240
0 0.342461 0.783278 0.079897 0.042223
0 0.831508 0.660544 0.034149 0.024809
0 0.876772 0.660544 0.054446 0.024809
0 0.780122 0.664241 0.068621 0.034113
