0 0.346609 0.872243 0.032271 0.106618
0 0.389297 0.885876 0.047386 0.081189
0 0.435662 0.882506 0.042892 0.087929
0 0.275940 0.870098 0.029003 0.117647
0 0.238562 0.861673 0.036765 0.108762
0 0.292688 0.101103 0.050245 0.090074
0 0.239992 0.100184 0.051879 0.088848
0 0.344363 0.103401 0.052288 0.086703
0 0.392770 0.104320 0.045343 0.089154
0 0.443832 0.104779 0.055964 0.088848
0 0.496528 0.104779 0.047794 0.090074
0 0.544730 0.105239 0.050245 0.089154
0 0.311275 0.869332 0.038399 0.114890
0 0.647263 0.106618 0.050245 0.087010
0 0.696895 0.106771 0.048203 0.087316
0 0.187500 0.100031 0.050654 0.089767
0 0.595384 0.106464 0.046977 0.086703
0 0.272263 0.609681 0.055147 0.077206
0 0.516748 0.863971 0.036765 0.125000
0 0.473243 0.718444 0.025735 0.042279
0 0.498570 0.718903 0.024918 0.043199
0 0.749183 0.124694 0.049020 0.054534
0 0.553922 0.696844 0.071078 0.059130
0 0.612949 0.717371 0.024101 0.045037
0 0.640319 0.717831 0.026552 0.043505
0 0.668709 0.718290 0.025327 0.044424
0 0.446487 0.718137 0.024510 0.044118
0 0.694444 0.715533 0.022059 0.045650
0 0.747753 0.715686 0.024918 0.043505
0 0.774918 0.715839 0.030229 0.043199
0 0.802696 0.715839 0.024510 0.043811
0 0.827410 0.710631 0.021650 0.049939
0 0.852533 0.711857 0.026144 0.048713
0 0.894608 0.669424 0.037582 0.091912
0 0.939951 0.674939 0.041667 0.088235
0 0.719771 0.716299 0.029412 0.044730
0 0.419526 0.719669 0.025327 0.042279
0 0.391748 0.719516 0.027778 0.041973
0 0.364788 0.720895 0.026144 0.044730
0 0.554943 0.848499 0.039624 0.119179
0 0.612132 0.867341 0.052696 0.110907
0 0.669526 0.867341 0.057190 0.110907
0 0.729984 0.868260 0.059641 0.115196
0 0.792892 0.866422 0.062908 0.113358
0 0.857435 0.854473 0.066176 0.137255
0 0.922794 0.851869 0.059641 0.141850
0 0.976307 0.850337 0.047386 0.141238
0 0.104575 0.716299 0.053105 0.056373
0 0.148284 0.721201 0.027778 0.044118
0 0.176675 0.721814 0.029003 0.044730
0 0.204861 0.721814 0.024101 0.044730
0 0.231209 0.720741 0.025327 0.044424
0 0.258578 0.720435 0.024510 0.045650
0 0.283701 0.721201 0.025735 0.047794
0 0.311070 0.721201 0.025735 0.048407
0 0.337827 0.720282 0.026961 0.045956
0 0.477533 0.867341 0.040850 0.117647
0 0.329453 0.620404 0.056781 0.057598
0 0.803105 0.123621 0.055556 0.055453
0 0.912377 0.105086 0.066585 0.092525
0 0.751634 0.502911 0.050654 0.090380
0 0.699551 0.505515 0.050245 0.082721
0 0.646446 0.506893 0.051062 0.082414
0 0.593342 0.506281 0.051879 0.081189
0 0.540237 0.507047 0.052696 0.080882
0 0.484273 0.511336 0.057598 0.071078
0 0.414828 0.508732 0.071487 0.076287
0 0.338644 0.510110 0.068627 0.077819
0 0.264910 0.508885 0.071487 0.079657
0 0.190155 0.509957 0.074755 0.081189
0 0.108456 0.510723 0.082108 0.076593
0 0.990809 0.359681 0.018382 0.088235
0 0.941176 0.358609 0.078431 0.090993
0 0.842116 0.388327 0.075572 0.074449
0 0.774101 0.384804 0.055556 0.081495
0 0.719975 0.385876 0.051879 0.076900
0 0.662377 0.385570 0.055964 0.076287
0 0.603758 0.386029 0.054739 0.079044
0 0.549428 0.384651 0.053105 0.076900
0 0.803922 0.501991 0.044935 0.088542
0 0.848856 0.536458 0.036765 0.018995
0 0.923407 0.477788 0.069853 0.058517
0 0.200776 0.866575 0.031454 0.106311
0 0.201389 0.609835 0.081699 0.078738
0 0.114788 0.609069 0.089052 0.078431
0 0.049837 0.080729 0.078431 0.124694
0 0.122753 0.082261 0.068219 0.122243
0 0.392361 0.619026 0.063317 0.054841
0 0.455065 0.610600 0.059641 0.072304
0 0.524306 0.612286 0.066585 0.068934
0 0.589869 0.611673 0.057190 0.067096
0 0.648693 0.610907 0.062092 0.069240
0 0.491422 0.383425 0.053105 0.078738
0 0.705270 0.617341 0.037173 0.055760
0 0.783292 0.617341 0.034722 0.055760
0 0.856618 0.123928 0.046569 0.055453
0 0.819444 0.617800 0.039216 0.055453
0 0.857639 0.616115 0.033088 0.055147
0 0.087623 0.866115 0.040441 0.101716
0 0.124796 0.864737 0.029003 0.105086
0 0.160131 0.876072 0.041667 0.107537
0 0.980188 0.466452 0.039624 0.061581
0 0.980596 0.530178 0.037990 0.063419
0 0.744281 0.617494 0.039216 0.056066
0 0.436887 0.382812 0.054330 0.078125
0 0.922794 0.536458 0.065359 0.056985
0 0.380923 0.359835 0.055147 0.040748
0 0.236928 0.249847 0.051471 0.084252
0 0.677083 0.249387 0.045343 0.083333
0 0.287786 0.250000 0.049428 0.084559
0 0.337623 0.249847 0.045343 0.084252
0 0.748979 0.249387 0.082108 0.088235
0 0.821283 0.244945 0.058415 0.097120
0 0.385621 0.249847 0.049837 0.084865
0 0.882761 0.244638 0.065359 0.094669
0 0.939542 0.231464 0.040850 0.077512
0 0.436275 0.248928 0.046569 0.084865
0 0.486111 0.250460 0.045752 0.081801
0 0.183007 0.249540 0.053922 0.083640
0 0.580270 0.250460 0.047794 0.083640
0 0.630106 0.250000 0.049428 0.084559
0 0.533497 0.250613 0.045752 0.081495
0 0.194036 0.353707 0.049020 0.040135
0 0.328840 0.378064 0.045752 0.087623
0 0.153186 0.382353 0.025327 0.081495
0 0.276144 0.381740 0.053922 0.080270
0 0.104167 0.383578 0.073529 0.081495
0 0.380310 0.402114 0.055556 0.040748
0 0.980801 0.230545 0.038399 0.079963
0 0.223448 0.400735 0.052288 0.042279
0 0.959150 0.113664 0.022059 0.078431
0 0.095384 0.231464 0.120507 0.114277
