0 0.567448 0.850391 0.040104 0.065625
0 0.692448 0.205078 0.053646 0.064062
0 0.645052 0.206055 0.044271 0.066016
0 0.595313 0.204297 0.052083 0.070312
0 0.549479 0.202930 0.046875 0.072266
0 0.502865 0.191602 0.046354 0.098828
0 0.129427 0.042773 0.051562 0.083203
0 0.184115 0.197070 0.067187 0.099609
0 0.254427 0.194727 0.072396 0.096484
0 0.320833 0.189844 0.054167 0.103906
0 0.524740 0.859180 0.047396 0.064453
0 0.385156 0.190820 0.072396 0.105078
0 0.286719 0.044727 0.054688 0.083984
0 0.235417 0.042578 0.045833 0.083594
0 0.183333 0.042773 0.055208 0.083203
0 0.452344 0.191797 0.056771 0.100000
0 0.480208 0.866797 0.040625 0.075781
0 0.880469 0.561523 0.035937 0.070703
0 0.373698 0.838672 0.059896 0.051562
0 0.771094 0.685742 0.034896 0.069141
0 0.803906 0.683203 0.032813 0.069531
0 0.835417 0.677734 0.031250 0.058594
0 0.870052 0.672656 0.028646 0.061719
0 0.897135 0.670117 0.025521 0.059766
0 0.926302 0.665430 0.030729 0.067578
0 0.957031 0.660352 0.031771 0.056641
0 0.436979 0.875586 0.043750 0.067578
0 0.987760 0.655078 0.024479 0.061719
0 0.113021 0.195703 0.076042 0.103906
0 0.126302 0.941211 0.055729 0.087891
0 0.183073 0.932617 0.051562 0.076953
0 0.234635 0.921094 0.053646 0.088281
0 0.283854 0.909766 0.044792 0.066406
0 0.332552 0.905273 0.049479 0.073828
0 0.384896 0.895703 0.057292 0.054688
0 0.069010 0.950781 0.055729 0.073438
0 0.977344 0.051367 0.032813 0.090234
0 0.862760 0.047070 0.035937 0.094141
0 0.920573 0.049609 0.029687 0.091406
0 0.983333 0.194141 0.033333 0.067969
0 0.945052 0.199023 0.035937 0.062109
0 0.907292 0.199219 0.039583 0.063281
0 0.868750 0.198633 0.040625 0.064453
0 0.826823 0.200195 0.043229 0.066797
0 0.781771 0.201172 0.038542 0.064062
0 0.740885 0.202734 0.043229 0.067187
0 0.528906 0.800391 0.063021 0.034375
0 0.601823 0.836133 0.025521 0.083203
0 0.631510 0.831836 0.034896 0.074609
0 0.019531 0.230664 0.035937 0.055859
0 0.664323 0.823633 0.032813 0.089453
0 0.728906 0.811719 0.032813 0.089063
0 0.758073 0.804297 0.027604 0.078125
0 0.787760 0.795703 0.029687 0.078125
0 0.812760 0.793945 0.022396 0.076172
0 0.840104 0.795312 0.033333 0.068750
0 0.878385 0.783789 0.042188 0.073047
0 0.917708 0.776367 0.031250 0.068359
0 0.951042 0.767773 0.030208 0.072266
0 0.983333 0.762891 0.033333 0.065625
0 0.069271 0.042969 0.066667 0.083594
0 0.697135 0.819531 0.030729 0.082031
0 0.948958 0.051367 0.026042 0.091797
0 0.023438 0.282031 0.036458 0.027344
0 0.025521 0.416992 0.043750 0.033984
0 0.893750 0.048828 0.022917 0.092188
0 0.739323 0.697070 0.032813 0.057422
0 0.828646 0.049023 0.032292 0.090234
0 0.793750 0.047461 0.034375 0.093359
0 0.760417 0.050000 0.032292 0.089063
0 0.725521 0.045703 0.033333 0.091406
0 0.691406 0.047852 0.033854 0.092578
0 0.495312 0.338086 0.053125 0.094922
0 0.436458 0.340625 0.063542 0.096094
0 0.378906 0.342578 0.055729 0.099219
0 0.023438 0.373242 0.043750 0.051172
0 0.656510 0.046484 0.039062 0.092969
0 0.583854 0.048242 0.036458 0.088672
0 0.541406 0.048438 0.044271 0.091406
0 0.494531 0.048438 0.051562 0.091406
0 0.400521 0.044727 0.053125 0.087891
0 0.345052 0.046680 0.056771 0.087891
0 0.316406 0.347656 0.067187 0.096875
0 0.253906 0.349414 0.053646 0.098828
0 0.192448 0.351758 0.070312 0.094141
0 0.130208 0.355078 0.056250 0.098437
0 0.021094 0.457227 0.034896 0.033984
0 0.619792 0.047461 0.036458 0.090234
0 0.704427 0.702734 0.036979 0.060156
0 0.269792 0.492578 0.063542 0.085938
0 0.797135 0.324023 0.036979 0.090234
0 0.442188 0.477344 0.042708 0.092188
0 0.389062 0.483008 0.062500 0.082422
0 0.488802 0.737891 0.040104 0.058594
0 0.209635 0.500586 0.057813 0.094141
0 0.146354 0.504102 0.067708 0.090234
0 0.036198 0.543359 0.061979 0.075000
0 0.977344 0.314258 0.035937 0.078516
0 0.941406 0.316797 0.035937 0.080469
0 0.905469 0.316992 0.035937 0.080859
0 0.870573 0.319531 0.036979 0.085938
0 0.833594 0.321484 0.034896 0.084375
0 0.669531 0.707031 0.032813 0.075781
0 0.758073 0.325195 0.041146 0.086328
0 0.715365 0.327344 0.042188 0.089063
0 0.674219 0.327930 0.042188 0.087109
0 0.632552 0.329492 0.041146 0.090234
0 0.591667 0.331445 0.041667 0.091797
0 0.563802 0.600195 0.035937 0.085547
0 0.602344 0.592383 0.038021 0.087109
0 0.636979 0.592969 0.032292 0.081250
0 0.947396 0.555859 0.033333 0.067187
0 0.979427 0.552344 0.032813 0.074219
0 0.070312 0.798633 0.061458 0.083203
0 0.492448 0.471875 0.057813 0.082031
0 0.130469 0.800586 0.060937 0.079297
0 0.246615 0.773047 0.049479 0.091406
0 0.302865 0.761719 0.061979 0.073438
0 0.356510 0.752930 0.040104 0.083203
0 0.403125 0.743945 0.054167 0.073047
0 0.450781 0.744922 0.034896 0.069531
0 0.545833 0.334180 0.046875 0.088672
0 0.190365 0.785352 0.058854 0.067578
0 0.543490 0.466992 0.042188 0.083203
0 0.330208 0.489063 0.055208 0.092969
0 0.627344 0.464258 0.038021 0.078516
0 0.419531 0.619336 0.051562 0.079297
0 0.587240 0.469336 0.040104 0.076953
0 0.517708 0.603711 0.054167 0.082422
0 0.671354 0.588086 0.036458 0.073047
0 0.527604 0.727734 0.038542 0.077344
0 0.566927 0.719141 0.039062 0.071875
0 0.370833 0.627344 0.046875 0.092969
0 0.599740 0.715039 0.032813 0.073047
0 0.744010 0.580469 0.038021 0.071094
0 0.778125 0.574414 0.031250 0.083203
0 0.913542 0.558594 0.030208 0.071875
0 0.635417 0.711328 0.035417 0.067187
0 0.815104 0.565234 0.040625 0.080469
0 0.848698 0.563477 0.029687 0.075391
0 0.707292 0.584766 0.036458 0.078906
0 0.318229 0.631445 0.056250 0.083984
0 0.467187 0.613672 0.042708 0.088281
0 0.196875 0.650586 0.057292 0.090234
0 0.667188 0.459570 0.042708 0.076172
0 0.705990 0.456445 0.033854 0.083203
0 0.259115 0.639258 0.059896 0.090234
0 0.780469 0.448633 0.035937 0.082422
0 0.817708 0.443750 0.038542 0.076563
0 0.855208 0.441406 0.038542 0.081250
0 0.742969 0.453125 0.040104 0.076563
0 0.926302 0.436133 0.032813 0.073047
0 0.957031 0.431445 0.031771 0.073828
0 0.986719 0.430469 0.026562 0.073438
0 0.028646 0.669531 0.057292 0.089063
0 0.087760 0.670898 0.060937 0.072266
0 0.143490 0.655664 0.050521 0.100391
0 0.891927 0.437891 0.033854 0.075781
