0 0.917688 0.697457 0.044526 0.090993
0 0.871936 0.731005 0.040441 0.108456
0 0.812704 0.742647 0.037173 0.072917
0 0.765319 0.742341 0.052696 0.072304
0 0.716912 0.697151 0.037582 0.077512
0 0.409518 0.354167 0.045343 0.059436
0 0.619077 0.724724 0.038807 0.068934
0 0.978145 0.744332 0.043709 0.116115
0 0.764297 0.874234 0.057190 0.107537
0 0.704248 0.881281 0.058824 0.113051
0 0.654003 0.881434 0.040850 0.113971
0 0.613154 0.877298 0.037582 0.122243
0 0.576185 0.883119 0.036356 0.107537
0 0.539216 0.878830 0.035131 0.108150
0 0.501838 0.886336 0.035539 0.086397
0 0.465074 0.867341 0.034722 0.077819
0 0.430147 0.846967 0.034314 0.116115
0 0.370098 0.814645 0.029412 0.098652
0 0.337827 0.841759 0.033497 0.101409
0 0.301471 0.843290 0.030229 0.103860
0 0.272672 0.835478 0.024918 0.099265
0 0.246528 0.831036 0.025735 0.103860
0 0.200368 0.836244 0.048611 0.092218
0 0.151348 0.800551 0.042892 0.087623
0 0.158701 0.662224 0.020833 0.035846
0 0.183211 0.672641 0.018382 0.049939
0 0.204044 0.680453 0.023284 0.058824
0 0.236928 0.687653 0.036765 0.064645
0 0.314134 0.688725 0.040033 0.054534
0 0.357230 0.687347 0.016748 0.045037
0 0.385417 0.698529 0.035539 0.062500
0 0.459559 0.707108 0.042484 0.062500
0 0.500408 0.709865 0.032680 0.061887
0 0.541871 0.717984 0.035539 0.067708
0 0.662990 0.728401 0.043301 0.073836
0 0.657680 0.641697 0.044935 0.051164
0 0.235090 0.601562 0.015931 0.035233
0 0.497345 0.629136 0.053513 0.058517
0 0.920139 0.267157 0.055964 0.092525
0 0.977533 0.263940 0.044935 0.104473
0 0.916054 0.150582 0.073938 0.044424
0 0.835580 0.145527 0.081291 0.071691
0 0.760621 0.160233 0.069444 0.039216
0 0.689747 0.155484 0.046160 0.056679
0 0.857435 0.247702 0.069444 0.104473
0 0.641340 0.155790 0.044935 0.057292
0 0.535948 0.155178 0.031863 0.058517
0 0.493056 0.155637 0.027778 0.064338
0 0.461806 0.160080 0.028186 0.056066
0 0.420343 0.156556 0.037582 0.047181
0 0.382761 0.155178 0.031046 0.058517
0 0.346405 0.151195 0.024510 0.060355
0 0.585580 0.156097 0.051879 0.053002
0 0.792484 0.276961 0.044935 0.041054
0 0.748979 0.273284 0.029820 0.057598
0 0.691381 0.265165 0.042892 0.052390
0 0.530842 0.355239 0.051062 0.069547
0 0.584559 0.359375 0.046569 0.076593
0 0.685662 0.363664 0.060866 0.057598
0 0.755719 0.405637 0.075980 0.060662
0 0.824755 0.408088 0.062908 0.055147
0 0.358047 0.357843 0.047794 0.051471
0 0.247958 0.350184 0.041667 0.078431
0 0.234069 0.257353 0.055556 0.063113
0 0.283905 0.261795 0.040850 0.056679
0 0.344567 0.253983 0.048611 0.074755
0 0.399714 0.263940 0.040441 0.056066
0 0.446078 0.267616 0.039216 0.047488
0 0.520629 0.265472 0.045343 0.046875
0 0.564542 0.272672 0.040033 0.037377
0 0.643382 0.263787 0.049837 0.050858
0 0.315155 0.160539 0.024918 0.061887
0 0.291462 0.166054 0.023284 0.050858
0 0.244894 0.171569 0.025735 0.044118
0 0.202819 0.164675 0.050245 0.058517
0 0.296160 0.544271 0.026961 0.040135
0 0.262663 0.545956 0.031046 0.042279
0 0.226511 0.542433 0.020833 0.043811
0 0.204861 0.540594 0.021650 0.041973
0 0.169730 0.526808 0.048611 0.070772
0 0.155433 0.605392 0.024101 0.040441
0 0.186887 0.604933 0.028186 0.037071
0 0.215278 0.605392 0.018791 0.040441
0 0.256127 0.605392 0.025327 0.041054
0 0.280025 0.606618 0.023284 0.045343
0 0.304534 0.609681 0.020016 0.037377
0 0.328636 0.622702 0.018382 0.040748
0 0.349673 0.630974 0.021242 0.016850
0 0.388889 0.621170 0.036765 0.049939
0 0.443015 0.619332 0.049428 0.042586
0 0.339869 0.549786 0.024510 0.042586
0 0.558619 0.633885 0.067402 0.050858
0 0.364175 0.549939 0.022467 0.041054
0 0.469975 0.550092 0.034722 0.050551
0 0.162786 0.166207 0.029003 0.058517
0 0.965686 0.953125 0.067810 0.093750
0 0.895629 0.912837 0.065768 0.154105
0 0.829453 0.904105 0.062500 0.148897
0 0.885825 0.406710 0.053513 0.075061
0 0.959967 0.407322 0.066176 0.076900
0 0.972222 0.567555 0.040850 0.089767
0 0.916462 0.566636 0.061683 0.029718
0 0.918301 0.596507 0.056373 0.025123
0 0.788194 0.548560 0.066585 0.109988
0 0.721609 0.550551 0.061683 0.083946
0 0.666054 0.556985 0.046977 0.061275
0 0.617239 0.556219 0.046569 0.067708
0 0.558211 0.546569 0.059232 0.069853
0 0.505719 0.551930 0.035131 0.051777
0 0.405229 0.538909 0.045752 0.070466
0 0.469975 0.357537 0.051062 0.063113
