0 0.058494 0.082700 0.113782 0.109316
0 0.402885 0.089116 0.040385 0.091255
0 0.443590 0.089116 0.039744 0.091255
0 0.483494 0.093988 0.037500 0.082462
0 0.546795 0.080917 0.037179 0.117158
0 0.582212 0.079254 0.032372 0.120485
0 0.614744 0.078541 0.033974 0.119534
0 0.652724 0.078541 0.040705 0.119534
0 0.752885 0.089591 0.038462 0.101711
0 0.789583 0.088641 0.033013 0.101711
0 0.030769 0.719344 0.061538 0.090304
0 0.248878 0.083650 0.225962 0.104087
0 0.696795 0.078303 0.049359 0.119059
0 0.459455 0.845295 0.033654 0.075095
0 0.026923 0.222552 0.047436 0.077234
0 0.556891 0.850879 0.031731 0.030181
0 0.950641 0.870366 0.044872 0.019724
0 0.953846 0.850404 0.051282 0.019724
0 0.905609 0.837690 0.031090 0.068916
0 0.879006 0.835433 0.025321 0.076283
0 0.852885 0.831987 0.026282 0.068916
0 0.824519 0.830561 0.029808 0.071293
0 0.788301 0.843631 0.020833 0.073669
0 0.762340 0.842205 0.029167 0.076046
0 0.413301 0.830086 0.033013 0.075095
0 0.734615 0.842443 0.026923 0.076046
0 0.661859 0.837809 0.033333 0.092443
0 0.629006 0.841730 0.031090 0.084601
0 0.596154 0.839591 0.034615 0.096483
0 0.511218 0.843869 0.051282 0.072243
0 0.825962 0.088641 0.035897 0.099810
0 0.866667 0.087928 0.044872 0.098384
0 0.902724 0.087928 0.028526 0.098384
0 0.939103 0.088641 0.044231 0.096958
0 0.979006 0.087215 0.035577 0.092205
0 0.707532 0.842681 0.026603 0.069867
0 0.950962 0.821055 0.039103 0.036122
0 0.956891 0.646625 0.043269 0.029468
0 0.339583 0.830561 0.027885 0.068916
0 0.356410 0.490494 0.039103 0.089829
0 0.392147 0.490732 0.031731 0.089829
0 0.422596 0.491920 0.029167 0.092681
0 0.451923 0.493227 0.030769 0.089591
0 0.483814 0.495128 0.025321 0.080561
0 0.510737 0.492990 0.028526 0.085314
0 0.320994 0.490257 0.031731 0.090779
0 0.561859 0.489425 0.035897 0.090067
0 0.634135 0.489306 0.028526 0.099335
0 0.687179 0.489306 0.039744 0.094582
0 0.727885 0.487643 0.042308 0.098384
0 0.774679 0.488356 0.044231 0.097433
0 0.817147 0.488356 0.040705 0.096958
0 0.860897 0.486336 0.048718 0.093394
0 0.599840 0.487286 0.039423 0.094819
0 0.286859 0.494415 0.032692 0.081511
0 0.225160 0.485860 0.048397 0.092918
0 0.179647 0.487048 0.041987 0.090542
0 0.481250 0.359197 0.036218 0.094819
0 0.508494 0.372861 0.017628 0.067966
0 0.537019 0.358959 0.035577 0.089116
0 0.585256 0.351473 0.048077 0.112167
0 0.633333 0.350048 0.046154 0.115970
0 0.675160 0.348859 0.034936 0.111692
0 0.711538 0.363474 0.037821 0.081987
0 0.747917 0.363950 0.034936 0.082937
0 0.780769 0.361098 0.033974 0.091492
0 0.815865 0.359197 0.034936 0.087690
0 0.854487 0.360147 0.042308 0.086264
0 0.899038 0.359197 0.046154 0.085314
0 0.937660 0.365257 0.031731 0.073669
0 0.036218 0.518180 0.072436 0.028279
0 0.044071 0.475642 0.068910 0.053470
0 0.908654 0.485623 0.046154 0.095770
0 0.445032 0.359910 0.033013 0.096245
0 0.956731 0.498693 0.044231 0.073432
0 0.267308 0.599453 0.041026 0.092443
0 0.593269 0.717918 0.038462 0.083650
0 0.555929 0.719106 0.036859 0.080798
0 0.515385 0.719106 0.034615 0.080798
0 0.482212 0.720532 0.031731 0.083175
0 0.448077 0.719106 0.032692 0.089829
0 0.419071 0.713047 0.025321 0.076759
0 0.630929 0.719701 0.034936 0.086740
0 0.375641 0.828897 0.042949 0.072719
0 0.317468 0.716255 0.024679 0.079848
0 0.288141 0.715185 0.035256 0.081987
0 0.257212 0.718275 0.027244 0.087690
0 0.225801 0.720295 0.034295 0.083175
0 0.176442 0.726117 0.040064 0.078184
0 0.097276 0.716849 0.071474 0.086264
0 0.348718 0.719106 0.036538 0.085551
0 0.949359 0.588047 0.035897 0.073432
0 0.916506 0.587096 0.030449 0.074382
0 0.893750 0.637714 0.068269 0.028279
0 0.308333 0.613831 0.028205 0.078897
0 0.336699 0.609672 0.028526 0.084363
0 0.364904 0.608959 0.027885 0.081036
0 0.404487 0.615019 0.037179 0.078897
0 0.447115 0.610860 0.033974 0.081987
0 0.485417 0.614663 0.041346 0.087690
0 0.525160 0.608246 0.032372 0.079135
0 0.570513 0.607058 0.040385 0.095770
0 0.616346 0.606583 0.037179 0.094819
0 0.655609 0.611930 0.027244 0.082224
0 0.691026 0.612643 0.041026 0.078422
0 0.731731 0.612880 0.040385 0.079373
0 0.770353 0.612643 0.035577 0.080798
0 0.804167 0.613831 0.033333 0.083650
0 0.838622 0.609553 0.033013 0.072719
0 0.104647 0.602186 0.057372 0.104563
0 0.408013 0.361336 0.041026 0.094344
0 0.387019 0.711383 0.037500 0.079135
0 0.322917 0.361098 0.035577 0.091492
0 0.670513 0.214116 0.047436 0.104087
0 0.634135 0.213878 0.025321 0.104087
0 0.113462 0.821530 0.037179 0.037072
0 0.073718 0.844463 0.046154 0.052994
0 0.984615 0.718631 0.030769 0.082224
0 0.954006 0.716849 0.029808 0.085314
0 0.601763 0.212690 0.040064 0.102186
0 0.563462 0.212215 0.035897 0.103137
0 0.523397 0.212928 0.037821 0.101711
0 0.486058 0.217799 0.036218 0.091017
0 0.447115 0.216849 0.033974 0.091492
0 0.401923 0.223740 0.042308 0.088641
0 0.353846 0.222315 0.050000 0.085789
0 0.295673 0.219225 0.059936 0.096245
0 0.205128 0.216255 0.050000 0.101711
0 0.148397 0.209838 0.056410 0.096008
0 0.665705 0.720413 0.034615 0.085314
0 0.913942 0.717443 0.029808 0.082700
0 0.882051 0.718156 0.037179 0.083650
0 0.832372 0.720532 0.051923 0.083175
0 0.789263 0.718156 0.035577 0.083650
0 0.743750 0.715185 0.042628 0.084363
0 0.704167 0.715185 0.035897 0.084363
0 0.724038 0.218037 0.047436 0.089116
0 0.772115 0.215661 0.048718 0.093869
0 0.025321 0.842918 0.047436 0.058460
0 0.852244 0.213403 0.044231 0.096008
0 0.812660 0.215661 0.031731 0.093869
0 0.158173 0.840779 0.034936 0.080323
0 0.191506 0.842205 0.025962 0.076521
0 0.227885 0.358009 0.048077 0.083413
0 0.180449 0.354444 0.048077 0.090067
0 0.228526 0.843631 0.046154 0.078897
0 0.122756 0.860266 0.036538 0.034696
0 0.977724 0.214472 0.036218 0.091492
0 0.270032 0.839829 0.031090 0.083175
0 0.302083 0.841017 0.031731 0.081274
0 0.278045 0.360385 0.034936 0.090067
0 0.080288 0.361098 0.068910 0.079135
0 0.363622 0.359197 0.041346 0.092918
0 0.894872 0.214591 0.041026 0.096008
0 0.937500 0.215661 0.044231 0.093869
