0 0.307292 0.779492 0.079167 0.093359
0 0.237760 0.686133 0.077604 0.069141
0 0.174219 0.658203 0.039062 0.057031
0 0.078646 0.681641 0.057292 0.096875
0 0.023438 0.685547 0.046875 0.091406
0 0.421354 0.570117 0.059375 0.071484
0 0.330729 0.575391 0.053125 0.078906
0 0.267708 0.572852 0.058333 0.079297
0 0.180990 0.580273 0.061979 0.083984
0 0.121094 0.574023 0.049479 0.076953
0 0.029948 0.584766 0.047396 0.066406
0 0.409115 0.471484 0.056771 0.084375
0 0.339062 0.476367 0.060417 0.074609
0 0.249740 0.476562 0.068229 0.088281
0 0.165625 0.475977 0.062500 0.082422
0 0.099740 0.472852 0.065104 0.076953
0 0.031510 0.479102 0.056771 0.068359
0 0.407552 0.385156 0.056771 0.064844
0 0.311458 0.677148 0.054167 0.076953
0 0.224740 0.766992 0.054688 0.080078
0 0.370312 0.683594 0.055208 0.080469
0 0.057552 0.784570 0.047396 0.087109
0 0.335677 0.855273 0.077604 0.048047
0 0.964323 0.726953 0.050521 0.078125
0 0.488021 0.852539 0.043750 0.083203
0 0.528385 0.855664 0.026562 0.082422
0 0.570573 0.859570 0.046354 0.076953
0 0.622917 0.865430 0.034375 0.060547
0 0.147917 0.777930 0.066667 0.085547
0 0.698177 0.864844 0.032813 0.064062
0 0.730990 0.863867 0.027604 0.065234
0 0.764844 0.860742 0.033854 0.067578
0 0.801562 0.866211 0.039583 0.057422
0 0.848698 0.852734 0.033854 0.092969
0 0.894531 0.860547 0.046354 0.074219
0 0.939583 0.863477 0.035417 0.066797
0 0.980990 0.856250 0.038021 0.084375
0 0.846094 0.357422 0.031771 0.075000
0 0.010417 0.778516 0.020833 0.085938
0 0.433073 0.675391 0.049479 0.082812
0 0.660417 0.863867 0.039583 0.066797
0 0.762500 0.360547 0.032292 0.078906
0 0.914583 0.724219 0.043750 0.074219
0 0.807292 0.480469 0.048958 0.085156
0 0.767448 0.470703 0.027604 0.098437
0 0.734635 0.473242 0.034896 0.098047
0 0.322135 0.387695 0.072396 0.062109
0 0.696615 0.475391 0.038021 0.095312
0 0.657552 0.478516 0.040104 0.089844
0 0.614844 0.476562 0.036979 0.088281
0 0.582292 0.475195 0.023958 0.085547
0 0.549740 0.472070 0.031771 0.086328
0 0.498958 0.476172 0.043750 0.089844
0 0.991667 0.350000 0.015625 0.092188
0 0.965625 0.349414 0.035417 0.093359
0 0.931250 0.350586 0.030208 0.093359
0 0.892969 0.349805 0.040104 0.091797
0 0.791406 0.210742 0.034896 0.112109
0 0.828125 0.214453 0.035417 0.098437
0 0.867708 0.216602 0.038542 0.098047
0 0.907031 0.219141 0.036979 0.093750
0 0.945312 0.212695 0.038542 0.101953
0 0.986719 0.211523 0.025521 0.097266
0 0.488542 0.363867 0.056250 0.073828
0 0.556250 0.369336 0.069792 0.057422
0 0.621094 0.342187 0.043229 0.019531
0 0.621615 0.376367 0.041146 0.044141
0 0.669531 0.355664 0.048438 0.083203
0 0.715104 0.372852 0.023958 0.048828
0 0.737760 0.369531 0.017188 0.057813
0 0.860938 0.486133 0.055208 0.073828
0 0.798958 0.388477 0.038542 0.017578
0 0.914583 0.490625 0.045833 0.064062
0 0.492188 0.597461 0.061458 0.094141
0 0.859635 0.721875 0.043229 0.074219
0 0.810417 0.726953 0.048958 0.079687
0 0.759635 0.717187 0.051562 0.076563
0 0.705990 0.723437 0.051562 0.071094
0 0.654167 0.721875 0.047917 0.076563
0 0.607292 0.743164 0.037500 0.027734
0 0.557552 0.725977 0.053646 0.077734
0 0.502083 0.725781 0.053125 0.075781
0 0.991667 0.594922 0.016667 0.075000
0 0.957031 0.590234 0.045312 0.071875
0 0.913021 0.588086 0.037500 0.073047
0 0.845573 0.582422 0.040104 0.071094
0 0.763281 0.592969 0.040104 0.089844
0 0.717969 0.587695 0.041146 0.088672
0 0.684635 0.590430 0.023438 0.080078
0 0.419531 0.773828 0.080729 0.084375
0 0.413802 0.842773 0.072396 0.036328
0 0.490104 0.217578 0.038542 0.109375
0 0.524479 0.220703 0.027083 0.100000
0 0.562500 0.219141 0.042708 0.094531
0 0.607292 0.217773 0.043750 0.094141
0 0.649479 0.218750 0.036458 0.098437
0 0.693229 0.215234 0.040625 0.103906
0 0.736979 0.215430 0.036458 0.102734
0 0.636979 0.596094 0.062500 0.092188
0 0.586719 0.596289 0.032813 0.089453
0 0.545573 0.596680 0.039062 0.095703
0 0.957812 0.492969 0.034375 0.052344
0 0.243750 0.388281 0.065625 0.058594
0 0.351302 0.091016 0.063021 0.100000
0 0.093490 0.392773 0.058854 0.060547
0 0.022917 0.200586 0.039583 0.066016
0 0.950521 0.093750 0.057292 0.071875
0 0.896354 0.087305 0.043750 0.085547
0 0.819010 0.114648 0.019271 0.032422
0 0.844792 0.114844 0.026042 0.030469
0 0.788281 0.091406 0.038021 0.078906
0 0.749740 0.094727 0.034896 0.072266
0 0.095052 0.209961 0.061979 0.059766
0 0.705469 0.119141 0.050521 0.025781
0 0.635938 0.107227 0.033333 0.051953
0 0.602083 0.105664 0.030208 0.055078
0 0.566927 0.106836 0.035937 0.054297
0 0.086198 0.078711 0.071354 0.098047
0 0.182552 0.094336 0.071354 0.097266
0 0.261458 0.099414 0.067708 0.095703
0 0.526302 0.099219 0.043229 0.070312
0 0.666406 0.103320 0.023438 0.055078
0 0.419792 0.087109 0.065625 0.100781
0 0.477604 0.094531 0.043750 0.078906
0 0.160938 0.200195 0.059375 0.062891
0 0.027865 0.390430 0.052604 0.058203
0 0.402344 0.295508 0.073438 0.065234
0 0.322396 0.300977 0.069792 0.062891
0 0.246094 0.300195 0.070312 0.062109
0 0.170052 0.297070 0.061979 0.064453
0 0.164062 0.390430 0.080208 0.055859
0 0.094792 0.290820 0.070833 0.069922
0 0.020052 0.298047 0.040104 0.068750
0 0.411719 0.206055 0.061979 0.058984
0 0.313802 0.199805 0.074479 0.063672
0 0.232031 0.202344 0.069271 0.063281
