0 0.798438 0.423047 0.045833 0.070312
0 0.839323 0.423438 0.038021 0.072656
0 0.884115 0.424219 0.051562 0.072656
0 0.931510 0.425195 0.036979 0.073047
0 0.711458 0.361523 0.038542 0.061328
0 0.616406 0.327930 0.030729 0.023047
0 0.800000 0.363086 0.045833 0.058203
0 0.845573 0.361133 0.044271 0.055859
0 0.936719 0.358984 0.047396 0.053906
0 0.889844 0.360742 0.043229 0.055859
0 0.647917 0.329297 0.033333 0.020313
0 0.751042 0.360938 0.043750 0.060156
0 0.617188 0.357617 0.035417 0.031641
0 0.626823 0.563086 0.042188 0.078516
0 0.042188 0.509180 0.045833 0.063672
0 0.465625 0.547266 0.121875 0.106250
0 0.753646 0.424023 0.042708 0.066016
0 0.048177 0.573047 0.045312 0.059375
0 0.091146 0.573242 0.038542 0.057422
0 0.135937 0.574414 0.051042 0.059766
0 0.182031 0.573633 0.041146 0.061328
0 0.225000 0.573242 0.037500 0.055078
0 0.262240 0.574414 0.038021 0.052734
0 0.343229 0.546484 0.120833 0.106250
0 0.088542 0.512500 0.039583 0.060937
0 0.671615 0.558398 0.042188 0.077734
0 0.658073 0.358789 0.046354 0.028516
0 0.710156 0.424219 0.042188 0.064844
0 0.155208 0.399219 0.083333 0.117969
0 0.621615 0.416797 0.047396 0.082812
0 0.151042 0.669531 0.033333 0.065625
0 0.188281 0.672070 0.041146 0.061328
0 0.228906 0.673438 0.039062 0.066406
0 0.273958 0.675000 0.052083 0.064844
0 0.569531 0.673047 0.045312 0.067969
0 0.614062 0.671289 0.044792 0.072266
0 0.108073 0.670508 0.043229 0.069141
0 0.657031 0.659961 0.041146 0.048828
0 0.730729 0.663281 0.038542 0.036719
0 0.773958 0.658594 0.047917 0.045312
0 0.681510 0.733398 0.048438 0.066016
0 0.734115 0.735938 0.051562 0.073438
0 0.786198 0.738672 0.053646 0.062500
0 0.849479 0.734570 0.048958 0.070703
0 0.696875 0.662891 0.031250 0.036719
0 0.063021 0.670508 0.045833 0.067578
0 0.943229 0.517188 0.035417 0.056250
0 0.897656 0.515039 0.049479 0.058984
0 0.019010 0.191602 0.035937 0.069922
0 0.128646 0.513281 0.042708 0.060156
0 0.173958 0.511914 0.046875 0.057422
0 0.220833 0.511914 0.041667 0.059766
0 0.261719 0.512695 0.040104 0.061328
0 0.715104 0.574609 0.042708 0.050781
0 0.757812 0.572656 0.041667 0.053906
0 0.800260 0.573828 0.043229 0.053906
0 0.847135 0.573242 0.047396 0.052734
0 0.885938 0.574219 0.032292 0.054688
0 0.926823 0.573828 0.047396 0.051562
0 0.666667 0.416602 0.044792 0.082422
0 0.752083 0.511719 0.039583 0.068750
0 0.798438 0.514648 0.052083 0.064453
0 0.849219 0.513672 0.048438 0.060937
0 0.901563 0.736328 0.047917 0.071094
0 0.024219 0.257031 0.039062 0.063281
0 0.015365 0.797070 0.029687 0.071484
0 0.101823 0.792773 0.047396 0.076172
0 0.834115 0.860938 0.041146 0.067187
0 0.879167 0.861523 0.047917 0.063672
0 0.925521 0.861133 0.041667 0.060547
0 0.694792 0.798242 0.043750 0.058203
0 0.738802 0.797461 0.045312 0.055078
0 0.788542 0.799023 0.055208 0.051953
0 0.791146 0.858398 0.040625 0.062891
0 0.839063 0.799805 0.037500 0.055078
0 0.926042 0.798828 0.052083 0.053125
0 0.339844 0.642773 0.033854 0.045703
0 0.379688 0.641797 0.045833 0.047656
0 0.420312 0.641016 0.034375 0.046875
0 0.456771 0.641406 0.037500 0.046094
0 0.496094 0.642773 0.042188 0.045703
0 0.877865 0.799805 0.042188 0.055078
0 0.744531 0.858008 0.044271 0.061328
0 0.697917 0.858594 0.050000 0.062500
0 0.602083 0.823438 0.136458 0.131250
0 0.148438 0.789062 0.044792 0.067187
0 0.194010 0.787891 0.046354 0.069531
0 0.239583 0.786914 0.047917 0.067578
0 0.292448 0.787891 0.050521 0.064844
0 0.336719 0.789648 0.040104 0.068359
0 0.380469 0.788477 0.038021 0.073047
0 0.018229 0.860547 0.034375 0.050000
0 0.062240 0.860742 0.047396 0.052734
0 0.107292 0.860156 0.041667 0.053906
0 0.160156 0.855664 0.048438 0.062109
0 0.205729 0.854883 0.044792 0.062109
0 0.250521 0.852930 0.044792 0.065234
0 0.293750 0.853711 0.039583 0.062109
0 0.341406 0.851172 0.043229 0.057031
0 0.385677 0.849805 0.045312 0.055859
0 0.053646 0.794336 0.043750 0.073047
0 0.066146 0.257422 0.042708 0.058594
0 0.715104 0.511523 0.036458 0.068359
0 0.152344 0.259180 0.052604 0.066797
0 0.324740 0.225781 0.143229 0.128125
0 0.466406 0.226367 0.140104 0.127734
0 0.060937 0.191797 0.044792 0.069531
0 0.533594 0.399023 0.127604 0.116797
0 0.408594 0.395117 0.120313 0.111328
0 0.271615 0.397656 0.149479 0.114062
0 0.060937 0.395117 0.106250 0.128516
0 0.948438 0.253125 0.048958 0.071875
0 0.236198 0.258398 0.030729 0.063672
0 0.860417 0.244336 0.038542 0.089453
0 0.901823 0.244727 0.045312 0.088672
0 0.707031 0.230469 0.086979 0.124219
0 0.601042 0.230273 0.125000 0.126953
0 0.233073 0.189844 0.031771 0.070312
0 0.194531 0.190820 0.047396 0.071484
0 0.149740 0.191211 0.043229 0.070703
0 0.105729 0.191602 0.044792 0.069922
0 0.108073 0.260937 0.040104 0.064062
0 0.200521 0.258789 0.042708 0.064453
0 0.796354 0.228320 0.089583 0.120703
