0 0.534109 0.683364 0.015114 0.071998
0 0.773693 0.846048 0.066176 0.017463
0 0.686887 0.656097 0.056781 0.065257
0 0.487949 0.195006 0.021650 0.093444
0 0.442402 0.185662 0.022059 0.099265
0 0.413399 0.191789 0.022059 0.099265
0 0.375408 0.181985 0.012255 0.091912
0 0.187908 0.558058 0.010621 0.079350
0 0.198734 0.561734 0.008578 0.074449
0 0.208538 0.565717 0.008578 0.074449
0 0.509191 0.677543 0.009395 0.068321
0 0.361111 0.182138 0.012255 0.094056
0 0.519199 0.188879 0.027778 0.101409
0 0.343546 0.181066 0.010621 0.099265
0 0.295343 0.198836 0.027778 0.096201
0 0.252042 0.186887 0.027778 0.093750
0 0.215278 0.190257 0.024510 0.094363
0 0.171364 0.189798 0.023284 0.097733
0 0.142361 0.186121 0.011029 0.094056
0 0.128472 0.184743 0.018382 0.094975
0 0.090891 0.189032 0.033905 0.098652
0 0.053922 0.193781 0.021242 0.092218
0 0.011234 0.188725 0.022467 0.092525
0 0.330065 0.180760 0.014706 0.099265
0 0.553309 0.198223 0.009395 0.087623
0 0.542279 0.198836 0.009395 0.083333
0 0.587214 0.185049 0.014297 0.092525
0 0.751225 0.662684 0.063725 0.073529
0 0.818627 0.660386 0.054739 0.061581
0 0.011846 0.570006 0.016340 0.083640
0 0.048407 0.558670 0.020016 0.076287
0 0.106005 0.555760 0.023284 0.075368
0 0.147876 0.557138 0.012255 0.085478
0 0.161152 0.564032 0.011846 0.085172
0 0.250817 0.557445 0.012255 0.081801
0 0.237337 0.557751 0.012255 0.081801
0 0.976920 0.300858 0.045343 0.098039
0 0.951389 0.212929 0.096405 0.037377
0 0.954861 0.116728 0.090278 0.041667
0 0.764502 0.189185 0.015114 0.103860
0 0.698734 0.190717 0.011029 0.092831
0 0.686275 0.186887 0.013072 0.094975
0 0.719567 0.195619 0.012663 0.095282
0 0.735498 0.197304 0.012663 0.094975
0 0.782067 0.190564 0.017565 0.103554
0 0.821078 0.180147 0.036765 0.104779
0 0.659109 0.181373 0.021650 0.097426
0 0.612949 0.188113 0.024918 0.100490
0 0.631127 0.664369 0.047386 0.048100
0 0.499183 0.674479 0.009804 0.070159
0 0.527369 0.553922 0.008987 0.069853
0 0.465074 0.671875 0.012663 0.063725
0 0.137051 0.779718 0.015114 0.034314
0 0.155637 0.773438 0.017157 0.050551
0 0.211193 0.796569 0.013072 0.065564
0 0.225490 0.795343 0.016340 0.058211
0 0.301266 0.786765 0.014297 0.045956
0 0.342933 0.781710 0.020833 0.052390
0 0.285131 0.782782 0.013889 0.056985
0 0.063521 0.781250 0.028186 0.073529
0 0.382149 0.782629 0.022467 0.059130
0 0.392565 0.844669 0.030229 0.041667
0 0.457108 0.863051 0.072712 0.017157
0 0.536560 0.870098 0.075572 0.020833
0 0.539011 0.829810 0.064134 0.010723
0 0.539828 0.816176 0.060049 0.013480
0 0.459559 0.774969 0.033497 0.058517
0 0.560049 0.764553 0.062092 0.064032
0 0.379085 0.879902 0.076797 0.016544
0 0.032680 0.782169 0.026961 0.063113
0 0.470997 0.817096 0.066176 0.017770
0 0.460580 0.841146 0.073938 0.018076
0 0.250613 0.676624 0.008578 0.068321
0 0.209967 0.685509 0.008987 0.068321
0 0.218546 0.682751 0.008987 0.068321
0 0.198121 0.683670 0.012255 0.067708
0 0.141953 0.667279 0.018382 0.039828
0 0.162582 0.652114 0.017974 0.060355
0 0.082721 0.665594 0.024918 0.069547
0 0.051266 0.671722 0.025735 0.075061
0 0.024306 0.670037 0.018382 0.080882
0 0.040850 0.856618 0.081699 0.023284
0 0.130719 0.855545 0.090686 0.012561
0 0.135825 0.831342 0.086193 0.015012
0 0.334559 0.836703 0.064542 0.014093
0 0.299428 0.858456 0.074346 0.018382
0 0.242647 0.851256 0.018791 0.014400
0 0.232843 0.834865 0.021242 0.010417
0 0.198121 0.857996 0.035131 0.020527
0 0.643178 0.761642 0.045343 0.072304
0 0.294322 0.673560 0.008578 0.068321
0 0.703023 0.778646 0.066176 0.075061
0 0.779208 0.791820 0.062500 0.086091
0 0.784314 0.531710 0.036765 0.041973
0 0.681577 0.552696 0.008578 0.072917
0 0.690972 0.553615 0.008578 0.072917
0 0.699142 0.556832 0.008578 0.072610
0 0.734273 0.560049 0.008578 0.072917
0 0.747141 0.557751 0.009804 0.073836
0 0.651757 0.556679 0.022467 0.075980
0 0.840482 0.532016 0.037173 0.042586
0 0.615605 0.560815 0.023693 0.079350
0 0.561275 0.568934 0.016340 0.081495
0 0.500204 0.569700 0.008578 0.073223
0 0.490809 0.569393 0.008578 0.073223
0 0.480188 0.568168 0.008578 0.073223
0 0.468750 0.566636 0.008578 0.073223
0 0.538603 0.553462 0.008578 0.073223
0 0.547181 0.556526 0.008578 0.073223
0 0.578840 0.568627 0.016340 0.081495
0 0.873162 0.551930 0.018382 0.068321
0 0.932190 0.554534 0.023693 0.075368
0 0.970384 0.563113 0.022467 0.078431
0 0.614788 0.836397 0.071895 0.011029
0 0.618056 0.866881 0.071078 0.008885
0 0.614992 0.850184 0.073121 0.014093
0 0.701389 0.862592 0.078431 0.014400
0 0.699346 0.846507 0.078431 0.014706
0 0.832721 0.847273 0.033905 0.041973
0 0.972835 0.863971 0.054330 0.015319
0 0.896650 0.863664 0.089052 0.015931
0 0.897672 0.845588 0.088644 0.015931
0 0.916462 0.797794 0.088644 0.015931
0 0.914420 0.776195 0.086193 0.021752
0 0.928513 0.716759 0.085784 0.018689
0 0.883578 0.639246 0.009804 0.073836
0 0.919730 0.637255 0.011846 0.056373
0 0.933824 0.639553 0.013889 0.056066
0 0.960784 0.642157 0.018791 0.044730
0 0.978758 0.638480 0.012255 0.061275
0 0.740196 0.825980 0.012255 0.016544
0 0.266953 0.671262 0.010212 0.073529
0 0.280637 0.670956 0.012255 0.075368
0 0.330678 0.677543 0.011029 0.078738
0 0.213235 0.317708 0.010621 0.082108
0 0.188113 0.318934 0.010212 0.082108
0 0.175858 0.317708 0.010212 0.082108
0 0.156658 0.317862 0.008578 0.083027
0 0.145016 0.320466 0.011438 0.073529
0 0.264910 0.333946 0.008578 0.088235
0 0.274714 0.337010 0.008578 0.088235
0 0.225694 0.319240 0.010212 0.082108
0 0.312296 0.312040 0.011029 0.054841
0 0.360294 0.314032 0.008987 0.049020
0 0.350082 0.313113 0.008987 0.049020
0 0.391136 0.321232 0.008578 0.083640
0 0.400123 0.322763 0.008578 0.083640
0 0.432394 0.317862 0.011846 0.084252
0 0.467116 0.315870 0.008578 0.083946
0 0.478758 0.320772 0.012255 0.069240
0 0.325163 0.311428 0.011438 0.054841
0 0.100490 0.321998 0.010621 0.082108
0 0.112745 0.320466 0.010621 0.082108
0 0.070670 0.321844 0.013072 0.082414
0 0.423407 0.568781 0.015931 0.075674
0 0.931781 0.298407 0.031046 0.098039
0 0.891953 0.301317 0.024918 0.089154
0 0.794322 0.298254 0.030637 0.043811
0 0.844567 0.310509 0.054330 0.069547
0 0.830065 0.411458 0.080882 0.033701
0 0.750408 0.316942 0.013889 0.087929
0 0.735907 0.315104 0.011846 0.095282
0 0.706495 0.327665 0.012663 0.082414
0 0.694240 0.327512 0.010212 0.085784
0 0.510008 0.318321 0.015931 0.092525
0 0.545752 0.324142 0.026961 0.094975
0 0.581699 0.317249 0.022059 0.097120
0 0.615196 0.318934 0.027778 0.093750
0 0.653799 0.316483 0.034722 0.098039
0 0.019199 0.317402 0.022059 0.090686
0 0.040033 0.319393 0.013072 0.082414
0 0.014297 0.436887 0.012255 0.072917
0 0.032475 0.449908 0.008578 0.075061
0 0.040645 0.450214 0.008578 0.075061
0 0.070466 0.434896 0.008578 0.070159
0 0.288603 0.547641 0.008578 0.067708
0 0.297590 0.549479 0.008578 0.067708
0 0.953023 0.410080 0.026144 0.088542
0 0.909926 0.405178 0.032271 0.086091
0 0.770833 0.440104 0.009804 0.079350
0 0.760825 0.438419 0.010212 0.079657
0 0.722426 0.441176 0.010212 0.079657
0 0.689951 0.445772 0.030229 0.082721
0 0.345384 0.563879 0.009395 0.075061
0 0.333333 0.562960 0.009804 0.075061
0 0.380515 0.556373 0.009395 0.074755
0 0.399510 0.556526 0.013072 0.073223
0 0.419526 0.663909 0.017157 0.082108
0 0.399306 0.662684 0.011846 0.079657
0 0.363562 0.674020 0.008987 0.080270
0 0.351920 0.673254 0.008578 0.083027
0 0.443832 0.567249 0.015114 0.076900
0 0.640319 0.443474 0.008578 0.078125
0 0.478962 0.666973 0.012663 0.069853
0 0.629698 0.440870 0.010212 0.078431
0 0.594771 0.446385 0.022876 0.088235
0 0.081087 0.436121 0.008578 0.067708
0 0.147059 0.442402 0.015523 0.077819
0 0.103350 0.437040 0.010621 0.076900
0 0.116626 0.438879 0.008578 0.075674
0 0.188317 0.451134 0.008987 0.072610
0 0.198734 0.450214 0.008578 0.072610
0 0.235090 0.449295 0.008578 0.072610
0 0.224469 0.448836 0.009395 0.076593
0 0.262051 0.442708 0.020016 0.074142
0 0.393587 0.450674 0.020016 0.079657
0 0.481413 0.444700 0.012663 0.076287
0 0.466503 0.446078 0.013072 0.079657
0 0.439338 0.439032 0.015114 0.074755
0 0.422794 0.439338 0.014706 0.074755
0 0.517974 0.438113 0.010621 0.078431
0 0.531250 0.439645 0.010212 0.078431
0 0.566993 0.444393 0.016340 0.083640
0 0.649101 0.445312 0.010621 0.078125
0 0.341708 0.675551 0.008578 0.080270
0 0.856413 0.174939 0.027369 0.074142
