0 0.679126 0.653493 0.036356 0.076593
0 0.377859 0.696538 0.040850 0.094669
0 0.129698 0.456189 0.048611 0.088235
0 0.182598 0.455729 0.056373 0.089767
0 0.236724 0.459712 0.051879 0.097733
0 0.300041 0.456801 0.051879 0.099265
0 0.349469 0.454657 0.043709 0.096814
0 0.391953 0.442096 0.037990 0.090686
0 0.446283 0.441330 0.042892 0.098958
0 0.487745 0.439645 0.041667 0.086397
0 0.526552 0.438572 0.032680 0.100184
0 0.557190 0.440257 0.028595 0.096814
0 0.593546 0.436121 0.040850 0.090380
0 0.631332 0.435202 0.034722 0.092831
0 0.659722 0.435509 0.022059 0.094056
0 0.684641 0.435662 0.025327 0.082721
0 0.965074 0.523131 0.053513 0.073223
0 0.710580 0.433670 0.029820 0.081189
0 0.788807 0.424326 0.040850 0.085784
0 0.846609 0.422794 0.033905 0.080270
0 0.878472 0.418658 0.028186 0.083640
0 0.908292 0.417739 0.031454 0.082414
0 0.943219 0.417433 0.038399 0.081189
0 0.980596 0.418352 0.034722 0.086091
0 0.628676 0.782016 0.051471 0.102635
0 0.687908 0.771446 0.056373 0.102328
0 0.749387 0.763174 0.053513 0.121324
0 0.805147 0.720741 0.051471 0.053002
0 0.807598 0.768536 0.066176 0.037684
0 0.880719 0.711857 0.058007 0.054228
0 0.917484 0.767463 0.062092 0.061275
0 0.967116 0.712316 0.048611 0.076593
0 0.748570 0.427390 0.039624 0.091912
0 0.343750 0.699449 0.023284 0.095588
0 0.917075 0.527727 0.036765 0.078125
0 0.837418 0.533241 0.025327 0.086091
0 0.415033 0.691483 0.033497 0.088848
0 0.446078 0.687040 0.029412 0.089767
0 0.483864 0.679841 0.042075 0.082108
0 0.522672 0.669424 0.028186 0.085172
0 0.569853 0.682445 0.050654 0.061581
0 0.630515 0.671109 0.042892 0.086091
0 0.717729 0.651654 0.037582 0.066176
0 0.758783 0.643842 0.041258 0.079350
0 0.810662 0.638787 0.060049 0.077819
0 0.860090 0.635876 0.038807 0.078738
0 0.901961 0.627298 0.040850 0.064645
0 0.935662 0.622855 0.029820 0.071691
0 0.977737 0.617034 0.044526 0.072304
0 0.160335 0.611520 0.052696 0.075368
0 0.873775 0.527114 0.047386 0.078738
0 0.209355 0.614583 0.046977 0.069240
0 0.292892 0.588388 0.037582 0.095282
0 0.331495 0.581495 0.035539 0.096814
0 0.372141 0.579657 0.040033 0.091912
0 0.408497 0.577206 0.032680 0.096814
0 0.474469 0.577206 0.048611 0.063725
0 0.513889 0.566023 0.032680 0.095282
0 0.546160 0.562040 0.025327 0.089767
0 0.575572 0.560049 0.033497 0.093137
0 0.605188 0.557292 0.026552 0.099265
0 0.643178 0.551317 0.042892 0.092218
0 0.672386 0.560662 0.022059 0.057598
0 0.694444 0.556679 0.024510 0.057598
0 0.727737 0.540135 0.045343 0.090686
0 0.809028 0.534161 0.031454 0.083640
0 0.247753 0.574295 0.029820 0.088542
0 0.311070 0.699602 0.042892 0.097733
0 0.771855 0.534467 0.042075 0.083640
0 0.187908 0.142157 0.054739 0.109681
0 0.270221 0.323376 0.039624 0.106311
0 0.213031 0.324755 0.042075 0.115809
0 0.167892 0.323070 0.049020 0.114277
0 0.112949 0.338082 0.059232 0.083640
0 0.978145 0.172947 0.042075 0.083640
0 0.867239 0.167126 0.040850 0.095282
0 0.837418 0.162837 0.018791 0.103860
0 0.793096 0.162377 0.052696 0.093137
0 0.753268 0.172794 0.026961 0.071691
0 0.728145 0.171569 0.024101 0.069853
0 0.696691 0.157475 0.036356 0.112132
0 0.652165 0.155484 0.045343 0.100184
0 0.603758 0.157016 0.052288 0.106311
0 0.547181 0.159773 0.046160 0.108150
0 0.310458 0.322304 0.037582 0.108456
0 0.499592 0.160692 0.048203 0.106311
0 0.428105 0.154718 0.025327 0.096814
0 0.393382 0.155637 0.040850 0.106005
0 0.349469 0.153033 0.043709 0.097733
0 0.295343 0.149203 0.052288 0.099877
0 0.243873 0.150582 0.040850 0.095282
0 0.138480 0.134038 0.037582 0.128370
0 0.096609 0.136336 0.038807 0.121324
0 0.572100 0.803462 0.073938 0.015625
0 0.557394 0.763174 0.056781 0.055147
0 0.507966 0.802696 0.042892 0.113358
0 0.445466 0.825827 0.065768 0.100184
0 0.376838 0.831648 0.067402 0.133272
0 0.299837 0.832261 0.058007 0.117953
0 0.217933 0.828585 0.070670 0.105699
0 0.458129 0.158701 0.034722 0.104779
0 0.361315 0.325521 0.039624 0.114277
0 0.932598 0.163297 0.051471 0.088235
0 0.492443 0.319240 0.074755 0.024510
0 0.398284 0.322304 0.034314 0.113358
0 0.275531 0.703278 0.028186 0.091605
0 0.243056 0.702053 0.032680 0.083640
0 0.203023 0.710018 0.040850 0.083640
0 0.974673 0.296875 0.050654 0.088235
0 0.925654 0.323070 0.034314 0.078738
0 0.891136 0.320006 0.034722 0.084865
0 0.853758 0.318781 0.032680 0.087316
0 0.824346 0.320006 0.026961 0.084865
0 0.166258 0.723039 0.033497 0.090686
0 0.757149 0.320466 0.041258 0.095588
0 0.717933 0.321078 0.034722 0.091912
0 0.684232 0.322763 0.030229 0.100184
0 0.651757 0.319853 0.034722 0.094363
0 0.610907 0.317555 0.034722 0.103860
0 0.561070 0.349265 0.060866 0.037377
0 0.558619 0.301471 0.055964 0.055147
0 0.794118 0.321691 0.032680 0.088848
0 0.490196 0.351103 0.073529 0.031863
