0 0.023438 0.379297 0.042708 0.074219
0 0.984375 0.346680 0.031250 0.073047
0 0.951042 0.351172 0.033333 0.081250
0 0.905208 0.355664 0.041667 0.072266
0 0.865104 0.356836 0.038542 0.069922
0 0.819271 0.365234 0.046875 0.051562
0 0.776563 0.349609 0.031250 0.086719
0 0.727604 0.319141 0.056250 0.048438
0 0.579948 0.360352 0.051562 0.068359
0 0.679948 0.356836 0.036979 0.078516
0 0.641667 0.363477 0.038542 0.065234
0 0.523958 0.355469 0.054167 0.063281
0 0.463542 0.353516 0.044792 0.081250
0 0.412500 0.364453 0.050000 0.066406
0 0.268229 0.367383 0.051042 0.066797
0 0.153906 0.349609 0.060937 0.101562
0 0.728906 0.371094 0.058854 0.050000
0 0.340625 0.362695 0.053125 0.066797
0 0.059115 0.188086 0.042188 0.075391
0 0.093750 0.550195 0.121875 0.076953
0 0.085156 0.281836 0.061979 0.077734
0 0.091667 0.380664 0.060417 0.070703
0 0.947656 0.232031 0.042188 0.067969
0 0.905208 0.242188 0.041667 0.050781
0 0.858854 0.230078 0.044792 0.071875
0 0.807552 0.198047 0.050521 0.043750
0 0.808333 0.244336 0.047917 0.045703
0 0.758854 0.244531 0.050000 0.046875
0 0.129427 0.163086 0.054688 0.031641
0 0.708594 0.242188 0.048438 0.052344
0 0.611458 0.242969 0.047917 0.051562
0 0.567969 0.238672 0.038021 0.067187
0 0.517188 0.233789 0.055208 0.075391
0 0.450521 0.233203 0.064583 0.078906
0 0.374219 0.232617 0.066146 0.077734
0 0.307031 0.232617 0.055729 0.077734
0 0.245573 0.218555 0.040104 0.100391
0 0.172656 0.231836 0.102604 0.087891
0 0.659375 0.244141 0.046875 0.049219
0 0.093750 0.502539 0.103125 0.013672
0 0.282031 0.485742 0.051562 0.062891
0 0.109375 0.448242 0.103125 0.015234
0 0.030990 0.660547 0.061979 0.020313
0 0.111198 0.627344 0.064062 0.020313
0 0.104427 0.663672 0.081771 0.017969
0 0.873437 0.622852 0.032292 0.026172
0 0.950781 0.712695 0.053646 0.083203
0 0.862500 0.713477 0.029167 0.069922
0 0.819271 0.724609 0.046875 0.067969
0 0.781250 0.719727 0.033333 0.078516
0 0.735677 0.720703 0.042188 0.080469
0 0.693750 0.719336 0.038542 0.078516
0 0.651042 0.726562 0.041667 0.071875
0 0.608073 0.718555 0.041146 0.087891
0 0.540104 0.735156 0.095833 0.053125
0 0.037760 0.628906 0.075521 0.017969
0 0.467448 0.719727 0.048438 0.078516
0 0.401562 0.722461 0.013542 0.043359
0 0.371094 0.723828 0.044271 0.086719
0 0.246354 0.749609 0.064583 0.033594
0 0.183854 0.722461 0.055208 0.089453
0 0.105469 0.726953 0.099479 0.081250
0 0.978906 0.600586 0.039062 0.082422
0 0.925000 0.596289 0.065625 0.082422
0 0.833854 0.604102 0.030208 0.080859
0 0.789323 0.627734 0.048438 0.039062
0 0.748177 0.624023 0.031771 0.042578
0 0.706510 0.621680 0.045312 0.044141
0 0.661198 0.623242 0.043229 0.044922
0 0.658594 0.577734 0.038021 0.039844
0 0.427083 0.721094 0.033333 0.081250
0 0.178125 0.495312 0.047917 0.078906
0 0.121354 0.875000 0.077083 0.093750
0 0.038802 0.882031 0.077604 0.085156
0 0.103646 0.480469 0.098958 0.024219
0 0.760938 0.933594 0.048958 0.051562
0 0.709896 0.937109 0.047917 0.053125
0 0.664844 0.933594 0.034896 0.066406
0 0.627083 0.927734 0.036458 0.071875
0 0.589844 0.939648 0.039062 0.051172
0 0.551302 0.937891 0.034896 0.052344
0 0.506250 0.926562 0.051042 0.072656
0 0.457813 0.926367 0.048958 0.072266
0 0.413021 0.931445 0.039583 0.070703
0 0.363802 0.929883 0.054688 0.073047
0 0.303125 0.930859 0.058333 0.076563
0 0.239323 0.939258 0.064062 0.055078
0 0.184375 0.948828 0.037500 0.050000
0 0.865104 0.834180 0.084375 0.042578
0 0.791406 0.826953 0.060937 0.061719
0 0.733854 0.822461 0.050000 0.067578
0 0.683594 0.823242 0.049479 0.062891
0 0.634115 0.828516 0.043229 0.065625
0 0.585938 0.826562 0.042708 0.066406
0 0.538802 0.828711 0.041146 0.065234
0 0.484375 0.821289 0.063542 0.041797
0 0.338021 0.820703 0.013542 0.054688
0 0.361458 0.842578 0.017708 0.036719
0 0.394531 0.833789 0.038021 0.063672
0 0.280990 0.829492 0.072396 0.048828
0 0.207031 0.839844 0.051562 0.050000
0 0.136719 0.811914 0.076563 0.023047
0 0.043229 0.817578 0.086458 0.016406
0 0.615104 0.624023 0.043750 0.044141
0 0.567708 0.601758 0.040625 0.024609
0 0.314063 0.748437 0.061458 0.035156
0 0.342708 0.619336 0.041667 0.062109
0 0.391146 0.492188 0.038542 0.073438
0 0.435937 0.487891 0.043750 0.088281
0 0.487760 0.506055 0.054688 0.048828
0 0.543750 0.504687 0.051042 0.046875
0 0.594271 0.497461 0.040625 0.059766
0 0.650781 0.490625 0.056771 0.076563
0 0.811198 0.926758 0.039062 0.062891
0 0.851562 0.927930 0.034375 0.063672
0 0.570573 0.633594 0.043229 0.030469
0 0.527344 0.632422 0.041146 0.032813
0 0.483333 0.616211 0.045833 0.067578
0 0.435417 0.617383 0.045833 0.066016
0 0.895573 0.921484 0.041146 0.074219
0 0.942448 0.946680 0.034896 0.030859
0 0.940104 0.822461 0.050000 0.073047
0 0.389323 0.616016 0.046354 0.067187
0 0.702604 0.482031 0.044792 0.085156
0 0.296615 0.620117 0.042188 0.055078
0 0.164323 0.628711 0.040104 0.049609
0 0.245833 0.624609 0.044792 0.060937
0 0.206771 0.610938 0.033333 0.077344
0 0.986198 0.484766 0.026562 0.071094
0 0.921615 0.503906 0.093229 0.039844
0 0.336979 0.486328 0.050000 0.076563
0 0.854427 0.486719 0.040104 0.078906
0 0.803125 0.488672 0.041667 0.072656
0 0.755990 0.484961 0.051562 0.077734
