0 0.933861 0.515625 0.042380 0.014423
0 0.939854 0.626563 0.058647 0.015144
0 0.940925 0.606490 0.051370 0.016827
0 0.938142 0.585577 0.055223 0.017308
0 0.929152 0.559736 0.047517 0.018510
0 0.936216 0.539543 0.041952 0.020433
0 0.954195 0.652644 0.047945 0.013942
0 0.973887 0.417187 0.052226 0.019471
0 0.929580 0.467788 0.028682 0.022596
0 0.927868 0.439063 0.025257 0.020913
0 0.112372 0.457212 0.039812 0.032212
0 0.966396 0.394952 0.067209 0.019712
0 0.840539 0.373437 0.025257 0.032452
0 0.837757 0.399159 0.053938 0.016587
0 0.889769 0.381971 0.033818 0.055288
0 0.930223 0.490144 0.024829 0.019712
0 0.156464 0.454087 0.033818 0.035577
0 0.434289 0.457452 0.030394 0.037500
0 0.291524 0.455168 0.039384 0.036298
0 0.280822 0.547596 0.053082 0.016827
0 0.223245 0.537500 0.047517 0.038462
0 0.162029 0.537380 0.064640 0.035337
0 0.064640 0.538101 0.039384 0.031490
0 0.028039 0.534255 0.031250 0.037740
0 0.828767 0.449519 0.076199 0.033654
0 0.776113 0.468870 0.025685 0.014663
0 0.737372 0.454688 0.043236 0.046394
0 0.636558 0.472115 0.041096 0.011538
0 0.650685 0.458293 0.064212 0.011779
0 0.559932 0.456851 0.042808 0.031490
0 0.512414 0.452764 0.032534 0.031490
0 0.474529 0.458413 0.036387 0.037500
0 0.393193 0.457091 0.038099 0.037260
0 0.335830 0.456370 0.043236 0.033894
0 0.202483 0.455529 0.041096 0.039904
0 0.601455 0.464183 0.030822 0.015385
0 0.339897 0.535216 0.046233 0.025721
0 0.645762 0.384736 0.049229 0.045433
0 0.331122 0.234255 0.023545 0.048317
0 0.362586 0.235096 0.026541 0.047115
0 0.400043 0.236058 0.026969 0.046154
0 0.480950 0.236178 0.024401 0.043990
0 0.514341 0.231130 0.026113 0.056010
0 0.545377 0.233413 0.028253 0.054327
0 0.579837 0.234375 0.042380 0.051442
0 0.623930 0.237019 0.035531 0.044231
0 0.670591 0.245192 0.044092 0.033654
0 0.714897 0.245673 0.042808 0.032692
0 0.793450 0.212740 0.038955 0.016346
0 0.792166 0.240865 0.025257 0.037981
0 0.835830 0.223438 0.035531 0.026683
0 0.882491 0.226202 0.054366 0.021154
0 0.833904 0.249159 0.036815 0.024760
0 0.874786 0.250361 0.048373 0.020433
0 0.920591 0.251683 0.040668 0.021635
0 0.977526 0.238942 0.044949 0.046635
0 0.035531 0.306490 0.071062 0.017788
0 0.038527 0.292187 0.062500 0.010337
0 0.107235 0.307933 0.044949 0.047115
0 0.150899 0.309615 0.037243 0.042308
0 0.206764 0.308173 0.039384 0.047596
0 0.250000 0.309255 0.041096 0.046875
0 0.315711 0.311779 0.038099 0.040865
0 0.300942 0.233173 0.028253 0.051923
0 0.698202 0.388582 0.039384 0.040625
0 0.270976 0.232452 0.028253 0.047596
0 0.213185 0.229808 0.022260 0.048077
0 0.592680 0.390264 0.038099 0.032452
0 0.545163 0.383053 0.038099 0.043510
0 0.507277 0.383173 0.031678 0.043750
0 0.423373 0.383413 0.048801 0.045673
0 0.376926 0.383173 0.040668 0.046635
0 0.334760 0.382692 0.041096 0.044231
0 0.294092 0.382692 0.039384 0.045673
0 0.252997 0.382452 0.036815 0.047596
0 0.212115 0.381851 0.035531 0.046394
0 0.067637 0.383053 0.060788 0.034856
0 0.016267 0.381250 0.032534 0.044231
0 0.962329 0.304087 0.059075 0.014423
0 0.961259 0.329447 0.051798 0.034375
0 0.899829 0.312620 0.063356 0.045433
0 0.785317 0.312740 0.049229 0.042788
0 0.840539 0.312260 0.044949 0.044712
0 0.729452 0.312861 0.052226 0.048798
0 0.559503 0.311058 0.041952 0.048077
0 0.484589 0.312500 0.041096 0.045192
0 0.400257 0.310577 0.037671 0.045673
0 0.358305 0.310337 0.042808 0.046635
0 0.049229 0.230889 0.038527 0.047356
0 0.105094 0.229687 0.035531 0.047837
0 0.140197 0.232813 0.031250 0.046875
0 0.174015 0.231010 0.028682 0.052885
0 0.240582 0.233774 0.027397 0.048798
0 0.262200 0.617548 0.025257 0.033654
0 0.751926 0.389423 0.033818 0.039904
0 0.406464 0.551442 0.050086 0.013462
0 0.400899 0.775481 0.048373 0.026923
0 0.456122 0.743750 0.049229 0.030769
0 0.400043 0.744832 0.041524 0.030048
0 0.088399 0.760096 0.088613 0.060577
0 0.861087 0.686659 0.066353 0.054087
0 0.790882 0.686779 0.065497 0.057212
0 0.454623 0.776082 0.046233 0.022837
0 0.716824 0.686418 0.081764 0.056490
0 0.614726 0.684856 0.032534 0.053365
0 0.580265 0.686298 0.027825 0.041827
0 0.546875 0.685697 0.036387 0.052163
0 0.506849 0.682572 0.035959 0.045913
0 0.453339 0.702163 0.053938 0.014904
0 0.451627 0.675361 0.050514 0.019952
0 0.651969 0.680168 0.031678 0.046394
0 0.617080 0.763101 0.046661 0.055529
0 0.661815 0.766226 0.036815 0.047356
0 0.708262 0.767668 0.044949 0.053606
0 0.947988 0.060817 0.100599 0.023558
0 0.407320 0.033774 0.061216 0.061779
0 0.342466 0.045312 0.046233 0.043029
0 0.269692 0.054447 0.034247 0.016587
0 0.268193 0.033413 0.037243 0.022115
0 0.189854 0.047115 0.095462 0.032692
0 0.123930 0.044832 0.028682 0.042067
0 0.039598 0.041827 0.034675 0.038942
0 0.047089 0.483413 0.090753 0.038942
0 0.974957 0.771394 0.029538 0.041346
0 0.913741 0.769351 0.032106 0.043029
0 0.870291 0.765865 0.034247 0.050000
0 0.832620 0.764543 0.031678 0.050721
0 0.797517 0.766827 0.033390 0.051923
0 0.755565 0.768990 0.039384 0.047596
0 0.399615 0.690024 0.020976 0.038221
0 0.374144 0.689543 0.019692 0.035337
0 0.079837 0.043389 0.039812 0.039183
0 0.278682 0.697476 0.098459 0.014183
0 0.146832 0.612019 0.029110 0.050481
0 0.116010 0.613341 0.029966 0.055048
0 0.081978 0.617308 0.034675 0.041346
0 0.048373 0.614423 0.026541 0.038462
0 0.015625 0.597596 0.026113 0.024519
0 0.016909 0.623918 0.031250 0.026683
0 0.784033 0.389663 0.026969 0.037019
0 0.796447 0.540144 0.056079 0.043750
0 0.656250 0.544111 0.045377 0.026683
0 0.600171 0.526442 0.031678 0.042308
0 0.559289 0.549038 0.056079 0.016827
0 0.549872 0.527284 0.047517 0.023798
0 0.454623 0.529447 0.041096 0.036298
0 0.348245 0.687981 0.022688 0.042788
0 0.705693 0.553726 0.049229 0.015144
0 0.293878 0.615385 0.024401 0.034615
0 0.645120 0.517548 0.053082 0.018269
0 0.383776 0.607332 0.059503 0.041106
0 0.325342 0.614183 0.032534 0.043269
0 0.164384 0.700481 0.119007 0.011538
0 0.168878 0.686178 0.118579 0.010817
0 0.282106 0.680288 0.100171 0.013462
0 0.056721 0.691707 0.028682 0.047356
0 0.026541 0.680529 0.023116 0.047115
0 0.827269 0.635457 0.062928 0.013221
0 0.086687 0.691466 0.033818 0.049760
0 0.757277 0.628846 0.053082 0.019712
0 0.743365 0.606250 0.039812 0.019231
0 0.687500 0.628846 0.053082 0.027885
0 0.618793 0.618750 0.070634 0.042788
0 0.545805 0.616106 0.069349 0.047115
0 0.460830 0.633413 0.078339 0.017308
0 0.811216 0.613101 0.056507 0.018990
0 0.462971 0.595433 0.068065 0.039423
