0 0.302288 0.731924 0.026961 0.037377
0 0.275327 0.732384 0.026961 0.037684
0 0.760825 0.539062 0.076389 0.021140
0 0.044118 0.711550 0.075163 0.105086
0 0.331699 0.733150 0.026961 0.039216
0 0.763480 0.560968 0.084967 0.018382
0 0.807802 0.532782 0.015931 0.053309
0 0.831904 0.531863 0.020833 0.061275
0 0.855596 0.537224 0.022467 0.062194
0 0.874183 0.521752 0.016340 0.082721
0 0.895425 0.519914 0.019608 0.087010
0 0.914216 0.534007 0.014706 0.058211
0 0.965891 0.549632 0.068219 0.042279
0 0.980596 0.640472 0.038807 0.076287
0 0.936275 0.659007 0.055556 0.036765
0 0.878676 0.663756 0.055556 0.033395
0 0.818627 0.656710 0.050654 0.044424
0 0.760417 0.656250 0.049428 0.038603
0 0.705882 0.650123 0.049020 0.041054
0 0.647467 0.654871 0.063725 0.050551
0 0.578431 0.655790 0.060458 0.045037
0 0.521855 0.648744 0.052696 0.062806
0 0.468137 0.645987 0.050654 0.059743
0 0.409314 0.646140 0.061275 0.060049
0 0.344771 0.635723 0.057190 0.076593
0 0.292688 0.641238 0.046977 0.068015
0 0.245711 0.637255 0.042075 0.082108
0 0.197917 0.627911 0.048611 0.060355
0 0.120915 0.665594 0.050654 0.074449
0 0.199755 0.726409 0.063725 0.060049
0 0.359477 0.733609 0.026961 0.038909
0 0.953023 0.723039 0.035948 0.045343
0 0.444444 0.722580 0.039216 0.047488
0 0.225490 0.823989 0.075980 0.060355
0 0.405025 0.817555 0.033088 0.054841
0 0.369281 0.824602 0.037582 0.046875
0 0.324755 0.815104 0.036765 0.054841
0 0.484069 0.865809 0.121732 0.037990
0 0.488562 0.797028 0.107843 0.028493
0 0.586601 0.790135 0.066993 0.012255
0 0.586601 0.806219 0.060458 0.019914
0 0.583742 0.838082 0.067810 0.041360
0 0.661765 0.860294 0.072712 0.046569
0 0.664216 0.818168 0.074346 0.021752
0 0.664216 0.796109 0.071078 0.021752
0 0.746324 0.857230 0.063725 0.030637
0 0.813725 0.862745 0.066993 0.041667
0 0.071691 0.824142 0.140114 0.104779
0 0.739379 0.818781 0.056373 0.040135
0 0.927900 0.839001 0.144199 0.100184
0 0.916258 0.721201 0.038399 0.047181
0 0.878676 0.721967 0.039216 0.047488
0 0.842729 0.722733 0.026144 0.047794
0 0.813113 0.737286 0.033088 0.051164
0 0.776757 0.735754 0.038807 0.054228
0 0.735498 0.718597 0.033905 0.041973
0 0.700163 0.721048 0.037582 0.039522
0 0.622549 0.715686 0.033497 0.032475
0 0.587010 0.720435 0.037582 0.041973
0 0.551675 0.714614 0.032271 0.036458
0 0.760417 0.519761 0.072304 0.017463
0 0.520629 0.721201 0.032271 0.044118
0 0.484681 0.721048 0.039624 0.047488
0 0.799428 0.813572 0.061275 0.046875
0 0.762051 0.494332 0.075572 0.025429
0 0.558415 0.399663 0.020425 0.024203
0 0.701185 0.328125 0.039624 0.058824
0 0.306168 0.338848 0.046160 0.040441
0 0.307802 0.303462 0.049428 0.030331
0 0.343137 0.340074 0.024510 0.042892
0 0.377451 0.332108 0.044118 0.056985
0 0.531658 0.523744 0.012663 0.082414
0 0.519199 0.523744 0.012255 0.082414
0 0.507966 0.524203 0.012663 0.082721
0 0.220588 0.425551 0.035948 0.055760
0 0.254698 0.335478 0.055147 0.049020
0 0.259804 0.434283 0.043301 0.037684
0 0.346405 0.426471 0.038399 0.058211
0 0.384395 0.430913 0.034314 0.054228
0 0.427288 0.418811 0.040850 0.075980
0 0.467116 0.425551 0.040441 0.061275
0 0.501634 0.428462 0.030229 0.051777
0 0.527778 0.427543 0.024510 0.026654
0 0.555351 0.429075 0.027369 0.030944
0 0.537786 0.400429 0.022467 0.025735
0 0.306985 0.416054 0.045343 0.075980
0 0.595792 0.422181 0.046160 0.081495
0 0.201389 0.333333 0.037582 0.054534
0 0.048407 0.352328 0.027369 0.099877
0 0.327410 0.225950 0.079657 0.066483
0 0.243668 0.226256 0.085376 0.059743
0 0.155842 0.226869 0.090278 0.059743
0 0.075163 0.220741 0.063725 0.098958
0 0.094158 0.346814 0.063317 0.086397
0 0.016748 0.351716 0.033497 0.101716
0 0.703227 0.515931 0.016748 0.086397
0 0.688930 0.514553 0.011846 0.084252
0 0.778186 0.419424 0.046569 0.078431
0 0.673203 0.514706 0.019608 0.083946
0 0.640931 0.531403 0.014706 0.065870
0 0.630106 0.530331 0.009395 0.068015
0 0.615400 0.529412 0.019199 0.071078
0 0.592933 0.524816 0.012663 0.088235
0 0.579861 0.527114 0.012663 0.082414
0 0.568627 0.523284 0.012255 0.082721
0 0.557394 0.522212 0.012663 0.082414
0 0.544322 0.523131 0.012663 0.082414
0 0.655637 0.531556 0.013889 0.065564
0 0.636846 0.424020 0.036765 0.065564
0 0.679534 0.423713 0.050245 0.067402
0 0.494894 0.521293 0.015114 0.079350
0 0.427696 0.332721 0.058824 0.050858
0 0.481822 0.338082 0.042075 0.035233
0 0.524714 0.331495 0.038807 0.055760
0 0.572508 0.327665 0.051879 0.058517
0 0.629085 0.301317 0.053105 0.037071
0 0.625817 0.340839 0.052288 0.037071
0 0.664420 0.332721 0.021650 0.048407
0 0.745915 0.336550 0.040033 0.045650
0 0.031046 0.477175 0.059641 0.092831
0 0.791054 0.326440 0.044526 0.067708
0 0.888276 0.328891 0.051062 0.070159
0 0.937500 0.336397 0.044935 0.055760
0 0.980596 0.326134 0.038807 0.074449
0 0.981005 0.431373 0.033088 0.053309
0 0.938317 0.428922 0.042484 0.064951
0 0.893382 0.419271 0.040033 0.079963
0 0.853350 0.430453 0.022059 0.053309
0 0.822917 0.424020 0.039624 0.065564
0 0.838235 0.335325 0.049837 0.050551
0 0.120507 0.566483 0.066176 0.080882
0 0.077002 0.590839 0.019199 0.090380
0 0.034518 0.595282 0.069036 0.093137
0 0.476716 0.528033 0.013072 0.081189
0 0.460989 0.529412 0.013480 0.080882
0 0.447304 0.530944 0.013072 0.080882
0 0.433824 0.532475 0.013072 0.080882
0 0.420139 0.529412 0.013480 0.080882
0 0.406863 0.530944 0.013072 0.080882
0 0.394404 0.532322 0.013480 0.081189
0 0.381127 0.529871 0.013072 0.081189
0 0.367239 0.529871 0.017157 0.081801
0 0.333538 0.558670 0.047794 0.021140
0 0.335172 0.533854 0.054330 0.025429
0 0.348039 0.492800 0.014706 0.042586
0 0.333538 0.496017 0.015114 0.044118
0 0.285743 0.522672 0.044526 0.092525
0 0.240400 0.520680 0.046160 0.088542
0 0.197304 0.526042 0.012255 0.079044
0 0.184028 0.528493 0.012663 0.079044
0 0.170956 0.527420 0.012663 0.078738
0 0.157680 0.528493 0.012255 0.079044
0 0.415441 0.225184 0.090686 0.067402
0 0.502042 0.228094 0.085784 0.052390
0 0.152982 0.336091 0.049428 0.044730
0 0.672794 0.233609 0.044118 0.052390
0 0.104575 0.463388 0.067810 0.084865
0 0.591503 0.223652 0.087418 0.061275
0 0.148080 0.084712 0.042892 0.134498
0 0.198529 0.076900 0.048203 0.152574
0 0.248979 0.078585 0.050245 0.152267
0 0.306781 0.086244 0.060458 0.136336
0 0.364788 0.091605 0.054739 0.128676
0 0.414828 0.102941 0.046160 0.105392
0 0.463235 0.102482 0.050654 0.103860
0 0.514297 0.103707 0.050654 0.101409
0 0.563725 0.100643 0.047386 0.097733
0 0.168913 0.429381 0.057598 0.054841
0 0.722835 0.424939 0.032271 0.056373
0 0.690155 0.101409 0.063317 0.099265
0 0.793096 0.223499 0.046977 0.071385
0 0.623979 0.100490 0.069036 0.098039
0 0.891953 0.223652 0.050245 0.066176
0 0.941176 0.230392 0.049837 0.053309
0 0.983047 0.222120 0.033905 0.071691
0 0.843546 0.231618 0.051471 0.053309
0 0.898693 0.099877 0.075980 0.101716
0 0.724060 0.235294 0.053513 0.037990
0 0.827002 0.105086 0.067402 0.087010
0 0.755310 0.099571 0.065359 0.102328
0 0.965891 0.098039 0.055147 0.105392
