0 0.418913 0.653186 0.067402 0.068015
0 0.347631 0.662684 0.071078 0.077819
0 0.270629 0.677849 0.071487 0.074449
0 0.189951 0.683517 0.082516 0.070466
0 0.640523 0.620404 0.066176 0.069853
0 0.705882 0.609375 0.058007 0.068627
0 0.770016 0.600337 0.059641 0.065870
0 0.828840 0.589767 0.055556 0.069240
0 0.890319 0.584099 0.063317 0.066483
0 0.951797 0.573223 0.052288 0.066789
0 0.118668 0.553156 0.047794 0.100184
0 0.063725 0.554994 0.058007 0.094669
0 0.569853 0.628523 0.071078 0.076900
0 0.193627 0.572304 0.085784 0.074142
0 0.282475 0.564798 0.083742 0.074449
0 0.361111 0.557598 0.069444 0.072304
0 0.433415 0.548713 0.067810 0.066789
0 0.571691 0.715227 0.058415 0.063419
0 0.962827 0.643536 0.074346 0.057904
0 0.855596 0.666207 0.133578 0.057292
0 0.691585 0.698070 0.053922 0.059743
0 0.091299 0.689798 0.104984 0.132047
0 0.492443 0.639400 0.075572 0.071078
0 0.834763 0.507659 0.051062 0.061275
0 0.562704 0.533854 0.060049 0.071998
0 0.773897 0.793811 0.128676 0.116422
0 0.619690 0.823989 0.165033 0.114890
0 0.437296 0.868873 0.195670 0.112132
0 0.299224 0.948683 0.064134 0.053615
0 0.222631 0.964920 0.074346 0.061581
0 0.296364 0.883119 0.070670 0.062806
0 0.147672 0.829810 0.034722 0.090993
0 0.099469 0.838695 0.043709 0.081189
0 0.056168 0.850337 0.034722 0.089154
0 0.018382 0.853554 0.036765 0.083333
0 0.205678 0.780790 0.081291 0.084252
0 0.291667 0.771599 0.077614 0.078125
0 0.369894 0.752604 0.071487 0.076900
0 0.442606 0.738205 0.065768 0.075674
0 0.507353 0.727022 0.060458 0.071691
0 0.714869 0.417586 0.026961 0.091912
0 0.746324 0.417279 0.024510 0.088235
0 0.621324 0.524510 0.053105 0.068015
0 0.678309 0.521140 0.051879 0.063725
0 0.732026 0.515472 0.049020 0.058517
0 0.784314 0.509344 0.047386 0.061581
0 0.889297 0.495251 0.053922 0.070159
0 0.945466 0.491422 0.047794 0.065564
0 0.500000 0.541054 0.058007 0.063725
0 0.985090 0.405637 0.029003 0.074142
0 0.927696 0.408241 0.024510 0.067096
0 0.897059 0.410233 0.024510 0.068015
0 0.870711 0.410846 0.024918 0.078431
0 0.844771 0.413450 0.022059 0.089767
0 0.813113 0.407475 0.032271 0.093137
0 0.779412 0.412224 0.029412 0.096507
0 0.956495 0.405944 0.024918 0.068627
0 0.631536 0.705270 0.056373 0.061887
0 0.164011 0.445466 0.034722 0.101716
0 0.782271 0.192249 0.035131 0.097120
0 0.503268 0.305147 0.023693 0.087623
0 0.535948 0.307598 0.027778 0.083333
0 0.570670 0.300705 0.031863 0.097120
0 0.605596 0.300705 0.024918 0.094056
0 0.636234 0.301011 0.032271 0.091605
0 0.674020 0.300705 0.035131 0.090993
0 0.708129 0.300398 0.029820 0.087316
0 0.737745 0.301930 0.023693 0.084252
0 0.770016 0.302083 0.026961 0.087623
0 0.795956 0.301011 0.022467 0.088542
0 0.823529 0.301930 0.028595 0.084252
0 0.851716 0.301777 0.023693 0.083946
0 0.877451 0.302083 0.022059 0.087623
0 0.963848 0.301471 0.035539 0.080270
0 0.911356 0.301471 0.036765 0.080270
0 0.467933 0.304841 0.034722 0.087010
0 0.879902 0.206036 0.039216 0.072610
0 0.430147 0.304075 0.032680 0.085478
0 0.330065 0.301317 0.044118 0.092218
0 0.581904 0.416667 0.034722 0.105392
0 0.542892 0.427237 0.033497 0.095895
0 0.505719 0.428156 0.036765 0.094669
0 0.464665 0.429688 0.036356 0.097733
0 0.423611 0.430913 0.035948 0.100184
0 0.382149 0.439032 0.034722 0.088848
0 0.343954 0.438266 0.039216 0.090380
0 0.299837 0.439491 0.040850 0.089767
0 0.210172 0.442862 0.045343 0.099571
0 0.047590 0.452665 0.062500 0.076287
0 0.109886 0.448989 0.056373 0.075061
0 0.100490 0.367800 0.062092 0.075061
0 0.037990 0.368566 0.059641 0.082721
0 0.237337 0.294730 0.042484 0.090686
0 0.283088 0.298866 0.044118 0.093444
0 0.391544 0.303002 0.037173 0.083333
0 0.648284 0.426471 0.028595 0.079044
0 0.985294 0.203738 0.029412 0.083333
0 0.918505 0.208487 0.030637 0.080576
0 0.146650 0.143076 0.049020 0.112132
0 0.088031 0.250766 0.069853 0.085478
0 0.023897 0.251225 0.047794 0.092525
0 0.083129 0.155484 0.064134 0.090993
0 0.021650 0.152114 0.043301 0.100184
0 0.527778 0.049632 0.044118 0.096201
0 0.576389 0.050705 0.043301 0.098346
0 0.621936 0.054994 0.037173 0.106924
0 0.668709 0.056832 0.040850 0.107537
0 0.714869 0.063113 0.039216 0.117034
0 0.755515 0.067249 0.034722 0.109988
0 0.798611 0.071232 0.035948 0.108762
0 0.835376 0.082721 0.027778 0.098039
0 0.933211 0.089308 0.031454 0.102022
0 0.892157 0.086550 0.039216 0.108762
0 0.202614 0.151042 0.058824 0.121936
0 0.953431 0.206495 0.031046 0.076593
0 0.258170 0.156710 0.047386 0.117953
0 0.366013 0.162837 0.051471 0.108762
0 0.821487 0.194393 0.036765 0.089154
0 0.748570 0.187347 0.029003 0.096507
0 0.714461 0.185049 0.032680 0.098652
0 0.677696 0.182904 0.038399 0.102941
0 0.867647 0.786612 0.031046 0.065870
0 0.909722 0.779565 0.025327 0.072610
0 0.937500 0.772978 0.019608 0.071691
0 0.959967 0.769148 0.015523 0.070159
0 0.983252 0.763634 0.021242 0.074449
0 0.639706 0.185049 0.031863 0.104167
0 0.597426 0.180147 0.042892 0.100490
0 0.555556 0.176930 0.038399 0.103248
0 0.511438 0.172028 0.040033 0.105699
0 0.465686 0.169730 0.046569 0.110294
0 0.417892 0.166820 0.040850 0.107537
0 0.309436 0.158241 0.051879 0.114890
0 0.682394 0.424020 0.027369 0.077206
0 0.251838 0.440870 0.038807 0.104779
