0 0.459115 0.292187 0.043229 0.052344
0 0.771615 0.739062 0.075521 0.081250
0 0.395833 0.219727 0.054167 0.054297
0 0.396354 0.289062 0.046875 0.057813
0 0.569531 0.740039 0.071354 0.090234
0 0.468229 0.739258 0.080208 0.091016
0 0.517708 0.397266 0.035417 0.095312
0 0.521875 0.276562 0.037500 0.099219
0 0.517188 0.164258 0.058333 0.094922
0 0.455729 0.215039 0.048958 0.049609
0 0.674479 0.726758 0.073958 0.075391
0 0.097656 0.549219 0.024479 0.082031
0 0.283594 0.227344 0.044271 0.071875
0 0.025781 0.418164 0.027604 0.098047
0 0.205990 0.242383 0.048438 0.078516
0 0.272656 0.850195 0.065104 0.055859
0 0.189583 0.836914 0.079167 0.069922
0 0.154167 0.244141 0.045833 0.071094
0 0.087240 0.287109 0.049479 0.076563
0 0.058854 0.418164 0.032292 0.093359
0 0.034375 0.286328 0.053125 0.077344
0 0.329167 0.124609 0.050000 0.063281
0 0.277083 0.129492 0.040625 0.059766
0 0.196615 0.133594 0.053646 0.081250
0 0.140365 0.130664 0.045312 0.068359
0 0.057031 0.161523 0.034896 0.105078
0 0.022135 0.163867 0.031771 0.102734
0 0.455990 0.132422 0.046354 0.049219
0 0.339844 0.225000 0.043229 0.067187
0 0.105729 0.417187 0.037500 0.086719
0 0.036719 0.553125 0.033854 0.085938
0 0.230990 0.513672 0.040104 0.064062
0 0.188281 0.511133 0.033854 0.058984
0 0.228906 0.418555 0.048438 0.073047
0 0.157031 0.416016 0.051562 0.065625
0 0.330729 0.297852 0.050000 0.056641
0 0.273698 0.292578 0.046354 0.055469
0 0.009115 0.552539 0.018229 0.084766
0 0.213281 0.327539 0.044271 0.056641
0 0.052865 0.853906 0.105729 0.060937
0 0.108594 0.770898 0.046354 0.071484
0 0.040885 0.779297 0.057813 0.083594
0 0.050260 0.673242 0.032813 0.082422
0 0.015365 0.665625 0.030729 0.088281
0 0.071615 0.549609 0.024479 0.081250
0 0.163542 0.328906 0.042708 0.054688
0 0.390365 0.117969 0.046354 0.075000
0 0.936979 0.423047 0.030208 0.075781
0 0.636458 0.517578 0.050000 0.069531
0 0.632292 0.430078 0.053125 0.066406
0 0.807292 0.302148 0.076042 0.047266
0 0.727604 0.330664 0.066667 0.078516
0 0.650000 0.322266 0.067708 0.064062
0 0.580469 0.322266 0.053646 0.066406
0 0.731250 0.240234 0.064583 0.074219
0 0.657813 0.233594 0.070833 0.079687
0 0.579688 0.240234 0.061458 0.063281
0 0.808854 0.129102 0.072917 0.047266
0 0.728646 0.151953 0.059375 0.074219
0 0.659635 0.142383 0.068229 0.080859
0 0.583594 0.142187 0.053646 0.064062
0 0.579167 0.424609 0.041667 0.069531
0 0.514323 0.511328 0.044271 0.066406
0 0.461719 0.519531 0.048438 0.048438
0 0.402344 0.519922 0.046354 0.053906
0 0.336719 0.519727 0.049479 0.051172
0 0.276302 0.523828 0.048438 0.054688
0 0.460156 0.445117 0.048438 0.052734
0 0.401823 0.446680 0.048438 0.051953
0 0.342708 0.441016 0.045833 0.056250
0 0.285938 0.440820 0.048958 0.055859
0 0.458594 0.382617 0.039062 0.049609
0 0.404167 0.379883 0.046875 0.048828
0 0.346094 0.377148 0.047396 0.050391
0 0.544010 0.620898 0.075521 0.094922
0 0.637240 0.621289 0.072396 0.086328
0 0.691146 0.426953 0.058333 0.062500
0 0.743490 0.422461 0.046354 0.058203
0 0.792188 0.423828 0.036458 0.058594
0 0.804948 0.369336 0.071354 0.045703
0 0.170052 0.625977 0.077604 0.095703
0 0.793490 0.518750 0.036979 0.078906
0 0.934635 0.940234 0.123438 0.045312
0 0.903125 0.801172 0.120833 0.045312
0 0.915885 0.718164 0.106771 0.023828
0 0.916927 0.695312 0.111979 0.021094
0 0.913802 0.672461 0.111979 0.023828
0 0.900781 0.606250 0.107813 0.019531
0 0.896615 0.585156 0.107813 0.018750
0 0.896615 0.562305 0.107813 0.023828
0 0.967969 0.422461 0.030729 0.072266
0 0.748698 0.512500 0.047396 0.064062
0 0.904427 0.424609 0.028646 0.074219
0 0.713542 0.607422 0.063542 0.065625
0 0.871875 0.425000 0.031250 0.077344
0 0.947917 0.300195 0.030208 0.075391
0 0.916667 0.299805 0.026042 0.076953
0 0.883073 0.302344 0.026562 0.079687
0 0.951823 0.156445 0.096354 0.021484
0 0.949479 0.131250 0.101042 0.021875
0 0.760938 0.850586 0.071875 0.070703
0 0.689583 0.849609 0.064583 0.071094
0 0.601562 0.845313 0.062500 0.071094
0 0.532552 0.840625 0.068229 0.073438
0 0.399219 0.852344 0.082812 0.039844
0 0.694010 0.515820 0.051562 0.066016
0 0.459896 0.622656 0.072917 0.098437
0 0.576042 0.512109 0.051042 0.072656
0 0.982812 0.300977 0.033333 0.074609
0 0.274740 0.623437 0.078646 0.090625
0 0.358594 0.622852 0.077604 0.084766
0 0.787500 0.608203 0.067708 0.076563
0 0.367708 0.736523 0.090625 0.094922
0 0.290365 0.378125 0.045312 0.052344
0 0.274479 0.740430 0.068750 0.098047
0 0.183333 0.733984 0.079167 0.085156
