0 0.106378 0.277524 0.076627 0.035817
0 0.487800 0.491346 0.050942 0.040865
0 0.425086 0.488341 0.048801 0.049760
0 0.365368 0.487740 0.048373 0.043269
0 0.191781 0.279207 0.075342 0.034375
0 0.287029 0.282933 0.085188 0.029327
0 0.298159 0.491346 0.028682 0.050481
0 0.243793 0.490625 0.047517 0.049038
0 0.190711 0.495312 0.033818 0.043990
0 0.150257 0.494832 0.041096 0.047837
0 0.106807 0.493990 0.037243 0.048558
0 0.040882 0.473918 0.077483 0.030529
0 0.539170 0.487380 0.038955 0.040144
0 0.035317 0.369832 0.070634 0.038221
0 0.186858 0.365264 0.069777 0.048317
0 0.260916 0.364423 0.063784 0.049038
0 0.337971 0.366466 0.068065 0.048317
0 0.412885 0.367067 0.063784 0.046635
0 0.485873 0.366106 0.069349 0.047596
0 0.569349 0.363702 0.055651 0.050000
0 0.286601 0.250240 0.071490 0.028365
0 0.559289 0.280889 0.074914 0.032933
0 0.639983 0.280288 0.065068 0.034135
0 0.701199 0.270192 0.046233 0.053365
0 0.765625 0.271514 0.051798 0.053606
0 0.109803 0.366226 0.069777 0.052644
0 0.813998 0.271755 0.029538 0.056490
0 0.595676 0.488582 0.050942 0.040144
0 0.707192 0.488822 0.049658 0.045433
0 0.731164 0.150000 0.035959 0.050481
0 0.775043 0.159014 0.035531 0.036298
0 0.832192 0.149399 0.040240 0.061298
0 0.904538 0.153365 0.052226 0.057212
0 0.971104 0.181130 0.057791 0.018029
0 0.890839 0.273317 0.034247 0.054808
0 0.962543 0.258654 0.071490 0.023077
0 0.193065 0.693269 0.038527 0.014423
0 0.150257 0.694471 0.031678 0.013942
0 0.381635 0.698077 0.050086 0.026442
0 0.330051 0.697837 0.047945 0.028365
0 0.651969 0.486779 0.048801 0.046635
0 0.546019 0.659135 0.052654 0.017788
0 0.526541 0.694832 0.040240 0.030048
0 0.648759 0.679688 0.082620 0.054087
0 0.826413 0.673678 0.076627 0.046875
0 0.733519 0.676562 0.071490 0.050240
0 0.949272 0.698077 0.044949 0.036538
0 0.902183 0.701082 0.043236 0.034856
0 0.945848 0.610457 0.042380 0.039183
0 0.939426 0.536899 0.056079 0.045433
0 0.965539 0.454808 0.068921 0.046635
0 0.824914 0.487981 0.056507 0.040865
0 0.762200 0.486899 0.049229 0.039183
0 0.573416 0.697476 0.041524 0.022837
0 0.851670 0.271755 0.030394 0.054087
0 0.494007 0.441707 0.063356 0.043029
0 0.018193 0.144351 0.032106 0.053606
0 0.253425 0.841707 0.040240 0.056490
0 0.202483 0.840264 0.043664 0.058894
0 0.144906 0.841947 0.051798 0.059856
0 0.054795 0.812019 0.099315 0.011538
0 0.055223 0.854207 0.101884 0.012260
0 0.645120 0.365986 0.065925 0.047356
0 0.061644 0.639062 0.061644 0.039663
0 0.061002 0.563582 0.056079 0.039183
0 0.717038 0.365625 0.060788 0.043750
0 0.791310 0.364543 0.060360 0.047837
0 0.859161 0.364904 0.058219 0.045192
0 0.136344 0.712500 0.034675 0.015865
0 0.175728 0.710337 0.034675 0.013942
0 0.983733 0.346274 0.029966 0.025721
0 0.941353 0.345793 0.051370 0.026683
0 0.981807 0.315385 0.035531 0.027404
0 0.936216 0.316226 0.049658 0.029087
0 0.453553 0.682692 0.074914 0.050000
0 0.681293 0.149519 0.041524 0.049519
0 0.631207 0.152163 0.047517 0.047115
0 0.640411 0.094471 0.038527 0.059615
0 0.412029 0.146034 0.048373 0.050721
0 0.498502 0.165144 0.080908 0.016346
0 0.355950 0.142909 0.048373 0.050721
0 0.306721 0.145433 0.048373 0.050481
0 0.252783 0.149399 0.048373 0.050721
0 0.197132 0.144351 0.048373 0.050721
0 0.085188 0.131731 0.052226 0.067788
0 0.139769 0.132933 0.051798 0.066827
0 0.388485 0.838582 0.068065 0.047837
0 0.459118 0.840264 0.063784 0.036298
0 0.075128 0.735817 0.057791 0.030288
0 0.641267 0.835457 0.023116 0.034375
0 0.668236 0.835938 0.024829 0.027644
0 0.709974 0.830649 0.055223 0.031971
0 0.775043 0.828606 0.057791 0.033654
0 0.839683 0.825841 0.063784 0.030048
0 0.934075 0.802885 0.036815 0.055769
0 0.526327 0.836538 0.049229 0.038942
0 0.260916 0.636058 0.073202 0.053365
