0 0.298866 0.196487 0.019301 0.105392
0 0.323070 0.192810 0.027880 0.101307
0 0.348499 0.192402 0.021752 0.103758
0 0.370864 0.192198 0.022978 0.108252
0 0.394301 0.191381 0.023284 0.111520
0 0.418352 0.191789 0.021752 0.114788
0 0.308670 0.304534 0.023591 0.095997
0 0.286305 0.305760 0.021140 0.093546
0 0.332261 0.304534 0.024203 0.096814
0 0.359069 0.304126 0.025735 0.098448
0 0.381434 0.303717 0.020221 0.097631
0 0.277267 0.197304 0.022059 0.104575
0 0.265165 0.305760 0.021140 0.093546
0 0.403952 0.300654 0.020527 0.096405
0 0.024663 0.464257 0.021140 0.107435
0 0.147365 0.464052 0.026961 0.114379
0 0.145067 0.205678 0.036458 0.129493
0 0.009804 0.348039 0.019608 0.124183
0 0.031097 0.345180 0.019914 0.118464
0 0.055607 0.344363 0.026654 0.122549
0 0.083946 0.343342 0.026348 0.125408
0 0.111826 0.342525 0.030637 0.121324
0 0.253676 0.196691 0.023897 0.103350
0 0.137561 0.343137 0.018995 0.125000
0 0.006434 0.465482 0.012868 0.109886
0 0.425858 0.297794 0.020221 0.093954
0 0.047488 0.463644 0.022672 0.108660
0 0.072610 0.463031 0.026348 0.107435
0 0.097273 0.462418 0.023591 0.108660
0 0.121477 0.465074 0.023591 0.111520
0 0.160386 0.330678 0.026654 0.103350
0 0.176624 0.462623 0.031556 0.114788
0 0.023284 0.572508 0.025735 0.095180
0 0.232230 0.457312 0.025735 0.114788
0 0.099571 0.788194 0.020221 0.096814
0 0.078125 0.784314 0.021446 0.092320
0 0.054688 0.781046 0.025429 0.093954
0 0.202053 0.688317 0.027880 0.098856
0 0.176317 0.686070 0.021752 0.095997
0 0.153339 0.689747 0.020527 0.101716
0 0.130362 0.682190 0.025429 0.107026
0 0.102635 0.680556 0.022059 0.088235
0 0.081189 0.680760 0.018995 0.087827
0 0.061734 0.676266 0.020527 0.093546
0 0.036612 0.678105 0.023591 0.101307
0 0.406710 0.575980 0.026042 0.104575
0 0.378523 0.574142 0.024203 0.102533
0 0.354933 0.574346 0.025429 0.101307
0 0.206648 0.459150 0.022978 0.112745
0 0.329963 0.575980 0.023897 0.104575
0 0.249847 0.576185 0.022365 0.104984
0 0.223499 0.577410 0.026042 0.101716
0 0.191483 0.581904 0.028799 0.105801
0 0.164828 0.578636 0.024510 0.104167
0 0.140778 0.577614 0.023591 0.097222
0 0.114583 0.573938 0.026348 0.098039
0 0.090686 0.573529 0.024510 0.107843
0 0.069087 0.576797 0.018076 0.097222
0 0.049173 0.575163 0.022365 0.102941
0 0.403493 0.458129 0.033701 0.116422
0 0.372243 0.459150 0.027574 0.116013
0 0.345435 0.458538 0.026654 0.111520
0 0.319853 0.456904 0.025735 0.118873
0 0.259957 0.459150 0.026654 0.116013
0 0.300398 0.579248 0.024816 0.106209
0 0.274816 0.577206 0.028186 0.107026
0 0.289982 0.458742 0.032782 0.111928
0 0.123162 0.789624 0.026961 0.092320
0 0.808211 0.685458 0.056985 0.062908
0 0.867188 0.688317 0.059130 0.062092
0 0.861060 0.752247 0.053615 0.058415
0 0.803156 0.747549 0.053002 0.059641
0 0.746630 0.743464 0.053309 0.062092
0 0.691330 0.744281 0.054841 0.058007
0 0.688572 0.802288 0.052390 0.053105
0 0.744179 0.803922 0.056985 0.048203
0 0.800398 0.805351 0.052390 0.059232
0 0.748928 0.681985 0.058517 0.059232
0 0.856924 0.809232 0.056985 0.051471
0 0.798407 0.865196 0.053922 0.054739
0 0.742647 0.860498 0.052696 0.059232
0 0.689491 0.858660 0.052390 0.054739
0 0.634651 0.678922 0.053002 0.058824
0 0.635110 0.738766 0.052696 0.060049
0 0.635263 0.797181 0.050551 0.055964
0 0.635570 0.854167 0.049939 0.057190
0 0.584712 0.850899 0.053002 0.059641
0 0.581955 0.794118 0.048713 0.052288
0 0.854167 0.867443 0.055147 0.054330
0 0.579810 0.735907 0.052390 0.058415
0 0.692402 0.680556 0.053922 0.066993
0 0.807292 0.619690 0.053922 0.066176
0 0.486366 0.329657 0.046262 0.058007
0 0.531556 0.329248 0.044118 0.061275
0 0.579197 0.325776 0.048713 0.055964
0 0.678615 0.320466 0.148897 0.067402
0 0.678309 0.382149 0.143382 0.054330
0 0.580882 0.382557 0.046569 0.053513
0 0.535386 0.386029 0.042586 0.049020
0 0.488971 0.384804 0.047181 0.051471
0 0.492494 0.442402 0.044424 0.052288
0 0.865962 0.622141 0.058517 0.068627
0 0.537377 0.440359 0.044118 0.053105
0 0.682292 0.437500 0.144608 0.053922
0 0.678309 0.492647 0.139093 0.056373
0 0.539216 0.494281 0.133578 0.050654
0 0.494026 0.551675 0.041973 0.048611
0 0.535999 0.548407 0.038909 0.051879
0 0.578278 0.613154 0.053002 0.058824
0 0.635570 0.616217 0.055453 0.061683
0 0.679534 0.550245 0.042279 0.051471
0 0.725184 0.548611 0.045343 0.051471
0 0.584406 0.441585 0.045037 0.056373
0 0.577359 0.676675 0.047488 0.058415
0 0.524510 0.676879 0.052083 0.059641
0 0.526961 0.733252 0.045343 0.051471
0 0.418045 0.802083 0.028493 0.098448
0 0.391085 0.797794 0.024816 0.100490
0 0.366575 0.799428 0.024203 0.098039
0 0.342065 0.801062 0.021752 0.098856
0 0.334099 0.692810 0.021752 0.097222
0 0.358303 0.688113 0.024203 0.105801
0 0.383732 0.686070 0.022365 0.102533
0 0.407169 0.687092 0.025123 0.097222
0 0.307445 0.693832 0.024816 0.104167
0 0.928002 0.620098 0.055760 0.056373
0 0.279871 0.688317 0.026042 0.110294
0 0.233150 0.687500 0.025123 0.098856
0 0.243566 0.792279 0.026348 0.091912
0 0.316483 0.798611 0.027574 0.096405
0 0.291054 0.795547 0.024510 0.100899
0 0.267616 0.794322 0.020527 0.094363
0 0.213848 0.792075 0.025123 0.089052
0 0.192096 0.792688 0.017770 0.098448
0 0.171875 0.792484 0.018382 0.092320
0 0.149969 0.792279 0.022365 0.086193
0 0.255974 0.687092 0.020527 0.107026
0 0.929381 0.687500 0.051777 0.061275
0 0.921262 0.752655 0.056373 0.058415
0 0.915901 0.808619 0.053002 0.050245
0 0.530484 0.788603 0.049939 0.055147
0 0.532475 0.848856 0.044730 0.062908
0 0.482537 0.848039 0.049632 0.053922
0 0.480545 0.791667 0.043199 0.053922
0 0.476562 0.735294 0.051777 0.053922
0 0.473346 0.675654 0.040441 0.060458
0 0.783395 0.317198 0.050858 0.060049
0 0.837929 0.316789 0.053309 0.059232
0 0.892157 0.314951 0.054534 0.058007
0 0.889093 0.374387 0.058211 0.059232
0 0.884804 0.436070 0.048407 0.061683
0 0.831189 0.435662 0.055147 0.057598
0 0.833946 0.377451 0.052083 0.055556
0 0.782016 0.378268 0.043811 0.055556
0 0.781403 0.434845 0.041973 0.053513
0 0.830270 0.496324 0.152574 0.055556
0 0.548560 0.255923 0.122855 0.044526
0 0.675705 0.250204 0.128983 0.057598
0 0.775582 0.242239 0.067096 0.044118
0 0.844516 0.239992 0.066483 0.051879
0 0.910233 0.869077 0.050858 0.060049
0 0.116422 0.206087 0.021446 0.127859
0 0.091912 0.206495 0.026961 0.125408
0 0.101716 0.066585 0.030025 0.132353
0 0.037990 0.213848 0.033701 0.132761
0 0.019761 0.085784 0.031556 0.117647
0 0.045037 0.079248 0.023897 0.115196
0 0.068321 0.081495 0.025735 0.109069
0 0.133119 0.070057 0.032782 0.129493
0 0.243107 0.081904 0.022978 0.118056
0 0.267157 0.082312 0.022672 0.118873
0 0.066789 0.208538 0.022672 0.122141
0 0.312040 0.080474 0.026042 0.117647
0 0.338235 0.076389 0.023897 0.115196
0 0.362592 0.075980 0.020527 0.125000
0 0.288603 0.083742 0.020833 0.127451
0 0.385723 0.074346 0.022059 0.124183
0 0.411765 0.069036 0.028186 0.119281
0 0.009957 0.214665 0.019914 0.128676
