0 0.400260 0.810937 0.060937 0.026562
0 0.769792 0.588672 0.104167 0.029687
0 0.852083 0.559766 0.057292 0.082031
0 0.933594 0.575000 0.084896 0.071094
0 0.932552 0.698047 0.079687 0.060937
0 0.836458 0.696094 0.102083 0.036719
0 0.769010 0.675000 0.032813 0.042969
0 0.669792 0.661523 0.086458 0.033984
0 0.767969 0.555469 0.103646 0.034375
0 0.673698 0.695898 0.084896 0.031641
0 0.494531 0.702539 0.075521 0.028516
0 0.417187 0.702930 0.079167 0.027734
0 0.333333 0.658789 0.084375 0.035547
0 0.332813 0.698438 0.086458 0.039062
0 0.265625 0.683398 0.047917 0.066797
0 0.199219 0.671484 0.077604 0.032813
0 0.199479 0.703711 0.079167 0.028516
0 0.488542 0.671484 0.077083 0.030469
0 0.125521 0.675781 0.065625 0.026562
0 0.675260 0.586914 0.081771 0.030859
0 0.590104 0.588672 0.085417 0.032031
0 0.452083 0.474609 0.079167 0.032813
0 0.451302 0.442578 0.079687 0.031250
0 0.535417 0.441406 0.082292 0.032813
0 0.534375 0.474805 0.083333 0.030859
0 0.613542 0.473242 0.068750 0.030078
0 0.613281 0.439453 0.071354 0.033594
0 0.689844 0.473242 0.076563 0.030859
0 0.673958 0.556641 0.082292 0.029687
0 0.689323 0.442969 0.078646 0.030469
0 0.151302 0.593164 0.056771 0.025391
0 0.227083 0.587891 0.079167 0.030469
0 0.323437 0.586523 0.105208 0.035547
0 0.327083 0.546484 0.101042 0.042969
0 0.504427 0.558008 0.076563 0.032422
0 0.505990 0.589063 0.080729 0.028125
0 0.589063 0.555273 0.085417 0.033984
0 0.147917 0.457617 0.094792 0.072266
0 0.350260 0.471875 0.118229 0.036719
0 0.124219 0.704297 0.066146 0.027344
0 0.078385 0.771094 0.088021 0.042969
0 0.633854 0.904492 0.044792 0.044922
0 0.527083 0.912109 0.090625 0.036719
0 0.528646 0.873047 0.090625 0.039062
0 0.442188 0.867188 0.078125 0.027344
0 0.443229 0.893945 0.077083 0.023828
0 0.442708 0.920703 0.076042 0.025781
0 0.372656 0.890625 0.061979 0.026562
0 0.695573 0.908789 0.075521 0.043359
0 0.371875 0.917383 0.065625 0.023828
0 0.290365 0.917383 0.090104 0.033203
0 0.931510 0.467383 0.071354 0.076172
0 0.852344 0.437695 0.079687 0.030078
0 0.850781 0.468555 0.079687 0.027734
0 0.769531 0.469531 0.078646 0.032031
0 0.909375 0.966406 0.048958 0.067187
0 0.025521 0.902344 0.051042 0.061719
0 0.293750 0.883008 0.092708 0.030859
0 0.058854 0.689648 0.061458 0.054297
0 0.768750 0.916406 0.067708 0.028906
0 0.845833 0.906250 0.083333 0.046094
0 0.079687 0.810937 0.086458 0.037500
0 0.171615 0.761133 0.094271 0.037109
0 0.171354 0.804688 0.094792 0.046094
0 0.257812 0.783008 0.068750 0.026172
0 0.255469 0.811328 0.071354 0.026562
0 0.329948 0.810352 0.074479 0.026953
0 0.479948 0.766602 0.075521 0.036328
0 0.766927 0.885352 0.067187 0.027734
0 0.480208 0.807031 0.076042 0.039062
0 0.553125 0.786914 0.064583 0.024609
0 0.553906 0.759766 0.066146 0.027344
0 0.631250 0.803320 0.088542 0.038672
0 0.715365 0.808789 0.073438 0.028516
0 0.714063 0.778906 0.073958 0.028906
0 0.827083 0.776367 0.058333 0.086328
0 0.920312 0.798242 0.064583 0.070703
0 0.553385 0.812500 0.065104 0.025781
0 0.100521 0.912109 0.093750 0.041406
0 0.196615 0.912500 0.094271 0.039844
0 0.633594 0.348242 0.048438 0.061328
0 0.139583 0.348633 0.042708 0.062109
0 0.284375 0.340234 0.052083 0.084375
0 0.354687 0.363477 0.084375 0.030078
0 0.354167 0.329883 0.085417 0.036328
0 0.439063 0.364648 0.081250 0.030078
0 0.440104 0.330859 0.083333 0.033594
0 0.525781 0.333984 0.084896 0.033594
0 0.527344 0.364844 0.081771 0.028125
0 0.681250 0.347852 0.046875 0.062109
0 0.731510 0.342383 0.052604 0.070703
0 0.792969 0.337109 0.061979 0.081250
0 0.932292 0.358789 0.072917 0.068359
0 0.788802 0.216211 0.072396 0.030078
0 0.857812 0.340234 0.065625 0.075000
0 0.714844 0.223828 0.069271 0.076563
0 0.040625 0.218555 0.071875 0.030859
0 0.042708 0.248828 0.068750 0.028125
0 0.114583 0.218164 0.071875 0.025391
0 0.114323 0.247461 0.073438 0.030078
0 0.190104 0.234570 0.075000 0.055078
0 0.788281 0.246680 0.074479 0.030859
0 0.339844 0.238281 0.066146 0.050000
0 0.267188 0.248828 0.075000 0.028125
0 0.243750 0.475195 0.091667 0.033984
0 0.244010 0.438867 0.091146 0.037109
0 0.519531 0.225391 0.094271 0.078125
0 0.624219 0.238867 0.111979 0.051172
0 0.429688 0.239453 0.081250 0.049219
