0 0.680760 0.700674 0.052696 0.096814
0 0.741626 0.703278 0.059232 0.101409
0 0.807598 0.706955 0.059641 0.094056
0 0.872958 0.707414 0.058007 0.099877
0 0.936070 0.711703 0.055964 0.094363
0 0.168096 0.785386 0.036356 0.087316
0 0.053717 0.773591 0.034722 0.077206
0 0.091299 0.777267 0.033905 0.085784
0 0.127859 0.778186 0.035131 0.085172
0 0.206087 0.788603 0.033088 0.076593
0 0.243260 0.788909 0.028186 0.084559
0 0.625408 0.698376 0.050654 0.101409
0 0.018791 0.773438 0.031046 0.080576
0 0.570874 0.693015 0.047794 0.092525
0 0.163807 0.673866 0.024510 0.083640
0 0.474469 0.695006 0.042075 0.088542
0 0.424837 0.690257 0.045752 0.094975
0 0.369894 0.685968 0.054330 0.086397
0 0.316993 0.685355 0.044118 0.087623
0 0.279003 0.682751 0.030229 0.083027
0 0.241422 0.678156 0.031046 0.090380
0 0.215278 0.678768 0.018791 0.090993
0 0.191176 0.677849 0.026144 0.092218
0 0.275735 0.793811 0.026961 0.080882
0 0.135212 0.672181 0.026144 0.085784
0 0.106209 0.672181 0.027778 0.079657
0 0.078636 0.671569 0.019199 0.082108
0 0.050858 0.672641 0.029003 0.068934
0 0.518791 0.694700 0.042484 0.089154
0 0.314338 0.796109 0.032271 0.086703
0 0.740400 0.836091 0.037173 0.097426
0 0.392974 0.803462 0.027778 0.091605
0 0.708538 0.971201 0.055964 0.056373
0 0.654616 0.969669 0.043709 0.060662
0 0.613358 0.958793 0.037173 0.080576
0 0.554330 0.962929 0.047386 0.071691
0 0.507557 0.960478 0.046160 0.079044
0 0.416258 0.951593 0.041667 0.094363
0 0.371119 0.952972 0.043709 0.094056
0 0.328636 0.948683 0.037173 0.085478
0 0.285539 0.940717 0.043301 0.096507
0 0.247549 0.926930 0.026961 0.098346
0 0.212827 0.923407 0.036765 0.088848
0 0.164216 0.926930 0.041667 0.090993
0 0.124183 0.921415 0.031046 0.078125
0 0.089052 0.913603 0.032680 0.084559
0 0.354779 0.800245 0.043709 0.080882
0 0.055147 0.910846 0.027778 0.077206
0 0.948325 0.851409 0.041258 0.109069
0 0.902369 0.847886 0.037582 0.111213
0 0.859477 0.842065 0.037582 0.100797
0 0.820057 0.839001 0.037990 0.103248
0 0.781250 0.836397 0.033088 0.097426
0 0.021650 0.670496 0.023693 0.072610
0 0.702410 0.833180 0.033905 0.089154
0 0.661560 0.826746 0.041258 0.103248
0 0.590686 0.818627 0.031046 0.091912
0 0.558211 0.817555 0.032271 0.087929
0 0.526552 0.813572 0.027778 0.094669
0 0.492239 0.809896 0.038399 0.081189
0 0.456495 0.807598 0.026552 0.085172
0 0.424632 0.806219 0.028186 0.083640
0 0.022672 0.905790 0.032271 0.086091
0 0.971814 0.567555 0.048203 0.106924
0 0.508578 0.573683 0.041667 0.093444
0 0.869690 0.571691 0.044935 0.104779
0 0.311887 0.425705 0.050245 0.092218
0 0.267565 0.426164 0.034314 0.091912
0 0.228350 0.428002 0.035131 0.089461
0 0.192198 0.427237 0.031454 0.087316
0 0.111520 0.430147 0.038399 0.088848
0 0.067606 0.432138 0.039624 0.079963
0 0.024918 0.436121 0.033497 0.083640
0 0.961193 0.251532 0.056373 0.107230
0 0.872958 0.258578 0.038399 0.110907
0 0.833946 0.263480 0.036356 0.106618
0 0.788399 0.267310 0.044118 0.108150
0 0.744281 0.271599 0.044935 0.100797
0 0.703636 0.273438 0.036356 0.098346
0 0.664624 0.275582 0.030229 0.094056
0 0.623775 0.278646 0.031046 0.092831
0 0.579861 0.282935 0.038807 0.088542
0 0.540645 0.287684 0.029820 0.089461
0 0.501430 0.287990 0.037173 0.088848
0 0.464052 0.290748 0.028595 0.085784
0 0.427696 0.291513 0.037582 0.083640
0 0.395629 0.295803 0.026552 0.085478
0 0.352328 0.305453 0.045343 0.087010
0 0.309232 0.308058 0.038399 0.086091
0 0.263276 0.308517 0.045343 0.083333
0 0.219771 0.310049 0.040850 0.084559
0 0.179943 0.313266 0.037173 0.077512
0 0.143382 0.316176 0.032680 0.079657
0 0.106822 0.319393 0.032271 0.077512
0 0.067606 0.319393 0.036356 0.075061
0 0.359681 0.423407 0.037173 0.097426
0 0.921773 0.568015 0.053513 0.109681
0 0.403391 0.422947 0.042075 0.097120
0 0.503268 0.416513 0.053922 0.096507
0 0.812704 0.548407 0.060049 0.099877
0 0.756944 0.568474 0.030229 0.108762
0 0.717933 0.566330 0.037990 0.093444
0 0.668913 0.570619 0.035539 0.090380
0 0.694853 0.506740 0.022059 0.017157
0 0.670547 0.501225 0.022467 0.023284
0 0.598652 0.571998 0.043709 0.089461
0 0.555351 0.570925 0.042892 0.088542
0 0.461806 0.572151 0.043709 0.093444
0 0.418913 0.584406 0.043709 0.059743
0 0.371528 0.583487 0.051062 0.056679
0 0.383987 0.523897 0.066176 0.049020
0 0.327819 0.559436 0.032271 0.102328
0 0.283088 0.557751 0.049020 0.106924
0 0.237337 0.556985 0.039216 0.097426
0 0.193627 0.554228 0.047386 0.102328
0 0.147672 0.555760 0.041258 0.102328
0 0.107435 0.554994 0.033497 0.101409
0 0.072712 0.553309 0.030229 0.094975
0 0.771446 0.964767 0.042892 0.070466
0 0.981209 0.397978 0.037582 0.121324
0 0.934436 0.403033 0.052696 0.108762
0 0.872958 0.404259 0.061275 0.106311
0 0.815564 0.405944 0.045343 0.104779
0 0.760621 0.406250 0.054739 0.102328
0 0.703023 0.407935 0.048203 0.103860
0 0.658088 0.409620 0.040850 0.107843
0 0.606209 0.412377 0.055556 0.102941
0 0.552492 0.416820 0.033905 0.098346
0 0.448529 0.419271 0.043301 0.100797
0 0.040033 0.553922 0.030229 0.094363
0 0.011846 0.323376 0.017157 0.078125
0 0.034926 0.324602 0.025735 0.076287
