0 0.341299 0.482537 0.024918 0.075980
0 0.367647 0.481158 0.022876 0.081801
0 0.393791 0.482384 0.019608 0.078738
0 0.418913 0.483150 0.027369 0.074142
0 0.448938 0.486520 0.026144 0.063725
0 0.089257 0.499540 0.043709 0.051777
0 0.551675 0.350797 0.054330 0.089461
0 0.501225 0.358762 0.039216 0.077819
0 0.452819 0.361060 0.049428 0.071385
0 0.398284 0.361979 0.053105 0.072610
0 0.312296 0.363358 0.095180 0.078431
0 0.230801 0.368260 0.049020 0.071078
0 0.183415 0.360600 0.036765 0.068015
0 0.141136 0.354013 0.037990 0.054228
0 0.027369 0.373009 0.054739 0.067096
0 0.139910 0.497702 0.047794 0.053002
0 0.192198 0.491422 0.047794 0.063113
0 0.478554 0.485141 0.027369 0.066483
0 0.246119 0.494485 0.046160 0.055760
0 0.284109 0.484528 0.024101 0.076900
0 0.312296 0.484835 0.024918 0.072610
0 0.510008 0.483456 0.029003 0.069853
0 0.340074 0.575521 0.019199 0.055453
0 0.583333 0.486826 0.041667 0.063113
0 0.033292 0.207874 0.042075 0.149816
0 0.092729 0.214461 0.057190 0.139706
0 0.149306 0.211550 0.054330 0.143076
0 0.206495 0.227175 0.049428 0.112439
0 0.274101 0.211397 0.053105 0.132353
0 0.344567 0.211397 0.071487 0.117647
0 0.411356 0.208946 0.058007 0.123162
0 0.481209 0.186428 0.069444 0.166360
0 0.568015 0.179075 0.081291 0.176164
0 0.543709 0.484681 0.032680 0.065564
0 0.646855 0.186275 0.067402 0.159314
0 0.807394 0.172488 0.067402 0.177696
0 0.885621 0.172181 0.080065 0.176471
0 0.956291 0.161918 0.049837 0.073223
0 0.671977 0.360754 0.053105 0.065257
0 0.874387 0.472733 0.066585 0.078431
0 0.802288 0.473499 0.066176 0.078125
0 0.734069 0.505515 0.064542 0.016544
0 0.674837 0.477482 0.037582 0.076287
0 0.630923 0.477635 0.041258 0.079044
0 0.729371 0.173560 0.082925 0.180453
0 0.734681 0.350950 0.065768 0.082414
0 0.802696 0.350950 0.063725 0.082414
0 0.861724 0.346354 0.051062 0.087316
0 0.382761 0.678768 0.034314 0.054841
0 0.348856 0.679075 0.025327 0.059130
0 0.313725 0.689185 0.037582 0.020527
0 0.265114 0.675245 0.031863 0.069240
0 0.236111 0.677696 0.022876 0.064338
0 0.206904 0.676011 0.028186 0.065257
0 0.176471 0.676011 0.028595 0.060968
0 0.130719 0.680300 0.053105 0.065870
0 0.068015 0.684436 0.056781 0.060049
0 0.017157 0.682292 0.034314 0.061887
0 0.781863 0.785692 0.034314 0.053002
0 0.739379 0.767616 0.022876 0.044424
0 0.707925 0.786765 0.033497 0.050858
0 0.668096 0.768382 0.030637 0.080270
0 0.634600 0.764093 0.027369 0.072917
0 0.604575 0.756434 0.019608 0.058824
0 0.578023 0.761795 0.024510 0.072610
0 0.412377 0.673866 0.017565 0.065257
0 0.434845 0.675551 0.022467 0.064338
0 0.462010 0.676930 0.025327 0.059130
0 0.489379 0.675092 0.024510 0.060968
0 0.311887 0.575521 0.027369 0.049939
0 0.270425 0.587623 0.026961 0.063113
0 0.238358 0.587316 0.030637 0.062500
0 0.206291 0.586244 0.026961 0.065870
0 0.175041 0.594516 0.032271 0.049326
0 0.136846 0.595741 0.031863 0.051777
0 0.098652 0.595435 0.037990 0.055453
0 0.055964 0.586091 0.038399 0.073529
0 0.545956 0.771293 0.030637 0.081801
0 0.014910 0.590839 0.029820 0.064645
0 0.845180 0.668199 0.026961 0.065564
0 0.816789 0.666667 0.021650 0.065564
0 0.775123 0.680913 0.051879 0.038297
0 0.723243 0.668045 0.036356 0.060968
0 0.673407 0.669424 0.059232 0.062500
0 0.612132 0.681219 0.046977 0.034620
0 0.555351 0.687347 0.052696 0.035233
0 0.514502 0.672947 0.020016 0.067096
0 0.877042 0.667126 0.029412 0.064645
0 0.516953 0.763021 0.021650 0.067708
0 0.486520 0.773131 0.034314 0.083027
0 0.455270 0.770833 0.023284 0.082108
0 0.948121 0.539828 0.027778 0.072917
0 0.982435 0.418811 0.035131 0.077819
0 0.943015 0.418505 0.035539 0.077819
0 0.501225 0.583027 0.035948 0.064951
0 0.540645 0.579197 0.032271 0.070772
0 0.581087 0.583333 0.037173 0.068015
0 0.615809 0.575368 0.026552 0.058824
0 0.657067 0.578278 0.033088 0.065870
0 0.467933 0.583333 0.027369 0.069853
0 0.705882 0.589001 0.048203 0.047488
0 0.773489 0.571232 0.020833 0.062194
0 0.804534 0.577206 0.031454 0.065564
0 0.837418 0.574449 0.026144 0.064338
0 0.877042 0.576134 0.038399 0.067708
0 0.020425 0.504136 0.025327 0.045037
0 0.049428 0.494485 0.028595 0.061275
0 0.979167 0.292433 0.031863 0.080576
0 0.943627 0.292126 0.031046 0.079963
0 0.745507 0.575674 0.029412 0.066789
0 0.369485 0.580116 0.029820 0.059130
0 0.432394 0.582108 0.033088 0.063113
0 0.929330 0.671875 0.032680 0.026961
0 0.423407 0.776654 0.033088 0.083333
0 0.391953 0.773131 0.025735 0.086703
0 0.360703 0.766391 0.030229 0.071998
0 0.398693 0.577206 0.023693 0.061275
0 0.281454 0.766238 0.021242 0.075368
0 0.241626 0.777114 0.033905 0.084252
0 0.210172 0.779105 0.022467 0.090686
0 0.183824 0.768842 0.018791 0.060355
0 0.982230 0.537684 0.034722 0.073529
0 0.147467 0.786305 0.028595 0.076287
0 0.092116 0.778033 0.019199 0.079350
0 0.062704 0.787990 0.033905 0.075980
0 0.033292 0.784467 0.020833 0.082414
0 0.010212 0.786458 0.020425 0.077206
0 0.977533 0.776195 0.031863 0.075061
0 0.940155 0.766544 0.024101 0.081495
0 0.911969 0.775888 0.022467 0.079350
0 0.974673 0.661918 0.050654 0.047488
0 0.118056 0.785080 0.027778 0.076900
0 0.312296 0.766391 0.028186 0.073836
0 0.611928 0.353860 0.055556 0.081495
