0 0.444271 0.487305 0.036458 0.089453
0 0.407292 0.478711 0.032292 0.097266
0 0.821875 0.954688 0.038542 0.088281
0 0.334115 0.175000 0.025521 0.110937
0 0.305469 0.184180 0.028646 0.099609
0 0.274740 0.171680 0.029687 0.115234
0 0.238281 0.176563 0.026562 0.103125
0 0.214583 0.191406 0.014583 0.073438
0 0.186979 0.158008 0.029167 0.156641
0 0.159375 0.159961 0.027083 0.145703
0 0.134635 0.163086 0.016146 0.137109
0 0.366927 0.159180 0.033854 0.144922
0 0.114844 0.171484 0.017188 0.122656
0 0.060156 0.164258 0.025521 0.130078
0 0.034635 0.174805 0.015104 0.104297
0 0.010937 0.164062 0.018750 0.130469
0 0.806250 0.672461 0.037500 0.118359
0 0.895312 0.676172 0.053125 0.141406
0 0.948698 0.685937 0.047396 0.119531
0 0.984375 0.550977 0.030208 0.116016
0 0.946354 0.532422 0.039583 0.113281
0 0.091667 0.180664 0.025000 0.101953
0 0.901563 0.519727 0.045833 0.138672
0 0.405729 0.164453 0.032292 0.134375
0 0.471354 0.158594 0.033333 0.136719
0 0.268750 0.590430 0.029167 0.092578
0 0.303906 0.602930 0.034896 0.086328
0 0.336198 0.609961 0.018229 0.074609
0 0.385677 0.634180 0.032813 0.047266
0 0.417448 0.616016 0.026562 0.093750
0 0.444271 0.611328 0.020833 0.107813
0 0.484115 0.608789 0.035937 0.119922
0 0.523438 0.627148 0.023958 0.106641
0 0.438802 0.163867 0.028646 0.130859
0 0.551562 0.635742 0.033333 0.101172
0 0.638542 0.647266 0.034375 0.100000
0 0.683073 0.654297 0.027604 0.111719
0 0.714583 0.662109 0.031250 0.107813
0 0.758594 0.659961 0.041146 0.126953
0 0.624740 0.157812 0.035937 0.133594
0 0.584896 0.151367 0.039583 0.151172
0 0.543750 0.156250 0.042708 0.150781
0 0.503906 0.192188 0.029687 0.076563
0 0.595573 0.638867 0.047396 0.101953
0 0.236979 0.596484 0.032292 0.080469
0 0.856510 0.525195 0.038021 0.111328
0 0.770833 0.521875 0.034375 0.098437
0 0.373698 0.846875 0.028646 0.102344
0 0.854688 0.969727 0.028125 0.058203
0 0.345833 0.840625 0.023958 0.102344
0 0.320312 0.834570 0.028125 0.102734
0 0.286979 0.832227 0.028125 0.088672
0 0.259115 0.819922 0.017188 0.099219
0 0.239323 0.815039 0.021354 0.091797
0 0.212500 0.809961 0.034375 0.092578
0 0.401042 0.854688 0.025000 0.103125
0 0.182812 0.802930 0.017708 0.101953
0 0.136458 0.798438 0.018750 0.080469
0 0.114844 0.790625 0.020313 0.083594
0 0.091667 0.781445 0.026042 0.084766
0 0.071354 0.789062 0.012500 0.056250
0 0.051302 0.780469 0.024479 0.059375
0 0.027604 0.765625 0.020833 0.078906
0 0.008333 0.763672 0.013542 0.080469
0 0.098958 0.661914 0.011458 0.023047
0 0.158073 0.802344 0.022396 0.082031
0 0.813021 0.509961 0.042708 0.127734
0 0.430729 0.861133 0.028125 0.099609
0 0.490365 0.873633 0.026562 0.093359
0 0.734896 0.528711 0.035417 0.061328
0 0.698177 0.500000 0.038021 0.116406
0 0.658333 0.502148 0.027083 0.109766
0 0.623437 0.504883 0.038542 0.097266
0 0.586458 0.500586 0.032292 0.101172
0 0.550521 0.494727 0.039583 0.098047
0 0.511719 0.489648 0.025521 0.094141
0 0.481510 0.495312 0.025521 0.075781
0 0.460677 0.864453 0.025521 0.097656
0 0.789323 0.943359 0.020313 0.108594
0 0.725000 0.929102 0.032292 0.116016
0 0.695052 0.928711 0.025521 0.106641
0 0.663542 0.913672 0.025000 0.113281
0 0.634896 0.914844 0.026042 0.099219
0 0.607292 0.908984 0.030208 0.086719
0 0.572135 0.906445 0.033854 0.080078
0 0.541667 0.891602 0.028125 0.083984
0 0.514844 0.882617 0.021354 0.094922
0 0.758854 0.936914 0.028125 0.114453
0 0.205208 0.587891 0.027083 0.095312
0 0.358854 0.603711 0.022917 0.096484
0 0.145052 0.567578 0.029687 0.100000
0 0.307031 0.327539 0.034896 0.107422
0 0.334896 0.337109 0.020833 0.092969
0 0.361719 0.330469 0.030729 0.106250
0 0.395313 0.335547 0.032292 0.107813
0 0.435156 0.357812 0.045312 0.060937
0 0.480469 0.356641 0.032813 0.023438
0 0.480990 0.379492 0.039062 0.019922
0 0.522917 0.326172 0.043750 0.135937
0 0.276562 0.340625 0.022917 0.078906
0 0.564583 0.330469 0.036458 0.129688
0 0.643490 0.337891 0.027604 0.120313
0 0.684635 0.334570 0.024479 0.121484
0 0.723437 0.335352 0.036458 0.127734
0 0.763021 0.365625 0.041667 0.071875
0 0.175000 0.574805 0.030208 0.106641
0 0.838021 0.381055 0.025000 0.064453
0 0.872917 0.371289 0.028125 0.076953
0 0.913542 0.350195 0.029167 0.128516
0 0.605208 0.354687 0.040625 0.086719
0 0.247917 0.328125 0.030208 0.101562
0 0.211719 0.319141 0.035937 0.110156
0 0.172917 0.321680 0.034375 0.098047
0 0.366146 0.508008 0.035417 0.029297
0 0.329167 0.482422 0.028125 0.073438
0 0.288542 0.471875 0.035417 0.079687
0 0.254948 0.467187 0.022396 0.086719
0 0.227083 0.476562 0.013542 0.056250
0 0.206510 0.460352 0.017188 0.081641
0 0.180729 0.454492 0.026042 0.093359
0 0.156510 0.451562 0.018229 0.096875
0 0.132292 0.447070 0.023958 0.101172
0 0.102604 0.440430 0.031250 0.109766
0 0.067448 0.435156 0.026562 0.108594
0 0.041406 0.447852 0.022396 0.073047
0 0.017708 0.436719 0.022917 0.092969
0 0.007552 0.317578 0.015104 0.103906
0 0.025521 0.321094 0.021875 0.086719
0 0.048698 0.317773 0.023438 0.101172
0 0.077865 0.316992 0.033854 0.107422
0 0.110677 0.323047 0.028646 0.087500
0 0.140365 0.319531 0.026562 0.102344
0 0.955729 0.357031 0.023958 0.119531
0 0.985417 0.369141 0.029167 0.095312
0 0.807292 0.357422 0.029167 0.097656
0 0.911979 0.118555 0.026042 0.197266
0 0.345313 0.721875 0.035417 0.092969
0 0.313542 0.720703 0.025000 0.083594
0 0.283594 0.716992 0.028646 0.079297
0 0.253646 0.707227 0.026042 0.094141
0 0.972917 0.120508 0.042708 0.195703
0 0.196094 0.701758 0.021354 0.076172
0 0.168750 0.685742 0.030208 0.094141
0 0.137500 0.678516 0.028125 0.092188
0 0.379167 0.732031 0.030208 0.099219
0 0.110937 0.693164 0.018750 0.050391
0 0.049219 0.663086 0.019271 0.087109
0 0.029687 0.655664 0.014583 0.083203
0 0.010156 0.652344 0.017188 0.082812
0 0.006771 0.551953 0.013542 0.095312
0 0.027344 0.558398 0.026562 0.078516
0 0.053646 0.564648 0.026042 0.082422
0 0.082552 0.572461 0.024479 0.069141
0 0.112240 0.575000 0.031771 0.068750
0 0.072135 0.670312 0.023438 0.084375
0 0.415885 0.738086 0.039062 0.101172
0 0.222917 0.705469 0.031250 0.080469
0 0.533333 0.760547 0.031250 0.103906
0 0.859115 0.150195 0.055729 0.141797
0 0.785417 0.181836 0.031250 0.094922
0 0.702083 0.150391 0.045833 0.148438
0 0.456771 0.747070 0.039583 0.106641
0 0.888281 0.957031 0.041146 0.085938
0 0.931771 0.959375 0.042708 0.081250
0 0.981510 0.843164 0.036979 0.112109
0 0.929688 0.854688 0.051042 0.064844
0 0.878906 0.827930 0.041146 0.099609
0 0.661719 0.141602 0.025521 0.170703
0 0.790625 0.828516 0.046875 0.067187
0 0.740625 0.803516 0.032292 0.105469
0 0.707812 0.789648 0.028125 0.098047
0 0.671615 0.780469 0.024479 0.099219
0 0.636979 0.774805 0.037500 0.117578
0 0.599740 0.768164 0.035937 0.114453
0 0.566667 0.764062 0.029167 0.108594
0 0.497656 0.769336 0.036979 0.081641
0 0.841667 0.812305 0.030208 0.101953
