0 0.830678 0.538297 0.055147 0.085784
0 0.897876 0.539675 0.080065 0.088542
0 0.966912 0.434436 0.066176 0.060662
0 0.885212 0.438879 0.082516 0.051777
0 0.805964 0.439338 0.074346 0.053922
0 0.726716 0.470282 0.051471 0.029412
0 0.238358 0.281710 0.040441 0.020527
0 0.689134 0.408395 0.036765 0.057598
0 0.645425 0.404871 0.051471 0.063419
0 0.593954 0.405790 0.050654 0.065870
0 0.536560 0.405025 0.053513 0.066789
0 0.487541 0.406710 0.045343 0.067096
0 0.774101 0.549020 0.041667 0.042892
0 0.738358 0.423866 0.053513 0.045037
0 0.685049 0.504596 0.032680 0.067402
0 0.644404 0.503676 0.048611 0.065564
0 0.594975 0.504596 0.049428 0.064338
0 0.541462 0.505362 0.054330 0.065870
0 0.483456 0.507353 0.048611 0.061887
0 0.394199 0.497702 0.104575 0.084252
0 0.317402 0.506893 0.045752 0.065870
0 0.256944 0.499234 0.077614 0.081189
0 0.182190 0.501379 0.055556 0.073836
0 0.067606 0.504136 0.052696 0.072610
0 0.019199 0.502604 0.038399 0.072610
0 0.468954 0.215074 0.040850 0.022672
0 0.466912 0.236826 0.044935 0.022059
0 0.409314 0.208027 0.064542 0.079657
0 0.354779 0.214920 0.044526 0.062806
0 0.733252 0.517616 0.043301 0.041360
0 0.504493 0.312653 0.031046 0.056679
0 0.569036 0.314032 0.072712 0.047794
0 0.658292 0.306832 0.078023 0.060355
0 0.931577 0.323989 0.069853 0.021752
0 0.933007 0.299326 0.071895 0.028186
0 0.827002 0.319700 0.058415 0.033395
0 0.828227 0.289522 0.062500 0.026348
0 0.443832 0.407169 0.035539 0.068015
0 0.400735 0.404259 0.047386 0.071998
0 0.944853 0.165288 0.080065 0.048713
0 0.736111 0.306832 0.077614 0.059130
0 0.150327 0.407782 0.052288 0.061887
0 0.100694 0.408241 0.046160 0.064032
0 0.043505 0.407629 0.050245 0.062194
0 0.063113 0.297794 0.061683 0.089461
0 0.115605 0.314951 0.045752 0.055147
0 0.171569 0.299632 0.064542 0.079657
0 0.228554 0.402727 0.102533 0.074449
0 0.238562 0.316483 0.040850 0.049020
0 0.947304 0.214154 0.075980 0.049020
0 0.833333 0.207108 0.052288 0.066176
0 0.445261 0.315870 0.039216 0.044118
0 0.405229 0.313266 0.033497 0.051777
0 0.375408 0.318627 0.027778 0.041667
0 0.345180 0.319087 0.031046 0.041973
0 0.311479 0.314491 0.033905 0.049939
0 0.277369 0.314798 0.036765 0.051777
0 0.883783 0.215533 0.046977 0.052390
0 0.592933 0.212929 0.040441 0.017770
0 0.528391 0.230239 0.061683 0.032169
0 0.626838 0.234222 0.038807 0.024203
0 0.671773 0.234375 0.038807 0.017770
0 0.732435 0.203585 0.074346 0.070159
0 0.789828 0.229473 0.029820 0.024510
0 0.788194 0.202819 0.029820 0.028799
0 0.582516 0.234988 0.044118 0.022672
0 0.332925 0.408088 0.049837 0.067402
0 0.740196 0.717218 0.049020 0.045956
0 0.258578 0.221661 0.048203 0.055453
0 0.136438 0.791973 0.052288 0.030637
0 0.187092 0.790901 0.048203 0.028493
0 0.246936 0.794884 0.049428 0.024816
0 0.245915 0.768536 0.050654 0.028493
0 0.290033 0.780025 0.037582 0.056985
0 0.330065 0.780790 0.038399 0.053002
0 0.381944 0.784007 0.050654 0.049632
0 0.435662 0.783548 0.051879 0.050551
0 0.485703 0.785386 0.045752 0.046875
0 0.535743 0.785999 0.051879 0.049326
0 0.585989 0.785692 0.046977 0.049326
0 0.637051 0.785846 0.055147 0.049020
0 0.692402 0.786612 0.043301 0.053615
0 0.736520 0.784926 0.041667 0.056373
0 0.033701 0.791207 0.051062 0.032169
0 0.959763 0.887102 0.050245 0.064645
0 0.862132 0.887408 0.045343 0.062194
0 0.812908 0.888634 0.045752 0.063419
0 0.752042 0.880362 0.065359 0.075674
0 0.677900 0.854167 0.059232 0.062500
0 0.045956 0.870864 0.038807 0.075061
0 0.083333 0.870098 0.037582 0.076593
0 0.119690 0.871017 0.033497 0.077819
0 0.155229 0.871936 0.035948 0.077206
0 0.193423 0.872089 0.041258 0.078738
0 0.258170 0.864737 0.066993 0.090380
0 0.323121 0.864583 0.062908 0.090686
0 0.384600 0.856618 0.054330 0.074142
0 0.441176 0.856005 0.055556 0.074142
0 0.499387 0.871170 0.057598 0.090993
0 0.909109 0.887714 0.049428 0.062194
0 0.054534 0.705576 0.054330 0.063113
0 0.128676 0.709099 0.060458 0.051164
0 0.188521 0.706801 0.051062 0.048407
0 0.203636 0.212163 0.056781 0.075674
0 0.147263 0.210938 0.054330 0.073836
0 0.093750 0.211703 0.051062 0.071078
0 0.040441 0.212469 0.055556 0.068934
0 0.084150 0.591452 0.070261 0.086091
0 0.167892 0.592678 0.079248 0.084252
0 0.233252 0.602175 0.050654 0.067708
0 0.285948 0.600337 0.049837 0.071998
0 0.336397 0.600184 0.048611 0.071691
0 0.388072 0.600797 0.054739 0.075980
0 0.466299 0.580270 0.051879 0.062500
0 0.525327 0.588695 0.063725 0.079350
0 0.593137 0.594822 0.065359 0.085478
0 0.669526 0.593290 0.066993 0.085478
0 0.745302 0.588848 0.051062 0.033088
0 0.817198 0.620864 0.077206 0.079350
0 0.901348 0.624234 0.078023 0.080576
0 0.248366 0.707874 0.066176 0.046262
0 0.333538 0.701287 0.066585 0.063113
0 0.407680 0.704350 0.053105 0.062500
0 0.505515 0.706036 0.053513 0.063419
0 0.553922 0.704504 0.045752 0.062194
0 0.602328 0.702665 0.051062 0.065870
0 0.309232 0.225797 0.047386 0.041667
0 0.647876 0.713235 0.041667 0.050858
0 0.633987 0.214001 0.041667 0.016850
0 0.818219 0.746017 0.080065 0.069853
0 0.899918 0.751072 0.084150 0.081801
0 0.971201 0.750919 0.057598 0.082721
0 0.973039 0.633119 0.053922 0.061581
0 0.972018 0.568934 0.055964 0.063725
0 0.692402 0.716146 0.046569 0.043811
0 0.556985 0.873162 0.055964 0.094363
0 0.618260 0.855239 0.060049 0.065257
