0 0.081836 0.826823 0.033203 0.091146
0 0.116797 0.826302 0.034375 0.090104
0 0.047461 0.819792 0.033203 0.109375
0 0.166992 0.966406 0.033203 0.067187
0 0.022070 0.964844 0.034766 0.070312
0 0.851758 0.958073 0.036328 0.083854
0 0.816406 0.954948 0.032031 0.086979
0 0.750977 0.958073 0.033984 0.080729
0 0.714648 0.954948 0.032422 0.083854
0 0.679883 0.957292 0.031641 0.085417
0 0.646289 0.956510 0.035547 0.080729
0 0.611523 0.958073 0.027734 0.083854
0 0.575977 0.958594 0.032422 0.082812
0 0.540820 0.959896 0.035547 0.080208
0 0.501953 0.958073 0.033594 0.083854
0 0.014258 0.821615 0.028516 0.107813
0 0.469727 0.955990 0.030859 0.088021
0 0.403906 0.954688 0.030469 0.087500
0 0.370508 0.955729 0.032422 0.088542
0 0.337500 0.956510 0.032813 0.083854
0 0.302930 0.954427 0.032422 0.091146
0 0.268750 0.964844 0.032813 0.067187
0 0.234570 0.967187 0.033203 0.065625
0 0.201172 0.965104 0.032813 0.063542
0 0.133398 0.967448 0.033203 0.061979
0 0.098437 0.967187 0.034375 0.065625
0 0.058594 0.966146 0.034375 0.064583
0 0.436133 0.955729 0.033203 0.088542
0 0.783984 0.958073 0.028906 0.083854
0 0.676953 0.166406 0.042188 0.094271
0 0.185742 0.820573 0.032422 0.096354
0 0.217969 0.646875 0.034375 0.112500
0 0.179883 0.643750 0.038672 0.113542
0 0.141797 0.645833 0.033594 0.112500
0 0.106445 0.646094 0.036328 0.111979
0 0.070508 0.651823 0.035547 0.108854
0 0.033008 0.650260 0.038672 0.110937
0 0.036523 0.383073 0.030078 0.142187
0 0.068945 0.385937 0.031641 0.142708
0 0.101172 0.384115 0.033594 0.144271
0 0.138867 0.381510 0.036328 0.142187
0 0.175586 0.382812 0.033984 0.138542
0 0.214062 0.383333 0.035156 0.141667
0 0.247070 0.373437 0.026172 0.159375
0 0.277344 0.371615 0.034375 0.161979
0 0.313281 0.375521 0.032031 0.155208
0 0.253906 0.646615 0.035156 0.113021
0 0.289258 0.645052 0.034766 0.116146
0 0.326562 0.645312 0.033594 0.116667
0 0.364258 0.645052 0.037891 0.119271
0 0.918945 0.568750 0.055859 0.186458
0 0.866797 0.631510 0.029687 0.155729
0 0.835352 0.629427 0.033203 0.157812
0 0.802734 0.628906 0.032031 0.154688
0 0.772852 0.632552 0.027734 0.146354
0 0.742969 0.635156 0.032031 0.145313
0 0.710742 0.634115 0.029297 0.146354
0 0.347266 0.377344 0.032813 0.156771
0 0.675781 0.650000 0.035156 0.109375
0 0.610156 0.646875 0.036719 0.110417
0 0.572070 0.647396 0.036328 0.111458
0 0.536328 0.647135 0.035937 0.111979
0 0.501563 0.646875 0.032813 0.113542
0 0.468359 0.647396 0.030469 0.111458
0 0.434766 0.645312 0.036719 0.113542
0 0.400000 0.642969 0.032031 0.118229
0 0.642578 0.649740 0.028125 0.116146
0 0.973633 0.568750 0.052734 0.186458
0 0.383008 0.381771 0.032422 0.157292
0 0.446094 0.383333 0.032031 0.157292
0 0.633594 0.165104 0.042188 0.091667
0 0.591406 0.164844 0.040625 0.094271
0 0.544727 0.166146 0.045703 0.092708
0 0.497852 0.163802 0.041797 0.095312
0 0.453516 0.161979 0.042188 0.091667
0 0.408984 0.162500 0.040625 0.095833
0 0.366211 0.161198 0.041797 0.093229
0 0.321094 0.156510 0.044531 0.104688
0 0.274023 0.155990 0.048047 0.106771
0 0.227930 0.149479 0.041016 0.118750
0 0.182617 0.151042 0.046484 0.116667
0 0.135156 0.156510 0.045312 0.108854
0 0.087891 0.157552 0.047656 0.106771
0 0.040039 0.155729 0.048047 0.109375
0 0.151562 0.822917 0.034375 0.095833
0 0.720703 0.166146 0.044531 0.092708
0 0.807813 0.169792 0.044531 0.091667
0 0.850977 0.169010 0.041016 0.090104
0 0.895898 0.168490 0.048828 0.091146
0 0.491211 0.383333 0.031641 0.152083
0 0.525195 0.382031 0.030078 0.153646
0 0.553906 0.382292 0.027344 0.153125
0 0.586133 0.384115 0.033984 0.152604
0 0.623047 0.383854 0.033594 0.153125
0 0.655273 0.382552 0.028516 0.155729
0 0.687500 0.382031 0.033594 0.152604
0 0.414648 0.381250 0.030859 0.160417
0 0.721680 0.385937 0.033984 0.145833
0 0.788086 0.387500 0.033984 0.152083
0 0.821875 0.384375 0.035156 0.154167
0 0.856445 0.386458 0.030078 0.156250
0 0.887891 0.386979 0.031250 0.156250
0 0.920312 0.344792 0.033594 0.182292
0 0.979688 0.348698 0.040625 0.196354
0 0.948633 0.106771 0.053516 0.205208
0 0.754102 0.383333 0.030859 0.148958
0 0.968555 0.767188 0.058203 0.109375
0 0.764258 0.166927 0.042578 0.095312
0 0.909375 0.873958 0.057031 0.098958
0 0.913477 0.768229 0.051172 0.106250
0 0.258789 0.811979 0.035547 0.113542
0 0.297461 0.812760 0.035547 0.111979
0 0.223828 0.810677 0.034375 0.110937
0 0.332813 0.814323 0.033594 0.107813
0 0.405273 0.812500 0.030859 0.114583
0 0.440625 0.813802 0.033594 0.117188
0 0.475586 0.813281 0.034766 0.116146
0 0.510352 0.815104 0.033984 0.113542
0 0.544727 0.814583 0.032422 0.113542
0 0.369727 0.812500 0.037891 0.114583
0 0.616797 0.816927 0.034375 0.115104
0 0.652148 0.813542 0.034766 0.116667
0 0.687109 0.813281 0.034375 0.116146
0 0.723633 0.813542 0.034766 0.116667
0 0.759375 0.812500 0.034375 0.117708
0 0.794531 0.813281 0.036719 0.119271
0 0.964648 0.873437 0.051172 0.098958
0 0.580664 0.813281 0.035547 0.113021
0 0.829102 0.812240 0.030078 0.118229
0 0.862109 0.812760 0.037500 0.118229
