0 0.369281 0.789675 0.063725 0.007659
0 0.366013 0.798866 0.073529 0.010723
0 0.449755 0.800092 0.079248 0.010723
0 0.454453 0.783548 0.072304 0.011336
0 0.451593 0.754902 0.074755 0.013480
0 0.451797 0.725031 0.083333 0.043811
0 0.372141 0.724265 0.075163 0.047181
0 0.287990 0.800398 0.065359 0.016238
0 0.293913 0.747702 0.071487 0.085478
0 0.201389 0.760723 0.102124 0.112745
0 0.104575 0.908548 0.104575 0.119179
0 0.452410 0.771293 0.073938 0.012561
0 0.560458 0.753676 0.085784 0.090686
0 0.756332 0.750153 0.065768 0.099571
0 0.845792 0.750613 0.071487 0.102941
0 0.945466 0.751072 0.069853 0.095895
0 0.213031 0.910233 0.050245 0.147672
0 0.292484 0.912071 0.085784 0.139706
0 0.392974 0.909620 0.090686 0.140319
0 0.483660 0.898284 0.076797 0.118260
0 0.581495 0.901348 0.073938 0.118873
0 0.981618 0.460478 0.036765 0.124387
0 0.677696 0.921875 0.087418 0.017770
0 0.667484 0.881434 0.066993 0.058211
0 0.761234 0.925245 0.052696 0.066789
0 0.852737 0.905790 0.079657 0.120404
0 0.670956 0.754289 0.082108 0.095588
0 0.674428 0.959406 0.063725 0.027880
0 0.901348 0.456342 0.046977 0.133885
0 0.849673 0.455116 0.042484 0.130208
0 0.707721 0.305300 0.039624 0.093444
0 0.766748 0.335172 0.061275 0.040441
0 0.763072 0.284314 0.067810 0.052696
0 0.844567 0.316636 0.074755 0.081801
0 0.914624 0.297335 0.050654 0.111826
0 0.965686 0.300858 0.039216 0.100490
0 0.038603 0.446232 0.060049 0.086091
0 0.091708 0.445006 0.024918 0.088542
0 0.057394 0.577819 0.052696 0.088848
0 0.119894 0.575214 0.046977 0.083640
0 0.019404 0.698070 0.029003 0.082414
0 0.084150 0.733609 0.049020 0.136949
0 0.176879 0.615809 0.041667 0.119485
0 0.226716 0.619179 0.042484 0.110294
0 0.272467 0.618260 0.042484 0.104167
0 0.633987 0.614430 0.034314 0.113664
0 0.590278 0.614737 0.037582 0.115502
0 0.542075 0.623468 0.026144 0.089461
0 0.472631 0.617188 0.060458 0.110600
0 0.415237 0.621936 0.042075 0.098652
0 0.366217 0.621477 0.042892 0.099571
0 0.660539 0.306373 0.039216 0.099877
0 0.609886 0.315564 0.036765 0.083946
0 0.565564 0.316789 0.030637 0.077206
0 0.527982 0.312960 0.029003 0.095282
0 0.804126 0.465686 0.042075 0.117647
0 0.761846 0.459559 0.036765 0.115196
0 0.710784 0.474418 0.048203 0.091605
0 0.657680 0.475490 0.049837 0.098039
0 0.585784 0.481464 0.053922 0.086091
0 0.527574 0.474877 0.047794 0.101103
0 0.471814 0.471814 0.047386 0.098652
0 0.403186 0.473346 0.074346 0.098039
0 0.334355 0.473192 0.036356 0.106924
0 0.290441 0.471507 0.039216 0.110294
0 0.945874 0.461244 0.033905 0.117953
0 0.229167 0.471814 0.066993 0.105392
0 0.977941 0.619485 0.038399 0.077819
0 0.930556 0.612745 0.048203 0.104167
0 0.867443 0.614583 0.052696 0.094363
0 0.920139 0.906556 0.046977 0.110294
0 0.816381 0.611826 0.035539 0.108456
0 0.770833 0.613817 0.040850 0.108762
0 0.726103 0.621477 0.036356 0.090993
0 0.681781 0.621630 0.038399 0.097426
0 0.445670 0.299173 0.037582 0.121017
0 0.488766 0.322457 0.027369 0.067708
0 0.148284 0.463848 0.075163 0.114583
0 0.973039 0.893842 0.053922 0.135723
0 0.318627 0.618260 0.044118 0.101716
0 0.156046 0.087469 0.067810 0.118566
0 0.360907 0.094363 0.063317 0.115809
0 0.260008 0.074449 0.125408 0.147059
0 0.091708 0.294884 0.035539 0.131434
0 0.386642 0.302083 0.038807 0.112745
0 0.070670 0.082567 0.064542 0.130821
0 0.320261 0.309130 0.053105 0.101103
0 0.262255 0.301930 0.048203 0.113051
0 0.198121 0.299632 0.055556 0.126225
0 0.138889 0.299020 0.033497 0.121324
0 0.033292 0.283395 0.064134 0.101103
0 0.972631 0.085784 0.041667 0.132966
0 0.928717 0.108456 0.030637 0.080882
0 0.862132 0.095435 0.082108 0.100797
0 0.434641 0.091452 0.060458 0.119179
0 0.772263 0.094975 0.078023 0.097426
0 0.554330 0.094363 0.041667 0.111520
0 0.608660 0.085784 0.053922 0.136642
0 0.660539 0.103401 0.041667 0.093444
0 0.708333 0.106311 0.037582 0.089461
0 0.713031 0.039675 0.036356 0.035846
0 0.499592 0.103248 0.051471 0.098039
