0 0.823325 0.568627 0.064951 0.064338
0 0.305964 0.132506 0.044935 0.102022
0 0.265319 0.138174 0.029003 0.090074
0 0.227328 0.131281 0.042892 0.101409
0 0.175245 0.132047 0.049020 0.096201
0 0.104984 0.066330 0.062908 0.022365
0 0.107230 0.090686 0.070670 0.014093
0 0.129902 0.140319 0.035948 0.080270
0 0.088848 0.140319 0.036356 0.079657
0 0.053513 0.141391 0.025327 0.084252
0 0.017770 0.141544 0.035539 0.081495
0 0.905842 0.822610 0.043709 0.018382
0 0.927900 0.891850 0.037173 0.020833
0 0.890727 0.883272 0.028186 0.032475
0 0.795752 0.884957 0.045752 0.022365
0 0.749592 0.886336 0.039216 0.020221
0 0.348652 0.142770 0.036356 0.080882
0 0.391953 0.138327 0.042075 0.093444
0 0.433619 0.143536 0.035539 0.082414
0 0.471405 0.144301 0.029412 0.081495
0 0.260212 0.259191 0.129085 0.093137
0 0.755106 0.566330 0.054330 0.065257
0 0.119077 0.256587 0.046160 0.095282
0 0.068423 0.261336 0.042892 0.088235
0 0.947712 0.136183 0.044118 0.098346
0 0.890114 0.150582 0.026961 0.075061
0 0.845180 0.143995 0.049837 0.082108
0 0.760212 0.831189 0.044118 0.023284
0 0.792688 0.135417 0.039624 0.096814
0 0.705474 0.137408 0.040850 0.097733
0 0.663603 0.145987 0.030637 0.078125
0 0.629902 0.147978 0.032680 0.080270
0 0.199959 0.770987 0.069853 0.019301
0 0.566585 0.142463 0.023693 0.080270
0 0.534518 0.145067 0.033088 0.083027
0 0.500000 0.142310 0.025327 0.083027
0 0.749592 0.136029 0.039216 0.101103
0 0.361724 0.258578 0.051062 0.094975
0 0.710989 0.827206 0.039624 0.027574
0 0.698734 0.896446 0.051879 0.025123
0 0.140319 0.885876 0.048611 0.025429
0 0.069444 0.848499 0.049020 0.024203
0 0.069240 0.876991 0.049428 0.019914
0 0.069036 0.902574 0.048203 0.023897
0 0.021650 0.898744 0.043301 0.038909
0 0.937500 0.729626 0.052288 0.058517
0 0.783497 0.725490 0.029412 0.050245
0 0.737132 0.737439 0.051062 0.064951
0 0.114583 0.733762 0.053513 0.036152
0 0.646650 0.737592 0.045752 0.062806
0 0.591299 0.734988 0.045343 0.063113
0 0.539216 0.731924 0.050654 0.052696
0 0.482435 0.738817 0.051471 0.064645
0 0.435049 0.732537 0.038399 0.048407
0 0.391340 0.736673 0.040850 0.051164
0 0.164216 0.828125 0.051471 0.020221
0 0.207925 0.822304 0.024510 0.017770
0 0.248570 0.815104 0.044526 0.018689
0 0.299020 0.824449 0.047386 0.018995
0 0.637868 0.896906 0.048611 0.022978
0 0.587827 0.874234 0.030229 0.063419
0 0.547386 0.871017 0.030229 0.028799
0 0.507966 0.881127 0.033088 0.037377
0 0.461806 0.893382 0.038807 0.034314
0 0.456904 0.860141 0.045343 0.026042
0 0.337418 0.850031 0.050654 0.021140
0 0.513685 0.833946 0.065768 0.019608
0 0.380106 0.846354 0.026552 0.035233
0 0.338235 0.901808 0.052288 0.023591
0 0.280433 0.903339 0.046977 0.025429
0 0.258783 0.748621 0.032271 0.068321
0 0.227533 0.905331 0.051471 0.021446
0 0.197917 0.866422 0.048611 0.020221
0 0.239379 0.851562 0.026961 0.021140
0 0.275735 0.869332 0.052288 0.022978
0 0.395425 0.886489 0.044935 0.023591
0 0.406454 0.260723 0.030229 0.093137
0 0.167688 0.256587 0.046160 0.094056
0 0.602124 0.259651 0.038399 0.094056
0 0.546160 0.571691 0.048203 0.085172
0 0.498775 0.569853 0.035131 0.080270
0 0.450980 0.572151 0.041667 0.083027
0 0.401144 0.574142 0.048203 0.087010
0 0.354371 0.574908 0.040441 0.076287
0 0.312704 0.578585 0.037990 0.081189
0 0.268382 0.576900 0.043301 0.086397
0 0.227124 0.577819 0.038399 0.088848
0 0.186275 0.578278 0.034314 0.089154
0 0.147672 0.580882 0.038807 0.085172
0 0.345180 0.747089 0.041667 0.056066
0 0.088235 0.579810 0.033497 0.086091
0 0.051266 0.581495 0.033088 0.078431
0 0.015523 0.580576 0.031046 0.087623
0 0.947304 0.467065 0.043301 0.084252
0 0.890931 0.469669 0.048203 0.086397
0 0.846609 0.468903 0.033905 0.087929
0 0.600082 0.572610 0.046569 0.083946
0 0.673611 0.470129 0.030229 0.081189
0 0.648284 0.571691 0.036765 0.079044
0 0.100899 0.778646 0.087418 0.025429
0 0.884804 0.568474 0.049020 0.066483
0 0.937908 0.565411 0.040850 0.075061
0 0.980188 0.563725 0.039624 0.075368
0 0.031250 0.669271 0.062500 0.063419
0 0.112745 0.670650 0.086601 0.062500
0 0.190564 0.666820 0.059232 0.061581
0 0.248979 0.667279 0.045343 0.063113
0 0.307394 0.664982 0.064134 0.064032
0 0.373979 0.665748 0.063317 0.063113
0 0.436683 0.661458 0.062092 0.056985
0 0.504902 0.659620 0.063725 0.060049
0 0.570670 0.656250 0.060458 0.055760
0 0.639093 0.655944 0.063317 0.055147
0 0.704044 0.652880 0.058415 0.052083
0 0.784926 0.668045 0.056781 0.039522
0 0.850694 0.643689 0.070670 0.027574
0 0.957516 0.665441 0.084150 0.018995
0 0.690155 0.570159 0.034722 0.082721
0 0.441585 0.261336 0.035131 0.088235
0 0.636642 0.473652 0.033905 0.086397
0 0.520221 0.471354 0.037173 0.090993
0 0.689134 0.367953 0.040850 0.087623
0 0.574346 0.368873 0.051471 0.086397
0 0.521650 0.370558 0.048203 0.084865
0 0.400735 0.375000 0.185458 0.074142
0 0.258374 0.373621 0.043709 0.087316
0 0.210172 0.369485 0.049428 0.093750
0 0.084355 0.369792 0.042075 0.089461
0 0.035743 0.367188 0.042892 0.092218
0 0.934845 0.258578 0.034722 0.085784
0 0.895425 0.259038 0.033497 0.086703
0 0.856005 0.260110 0.033088 0.088235
0 0.819444 0.263021 0.028595 0.082414
0 0.784314 0.265319 0.035131 0.083946
0 0.744281 0.263174 0.036765 0.091912
0 0.701797 0.261489 0.033497 0.088542
0 0.671569 0.261642 0.026144 0.085784
0 0.641953 0.263940 0.032271 0.083640
0 0.813317 0.368260 0.036765 0.088235
0 0.561275 0.470895 0.033497 0.091912
0 0.858047 0.370098 0.044526 0.085784
0 0.958742 0.367494 0.045752 0.095895
0 0.479575 0.471507 0.037582 0.087010
0 0.438317 0.472733 0.040850 0.085172
0 0.908701 0.366728 0.039624 0.088235
0 0.355392 0.475490 0.038399 0.091912
0 0.316585 0.469210 0.033497 0.085478
0 0.398284 0.472273 0.038399 0.085478
0 0.228145 0.473192 0.040441 0.090380
0 0.182394 0.475950 0.038807 0.090993
0 0.135212 0.475031 0.042484 0.090993
0 0.086193 0.475337 0.041667 0.089154
0 0.031863 0.476409 0.047386 0.090686
0 0.272672 0.473805 0.043709 0.089154
0 0.302900 0.744638 0.038807 0.060968
