0 0.539462 0.581473 0.039242 0.043899
0 0.589286 0.560020 0.042769 0.040675
0 0.384700 0.579489 0.050705 0.061260
0 0.054233 0.534846 0.063492 0.036954
0 0.139991 0.572173 0.058642 0.079365
0 0.201720 0.572669 0.063051 0.076885
0 0.270723 0.572049 0.058201 0.071677
0 0.326058 0.558532 0.048942 0.069940
0 0.436067 0.579365 0.050265 0.054067
0 0.490961 0.583953 0.044533 0.041419
0 0.923721 0.548735 0.050265 0.039931
0 0.834656 0.573785 0.045855 0.039435
0 0.974868 0.581845 0.050265 0.041171
0 0.020723 0.601935 0.035273 0.045139
0 0.772487 0.590030 0.062610 0.050099
0 0.709877 0.587054 0.052910 0.051587
0 0.654982 0.588666 0.052469 0.050843
0 0.713845 0.538070 0.080247 0.036458
0 0.794753 0.536954 0.068342 0.030754
0 0.964286 0.469494 0.048501 0.043651
0 0.908069 0.467262 0.057760 0.050099
0 0.836861 0.463170 0.062610 0.056300
0 0.490961 0.533234 0.051587 0.041171
0 0.078042 0.597966 0.053792 0.044147
0 0.521825 0.667659 0.074515 0.071925
0 0.088404 0.692708 0.048060 0.057044
0 0.183642 0.887401 0.033951 0.077877
0 0.117284 0.916047 0.060847 0.027034
0 0.052469 0.916543 0.059965 0.024554
0 0.082231 0.794271 0.062169 0.032490
0 0.159612 0.779762 0.068783 0.061508
0 0.248016 0.764881 0.065697 0.057044
0 0.470018 0.781622 0.051146 0.061260
0 0.401235 0.784474 0.070547 0.056548
0 0.322531 0.783110 0.073633 0.053819
0 0.645062 0.755456 0.070547 0.045139
0 0.977293 0.786830 0.045414 0.053819
0 0.919753 0.784722 0.061728 0.053075
0 0.844797 0.785590 0.072310 0.051339
0 0.974868 0.680060 0.050265 0.053075
0 0.910273 0.678447 0.068342 0.053819
0 0.830467 0.677331 0.075397 0.058532
0 0.755732 0.676835 0.060847 0.054067
0 0.684744 0.675595 0.073192 0.058532
0 0.608907 0.681920 0.068783 0.056796
0 0.762787 0.462550 0.062610 0.055060
0 0.441578 0.669891 0.074515 0.065476
0 0.353836 0.666419 0.071869 0.069444
0 0.280423 0.672123 0.073192 0.055556
0 0.201720 0.671999 0.056878 0.051339
0 0.147487 0.661954 0.038360 0.046131
0 0.036155 0.693080 0.046737 0.057788
0 0.778660 0.418403 0.112875 0.024306
0 0.440035 0.410466 0.026455 0.019345
0 0.573413 0.454613 0.048942 0.053571
0 0.953042 0.345610 0.051587 0.088542
0 0.973104 0.237847 0.052910 0.071429
0 0.880511 0.250868 0.098765 0.046875
0 0.783730 0.232639 0.059524 0.075397
0 0.716490 0.234871 0.046737 0.068948
0 0.661155 0.230779 0.057760 0.071677
0 0.214286 0.886657 0.023810 0.069444
0 0.868827 0.102679 0.062169 0.100694
0 0.794974 0.097222 0.062610 0.111607
0 0.723545 0.094990 0.054674 0.099702
0 0.636905 0.101314 0.086861 0.087054
0 0.667549 0.344990 0.025573 0.068948
0 0.548280 0.080481 0.070106 0.117808
0 0.286155 0.092262 0.141975 0.079861
0 0.154762 0.074281 0.072310 0.112351
0 0.564594 0.240947 0.102734 0.048859
0 0.563933 0.199033 0.101411 0.033482
0 0.463404 0.222594 0.059965 0.077133
0 0.378527 0.222222 0.057760 0.079861
0 0.307540 0.220858 0.056878 0.066220
0 0.247354 0.218626 0.052028 0.069196
0 0.180115 0.217510 0.058642 0.073909
0 0.116843 0.212550 0.059965 0.074901
0 0.952160 0.103547 0.075397 0.105903
0 0.438051 0.089038 0.124780 0.095238
0 0.681437 0.461186 0.072751 0.052331
0 0.709656 0.344494 0.039242 0.064484
0 0.823413 0.347470 0.042769 0.073909
0 0.514991 0.456225 0.060847 0.053323
0 0.463624 0.455109 0.028660 0.058036
0 0.431217 0.454117 0.028219 0.060020
0 0.399912 0.453869 0.029982 0.059524
0 0.470018 0.416791 0.029101 0.017609
0 0.409612 0.413814 0.029982 0.019097
0 0.363316 0.460689 0.033510 0.051339
0 0.327381 0.460069 0.032187 0.050099
0 0.287257 0.450273 0.028660 0.063244
0 0.263889 0.451141 0.014550 0.064980
0 0.161155 0.472222 0.104497 0.012897
0 0.753307 0.346974 0.043651 0.069444
0 0.157628 0.456845 0.109788 0.014881
0 0.044312 0.429439 0.075397 0.046379
0 0.141314 0.330357 0.057760 0.064980
0 0.205026 0.330481 0.037919 0.058284
0 0.260362 0.335565 0.045414 0.064484
0 0.321429 0.336186 0.045855 0.065724
0 0.412698 0.341394 0.061728 0.076141
0 0.624118 0.343998 0.048060 0.074405
0 0.540785 0.344494 0.048060 0.078869
0 0.491402 0.342262 0.045414 0.070933
0 0.532628 0.293775 0.115520 0.017113
0 0.871252 0.351066 0.041446 0.074157
0 0.170855 0.439732 0.110670 0.020337
0 0.044533 0.305804 0.082892 0.069940
0 0.081349 0.758805 0.072751 0.033978
0 0.639771 0.899554 0.059965 0.041171
0 0.572310 0.852431 0.073192 0.037202
0 0.483466 0.893725 0.068342 0.054812
0 0.478836 0.847222 0.052910 0.030258
0 0.411155 0.900298 0.070988 0.046131
0 0.405423 0.844990 0.066578 0.022321
0 0.334877 0.890873 0.066578 0.059524
0 0.259921 0.895709 0.063933 0.047867
0 0.260141 0.852183 0.071429 0.029266
0 0.730820 0.905630 0.069224 0.042411
0 0.782187 0.865327 0.056437 0.041171
0 0.860891 0.900670 0.065697 0.046875
0 0.934965 0.896701 0.060406 0.053323
0 0.557540 0.896453 0.075397 0.045387
0 0.673501 0.858135 0.076279 0.030258
