0 0.247786 0.539352 0.024219 0.107407
0 0.221484 0.537500 0.028385 0.117593
0 0.180729 0.573380 0.027604 0.131944
0 0.150911 0.572685 0.026823 0.129630
0 0.120443 0.577778 0.032552 0.135185
0 0.095052 0.556481 0.016146 0.119444
0 0.381250 0.712269 0.034896 0.134722
0 0.064323 0.578009 0.025521 0.109722
0 0.025130 0.711111 0.043490 0.058333
0 0.075911 0.713889 0.048698 0.058333
0 0.343750 0.714352 0.037500 0.134259
0 0.177734 0.722917 0.044010 0.049537
0 0.266667 0.710648 0.034375 0.135185
0 0.305990 0.712500 0.035937 0.137963
0 0.034375 0.580093 0.020833 0.100000
0 0.126172 0.719907 0.049219 0.055556
0 0.506641 0.557639 0.027865 0.101389
0 0.303646 0.524306 0.026042 0.150463
0 0.831510 0.382870 0.044271 0.041667
0 0.832161 0.436806 0.047135 0.034722
0 0.417578 0.710880 0.037240 0.137500
0 0.764714 0.556944 0.057031 0.109259
0 0.722135 0.558102 0.028646 0.109722
0 0.693229 0.556713 0.027604 0.116204
0 0.663151 0.551620 0.030990 0.122685
0 0.275391 0.539815 0.024219 0.112963
0 0.631641 0.550231 0.031510 0.122685
0 0.564714 0.548611 0.033594 0.123148
0 0.533724 0.548611 0.026823 0.119444
0 0.476823 0.560417 0.031771 0.105093
0 0.415104 0.563426 0.027083 0.087037
0 0.388932 0.553009 0.021094 0.110648
0 0.362500 0.545370 0.022917 0.125926
0 0.334896 0.525694 0.028125 0.150463
0 0.598307 0.549074 0.033594 0.118519
0 0.453776 0.716204 0.033594 0.133333
0 0.304948 0.883102 0.068229 0.031944
0 0.531380 0.714583 0.039323 0.136574
0 0.233724 0.931713 0.061719 0.044907
0 0.186198 0.840509 0.040625 0.046759
0 0.177474 0.920602 0.045573 0.060648
0 0.129818 0.867130 0.048177 0.051852
0 0.132422 0.921065 0.042969 0.050463
0 0.084375 0.923380 0.048438 0.049537
0 0.085677 0.862037 0.039062 0.046296
0 0.044271 0.899537 0.028125 0.078704
0 0.010937 0.890046 0.021875 0.097685
0 0.964844 0.290509 0.070312 0.088426
0 0.853385 0.843056 0.033854 0.075000
0 0.885677 0.837269 0.027083 0.083796
0 0.909635 0.828472 0.016667 0.080093
0 0.792448 0.373611 0.028125 0.109259
0 0.932552 0.831713 0.026042 0.101389
0 0.233724 0.889352 0.064844 0.040741
0 0.491276 0.717593 0.039844 0.137037
0 0.301693 0.925000 0.071615 0.039815
0 0.384896 0.889352 0.086979 0.035185
0 0.567708 0.732870 0.029167 0.100000
0 0.596745 0.734722 0.028906 0.099074
0 0.628385 0.727546 0.030208 0.119907
0 0.664453 0.730787 0.033594 0.110648
0 0.698438 0.733102 0.031250 0.118056
0 0.735677 0.753472 0.029687 0.077315
0 0.765755 0.752083 0.029948 0.080093
0 0.753646 0.900231 0.040104 0.092130
0 0.714193 0.895370 0.038281 0.108333
0 0.672005 0.895139 0.036719 0.099537
0 0.628776 0.898148 0.046615 0.126852
0 0.582422 0.893981 0.046094 0.129630
0 0.535807 0.887500 0.041406 0.114815
0 0.489453 0.889352 0.046615 0.120370
0 0.445573 0.892361 0.029167 0.105093
0 0.384896 0.926389 0.083333 0.034259
0 0.756771 0.375231 0.039583 0.106019
0 0.491667 0.237269 0.025000 0.051389
0 0.695312 0.390278 0.028125 0.075926
0 0.594271 0.043981 0.023958 0.085185
0 0.634115 0.056250 0.050521 0.065278
0 0.705599 0.058565 0.052344 0.063426
0 0.756510 0.061574 0.047396 0.066667
0 0.807552 0.058102 0.051562 0.069907
0 0.792839 0.207870 0.054948 0.116667
0 0.754687 0.220833 0.021354 0.093519
0 0.735938 0.218750 0.016667 0.094907
0 0.669531 0.219444 0.030208 0.089815
0 0.637630 0.220139 0.029948 0.088426
0 0.600911 0.218056 0.035677 0.096296
0 0.566016 0.214120 0.033073 0.088426
0 0.532943 0.222685 0.020052 0.077778
0 0.514193 0.221759 0.016927 0.073148
0 0.465234 0.233565 0.025781 0.052315
0 0.566667 0.044213 0.027083 0.085648
0 0.420833 0.199074 0.028125 0.115741
0 0.529557 0.042824 0.040885 0.085648
0 0.464583 0.042593 0.024479 0.083333
0 0.975521 0.846528 0.048438 0.168981
0 0.019661 0.081250 0.037760 0.057870
0 0.059505 0.056944 0.039844 0.109259
0 0.108333 0.071296 0.027604 0.087037
0 0.133854 0.071065 0.016667 0.083796
0 0.160286 0.020602 0.031510 0.041204
0 0.200391 0.037269 0.027344 0.072685
0 0.242708 0.036111 0.024479 0.071296
0 0.267839 0.037963 0.023177 0.074074
0 0.298568 0.037731 0.024219 0.074537
0 0.323177 0.038426 0.023438 0.073148
0 0.350000 0.041435 0.023958 0.076389
0 0.375521 0.041667 0.025000 0.081481
0 0.415755 0.040509 0.021094 0.078241
0 0.439063 0.039815 0.023438 0.079630
0 0.490365 0.042593 0.022396 0.083333
0 0.380078 0.196759 0.028906 0.120370
0 0.351042 0.204167 0.024479 0.102778
0 0.319792 0.201852 0.025521 0.100926
0 0.272656 0.350694 0.020833 0.123611
0 0.321615 0.377546 0.053125 0.024537
0 0.318490 0.402546 0.052083 0.020833
0 0.351693 0.402083 0.006510 0.024537
0 0.374479 0.374074 0.034896 0.092593
0 0.409505 0.375000 0.030990 0.094444
0 0.442578 0.373148 0.028385 0.094444
0 0.475130 0.374074 0.023177 0.089815
0 0.498698 0.365509 0.021875 0.091204
0 0.522396 0.372917 0.024479 0.098611
0 0.553646 0.366667 0.027083 0.116667
0 0.581120 0.367361 0.021615 0.114352
0 0.605990 0.385185 0.025000 0.076852
0 0.635286 0.385880 0.025260 0.077315
0 0.661068 0.384954 0.028385 0.080093
0 0.250521 0.350000 0.021354 0.125000
0 0.215234 0.362500 0.031510 0.100926
0 0.166927 0.300926 0.050000 0.034259
0 0.167708 0.356713 0.044792 0.044907
0 0.286979 0.199769 0.027083 0.105093
0 0.262370 0.187963 0.020573 0.128704
0 0.237370 0.183796 0.024219 0.125000
0 0.203516 0.178704 0.028385 0.131481
0 0.164714 0.138194 0.038802 0.059722
0 0.166146 0.198148 0.041667 0.056481
0 0.169531 0.253009 0.038021 0.047685
0 0.723047 0.387269 0.023698 0.075463
0 0.130729 0.216204 0.026042 0.056481
0 0.034896 0.213889 0.051042 0.055556
0 0.011719 0.392593 0.018229 0.101852
0 0.035026 0.391667 0.023698 0.100000
0 0.070573 0.385417 0.032813 0.116204
0 0.104427 0.384954 0.031771 0.125463
0 0.131510 0.386574 0.019271 0.124074
0 0.166146 0.405093 0.044792 0.039815
0 0.090365 0.216435 0.050000 0.050463
