0 0.701413 0.849159 0.041524 0.019471
0 0.653682 0.853966 0.049658 0.022837
0 0.603168 0.855168 0.051370 0.018990
0 0.556507 0.854207 0.045377 0.019471
0 0.510916 0.850601 0.041524 0.016106
0 0.297517 0.295312 0.039384 0.058413
0 0.258134 0.293029 0.036815 0.056250
0 0.016267 0.282813 0.032534 0.070433
0 0.062714 0.279567 0.054366 0.075962
0 0.205908 0.291827 0.068493 0.057692
0 0.740582 0.821154 0.016267 0.024519
0 0.128211 0.297957 0.057791 0.042548
0 0.420163 0.877404 0.044949 0.018750
0 0.376712 0.315264 0.116438 0.018029
0 0.331336 0.815505 0.047089 0.014183
0 0.243151 0.817668 0.039384 0.016106
0 0.724529 0.692067 0.044092 0.034615
0 0.770334 0.691466 0.048373 0.034375
0 0.819777 0.692428 0.049658 0.033894
0 0.878853 0.690385 0.047945 0.032212
0 0.922303 0.691827 0.040668 0.029808
0 0.957834 0.687620 0.031250 0.026683
0 0.185574 0.765385 0.060360 0.025962
0 0.287243 0.762019 0.057363 0.037981
0 0.345462 0.760817 0.047945 0.040865
0 0.412885 0.373798 0.068921 0.010577
0 0.462971 0.753005 0.049229 0.053606
0 0.286173 0.815625 0.044092 0.013462
0 0.524401 0.756851 0.052226 0.039663
0 0.624572 0.755889 0.035103 0.043990
0 0.661387 0.756130 0.038527 0.044471
0 0.698630 0.755288 0.035959 0.042788
0 0.737800 0.755288 0.038099 0.042788
0 0.880779 0.738462 0.040668 0.024519
0 0.936430 0.755889 0.048373 0.043990
0 0.078981 0.800361 0.049229 0.062260
0 0.127783 0.800721 0.048373 0.065385
0 0.088827 0.877524 0.096318 0.030048
0 0.093322 0.905769 0.099315 0.025481
0 0.199700 0.817308 0.045805 0.016827
0 0.578767 0.754928 0.046233 0.043510
0 0.378211 0.293029 0.115154 0.025481
0 0.322346 0.368870 0.088185 0.011298
0 0.490154 0.318389 0.108733 0.016106
0 0.709332 0.299519 0.035103 0.061538
0 0.746361 0.299760 0.038955 0.061058
0 0.786601 0.297716 0.037243 0.066587
0 0.416738 0.815144 0.038099 0.014904
0 0.459760 0.814063 0.042808 0.013221
0 0.171661 0.887740 0.043664 0.017308
0 0.231807 0.873077 0.044092 0.015385
0 0.279110 0.871274 0.041096 0.015625
0 0.671233 0.305168 0.035103 0.047837
0 0.326199 0.865865 0.036815 0.019231
0 0.886772 0.297957 0.090325 0.067067
0 0.967038 0.302764 0.065925 0.061298
0 0.019050 0.381490 0.032962 0.032212
0 0.058433 0.379207 0.040668 0.036779
0 0.091824 0.384375 0.026113 0.028846
0 0.123502 0.380409 0.034675 0.034375
0 0.206122 0.378245 0.101455 0.016587
0 0.307791 0.381370 0.103596 0.014183
0 0.823416 0.297356 0.034675 0.065865
0 0.630993 0.295312 0.041952 0.024279
0 0.633776 0.316707 0.031250 0.020913
0 0.050300 0.456611 0.028682 0.043990
0 0.558861 0.292668 0.033818 0.025721
0 0.559503 0.316827 0.029966 0.022115
0 0.598459 0.317909 0.036815 0.018029
0 0.370077 0.878966 0.048373 0.018029
0 0.409889 0.386298 0.079195 0.011058
0 0.412885 0.398077 0.090325 0.013462
0 0.204623 0.394591 0.104452 0.015625
0 0.309717 0.396274 0.102312 0.011779
0 0.377783 0.816106 0.042380 0.014423
0 0.628211 0.397356 0.123716 0.024038
0 0.670591 0.689663 0.044949 0.033654
0 0.747432 0.380769 0.101027 0.018269
0 0.750856 0.398317 0.094178 0.016827
0 0.821490 0.383534 0.036815 0.051683
0 0.883990 0.384736 0.035959 0.050721
0 0.918664 0.385457 0.033390 0.051683
0 0.954409 0.384375 0.040668 0.050000
0 0.988870 0.382452 0.022260 0.054808
0 0.020120 0.456130 0.029110 0.043990
0 0.490368 0.300481 0.104024 0.016827
0 0.620291 0.689183 0.053082 0.031250
0 0.406036 0.757812 0.044092 0.038702
0 0.519692 0.686538 0.042808 0.015385
0 0.211045 0.608534 0.046233 0.021394
0 0.148973 0.623197 0.036815 0.047837
0 0.101670 0.628606 0.034675 0.043269
0 0.665454 0.885337 0.045805 0.018269
0 0.711259 0.884495 0.044949 0.019952
0 0.764127 0.882091 0.052226 0.018029
0 0.570848 0.688462 0.046661 0.034615
0 0.886344 0.877764 0.051798 0.021394
0 0.943493 0.877885 0.057363 0.017788
0 0.882277 0.899639 0.054795 0.019471
0 0.940068 0.900601 0.055651 0.018510
0 0.617295 0.884255 0.053082 0.017548
0 0.569135 0.884135 0.043236 0.019231
0 0.521190 0.884736 0.050942 0.019471
0 0.471747 0.886058 0.044521 0.016827
0 0.822988 0.905649 0.056079 0.016106
0 0.764341 0.904808 0.058647 0.015865
0 0.711687 0.905409 0.045805 0.015625
0 0.665668 0.906130 0.046233 0.016587
0 0.619649 0.906731 0.041524 0.015385
0 0.570205 0.907091 0.045377 0.016106
0 0.524615 0.909976 0.041524 0.018029
0 0.471104 0.907572 0.049229 0.019952
0 0.422731 0.908053 0.050086 0.021875
0 0.376070 0.908774 0.044092 0.019471
0 0.258348 0.609495 0.048373 0.019471
0 0.310360 0.613582 0.043664 0.025240
0 0.358733 0.615024 0.053082 0.023798
0 0.206550 0.640385 0.048373 0.024038
0 0.478382 0.685577 0.041524 0.034615
0 0.428938 0.688221 0.046233 0.031731
0 0.379923 0.689183 0.051798 0.029808
0 0.331336 0.689543 0.047089 0.030529
0 0.281892 0.687620 0.051798 0.032933
0 0.233519 0.684255 0.042380 0.026202
0 0.188570 0.684615 0.050086 0.026923
0 0.128211 0.711538 0.044092 0.062981
0 0.078981 0.709856 0.049229 0.062019
0 0.933647 0.607212 0.042808 0.017788
0 0.886986 0.606490 0.047945 0.020192
0 0.968322 0.643269 0.047089 0.022115
0 0.325128 0.908774 0.050942 0.023317
0 0.921661 0.644231 0.046233 0.022596
0 0.809289 0.637139 0.044949 0.023317
0 0.755993 0.639543 0.052226 0.023798
0 0.706978 0.639303 0.046661 0.021875
0 0.654538 0.641346 0.051370 0.025962
0 0.604880 0.639423 0.044521 0.027885
0 0.550728 0.628846 0.044949 0.023558
0 0.504281 0.626322 0.039384 0.023317
0 0.458476 0.635577 0.040240 0.022596
0 0.409247 0.640986 0.050514 0.025240
0 0.357449 0.641587 0.050514 0.022596
0 0.309503 0.640865 0.047089 0.025000
0 0.256421 0.640865 0.049658 0.024038
0 0.850385 0.634135 0.035531 0.023077
0 0.275471 0.909014 0.050942 0.020433
0 0.828125 0.883894 0.055223 0.018750
0 0.065283 0.629928 0.038099 0.045913
0 0.798159 0.461779 0.044092 0.045673
0 0.752997 0.460938 0.046233 0.047356
0 0.684289 0.473678 0.074914 0.017548
0 0.686216 0.456490 0.071062 0.016827
0 0.607663 0.456250 0.080908 0.017308
0 0.608091 0.473077 0.078339 0.017308
0 0.529538 0.474159 0.078767 0.015625
0 0.531036 0.450721 0.054366 0.014423
0 0.604452 0.435817 0.092466 0.020673
0 0.528467 0.433053 0.055223 0.016106
0 0.462971 0.439183 0.070634 0.019231
0 0.385274 0.439543 0.084760 0.019952
0 0.872003 0.472716 0.088185 0.021875
0 0.307149 0.438702 0.074914 0.024038
0 0.361515 0.467909 0.086045 0.027644
0 0.272260 0.467308 0.087329 0.025481
0 0.185146 0.467428 0.086901 0.026683
0 0.114726 0.457332 0.033390 0.045433
0 0.082192 0.457091 0.033390 0.045913
0 0.222603 0.909135 0.047945 0.022596
0 0.941139 0.848197 0.057791 0.018990
0 0.880137 0.848798 0.055651 0.018750
0 0.814426 0.847716 0.055223 0.019471
0 0.832192 0.824399 0.058219 0.021875
0 0.767123 0.820913 0.013699 0.028846
0 0.754281 0.820433 0.011130 0.024038
0 0.446918 0.468870 0.082192 0.025721
0 0.955265 0.471875 0.074914 0.022596
0 0.172517 0.910216 0.051370 0.018990
0 0.114512 0.530889 0.021832 0.043510
0 0.731164 0.570312 0.073630 0.018510
0 0.062928 0.533173 0.038527 0.044712
0 0.806721 0.571154 0.077483 0.016827
0 0.881207 0.571154 0.068921 0.016827
0 0.948844 0.570312 0.068065 0.015144
0 0.842466 0.508774 0.067637 0.014663
0 0.855094 0.540986 0.026969 0.017548
0 0.833048 0.523317 0.059932 0.012981
0 0.768622 0.522236 0.061216 0.013702
0 0.804366 0.550481 0.072774 0.018269
0 0.731164 0.551202 0.073630 0.016827
0 0.655394 0.551442 0.072774 0.022596
0 0.654538 0.569591 0.072774 0.013702
0 0.029966 0.628486 0.032534 0.048798
0 0.575985 0.544111 0.056935 0.027163
0 0.580908 0.566947 0.072774 0.017548
0 0.139555 0.531010 0.028253 0.045192
0 0.254281 0.560937 0.067637 0.024760
0 0.322988 0.531731 0.057791 0.026923
0 0.319991 0.562380 0.056935 0.026683
0 0.255565 0.534255 0.060788 0.029567
0 0.388485 0.527524 0.062072 0.027644
0 0.445848 0.534736 0.047517 0.014663
0 0.441567 0.563101 0.055223 0.025240
0 0.496575 0.554928 0.045377 0.041587
0 0.377354 0.563101 0.057791 0.023798
0 0.190497 0.559856 0.059932 0.027885
