0 0.929152 0.380649 0.068921 0.050721
0 0.983091 0.379928 0.033818 0.055529
0 0.037885 0.430529 0.075771 0.035577
0 0.033176 0.462139 0.066353 0.027644
0 0.172945 0.450721 0.047945 0.048077
0 0.865368 0.380048 0.049229 0.046635
0 0.225385 0.454928 0.054366 0.047356
0 0.284033 0.455288 0.057791 0.048077
0 0.340111 0.455288 0.050942 0.048077
0 0.121361 0.446875 0.050942 0.049519
0 0.799443 0.379327 0.079195 0.046154
0 0.596961 0.377644 0.045805 0.041827
0 0.656464 0.376442 0.067209 0.045192
0 0.511772 0.383894 0.035531 0.023558
0 0.433005 0.381971 0.083476 0.007212
0 0.431935 0.374519 0.083048 0.007212
0 0.434075 0.367308 0.083048 0.007212
0 0.442851 0.390385 0.099743 0.008654
0 0.348673 0.363101 0.080908 0.056490
0 0.183861 0.369712 0.056935 0.035577
0 0.122217 0.358534 0.060360 0.054087
0 0.021832 0.358293 0.041952 0.047356
0 0.723887 0.378245 0.063356 0.047837
0 0.434075 0.359856 0.083048 0.007212
0 0.590325 0.460096 0.065925 0.053365
0 0.656036 0.460817 0.062072 0.053365
0 0.837115 0.853846 0.068921 0.065385
0 0.702269 0.866587 0.040668 0.037500
0 0.660317 0.866346 0.038099 0.035577
0 0.622217 0.867188 0.039812 0.038702
0 0.579623 0.867188 0.040240 0.039183
0 0.540882 0.868149 0.039812 0.036779
0 0.502783 0.869231 0.037243 0.038942
0 0.400257 0.868990 0.028253 0.033654
0 0.368365 0.868630 0.030394 0.035817
0 0.339041 0.869351 0.028253 0.034375
0 0.307577 0.871274 0.031250 0.034856
0 0.967894 0.851923 0.053082 0.062981
0 0.276541 0.871635 0.029966 0.034615
0 0.221104 0.869832 0.025257 0.040144
0 0.189212 0.868389 0.035103 0.038221
0 0.153682 0.868510 0.029966 0.037500
0 0.123930 0.869351 0.024401 0.040144
0 0.098245 0.867909 0.025257 0.040625
0 0.031250 0.842788 0.062500 0.040865
0 0.983091 0.752163 0.033818 0.048077
0 0.936430 0.752163 0.055223 0.046154
0 0.890197 0.757452 0.032106 0.037981
0 0.858519 0.757572 0.026113 0.035817
0 0.819991 0.767188 0.043236 0.016106
0 0.246361 0.862861 0.022688 0.035817
0 0.777397 0.766346 0.039384 0.014423
0 0.757705 0.269471 0.101884 0.080288
0 0.038313 0.121394 0.074914 0.069231
0 0.648116 0.267188 0.107877 0.075721
0 0.553296 0.267067 0.081764 0.070673
0 0.471747 0.264663 0.081336 0.069231
0 0.388913 0.262620 0.079195 0.070913
0 0.302226 0.243389 0.085616 0.098317
0 0.217038 0.240144 0.086473 0.099519
0 0.130993 0.238822 0.086473 0.093510
0 0.044092 0.285577 0.059932 0.048077
0 0.977954 0.146755 0.044092 0.091587
0 0.931293 0.144712 0.044949 0.088942
0 0.889555 0.144231 0.035103 0.091346
0 0.456764 0.456731 0.055651 0.050962
0 0.845890 0.143029 0.049658 0.089904
0 0.744435 0.149159 0.051370 0.066587
0 0.693921 0.147115 0.047945 0.069231
0 0.479880 0.133293 0.048801 0.076202
0 0.433005 0.132091 0.044949 0.077644
0 0.389983 0.125000 0.041096 0.089423
0 0.348031 0.123438 0.046233 0.085817
0 0.301584 0.130769 0.043236 0.071154
0 0.259632 0.130288 0.041524 0.069712
0 0.213613 0.125240 0.047089 0.075962
0 0.162243 0.123197 0.050514 0.072356
0 0.112800 0.113702 0.050086 0.089904
0 0.795805 0.143149 0.051370 0.081971
0 0.520762 0.462260 0.065497 0.043269
0 0.821276 0.745673 0.041524 0.023558
0 0.726884 0.751322 0.053082 0.045433
0 0.956978 0.558894 0.084332 0.067788
0 0.888485 0.584736 0.040668 0.027163
0 0.750000 0.559976 0.048801 0.070433
0 0.712757 0.558654 0.024829 0.072596
0 0.836259 0.572236 0.059503 0.048317
0 0.790454 0.569111 0.028682 0.053125
0 0.665240 0.557332 0.068493 0.073317
0 0.555223 0.586538 0.077055 0.014904
0 0.554795 0.571034 0.076199 0.013702
0 0.559717 0.555769 0.081764 0.015385
0 0.500428 0.574038 0.027397 0.037500
0 0.131421 0.648077 0.062500 0.080769
0 0.474101 0.565024 0.025257 0.047356
0 0.349529 0.551322 0.032962 0.070433
0 0.312072 0.560216 0.031678 0.060817
0 0.279110 0.559495 0.031678 0.056971
0 0.249144 0.543750 0.028253 0.066346
0 0.215967 0.553486 0.035531 0.067548
0 0.178938 0.553726 0.035103 0.066106
0 0.130565 0.548558 0.056507 0.069712
0 0.937928 0.461298 0.083048 0.063462
0 0.859803 0.465625 0.073202 0.052885
0 0.778039 0.457452 0.061216 0.043269
0 0.716824 0.464062 0.056935 0.054087
0 0.386130 0.553606 0.036815 0.074038
0 0.777183 0.744712 0.047517 0.025962
0 0.189640 0.648197 0.048801 0.079567
0 0.296233 0.651082 0.069349 0.082933
0 0.671447 0.751803 0.056079 0.044952
0 0.604452 0.745913 0.074486 0.051923
0 0.532534 0.752524 0.068493 0.037260
0 0.452697 0.763822 0.084332 0.011779
0 0.455051 0.749880 0.081336 0.015625
0 0.455479 0.734135 0.082192 0.013942
0 0.368579 0.747837 0.083904 0.030288
0 0.292808 0.740505 0.054795 0.053606
0 0.248716 0.739183 0.031678 0.051923
0 0.144478 0.756731 0.072346 0.018269
0 0.142979 0.736659 0.069349 0.021394
0 0.238014 0.648678 0.042808 0.079567
0 0.143836 0.717308 0.066781 0.017308
0 0.020334 0.730288 0.040668 0.034135
0 0.914598 0.670433 0.056935 0.058173
0 0.861515 0.674760 0.048373 0.046635
0 0.811644 0.675601 0.050514 0.047837
0 0.768193 0.658894 0.037243 0.081731
0 0.725813 0.656851 0.042380 0.078606
0 0.651541 0.681010 0.101884 0.026923
0 0.558861 0.651683 0.032962 0.080288
0 0.507063 0.652043 0.066353 0.079087
0 0.440068 0.650721 0.063356 0.081250
0 0.369435 0.651563 0.072774 0.078125
0 0.061002 0.728606 0.032106 0.033654
0 0.397260 0.455769 0.059075 0.049519
0 0.865154 0.270673 0.108733 0.077885
0 0.959118 0.265505 0.080051 0.095433
