0 0.257812 0.761719 0.079167 0.017969
0 0.252344 0.645703 0.072396 0.047656
0 0.071094 0.385937 0.027604 0.066406
0 0.026042 0.411719 0.039583 0.014844
0 0.030990 0.375195 0.049479 0.011328
0 0.030208 0.361328 0.047917 0.010937
0 0.033073 0.341211 0.057813 0.014453
0 0.031771 0.328125 0.055208 0.013281
0 0.046094 0.309961 0.071354 0.016016
0 0.821615 0.232227 0.118229 0.116797
0 0.693229 0.230859 0.126042 0.116406
0 0.522917 0.214453 0.210417 0.149219
0 0.339583 0.214648 0.129167 0.133203
0 0.069792 0.221875 0.118750 0.107031
0 0.204687 0.209961 0.132292 0.136328
0 0.100781 0.390039 0.023438 0.060547
0 0.073698 0.107031 0.123438 0.113281
0 0.728125 0.382617 0.073958 0.022266
0 0.839063 0.416406 0.080208 0.157812
0 0.953385 0.424414 0.092188 0.080859
0 0.036458 0.499805 0.060417 0.046484
0 0.148438 0.495703 0.121875 0.054688
0 0.273438 0.502344 0.094792 0.059375
0 0.408854 0.499023 0.148958 0.056641
0 0.604688 0.495508 0.095833 0.018359
0 0.611719 0.469727 0.069271 0.014453
0 0.619010 0.519727 0.079687 0.018359
0 0.715625 0.516211 0.089583 0.022266
0 0.781250 0.522266 0.033333 0.016406
0 0.779167 0.494531 0.037500 0.020313
0 0.738542 0.413086 0.078125 0.030078
0 0.701562 0.469336 0.082292 0.023828
0 0.129948 0.389844 0.023438 0.060937
0 0.125000 0.329688 0.067708 0.014844
0 0.553125 0.413672 0.075000 0.022656
0 0.554427 0.385937 0.077604 0.020313
0 0.557292 0.361133 0.062500 0.020703
0 0.640885 0.366992 0.067187 0.024609
0 0.638281 0.391797 0.069271 0.017969
0 0.643229 0.415039 0.071875 0.019922
0 0.250260 0.595898 0.076563 0.043359
0 0.458594 0.411914 0.081771 0.019922
0 0.470833 0.385742 0.085417 0.026953
0 0.356510 0.407031 0.040104 0.017969
0 0.395313 0.390820 0.044792 0.010547
0 0.368750 0.371680 0.052083 0.012109
0 0.321875 0.362695 0.048958 0.008203
0 0.124219 0.345508 0.073438 0.015234
0 0.312760 0.389062 0.046354 0.014063
0 0.297656 0.415820 0.052604 0.018359
0 0.228125 0.416211 0.044792 0.011328
0 0.229427 0.402148 0.043229 0.012109
0 0.192448 0.375586 0.046354 0.013672
0 0.246094 0.387500 0.043229 0.010937
0 0.179167 0.388086 0.048958 0.009766
0 0.172135 0.400000 0.047396 0.014844
0 0.169792 0.412891 0.041667 0.012500
0 0.363021 0.327148 0.036458 0.012109
0 0.367188 0.346094 0.048958 0.014063
0 0.299479 0.334570 0.048958 0.016016
0 0.210417 0.349609 0.054167 0.025781
0 0.188281 0.329102 0.042188 0.017578
0 0.298438 0.402344 0.038542 0.008594
0 0.705469 0.494531 0.081771 0.017188
0 0.026562 0.393359 0.036458 0.014844
0 0.855469 0.580664 0.079687 0.156641
0 0.738542 0.757227 0.086458 0.020703
0 0.735938 0.734766 0.081250 0.019531
0 0.643490 0.736719 0.075521 0.018750
0 0.541667 0.727344 0.071875 0.022656
0 0.547656 0.754492 0.092188 0.019922
0 0.454427 0.754687 0.076563 0.022656
0 0.362760 0.695703 0.060937 0.015625
0 0.350260 0.738477 0.089063 0.018359
0 0.351042 0.763281 0.086458 0.014844
0 0.255729 0.739844 0.087500 0.018750
0 0.257552 0.714844 0.091146 0.025781
0 0.161979 0.716797 0.083333 0.018750
0 0.158073 0.740039 0.092188 0.015234
0 0.163021 0.758789 0.097917 0.017578
0 0.067187 0.760938 0.085417 0.019531
0 0.060677 0.739844 0.084896 0.018750
0 0.072135 0.711914 0.086979 0.019922
0 0.767969 0.642188 0.080729 0.052344
0 0.686719 0.640820 0.076563 0.051953
0 0.604167 0.642188 0.079167 0.046094
0 0.337240 0.601758 0.082812 0.037891
0 0.426302 0.587891 0.073438 0.047656
0 0.510156 0.589063 0.073438 0.047656
0 0.938281 0.537109 0.078646 0.103906
0 0.425260 0.640234 0.073438 0.047656
0 0.510156 0.642578 0.073438 0.047656
0 0.766146 0.587500 0.077083 0.048438
0 0.685156 0.587109 0.077604 0.046094
0 0.600000 0.587891 0.079167 0.053906
0 0.646875 0.760547 0.090625 0.020313
0 0.825781 0.758984 0.085938 0.084375
0 0.336979 0.646484 0.075000 0.037500
0 0.918229 0.780664 0.062500 0.068359
0 0.075781 0.593750 0.078646 0.047656
0 0.075521 0.644727 0.093750 0.044141
0 0.166927 0.644336 0.084896 0.048047
0 0.165104 0.594336 0.081250 0.041016
0 0.282552 0.912305 0.096354 0.044141
0 0.385677 0.918945 0.090104 0.042578
0 0.961719 0.674609 0.076563 0.118750
0 0.673177 0.954492 0.134896 0.087891
0 0.940625 0.948242 0.097917 0.103516
0 0.801823 0.859375 0.050521 0.060937
0 0.717708 0.831250 0.087500 0.028906
0 0.709635 0.858984 0.077604 0.015625
0 0.625000 0.859375 0.080208 0.024219
0 0.625521 0.831641 0.072917 0.025000
0 0.530469 0.954102 0.134896 0.085547
0 0.228125 0.832422 0.109375 0.023438
0 0.037240 0.861719 0.066146 0.025781
0 0.128125 0.861133 0.092708 0.033203
0 0.977083 0.783789 0.045833 0.074609
0 0.236198 0.861523 0.093229 0.032422
0 0.329167 0.864258 0.083333 0.020703
0 0.333594 0.830078 0.088021 0.028125
0 0.428125 0.832227 0.089583 0.023828
0 0.046094 0.831055 0.075521 0.032422
0 0.435417 0.859375 0.095833 0.024219
0 0.527865 0.861133 0.080729 0.017578
0 0.533854 0.832227 0.096875 0.023828
