0 0.750000 0.113664 0.035131 0.112745
0 0.846609 0.097273 0.042075 0.144301
0 0.161356 0.143995 0.035131 0.035539
0 0.201593 0.144761 0.039624 0.035233
0 0.245915 0.143689 0.042484 0.033088
0 0.159109 0.100643 0.039624 0.047488
0 0.200368 0.101103 0.039624 0.048407
0 0.245507 0.104320 0.041667 0.043199
0 0.303513 0.111213 0.038399 0.105392
0 0.351511 0.111826 0.045343 0.109069
0 0.397672 0.111060 0.042892 0.111826
0 0.438930 0.111060 0.037173 0.114277
0 0.483252 0.113971 0.043301 0.108456
0 0.530025 0.113205 0.047794 0.111826
0 0.577410 0.113664 0.042075 0.112745
0 0.620711 0.115196 0.036356 0.113358
0 0.661152 0.114430 0.041258 0.109375
0 0.707516 0.114737 0.044935 0.112439
0 0.797794 0.098039 0.048203 0.147672
0 0.895016 0.099724 0.044118 0.144301
0 0.938113 0.100184 0.037173 0.145221
0 0.013480 0.266697 0.026961 0.109375
0 0.899918 0.686275 0.022876 0.104167
0 0.409314 0.554381 0.032680 0.108762
0 0.369690 0.553309 0.035948 0.109069
0 0.561479 0.699602 0.021650 0.075674
0 0.587623 0.698989 0.028186 0.071998
0 0.626225 0.689645 0.031863 0.097426
0 0.662173 0.688879 0.036765 0.097733
0 0.702819 0.688419 0.038807 0.101716
0 0.739788 0.696385 0.033497 0.085172
0 0.772672 0.699295 0.028186 0.077512
0 0.805147 0.699755 0.029412 0.078431
0 0.448121 0.552543 0.037582 0.107537
0 0.328636 0.552083 0.039624 0.113358
0 0.235907 0.552696 0.040441 0.105392
0 0.978350 0.101716 0.037582 0.143995
0 0.195261 0.552237 0.035948 0.104473
0 0.153391 0.552543 0.042075 0.105086
0 0.112745 0.564645 0.032680 0.076593
0 0.078840 0.560662 0.028595 0.089461
0 0.046569 0.557598 0.031863 0.096814
0 0.013889 0.556679 0.027778 0.101716
0 0.612541 0.426164 0.041258 0.104779
0 0.515931 0.276808 0.040850 0.106311
0 0.278186 0.550858 0.036765 0.108456
0 0.485294 0.552543 0.028595 0.107537
0 0.517361 0.564798 0.029003 0.086091
0 0.548815 0.563572 0.027369 0.083640
0 0.778595 0.565564 0.031046 0.080882
0 0.815768 0.566483 0.035131 0.082721
0 0.850899 0.566636 0.031863 0.083027
0 0.890114 0.553002 0.035131 0.110294
0 0.925654 0.552390 0.028595 0.111520
0 0.958742 0.552696 0.033497 0.112132
0 0.035743 0.690411 0.041258 0.094056
0 0.073529 0.692096 0.031046 0.097426
0 0.128881 0.693934 0.037173 0.106005
0 0.173815 0.688266 0.044526 0.096507
0 0.222018 0.688879 0.043709 0.100184
0 0.268178 0.675705 0.041258 0.097120
0 0.331904 0.687653 0.042892 0.097733
0 0.371324 0.689491 0.033497 0.097733
0 0.407271 0.687653 0.035131 0.100184
0 0.441789 0.686121 0.027369 0.099571
0 0.473243 0.683517 0.029003 0.103554
0 0.834559 0.260723 0.042484 0.140931
0 0.506332 0.693781 0.030637 0.082414
0 0.536560 0.692708 0.024101 0.082721
0 0.660335 0.555913 0.039624 0.107537
0 0.610907 0.564338 0.029003 0.089461
0 0.578636 0.564491 0.029003 0.083027
0 0.570670 0.426624 0.040033 0.105699
0 0.749183 0.565564 0.024510 0.080882
0 0.471814 0.275276 0.038399 0.108150
0 0.390523 0.271752 0.040850 0.110294
0 0.190564 0.433058 0.035539 0.076900
0 0.154412 0.433211 0.033497 0.075368
0 0.117443 0.420343 0.033088 0.106618
0 0.078023 0.420956 0.033497 0.105392
0 0.042484 0.418658 0.031046 0.103248
0 0.796569 0.418199 0.033497 0.123162
0 0.831495 0.417279 0.033088 0.121324
0 0.867851 0.418658 0.035539 0.119179
0 0.904616 0.417586 0.029820 0.117034
0 0.938725 0.417892 0.030229 0.115809
0 0.223243 0.433824 0.024101 0.076593
0 0.977737 0.417279 0.041258 0.118873
0 0.559232 0.277574 0.040850 0.107843
0 0.012255 0.419884 0.024510 0.098958
0 0.959150 0.265165 0.036765 0.135723
0 0.915237 0.263174 0.032271 0.140931
0 0.604371 0.276654 0.040441 0.108456
0 0.644199 0.277267 0.034314 0.107230
0 0.685662 0.278646 0.037990 0.105699
0 0.724673 0.279105 0.033497 0.106618
0 0.759600 0.264706 0.029820 0.134804
0 0.794322 0.264400 0.029003 0.139093
0 0.989379 0.553156 0.021242 0.110600
0 0.249796 0.435662 0.025735 0.072917
0 0.277574 0.436275 0.025735 0.074142
0 0.317198 0.425858 0.044526 0.099265
0 0.345180 0.271906 0.039216 0.108150
0 0.303513 0.270987 0.041667 0.113051
0 0.528595 0.426164 0.035948 0.104779
0 0.488766 0.426164 0.038807 0.104779
0 0.446078 0.424173 0.044935 0.102635
0 0.837010 0.699908 0.028595 0.078738
0 0.870507 0.684743 0.031863 0.107843
0 0.400735 0.423254 0.040033 0.105699
0 0.932394 0.688266 0.036356 0.102022
0 0.969158 0.685968 0.032271 0.106005
0 0.025123 0.841452 0.050245 0.084252
0 0.067606 0.833793 0.031454 0.087316
0 0.102124 0.829963 0.030229 0.095588
0 0.138889 0.830882 0.033497 0.097426
0 0.175245 0.825521 0.032680 0.105086
0 0.214257 0.826287 0.040441 0.104167
0 0.255310 0.824755 0.040033 0.099265
0 0.295956 0.826287 0.035539 0.109069
0 0.331087 0.824295 0.029003 0.100184
0 0.364175 0.827819 0.033905 0.102941
0 0.401961 0.825827 0.035948 0.098958
0 0.758170 0.418658 0.039216 0.121630
0 0.359886 0.424173 0.035131 0.102635
0 0.431781 0.274357 0.037582 0.106311
0 0.717320 0.565411 0.034314 0.087316
0 0.879085 0.263174 0.036765 0.140931
0 0.203431 0.308364 0.045752 0.029718
0 0.251634 0.266544 0.050654 0.039828
0 0.254902 0.305760 0.051471 0.035539
0 0.190564 0.236213 0.047794 0.039216
0 0.139706 0.236060 0.047386 0.038909
0 0.197917 0.275276 0.050245 0.032169
0 0.142770 0.272825 0.053513 0.032169
0 0.471405 0.823989 0.031863 0.095282
0 0.146855 0.308364 0.055147 0.034007
0 0.093342 0.268382 0.037173 0.112745
0 0.050245 0.269455 0.039216 0.106924
0 0.503881 0.841912 0.026552 0.064338
0 0.534109 0.839154 0.028186 0.068015
0 0.565972 0.838082 0.028186 0.070772
0 0.595180 0.838542 0.028595 0.071691
0 0.251634 0.223652 0.053922 0.043505
0 0.439134 0.825214 0.031046 0.095282
0 0.625817 0.826287 0.025327 0.094975
0 0.832721 0.838235 0.029003 0.080270
0 0.795139 0.837623 0.036356 0.079044
0 0.755310 0.836857 0.030229 0.079963
0 0.967116 0.820925 0.025735 0.105086
0 0.937908 0.824295 0.028595 0.109375
0 0.034314 0.104320 0.033497 0.104473
0 0.872345 0.821998 0.035539 0.109681
0 0.073938 0.104320 0.040850 0.105699
0 0.121528 0.144301 0.034722 0.031863
0 0.904820 0.821538 0.026961 0.111213
0 0.723856 0.837623 0.027778 0.079044
0 0.692198 0.826287 0.029820 0.099877
0 0.656658 0.825521 0.033905 0.095895
0 0.117239 0.100797 0.035948 0.045343
