0 0.565068 0.452043 0.062500 0.071394
0 0.309075 0.449519 0.062500 0.073558
0 0.439426 0.450120 0.073202 0.068990
0 0.505137 0.452163 0.057363 0.072596
0 0.370933 0.448197 0.061216 0.070913
0 0.626284 0.450721 0.065068 0.069712
0 0.693921 0.448798 0.070205 0.075000
0 0.759418 0.450962 0.053938 0.073077
0 0.457834 0.640625 0.055223 0.082692
0 0.400685 0.642067 0.060788 0.075962
0 0.336687 0.642308 0.068921 0.076442
0 0.272902 0.643870 0.056079 0.073798
0 0.209974 0.643750 0.071490 0.076442
0 0.142765 0.644712 0.062072 0.072115
0 0.819349 0.545433 0.075342 0.080288
0 0.749358 0.544952 0.061216 0.080769
0 0.682791 0.544952 0.069349 0.078365
0 0.626498 0.553365 0.044092 0.063942
0 0.580693 0.549880 0.044949 0.068510
0 0.531464 0.546034 0.055223 0.073798
0 0.462971 0.550240 0.081764 0.067788
0 0.394478 0.548317 0.053510 0.072115
0 0.333690 0.549038 0.068065 0.073077
0 0.265197 0.546875 0.067209 0.072115
0 0.195420 0.546514 0.063784 0.075240
0 0.135060 0.547837 0.057791 0.071154
0 0.823630 0.448558 0.073630 0.078365
0 0.248930 0.450361 0.062072 0.071875
0 0.187286 0.451202 0.063784 0.075962
0 0.288527 0.284736 0.059932 0.049760
0 0.760916 0.283053 0.051798 0.054567
0 0.227954 0.281731 0.063784 0.048077
0 0.167380 0.283654 0.062500 0.044231
0 0.401113 0.285577 0.066781 0.048077
0 0.104452 0.284495 0.061644 0.045913
0 0.494649 0.362740 0.068921 0.060577
0 0.559289 0.362380 0.062072 0.064183
0 0.629281 0.361418 0.077055 0.066106
0 0.467252 0.287139 0.068921 0.049760
0 0.531678 0.283413 0.061644 0.047115
0 0.603382 0.286178 0.057791 0.049279
0 0.440068 0.365986 0.047089 0.053125
0 0.721961 0.362981 0.060360 0.065385
0 0.769264 0.364663 0.035103 0.062500
0 0.125428 0.455168 0.049658 0.056971
0 0.802012 0.364303 0.024401 0.061779
0 0.365796 0.360216 0.045805 0.066106
0 0.318921 0.360216 0.044521 0.068510
0 0.275899 0.359736 0.044949 0.065144
0 0.207192 0.362019 0.049658 0.066346
0 0.515197 0.641587 0.061216 0.078365
0 0.160317 0.361418 0.043236 0.066106
0 0.113870 0.365385 0.053082 0.058173
0 0.055651 0.361899 0.046233 0.062260
0 0.017337 0.362380 0.029538 0.061298
0 0.870719 0.284014 0.064212 0.052644
0 0.812072 0.282813 0.050514 0.055048
0 0.868579 0.365385 0.027397 0.061058
0 0.343750 0.283894 0.050514 0.050000
0 0.832834 0.360216 0.037243 0.071394
0 0.586259 0.645072 0.077483 0.073798
0 0.248716 0.760096 0.056507 0.082212
0 0.709760 0.639543 0.052226 0.081971
0 0.304366 0.192668 0.085616 0.052163
0 0.392551 0.192188 0.093322 0.053125
0 0.475813 0.201322 0.069777 0.032452
0 0.547945 0.192428 0.071918 0.055529
0 0.620291 0.192909 0.069349 0.055529
0 0.712757 0.195673 0.101884 0.018269
0 0.983305 0.759615 0.033390 0.063462
0 0.713827 0.212740 0.098887 0.012500
0 0.847603 0.192668 0.034247 0.055048
0 0.892123 0.201202 0.047089 0.035577
0 0.951413 0.197716 0.050942 0.043990
0 0.044949 0.280889 0.057363 0.051202
0 0.714683 0.282692 0.040668 0.054808
0 0.658604 0.642548 0.048373 0.074038
0 0.798159 0.176563 0.060360 0.078125
0 0.947560 0.762620 0.038099 0.057452
0 0.660745 0.284615 0.057791 0.051442
0 0.873074 0.763702 0.041524 0.065865
0 0.912029 0.764183 0.038099 0.064904
0 0.815283 0.646394 0.062072 0.081731
0 0.867723 0.666466 0.035959 0.051683
0 0.903467 0.665865 0.031250 0.059615
0 0.137200 0.756250 0.050942 0.069231
0 0.304795 0.760697 0.059932 0.083894
0 0.362586 0.761659 0.060788 0.088221
0 0.189426 0.763221 0.057791 0.076923
0 0.480950 0.764784 0.052654 0.079087
0 0.531464 0.765264 0.055223 0.087260
0 0.595034 0.769471 0.073630 0.078846
0 0.651755 0.759135 0.045805 0.077885
0 0.703767 0.755288 0.057363 0.085577
0 0.756635 0.754928 0.048373 0.084856
0 0.811216 0.758413 0.059075 0.076442
0 0.422945 0.759014 0.056507 0.089663
