0 0.784896 0.120898 0.043750 0.116016
0 0.214583 0.393945 0.056250 0.031641
0 0.095052 0.262500 0.048438 0.100781
0 0.144271 0.261133 0.046875 0.101172
0 0.018750 0.125586 0.035417 0.097266
0 0.064844 0.127344 0.047396 0.097656
0 0.122917 0.126953 0.056250 0.102344
0 0.179688 0.127539 0.050000 0.105859
0 0.240104 0.128711 0.063542 0.105859
0 0.156250 0.427734 0.059375 0.028125
0 0.074479 0.407031 0.094792 0.082031
0 0.966667 0.504102 0.050000 0.093359
0 0.911719 0.505273 0.053646 0.091016
0 0.855469 0.503906 0.046354 0.092969
0 0.812760 0.503320 0.032813 0.091797
0 0.766667 0.507031 0.047917 0.089844
0 0.705729 0.504297 0.050000 0.091406
0 0.648958 0.507617 0.037500 0.088672
0 0.205729 0.619727 0.038542 0.087891
0 0.160156 0.619141 0.046354 0.087500
0 0.102604 0.619922 0.059375 0.083594
0 0.084375 0.520508 0.055208 0.076172
0 0.138802 0.520312 0.050521 0.083594
0 0.195573 0.510156 0.046354 0.091406
0 0.267969 0.393750 0.046354 0.031250
0 0.250260 0.509766 0.051562 0.088281
0 0.367969 0.509180 0.050521 0.094141
0 0.427083 0.496289 0.045833 0.087109
0 0.470313 0.500195 0.033333 0.078516
0 0.515885 0.496094 0.040104 0.077344
0 0.557813 0.495703 0.041667 0.081250
0 0.602083 0.505859 0.041667 0.092188
0 0.311458 0.510938 0.051042 0.092969
0 0.251302 0.620117 0.047396 0.081641
0 0.215104 0.426953 0.054167 0.028906
0 0.322917 0.394336 0.055208 0.030078
0 0.836719 0.119336 0.043229 0.115234
0 0.043490 0.263477 0.052604 0.098047
0 0.183854 0.265430 0.026042 0.090234
0 0.217969 0.272070 0.034896 0.074609
0 0.305208 0.251563 0.133333 0.128906
0 0.415104 0.270898 0.056250 0.101172
0 0.473438 0.272070 0.050000 0.101172
0 0.532813 0.277344 0.051042 0.089844
0 0.588281 0.278320 0.048438 0.089453
0 0.640104 0.288086 0.044792 0.071484
0 0.686198 0.280859 0.042188 0.087500
0 0.733854 0.279687 0.045833 0.085156
0 0.786719 0.286719 0.044271 0.071094
0 0.837240 0.274023 0.044271 0.095703
0 0.882552 0.273242 0.040104 0.091797
0 0.927344 0.277539 0.041146 0.083203
0 0.970573 0.262891 0.038021 0.108594
0 0.337760 0.364648 0.059896 0.025391
0 0.380469 0.395117 0.057813 0.028516
0 0.384115 0.425781 0.054688 0.028906
0 0.328125 0.427734 0.054167 0.030469
0 0.555469 0.388867 0.043229 0.097266
0 0.601562 0.393164 0.040625 0.091797
0 0.270833 0.426953 0.055208 0.031250
0 0.649219 0.393164 0.044271 0.096484
0 0.757552 0.394336 0.049479 0.094141
0 0.813281 0.394531 0.046354 0.096875
0 0.857552 0.391992 0.036979 0.098828
0 0.896875 0.395313 0.034375 0.096094
0 0.937240 0.393359 0.039062 0.101562
0 0.981510 0.404687 0.036979 0.071094
0 0.699479 0.394531 0.050000 0.096875
0 0.309896 0.624805 0.051042 0.076953
0 0.155208 0.395313 0.057292 0.032031
0 0.409115 0.625391 0.050521 0.070312
0 0.543490 0.849414 0.050521 0.068359
0 0.599479 0.848828 0.055208 0.071875
0 0.666146 0.847461 0.050000 0.066797
0 0.717969 0.841602 0.044271 0.080078
0 0.761198 0.840625 0.036979 0.089063
0 0.361458 0.626367 0.040625 0.072266
0 0.855990 0.829492 0.043229 0.101953
0 0.904167 0.826562 0.041667 0.103125
0 0.942708 0.832422 0.034375 0.091406
0 0.981771 0.834180 0.036458 0.087891
0 0.128125 0.720703 0.044792 0.092969
0 0.178646 0.718945 0.041667 0.089453
0 0.233073 0.716602 0.039062 0.089453
0 0.296354 0.730273 0.027083 0.062109
0 0.326562 0.728711 0.030208 0.063672
0 0.496094 0.831250 0.038021 0.107813
0 0.359375 0.729688 0.030208 0.063281
0 0.459115 0.825391 0.030729 0.103125
0 0.359115 0.836328 0.051562 0.103906
0 0.885156 0.124414 0.042188 0.116016
0 0.935937 0.125195 0.048958 0.122266
0 0.335677 0.037305 0.055729 0.074609
0 0.502083 0.028711 0.053125 0.057422
0 0.558333 0.030273 0.052083 0.060547
0 0.627083 0.028516 0.072917 0.057031
0 0.686979 0.121875 0.132292 0.125000
0 0.562760 0.123047 0.107813 0.120313
0 0.470052 0.129297 0.065104 0.102344
0 0.405208 0.128711 0.051042 0.101953
0 0.351042 0.128125 0.051042 0.102344
0 0.103385 0.850586 0.057813 0.097266
0 0.164583 0.846680 0.057292 0.098828
0 0.224219 0.837891 0.053646 0.097656
0 0.300000 0.838281 0.059375 0.098437
0 0.419531 0.831055 0.040104 0.107422
0 0.392448 0.729688 0.029687 0.063281
0 0.803125 0.836719 0.039583 0.085938
0 0.686979 0.615820 0.037500 0.080078
0 0.739062 0.717969 0.043750 0.085156
0 0.783854 0.719141 0.035417 0.082812
0 0.874219 0.709375 0.039062 0.091406
0 0.922396 0.709570 0.040625 0.099609
0 0.972917 0.718555 0.046875 0.083984
0 0.973698 0.576562 0.051562 0.034375
0 0.971354 0.606055 0.057292 0.023047
0 0.299479 0.131055 0.045833 0.098828
0 0.969010 0.633594 0.061979 0.031250
0 0.899479 0.605664 0.045833 0.092578
0 0.849740 0.605078 0.038021 0.091406
0 0.806771 0.616211 0.039583 0.071484
0 0.764583 0.613867 0.034375 0.073828
0 0.726042 0.614258 0.033333 0.076953
0 0.648177 0.623242 0.026562 0.066016
0 0.612500 0.622461 0.033333 0.069922
0 0.574740 0.623633 0.036979 0.076953
0 0.531771 0.620508 0.039583 0.075391
0 0.476823 0.621289 0.046354 0.069922
0 0.696615 0.715039 0.034896 0.088672
0 0.657292 0.730859 0.028125 0.060937
0 0.826562 0.718750 0.041667 0.084375
0 0.626042 0.734180 0.026042 0.060547
0 0.444271 0.731836 0.029167 0.062891
0 0.475000 0.732031 0.027083 0.063281
0 0.506510 0.730273 0.030729 0.066797
0 0.539583 0.729883 0.027083 0.063672
0 0.416927 0.724609 0.015104 0.060937
0 0.564844 0.724219 0.019271 0.059375
0 0.597656 0.736328 0.026562 0.057813
