0 0.467525 0.828585 0.030637 0.014400
0 0.063317 0.761183 0.049837 0.043811
0 0.734681 0.836244 0.036356 0.025429
0 0.703023 0.813572 0.029412 0.013174
0 0.696283 0.837929 0.033088 0.024510
0 0.661356 0.834865 0.032680 0.020833
0 0.621324 0.846814 0.039216 0.025735
0 0.612949 0.817555 0.030637 0.026654
0 0.564338 0.824755 0.035539 0.022059
0 0.566585 0.853094 0.033497 0.027880
0 0.528391 0.853248 0.036356 0.025123
0 0.780637 0.821691 0.035948 0.028186
0 0.527369 0.823683 0.029412 0.024203
0 0.488562 0.852328 0.032680 0.023284
0 0.412786 0.840686 0.032271 0.035539
0 0.376634 0.841759 0.036765 0.035846
0 0.296773 0.834712 0.029820 0.030944
0 0.253064 0.837010 0.037173 0.033701
0 0.209559 0.846814 0.038399 0.037990
0 0.167484 0.841759 0.045752 0.028493
0 0.176062 0.815257 0.064542 0.022059
0 0.102328 0.842984 0.064134 0.049939
0 0.496732 0.820159 0.017157 0.023897
0 0.020016 0.687806 0.040033 0.051471
0 0.778799 0.853707 0.037990 0.028493
0 0.819444 0.825674 0.036765 0.027574
0 0.120507 0.760417 0.055556 0.040441
0 0.175858 0.755668 0.015931 0.023591
0 0.218546 0.780484 0.044118 0.009498
0 0.266544 0.780025 0.033905 0.015319
0 0.351103 0.777420 0.037173 0.011336
0 0.412582 0.765319 0.038399 0.042279
0 0.471609 0.765012 0.037990 0.038603
0 0.508374 0.766697 0.032271 0.035233
0 0.546364 0.764859 0.028186 0.034007
0 0.817810 0.854167 0.040033 0.027574
0 0.589665 0.771752 0.037990 0.051471
0 0.691585 0.770067 0.031046 0.045037
0 0.769608 0.767923 0.033497 0.041973
0 0.714257 0.754902 0.011846 0.017770
0 0.880106 0.783241 0.030637 0.016238
0 0.922181 0.767616 0.028186 0.047488
0 0.964461 0.766544 0.042484 0.047181
0 0.963848 0.840839 0.024918 0.054228
0 0.936275 0.839920 0.026961 0.058517
0 0.859273 0.842525 0.024101 0.058211
0 0.643382 0.763634 0.040033 0.043199
0 0.452206 0.855852 0.032680 0.024203
0 0.547998 0.556679 0.058415 0.018382
0 0.593546 0.374081 0.033497 0.065564
0 0.537377 0.470741 0.045343 0.053615
0 0.501021 0.464461 0.020833 0.061275
0 0.472018 0.463388 0.024101 0.063419
0 0.442810 0.465686 0.031863 0.058824
0 0.364583 0.489277 0.060866 0.014093
0 0.254289 0.461550 0.057598 0.031556
0 0.539011 0.437500 0.041258 0.012255
0 0.251430 0.486520 0.061683 0.019608
0 0.161152 0.454350 0.037990 0.009804
0 0.034926 0.450521 0.051062 0.048713
0 0.093954 0.380821 0.057190 0.017770
0 0.036152 0.365809 0.055964 0.052696
0 0.030842 0.295496 0.045343 0.037071
0 0.087010 0.297641 0.065359 0.035233
0 0.179126 0.483609 0.067402 0.020527
0 0.087418 0.260876 0.065359 0.013174
0 0.610907 0.472886 0.025735 0.051777
0 0.669730 0.468597 0.024918 0.062806
0 0.725286 0.538603 0.039624 0.035539
0 0.817198 0.564645 0.063317 0.009804
0 0.866422 0.547641 0.028595 0.043811
0 0.907271 0.558517 0.030229 0.050858
0 0.987541 0.553462 0.024918 0.079963
0 0.948529 0.553156 0.045752 0.073836
0 0.640727 0.473039 0.031454 0.053922
0 0.897059 0.487745 0.066993 0.029412
0 0.966912 0.462316 0.066176 0.025123
0 0.900940 0.461397 0.065768 0.024510
0 0.809845 0.460478 0.094363 0.066789
0 0.748775 0.483915 0.013889 0.019914
0 0.726920 0.465839 0.021650 0.063419
0 0.698734 0.465380 0.029003 0.064338
0 0.962827 0.487286 0.064542 0.022978
0 0.087010 0.273284 0.065359 0.012255
0 0.190155 0.376072 0.022467 0.058517
0 0.211806 0.375613 0.020833 0.059436
0 0.896446 0.289828 0.031454 0.060662
0 0.985090 0.182445 0.029003 0.102635
0 0.945670 0.180607 0.046569 0.103860
0 0.899306 0.187500 0.042892 0.092525
0 0.629902 0.250919 0.038399 0.044730
0 0.588440 0.245558 0.038807 0.048713
0 0.927900 0.285692 0.029820 0.059130
0 0.537377 0.254289 0.048611 0.040441
0 0.395425 0.252757 0.049020 0.043505
0 0.349469 0.248928 0.042892 0.051164
0 0.260621 0.256127 0.060458 0.053922
0 0.166462 0.257200 0.064134 0.065870
0 0.077614 0.193934 0.075163 0.065564
0 0.017565 0.195159 0.035131 0.058211
0 0.444444 0.252298 0.048203 0.041973
0 0.982026 0.379749 0.035948 0.060355
0 0.938113 0.378983 0.041258 0.057598
0 0.893995 0.377451 0.041258 0.058211
0 0.240196 0.367034 0.029412 0.072917
0 0.269404 0.369792 0.027369 0.073529
0 0.297794 0.369026 0.031046 0.072610
0 0.326797 0.369792 0.027778 0.075980
0 0.354575 0.368873 0.029412 0.070466
0 0.384804 0.368873 0.029412 0.070466
0 0.457925 0.379902 0.023693 0.022059
0 0.457312 0.398284 0.029003 0.014093
0 0.485498 0.374234 0.021650 0.069547
0 0.515727 0.379902 0.026552 0.055760
0 0.541667 0.379902 0.026144 0.055760
0 0.566176 0.380362 0.022059 0.052390
0 0.624592 0.374847 0.029412 0.068321
0 0.680964 0.370711 0.070261 0.071691
0 0.754289 0.373621 0.073121 0.065870
0 0.672998 0.536152 0.057598 0.018995
0 0.675654 0.559743 0.058824 0.022059
0 0.426471 0.395527 0.019608 0.024510
0 0.606822 0.536458 0.059232 0.025123
0 0.871732 0.611366 0.042484 0.007659
0 0.813930 0.636949 0.060866 0.018382
0 0.754698 0.633425 0.047794 0.027880
0 0.756332 0.604626 0.045343 0.027880
0 0.706904 0.605086 0.047794 0.029412
0 0.702206 0.634957 0.052288 0.027267
0 0.600082 0.631127 0.046569 0.030025
0 0.647672 0.631740 0.048611 0.028799
0 0.646855 0.596048 0.043709 0.021140
0 0.597222 0.601562 0.046569 0.024816
0 0.546773 0.628523 0.044526 0.028493
0 0.496324 0.625153 0.046569 0.022978
0 0.445466 0.624234 0.046977 0.024816
0 0.543096 0.595588 0.046977 0.026961
0 0.493668 0.598652 0.046977 0.026961
0 0.444036 0.597580 0.047386 0.025429
0 0.396242 0.616115 0.040850 0.055760
0 0.358864 0.636795 0.030637 0.011949
0 0.312092 0.607077 0.060458 0.016238
0 0.306168 0.629136 0.072304 0.024816
0 0.232435 0.625000 0.065359 0.044730
0 0.166258 0.628676 0.063725 0.039828
0 0.065972 0.594669 0.068219 0.055147
0 0.016953 0.527574 0.033905 0.041054
0 0.059232 0.518842 0.038399 0.056066
0 0.867034 0.630362 0.042892 0.019914
0 0.106618 0.519148 0.039216 0.045650
0 0.948734 0.631434 0.052696 0.027574
0 0.940359 0.708793 0.040850 0.042586
0 0.611111 0.558670 0.066176 0.019301
0 0.056168 0.701746 0.032271 0.027880
0 0.111315 0.678462 0.055147 0.062806
0 0.162990 0.704350 0.038399 0.034926
0 0.203840 0.702512 0.043301 0.038603
0 0.260008 0.702053 0.039624 0.034620
0 0.298815 0.700674 0.038807 0.034926
0 0.330270 0.688113 0.024101 0.019608
0 0.366830 0.697457 0.030229 0.015012
0 0.417892 0.697763 0.049020 0.016850
0 0.493260 0.701593 0.049428 0.016544
0 0.542484 0.706955 0.046569 0.029718
0 0.588235 0.700827 0.044935 0.025429
0 0.575980 0.672794 0.044118 0.018995
0 0.616013 0.676011 0.037582 0.024203
0 0.661356 0.679688 0.046569 0.026654
0 0.639502 0.708640 0.047794 0.026348
0 0.686887 0.710325 0.046160 0.027880
0 0.732435 0.709865 0.044118 0.028799
0 0.779616 0.705729 0.043709 0.027267
0 0.715891 0.678309 0.045343 0.026961
0 0.770425 0.671415 0.041667 0.009498
0 0.822712 0.700368 0.042484 0.030637
0 0.885212 0.714461 0.044118 0.026961
0 0.889502 0.685202 0.055964 0.027880
0 0.984477 0.709099 0.031046 0.040135
0 0.165441 0.557904 0.062092 0.018382
0 0.821691 0.617341 0.041258 0.012255
0 0.482026 0.556373 0.058824 0.023897
0 0.356005 0.559743 0.060049 0.014706
0 0.358047 0.538143 0.067402 0.021752
0 0.420547 0.559283 0.064134 0.018076
0 0.463031 0.523591 0.033905 0.017770
0 0.292279 0.552237 0.063317 0.027267
0 0.540441 0.532016 0.044935 0.015012
0 0.226920 0.552390 0.060866 0.026961
