0 0.987132 0.700214 0.025735 0.037684
0 0.947508 0.710478 0.031454 0.084559
0 0.984069 0.736520 0.031863 0.030025
0 0.022672 0.828738 0.042892 0.052083
0 0.768791 0.844056 0.042484 0.066176
0 0.102124 0.875000 0.093954 0.028799
0 0.655637 0.795650 0.098856 0.030637
0 0.883170 0.836857 0.047386 0.070159
0 0.940155 0.821691 0.051062 0.091912
0 0.984886 0.829810 0.030229 0.089154
0 0.582312 0.871170 0.056781 0.025429
0 0.582516 0.839308 0.047386 0.027880
0 0.523897 0.842065 0.046977 0.033395
0 0.525940 0.804534 0.047794 0.024510
0 0.465074 0.866268 0.048611 0.038297
0 0.415850 0.868719 0.041667 0.035233
0 0.355801 0.818474 0.069444 0.035846
0 0.357639 0.874387 0.051062 0.029412
0 0.303513 0.878676 0.049837 0.026348
0 0.237949 0.858762 0.047794 0.020221
0 0.180147 0.859375 0.058007 0.018382
0 0.244077 0.882506 0.060049 0.019914
0 0.182394 0.883272 0.052696 0.023284
0 0.666054 0.854013 0.097631 0.034620
0 0.903799 0.707108 0.029003 0.082721
0 0.022467 0.880055 0.043301 0.038909
0 0.825572 0.838848 0.054739 0.072304
0 0.874387 0.709252 0.023284 0.079657
0 0.983252 0.187500 0.033497 0.120711
0 0.043096 0.478860 0.067402 0.091299
0 0.119281 0.485141 0.068627 0.011336
0 0.127247 0.502757 0.065768 0.013480
0 0.672386 0.501072 0.041667 0.053002
0 0.129493 0.520374 0.063725 0.013787
0 0.204861 0.493107 0.076389 0.018076
0 0.201185 0.516238 0.074755 0.017157
0 0.278186 0.517463 0.071895 0.018382
0 0.963644 0.319240 0.053922 0.107843
0 0.340278 0.501072 0.044935 0.051164
0 0.439747 0.497243 0.042075 0.053922
0 0.488358 0.498928 0.044526 0.051164
0 0.535539 0.501838 0.038399 0.052083
0 0.577410 0.495404 0.033905 0.048407
0 0.626634 0.499234 0.044118 0.049939
0 0.731005 0.499847 0.064134 0.048713
0 0.790237 0.491881 0.043709 0.060355
0 0.844363 0.494945 0.058007 0.064032
0 0.390319 0.497549 0.050245 0.048407
0 0.899714 0.332108 0.061683 0.086397
0 0.841299 0.330116 0.038807 0.093444
0 0.139502 0.178615 0.162173 0.123162
0 0.091095 0.321538 0.068627 0.111826
0 0.920343 0.203585 0.077614 0.084252
0 0.169118 0.321232 0.073529 0.120404
0 0.244894 0.321691 0.068219 0.119485
0 0.322304 0.318015 0.071895 0.114583
0 0.404208 0.317555 0.071487 0.115502
0 0.482639 0.319240 0.064951 0.119485
0 0.546160 0.319240 0.044118 0.118873
0 0.609886 0.322763 0.054739 0.109988
0 0.843137 0.203585 0.067810 0.076900
0 0.772263 0.205576 0.068219 0.078431
0 0.676266 0.334099 0.064951 0.098958
0 0.743056 0.325368 0.062908 0.102328
0 0.797794 0.334252 0.036765 0.084559
0 0.687296 0.199755 0.090278 0.079657
0 0.602533 0.202053 0.068627 0.083027
0 0.517565 0.200214 0.075163 0.083640
0 0.442402 0.199295 0.066176 0.086703
0 0.310049 0.182445 0.157680 0.116728
0 0.912786 0.476562 0.062500 0.095282
0 0.026144 0.319853 0.051471 0.115809
0 0.981618 0.470741 0.036765 0.105699
0 0.082721 0.591912 0.064951 0.088235
0 0.919322 0.616728 0.034722 0.060049
0 0.971405 0.603248 0.057190 0.094363
0 0.024510 0.707567 0.036765 0.081189
0 0.083129 0.719516 0.059232 0.093444
0 0.158088 0.750919 0.073529 0.037990
0 0.233864 0.748775 0.064951 0.034926
0 0.305147 0.746783 0.068627 0.029718
0 0.377451 0.749234 0.062092 0.026654
0 0.877451 0.620404 0.039216 0.057598
0 0.442810 0.717371 0.060458 0.024816
0 0.579248 0.745098 0.066176 0.028799
0 0.649101 0.745404 0.058007 0.027574
0 0.648489 0.719210 0.069036 0.016850
0 0.710580 0.702512 0.048611 0.021446
0 0.771242 0.703125 0.059641 0.017770
0 0.717525 0.743107 0.059232 0.026654
0 0.782067 0.744485 0.059232 0.022059
0 0.843342 0.717065 0.037173 0.057904
0 0.510825 0.725337 0.064951 0.031556
0 0.813725 0.631127 0.068627 0.020221
0 0.809845 0.600184 0.067402 0.011029
0 0.808619 0.579810 0.061683 0.021752
0 0.177288 0.576134 0.049020 0.023591
0 0.178105 0.601716 0.057190 0.017770
0 0.170956 0.639553 0.064951 0.027880
0 0.253064 0.598652 0.055964 0.030637
0 0.316789 0.643842 0.073121 0.013174
0 0.321691 0.618566 0.070670 0.016544
0 0.319853 0.589614 0.060458 0.018076
0 0.390931 0.625153 0.066176 0.019301
0 0.390523 0.646752 0.060458 0.013480
0 0.460989 0.621324 0.062500 0.014706
0 0.459355 0.642310 0.062500 0.018689
0 0.460580 0.597580 0.061683 0.021752
0 0.523489 0.581801 0.064951 0.034926
0 0.525531 0.627145 0.059232 0.031250
0 0.597835 0.632353 0.062500 0.036152
0 0.664624 0.627604 0.060458 0.027267
0 0.732230 0.578738 0.054330 0.019608
0 0.730801 0.600337 0.060458 0.015012
0 0.730188 0.621783 0.055964 0.015625
0 0.023080 0.612592 0.045343 0.087929
