0 0.772396 0.839844 0.057292 0.051562
0 0.229427 0.816602 0.199479 0.133203
0 0.437240 0.814063 0.181771 0.145313
0 0.634375 0.811133 0.203125 0.139453
0 0.755729 0.763672 0.030208 0.025000
0 0.897656 0.835156 0.063021 0.046094
0 0.955208 0.817383 0.052083 0.058984
0 0.801562 0.760938 0.056250 0.025781
0 0.061719 0.835352 0.121354 0.151172
0 0.832552 0.836328 0.052604 0.044531
0 0.699219 0.592187 0.045312 0.047656
0 0.240625 0.611914 0.070833 0.044141
0 0.588281 0.596484 0.025521 0.050000
0 0.528385 0.604688 0.088021 0.046875
0 0.449219 0.605664 0.064062 0.046484
0 0.382552 0.609180 0.064062 0.049609
0 0.312760 0.610938 0.070312 0.048438
0 0.695573 0.518945 0.066146 0.048047
0 0.564583 0.523828 0.065625 0.044531
0 0.496354 0.528125 0.066667 0.043750
0 0.425521 0.527930 0.067708 0.047266
0 0.357031 0.533789 0.064062 0.044141
0 0.287240 0.531836 0.067187 0.044141
0 0.878906 0.759961 0.063021 0.019922
0 0.638542 0.599023 0.069792 0.040234
0 0.937500 0.749609 0.052083 0.031250
0 0.823698 0.498047 0.060937 0.085938
0 0.835156 0.674023 0.031771 0.066016
0 0.042708 0.153125 0.077083 0.047656
0 0.122917 0.144141 0.075000 0.046875
0 0.263542 0.144141 0.062500 0.050781
0 0.331771 0.142578 0.067708 0.052344
0 0.404427 0.141797 0.061979 0.050781
0 0.529948 0.144727 0.065104 0.043359
0 0.597135 0.143750 0.066146 0.041406
0 0.664583 0.139844 0.061458 0.040625
0 0.991406 0.811133 0.017188 0.060547
0 0.958594 0.593164 0.068229 0.081641
0 0.884896 0.591211 0.068750 0.090234
0 0.820833 0.593945 0.043750 0.085547
0 0.985156 0.752539 0.029687 0.019922
0 0.775521 0.599609 0.040625 0.096875
0 0.239844 0.531445 0.023438 0.048047
0 0.885156 0.499023 0.051562 0.085547
0 0.956250 0.495117 0.068750 0.086328
0 0.745052 0.495898 0.026562 0.090234
0 0.784896 0.481836 0.012500 0.063672
0 0.770573 0.481445 0.014063 0.061328
0 0.959635 0.403320 0.067187 0.086328
0 0.889583 0.402539 0.055208 0.084766
0 0.825781 0.405859 0.065104 0.087500
0 0.756250 0.406836 0.065625 0.084766
0 0.957031 0.681250 0.061979 0.084375
0 0.888281 0.684961 0.061979 0.083984
0 0.741146 0.593750 0.020833 0.071875
0 0.664583 0.442969 0.072917 0.042188
0 0.530208 0.378125 0.075000 0.044531
0 0.516667 0.449609 0.070833 0.046875
0 0.197656 0.298242 0.058854 0.073047
0 0.255469 0.295898 0.052604 0.074609
0 0.313542 0.295898 0.057292 0.079297
0 0.371875 0.293555 0.054167 0.076172
0 0.432292 0.294336 0.058333 0.076172
0 0.499219 0.289648 0.072396 0.076953
0 0.148958 0.331641 0.033333 0.088281
0 0.558073 0.286133 0.039062 0.074609
0 0.685677 0.296094 0.069271 0.053906
0 0.738281 0.287695 0.031771 0.066016
0 0.816667 0.275781 0.066667 0.079687
0 0.877083 0.282422 0.047917 0.064844
0 0.922135 0.276953 0.041146 0.075781
0 0.967969 0.280664 0.047396 0.069922
0 0.603125 0.285156 0.046875 0.078906
0 0.026823 0.447070 0.051562 0.077734
0 0.109635 0.331250 0.036979 0.087500
0 0.021094 0.334766 0.040104 0.084375
0 0.049219 0.203125 0.035937 0.042969
0 0.015104 0.205859 0.029167 0.046094
0 0.077865 0.204297 0.020313 0.046875
0 0.123177 0.201758 0.067187 0.052734
0 0.197135 0.200781 0.072396 0.055469
0 0.268750 0.203320 0.067708 0.058203
0 0.066146 0.333203 0.046875 0.082812
0 0.339323 0.203320 0.066146 0.058203
0 0.538802 0.202930 0.066146 0.055078
0 0.605469 0.201563 0.066146 0.057031
0 0.676823 0.196094 0.068229 0.063281
0 0.764323 0.196289 0.081771 0.048828
0 0.849479 0.193164 0.082292 0.060547
0 0.945573 0.188672 0.047396 0.060937
0 0.410938 0.203711 0.066667 0.061328
0 0.589844 0.448437 0.068229 0.046094
0 0.083073 0.441797 0.052604 0.080469
0 0.052083 0.572266 0.027083 0.060937
0 0.548698 0.688867 0.029687 0.041797
0 0.584635 0.686719 0.038021 0.046875
0 0.641667 0.681836 0.038542 0.049609
0 0.679167 0.676953 0.032292 0.053125
0 0.714844 0.675000 0.033854 0.055469
0 0.302604 0.382617 0.083333 0.049609
0 0.513802 0.691406 0.034896 0.045312
0 0.384115 0.381836 0.073438 0.048047
0 0.602344 0.374023 0.065104 0.042578
0 0.675260 0.372266 0.076563 0.043750
0 0.228125 0.454297 0.080208 0.032813
0 0.303906 0.456445 0.069271 0.045703
0 0.375000 0.452539 0.068750 0.046484
0 0.444531 0.450781 0.066146 0.044531
0 0.457813 0.380664 0.066667 0.047266
0 0.021615 0.571289 0.028646 0.061328
0 0.480208 0.695898 0.032292 0.043359
0 0.447396 0.694141 0.029167 0.046875
0 0.082031 0.564258 0.027604 0.073047
0 0.110677 0.563672 0.029687 0.072656
0 0.141927 0.565430 0.027604 0.066797
0 0.205469 0.526367 0.042188 0.105859
0 0.170573 0.537695 0.022396 0.111328
0 0.147396 0.411328 0.050000 0.061719
0 0.475521 0.658008 0.039583 0.023047
0 0.053125 0.677734 0.104167 0.114062
0 0.132812 0.698828 0.037500 0.057813
0 0.179948 0.714258 0.049479 0.024609
0 0.232292 0.690039 0.045833 0.069922
0 0.327604 0.687695 0.045833 0.067578
0 0.370052 0.692383 0.034896 0.051953
0 0.410417 0.693359 0.040625 0.048438
0 0.279167 0.689844 0.045833 0.069531
