0 0.818219 0.739277 0.024510 0.051471
0 0.786969 0.732384 0.038807 0.065870
0 0.747958 0.731158 0.037582 0.063419
0 0.720384 0.731771 0.016748 0.063419
0 0.692198 0.732537 0.038807 0.063725
0 0.647263 0.735600 0.033088 0.058211
0 0.619894 0.742647 0.022467 0.044730
0 0.334763 0.851103 0.039624 0.057598
0 0.032680 0.825674 0.065359 0.119485
0 0.558007 0.732077 0.038399 0.062806
0 0.858252 0.737286 0.037582 0.052390
0 0.026144 0.619792 0.046569 0.023897
0 0.025327 0.596354 0.047386 0.022978
0 0.024101 0.560815 0.048203 0.020527
0 0.528186 0.736979 0.019608 0.057904
0 0.501430 0.736520 0.032271 0.055760
0 0.374796 0.850643 0.040441 0.057904
0 0.594363 0.739890 0.029412 0.050858
0 0.915237 0.736520 0.044526 0.050858
0 0.267565 0.853094 0.052288 0.059130
0 0.099265 0.855699 0.051471 0.055147
0 0.945261 0.843290 0.104575 0.065257
0 0.843954 0.844516 0.061275 0.060355
0 0.777574 0.845282 0.069036 0.060662
0 0.021650 0.473039 0.043301 0.060662
0 0.020016 0.361979 0.040033 0.058517
0 0.015727 0.240809 0.031454 0.068627
0 0.714461 0.841912 0.043301 0.064338
0 0.683619 0.842218 0.018382 0.065564
0 0.659926 0.841299 0.026552 0.068015
0 0.637868 0.837163 0.015931 0.057292
0 0.571487 0.840686 0.026961 0.071078
0 0.539624 0.840686 0.036765 0.071078
0 0.497345 0.839920 0.031454 0.069547
0 0.454248 0.849418 0.040033 0.060355
0 0.208333 0.855699 0.049837 0.055147
0 0.023284 0.695006 0.040850 0.057292
0 0.150735 0.856158 0.050654 0.056066
0 0.979371 0.737745 0.041258 0.051471
0 0.606822 0.842065 0.042075 0.068321
0 0.725694 0.620098 0.090278 0.068015
0 0.414216 0.738205 0.042484 0.059130
0 0.179534 0.399816 0.053513 0.056373
0 0.233252 0.399663 0.054739 0.053615
0 0.282067 0.399816 0.041258 0.053922
0 0.321691 0.405944 0.038807 0.039216
0 0.371936 0.404105 0.046977 0.044730
0 0.411969 0.405484 0.032271 0.041973
0 0.449755 0.403952 0.043301 0.039522
0 0.516136 0.394148 0.069036 0.063419
0 0.569853 0.393995 0.035948 0.059436
0 0.603962 0.393842 0.030637 0.060355
0 0.637868 0.404871 0.037173 0.038909
0 0.674428 0.404259 0.035948 0.037684
0 0.710376 0.390778 0.035131 0.063419
0 0.747345 0.391085 0.038807 0.064032
0 0.830882 0.381740 0.117647 0.075368
0 0.127655 0.399203 0.050245 0.054534
0 0.078431 0.398591 0.049837 0.056373
0 0.978145 0.272212 0.043709 0.045650
0 0.928922 0.272825 0.050654 0.048100
0 0.069036 0.270680 0.055556 0.057292
0 0.122141 0.271906 0.048203 0.057292
0 0.172590 0.270527 0.048611 0.054534
0 0.224673 0.272672 0.054739 0.053309
0 0.279003 0.273438 0.053105 0.056066
0 0.327002 0.279105 0.039624 0.047181
0 0.369690 0.278033 0.042484 0.044424
0 0.930556 0.398591 0.047386 0.044118
0 0.409722 0.277880 0.036765 0.043505
0 0.535335 0.274663 0.125408 0.046875
0 0.609477 0.268076 0.022876 0.058824
0 0.634600 0.268842 0.027369 0.056066
0 0.709763 0.271906 0.122958 0.049939
0 0.821283 0.284007 0.046160 0.019608
0 0.868056 0.257659 0.041667 0.037990
0 0.871528 0.284620 0.048611 0.016544
0 0.449551 0.278493 0.042892 0.045343
0 0.455882 0.738051 0.043301 0.058211
0 0.977124 0.398591 0.045752 0.044730
0 0.123979 0.520527 0.036356 0.064338
0 0.409109 0.631127 0.041258 0.053309
0 0.452002 0.629136 0.044526 0.056066
0 0.517565 0.640472 0.050654 0.028493
0 0.565564 0.640319 0.042075 0.028799
0 0.608456 0.623928 0.024101 0.037071
0 0.644199 0.638634 0.046569 0.027267
0 0.790441 0.622549 0.036765 0.062500
0 0.827819 0.627757 0.037990 0.049020
0 0.866422 0.627757 0.038399 0.049632
0 0.094158 0.742188 0.051062 0.055453
0 0.151348 0.740962 0.046160 0.054841
0 0.211806 0.740196 0.050245 0.056373
0 0.268382 0.739430 0.050654 0.057904
0 0.333129 0.737898 0.037990 0.056066
0 0.371936 0.737898 0.040441 0.058517
0 0.368056 0.631434 0.041667 0.055760
0 0.328636 0.633732 0.036356 0.051777
0 0.256127 0.631893 0.050654 0.054841
0 0.207312 0.632506 0.047794 0.051777
0 0.161969 0.521446 0.039624 0.065564
0 0.216503 0.522825 0.041667 0.054841
0 0.256127 0.523744 0.037582 0.056066
0 0.298203 0.524357 0.045752 0.055453
0 0.351307 0.525276 0.043301 0.048100
0 0.394812 0.526501 0.043709 0.048100
0 0.442402 0.527114 0.049837 0.045037
0 0.082925 0.518689 0.043301 0.062500
0 0.601511 0.526501 0.034722 0.041360
0 0.713235 0.513940 0.114379 0.064645
0 0.830474 0.512102 0.119281 0.067708
0 0.945261 0.502757 0.098856 0.063113
0 0.922386 0.630055 0.049837 0.051164
0 0.972835 0.630362 0.049428 0.051164
0 0.090686 0.632506 0.049837 0.055453
0 0.151348 0.633578 0.055147 0.053922
0 0.635825 0.526348 0.033088 0.041054
0 0.414420 0.850184 0.037173 0.058211
