0 0.162173 0.700980 0.139706 0.024510
0 0.162377 0.675398 0.138480 0.026042
0 0.559232 0.915135 0.126634 0.020221
0 0.819036 0.815104 0.109477 0.019301
0 0.942606 0.857537 0.114788 0.014706
0 0.812092 0.932598 0.120098 0.014093
0 0.810662 0.915901 0.120507 0.018689
0 0.815359 0.897518 0.110294 0.017463
0 0.816176 0.878217 0.112745 0.020527
0 0.688113 0.933824 0.124592 0.016544
0 0.687092 0.916820 0.123366 0.016850
0 0.694444 0.896752 0.121732 0.016544
0 0.694649 0.877911 0.121324 0.016850
0 0.173611 0.883272 0.133170 0.025123
0 0.940768 0.876685 0.118464 0.023591
0 0.171364 0.905944 0.137663 0.019608
0 0.304126 0.867800 0.124592 0.024816
0 0.304739 0.890012 0.126634 0.020833
0 0.304943 0.910080 0.126225 0.018689
0 0.303105 0.930300 0.123366 0.018689
0 0.432598 0.862745 0.119281 0.017157
0 0.431577 0.885876 0.125408 0.024203
0 0.431781 0.909926 0.124183 0.023897
0 0.432190 0.932138 0.124183 0.019914
0 0.565972 0.871170 0.118056 0.022978
0 0.564747 0.893536 0.115605 0.021140
0 0.172794 0.927237 0.138072 0.019914
0 0.160335 0.652880 0.140931 0.018995
0 0.940972 0.896906 0.118056 0.016850
0 0.933415 0.934130 0.123366 0.015931
0 0.818627 0.795956 0.111111 0.017157
0 0.821691 0.779105 0.104167 0.017770
0 0.821691 0.760417 0.104984 0.019608
0 0.698121 0.815717 0.123366 0.015625
0 0.698325 0.797641 0.126225 0.020527
0 0.703431 0.775735 0.116013 0.022059
0 0.565768 0.815257 0.132353 0.021446
0 0.564951 0.792892 0.131536 0.023284
0 0.569649 0.767463 0.124592 0.026961
0 0.577002 0.743873 0.144199 0.011642
0 0.935662 0.915901 0.127042 0.018689
0 0.424837 0.817249 0.133170 0.017463
0 0.430964 0.771446 0.124183 0.025735
0 0.431168 0.742034 0.132761 0.011029
0 0.290237 0.814645 0.127042 0.017770
0 0.290441 0.790748 0.129085 0.027574
0 0.295343 0.767004 0.120098 0.020527
0 0.296160 0.742034 0.128268 0.015931
0 0.152778 0.815564 0.146242 0.015931
0 0.302083 0.656863 0.128676 0.022672
0 0.558824 0.935815 0.127451 0.019301
0 0.159314 0.774663 0.123366 0.021752
0 0.425858 0.796109 0.134395 0.023591
0 0.301675 0.680607 0.132761 0.020527
0 0.426675 0.178768 0.135212 0.030944
0 0.444444 0.654565 0.131536 0.018076
0 0.308415 0.373468 0.129085 0.030025
0 0.305351 0.397978 0.133578 0.018995
0 0.304739 0.421109 0.133170 0.024816
0 0.448121 0.421875 0.146242 0.023897
0 0.452614 0.395067 0.150327 0.027267
0 0.595792 0.425705 0.145016 0.030331
0 0.743873 0.399510 0.142157 0.028186
0 0.744281 0.428309 0.144608 0.029412
0 0.856413 0.430913 0.078840 0.022978
0 0.164011 0.417739 0.149101 0.027267
0 0.857843 0.407629 0.079248 0.023591
0 0.916462 0.801624 0.078840 0.032169
0 0.916462 0.767463 0.075572 0.032475
0 0.917688 0.716299 0.079657 0.067402
0 0.925041 0.610447 0.077206 0.125919
0 0.922181 0.499387 0.089461 0.058211
0 0.941585 0.440257 0.084967 0.044118
0 0.949551 0.369026 0.078840 0.076900
0 0.148284 0.261183 0.129085 0.015625
0 0.147059 0.281403 0.125817 0.024816
0 0.860907 0.385110 0.085376 0.021446
0 0.163194 0.393689 0.146650 0.020833
0 0.162786 0.367034 0.145016 0.033701
0 0.832312 0.525582 0.091912 0.019914
0 0.707516 0.573070 0.123366 0.024203
0 0.705678 0.595282 0.128676 0.020221
0 0.702819 0.616268 0.123775 0.021140
0 0.828840 0.597580 0.116013 0.020527
0 0.828227 0.619026 0.113154 0.020527
0 0.162990 0.465686 0.154412 0.028186
0 0.164420 0.493413 0.154820 0.024816
0 0.162990 0.518536 0.151144 0.026654
0 0.307394 0.471967 0.131127 0.025429
0 0.308415 0.496170 0.129902 0.021752
0 0.308824 0.519914 0.131536 0.023897
0 0.441789 0.477022 0.127859 0.029412
0 0.441585 0.500766 0.128268 0.017463
0 0.441585 0.521140 0.128268 0.021446
0 0.574959 0.474724 0.132761 0.017463
0 0.573734 0.509804 0.131944 0.049020
0 0.716708 0.523744 0.127042 0.021140
0 0.716708 0.501838 0.128676 0.022672
0 0.719567 0.479933 0.134395 0.019301
0 0.833333 0.481924 0.089869 0.024510
0 0.832108 0.504749 0.090686 0.021140
0 0.146038 0.303462 0.127859 0.018689
0 0.145016 0.322457 0.124183 0.018689
0 0.282680 0.275888 0.135621 0.024203
0 0.283088 0.298254 0.135621 0.019301
0 0.860703 0.199908 0.098856 0.030331
0 0.955270 0.211397 0.077206 0.140931
0 0.154616 0.049632 0.130310 0.021446
0 0.155025 0.068474 0.130310 0.015012
0 0.156454 0.089154 0.132353 0.025735
0 0.295547 0.069087 0.136029 0.020527
0 0.295547 0.093290 0.135212 0.029105
0 0.438317 0.061428 0.140523 0.024203
0 0.440359 0.088542 0.141340 0.026961
0 0.441993 0.118873 0.146242 0.034926
0 0.595588 0.090533 0.157680 0.027267
0 0.596814 0.120558 0.158497 0.031556
0 0.693627 0.101562 0.034314 0.070159
0 0.726103 0.103860 0.029820 0.074142
0 0.761234 0.103554 0.037990 0.074142
0 0.795139 0.104626 0.030637 0.075061
0 0.828636 0.104626 0.036356 0.076287
0 0.863562 0.104167 0.032680 0.075980
0 0.897876 0.103248 0.033497 0.078431
0 0.955270 0.100950 0.079657 0.073836
0 0.301879 0.701900 0.132353 0.022672
0 0.860703 0.229167 0.100490 0.026961
0 0.575368 0.614583 0.122958 0.022059
0 0.734273 0.211857 0.149101 0.054228
0 0.572712 0.198529 0.147059 0.024510
0 0.282475 0.323376 0.130310 0.026042
0 0.424837 0.280025 0.133170 0.022672
0 0.421364 0.302083 0.140931 0.021446
0 0.421977 0.326287 0.142157 0.025123
0 0.568219 0.287531 0.133987 0.018076
0 0.567810 0.307445 0.134804 0.017463
0 0.575163 0.328891 0.138889 0.020527
0 0.716708 0.277267 0.146650 0.021446
0 0.723243 0.304075 0.149101 0.025429
0 0.721201 0.331189 0.149918 0.025123
0 0.852737 0.333640 0.104984 0.022672
0 0.852124 0.311581 0.102124 0.021446
0 0.855188 0.286458 0.106618 0.028186
0 0.957312 0.306832 0.078840 0.037684
0 0.150531 0.160999 0.122141 0.019301
0 0.150327 0.180453 0.129902 0.018382
0 0.148693 0.199602 0.129085 0.020527
0 0.291054 0.197917 0.128676 0.021446
0 0.429330 0.207108 0.129085 0.023897
0 0.435866 0.228401 0.139706 0.019301
0 0.574346 0.171875 0.139706 0.025735
0 0.585580 0.226103 0.149918 0.026348
0 0.574755 0.593290 0.122549 0.021752
0 0.830270 0.574142 0.112337 0.024510
0 0.313113 0.563419 0.135212 0.025123
0 0.583333 0.674632 0.133170 0.022672
0 0.439134 0.702359 0.138889 0.021752
0 0.581087 0.698223 0.130310 0.025123
0 0.717320 0.664062 0.125817 0.022365
0 0.715278 0.684283 0.132353 0.017463
0 0.582516 0.572151 0.105392 0.016850
0 0.450163 0.611979 0.120098 0.019914
0 0.584559 0.654105 0.129085 0.018995
0 0.450776 0.591759 0.124592 0.018076
0 0.314542 0.610754 0.138889 0.024816
0 0.313113 0.587623 0.139297 0.021446
0 0.715686 0.703125 0.132353 0.020221
0 0.169118 0.609681 0.142157 0.024510
0 0.168301 0.586091 0.140523 0.022059
0 0.166462 0.561734 0.140931 0.023591
0 0.830065 0.706801 0.093137 0.020221
0 0.450980 0.571385 0.125000 0.020833
0 0.827614 0.687040 0.088235 0.019301
0 0.828636 0.664982 0.087010 0.022978
0 0.440155 0.677237 0.140931 0.027267
