0 0.206495 0.465686 0.024101 0.018995
0 0.623366 0.441942 0.023693 0.021140
0 0.590891 0.445925 0.031454 0.019914
0 0.539624 0.432598 0.026961 0.018995
0 0.508783 0.434283 0.029003 0.020527
0 0.478962 0.436734 0.022467 0.018076
0 0.450163 0.435662 0.022059 0.023284
0 0.418913 0.460478 0.022467 0.013480
0 0.389093 0.461397 0.023284 0.012868
0 0.358047 0.462010 0.020833 0.011642
0 0.327410 0.459406 0.023284 0.016238
0 0.381332 0.442555 0.029820 0.019914
0 0.319649 0.437500 0.029820 0.024510
0 0.271650 0.463235 0.031046 0.016544
0 0.809436 0.441636 0.023284 0.037071
0 0.780842 0.442862 0.023284 0.037684
0 0.804943 0.478094 0.020016 0.030944
0 0.778186 0.479167 0.023693 0.031250
0 0.803513 0.511029 0.023693 0.031250
0 0.237541 0.463235 0.023284 0.018995
0 0.262868 0.437960 0.029820 0.025429
0 0.231413 0.440104 0.026552 0.022365
0 0.414828 0.440257 0.030637 0.022672
0 0.350490 0.438113 0.024510 0.024510
0 0.032680 0.656863 0.065359 0.045956
0 0.181373 0.464614 0.019608 0.021140
0 0.314542 0.590993 0.062908 0.045343
0 0.247549 0.641850 0.067810 0.044118
0 0.247345 0.595895 0.067402 0.041667
0 0.175245 0.647212 0.068627 0.040135
0 0.176879 0.602022 0.070261 0.047181
0 0.103758 0.651348 0.070261 0.047181
0 0.102533 0.603554 0.075980 0.046569
0 0.388889 0.748009 0.063725 0.042586
0 0.031454 0.606924 0.062908 0.052696
0 0.456291 0.506281 0.027778 0.064645
0 0.486520 0.504289 0.025327 0.070466
0 0.515727 0.499234 0.023284 0.064645
0 0.546160 0.503676 0.031046 0.064338
0 0.652778 0.441330 0.026144 0.022365
0 0.579861 0.506281 0.025735 0.064645
0 0.639502 0.504749 0.021650 0.061581
0 0.665850 0.503676 0.026961 0.064338
0 0.697917 0.513480 0.024918 0.041054
0 0.726103 0.513787 0.027369 0.044118
0 0.776961 0.513940 0.023693 0.034620
0 0.040033 0.444547 0.032680 0.019608
0 0.076593 0.445619 0.026552 0.021752
0 0.077819 0.467525 0.029003 0.017770
0 0.116013 0.441023 0.032680 0.021752
0 0.115196 0.465074 0.035131 0.022059
0 0.153391 0.438266 0.034722 0.021752
0 0.152369 0.461857 0.033497 0.024203
0 0.195874 0.440257 0.037990 0.024510
0 0.610498 0.504749 0.029820 0.064032
0 0.680147 0.435355 0.023693 0.022672
0 0.919935 0.337776 0.035948 0.106924
0 0.640319 0.465380 0.016748 0.013480
0 0.268791 0.183824 0.065359 0.113971
0 0.696078 0.804075 0.054739 0.038909
0 0.637663 0.683211 0.054739 0.040441
0 0.638276 0.726409 0.055147 0.040441
0 0.637868 0.767616 0.053513 0.039522
0 0.637459 0.808977 0.053513 0.039522
0 0.578431 0.688266 0.058824 0.039522
0 0.578431 0.730699 0.061275 0.041054
0 0.578431 0.772365 0.062092 0.041054
0 0.579657 0.816176 0.059641 0.038603
0 0.514706 0.693934 0.059641 0.041054
0 0.335989 0.188879 0.060866 0.112439
0 0.515727 0.736673 0.060049 0.040135
0 0.518178 0.821385 0.060049 0.043505
0 0.452206 0.697151 0.060458 0.043811
0 0.387459 0.702206 0.064134 0.044118
0 0.319649 0.706648 0.064134 0.043811
0 0.249592 0.712776 0.069444 0.043811
0 0.179534 0.717371 0.068219 0.046262
0 0.105596 0.724265 0.072304 0.045956
0 0.032680 0.729626 0.065359 0.046875
0 0.033701 0.777574 0.067402 0.045956
0 0.107230 0.771446 0.075572 0.042892
0 0.181781 0.766085 0.071078 0.043199
0 0.516544 0.778339 0.060049 0.040135
0 0.400531 0.191176 0.057598 0.113358
0 0.461397 0.193015 0.056781 0.110294
0 0.527778 0.195925 0.060458 0.111213
0 0.613766 0.464001 0.017565 0.013174
0 0.585580 0.467525 0.020833 0.011029
0 0.532271 0.454044 0.018791 0.012255
0 0.505106 0.457108 0.018382 0.015931
0 0.475899 0.457567 0.026144 0.016850
0 0.449755 0.458946 0.017974 0.015319
0 0.973243 0.501532 0.020833 0.035539
0 0.942810 0.471201 0.024510 0.034926
0 0.941993 0.508272 0.026144 0.036765
0 0.637868 0.337623 0.048611 0.110907
0 0.686479 0.338542 0.045343 0.109069
0 0.734886 0.337929 0.045752 0.109069
0 0.782680 0.338388 0.042484 0.107537
0 0.830065 0.337469 0.044118 0.107537
0 0.876838 0.337469 0.045343 0.108150
0 0.315359 0.636949 0.060458 0.041667
0 0.967933 0.337776 0.048611 0.106311
0 0.977737 0.210172 0.044526 0.099265
0 0.926879 0.209712 0.051471 0.099571
0 0.869077 0.207567 0.055964 0.100184
0 0.812092 0.204504 0.051471 0.101409
0 0.757149 0.203431 0.051879 0.101103
0 0.704453 0.201593 0.050245 0.105392
0 0.648284 0.200061 0.053922 0.107230
0 0.588235 0.196844 0.058824 0.107537
0 0.677288 0.461244 0.026144 0.013787
0 0.380719 0.634191 0.060458 0.041667
0 0.695874 0.723039 0.053513 0.040441
0 0.509600 0.625613 0.064951 0.041667
0 0.970997 0.740962 0.050654 0.035846
0 0.955474 0.600337 0.049837 0.034007
0 0.953227 0.560662 0.052696 0.039828
0 0.903186 0.603248 0.052288 0.037377
0 0.848448 0.606924 0.052288 0.036152
0 0.795343 0.610600 0.052288 0.036152
0 0.900531 0.563419 0.049428 0.039828
0 0.847222 0.568015 0.052288 0.038603
0 0.793301 0.570466 0.052288 0.038603
0 0.443627 0.629596 0.060458 0.041667
0 0.739379 0.573683 0.054739 0.041360
0 0.685049 0.616881 0.054739 0.037684
0 0.352533 0.500766 0.022876 0.062194
0 0.327206 0.507200 0.023693 0.073223
0 0.302492 0.508885 0.020833 0.065564
0 0.274306 0.513327 0.031454 0.067096
0 0.240809 0.515778 0.033905 0.067708
0 0.206087 0.519148 0.034722 0.068934
0 0.168301 0.517310 0.036765 0.068321
0 0.970384 0.778033 0.046977 0.032782
0 0.130515 0.518229 0.034722 0.071385
0 0.923611 0.663909 0.051471 0.038603
0 0.866013 0.708793 0.049020 0.038909
0 0.825572 0.510110 0.017974 0.037990
0 0.847222 0.511642 0.020425 0.034926
0 0.868873 0.510417 0.019608 0.035539
0 0.381127 0.499387 0.026144 0.061275
0 0.409314 0.498928 0.026144 0.060968
0 0.036560 0.470435 0.035539 0.026042
0 0.864175 0.474571 0.025735 0.034314
0 0.751838 0.798866 0.053513 0.037684
0 0.755515 0.758885 0.053513 0.037377
0 0.757353 0.717678 0.058824 0.035846
0 0.753472 0.676011 0.055964 0.038297
0 0.808824 0.794730 0.053922 0.035539
0 0.812092 0.754136 0.047386 0.037071
0 0.813113 0.712010 0.046160 0.037990
0 0.864175 0.789369 0.049428 0.039522
0 0.917688 0.785846 0.051062 0.037377
0 0.916871 0.747089 0.049428 0.034007
0 0.863971 0.749847 0.049837 0.038297
0 0.918709 0.707874 0.049837 0.035233
0 0.869077 0.667586 0.052696 0.042892
0 0.094363 0.518995 0.034314 0.069853
0 0.740400 0.614890 0.051879 0.038603
0 0.021038 0.523438 0.035539 0.070772
0 0.388276 0.790594 0.061683 0.040748
0 0.453227 0.783548 0.061683 0.040748
0 0.694853 0.763634 0.053922 0.037684
0 0.253268 0.757659 0.066176 0.042892
0 0.695466 0.680300 0.051062 0.040748
0 0.453023 0.741115 0.063725 0.042279
0 0.087623 0.331955 0.060866 0.130821
0 0.149510 0.333793 0.055556 0.127145
0 0.208538 0.334252 0.059232 0.126838
0 0.058415 0.521140 0.033497 0.068627
0 0.325980 0.336703 0.053922 0.120711
0 0.383987 0.337010 0.050654 0.120098
0 0.436275 0.338848 0.050654 0.120098
0 0.489992 0.337316 0.051062 0.116422
0 0.540237 0.337010 0.044526 0.113971
0 0.588440 0.338848 0.044526 0.113971
0 0.624387 0.620404 0.059232 0.039216
0 0.624183 0.577819 0.066176 0.041054
0 0.567810 0.621017 0.048203 0.041667
0 0.322917 0.796109 0.066585 0.041360
0 0.253676 0.801930 0.066176 0.041360
0 0.269404 0.334406 0.052696 0.125919
0 0.110907 0.816942 0.072304 0.043199
0 0.183824 0.810968 0.067810 0.042279
0 0.026144 0.331801 0.052288 0.132966
0 0.870711 0.439032 0.027369 0.032475
0 0.889706 0.509344 0.018791 0.034620
0 0.891136 0.473805 0.022467 0.034620
0 0.898284 0.438572 0.023693 0.033395
0 0.914011 0.509344 0.025735 0.034620
0 0.916462 0.472733 0.021650 0.034314
0 0.054330 0.174632 0.067810 0.121936
0 0.128676 0.178156 0.068627 0.120404
0 0.320261 0.751991 0.066176 0.043199
0 0.987949 0.445466 0.023284 0.073529
0 0.199755 0.182598 0.067810 0.116422
0 0.036152 0.869179 0.072304 0.043505
0 0.111724 0.862898 0.072304 0.043199
0 0.186887 0.855392 0.072304 0.043505
0 0.036152 0.823683 0.072304 0.043199
0 0.328840 0.839614 0.060458 0.041973
0 0.390523 0.833946 0.057190 0.042279
0 0.451185 0.827359 0.060049 0.042586
0 0.260825 0.846967 0.072304 0.043199
