0 0.629067 0.268750 0.053510 0.021154
0 0.626926 0.244111 0.056935 0.029567
0 0.684932 0.248438 0.059075 0.057933
0 0.737586 0.246755 0.031678 0.064183
0 0.776969 0.248678 0.046233 0.061298
0 0.823844 0.244351 0.050086 0.020913
0 0.832192 0.269471 0.060788 0.023558
0 0.883990 0.270913 0.042808 0.016827
0 0.577055 0.251803 0.047945 0.055048
0 0.974101 0.253005 0.043236 0.059856
0 0.934503 0.514183 0.058219 0.059615
0 0.923801 0.567548 0.045377 0.034615
0 0.882705 0.230288 0.048801 0.014423
0 0.884846 0.250120 0.049658 0.022837
0 0.915668 0.657091 0.077911 0.136779
0 0.930651 0.256851 0.041952 0.047356
0 0.866010 0.646034 0.023973 0.044952
0 0.413955 0.267067 0.052226 0.021154
0 0.813570 0.642909 0.025257 0.045913
0 0.155394 0.263702 0.060788 0.019231
0 0.221747 0.245553 0.071918 0.066587
0 0.295591 0.244591 0.065497 0.069471
0 0.360873 0.246034 0.047089 0.019471
0 0.358305 0.267308 0.052226 0.021635
0 0.414384 0.243389 0.051370 0.023798
0 0.212329 0.200962 0.078767 0.023077
0 0.286601 0.202644 0.068921 0.021635
0 0.161387 0.242909 0.053938 0.020433
0 0.463399 0.217548 0.050942 0.012981
0 0.467680 0.251322 0.046661 0.056490
0 0.691353 0.641226 0.033390 0.049760
0 0.728596 0.643630 0.039384 0.047356
0 0.785531 0.641707 0.029110 0.041106
0 0.524401 0.259495 0.053938 0.034856
0 0.840325 0.645553 0.032534 0.043990
0 0.064854 0.241226 0.048373 0.067548
0 0.087115 0.726202 0.075771 0.030288
0 0.935788 0.345553 0.054795 0.071394
0 0.193493 0.491827 0.045377 0.036538
0 0.059503 0.446995 0.041952 0.044952
0 0.019478 0.528726 0.038099 0.081490
0 0.053510 0.525120 0.029966 0.079087
0 0.058861 0.642428 0.082620 0.042548
0 0.065283 0.605288 0.083476 0.030769
0 0.131849 0.440745 0.084760 0.061298
0 0.096961 0.509135 0.065497 0.027885
0 0.169092 0.534615 0.073630 0.028365
0 0.155394 0.562500 0.071918 0.024519
0 0.147260 0.591587 0.068493 0.027404
0 0.151541 0.621154 0.068493 0.026442
0 0.150685 0.643630 0.062500 0.020913
0 0.145120 0.664663 0.059932 0.017788
0 0.198630 0.635938 0.029966 0.053606
0 0.244007 0.643870 0.035103 0.031010
0 0.296019 0.633053 0.057791 0.052644
0 0.346318 0.637620 0.039384 0.042548
0 0.394264 0.490865 0.053938 0.035096
0 0.447988 0.491346 0.054366 0.035577
0 0.502997 0.490865 0.049658 0.035096
0 0.555651 0.492067 0.052226 0.037019
0 0.608091 0.492548 0.054366 0.036538
0 0.664384 0.493510 0.065068 0.039904
0 0.727740 0.498558 0.054795 0.037981
0 0.248502 0.493269 0.061216 0.032692
0 0.779752 0.496394 0.051798 0.031250
0 0.323202 0.494712 0.057363 0.037500
0 0.363014 0.724639 0.047089 0.072837
0 0.063142 0.855168 0.079195 0.038702
0 0.026541 0.806971 0.049658 0.033654
0 0.085402 0.800481 0.076627 0.027885
0 0.144264 0.845313 0.031678 0.062260
0 0.176798 0.835938 0.030822 0.081971
0 0.226884 0.837620 0.059075 0.084856
0 0.285317 0.840986 0.056935 0.077644
0 0.340753 0.843630 0.057363 0.082452
0 0.398973 0.832812 0.056507 0.104567
0 0.454837 0.830889 0.059503 0.100721
0 0.508134 0.844111 0.047089 0.074279
0 0.557363 0.843389 0.051370 0.073317
0 0.608947 0.838822 0.050086 0.082933
0 0.666096 0.839543 0.064212 0.083413
0 0.724315 0.839063 0.054795 0.083413
0 0.778039 0.839303 0.053510 0.083894
0 0.821918 0.840986 0.025685 0.080048
0 0.858305 0.840986 0.047089 0.080529
0 0.901969 0.841707 0.041096 0.079087
0 0.981592 0.841226 0.036815 0.063702
0 0.025685 0.732572 0.047089 0.035817
0 0.157534 0.724159 0.050514 0.074279
0 0.214469 0.721995 0.061644 0.078606
0 0.266909 0.720313 0.042380 0.076202
0 0.314640 0.723437 0.053082 0.070913
0 0.398973 0.724639 0.016267 0.070913
0 0.019906 0.242909 0.037243 0.066106
0 0.838185 0.493990 0.062500 0.033654
0 0.803296 0.572596 0.050086 0.027404
0 0.393836 0.633774 0.057363 0.058894
0 0.449272 0.634255 0.039812 0.055048
0 0.540240 0.637139 0.047089 0.053606
0 0.615796 0.641226 0.039812 0.052163
0 0.657962 0.639543 0.035103 0.053606
0 0.029110 0.694471 0.057363 0.025962
0 0.426584 0.724159 0.037243 0.071875
0 0.467894 0.722957 0.043664 0.074279
0 0.514127 0.725361 0.046233 0.079087
0 0.555223 0.734014 0.029966 0.057933
0 0.884418 0.442668 0.060788 0.030529
0 0.068707 0.343149 0.051798 0.026683
0 0.584332 0.735216 0.028253 0.056971
0 0.070420 0.370673 0.046661 0.029327
0 0.206764 0.343630 0.059075 0.063221
0 0.293878 0.355889 0.092038 0.044952
0 0.361729 0.341707 0.044521 0.079087
0 0.397260 0.340986 0.029966 0.080529
0 0.432577 0.338101 0.040668 0.074279
0 0.518408 0.353726 0.089041 0.045433
0 0.605094 0.340505 0.052654 0.067067
0 0.659675 0.344111 0.051370 0.074279
0 0.698202 0.347957 0.025685 0.066587
0 0.754709 0.353245 0.087329 0.046875
0 0.821276 0.349880 0.044949 0.061779
0 0.872860 0.345793 0.059075 0.068510
0 0.153682 0.345553 0.047089 0.060337
0 0.847175 0.558534 0.039384 0.028125
0 0.626498 0.714423 0.044092 0.033173
0 0.669949 0.728245 0.050514 0.061298
0 0.750428 0.569712 0.053938 0.022115
0 0.685788 0.565865 0.063356 0.028846
0 0.571062 0.555409 0.036815 0.050721
0 0.976241 0.631370 0.047517 0.039663
0 0.211045 0.437620 0.050514 0.028606
0 0.264769 0.438101 0.059503 0.027644
0 0.274615 0.408413 0.044092 0.032212
0 0.325342 0.437380 0.057363 0.030529
0 0.383562 0.435457 0.058219 0.035337
0 0.436002 0.436418 0.047517 0.038221
0 0.482449 0.439303 0.047089 0.032452
0 0.626926 0.744351 0.044092 0.028125
0 0.529966 0.427284 0.039384 0.056010
0 0.618793 0.441707 0.050086 0.027163
0 0.668236 0.441947 0.051370 0.027163
0 0.722175 0.441707 0.052226 0.031971
0 0.775043 0.442188 0.055223 0.029087
0 0.969392 0.434255 0.055223 0.055529
0 0.952269 0.472596 0.059503 0.022115
0 0.830051 0.444111 0.050514 0.027163
0 0.892123 0.746995 0.046233 0.038221
0 0.849743 0.729447 0.034247 0.073317
0 0.816995 0.726082 0.032106 0.078125
0 0.783818 0.726562 0.034247 0.079087
0 0.733733 0.727764 0.071062 0.081490
0 0.569777 0.428245 0.037671 0.052163
