0 0.030342 0.489904 0.049573 0.069231
0 0.300855 0.217668 0.035897 0.083894
0 0.678419 0.510938 0.067949 0.040144
0 0.611966 0.503966 0.044444 0.059375
0 0.547863 0.501322 0.057265 0.060817
0 0.468803 0.514303 0.073504 0.032452
0 0.267094 0.517909 0.061538 0.032933
0 0.333974 0.520072 0.053419 0.030048
0 0.196795 0.518750 0.061966 0.032692
0 0.134188 0.475481 0.051282 0.058173
0 0.354060 0.211779 0.055983 0.090385
0 0.766239 0.511178 0.053846 0.042067
0 0.398077 0.513341 0.051709 0.042067
0 0.759402 0.466346 0.051282 0.039904
0 0.080128 0.346154 0.040598 0.096154
0 0.847863 0.504327 0.026496 0.066827
0 0.877778 0.502163 0.026496 0.062981
0 0.035470 0.565144 0.043590 0.031731
0 0.092094 0.574880 0.048291 0.055048
0 0.147222 0.582572 0.060256 0.067067
0 0.216239 0.616226 0.046154 0.073317
0 0.263675 0.619471 0.048718 0.076923
0 0.320940 0.619952 0.049573 0.075000
0 0.370085 0.617308 0.044444 0.072596
0 0.423077 0.614904 0.053846 0.073077
0 0.471581 0.615986 0.040598 0.076683
0 0.515171 0.618269 0.040598 0.069231
0 0.261752 0.218630 0.028632 0.082452
0 0.563675 0.619832 0.040171 0.068990
0 0.660897 0.462620 0.060256 0.023317
0 0.223077 0.223438 0.033333 0.089183
0 0.131838 0.348558 0.046581 0.100962
0 0.136966 0.205769 0.018376 0.083654
0 0.616880 0.384255 0.021795 0.042067
0 0.644872 0.371995 0.023077 0.068029
0 0.676709 0.387019 0.021795 0.048558
0 0.705983 0.373558 0.025641 0.065385
0 0.739316 0.375000 0.032479 0.063462
0 0.610470 0.617067 0.041453 0.065385
0 0.778419 0.370433 0.023504 0.077404
0 0.812393 0.375000 0.037607 0.069712
0 0.848932 0.370793 0.017521 0.062740
0 0.888889 0.374639 0.043590 0.061298
0 0.956197 0.277885 0.014957 0.031250
0 0.982692 0.276923 0.024359 0.033173
0 0.946368 0.314663 0.022650 0.031250
0 0.975641 0.312139 0.010256 0.033413
0 0.937179 0.378966 0.020513 0.049279
0 0.959402 0.371635 0.016239 0.051923
0 0.980342 0.373678 0.014530 0.050721
0 0.940171 0.450120 0.015385 0.044952
0 0.959188 0.452163 0.015812 0.037500
0 0.974145 0.451322 0.009829 0.036298
0 0.992094 0.453005 0.010684 0.035817
0 0.457051 0.371875 0.038889 0.071154
0 0.411538 0.370433 0.040171 0.066346
0 0.364103 0.373558 0.026496 0.071154
0 0.328846 0.371394 0.032906 0.070673
0 0.287393 0.369231 0.031197 0.065865
0 0.240598 0.372476 0.041026 0.062260
0 0.036752 0.231130 0.035043 0.097356
0 0.086966 0.235457 0.049145 0.106971
0 0.186752 0.217909 0.036752 0.078125
0 0.651282 0.619111 0.035897 0.064663
0 0.444444 0.190385 0.046154 0.093269
0 0.765171 0.610096 0.056838 0.082692
0 0.874359 0.211298 0.047009 0.082212
0 0.926496 0.719591 0.017094 0.033413
0 0.957265 0.717308 0.022222 0.030288
0 0.983761 0.718510 0.026496 0.027885
0 0.965598 0.745793 0.017521 0.018990
0 0.990598 0.743510 0.018803 0.017788
0 0.938889 0.745072 0.023932 0.014663
0 0.115812 0.813702 0.182906 0.048558
0 0.138248 0.865264 0.173077 0.037260
0 0.274786 0.827163 0.082051 0.027404
0 0.277564 0.803966 0.076496 0.016106
0 0.279274 0.848798 0.069658 0.014904
0 0.275214 0.865986 0.077778 0.017067
0 0.270513 0.887740 0.073504 0.016346
0 0.343590 0.887500 0.072650 0.016827
0 0.353419 0.869712 0.064957 0.012981
0 0.360684 0.850120 0.079487 0.021394
0 0.436752 0.873077 0.079487 0.018269
0 0.423291 0.892428 0.074786 0.010337
0 0.542735 0.852043 0.106838 0.087740
0 0.629274 0.862139 0.024359 0.073798
0 0.669231 0.877644 0.049573 0.103846
0 0.835897 0.844351 0.149573 0.023798
0 0.838889 0.875962 0.134188 0.021635
0 0.843803 0.900601 0.110684 0.015144
0 0.944231 0.531370 0.013248 0.031971
0 0.964316 0.521875 0.014957 0.037500
0 0.201068 0.371274 0.038034 0.060817
0 0.027564 0.353005 0.027778 0.104567
0 0.827137 0.214062 0.033761 0.076683
0 0.699573 0.607212 0.045299 0.094231
0 0.777778 0.218029 0.038462 0.065385
0 0.679701 0.216707 0.054274 0.068029
0 0.836538 0.625601 0.058547 0.060817
0 0.925000 0.586538 0.028632 0.047115
0 0.950214 0.584856 0.025214 0.044231
0 0.975427 0.586538 0.020940 0.047115
0 0.994658 0.589663 0.010684 0.047596
0 0.922222 0.655889 0.023077 0.045913
0 0.950000 0.656731 0.024786 0.044231
0 0.976923 0.659014 0.023932 0.052163
0 0.251923 0.685216 0.133761 0.024279
0 0.247863 0.704447 0.125641 0.016106
0 0.408761 0.703966 0.110684 0.023317
0 0.241667 0.742308 0.124359 0.019231
0 0.391880 0.743630 0.136752 0.014183
0 0.243376 0.763101 0.127778 0.018029
0 0.395085 0.760577 0.126923 0.011058
0 0.490385 0.749639 0.045726 0.039183
0 0.556197 0.735457 0.041453 0.064183
0 0.605342 0.731731 0.041453 0.075000
0 0.656624 0.725601 0.051709 0.090144
0 0.710470 0.727644 0.045726 0.088942
0 0.764957 0.730288 0.045299 0.083654
0 0.810684 0.724399 0.039316 0.089663
0 0.854487 0.724639 0.045726 0.092067
0 0.523291 0.369471 0.051709 0.068269
0 0.398291 0.229928 0.018803 0.044952
0 0.492308 0.216106 0.038462 0.080769
0 0.549145 0.228726 0.043590 0.053125
0 0.604487 0.216466 0.013248 0.075240
0 0.625427 0.217668 0.011538 0.077644
0 0.732265 0.222236 0.034615 0.062260
0 0.573932 0.369952 0.033333 0.067308
