0 0.638021 0.610907 0.018689 0.050245
0 0.616575 0.290645 0.032169 0.156454
0 0.662377 0.847835 0.011642 0.011029
0 0.685202 0.623162 0.017463 0.042892
0 0.653493 0.613971 0.014093 0.044935
0 0.651961 0.289420 0.037990 0.160539
0 0.668199 0.617239 0.015319 0.051471
0 0.687347 0.286560 0.032169 0.167075
0 0.795650 0.276757 0.039828 0.183415
0 0.757047 0.281046 0.037377 0.174837
0 0.704657 0.628881 0.018995 0.053513
0 0.493566 0.440768 0.043505 0.120915
0 0.549479 0.464665 0.020527 0.131127
0 0.527880 0.460172 0.023284 0.134395
0 0.892923 0.516136 0.030944 0.201389
0 0.852482 0.513276 0.049326 0.196487
0 0.809896 0.510825 0.036458 0.202206
0 0.773284 0.501021 0.036152 0.183415
0 0.742800 0.499592 0.024816 0.187092
0 0.717831 0.492239 0.025735 0.160948
0 0.690411 0.488154 0.027880 0.169118
0 0.658395 0.473856 0.027574 0.151961
0 0.609222 0.469975 0.038909 0.150735
0 0.751532 0.719771 0.020833 0.062908
0 0.774510 0.726307 0.022672 0.053922
0 0.795496 0.733456 0.018689 0.069036
0 0.819393 0.741013 0.025429 0.055556
0 0.865809 0.748366 0.026348 0.070261
0 0.890472 0.752451 0.022365 0.062908
0 0.577206 0.473243 0.026348 0.139297
0 0.893689 0.269608 0.052083 0.204248
0 0.470895 0.313521 0.052696 0.128676
0 0.841452 0.270425 0.043199 0.193627
0 0.720282 0.287582 0.036152 0.170752
0 0.722426 0.637868 0.017157 0.042075
0 0.722580 0.962827 0.040748 0.062908
0 0.763021 0.643587 0.018689 0.054330
0 0.534773 0.640114 0.013787 0.038399
0 0.576287 0.603554 0.015319 0.044526
0 0.559283 0.598652 0.015012 0.046977
0 0.544118 0.599877 0.013480 0.042075
0 0.771752 0.978758 0.047181 0.042484
0 0.531863 0.594363 0.011642 0.050654
0 0.475337 0.564747 0.049326 0.104984
0 0.486213 0.800041 0.031863 0.055964
0 0.515625 0.807598 0.020221 0.049837
0 0.742647 0.642770 0.020833 0.057598
0 0.539982 0.832108 0.027880 0.046569
0 0.606924 0.873979 0.032475 0.064134
0 0.570925 0.851103 0.029718 0.054330
0 0.608150 0.812704 0.034926 0.045343
0 0.572763 0.797181 0.029718 0.055147
0 0.543045 0.782884 0.027267 0.047794
0 0.611213 0.760417 0.036152 0.056781
0 0.575980 0.739788 0.029412 0.058007
0 0.543352 0.726307 0.030944 0.062092
0 0.497702 0.688725 0.048100 0.119281
0 0.679075 0.926266 0.038909 0.064951
0 0.642004 0.902574 0.035233 0.055147
0 0.679228 0.861520 0.035539 0.058007
0 0.642770 0.838440 0.036765 0.061683
0 0.658854 0.782680 0.042586 0.058824
0 0.546569 0.643178 0.009191 0.031454
0 0.558824 0.649510 0.014093 0.044935
0 0.516697 0.767157 0.022365 0.027778
0 0.529871 0.295547 0.037684 0.140114
0 0.605852 0.660743 0.014400 0.055964
0 0.575827 0.653799 0.018076 0.045343
0 0.635570 0.673407 0.015625 0.057598
0 0.650276 0.680147 0.015012 0.044935
0 0.666207 0.687500 0.015012 0.059641
0 0.684896 0.694444 0.022365 0.046569
0 0.704350 0.700163 0.016544 0.058824
0 0.725031 0.705678 0.024203 0.050245
0 0.721814 0.824346 0.044730 0.075980
0 0.772672 0.852737 0.047181 0.078840
0 0.827665 0.881332 0.056066 0.083742
0 0.880974 0.909314 0.042586 0.080882
0 0.620558 0.670343 0.013787 0.047386
0 0.769761 0.922590 0.051777 0.062500
0 0.720435 0.895629 0.041973 0.064951
0 0.560662 0.301062 0.025123 0.129902
0 0.538756 0.097018 0.025429 0.179330
0 0.568934 0.089257 0.033088 0.167075
0 0.603554 0.087010 0.034926 0.173203
0 0.510417 0.106618 0.032475 0.159314
0 0.676777 0.074346 0.038603 0.148693
0 0.718137 0.069036 0.042279 0.130719
0 0.761949 0.067198 0.045343 0.132761
0 0.805760 0.059028 0.035539 0.108252
0 0.826287 0.955065 0.055147 0.063725
0 0.638787 0.079248 0.031250 0.157680
