0 0.265839 0.637981 0.053082 0.015385
0 0.461045 0.633053 0.059075 0.014183
0 0.525899 0.631851 0.054366 0.017067
0 0.588399 0.630168 0.054366 0.013702
0 0.397902 0.633894 0.047517 0.015865
0 0.330051 0.638101 0.061644 0.015625
0 0.679795 0.523197 0.047945 0.052163
0 0.137200 0.644111 0.064640 0.016587
0 0.528467 0.526202 0.049229 0.052404
0 0.647046 0.627404 0.060360 0.016827
0 0.577269 0.523798 0.042380 0.047596
0 0.625428 0.524639 0.043664 0.049279
0 0.198202 0.642308 0.052226 0.015865
0 0.835188 0.624159 0.064212 0.015625
0 0.457620 0.660577 0.057363 0.012981
0 0.707834 0.625841 0.053510 0.013702
0 0.821918 0.648798 0.062500 0.014904
0 0.754281 0.651082 0.057363 0.013702
0 0.696490 0.654207 0.046233 0.014183
0 0.638485 0.653966 0.059503 0.013702
0 0.573630 0.659615 0.059932 0.013942
0 0.514769 0.657572 0.051798 0.012740
0 0.398116 0.661418 0.053082 0.011779
0 0.329195 0.663822 0.065068 0.011298
0 0.266053 0.664062 0.062928 0.013702
0 0.135702 0.673077 0.071918 0.012981
0 0.205479 0.670673 0.061644 0.013462
0 0.770120 0.625361 0.053938 0.015625
0 0.741438 0.522957 0.046233 0.054087
0 0.621361 0.457813 0.040668 0.064183
0 0.840111 0.524159 0.044092 0.054087
0 0.494863 0.301322 0.156678 0.134856
0 0.325557 0.303365 0.162243 0.136058
0 0.155180 0.302885 0.151113 0.132212
0 0.039598 0.304087 0.075771 0.125481
0 0.064212 0.515625 0.123288 0.117308
0 0.212971 0.455168 0.051798 0.042067
0 0.272474 0.455889 0.050942 0.040625
0 0.208262 0.504567 0.057791 0.042788
0 0.268836 0.503245 0.048801 0.043029
0 0.319563 0.501322 0.035531 0.042067
0 0.362800 0.499880 0.037243 0.041587
0 0.410745 0.496514 0.038099 0.040625
0 0.458048 0.495072 0.042808 0.037740
0 0.790026 0.522837 0.043236 0.051442
0 0.465325 0.544832 0.047945 0.042067
0 0.369649 0.544712 0.039812 0.043750
0 0.320205 0.547476 0.047089 0.038702
0 0.275043 0.546875 0.044949 0.039904
0 0.222603 0.552404 0.051370 0.040385
0 0.520976 0.457572 0.039384 0.060817
0 0.573630 0.456490 0.044521 0.064423
0 0.137200 0.699159 0.069777 0.014663
0 0.676156 0.458654 0.045805 0.068750
0 0.740796 0.451923 0.034675 0.060577
0 0.789170 0.454688 0.041524 0.063221
0 0.838613 0.452043 0.035959 0.063702
0 0.883562 0.449399 0.030822 0.058413
0 0.885274 0.522957 0.034247 0.054087
0 0.416738 0.545673 0.040668 0.040385
0 0.204195 0.693630 0.049658 0.014663
0 0.663741 0.299399 0.155394 0.133894
0 0.516053 0.736178 0.054366 0.012740
0 0.520762 0.709255 0.050942 0.015625
0 0.273759 0.792548 0.048373 0.011058
0 0.218536 0.793750 0.052654 0.013462
0 0.151755 0.798077 0.070634 0.014423
0 0.809075 0.750000 0.056507 0.012500
0 0.751926 0.750601 0.047517 0.010817
0 0.635916 0.755889 0.050086 0.013221
0 0.577483 0.756851 0.057363 0.015144
0 0.577697 0.707572 0.056935 0.016106
0 0.639555 0.706250 0.057363 0.013462
0 0.700771 0.704567 0.054795 0.013942
0 0.761344 0.702764 0.053510 0.014663
0 0.820848 0.702764 0.059503 0.017548
0 0.814640 0.727644 0.058219 0.012500
0 0.461687 0.711899 0.055223 0.017548
0 0.754067 0.727524 0.051798 0.012260
0 0.636344 0.730048 0.060360 0.014904
0 0.577697 0.733173 0.057791 0.012500
0 0.456550 0.739423 0.065497 0.016827
0 0.392337 0.739663 0.056079 0.017308
0 0.330051 0.743389 0.061644 0.016106
0 0.267337 0.744832 0.056079 0.016106
0 0.515411 0.760337 0.047945 0.016346
0 0.457620 0.760457 0.052226 0.011298
0 0.395120 0.763462 0.061644 0.011538
0 0.329623 0.765986 0.055651 0.013702
0 0.268622 0.768029 0.053510 0.014904
0 0.208262 0.773317 0.052654 0.014423
0 0.148973 0.774639 0.060788 0.010817
0 0.204837 0.746514 0.055223 0.014183
0 0.696490 0.728125 0.056507 0.011058
0 0.396404 0.712260 0.054795 0.015385
0 0.693065 0.750962 0.049658 0.009135
0 0.269264 0.718510 0.054795 0.011058
0 0.811002 0.771394 0.070634 0.013462
0 0.331122 0.716587 0.053510 0.012981
0 0.687714 0.777163 0.053510 0.016346
0 0.136986 0.721995 0.069349 0.015625
0 0.262200 0.692909 0.055223 0.018990
0 0.635274 0.777764 0.048801 0.012260
0 0.574700 0.783293 0.046661 0.014663
0 0.515197 0.782813 0.062928 0.013702
0 0.452911 0.785697 0.053082 0.014183
0 0.394692 0.789183 0.060788 0.015385
0 0.333904 0.792788 0.053938 0.013942
0 0.330265 0.690865 0.056935 0.012019
0 0.744863 0.773317 0.053082 0.014423
0 0.452483 0.685457 0.057363 0.015144
0 0.391053 0.687500 0.058647 0.013462
0 0.822988 0.296755 0.151113 0.136779
0 0.139769 0.751563 0.064640 0.015625
0 0.820420 0.678245 0.065497 0.016106
0 0.757277 0.676923 0.053082 0.016827
0 0.205908 0.720313 0.053082 0.019952
0 0.697346 0.678846 0.058219 0.012981
0 0.637200 0.678966 0.052654 0.013221
0 0.575128 0.682933 0.062928 0.012981
0 0.512200 0.684856 0.051798 0.013942
