0 0.550000 0.896635 0.096154 0.042788
0 0.569712 0.865385 0.104167 0.018750
0 0.664744 0.859856 0.079487 0.017308
0 0.644551 0.892788 0.087179 0.037019
0 0.739263 0.897115 0.103526 0.043750
0 0.733173 0.844591 0.050321 0.031971
0 0.833814 0.890385 0.078526 0.039904
0 0.961218 0.891106 0.055128 0.057212
0 0.811538 0.851082 0.084615 0.023317
0 0.894071 0.830529 0.054808 0.018269
0 0.948718 0.829567 0.052564 0.019712
0 0.889263 0.849639 0.051603 0.018029
0 0.572596 0.103606 0.115705 0.029808
0 0.691186 0.100000 0.109936 0.044231
0 0.787821 0.605529 0.076282 0.040865
0 0.906410 0.891587 0.054487 0.056731
0 0.575481 0.843630 0.092628 0.022837
0 0.810897 0.830769 0.087179 0.018750
0 0.456891 0.879447 0.082372 0.058894
0 0.616827 0.703365 0.082372 0.042308
0 0.300160 0.880409 0.082372 0.061779
0 0.860417 0.606250 0.067628 0.039423
0 0.936218 0.551322 0.053205 0.035337
0 0.982853 0.552043 0.034295 0.032452
0 0.932051 0.602885 0.048077 0.047596
0 0.978045 0.604327 0.043910 0.043269
0 0.066506 0.655409 0.078526 0.039663
0 0.141987 0.653486 0.073077 0.043029
0 0.059455 0.696635 0.067628 0.036058
0 0.133333 0.695433 0.081410 0.038462
0 0.863622 0.666346 0.064423 0.030769
0 0.266667 0.639784 0.092308 0.049279
0 0.495673 0.649399 0.089423 0.049279
0 0.226122 0.692548 0.087500 0.037500
0 0.325481 0.691827 0.084936 0.043269
0 0.416346 0.693510 0.084615 0.039423
0 0.516346 0.695673 0.092949 0.038942
0 0.785897 0.706010 0.075641 0.042788
0 0.784295 0.667067 0.082051 0.032212
0 0.704327 0.705769 0.078526 0.035096
0 0.701763 0.675240 0.079808 0.022115
0 0.375481 0.641466 0.112500 0.033413
0 0.378846 0.879087 0.072436 0.057692
0 0.865545 0.707452 0.068269 0.033654
0 0.976442 0.690385 0.047115 0.067788
0 0.219712 0.878966 0.077885 0.059856
0 0.123077 0.886298 0.096154 0.053365
0 0.120192 0.836178 0.087179 0.039183
0 0.609455 0.665264 0.077244 0.030529
0 0.969551 0.775601 0.049359 0.074760
0 0.920833 0.776803 0.048077 0.071394
0 0.856250 0.798558 0.078526 0.039423
0 0.771955 0.799038 0.079167 0.041827
0 0.675962 0.795192 0.092308 0.035577
0 0.928205 0.691346 0.046795 0.066346
0 0.585096 0.794712 0.089423 0.035577
0 0.048237 0.793029 0.090064 0.041827
0 0.482212 0.792548 0.097756 0.036058
0 0.370994 0.796154 0.102244 0.038462
0 0.249840 0.790625 0.112500 0.037019
0 0.483814 0.748678 0.104167 0.046394
0 0.365545 0.756851 0.100962 0.038702
0 0.245994 0.748197 0.113782 0.045433
0 0.121474 0.747716 0.105769 0.042067
0 0.034455 0.743389 0.065705 0.043029
0 0.605288 0.756370 0.081731 0.035337
0 0.037019 0.880529 0.067628 0.049038
0 0.946154 0.848678 0.063462 0.019471
0 0.272436 0.447476 0.065385 0.040144
0 0.277885 0.596394 0.069872 0.035096
0 0.213301 0.594471 0.061859 0.037981
0 0.030449 0.330168 0.057692 0.041587
0 0.561538 0.564063 0.067949 0.029567
0 0.492468 0.563942 0.066987 0.027885
0 0.422756 0.562861 0.068590 0.029567
0 0.345673 0.563942 0.074038 0.027885
0 0.982853 0.177043 0.034295 0.075721
0 0.968269 0.299038 0.056410 0.046635
0 0.903205 0.294952 0.070513 0.045673
0 0.345673 0.598077 0.064423 0.040385
0 0.941667 0.254447 0.041667 0.033894
0 0.675641 0.290385 0.075641 0.042788
0 0.601763 0.288942 0.068269 0.045673
0 0.533013 0.290865 0.065385 0.037500
0 0.845994 0.183413 0.078526 0.045673
0 0.919872 0.186779 0.068590 0.045192
0 0.022436 0.228125 0.041667 0.043750
0 0.073878 0.229207 0.061218 0.042548
0 0.034936 0.270793 0.063462 0.042548
0 0.090865 0.273558 0.050321 0.037981
0 0.277244 0.235697 0.055769 0.044471
0 0.748237 0.293990 0.059295 0.043269
0 0.095353 0.330409 0.072115 0.039183
0 0.064904 0.379567 0.068910 0.044712
0 0.137500 0.377885 0.076923 0.047596
0 0.418910 0.597356 0.076923 0.037981
0 0.495032 0.599760 0.072115 0.043750
0 0.561538 0.601923 0.061538 0.038462
0 0.635417 0.563582 0.074679 0.038221
0 0.713301 0.566827 0.077244 0.031731
0 0.793590 0.567909 0.078205 0.037260
0 0.868750 0.569231 0.071474 0.034135
0 0.632853 0.600481 0.069551 0.035577
0 0.709135 0.602163 0.081731 0.033173
0 0.027244 0.146034 0.051282 0.056971
0 0.104647 0.150120 0.077885 0.069952
0 0.229327 0.141466 0.151603 0.086298
0 0.386378 0.151803 0.149038 0.072837
0 0.526442 0.158534 0.125962 0.077163
0 0.661378 0.162620 0.142628 0.070433
0 0.784295 0.130889 0.069231 0.055529
0 0.930769 0.136178 0.067949 0.056490
0 0.771154 0.181971 0.065385 0.050000
0 0.560897 0.354207 0.066667 0.039663
0 0.494391 0.351803 0.064423 0.046394
0 0.423397 0.348197 0.069872 0.042067
0 0.355609 0.347236 0.065064 0.044471
0 0.290064 0.340024 0.055769 0.044471
0 0.336378 0.240745 0.061859 0.041106
0 0.402564 0.243870 0.060256 0.039183
0 0.857532 0.133293 0.074679 0.049760
0 0.531090 0.249399 0.061538 0.043029
0 0.705609 0.351082 0.084295 0.043510
0 0.629968 0.348197 0.066987 0.051202
0 0.146474 0.589183 0.050000 0.041827
0 0.141987 0.537380 0.044231 0.038702
0 0.078686 0.591827 0.077244 0.039904
0 0.076763 0.543870 0.086218 0.049279
0 0.946474 0.505288 0.064103 0.053846
0 0.980449 0.450120 0.039103 0.046394
0 0.728686 0.503846 0.059936 0.043750
0 0.727404 0.466587 0.057372 0.031731
0 0.660256 0.505529 0.046154 0.032692
0 0.610096 0.506490 0.043269 0.034615
0 0.469391 0.499519 0.065705 0.035096
0 0.414744 0.454688 0.076282 0.040144
0 0.483814 0.461178 0.066346 0.037260
0 0.550321 0.468510 0.067949 0.031731
0 0.617468 0.467909 0.048397 0.043510
0 0.670833 0.467909 0.053205 0.042548
0 0.464263 0.245312 0.061859 0.041587
0 0.203045 0.491587 0.057372 0.040865
0 0.268590 0.491827 0.073718 0.040385
0 0.340865 0.495673 0.061218 0.041827
0 0.404487 0.499519 0.060897 0.041827
0 0.212340 0.381731 0.066346 0.039423
0 0.282692 0.384856 0.063462 0.036058
0 0.540064 0.501923 0.060256 0.037500
0 0.415064 0.391346 0.062821 0.037500
0 0.788141 0.250841 0.086538 0.036298
0 0.874199 0.256611 0.075962 0.028606
0 0.274679 0.279808 0.053846 0.039423
0 0.332532 0.281490 0.060577 0.036538
0 0.403846 0.286058 0.062821 0.044712
0 0.340224 0.450120 0.066346 0.046394
0 0.350160 0.390385 0.063782 0.039904
0 0.465545 0.288702 0.058013 0.038942
0 0.982051 0.403125 0.035897 0.042788
0 0.687500 0.242909 0.076923 0.048798
0 0.046314 0.443870 0.083013 0.053125
0 0.132692 0.446274 0.089744 0.047356
0 0.606571 0.242188 0.084295 0.050240
0 0.114103 0.489183 0.071795 0.043269
0 0.481250 0.396875 0.066987 0.041827
0 0.550321 0.397115 0.064744 0.042788
0 0.633173 0.397115 0.066987 0.043750
0 0.210737 0.444832 0.059936 0.045433
0 0.701442 0.398317 0.069551 0.042788
0 0.944872 0.348197 0.083333 0.048798
0 0.276282 0.563101 0.063462 0.027644
0 0.932692 0.402885 0.062179 0.043269
0 0.039583 0.490865 0.075962 0.041827
0 0.204327 0.561298 0.065705 0.022115
