0 0.644050 0.785937 0.048373 0.037260
0 0.697346 0.782091 0.057363 0.035337
0 0.545591 0.786418 0.049229 0.036298
0 0.754923 0.781971 0.057791 0.035577
0 0.804366 0.767788 0.035103 0.035096
0 0.496789 0.785697 0.048373 0.032933
0 0.444135 0.777284 0.042380 0.047356
0 0.828553 0.714063 0.055223 0.030048
0 0.393408 0.782572 0.043664 0.043990
0 0.197774 0.797476 0.087329 0.031010
0 0.594178 0.787139 0.046233 0.034856
0 0.303938 0.792067 0.066781 0.025000
0 0.321062 0.869952 0.027397 0.049038
0 0.248074 0.879207 0.026113 0.007933
0 0.773545 0.709976 0.052226 0.031010
0 0.668450 0.865505 0.077483 0.011779
0 0.671661 0.880529 0.079623 0.012981
0 0.730094 0.883173 0.025257 0.015385
0 0.764983 0.878486 0.031678 0.015144
0 0.764555 0.856731 0.022260 0.020192
0 0.810360 0.861659 0.052226 0.039663
0 0.014983 0.680889 0.029966 0.036298
0 0.014983 0.608293 0.029110 0.019471
0 0.011986 0.580529 0.023116 0.027404
0 0.132491 0.415625 0.068921 0.015865
0 0.867080 0.251563 0.064640 0.040144
0 0.178082 0.878005 0.053082 0.047356
0 0.221747 0.891346 0.024829 0.010577
0 0.586687 0.879567 0.084332 0.020673
0 0.058219 0.889303 0.060788 0.023317
0 0.122217 0.868389 0.061216 0.019952
0 0.057149 0.866106 0.058647 0.020192
0 0.058005 0.842308 0.060360 0.025000
0 0.122432 0.844111 0.061644 0.026202
0 0.056079 0.681250 0.050514 0.033173
0 0.117080 0.680769 0.051798 0.038942
0 0.481164 0.883654 0.103596 0.014423
0 0.482235 0.868149 0.101455 0.014663
0 0.405394 0.871274 0.041952 0.044471
0 0.358091 0.866947 0.041524 0.043029
0 0.284033 0.871274 0.038099 0.046394
0 0.247860 0.888942 0.021404 0.008173
0 0.122646 0.889663 0.057791 0.019231
0 0.732663 0.869471 0.030394 0.010096
0 0.721104 0.709976 0.049229 0.030048
0 0.593108 0.719591 0.062928 0.021875
0 0.265625 0.388341 0.082620 0.018990
0 0.357663 0.384375 0.087757 0.027885
0 0.447346 0.386418 0.083048 0.027163
0 0.558861 0.387260 0.088613 0.024038
0 0.648759 0.386779 0.084332 0.025481
0 0.734803 0.386779 0.081764 0.025481
0 0.635916 0.363462 0.086045 0.018750
0 0.079837 0.318029 0.078339 0.067788
0 0.043236 0.217668 0.083048 0.096394
0 0.018408 0.318029 0.036815 0.070192
0 0.042594 0.426082 0.083476 0.024760
0 0.835616 0.467428 0.044521 0.064183
0 0.788527 0.467788 0.043664 0.060096
0 0.741224 0.469952 0.047517 0.062019
0 0.173159 0.473798 0.043236 0.057212
0 0.214897 0.473197 0.036815 0.056010
0 0.255993 0.473197 0.037671 0.056010
0 0.299015 0.469351 0.043236 0.065625
0 0.345248 0.470793 0.045805 0.068029
0 0.171875 0.383654 0.096318 0.028846
0 0.392551 0.469471 0.046233 0.068269
0 0.141481 0.315144 0.038099 0.035577
0 0.245291 0.317428 0.080479 0.030529
0 0.659889 0.719111 0.068921 0.023317
0 0.146404 0.248438 0.075342 0.036298
0 0.234803 0.233894 0.070634 0.062019
0 0.359803 0.249880 0.059503 0.034375
0 0.300728 0.243029 0.046661 0.046154
0 0.430865 0.254447 0.067209 0.029087
0 0.505993 0.257212 0.064212 0.022596
0 0.593536 0.250841 0.085188 0.031490
0 0.689426 0.252644 0.089469 0.030288
0 0.785317 0.252404 0.092894 0.029808
0 0.500428 0.232933 0.061644 0.022115
0 0.846318 0.320433 0.065925 0.031731
0 0.744221 0.318149 0.083476 0.036779
0 0.655822 0.319111 0.085616 0.038702
0 0.562072 0.321755 0.077911 0.031971
0 0.484375 0.320913 0.080051 0.030288
0 0.403896 0.318990 0.076627 0.031250
0 0.343108 0.318149 0.037243 0.031971
0 0.305009 0.318029 0.033818 0.030769
0 0.183005 0.316226 0.037243 0.032933
0 0.445634 0.463101 0.053938 0.073798
0 0.221533 0.881250 0.023545 0.007692
0 0.554366 0.475240 0.036815 0.054327
0 0.755565 0.568149 0.071918 0.058413
0 0.828981 0.568990 0.067209 0.055288
0 0.832620 0.655288 0.051370 0.039423
0 0.628853 0.662861 0.078767 0.025721
0 0.548373 0.648918 0.071918 0.056971
0 0.476455 0.648678 0.068493 0.055529
0 0.339683 0.660096 0.043236 0.034615
0 0.382277 0.660457 0.038527 0.036298
0 0.422089 0.659495 0.036815 0.035817
0 0.528253 0.713341 0.061644 0.026683
0 0.502783 0.463582 0.057791 0.075240
0 0.255779 0.659495 0.045805 0.035817
0 0.209974 0.661418 0.042380 0.039663
0 0.167808 0.654447 0.036815 0.036298
0 0.178510 0.723678 0.053938 0.022837
0 0.239298 0.720913 0.055651 0.026923
0 0.459974 0.720673 0.065497 0.019231
0 0.390197 0.722236 0.067209 0.019952
0 0.312714 0.722837 0.070634 0.018750
0 0.691139 0.559375 0.054366 0.075481
0 0.633134 0.559615 0.053082 0.075000
0 0.713613 0.662500 0.082192 0.025000
0 0.529752 0.568029 0.043236 0.060577
0 0.109803 0.605769 0.052654 0.023077
0 0.052654 0.580889 0.049658 0.022837
0 0.577911 0.561298 0.049658 0.074038
0 0.067637 0.512620 0.083904 0.020433
0 0.085188 0.490264 0.076199 0.021394
0 0.699058 0.472957 0.033390 0.052163
0 0.663099 0.474519 0.032534 0.056731
0 0.627568 0.475721 0.029110 0.051923
0 0.108091 0.580889 0.053510 0.025240
0 0.069135 0.556490 0.065497 0.016346
0 0.240154 0.552524 0.033390 0.062260
0 0.284675 0.562019 0.052226 0.077404
0 0.331122 0.572957 0.038955 0.053125
0 0.369863 0.573197 0.039384 0.052644
0 0.592680 0.475721 0.036387 0.053365
0 0.407320 0.571995 0.032962 0.052644
0 0.445848 0.572115 0.037243 0.052404
0 0.485659 0.567548 0.040668 0.062981
0 0.194349 0.556851 0.055651 0.070433
0 0.055651 0.605769 0.049658 0.024519
