0 0.831904 0.465227 0.019199 0.030944
0 0.813113 0.469056 0.015931 0.028186
0 0.644199 0.411305 0.013072 0.065257
0 0.772876 0.475950 0.022876 0.027880
0 0.747958 0.480086 0.023693 0.036152
0 0.013889 0.806219 0.027778 0.043199
0 0.795343 0.471967 0.017974 0.031556
0 0.315155 0.254136 0.048611 0.142463
0 0.406046 0.264706 0.040033 0.126225
0 0.129289 0.250613 0.068219 0.150735
0 0.061683 0.252145 0.066993 0.147672
0 0.015319 0.252298 0.027369 0.147365
0 0.362541 0.263787 0.046977 0.124387
0 0.721201 0.485907 0.026552 0.038603
0 0.445874 0.264859 0.037990 0.126532
0 0.269608 0.251379 0.042484 0.135110
0 0.695057 0.490962 0.024101 0.038297
0 0.666258 0.493719 0.031863 0.044424
0 0.636642 0.500153 0.029003 0.038297
0 0.656863 0.409620 0.009804 0.069240
0 0.670956 0.410080 0.019199 0.070159
0 0.046569 0.605392 0.074346 0.056373
0 0.058211 0.663450 0.066585 0.054228
0 0.129289 0.654259 0.073938 0.051164
0 0.124387 0.595435 0.071487 0.062194
0 0.193423 0.583793 0.058415 0.058517
0 0.243056 0.542892 0.032680 0.020833
0 0.256536 0.605852 0.040850 0.047488
0 0.267157 0.647365 0.034314 0.030025
0 0.270425 0.692402 0.031046 0.022059
0 0.280637 0.709406 0.026961 0.011336
0 0.322100 0.562653 0.046977 0.046875
0 0.632353 0.411612 0.011438 0.065257
0 0.370098 0.552083 0.046569 0.049632
0 0.605188 0.415748 0.019199 0.075980
0 0.588031 0.418045 0.015931 0.071998
0 0.416054 0.539675 0.044526 0.045650
0 0.459150 0.535233 0.033497 0.045343
0 0.497958 0.527880 0.039216 0.044118
0 0.536356 0.519914 0.035131 0.043505
0 0.552900 0.420650 0.015114 0.072304
0 0.536356 0.424326 0.016340 0.079657
0 0.517361 0.428156 0.021650 0.073223
0 0.493056 0.427696 0.029412 0.072917
0 0.409926 0.424939 0.022467 0.073529
0 0.569853 0.515165 0.032680 0.038909
0 0.604575 0.506127 0.033497 0.040441
0 0.620915 0.411305 0.013072 0.065257
0 0.569240 0.419577 0.019199 0.075061
0 0.413603 0.583793 0.042892 0.038909
0 0.021855 0.901348 0.043709 0.056373
0 0.340482 0.749694 0.040441 0.029412
0 0.295752 0.765012 0.041667 0.038603
0 0.290645 0.730852 0.033905 0.022365
0 0.336397 0.714308 0.037990 0.029718
0 0.381332 0.703278 0.024918 0.023591
0 0.388889 0.663143 0.043301 0.047488
0 0.343750 0.671875 0.043709 0.041667
0 0.312500 0.681373 0.021242 0.039216
0 0.208742 0.710631 0.051471 0.048713
0 0.203227 0.757659 0.055964 0.039216
0 0.215482 0.832414 0.046160 0.039216
0 0.208538 0.792433 0.047794 0.029105
0 0.120507 0.856618 0.097222 0.094363
0 0.491830 0.569547 0.033497 0.030637
0 0.530842 0.562500 0.029820 0.028799
0 0.564747 0.552543 0.025735 0.024816
0 0.595588 0.547028 0.025327 0.021752
0 0.628268 0.537531 0.024510 0.024816
0 0.656863 0.532629 0.022876 0.024816
0 0.105392 0.751532 0.135621 0.087010
0 0.824551 0.496477 0.014297 0.017463
0 0.803922 0.499540 0.016340 0.018689
0 0.782680 0.501225 0.014706 0.019608
0 0.761438 0.507353 0.018791 0.018995
0 0.738154 0.514553 0.016340 0.016850
0 0.380923 0.734375 0.030637 0.024510
0 0.019812 0.850184 0.039624 0.039216
0 0.297794 0.804228 0.029412 0.025735
0 0.382761 0.768076 0.040033 0.034926
0 0.778595 0.397059 0.013072 0.045343
0 0.761642 0.401195 0.010212 0.043811
0 0.743056 0.405025 0.013889 0.038603
0 0.729779 0.404105 0.012663 0.049632
0 0.715278 0.402574 0.014706 0.055147
0 0.701593 0.405025 0.011846 0.055147
0 0.688725 0.408854 0.014706 0.061581
0 0.803922 0.603248 0.038399 0.041054
0 0.758374 0.624847 0.031454 0.035233
0 0.705065 0.641850 0.034314 0.045956
0 0.653799 0.662531 0.047794 0.058517
0 0.802288 0.554841 0.038399 0.048407
0 0.760212 0.567249 0.035131 0.054228
0 0.714869 0.581495 0.051471 0.063113
0 0.663603 0.594516 0.051879 0.065257
0 0.602124 0.612439 0.057190 0.057598
0 0.597835 0.678002 0.051879 0.060049
0 0.527982 0.704197 0.058415 0.047488
0 0.316176 0.607996 0.050654 0.040748
0 0.364788 0.597426 0.041667 0.041054
0 0.483456 0.263327 0.038807 0.123468
0 0.452819 0.576440 0.033088 0.030944
0 0.527165 0.636183 0.066585 0.066483
0 0.448734 0.656403 0.065768 0.063419
0 0.453840 0.730852 0.072712 0.076287
0 0.345180 0.784314 0.036765 0.034926
0 0.521650 0.266391 0.036765 0.115502
0 0.709559 0.519455 0.015523 0.018689
0 0.363358 0.426011 0.023284 0.078738
0 0.696487 0.268229 0.023693 0.090993
0 0.668913 0.269608 0.028186 0.093750
0 0.685253 0.526042 0.016748 0.019608
0 0.614379 0.268689 0.037582 0.104779
0 0.389502 0.419424 0.022467 0.082721
0 0.339257 0.433670 0.021650 0.075061
0 0.719975 0.272518 0.024101 0.083640
0 0.306373 0.452972 0.034314 0.067096
0 0.282475 0.423866 0.033088 0.015012
0 0.288603 0.376225 0.020833 0.068015
0 0.321487 0.375613 0.023693 0.015319
0 0.181577 0.459712 0.029003 0.090993
0 0.556577 0.267463 0.028186 0.112132
0 0.583129 0.266850 0.024918 0.109069
0 0.253881 0.438266 0.042075 0.014400
0 0.803513 0.275582 0.034314 0.072610
0 0.644404 0.265625 0.022467 0.099877
0 0.043709 0.473652 0.037582 0.093750
0 0.013480 0.479167 0.023693 0.106005
0 0.109477 0.418505 0.015523 0.014093
0 0.149714 0.412837 0.030637 0.011336
0 0.114379 0.468903 0.025327 0.089154
0 0.148489 0.466759 0.037173 0.090993
0 0.131944 0.387714 0.023693 0.016850
0 0.073121 0.417892 0.021242 0.015319
0 0.078227 0.472733 0.031454 0.095588
0 0.102737 0.389093 0.033905 0.014093
0 0.061683 0.392463 0.029412 0.021446
