0 0.489788 0.534314 0.078431 0.031863
0 0.416871 0.538603 0.064134 0.028186
0 0.421977 0.573376 0.059641 0.031556
0 0.286765 0.540441 0.058824 0.029412
0 0.349265 0.542433 0.066176 0.030944
0 0.822100 0.183670 0.061683 0.030944
0 0.561070 0.569393 0.067402 0.035846
0 0.631332 0.570006 0.069853 0.037071
0 0.563113 0.533854 0.064951 0.030944
0 0.637663 0.144761 0.079248 0.036458
0 0.701389 0.161612 0.046569 0.075061
0 0.758374 0.183670 0.065768 0.030944
0 0.221201 0.539522 0.065768 0.027574
0 0.492443 0.569700 0.067402 0.034007
0 0.354575 0.576440 0.066993 0.029105
0 0.629493 0.249234 0.072712 0.031556
0 0.221405 0.573223 0.059641 0.030637
0 0.871732 0.287990 0.059641 0.030637
0 0.809641 0.287684 0.062908 0.028799
0 0.746119 0.287684 0.060866 0.032475
0 0.745507 0.252604 0.056373 0.033395
0 0.689338 0.268536 0.045343 0.069547
0 0.629085 0.285233 0.071895 0.037377
0 0.334763 0.289828 0.066585 0.036765
0 0.549428 0.286918 0.073529 0.032782
0 0.476716 0.286152 0.071895 0.034314
0 0.485498 0.249387 0.076389 0.034314
0 0.402982 0.254749 0.069036 0.030331
0 0.403186 0.291360 0.069444 0.033701
0 0.029412 0.574449 0.055556 0.031250
0 0.089052 0.562653 0.053922 0.054228
0 0.151348 0.562194 0.066585 0.053309
0 0.285743 0.574142 0.066585 0.033088
0 0.334559 0.252298 0.066176 0.032782
0 0.822712 0.150123 0.059641 0.034926
0 0.258170 0.290135 0.074346 0.031250
0 0.098856 0.652727 0.060458 0.050551
0 0.035948 0.652880 0.062092 0.052696
0 0.980801 0.526808 0.038399 0.036458
0 0.986520 0.567096 0.026961 0.037990
0 0.938113 0.566483 0.061683 0.037377
0 0.928309 0.529259 0.055147 0.036458
0 0.872958 0.570466 0.062092 0.028186
0 0.172386 0.615809 0.056373 0.017770
0 0.810662 0.570466 0.055147 0.030637
0 0.695874 0.568168 0.055147 0.033395
0 0.869485 0.538450 0.051879 0.030944
0 0.815359 0.538603 0.054739 0.033088
0 0.754698 0.537071 0.058415 0.026348
0 0.694240 0.537071 0.061683 0.027574
0 0.884804 0.183824 0.066176 0.030637
0 0.956291 0.184436 0.071078 0.030025
0 0.752655 0.568781 0.057598 0.032169
0 0.257966 0.253370 0.073938 0.037377
0 0.233252 0.631740 0.066993 0.027574
0 0.231618 0.662837 0.066993 0.028493
0 0.184232 0.288450 0.073529 0.034007
0 0.184845 0.252604 0.064951 0.035846
0 0.114788 0.254289 0.062092 0.034314
0 0.115809 0.291054 0.064134 0.031863
0 0.051675 0.289369 0.060866 0.035846
0 0.050449 0.251685 0.064951 0.034007
0 0.955065 0.151348 0.068627 0.037377
0 0.297590 0.631434 0.060866 0.029412
0 0.887459 0.147672 0.061683 0.034926
0 0.566993 0.659620 0.066176 0.034314
0 0.565359 0.626838 0.066176 0.030025
0 0.496936 0.625613 0.069036 0.037377
0 0.496324 0.660692 0.068627 0.029718
0 0.430964 0.642004 0.062908 0.067708
0 0.364992 0.642463 0.061683 0.068627
0 0.297181 0.663603 0.063317 0.028799
0 0.757353 0.148438 0.063725 0.031556
0 0.160948 0.650888 0.062908 0.048713
0 0.746936 0.831495 0.059232 0.037377
0 0.634600 0.626379 0.063317 0.034007
0 0.688930 0.371017 0.047794 0.056373
0 0.627451 0.346661 0.068627 0.034007
0 0.558619 0.346048 0.069036 0.035846
0 0.985498 0.271752 0.024918 0.063113
0 0.799020 0.252911 0.044935 0.031556
0 0.873366 0.252911 0.059641 0.034007
0 0.935458 0.253983 0.059641 0.027574
0 0.984069 0.227482 0.031863 0.017463
0 0.030433 0.372702 0.054330 0.059743
0 0.087827 0.375613 0.061275 0.054534
0 0.146242 0.375460 0.056373 0.055453
0 0.207721 0.387714 0.068219 0.030331
0 0.279003 0.388174 0.070261 0.031863
0 0.349060 0.389246 0.060866 0.030944
0 0.416667 0.388480 0.066993 0.030025
0 0.209355 0.353094 0.064951 0.032782
0 0.276144 0.353860 0.067810 0.031863
0 0.347222 0.354167 0.068627 0.032475
0 0.016340 0.077819 0.029412 0.042892
0 0.744281 0.383732 0.063725 0.030944
0 0.061887 0.078891 0.061683 0.041360
0 0.745915 0.348192 0.060458 0.035233
0 0.819444 0.375766 0.082516 0.043811
0 0.941789 0.902574 0.065768 0.056985
0 0.987337 0.901961 0.025327 0.054534
0 0.748570 0.793352 0.052696 0.019301
0 0.207721 0.451287 0.064951 0.030637
0 0.145833 0.451440 0.058824 0.030944
0 0.088031 0.450980 0.058415 0.032475
0 0.207721 0.483762 0.064951 0.030025
0 0.147876 0.483609 0.056373 0.030944
0 0.090074 0.482843 0.055964 0.029412
0 0.030842 0.481924 0.055147 0.030025
0 0.028595 0.448529 0.053922 0.032475
0 0.986520 0.353094 0.026961 0.028493
0 0.944853 0.352635 0.054739 0.029412
0 0.889093 0.325827 0.061683 0.017463
0 0.886846 0.345435 0.057190 0.015012
0 0.988971 0.382506 0.022059 0.027880
0 0.946895 0.382966 0.062908 0.030025
0 0.901552 0.376685 0.027778 0.045650
0 0.873979 0.376685 0.024918 0.042586
0 0.816789 0.333487 0.080474 0.037684
0 0.879493 0.900429 0.058824 0.061275
0 0.129902 0.078125 0.072712 0.041054
0 0.277778 0.077359 0.067810 0.037071
0 0.201797 0.187194 0.072712 0.033088
0 0.196283 0.153339 0.064951 0.031556
0 0.133170 0.186121 0.066176 0.030944
0 0.131740 0.151654 0.063317 0.033088
0 0.068015 0.188113 0.060866 0.032475
0 0.067402 0.151808 0.059641 0.035846
0 0.018382 0.189645 0.033497 0.030637
0 0.017361 0.153493 0.034722 0.039216
0 0.983252 0.045956 0.033497 0.035539
0 0.928717 0.043658 0.072304 0.028493
0 0.980801 0.077972 0.038399 0.030331
0 0.929330 0.079350 0.063725 0.033088
0 0.864788 0.077359 0.065359 0.037071
0 0.794526 0.077665 0.068627 0.036458
0 0.737949 0.063879 0.044526 0.064032
0 0.672998 0.049786 0.078023 0.018689
0 0.596405 0.044424 0.072712 0.020221
0 0.513072 0.046875 0.079248 0.015319
0 0.675245 0.080116 0.075980 0.036458
0 0.271242 0.187347 0.064542 0.033395
0 0.204453 0.078125 0.074755 0.040441
0 0.267974 0.151042 0.074346 0.034314
0 0.414624 0.153186 0.066176 0.034926
0 0.350899 0.075521 0.069444 0.040748
0 0.422181 0.073683 0.074755 0.044424
0 0.474469 0.076593 0.021650 0.040441
0 0.522263 0.077665 0.074755 0.038909
0 0.596405 0.078585 0.075980 0.039522
0 0.415645 0.356771 0.068219 0.026042
0 0.407884 0.330270 0.049428 0.023897
0 0.342320 0.328738 0.062092 0.015931
0 0.628472 0.382353 0.067402 0.032475
0 0.556577 0.383732 0.074755 0.033395
0 0.487541 0.383272 0.064134 0.034314
0 0.488154 0.346507 0.068627 0.034314
0 0.637255 0.184743 0.071895 0.035539
0 0.562500 0.185049 0.073529 0.035539
0 0.489175 0.183211 0.073938 0.037377
0 0.561887 0.146140 0.065768 0.036765
0 0.488562 0.145221 0.075980 0.037377
0 0.410131 0.186734 0.066993 0.029718
0 0.343342 0.187194 0.067402 0.030637
0 0.342320 0.152267 0.071895 0.036765
0 0.636029 0.660846 0.069444 0.031863
0 0.822712 0.913909 0.056373 0.039216
0 0.705065 0.910539 0.060458 0.041054
0 0.610498 0.744945 0.068219 0.030944
0 0.609477 0.712623 0.062908 0.029412
0 0.671569 0.707721 0.052288 0.026961
0 0.673611 0.741728 0.049837 0.041054
0 0.727533 0.746936 0.059641 0.029412
0 0.727941 0.714767 0.053922 0.028799
0 0.783701 0.715074 0.056781 0.029412
0 0.786560 0.746170 0.055964 0.027880
0 0.846201 0.747089 0.064134 0.026654
0 0.846201 0.716452 0.064134 0.029718
0 0.910335 0.731771 0.058415 0.065257
0 0.970180 0.740809 0.059641 0.046569
0 0.074755 0.831648 0.110294 0.044424
0 0.163603 0.829044 0.068219 0.049632
0 0.233252 0.816176 0.060458 0.064951
0 0.298203 0.815564 0.058824 0.064338
0 0.359681 0.815257 0.064134 0.063113
0 0.425449 0.831955 0.068219 0.029105
0 0.423611 0.799020 0.067810 0.030637
0 0.546364 0.744945 0.060866 0.032782
0 0.508170 0.797947 0.098856 0.027880
0 0.544322 0.713388 0.068219 0.030944
0 0.480392 0.748315 0.066176 0.036458
0 0.695466 0.619638 0.051062 0.040135
0 0.747549 0.619332 0.053922 0.038909
0 0.802083 0.617647 0.054330 0.036152
0 0.697100 0.657935 0.051062 0.033395
0 0.748775 0.657169 0.053105 0.034314
0 0.804330 0.658395 0.052288 0.036765
0 0.861928 0.655178 0.059641 0.043199
0 0.926471 0.654718 0.061275 0.049020
0 0.861928 0.615962 0.062908 0.030331
0 0.924020 0.615196 0.066176 0.026348
0 0.979167 0.651654 0.041667 0.052696
0 0.021855 0.727635 0.040441 0.064338
0 0.065564 0.726562 0.046160 0.065257
0 0.123979 0.746017 0.067402 0.054534
0 0.197508 0.750613 0.060866 0.029412
0 0.206699 0.719516 0.046569 0.030944
0 0.264706 0.744026 0.067810 0.055453
0 0.333129 0.740962 0.066585 0.058517
0 0.410743 0.736673 0.071487 0.057904
0 0.479575 0.714001 0.061275 0.027267
0 0.764297 0.910999 0.058007 0.043199
0 0.507761 0.831801 0.098039 0.036765
0 0.605596 0.797794 0.094363 0.028186
0 0.757761 0.478860 0.061275 0.030025
0 0.694853 0.478401 0.066176 0.032782
0 0.693219 0.442096 0.069444 0.032475
0 0.621119 0.442402 0.076389 0.032475
0 0.548611 0.443474 0.068627 0.032169
0 0.477328 0.441942 0.069853 0.034007
0 0.622958 0.479320 0.069444 0.034007
0 0.551062 0.480086 0.073529 0.033701
0 0.478758 0.479320 0.072712 0.034007
0 0.410335 0.482077 0.064134 0.030331
0 0.343342 0.482077 0.067402 0.030944
0 0.276144 0.482537 0.064542 0.028799
0 0.409722 0.449449 0.062908 0.030025
0 0.346201 0.449602 0.063317 0.029718
0 0.275123 0.451593 0.069036 0.030637
0 0.349877 0.908088 0.087010 0.050858
0 0.432394 0.903952 0.075572 0.048713
0 0.523284 0.911765 0.106209 0.033701
0 0.626021 0.913297 0.099265 0.037990
0 0.821691 0.479933 0.064134 0.030944
0 0.604779 0.833487 0.095997 0.033395
0 0.882149 0.479626 0.057598 0.030944
0 0.983252 0.481771 0.033497 0.029105
0 0.690359 0.802849 0.057190 0.028493
0 0.688725 0.834712 0.060458 0.030331
0 0.808619 0.830576 0.057598 0.044730
0 0.807598 0.793811 0.055556 0.025123
0 0.871119 0.830576 0.058415 0.044730
0 0.935458 0.821998 0.056373 0.064338
0 0.981618 0.819393 0.036765 0.066483
0 0.060866 0.886183 0.108660 0.022978
0 0.058619 0.912531 0.104167 0.026654
0 0.146855 0.906863 0.064134 0.044730
0 0.937092 0.287684 0.069444 0.031250
0 0.210376 0.900888 0.060458 0.055453
0 0.272876 0.903493 0.064542 0.060049
0 0.028595 0.541667 0.050654 0.031863
0 0.984886 0.447917 0.030229 0.033701
0 0.938725 0.446538 0.062908 0.030944
0 0.878881 0.445925 0.057598 0.032169
0 0.822100 0.446538 0.058415 0.030944
0 0.757761 0.447304 0.058007 0.030025
0 0.939542 0.480699 0.054739 0.032475
0 0.631127 0.534314 0.066176 0.031863
