0 0.081087 0.170650 0.020016 0.074142
0 0.043709 0.181526 0.017974 0.066483
0 0.219158 0.255055 0.032271 0.022978
0 0.460580 0.217525 0.068219 0.020221
0 0.065155 0.306219 0.015114 0.033395
0 0.176062 0.313266 0.017974 0.044424
0 0.192402 0.315257 0.012255 0.042892
0 0.456087 0.708180 0.032271 0.035846
0 0.456087 0.753983 0.028186 0.049632
0 0.450776 0.666667 0.025735 0.030637
0 0.424837 0.689185 0.023693 0.024203
0 0.425041 0.734375 0.020016 0.039216
0 0.297590 0.330423 0.015114 0.038297
0 0.280433 0.318015 0.015931 0.055760
0 0.262663 0.317862 0.017157 0.055453
0 0.269608 0.625766 0.020425 0.029718
0 0.274918 0.664216 0.019608 0.031863
0 0.296569 0.596967 0.028595 0.035233
0 0.303105 0.635110 0.027778 0.028799
0 0.303105 0.673407 0.026144 0.044118
0 0.330882 0.607230 0.020425 0.033088
0 0.212623 0.315717 0.021650 0.049326
0 0.332925 0.647825 0.020425 0.036458
0 0.332312 0.682904 0.019199 0.028799
0 0.352124 0.572917 0.027778 0.030637
0 0.358864 0.700368 0.025735 0.043505
0 0.359886 0.656710 0.024510 0.036458
0 0.358252 0.619945 0.024510 0.029718
0 0.396446 0.718444 0.028186 0.039216
0 0.392974 0.676777 0.028595 0.036765
0 0.386642 0.637408 0.020016 0.032782
0 0.380923 0.590380 0.020016 0.028186
0 0.407475 0.604013 0.023284 0.032169
0 0.439338 0.621783 0.029820 0.044424
0 0.064134 0.262868 0.013072 0.035539
0 0.898693 0.509038 0.064542 0.055453
0 0.910335 0.194700 0.026552 0.043811
0 0.538807 0.801164 0.035948 0.054534
0 0.136846 0.308058 0.012255 0.042586
0 0.145425 0.261489 0.010621 0.047488
0 0.130923 0.259804 0.015931 0.047181
0 0.190564 0.267157 0.020016 0.047181
0 0.169322 0.266238 0.020016 0.045343
0 0.310458 0.231464 0.040850 0.013174
0 0.468954 0.245404 0.076797 0.026961
0 0.403799 0.250613 0.042892 0.022672
0 0.539011 0.750919 0.033088 0.043505
0 0.360498 0.252604 0.037173 0.026654
0 0.275327 0.254902 0.043301 0.017157
0 0.849060 0.053156 0.079657 0.106311
0 0.762459 0.057751 0.087010 0.115502
0 0.602328 0.069393 0.063317 0.135723
0 0.546569 0.072457 0.040033 0.141850
0 0.499183 0.776654 0.034314 0.052083
0 0.494690 0.729933 0.032680 0.033395
0 0.488562 0.683517 0.028595 0.041667
0 0.484069 0.633425 0.035948 0.045037
0 0.319036 0.252757 0.038399 0.024510
0 0.316381 0.330423 0.018382 0.042586
0 0.534109 0.701287 0.034722 0.048407
0 0.535131 0.650888 0.036765 0.048100
0 0.950368 0.193781 0.033088 0.047488
0 0.895221 0.944700 0.173611 0.049326
0 0.901961 0.877911 0.174020 0.049326
0 0.900123 0.808977 0.173611 0.049326
0 0.742034 0.868873 0.127042 0.037990
0 0.743260 0.816023 0.127042 0.038297
0 0.748979 0.742034 0.131127 0.045956
0 0.731209 0.933977 0.116830 0.044424
0 0.636438 0.741575 0.027778 0.048100
0 0.633578 0.794577 0.030229 0.047488
0 0.159722 0.157016 0.042484 0.086091
0 0.211193 0.144455 0.038399 0.098958
0 0.249796 0.138327 0.034722 0.097733
0 0.306985 0.122089 0.052696 0.108762
0 0.362132 0.108762 0.051062 0.119485
0 0.411969 0.107996 0.043709 0.112439
0 0.459150 0.089154 0.042484 0.140931
0 0.501634 0.079044 0.039216 0.146446
0 0.629493 0.848958 0.036765 0.046569
0 0.582516 0.773591 0.046569 0.051471
0 0.585580 0.829810 0.037990 0.057292
0 0.736520 0.549173 0.093954 0.037684
0 0.355392 0.333946 0.017974 0.042279
0 0.469975 0.530484 0.033088 0.052390
0 0.398284 0.340074 0.016340 0.040441
0 0.611315 0.576134 0.054330 0.068934
0 0.433619 0.464920 0.034722 0.041973
0 0.469567 0.478094 0.028186 0.048713
0 0.508783 0.485754 0.041258 0.049326
0 0.552900 0.497549 0.041258 0.052696
0 0.606618 0.511489 0.050654 0.057292
0 0.772672 0.614430 0.069853 0.081801
0 0.866422 0.644148 0.076797 0.089154
0 0.201593 0.546415 0.013480 0.026654
0 0.553717 0.555760 0.046977 0.059436
0 0.234886 0.531097 0.020425 0.024816
0 0.804943 0.241881 0.034722 0.065870
0 0.745507 0.241881 0.042484 0.065870
0 0.704657 0.241728 0.033497 0.065564
0 0.265114 0.554075 0.026961 0.038909
0 0.235294 0.563572 0.021242 0.029105
0 0.218546 0.590839 0.014706 0.022978
0 0.217525 0.622549 0.012663 0.028799
0 0.243056 0.632200 0.017157 0.027880
0 0.238971 0.597273 0.017157 0.027267
0 0.844363 0.238511 0.040033 0.070772
0 0.643995 0.253983 0.024101 0.044118
0 0.027165 0.370558 0.020016 0.026654
0 0.007966 0.391850 0.015931 0.025123
0 0.434845 0.517157 0.032271 0.051471
0 0.398284 0.509804 0.031863 0.048407
0 0.397672 0.460325 0.030637 0.047488
0 0.361724 0.452359 0.024101 0.043199
0 0.360498 0.497855 0.029003 0.044730
0 0.332312 0.487592 0.023284 0.041360
0 0.306985 0.481618 0.018382 0.037990
0 0.280229 0.475490 0.018791 0.040441
0 0.258578 0.466912 0.017974 0.031863
0 0.239379 0.459252 0.013889 0.030637
0 0.305964 0.438419 0.023693 0.037990
0 0.278391 0.432445 0.019199 0.037684
0 0.257557 0.428309 0.019199 0.035539
0 0.232843 0.419118 0.016340 0.028186
0 0.219363 0.453431 0.016340 0.036765
0 0.200572 0.446691 0.013072 0.034314
0 0.180147 0.440564 0.014706 0.031250
0 0.161152 0.436734 0.015114 0.029105
0 0.162786 0.403493 0.025735 0.031863
0 0.057598 0.391697 0.031863 0.060355
0 0.030637 0.399816 0.018791 0.021446
0 0.214461 0.519301 0.017974 0.021446
0 0.376430 0.338388 0.019199 0.037071
0 0.955270 0.676011 0.089461 0.098346
0 0.105596 0.387868 0.030637 0.032475
0 0.748366 0.365809 0.036765 0.060049
0 0.707721 0.366422 0.032271 0.061275
0 0.608456 0.356311 0.033088 0.052083
0 0.576797 0.354167 0.016340 0.051471
0 0.555147 0.352328 0.022876 0.048407
0 0.641953 0.304688 0.023284 0.050551
0 0.619690 0.302849 0.017157 0.049326
0 0.597222 0.301930 0.022876 0.047488
0 0.566789 0.302237 0.030637 0.048100
0 0.791462 0.369332 0.037990 0.061581
0 0.499183 0.299020 0.022059 0.041667
0 0.450368 0.298254 0.016748 0.043199
0 0.506944 0.346661 0.026144 0.047488
0 0.481005 0.346354 0.016748 0.044424
0 0.425245 0.297181 0.020425 0.044118
0 0.398693 0.294884 0.021242 0.045037
0 0.376225 0.296262 0.018791 0.042279
0 0.457516 0.343903 0.023693 0.041973
0 0.436479 0.343137 0.015931 0.040441
0 0.418505 0.340380 0.015114 0.037990
0 0.473243 0.297488 0.024101 0.041667
0 0.836806 0.372089 0.040441 0.064032
0 0.709150 0.305607 0.035131 0.057904
0 0.752042 0.305147 0.044118 0.056985
0 0.053309 0.524663 0.025735 0.054841
0 0.051062 0.471354 0.029412 0.046262
0 0.111520 0.564645 0.019608 0.031250
0 0.095588 0.477635 0.022059 0.024510
0 0.093342 0.505208 0.017565 0.025123
0 0.098039 0.532935 0.022059 0.019914
0 0.163807 0.590074 0.020425 0.027574
0 0.159314 0.561275 0.018791 0.024510
0 0.158292 0.531863 0.020833 0.026348
0 0.156658 0.499234 0.024918 0.030331
0 0.184845 0.598958 0.012663 0.025123
0 0.184232 0.568168 0.014706 0.026654
0 0.184436 0.535846 0.015114 0.028186
0 0.184641 0.509957 0.019608 0.019914
0 0.201185 0.609069 0.015114 0.026961
0 0.201797 0.578125 0.015523 0.023897
0 0.265931 0.592218 0.020425 0.031863
0 0.970792 0.343597 0.058415 0.157169
0 0.904820 0.338082 0.065359 0.140012
0 0.510008 0.542279 0.036356 0.058824
0 0.798407 0.306985 0.037173 0.060662
0 0.108660 0.421722 0.029412 0.030944
0 0.841503 0.308058 0.038399 0.059743
0 0.939134 0.049020 0.100490 0.098039
