0 0.457721 0.677696 0.033088 0.037990
0 0.415645 0.737286 0.033088 0.038297
0 0.379698 0.716452 0.033905 0.037684
0 0.383374 0.678462 0.026552 0.031556
0 0.419322 0.695006 0.037990 0.038297
0 0.419118 0.655331 0.034314 0.035539
0 0.382966 0.639859 0.031454 0.037071
0 0.385825 0.600031 0.029003 0.035846
0 0.415033 0.612439 0.023693 0.042892
0 0.415441 0.565104 0.026961 0.037684
0 0.495507 0.784007 0.042484 0.044730
0 0.454657 0.760876 0.032680 0.048713
0 0.456904 0.715380 0.034722 0.031250
0 0.284722 0.429688 0.025327 0.099571
0 0.453636 0.590533 0.045343 0.049326
0 0.503472 0.603401 0.043709 0.046875
0 0.497958 0.737898 0.038399 0.041360
0 0.457925 0.637102 0.033497 0.035846
0 0.497141 0.695619 0.036765 0.039522
0 0.500000 0.651195 0.039216 0.046875
0 0.379902 0.554841 0.034314 0.047794
0 0.311479 0.435968 0.023284 0.094975
0 0.875000 0.430760 0.160131 0.132353
0 0.726920 0.413297 0.127859 0.125613
0 0.604371 0.388327 0.103350 0.099571
0 0.622345 0.564951 0.133578 0.104779
0 0.882966 0.835325 0.112337 0.145527
0 0.655025 0.726869 0.084559 0.113051
0 0.566993 0.686275 0.076797 0.102328
0 0.518995 0.491422 0.052696 0.127451
0 0.473243 0.480392 0.032271 0.126225
0 0.426675 0.462929 0.041258 0.120711
0 0.760212 0.780790 0.108660 0.133885
0 0.480596 0.342525 0.037173 0.120098
0 0.440972 0.341452 0.029003 0.117953
0 0.412377 0.339308 0.022467 0.109375
0 0.389706 0.331801 0.018791 0.106618
0 0.372958 0.453431 0.037582 0.118873
0 0.338235 0.449295 0.026144 0.108762
0 0.359273 0.322304 0.033088 0.123775
0 0.326797 0.318474 0.025327 0.116115
0 0.294730 0.316176 0.026552 0.116422
0 0.527778 0.349265 0.045752 0.115196
