0 0.679126 0.308824 0.018382 0.047181
0 0.592116 0.390319 0.046160 0.068627
0 0.675449 0.389400 0.039624 0.059436
0 0.637255 0.394455 0.036765 0.059743
0 0.714461 0.392463 0.031863 0.058211
0 0.748775 0.393229 0.030229 0.054841
0 0.784518 0.388634 0.033905 0.053002
0 0.824959 0.387714 0.029003 0.058517
0 0.854984 0.387255 0.022059 0.057598
0 0.985907 0.391697 0.024918 0.045037
0 0.956291 0.392923 0.026144 0.042586
0 0.929126 0.396752 0.016748 0.040441
0 0.959355 0.285539 0.042075 0.062500
0 0.994077 0.292586 0.011846 0.045343
0 0.870302 0.292586 0.026552 0.067402
0 0.843342 0.309589 0.020833 0.048713
0 0.816381 0.299020 0.024101 0.056373
0 0.795139 0.297488 0.011029 0.057598
0 0.548407 0.392923 0.038807 0.071385
0 0.779616 0.297488 0.015114 0.057598
0 0.505515 0.395987 0.042075 0.072610
0 0.460376 0.395833 0.048203 0.074755
0 0.641953 0.497549 0.030637 0.064338
0 0.600694 0.498162 0.043709 0.077819
0 0.554739 0.503676 0.038399 0.064951
0 0.509600 0.505515 0.040441 0.073529
0 0.460376 0.513327 0.048203 0.079350
0 0.417279 0.514093 0.035539 0.075980
0 0.335376 0.490656 0.104575 0.031556
0 0.226920 0.496170 0.099265 0.023591
0 0.090482 0.503370 0.078840 0.030637
0 0.154820 0.501685 0.034314 0.032169
0 0.018995 0.512255 0.037990 0.041054
0 0.099877 0.442402 0.065768 0.037990
0 0.210376 0.435355 0.084967 0.038603
0 0.327002 0.427390 0.100899 0.027574
0 0.331087 0.367341 0.087010 0.029412
0 0.221609 0.374081 0.094363 0.021446
0 0.091095 0.375460 0.095588 0.029105
0 0.412990 0.397365 0.035948 0.080270
0 0.758170 0.302390 0.022876 0.060662
0 0.732026 0.303615 0.018791 0.058211
0 0.704657 0.300858 0.031046 0.061887
0 0.838848 0.177696 0.024918 0.087010
0 0.869077 0.195466 0.029820 0.055147
0 0.807802 0.177696 0.020016 0.087010
0 0.780842 0.180760 0.029820 0.075980
0 0.760008 0.238511 0.046160 0.045650
0 0.739992 0.167739 0.028186 0.083640
0 0.703431 0.168045 0.035131 0.096507
0 0.669322 0.168811 0.024101 0.098039
0 0.641136 0.163143 0.022467 0.095895
0 0.385417 0.578278 0.029003 0.034007
0 0.357230 0.579197 0.024101 0.035846
0 0.325776 0.582108 0.024918 0.044118
0 0.296977 0.586091 0.021242 0.033088
0 0.268587 0.585631 0.029003 0.039522
0 0.238562 0.589767 0.022876 0.035539
0 0.210580 0.598039 0.033905 0.044730
0 0.175858 0.596967 0.032271 0.040748
0 0.569444 0.160386 0.035948 0.102635
0 0.612337 0.160386 0.031863 0.105086
0 0.482026 0.151961 0.036765 0.117034
0 0.523080 0.157935 0.038807 0.100184
0 0.669322 0.259038 0.030637 0.045650
0 0.661969 0.311581 0.015931 0.050245
0 0.638276 0.310202 0.016748 0.042586
0 0.618464 0.308211 0.022059 0.041054
0 0.579248 0.305913 0.023693 0.055453
0 0.551471 0.306219 0.025327 0.058517
0 0.521446 0.305453 0.023284 0.054534
0 0.493260 0.299786 0.024101 0.069547
0 0.689951 0.493566 0.049837 0.061275
0 0.453636 0.295803 0.037173 0.085478
0 0.322712 0.151348 0.085784 0.053309
0 0.316176 0.108915 0.085784 0.026042
0 0.195670 0.127911 0.049020 0.022978
0 0.194444 0.149663 0.081699 0.018689
0 0.104371 0.135723 0.051879 0.048407
0 0.050041 0.143229 0.048611 0.037071
0 0.399918 0.146599 0.035948 0.117953
0 0.443627 0.149969 0.036765 0.113051
0 0.402574 0.293505 0.034722 0.075980
0 0.735090 0.490502 0.034722 0.060049
0 0.772876 0.489430 0.033497 0.053002
0 0.809232 0.486673 0.029412 0.052390
0 0.989583 0.653493 0.019199 0.041054
0 0.964665 0.660233 0.026552 0.047181
0 0.935049 0.667126 0.028595 0.046262
0 0.902574 0.669884 0.027369 0.045037
0 0.875204 0.672488 0.024101 0.061887
0 0.843137 0.671109 0.033497 0.066483
0 0.810866 0.684436 0.022876 0.054534
0 0.785948 0.688419 0.021242 0.064951
0 0.762868 0.690564 0.020016 0.064338
0 0.736724 0.693934 0.024918 0.068627
0 0.709559 0.699142 0.022059 0.077206
0 0.682802 0.699449 0.024101 0.079657
0 0.653595 0.706955 0.031046 0.083027
0 0.613154 0.722580 0.040033 0.056679
0 0.575368 0.720741 0.034722 0.079350
0 0.535743 0.740962 0.042075 0.059743
0 0.489992 0.739124 0.033905 0.075674
0 0.055964 0.962163 0.054739 0.075674
0 0.108456 0.958487 0.050245 0.079963
0 0.160131 0.946691 0.039216 0.085172
0 0.204453 0.916207 0.038807 0.089154
0 0.927900 0.755208 0.055964 0.074142
0 0.977124 0.750766 0.032680 0.055453
0 0.869077 0.765625 0.055964 0.080270
0 0.820466 0.787377 0.038807 0.054534
0 0.775531 0.800858 0.045343 0.057598
0 0.732639 0.804994 0.024101 0.075674
0 0.709150 0.810662 0.021242 0.077206
0 0.684845 0.816176 0.026552 0.080882
0 0.446078 0.750919 0.048203 0.068015
0 0.651757 0.831189 0.030637 0.060662
0 0.568423 0.841605 0.033905 0.085784
0 0.525735 0.857996 0.047386 0.078125
0 0.465278 0.868873 0.063725 0.083333
0 0.405842 0.884344 0.034722 0.063419
0 0.372141 0.887868 0.027778 0.068015
0 0.339665 0.907782 0.033088 0.064951
0 0.298611 0.909773 0.044118 0.083640
0 0.246936 0.906250 0.038807 0.085784
0 0.612132 0.828738 0.037990 0.087010
0 0.143178 0.602175 0.033905 0.041360
0 0.392157 0.789216 0.035948 0.041054
0 0.303717 0.802390 0.044526 0.048407
0 0.546160 0.612132 0.034314 0.066176
0 0.585784 0.614583 0.036765 0.051471
0 0.649101 0.598805 0.031863 0.056066
0 0.616830 0.595282 0.022059 0.063725
0 0.684232 0.590839 0.028595 0.064032
0 0.705474 0.586857 0.020425 0.077512
0 0.731005 0.598958 0.029003 0.044730
0 0.759600 0.578738 0.022467 0.073529
0 0.838235 0.575674 0.044118 0.057598
0 0.803922 0.577512 0.022059 0.058824
0 0.780229 0.575827 0.016340 0.070159
0 0.913399 0.560509 0.039216 0.065870
0 0.985498 0.563113 0.024101 0.052083
0 0.953636 0.567708 0.033905 0.051471
0 0.973243 0.474724 0.040441 0.064645
0 0.917484 0.477941 0.057190 0.068627
0 0.846405 0.480852 0.036765 0.055453
0 0.504493 0.618566 0.046569 0.071691
0 0.449142 0.580423 0.037990 0.011949
0 0.463440 0.624847 0.034722 0.069547
0 0.423815 0.627757 0.029003 0.073529
0 0.260008 0.810355 0.042075 0.054534
0 0.222835 0.817555 0.023284 0.042586
0 0.195874 0.825214 0.024101 0.038909
0 0.161765 0.827359 0.032680 0.045650
0 0.128881 0.837163 0.027369 0.046262
0 0.093954 0.845588 0.024510 0.045956
0 0.045343 0.830423 0.065359 0.092218
0 0.041258 0.724112 0.044118 0.069547
0 0.351716 0.804228 0.044935 0.030637
0 0.080678 0.719056 0.020833 0.073529
0 0.150327 0.708180 0.028595 0.061581
0 0.189951 0.704657 0.027778 0.068627
0 0.226103 0.697151 0.026552 0.058517
0 0.259804 0.689032 0.036765 0.063725
0 0.296977 0.688879 0.027778 0.060968
0 0.388889 0.674173 0.032680 0.060355
0 0.357230 0.677390 0.029820 0.060049
0 0.325368 0.681832 0.024101 0.059130
0 0.112337 0.714461 0.032680 0.064338
0 0.111111 0.608303 0.023693 0.038909
0 0.948529 0.169118 0.062092 0.079044
0 0.044118 0.616881 0.031046 0.041973
0 0.012459 0.615502 0.024918 0.044118
0 0.076185 0.610907 0.030637 0.041667
