0 0.383854 0.841797 0.038542 0.076563
0 0.028125 0.132812 0.036458 0.106250
0 0.655729 0.708008 0.040625 0.087891
0 0.612500 0.708984 0.042708 0.086719
0 0.564323 0.706250 0.043229 0.086719
0 0.470313 0.705664 0.042708 0.087109
0 0.423958 0.705859 0.042708 0.086719
0 0.375781 0.707422 0.043229 0.082031
0 0.819531 0.842773 0.036979 0.080859
0 0.774219 0.841406 0.039062 0.083594
0 0.728646 0.841602 0.039583 0.086328
0 0.518750 0.704492 0.042708 0.087109
0 0.068750 0.134180 0.036458 0.106641
0 0.188281 0.136133 0.033854 0.107422
0 0.149479 0.137109 0.036458 0.106250
0 0.684115 0.838867 0.043229 0.091797
0 0.228385 0.130273 0.038021 0.118359
0 0.269531 0.131055 0.038021 0.118359
0 0.311198 0.133398 0.038021 0.116016
0 0.354687 0.133984 0.038542 0.120313
0 0.395052 0.136719 0.034896 0.120313
0 0.433073 0.137500 0.034896 0.120313
0 0.473177 0.136719 0.034896 0.120313
0 0.512760 0.136328 0.034896 0.120313
0 0.555208 0.143359 0.040625 0.107813
0 0.604948 0.158203 0.052604 0.078906
0 0.662500 0.159375 0.056250 0.076563
0 0.108333 0.135937 0.036458 0.106250
0 0.641146 0.841602 0.036458 0.085547
0 0.280990 0.705469 0.041146 0.081250
0 0.557552 0.840430 0.040104 0.083984
0 0.427083 0.842187 0.041667 0.078906
0 0.261458 0.959180 0.047917 0.081641
0 0.208854 0.958594 0.048958 0.082812
0 0.156250 0.958984 0.045833 0.078906
0 0.100781 0.956641 0.053646 0.086719
0 0.046094 0.966602 0.052604 0.066797
0 0.949740 0.842383 0.045312 0.084766
0 0.901042 0.840625 0.036458 0.085156
0 0.860156 0.839844 0.036979 0.085156
0 0.961198 0.593359 0.040104 0.086719
0 0.014323 0.700586 0.028646 0.088672
0 0.342969 0.843750 0.036979 0.073438
0 0.717969 0.160352 0.045312 0.073828
0 0.598958 0.842578 0.036458 0.085156
0 0.058854 0.700391 0.048958 0.082812
0 0.250781 0.834180 0.052604 0.087891
0 0.196094 0.835547 0.047396 0.086719
0 0.140885 0.834961 0.053646 0.087891
0 0.088281 0.833789 0.047396 0.086328
0 0.034635 0.832031 0.051562 0.088281
0 0.842448 0.713281 0.036979 0.082031
0 0.796875 0.708789 0.041667 0.087891
0 0.750260 0.708789 0.043229 0.087891
0 0.703906 0.708594 0.043229 0.087500
0 0.116927 0.701953 0.049479 0.085938
0 0.171094 0.701953 0.052604 0.089063
0 0.229427 0.703516 0.050521 0.086719
0 0.328125 0.708594 0.042708 0.082031
0 0.301042 0.843164 0.041667 0.072266
0 0.768750 0.161914 0.044792 0.073828
0 0.472135 0.841211 0.040104 0.083984
0 0.867708 0.164453 0.044792 0.071875
0 0.609375 0.450391 0.044792 0.089844
0 0.558333 0.450586 0.044792 0.089453
0 0.508333 0.449805 0.044792 0.089453
0 0.459896 0.449414 0.044792 0.089453
0 0.411198 0.447852 0.045312 0.089453
0 0.355729 0.444336 0.053125 0.088672
0 0.295573 0.444531 0.049479 0.088281
0 0.237760 0.443750 0.050521 0.091406
0 0.177083 0.444531 0.054167 0.088281
0 0.120833 0.441406 0.040625 0.089063
0 0.659896 0.450586 0.044792 0.089453
0 0.048958 0.443555 0.038542 0.093359
0 0.985417 0.321289 0.029167 0.079297
0 0.936198 0.315820 0.052604 0.089453
0 0.817708 0.163477 0.043750 0.072266
0 0.816667 0.320508 0.054167 0.082422
0 0.757031 0.316992 0.054688 0.081641
0 0.695833 0.314844 0.054167 0.082031
0 0.636198 0.315234 0.054688 0.082031
0 0.853906 0.964844 0.036979 0.070312
0 0.896875 0.964844 0.040625 0.070312
0 0.941406 0.965430 0.040104 0.069141
0 0.012760 0.442188 0.025521 0.090625
0 0.515885 0.840430 0.040104 0.083984
0 0.911719 0.593945 0.043229 0.085547
0 0.859635 0.593750 0.041146 0.087500
0 0.286979 0.580078 0.053125 0.089844
0 0.228125 0.580469 0.054167 0.090625
0 0.168229 0.580273 0.056250 0.087891
0 0.110156 0.577344 0.048438 0.089063
0 0.053125 0.578516 0.046875 0.091406
0 0.012240 0.577930 0.024479 0.090234
0 0.985417 0.461328 0.029167 0.075000
0 0.946875 0.461133 0.039583 0.078516
0 0.902083 0.459570 0.041667 0.077734
0 0.853646 0.457031 0.041667 0.077344
0 0.808594 0.457813 0.041146 0.077344
0 0.761198 0.452148 0.045312 0.088672
0 0.709115 0.450781 0.045312 0.089844
0 0.345313 0.581445 0.051042 0.087109
0 0.402083 0.584180 0.045833 0.090234
0 0.453125 0.583789 0.045833 0.089453
0 0.503385 0.582422 0.044271 0.092188
0 0.552344 0.583984 0.046354 0.092188
0 0.605729 0.584961 0.044792 0.091797
0 0.656510 0.585938 0.044271 0.086719
0 0.708073 0.586719 0.041146 0.090625
0 0.759635 0.588281 0.042188 0.089063
0 0.808073 0.589063 0.040104 0.092969
0 0.983854 0.966602 0.032292 0.066797
0 0.577083 0.315234 0.054167 0.082031
0 0.875521 0.320508 0.054167 0.082422
0 0.461458 0.315625 0.054167 0.082031
0 0.520052 0.316992 0.054688 0.081641
0 0.672135 0.959180 0.039062 0.081641
0 0.583854 0.961133 0.037500 0.077734
0 0.534375 0.959766 0.050000 0.080469
0 0.485677 0.959180 0.038021 0.081641
0 0.438802 0.960352 0.043229 0.079297
0 0.398698 0.960352 0.032813 0.079297
0 0.360938 0.962891 0.033333 0.074219
0 0.314323 0.958594 0.045312 0.082812
0 0.970573 0.160938 0.052604 0.082031
0 0.627604 0.967187 0.042708 0.065625
0 0.715365 0.958008 0.040104 0.083984
0 0.762760 0.964063 0.042188 0.071875
0 0.809635 0.965625 0.040104 0.067187
0 0.045312 0.298047 0.047917 0.094531
0 0.104167 0.299609 0.061458 0.094531
0 0.170833 0.298242 0.062500 0.099609
0 0.232813 0.312109 0.050000 0.078125
0 0.917708 0.163867 0.045833 0.073047
0 0.291927 0.312891 0.059896 0.079687
0 0.404687 0.312891 0.054167 0.082031
