0 0.094392 0.580529 0.021832 0.017308
0 0.871361 0.208774 0.045805 0.060337
0 0.819777 0.207332 0.052226 0.065625
0 0.752783 0.215144 0.063784 0.044712
0 0.682363 0.209255 0.048801 0.055048
0 0.626070 0.205889 0.050942 0.054567
0 0.561858 0.207933 0.053510 0.052404
0 0.492509 0.206731 0.062072 0.055769
0 0.426156 0.206010 0.063784 0.057212
0 0.357449 0.193389 0.046233 0.075721
0 0.220890 0.193149 0.055651 0.066587
0 0.114084 0.219351 0.092038 0.013702
0 0.123074 0.206010 0.089469 0.010096
0 0.050514 0.198317 0.028253 0.061058
0 0.015625 0.200601 0.026113 0.057933
0 0.117723 0.578846 0.016267 0.022596
0 0.141909 0.564784 0.017551 0.047356
0 0.165454 0.565505 0.022688 0.048798
0 0.209974 0.567668 0.059503 0.044471
0 0.270548 0.567067 0.050514 0.046154
0 0.324058 0.564904 0.047945 0.047596
0 0.390839 0.564063 0.071062 0.055048
0 0.459332 0.572596 0.041096 0.039423
0 0.507920 0.571394 0.044092 0.040385
0 0.561002 0.568510 0.051798 0.049038
0 0.632920 0.578606 0.080051 0.028365
0 0.935788 0.212861 0.053938 0.053125
0 0.101670 0.276442 0.073202 0.033654
0 0.178510 0.278726 0.070205 0.029087
0 0.257063 0.280048 0.075771 0.029327
0 0.391695 0.420072 0.052226 0.074760
0 0.335616 0.424038 0.044521 0.064904
0 0.281036 0.427764 0.050086 0.065144
0 0.143836 0.425601 0.053082 0.059375
0 0.095248 0.425361 0.033818 0.058413
0 0.042594 0.420072 0.059503 0.066106
0 0.914598 0.353365 0.085188 0.023558
0 0.819563 0.349880 0.072346 0.025240
0 0.739298 0.351923 0.078767 0.023558
0 0.654324 0.350120 0.081764 0.028606
0 0.569777 0.348077 0.079623 0.030288
0 0.485017 0.347957 0.087329 0.028606
0 0.989512 0.609014 0.020976 0.042067
0 0.390411 0.344231 0.091610 0.034615
0 0.220890 0.338341 0.055651 0.040144
0 0.141909 0.343750 0.080051 0.027885
0 0.051798 0.340865 0.077911 0.030769
0 0.838399 0.287019 0.078339 0.030288
0 0.755993 0.278005 0.054795 0.048798
0 0.699486 0.278125 0.051370 0.044712
0 0.641481 0.279087 0.050086 0.048077
0 0.586687 0.277644 0.050942 0.042788
0 0.527397 0.279207 0.047089 0.039183
0 0.468964 0.279808 0.050086 0.035577
0 0.414170 0.274519 0.060360 0.047596
0 0.942637 0.826082 0.031678 0.042067
0 0.297303 0.342428 0.082620 0.036779
0 0.054795 0.645312 0.041952 0.061779
0 0.097603 0.646995 0.038527 0.059375
0 0.150257 0.655409 0.054795 0.043990
0 0.619007 0.748077 0.052226 0.041827
0 0.704409 0.739904 0.108305 0.062500
0 0.786601 0.737260 0.050942 0.052404
0 0.852098 0.732812 0.069777 0.063702
0 0.927440 0.731130 0.042380 0.047837
0 0.976455 0.730529 0.047089 0.053365
0 0.032320 0.820913 0.044092 0.043750
0 0.092680 0.821394 0.049229 0.047596
0 0.144264 0.825120 0.042808 0.040144
0 0.187286 0.822716 0.040668 0.043510
0 0.237586 0.826202 0.047089 0.051442
0 0.286815 0.825000 0.035959 0.048077
0 0.576841 0.753245 0.025257 0.027163
0 0.334546 0.825000 0.047517 0.039904
0 0.069563 0.581130 0.024401 0.009856
0 0.428082 0.822837 0.041096 0.041346
0 0.480308 0.825721 0.057363 0.040865
0 0.543236 0.827043 0.057363 0.041106
0 0.608305 0.835337 0.052226 0.040385
0 0.661173 0.835216 0.048373 0.036298
0 0.720462 0.826683 0.046233 0.041827
0 0.772688 0.837260 0.035959 0.029327
0 0.821062 0.841587 0.043664 0.023558
0 0.889127 0.816226 0.065068 0.016587
0 0.886986 0.833774 0.071062 0.016587
0 0.880565 0.850962 0.069349 0.012981
0 0.382491 0.821514 0.044092 0.037260
0 0.451413 0.420433 0.051798 0.081250
0 0.524615 0.744832 0.056935 0.049760
0 0.391053 0.746394 0.040668 0.035096
0 0.210616 0.652885 0.055651 0.050481
0 0.269264 0.652163 0.058219 0.051923
0 0.329837 0.652885 0.053510 0.053365
0 0.392765 0.642909 0.054366 0.071875
0 0.458262 0.644231 0.038955 0.071635
0 0.500214 0.645673 0.034675 0.074519
0 0.541096 0.650841 0.037671 0.061298
0 0.579623 0.650240 0.036815 0.057212
0 0.618579 0.643870 0.025685 0.073798
0 0.654752 0.645072 0.035531 0.076202
0 0.703767 0.646394 0.054795 0.073077
0 0.768622 0.645433 0.064640 0.071154
0 0.453553 0.735457 0.070634 0.053125
0 0.826841 0.656971 0.044949 0.061538
0 0.017979 0.727764 0.031678 0.042067
0 0.050300 0.728365 0.016695 0.013942
0 0.050942 0.747596 0.017979 0.023077
0 0.086045 0.731370 0.041952 0.060817
0 0.133990 0.755529 0.027397 0.024038
0 0.161601 0.743269 0.025257 0.046635
0 0.190711 0.741587 0.026113 0.049038
0 0.223673 0.732091 0.029538 0.065144
0 0.255565 0.742308 0.025685 0.044712
0 0.282534 0.739784 0.022260 0.051202
0 0.330479 0.739904 0.060788 0.013462
0 0.331550 0.756490 0.062928 0.017308
0 0.877997 0.656971 0.042808 0.061538
0 0.511130 0.422596 0.050514 0.075481
0 0.339255 0.283173 0.072346 0.025962
0 0.618579 0.430168 0.046233 0.066587
0 0.407962 0.497957 0.069349 0.016587
0 0.405608 0.513582 0.069777 0.009375
0 0.481378 0.504567 0.069777 0.026923
0 0.553510 0.506010 0.062500 0.032692
0 0.614084 0.498317 0.047517 0.046635
0 0.671875 0.498317 0.053510 0.043750
0 0.723031 0.499519 0.035959 0.039904
0 0.766909 0.502404 0.045805 0.048558
0 0.826413 0.506370 0.060360 0.033413
0 0.900257 0.504567 0.071918 0.035577
0 0.723245 0.581130 0.083476 0.019471
0 0.833690 0.574159 0.043236 0.036298
0 0.892551 0.571274 0.024829 0.042067
0 0.958262 0.547476 0.041524 0.025240
0 0.950128 0.607452 0.041524 0.037500
0 0.941995 0.665024 0.030394 0.039663
0 0.983091 0.664663 0.033818 0.043269
0 0.331764 0.512620 0.068493 0.010817
0 0.567423 0.422837 0.050942 0.080288
0 0.980308 0.824038 0.033390 0.050000
0 0.111301 0.500962 0.065925 0.030288
0 0.334760 0.496635 0.069349 0.016827
0 0.256849 0.508534 0.070205 0.011298
0 0.186644 0.509495 0.070205 0.010337
0 0.188570 0.493269 0.063784 0.015865
0 0.039384 0.498197 0.068493 0.028606
0 0.977740 0.416707 0.044521 0.027163
0 0.260274 0.494111 0.071062 0.014663
0 0.843108 0.436659 0.035531 0.059375
0 0.803938 0.437740 0.035959 0.054327
0 0.769692 0.437981 0.029966 0.050962
0 0.718750 0.435457 0.064212 0.064663
0 0.662243 0.432692 0.034247 0.067788
0 0.910531 0.448317 0.082192 0.037500
