0 0.798159 0.831611 0.066353 0.081971
0 0.524187 0.826082 0.051798 0.086298
0 0.458476 0.826442 0.056507 0.084135
0 0.588185 0.840385 0.065068 0.087500
0 0.653896 0.841587 0.066353 0.087500
0 0.727526 0.824399 0.061216 0.082933
0 0.871361 0.845553 0.021832 0.057933
0 0.278896 0.719231 0.062072 0.080769
0 0.741652 0.718510 0.067209 0.088942
0 0.676156 0.717308 0.061216 0.088942
0 0.602312 0.721635 0.066781 0.085577
0 0.539812 0.714663 0.050514 0.083654
0 0.471318 0.717668 0.065925 0.090625
0 0.406036 0.718389 0.060360 0.088221
0 0.341182 0.716707 0.056507 0.081971
0 0.389983 0.827043 0.050514 0.085337
0 0.205051 0.725601 0.066781 0.090144
0 0.900257 0.846995 0.019692 0.055048
0 0.325985 0.838702 0.058647 0.093269
0 0.878211 0.233774 0.073202 0.097356
0 0.133134 0.845072 0.059075 0.081490
0 0.120291 0.701082 0.033390 0.081010
0 0.810788 0.233053 0.047945 0.099760
0 0.765625 0.234615 0.044092 0.099038
0 0.706978 0.238341 0.041524 0.094471
0 0.644264 0.229687 0.079623 0.110817
0 0.559289 0.231490 0.078339 0.114904
0 0.475385 0.231010 0.085188 0.113462
0 0.391481 0.237981 0.080051 0.099038
0 0.192637 0.844231 0.053082 0.079808
0 0.313784 0.240144 0.077911 0.095192
0 0.199914 0.245433 0.040240 0.077885
0 0.142979 0.242067 0.046233 0.087500
0 0.097389 0.247716 0.042380 0.073317
0 0.028467 0.255889 0.051798 0.050240
0 0.803938 0.720313 0.050514 0.092067
0 0.858733 0.718149 0.061644 0.095913
0 0.040454 0.837861 0.037243 0.088702
0 0.076199 0.838101 0.027397 0.085337
0 0.246147 0.248317 0.045377 0.072115
0 0.084118 0.715385 0.020976 0.066827
0 0.796875 0.373918 0.025257 0.071875
0 0.053724 0.670072 0.042380 0.016106
0 0.458690 0.505769 0.024401 0.078846
0 0.405394 0.531490 0.031678 0.017308
0 0.370077 0.502524 0.015839 0.084375
0 0.342038 0.505529 0.019692 0.081250
0 0.306935 0.503966 0.020548 0.084375
0 0.275257 0.505529 0.022260 0.081250
0 0.231164 0.506250 0.026541 0.076923
0 0.203125 0.507692 0.025257 0.082692
0 0.905394 0.378606 0.024829 0.084615
0 0.861301 0.377885 0.023116 0.092308
0 0.022902 0.359736 0.034675 0.058894
0 0.058861 0.413221 0.062928 0.046635
0 0.055223 0.470913 0.066781 0.051923
0 0.033818 0.521514 0.056507 0.049279
0 0.492509 0.505529 0.020976 0.081250
0 0.182791 0.394952 0.082192 0.064904
0 0.297945 0.410337 0.056507 0.031731
0 0.354024 0.375601 0.013699 0.072837
0 0.365154 0.376563 0.009418 0.073798
0 0.375000 0.375841 0.009418 0.073798
0 0.382705 0.376082 0.009418 0.073798
0 0.420591 0.380649 0.019264 0.069952
0 0.445205 0.379207 0.024829 0.073317
0 0.569135 0.379928 0.016695 0.071875
0 0.602098 0.380168 0.016695 0.075240
0 0.636344 0.380048 0.014983 0.075000
0 0.665026 0.378606 0.017551 0.072115
0 0.696276 0.381370 0.014983 0.071394
0 0.723459 0.378966 0.019692 0.069952
0 0.750000 0.415865 0.012842 0.009135
0 0.249144 0.401923 0.041096 0.045673
0 0.537885 0.502644 0.019264 0.081731
0 0.566567 0.504687 0.021832 0.082933
0 0.600171 0.503005 0.023973 0.079567
0 0.026113 0.717788 0.030822 0.065385
0 0.847817 0.607091 0.062072 0.088702
0 0.790668 0.608413 0.051370 0.085096
0 0.723673 0.611178 0.063784 0.092548
0 0.656678 0.608534 0.065925 0.097837
0 0.771618 0.421274 0.018408 0.013702
0 0.586901 0.607812 0.062500 0.096394
0 0.525899 0.607212 0.060360 0.098077
0 0.458904 0.609255 0.057363 0.090144
0 0.396404 0.610938 0.063356 0.090144
0 0.322346 0.610096 0.067637 0.088462
0 0.258348 0.612380 0.059503 0.083894
0 0.192209 0.615264 0.052226 0.081490
0 0.134846 0.618990 0.057363 0.073077
0 0.947132 0.729928 0.020976 0.065144
0 0.918236 0.729928 0.023116 0.062260
0 0.929580 0.672596 0.023545 0.042308
0 0.628639 0.504327 0.020976 0.082212
0 0.653896 0.504327 0.027825 0.082212
0 0.701199 0.504928 0.018836 0.074279
0 0.727954 0.501923 0.018408 0.080288
0 0.757063 0.503245 0.026969 0.076683
0 0.790240 0.500601 0.023116 0.086779
0 0.055437 0.716947 0.023545 0.063702
0 0.838185 0.501202 0.026541 0.081731
0 0.954623 0.448077 0.047089 0.061058
0 0.941567 0.514423 0.031250 0.065385
0 0.929580 0.586058 0.034675 0.062019
0 0.903896 0.659615 0.021832 0.068269
0 0.931935 0.854928 0.028253 0.049279
0 0.036601 0.597476 0.034675 0.084856
0 0.873930 0.502404 0.021832 0.078365
0 0.967466 0.853966 0.039384 0.050240
