0 0.846396 0.351438 0.071759 0.039187
0 0.346065 0.467386 0.063823 0.068700
0 0.915509 0.349454 0.059193 0.040675
0 0.913194 0.393849 0.064484 0.036706
0 0.840939 0.394717 0.070767 0.034970
0 0.546792 0.492560 0.113426 0.044147
0 0.763062 0.394593 0.081019 0.035218
0 0.051918 0.344990 0.062831 0.033234
0 0.122189 0.345238 0.059193 0.032738
0 0.046131 0.387773 0.054563 0.036954
0 0.185847 0.385045 0.039021 0.037946
0 0.052414 0.444940 0.067130 0.035714
0 0.430721 0.465650 0.082341 0.081597
0 0.133267 0.492188 0.078042 0.035466
0 0.129464 0.448909 0.077050 0.039683
0 0.195106 0.447049 0.041667 0.040923
0 0.196759 0.492063 0.035714 0.038194
0 0.281085 0.469494 0.041005 0.038690
0 0.547288 0.444196 0.114418 0.049107
0 0.665179 0.443700 0.111442 0.045635
0 0.055886 0.491195 0.068122 0.039931
0 0.182044 0.534846 0.062500 0.034970
0 0.745370 0.497892 0.048942 0.031498
0 0.528439 0.594122 0.086640 0.031994
0 0.754960 0.576141 0.055556 0.067956
0 0.767361 0.349330 0.071098 0.040923
0 0.821759 0.578745 0.057540 0.062748
0 0.886905 0.578497 0.058862 0.068204
0 0.977348 0.552579 0.045304 0.044643
0 0.979828 0.678819 0.040344 0.055556
0 0.891865 0.648810 0.043651 0.040179
0 0.844742 0.649802 0.049934 0.040675
0 0.522487 0.556672 0.083995 0.033978
0 0.796296 0.649306 0.046958 0.041667
0 0.025132 0.654886 0.050265 0.030506
0 0.026124 0.692832 0.051587 0.032490
0 0.104332 0.679439 0.089616 0.047371
0 0.103175 0.634673 0.085979 0.035714
0 0.183366 0.636657 0.065146 0.034226
0 0.186343 0.682912 0.055225 0.045387
0 0.275794 0.652654 0.052249 0.041915
0 0.338128 0.645709 0.060516 0.039435
0 0.337798 0.688120 0.056548 0.032490
0 0.745701 0.649802 0.043651 0.040675
0 0.609954 0.598214 0.067130 0.035714
0 0.682209 0.596478 0.051587 0.029762
0 0.684524 0.556052 0.062169 0.030258
0 0.750992 0.455605 0.044312 0.035714
0 0.800761 0.458209 0.046627 0.039931
0 0.848214 0.456473 0.041005 0.036458
0 0.848214 0.498140 0.047619 0.032986
0 0.795139 0.499008 0.047950 0.033730
0 0.906250 0.499752 0.050595 0.039187
0 0.909226 0.456597 0.053241 0.036210
0 0.981978 0.496280 0.035384 0.032242
0 0.981978 0.457961 0.035384 0.037946
0 0.024471 0.551463 0.048280 0.034970
0 0.023810 0.591766 0.046296 0.039187
0 0.096561 0.585069 0.086640 0.052579
0 0.108135 0.538194 0.072751 0.033234
0 0.178571 0.583209 0.062169 0.051339
0 0.285880 0.592882 0.078373 0.031994
0 0.280093 0.550719 0.077381 0.038938
0 0.362599 0.547743 0.068452 0.039931
0 0.372354 0.591518 0.082011 0.039683
0 0.448247 0.594122 0.048611 0.031994
0 0.446759 0.552207 0.054894 0.045883
0 0.610615 0.552579 0.068452 0.039683
0 0.661872 0.494544 0.104828 0.042659
0 0.918981 0.289559 0.060185 0.037946
0 0.684193 0.174603 0.055556 0.041667
0 0.923280 0.239211 0.065476 0.046875
0 0.946759 0.176215 0.031085 0.040923
0 0.950562 0.127976 0.032077 0.045635
0 0.926091 0.047991 0.115410 0.049851
0 0.815146 0.045139 0.100529 0.048611
0 0.700562 0.042783 0.116733 0.053323
0 0.621528 0.031374 0.036706 0.059772
0 0.899636 0.175843 0.049934 0.044147
0 0.560681 0.043031 0.065807 0.048363
0 0.439153 0.042783 0.070767 0.039435
0 0.339782 0.040799 0.101521 0.038442
0 0.260251 0.029142 0.033730 0.054812
0 0.199901 0.034722 0.067130 0.041171
0 0.130787 0.035962 0.054563 0.043651
0 0.069279 0.032986 0.059854 0.037698
0 0.499173 0.032490 0.034061 0.057540
0 0.903439 0.123512 0.044974 0.042659
0 0.846892 0.124628 0.050926 0.042907
0 0.795635 0.122024 0.045635 0.045635
0 0.273810 0.691220 0.052249 0.023810
0 0.407077 0.789559 0.091931 0.114831
0 0.301091 0.791791 0.106151 0.112351
0 0.162698 0.828125 0.102513 0.037698
0 0.157077 0.781746 0.097222 0.036210
0 0.166005 0.744296 0.087302 0.016865
0 0.063823 0.747024 0.080688 0.034722
0 0.048115 0.788070 0.088955 0.023562
0 0.044974 0.829365 0.074074 0.042163
0 0.599702 0.837302 0.090939 0.021329
0 0.504960 0.837302 0.080026 0.026290
0 0.511078 0.790427 0.089616 0.028274
0 0.518353 0.755952 0.091601 0.028770
0 0.736111 0.172123 0.046296 0.049107
0 0.742394 0.122892 0.052249 0.041419
0 0.016865 0.031126 0.032407 0.038938
0 0.683201 0.119172 0.062831 0.048859
0 0.620205 0.173115 0.062500 0.047123
0 0.556713 0.171379 0.061177 0.043651
0 0.268353 0.269345 0.062500 0.062004
0 0.348710 0.285218 0.084987 0.032738
0 0.349537 0.249752 0.085979 0.035218
0 0.446429 0.283978 0.085317 0.037698
0 0.520999 0.283358 0.052579 0.036458
0 0.514881 0.242188 0.056878 0.038442
0 0.578042 0.286210 0.044312 0.037698
0 0.575231 0.242436 0.055886 0.037946
0 0.638889 0.242063 0.052910 0.038690
0 0.697090 0.244048 0.056217 0.037202
0 0.640708 0.286954 0.053241 0.041171
0 0.695602 0.287946 0.049934 0.039187
0 0.771825 0.290427 0.058201 0.043651
0 0.768188 0.240699 0.065476 0.046379
0 0.851190 0.241443 0.075397 0.044891
0 0.164352 0.231027 0.060847 0.046875
0 0.844411 0.290055 0.071098 0.034970
0 0.170800 0.277530 0.055886 0.038690
0 0.042163 0.275174 0.059193 0.036458
0 0.494874 0.170387 0.057209 0.045635
0 0.044147 0.122148 0.066468 0.031498
0 0.037037 0.164311 0.064815 0.029514
0 0.103836 0.119668 0.047619 0.029018
0 0.162864 0.110119 0.055886 0.046131
0 0.163525 0.163442 0.050595 0.043155
0 0.277612 0.167535 0.049272 0.036954
0 0.276124 0.128348 0.047619 0.023562
0 0.325231 0.133929 0.043981 0.028770
0 0.329034 0.170759 0.048942 0.032986
0 0.383929 0.172247 0.048280 0.032490
0 0.379795 0.135665 0.053902 0.032738
0 0.434854 0.137029 0.043651 0.034474
0 0.436508 0.173487 0.043651 0.034474
0 0.054894 0.235491 0.068783 0.037946
0 0.107970 0.278894 0.061839 0.038442
0 0.402116 0.689360 0.059524 0.039435
0 0.114914 0.385169 0.060516 0.037698
0 0.467758 0.692832 0.062500 0.032490
0 0.614418 0.116567 0.063492 0.047123
0 0.548280 0.116319 0.060185 0.050099
0 0.841270 0.174603 0.048942 0.044147
0 0.789021 0.174355 0.048280 0.044643
0 0.404266 0.643601 0.055225 0.039187
0 0.614749 0.751984 0.089947 0.029762
0 0.603671 0.790675 0.083003 0.032242
0 0.691964 0.836062 0.086971 0.026290
0 0.699405 0.786334 0.085979 0.029018
0 0.785549 0.835317 0.075728 0.023313
0 0.785384 0.785218 0.082011 0.036210
0 0.683697 0.650050 0.070437 0.040179
0 0.883929 0.787202 0.096561 0.039187
0 0.890708 0.694072 0.047288 0.027530
0 0.840608 0.693576 0.041667 0.031002
0 0.791667 0.692212 0.037698 0.028770
0 0.745370 0.691840 0.048942 0.034474
0 0.681713 0.691468 0.069114 0.030258
0 0.467758 0.649802 0.066468 0.040675
0 0.533896 0.652406 0.056548 0.037946
0 0.534722 0.692832 0.054894 0.027530
0 0.602679 0.695312 0.071759 0.030010
0 0.874835 0.834573 0.081680 0.022321
0 0.606151 0.652034 0.072090 0.041171
