0 0.797386 0.587929 0.062092 0.097426
0 0.519404 0.324295 0.055147 0.057292
0 0.451797 0.333333 0.068627 0.030637
0 0.453840 0.302237 0.068627 0.029105
0 0.347835 0.295343 0.046977 0.099265
0 0.301266 0.294118 0.038807 0.098652
0 0.261029 0.292892 0.038399 0.101103
0 0.217933 0.291360 0.041258 0.099265
0 0.174837 0.289675 0.035948 0.097733
0 0.131332 0.302543 0.046160 0.070772
0 0.964257 0.156403 0.071487 0.097120
0 0.812908 0.143842 0.053105 0.103248
0 0.572508 0.303002 0.042892 0.099877
0 0.757966 0.142310 0.053513 0.106311
0 0.711397 0.159926 0.032271 0.068015
0 0.670956 0.142770 0.040441 0.104167
0 0.621324 0.140012 0.051471 0.098652
0 0.575572 0.145067 0.035948 0.086703
0 0.533905 0.143536 0.041667 0.084865
0 0.497345 0.145221 0.024101 0.083946
0 0.470384 0.142310 0.024918 0.084252
0 0.430147 0.141850 0.041667 0.085172
0 0.872753 0.148897 0.062500 0.099877
0 0.618873 0.310202 0.046569 0.092831
0 0.697508 0.310815 0.037990 0.094056
0 0.743873 0.313266 0.041667 0.089154
0 0.962214 0.464920 0.033905 0.087929
0 0.871936 0.462163 0.031454 0.090993
0 0.827410 0.458027 0.049428 0.087623
0 0.779003 0.456955 0.040033 0.093444
0 0.740809 0.456801 0.027369 0.084559
0 0.709763 0.457108 0.020833 0.087623
0 0.686479 0.455270 0.020833 0.096814
0 0.656454 0.449755 0.028595 0.098039
0 0.620098 0.446998 0.031863 0.102328
0 0.586397 0.453738 0.028186 0.087010
0 0.557394 0.453891 0.024918 0.084252
0 0.389910 0.138940 0.033905 0.090380
0 0.517770 0.431526 0.034722 0.084252
0 0.437296 0.452819 0.035539 0.091912
0 0.383987 0.442555 0.038399 0.080576
0 0.337010 0.440870 0.038399 0.077206
0 0.291258 0.441330 0.040033 0.078125
0 0.237949 0.441023 0.047794 0.074449
0 0.187908 0.441483 0.036765 0.081495
0 0.133783 0.438572 0.051062 0.079350
0 0.972426 0.325521 0.041258 0.086703
0 0.931985 0.325214 0.032271 0.087929
0 0.889502 0.317708 0.045343 0.089461
0 0.845997 0.316176 0.038399 0.091912
0 0.481005 0.449295 0.033905 0.087929
0 0.347835 0.137255 0.046977 0.088235
0 0.244690 0.120404 0.048203 0.115196
0 0.847018 0.587623 0.028186 0.087623
0 0.261438 0.695925 0.031046 0.091605
0 0.227533 0.695772 0.031046 0.094363
0 0.193219 0.693168 0.030229 0.092218
0 0.156863 0.690104 0.034314 0.098958
0 0.976920 0.594669 0.046160 0.069853
0 0.924224 0.591299 0.051062 0.075980
0 0.878064 0.586857 0.026552 0.083027
0 0.149101 0.583027 0.044118 0.069240
0 0.197917 0.581955 0.042892 0.069547
0 0.240400 0.568015 0.035539 0.102941
0 0.277165 0.567862 0.033088 0.104473
0 0.314951 0.568321 0.031863 0.106618
0 0.352737 0.569547 0.034722 0.107230
0 0.389093 0.573529 0.032271 0.098039
0 0.423407 0.579044 0.033088 0.093137
0 0.462010 0.592065 0.037582 0.074449
0 0.499796 0.578891 0.033088 0.095282
0 0.533292 0.581342 0.028186 0.094056
0 0.569036 0.578738 0.035948 0.098652
0 0.604984 0.579350 0.031046 0.099877
0 0.643791 0.574602 0.040850 0.109988
0 0.680147 0.598805 0.029412 0.062194
0 0.732026 0.580882 0.065359 0.097426
0 0.299020 0.697610 0.030229 0.091299
0 0.295752 0.131587 0.049020 0.097733
0 0.348039 0.695159 0.034314 0.090074
0 0.477941 0.695006 0.040033 0.086091
0 0.192402 0.131281 0.045752 0.090993
0 0.150123 0.116422 0.029003 0.117034
0 0.111315 0.122549 0.036356 0.105392
0 0.969363 0.785386 0.060458 0.044424
0 0.885008 0.799326 0.044526 0.056373
0 0.830678 0.801317 0.054330 0.054228
0 0.754493 0.783701 0.080065 0.034926
0 0.658088 0.798407 0.053105 0.073529
0 0.587214 0.800398 0.063317 0.077512
0 0.515931 0.806219 0.061275 0.083027
0 0.449959 0.804075 0.051879 0.084865
0 0.389910 0.798100 0.059232 0.076593
0 0.272467 0.813419 0.061275 0.084559
0 0.203840 0.806219 0.072712 0.083027
0 0.900327 0.464461 0.020425 0.088848
0 0.925449 0.726562 0.065768 0.041360
0 0.852737 0.709865 0.069036 0.080882
0 0.787173 0.708027 0.052288 0.078431
0 0.732639 0.711244 0.045343 0.067708
0 0.681985 0.706495 0.045343 0.083946
0 0.630106 0.696232 0.047794 0.092218
0 0.576797 0.693321 0.051471 0.094975
0 0.525123 0.714461 0.041258 0.049020
0 0.431985 0.692555 0.045343 0.090993
0 0.927288 0.464308 0.026961 0.089154
0 0.794118 0.315104 0.040850 0.089767
