0 0.032475 0.518076 0.044526 0.075980
0 0.159314 0.521752 0.106209 0.092525
0 0.817810 0.359835 0.019608 0.081801
0 0.843546 0.359069 0.029412 0.079044
0 0.261438 0.515165 0.090686 0.101409
0 0.354779 0.502298 0.089461 0.084252
0 0.437092 0.496936 0.071078 0.088848
0 0.516544 0.483303 0.078840 0.073836
0 0.584967 0.480086 0.053105 0.079657
0 0.647059 0.470435 0.066993 0.066483
0 0.704044 0.466759 0.046160 0.069547
0 0.762255 0.457108 0.056373 0.058211
0 0.816993 0.453585 0.044118 0.059130
0 0.078227 0.515778 0.041258 0.079963
0 0.793913 0.361060 0.026552 0.079963
0 0.506740 0.368719 0.046977 0.104473
0 0.170956 0.377911 0.060866 0.122855
0 0.551879 0.370558 0.035131 0.099571
0 0.588644 0.365962 0.040033 0.092831
0 0.626634 0.365349 0.034314 0.095282
0 0.662582 0.362439 0.032680 0.091912
0 0.696487 0.363358 0.031046 0.090074
0 0.728554 0.361979 0.029820 0.084865
0 0.763072 0.362132 0.033497 0.083333
0 0.377655 0.372549 0.046160 0.109069
0 0.463644 0.375306 0.031046 0.093137
0 0.978962 0.354320 0.032271 0.072610
0 0.945057 0.357690 0.030637 0.073836
0 0.908497 0.355545 0.038399 0.071998
0 0.871528 0.357996 0.026552 0.076287
0 0.865400 0.448529 0.048611 0.053922
0 0.331699 0.375460 0.043301 0.114277
0 0.281658 0.373775 0.049428 0.111520
0 0.228145 0.379596 0.052696 0.118260
0 0.424020 0.371477 0.044935 0.109988
0 0.916258 0.442096 0.046569 0.055147
0 0.088440 0.611826 0.029820 0.073529
0 0.982230 0.507506 0.035539 0.054841
0 0.753881 0.612592 0.055964 0.056066
0 0.815564 0.597426 0.061683 0.038603
0 0.878881 0.583027 0.053513 0.040441
0 0.930147 0.574908 0.041667 0.051777
0 0.978145 0.569393 0.043709 0.049939
0 0.981822 0.615962 0.036356 0.042586
0 0.936683 0.627298 0.043301 0.043811
0 0.684845 0.625919 0.069036 0.047181
0 0.885008 0.640319 0.048611 0.051471
0 0.757353 0.674326 0.066993 0.061275
0 0.689747 0.688572 0.060049 0.059130
0 0.613971 0.714308 0.066993 0.054841
0 0.525735 0.732077 0.077614 0.066483
0 0.437908 0.762714 0.086601 0.081801
0 0.328636 0.797335 0.104984 0.065870
0 0.196487 0.825674 0.137255 0.091912
0 0.822100 0.650735 0.047794 0.053922
0 0.606413 0.648897 0.067402 0.063113
0 0.528595 0.658548 0.074346 0.057292
0 0.428105 0.686121 0.106209 0.051164
0 0.934028 0.511642 0.048611 0.050245
0 0.884804 0.516391 0.049020 0.060355
0 0.826389 0.528646 0.059641 0.063419
0 0.760825 0.541513 0.060049 0.067708
0 0.699551 0.553768 0.048611 0.067708
0 0.643178 0.562347 0.063317 0.072610
0 0.580474 0.575214 0.058007 0.076900
0 0.504902 0.585325 0.066993 0.075674
0 0.434436 0.596507 0.064951 0.085784
0 0.358047 0.606464 0.074755 0.090380
0 0.268382 0.626225 0.095588 0.099265
0 0.164624 0.643229 0.098856 0.106311
0 0.016748 0.620558 0.033497 0.075674
0 0.053105 0.620098 0.032680 0.074755
0 0.107435 0.381127 0.059641 0.130515
0 0.194444 0.740809 0.140523 0.059436
0 0.311887 0.723039 0.089461 0.082721
0 0.963644 0.441330 0.043301 0.050551
0 0.037377 0.405484 0.074755 0.079963
0 0.504902 0.256587 0.022876 0.089154
0 0.947712 0.268842 0.044118 0.073836
0 0.249592 0.103094 0.038399 0.102022
0 0.285131 0.108303 0.031863 0.092218
0 0.320057 0.110907 0.032271 0.096201
0 0.353350 0.117953 0.034314 0.088235
0 0.386846 0.119945 0.027778 0.095895
0 0.415850 0.125919 0.028595 0.093750
0 0.445874 0.126532 0.023284 0.093750
0 0.473039 0.131893 0.028595 0.087929
0 0.498979 0.134344 0.019199 0.091605
0 0.520629 0.138634 0.025735 0.083640
0 0.549224 0.141238 0.021650 0.083946
0 0.571283 0.147518 0.017565 0.071998
0 0.594975 0.150582 0.028186 0.078125
0 0.623570 0.154871 0.024101 0.075674
0 0.646038 0.155484 0.021650 0.069547
0 0.214869 0.101256 0.030229 0.097120
0 0.177492 0.092525 0.041258 0.105392
0 0.132761 0.091759 0.041667 0.100797
0 0.089257 0.083946 0.043709 0.106618
0 0.596201 0.046262 0.022467 0.077206
0 0.623366 0.049632 0.031863 0.071691
0 0.669118 0.062500 0.025327 0.075980
0 0.698121 0.065257 0.026144 0.071078
0 0.752451 0.075521 0.036765 0.077512
0 0.798611 0.088695 0.021242 0.060968
0 0.816176 0.088695 0.009804 0.070159
0 0.668709 0.158241 0.020425 0.065870
0 0.829657 0.095895 0.012255 0.058824
0 0.863562 0.092525 0.035131 0.068627
0 0.900940 0.103860 0.020016 0.066789
0 0.922590 0.112286 0.018382 0.056679
0 0.942402 0.113971 0.021242 0.062500
0 0.968750 0.117188 0.024918 0.056066
0 0.015319 0.078125 0.030637 0.104167
0 0.048407 0.080882 0.035539 0.101103
0 0.840891 0.095435 0.010212 0.065257
0 0.693219 0.161152 0.028595 0.071691
0 0.717933 0.165748 0.016748 0.063113
0 0.735090 0.165288 0.020016 0.067708
0 0.453431 0.254596 0.026144 0.090074
0 0.480392 0.254596 0.022876 0.093137
0 0.528391 0.256281 0.020833 0.087316
0 0.553513 0.257047 0.022059 0.088235
0 0.577819 0.257506 0.018382 0.086703
0 0.602328 0.258119 0.023284 0.081801
0 0.624387 0.259038 0.022467 0.084865
0 0.430760 0.251991 0.017565 0.094056
0 0.647467 0.260417 0.018791 0.080270
0 0.686887 0.260417 0.015931 0.080270
0 0.706904 0.261489 0.019199 0.079350
0 0.739175 0.258272 0.042892 0.088235
0 0.783292 0.261489 0.041258 0.082414
0 0.829248 0.260723 0.044118 0.083946
0 0.867647 0.263940 0.035131 0.077512
0 0.904003 0.265472 0.034314 0.081189
0 0.665645 0.260417 0.018382 0.078431
0 0.983252 0.269761 0.021242 0.074449
0 0.402574 0.251225 0.034722 0.095588
0 0.338235 0.249387 0.035948 0.101103
0 0.753064 0.168199 0.013480 0.064338
0 0.773080 0.171109 0.020833 0.067096
0 0.796773 0.175245 0.020016 0.059436
0 0.816381 0.175398 0.018382 0.063419
0 0.832312 0.177237 0.013480 0.057904
0 0.866013 0.182445 0.011438 0.059130
0 0.881944 0.184283 0.014706 0.056679
0 0.371324 0.250460 0.026144 0.094056
0 0.901961 0.185968 0.017974 0.056985
0 0.041258 0.212469 0.082516 0.100797
0 0.108660 0.236060 0.037582 0.117341
0 0.151757 0.239890 0.042892 0.107230
0 0.194036 0.240043 0.036765 0.109988
0 0.232435 0.244179 0.040850 0.104779
0 0.270425 0.244792 0.031046 0.107230
0 0.303513 0.248315 0.027778 0.096507
0 0.988358 0.193015 0.023284 0.055760
0 0.850286 0.181679 0.016748 0.055760
