0 0.029820 0.794730 0.026961 0.049632
0 0.367647 0.808824 0.054739 0.079657
0 0.060458 0.792739 0.026961 0.068934
0 0.117239 0.787684 0.017974 0.051471
0 0.141340 0.827206 0.022059 0.085784
0 0.169730 0.818015 0.025735 0.076593
0 0.233252 0.819393 0.066993 0.067708
0 0.426062 0.813266 0.044935 0.067708
0 0.760417 0.817708 0.052696 0.080270
0 0.550449 0.811734 0.052696 0.083027
0 0.603145 0.823836 0.044526 0.064951
0 0.663399 0.829504 0.062908 0.102635
0 0.841708 0.840993 0.048611 0.061275
0 0.894608 0.866881 0.045752 0.058517
0 0.971201 0.867647 0.054330 0.075368
0 0.079657 0.696691 0.012255 0.053309
0 0.486724 0.814032 0.051879 0.084559
0 0.049224 0.700214 0.037173 0.064645
0 0.103554 0.525888 0.019199 0.055453
0 0.103350 0.700674 0.026961 0.057598
0 0.403186 0.530484 0.048203 0.052390
0 0.362337 0.522059 0.023693 0.069240
0 0.332312 0.519761 0.028186 0.067708
0 0.300449 0.520067 0.017565 0.073223
0 0.268791 0.518076 0.023693 0.071078
0 0.227124 0.525123 0.022059 0.044730
0 0.195261 0.523131 0.023693 0.039522
0 0.134804 0.528339 0.029412 0.044424
0 0.080270 0.522212 0.017565 0.056679
0 0.056373 0.518995 0.022876 0.060049
0 0.062704 0.399357 0.051879 0.066483
0 0.016340 0.395833 0.028595 0.061275
0 0.199142 0.338082 0.076389 0.027267
0 0.146242 0.392770 0.044118 0.078431
0 0.189747 0.412071 0.033088 0.056373
0 0.234681 0.419271 0.045343 0.041973
0 0.309641 0.403952 0.093137 0.029718
0 0.388072 0.406250 0.042484 0.074142
0 0.433619 0.405944 0.039624 0.068627
0 0.460784 0.530025 0.044935 0.059436
0 0.485498 0.399357 0.033088 0.066483
0 0.509804 0.516850 0.040850 0.076593
0 0.616422 0.549786 0.038399 0.019914
0 0.013072 0.702972 0.026144 0.065257
0 0.473856 0.620404 0.026144 0.064951
0 0.435458 0.624387 0.039216 0.060049
0 0.395016 0.615656 0.031863 0.056066
0 0.260212 0.612898 0.043301 0.064645
0 0.206699 0.626685 0.042484 0.040135
0 0.156863 0.611213 0.044935 0.077206
0 0.111111 0.612592 0.042484 0.071385
0 0.077614 0.611366 0.020425 0.055453
0 0.043096 0.612898 0.029003 0.061581
0 0.011029 0.610294 0.022059 0.054534
0 0.890319 0.575214 0.047794 0.069547
0 0.951389 0.576593 0.047386 0.069853
0 0.991422 0.575214 0.017157 0.075674
0 0.985907 0.461244 0.026552 0.065257
0 0.950163 0.457414 0.032680 0.075980
0 0.901961 0.455882 0.046569 0.069853
0 0.776348 0.526195 0.055964 0.076287
0 0.658905 0.512102 0.041667 0.046262
0 0.558415 0.519148 0.040033 0.075061
0 0.530842 0.406097 0.050245 0.062194
0 0.713440 0.517463 0.053513 0.090686
0 0.254289 0.237132 0.055964 0.109681
0 0.840482 0.705729 0.033905 0.065870
0 0.649101 0.401195 0.066993 0.078125
0 0.723856 0.399969 0.073529 0.083640
0 0.797998 0.401348 0.070670 0.077819
0 0.875000 0.325061 0.029412 0.065564
0 0.913399 0.326900 0.044935 0.064951
0 0.975082 0.328738 0.049837 0.064338
0 0.985090 0.184283 0.029003 0.108762
0 0.943423 0.183211 0.039624 0.120098
0 0.896855 0.181219 0.040441 0.121017
0 0.886029 0.707414 0.043301 0.068627
0 0.721814 0.218444 0.077614 0.150123
0 0.562296 0.222120 0.072304 0.142770
0 0.483456 0.219056 0.069853 0.148897
0 0.405229 0.229167 0.056373 0.119485
0 0.337418 0.242188 0.062908 0.096507
0 0.514297 0.625613 0.041667 0.054534
0 0.203023 0.241422 0.043301 0.101103
0 0.149510 0.242341 0.054739 0.099265
0 0.091095 0.223039 0.055556 0.128676
0 0.010621 0.230086 0.021242 0.114583
0 0.136846 0.731464 0.037582 0.023591
0 0.637868 0.218290 0.064951 0.150429
0 0.938521 0.708946 0.046160 0.065564
0 0.576797 0.409926 0.020425 0.048407
0 0.783701 0.625000 0.054330 0.064951
0 0.189338 0.720282 0.048611 0.042892
0 0.243668 0.715074 0.042892 0.059436
0 0.294935 0.710631 0.051471 0.062194
0 0.353554 0.708640 0.042075 0.056985
0 0.405229 0.712929 0.040033 0.066789
0 0.454044 0.717984 0.043709 0.062806
0 0.982026 0.711397 0.035131 0.060662
0 0.562500 0.720895 0.044118 0.032475
0 0.605392 0.704504 0.032680 0.031556
0 0.654820 0.722273 0.045752 0.059743
0 0.707721 0.725950 0.045343 0.040748
0 0.506944 0.719363 0.051471 0.056985
0 0.042892 0.230239 0.036765 0.108150
0 0.761846 0.721201 0.047386 0.053309
0 0.670547 0.623775 0.048611 0.070466
0 0.619485 0.622702 0.052696 0.070159
0 0.565768 0.627298 0.046569 0.060355
0 0.724265 0.626379 0.045752 0.065257
