0 0.813113 0.113205 0.046977 0.080576
0 0.022672 0.117341 0.038807 0.083333
0 0.863154 0.113971 0.044118 0.081495
0 0.914011 0.111520 0.060049 0.086397
0 0.969567 0.111213 0.049428 0.085784
0 0.019812 0.218137 0.033088 0.088848
0 0.669322 0.112286 0.040441 0.106311
0 0.100899 0.221814 0.038399 0.088848
0 0.142565 0.221814 0.034314 0.091299
0 0.282271 0.231618 0.040033 0.082108
0 0.326797 0.233303 0.045752 0.079963
0 0.368260 0.233150 0.036356 0.080270
0 0.409926 0.231311 0.039624 0.083946
0 0.623570 0.111520 0.051062 0.110294
0 0.578227 0.110294 0.037173 0.107843
0 0.535539 0.111979 0.041667 0.106311
0 0.491830 0.111673 0.043301 0.100184
0 0.445670 0.110141 0.047386 0.102635
0 0.399101 0.109988 0.046569 0.101103
0 0.354984 0.117800 0.041667 0.084252
0 0.310049 0.109375 0.031863 0.100490
0 0.266136 0.109375 0.049428 0.101103
0 0.150735 0.111520 0.035948 0.100490
0 0.107843 0.111060 0.041667 0.104473
0 0.064747 0.109375 0.039624 0.100490
0 0.762868 0.113205 0.051879 0.079963
0 0.058415 0.220895 0.043301 0.088235
0 0.022876 0.806985 0.029412 0.062500
0 0.902982 0.236979 0.046977 0.082414
0 0.381740 0.440411 0.041258 0.094056
0 0.423203 0.440564 0.040850 0.090074
0 0.469158 0.442096 0.049428 0.088235
0 0.515727 0.444087 0.037173 0.085478
0 0.560253 0.444853 0.052696 0.086397
0 0.607843 0.444700 0.039216 0.086703
0 0.649101 0.445312 0.038399 0.082414
0 0.740605 0.456189 0.032680 0.077819
0 0.778799 0.457414 0.045343 0.072917
0 0.827002 0.460784 0.045343 0.079657
0 0.873775 0.460631 0.049837 0.081189
0 0.921364 0.462469 0.039624 0.083027
0 0.969567 0.460172 0.042892 0.084559
0 0.339257 0.438879 0.042075 0.090993
0 0.038399 0.541973 0.044935 0.091299
0 0.122958 0.544118 0.038399 0.088235
0 0.160131 0.547947 0.032680 0.093444
0 0.301062 0.547641 0.058824 0.105086
0 0.357843 0.553002 0.050654 0.103554
0 0.416054 0.553462 0.058415 0.103860
0 0.477124 0.555607 0.062092 0.108762
0 0.556577 0.560968 0.051879 0.106005
0 0.614992 0.564032 0.065768 0.111520
0 0.774714 0.561887 0.033905 0.073529
0 0.816585 0.563266 0.047386 0.072610
0 0.862132 0.564951 0.042075 0.077206
0 0.907680 0.567249 0.050654 0.071998
0 0.954861 0.569393 0.042075 0.078738
0 0.081291 0.543964 0.040850 0.087316
0 0.295343 0.439185 0.040850 0.089154
0 0.153799 0.442862 0.038807 0.083027
0 0.113154 0.438572 0.044118 0.081189
0 0.071487 0.331342 0.040850 0.104473
0 0.028799 0.331495 0.044526 0.104167
0 0.987541 0.235294 0.024918 0.080882
0 0.949346 0.235294 0.047386 0.079657
0 0.326389 0.332108 0.039216 0.091299
0 0.853962 0.235447 0.042075 0.077512
0 0.803922 0.237898 0.053922 0.080576
0 0.754085 0.237898 0.044118 0.079963
0 0.669526 0.233303 0.027778 0.078125
0 0.637459 0.224877 0.021650 0.073529
0 0.595588 0.229320 0.046569 0.076287
0 0.540033 0.228401 0.050654 0.082414
0 0.453023 0.230852 0.045752 0.083027
0 0.374387 0.333487 0.045343 0.086703
0 0.414420 0.335938 0.035539 0.083640
0 0.452819 0.336703 0.038807 0.085784
0 0.492647 0.336550 0.035948 0.084865
0 0.537377 0.337929 0.051879 0.088235
0 0.581291 0.335784 0.033497 0.091299
0 0.618464 0.339614 0.037582 0.091605
0 0.658292 0.343903 0.034722 0.079350
0 0.755515 0.350184 0.046977 0.081495
0 0.802900 0.351409 0.048611 0.079044
0 0.847222 0.352175 0.041667 0.080576
0 0.894608 0.352788 0.053105 0.081189
0 0.944240 0.353248 0.043709 0.082721
0 0.984477 0.353248 0.031046 0.082721
0 0.034518 0.439338 0.046977 0.085172
0 0.074142 0.440411 0.033088 0.083027
0 0.989175 0.569240 0.021650 0.077206
0 0.032884 0.645527 0.046977 0.082721
0 0.072304 0.644608 0.032680 0.082721
0 0.104779 0.646906 0.033905 0.085478
0 0.165850 0.819853 0.044118 0.061887
0 0.351716 0.822304 0.081699 0.104167
0 0.436683 0.824602 0.080065 0.100184
0 0.517565 0.827819 0.084967 0.106618
0 0.600490 0.837929 0.078431 0.113358
0 0.724877 0.753523 0.042892 0.094669
0 0.769608 0.757200 0.045752 0.087316
0 0.814134 0.760263 0.042484 0.093444
0 0.121528 0.818474 0.044526 0.060968
0 0.114788 0.334406 0.040850 0.102635
0 0.956495 0.774816 0.045343 0.090686
0 0.713031 0.856311 0.032271 0.072304
0 0.748775 0.860447 0.033497 0.065870
0 0.789216 0.862592 0.043301 0.072610
0 0.831495 0.863511 0.045343 0.071385
0 0.875204 0.867341 0.039624 0.072917
0 0.916667 0.872089 0.045752 0.069547
0 0.963440 0.873009 0.046977 0.071998
0 0.908292 0.771293 0.048611 0.096507
0 0.079657 0.818168 0.037582 0.063419
0 0.861111 0.766697 0.046569 0.087929
0 0.280025 0.334099 0.051879 0.087929
0 0.049224 0.806985 0.018382 0.062500
0 0.139706 0.648897 0.030229 0.080882
0 0.175041 0.655331 0.039624 0.094975
0 0.340278 0.670496 0.089052 0.113051
0 0.431373 0.675398 0.085784 0.105086
0 0.602124 0.689645 0.084967 0.109681
0 0.713031 0.654718 0.041258 0.064951
0 0.754902 0.655637 0.039216 0.063113
0 0.799428 0.658701 0.044935 0.068015
0 0.516544 0.682904 0.083742 0.118873
0 0.888889 0.663756 0.044935 0.073223
0 0.934845 0.669271 0.048611 0.073223
0 0.977328 0.672794 0.036356 0.079657
0 0.010825 0.738817 0.021650 0.059130
0 0.040645 0.740962 0.029820 0.059743
0 0.074142 0.741881 0.036356 0.057904
0 0.108456 0.745864 0.031454 0.064645
0 0.144404 0.748928 0.039624 0.058517
0 0.844567 0.662684 0.042075 0.070466
0 0.178922 0.751532 0.031863 0.064338
