0 0.247255 0.734254 0.187661 0.024709
0 0.932817 0.788639 0.131783 0.029797
0 0.773740 0.786095 0.153424 0.022287
0 0.781977 0.758358 0.182817 0.023498
0 0.789567 0.734254 0.174742 0.024709
0 0.597545 0.789244 0.173127 0.028585
0 0.609819 0.758358 0.151809 0.028343
0 0.609819 0.731831 0.161499 0.022287
0 0.424419 0.764414 0.166667 0.023498
0 0.639535 0.672481 0.164729 0.022287
0 0.812500 0.630935 0.171512 0.025921
0 0.810078 0.664486 0.166667 0.038275
0 0.074935 0.788033 0.140181 0.033430
0 0.250484 0.793605 0.184432 0.027132
0 0.067991 0.749152 0.134044 0.032219
0 0.239826 0.762597 0.186370 0.024709
0 0.432655 0.734859 0.166344 0.028343
0 0.424257 0.793605 0.163114 0.024709
0 0.442506 0.247214 0.173127 0.034641
0 0.636951 0.615552 0.136951 0.022287
0 0.254683 0.676720 0.183140 0.028343
0 0.252907 0.644622 0.173127 0.023256
0 0.254683 0.616158 0.183140 0.030766
0 0.114503 0.655766 0.061047 0.070252
0 0.045381 0.647045 0.073966 0.082849
0 0.836402 0.546996 0.192829 0.060562
0 0.844638 0.496851 0.186047 0.027132
0 0.636951 0.494428 0.199612 0.029554
0 0.633721 0.540698 0.206072 0.058140
0 0.426034 0.550630 0.176357 0.038275
0 0.636143 0.644622 0.171512 0.033430
0 0.436854 0.514293 0.181202 0.022287
0 0.240633 0.547602 0.194444 0.032219
0 0.241441 0.513566 0.189599 0.031008
0 0.226744 0.055111 0.176357 0.048207
0 0.233204 0.097020 0.179587 0.030766
0 0.429264 0.103198 0.173127 0.018411
0 0.434270 0.072311 0.172804 0.030766
0 0.441699 0.042030 0.187661 0.029797
0 0.223999 0.475896 0.177972 0.034641
0 0.455749 0.613130 0.182817 0.019864
0 0.938630 0.763203 0.120155 0.021076
0 0.431040 0.482800 0.192829 0.035853
0 0.940084 0.736071 0.119832 0.021076
0 0.874354 0.410974 0.209302 0.063227
0 0.070575 0.888203 0.139212 0.021076
0 0.922158 0.886991 0.140181 0.025921
0 0.922158 0.844961 0.149871 0.038275
0 0.951550 0.651526 0.096899 0.084060
0 0.830588 0.295422 0.177972 0.032219
0 0.828165 0.257146 0.182817 0.039486
0 0.838017 0.215116 0.183140 0.044574
0 0.631137 0.277495 0.194444 0.028343
0 0.635497 0.244186 0.192829 0.033430
0 0.639535 0.200824 0.187984 0.040698
0 0.645995 0.040819 0.191214 0.037064
0 0.648417 0.079700 0.189599 0.028585
0 0.650194 0.119186 0.196382 0.038275
0 0.854651 0.125969 0.179587 0.024709
0 0.852875 0.096415 0.183140 0.022287
0 0.863695 0.060562 0.197674 0.027132
0 0.233204 0.194767 0.209302 0.038275
0 0.235627 0.226865 0.201227 0.021076
0 0.239664 0.261386 0.209302 0.040698
0 0.440891 0.273740 0.176357 0.018411
0 0.753230 0.890019 0.135013 0.024709
0 0.743379 0.854167 0.151486 0.029554
0 0.447513 0.636628 0.189599 0.024709
0 0.449935 0.671754 0.187984 0.033430
0 0.067183 0.916546 0.132429 0.030766
0 0.230620 0.857800 0.158269 0.024709
0 0.239018 0.908551 0.171189 0.029797
0 0.414567 0.906734 0.156654 0.031008
0 0.414406 0.877059 0.149871 0.021076
0 0.410368 0.847384 0.141796 0.035853
0 0.571059 0.848595 0.163437 0.038275
0 0.072513 0.523498 0.112080 0.087694
0 0.880975 0.361555 0.196059 0.033188
0 0.075904 0.862766 0.135013 0.019622
0 0.438307 0.213299 0.164729 0.028343
0 0.670704 0.354167 0.201227 0.028585
0 0.463986 0.352350 0.183140 0.034641
0 0.459787 0.385053 0.181202 0.030766
0 0.450743 0.416546 0.199289 0.032219
0 0.247255 0.412912 0.197997 0.041909
0 0.240633 0.373304 0.200904 0.029554
0 0.243056 0.336240 0.196059 0.039729
0 0.053295 0.398619 0.104651 0.040940
0 0.582687 0.895591 0.143411 0.031008
0 0.659238 0.408551 0.197674 0.068072
