0 0.100521 0.261133 0.025000 0.044922
0 0.189062 0.549023 0.077083 0.019141
0 0.825781 0.135352 0.027604 0.126953
0 0.053125 0.169531 0.026042 0.089844
0 0.675781 0.139063 0.027604 0.114844
0 0.736979 0.140820 0.012500 0.123047
0 0.752604 0.137305 0.018750 0.121484
0 0.790885 0.134766 0.021354 0.123438
0 0.867448 0.131445 0.036979 0.116797
0 0.910677 0.134570 0.024479 0.118359
0 0.619271 0.147070 0.023958 0.097266
0 0.951562 0.133008 0.026042 0.129297
0 0.175000 0.338867 0.042708 0.058984
0 0.035417 0.304688 0.022917 0.026562
0 0.040365 0.340625 0.017188 0.028906
0 0.031510 0.257812 0.015104 0.055469
0 0.052083 0.259180 0.011458 0.053516
0 0.069531 0.260937 0.017188 0.057031
0 0.166927 0.269531 0.046354 0.071094
0 0.020833 0.168555 0.026042 0.094922
0 0.567708 0.145117 0.019792 0.105859
0 0.502865 0.150781 0.024479 0.109375
0 0.085417 0.165625 0.033333 0.086719
0 0.158073 0.183398 0.031771 0.057422
0 0.194531 0.161328 0.018229 0.094531
0 0.214583 0.163477 0.016667 0.091797
0 0.238021 0.163086 0.018750 0.095703
0 0.266406 0.154102 0.021354 0.104297
0 0.533854 0.149023 0.015625 0.103516
0 0.293229 0.157031 0.020833 0.105469
0 0.333073 0.158398 0.014063 0.091016
0 0.352083 0.160547 0.016667 0.092969
0 0.386979 0.161719 0.035417 0.081250
0 0.429427 0.152734 0.027604 0.101562
0 0.450521 0.151758 0.015625 0.099609
0 0.480208 0.153516 0.016667 0.100781
0 0.320833 0.158008 0.011458 0.087891
0 0.209115 0.278516 0.024479 0.084375
0 0.714063 0.146289 0.020833 0.110547
0 0.260937 0.278125 0.022917 0.081250
0 0.475260 0.285938 0.014063 0.094531
0 0.491406 0.282422 0.015104 0.094531
0 0.503385 0.285547 0.010937 0.095312
0 0.512760 0.286328 0.010937 0.095312
0 0.524219 0.284766 0.010937 0.095312
0 0.550781 0.291406 0.014063 0.093750
0 0.581250 0.279492 0.017708 0.079297
0 0.616406 0.278320 0.021354 0.074609
0 0.650000 0.277148 0.014583 0.074609
0 0.683854 0.280664 0.018750 0.079297
0 0.716406 0.280273 0.032813 0.078516
0 0.751563 0.279492 0.016667 0.079297
0 0.778385 0.294727 0.022396 0.102734
0 0.822396 0.293555 0.020833 0.114453
0 0.854688 0.297070 0.023958 0.114453
0 0.438542 0.282031 0.033333 0.096094
0 0.410938 0.279297 0.012500 0.093750
0 0.393750 0.283789 0.013542 0.094922
0 0.926562 0.559375 0.146875 0.032031
0 0.718750 0.588086 0.027083 0.051172
0 0.676042 0.576367 0.037500 0.051953
0 0.377865 0.282813 0.017188 0.092969
0 0.636979 0.571484 0.039583 0.056250
0 0.551823 0.548828 0.119271 0.028125
0 0.554688 0.579297 0.117708 0.028906
0 0.447135 0.558008 0.084896 0.029297
0 0.891146 0.302930 0.027083 0.112109
0 0.446615 0.529883 0.080729 0.021484
0 0.252344 0.502734 0.076563 0.021875
0 0.252604 0.525195 0.077083 0.019141
0 0.171354 0.512695 0.080208 0.027734
0 0.092448 0.496289 0.069271 0.023828
0 0.025521 0.476562 0.051042 0.042188
0 0.929167 0.487500 0.141667 0.030469
0 0.928385 0.521094 0.143229 0.039844
0 0.350000 0.527930 0.105208 0.058203
0 0.963021 0.296484 0.039583 0.106250
0 0.234115 0.338477 0.052604 0.022266
0 0.233854 0.366016 0.048958 0.027344
0 0.287240 0.440820 0.078646 0.020703
0 0.235156 0.279297 0.022396 0.081250
0 0.290104 0.465625 0.078125 0.025000
0 0.233333 0.432422 0.018750 0.073438
0 0.212760 0.428320 0.016146 0.065234
0 0.161719 0.404492 0.074479 0.017578
0 0.161979 0.426563 0.071875 0.021094
0 0.284375 0.418359 0.072917 0.021094
0 0.164583 0.447852 0.072917 0.020703
0 0.050260 0.392578 0.065104 0.022656
0 0.052865 0.415234 0.064062 0.022656
0 0.054427 0.436523 0.060937 0.019141
0 0.935677 0.406641 0.128646 0.069531
0 0.785417 0.378711 0.154167 0.040234
0 0.786979 0.416406 0.157292 0.034375
0 0.637500 0.341016 0.142708 0.032031
0 0.103906 0.416992 0.025521 0.066797
0 0.795052 0.622656 0.113021 0.034375
0 0.384896 0.476953 0.097917 0.021094
0 0.386719 0.424414 0.098437 0.023828
0 0.308073 0.345898 0.092188 0.023047
0 0.306771 0.373437 0.092708 0.027344
0 0.401042 0.353711 0.085417 0.028516
0 0.501823 0.359375 0.115104 0.028125
0 0.402083 0.380859 0.081250 0.023438
0 0.503906 0.391406 0.108854 0.032031
0 0.775781 0.472656 0.144271 0.032813
0 0.385417 0.451953 0.095833 0.026562
0 0.771354 0.505078 0.145833 0.032031
0 0.636458 0.452930 0.128125 0.033203
0 0.627083 0.490430 0.135417 0.026172
0 0.632031 0.519922 0.125521 0.023438
0 0.517188 0.442969 0.097917 0.025000
0 0.512240 0.470703 0.094271 0.025000
0 0.512760 0.497852 0.092188 0.024609
0 0.451042 0.459570 0.026042 0.080078
0 0.775260 0.536133 0.150521 0.031641
0 0.637240 0.373047 0.135937 0.031250
0 0.796615 0.587305 0.113021 0.030859
0 0.931771 0.610742 0.136458 0.034766
0 0.374740 0.735938 0.103646 0.064062
0 0.271094 0.707617 0.091146 0.052734
0 0.184115 0.693164 0.074479 0.032422
0 0.106510 0.662305 0.069271 0.032422
0 0.033333 0.637695 0.066667 0.059766
0 0.599219 0.802734 0.131771 0.085938
0 0.745573 0.840625 0.154688 0.098437
0 0.908073 0.882031 0.147396 0.078125
0 0.859896 0.766016 0.178125 0.045312
0 0.691146 0.732031 0.147917 0.056250
0 0.557292 0.703125 0.110417 0.056250
0 0.445573 0.675586 0.095312 0.046484
0 0.482031 0.769336 0.097396 0.066016
0 0.349479 0.653906 0.088542 0.048438
0 0.164062 0.615820 0.094792 0.042578
0 0.089063 0.592383 0.050000 0.033984
0 0.030469 0.583789 0.060937 0.023828
0 0.748958 0.675391 0.139583 0.050781
0 0.615625 0.645117 0.114583 0.043359
0 0.492708 0.609375 0.125000 0.029687
0 0.493490 0.636719 0.123438 0.026562
0 0.370833 0.590820 0.098958 0.023047
0 0.374219 0.611719 0.093229 0.017188
0 0.277604 0.570508 0.082292 0.021484
0 0.277604 0.593555 0.085417 0.023828
0 0.191146 0.575000 0.078125 0.021094
0 0.257812 0.635938 0.084375 0.036719
0 0.929688 0.644141 0.140625 0.028906
0 0.635677 0.404687 0.139063 0.030469
0 0.911719 0.705859 0.169271 0.060937
0 0.044271 0.524805 0.050000 0.018359
0 0.109896 0.537695 0.069792 0.017578
0 0.045312 0.544336 0.052083 0.019141
0 0.112240 0.559375 0.071354 0.020313
0 0.297917 0.277734 0.030208 0.085156
0 0.361458 0.281641 0.013542 0.092969
