0 0.030208 0.971094 0.051042 0.033594
0 0.479687 0.662500 0.034375 0.068750
0 0.022396 0.814648 0.044792 0.032422
0 0.396354 0.660742 0.035417 0.072266
0 0.138542 0.791992 0.025000 0.077734
0 0.338542 0.640430 0.060417 0.122266
0 0.219010 0.677344 0.067187 0.042969
0 0.212240 0.486523 0.048438 0.123047
0 0.260156 0.490234 0.045312 0.117188
0 0.437760 0.666602 0.044271 0.065234
0 0.084115 0.940234 0.036979 0.092969
0 0.875260 0.233984 0.014063 0.064062
0 0.227344 0.172852 0.065104 0.050391
0 0.520573 0.666992 0.040104 0.060547
0 0.589063 0.226367 0.247917 0.071484
0 0.674219 0.331836 0.133854 0.056641
0 0.769010 0.333594 0.022396 0.053125
0 0.811458 0.337109 0.020833 0.048438
0 0.854688 0.335938 0.017708 0.046094
0 0.359115 0.352148 0.063021 0.051953
0 0.540625 0.325781 0.096875 0.068750
0 0.445312 0.317578 0.088542 0.061719
0 0.942448 0.233789 0.027604 0.064453
0 0.911198 0.234961 0.016146 0.062109
0 0.130990 0.951172 0.047396 0.077344
0 0.892708 0.233398 0.017708 0.066016
0 0.362500 0.300586 0.066667 0.049609
0 0.360938 0.251563 0.067708 0.045312
0 0.429688 0.254297 0.063542 0.046094
0 0.429167 0.209570 0.062500 0.041016
0 0.364063 0.198047 0.063542 0.057031
0 0.295312 0.195508 0.066667 0.062109
0 0.290625 0.250977 0.066667 0.044922
0 0.292187 0.299609 0.070833 0.046875
0 0.220052 0.298242 0.070312 0.051953
0 0.223958 0.248242 0.066667 0.045703
0 0.225000 0.211328 0.063542 0.024219
0 0.290365 0.351562 0.069271 0.050781
0 0.561198 0.656445 0.034896 0.080078
0 0.084896 0.813477 0.054167 0.037109
0 0.632552 0.652539 0.047396 0.087109
0 0.855469 0.234180 0.025521 0.062891
0 0.958594 0.512305 0.040104 0.072266
0 0.892969 0.506836 0.088021 0.087109
0 0.808854 0.508398 0.070833 0.081641
0 0.722656 0.506055 0.092188 0.091016
0 0.635677 0.503711 0.077604 0.086328
0 0.555729 0.501172 0.081250 0.093750
0 0.495833 0.515430 0.034375 0.069141
0 0.446875 0.504687 0.056250 0.031250
0 0.447656 0.535742 0.054688 0.028516
0 0.392188 0.534180 0.050000 0.030078
0 0.392969 0.500391 0.049479 0.035156
0 0.347135 0.508008 0.038021 0.083203
0 0.304167 0.492969 0.040625 0.114844
0 0.269531 0.764844 0.066146 0.064844
0 0.267188 0.824414 0.061458 0.051953
0 0.211198 0.795508 0.047396 0.106641
0 0.229167 0.953711 0.082292 0.091797
0 0.293229 0.938672 0.042708 0.120313
0 0.593490 0.672461 0.027604 0.047266
0 0.422656 0.934961 0.052604 0.116016
0 0.494792 0.953125 0.084375 0.069531
0 0.563542 0.933594 0.045833 0.085156
0 0.630729 0.948633 0.081250 0.081641
0 0.713021 0.937891 0.073958 0.101562
0 0.803125 0.943359 0.075000 0.083594
0 0.888542 0.932813 0.083333 0.093750
0 0.964063 0.947266 0.053125 0.069531
0 0.981510 0.833984 0.035937 0.094531
0 0.318750 0.804688 0.034375 0.079687
0 0.365625 0.788281 0.048958 0.049219
0 0.356250 0.950000 0.079167 0.086719
0 0.664323 0.785742 0.040104 0.111328
0 0.559115 0.792383 0.048438 0.033203
0 0.614583 0.759180 0.055208 0.059766
0 0.613021 0.813281 0.056250 0.047656
0 0.437760 0.771875 0.083854 0.079687
0 0.722656 0.766016 0.073438 0.084375
0 0.802865 0.804883 0.082812 0.061328
0 0.883073 0.803516 0.078646 0.062500
0 0.801302 0.639648 0.048438 0.111328
0 0.747396 0.647461 0.050000 0.093359
0 0.689063 0.680078 0.060417 0.024219
0 0.364844 0.828906 0.050521 0.032031
0 0.556771 0.825977 0.045833 0.030859
0 0.505469 0.788086 0.050521 0.105859
