0 0.504085 0.541973 0.013072 0.101716
0 0.782680 0.542586 0.016340 0.105392
0 0.742443 0.565411 0.030637 0.101409
0 0.692198 0.565104 0.020833 0.105699
0 0.524918 0.521599 0.013889 0.063419
0 0.611928 0.531710 0.021242 0.095282
0 0.550449 0.550092 0.017565 0.101409
0 0.817810 0.545650 0.023693 0.106618
0 0.658497 0.556373 0.022876 0.106618
0 0.898489 0.538603 0.134395 0.028799
0 0.320466 0.181526 0.014297 0.133885
0 0.972426 0.520833 0.012663 0.066176
0 0.477941 0.190104 0.014706 0.122855
0 0.498570 0.191483 0.018382 0.120711
0 0.443219 0.193168 0.014706 0.131434
0 0.426062 0.193168 0.017974 0.128983
0 0.387868 0.201593 0.016748 0.126838
0 0.368668 0.200368 0.016748 0.122549
0 0.480596 0.540288 0.010212 0.098346
0 0.283292 0.202512 0.021650 0.109681
0 0.263072 0.201593 0.013072 0.112745
0 0.214052 0.185049 0.031863 0.126838
0 0.188113 0.197304 0.017565 0.118260
0 0.168301 0.194393 0.018791 0.122243
0 0.124183 0.197763 0.034314 0.119179
0 0.079657 0.211244 0.023693 0.120404
0 0.057190 0.206955 0.017157 0.121017
0 0.032475 0.192708 0.020833 0.125613
0 0.008578 0.189185 0.017157 0.116115
0 0.957108 0.506127 0.012255 0.036765
0 0.943627 0.505362 0.013072 0.036458
0 0.892157 0.586244 0.112745 0.013174
0 0.463440 0.540594 0.020016 0.101409
0 0.153595 0.539828 0.011438 0.073529
0 0.383170 0.543964 0.029412 0.103248
0 0.270629 0.722580 0.018382 0.097120
0 0.296364 0.723805 0.020016 0.097120
0 0.319036 0.725950 0.021242 0.096507
0 0.342320 0.725950 0.022059 0.094056
0 0.389910 0.709712 0.015114 0.097120
0 0.409109 0.707261 0.018382 0.108762
0 0.172590 0.704810 0.027369 0.108762
0 0.441993 0.704657 0.021242 0.091912
0 0.532680 0.721967 0.020425 0.095895
0 0.559641 0.722426 0.020425 0.098652
0 0.618056 0.722733 0.021242 0.094975
0 0.643178 0.721201 0.024101 0.096201
0 0.675041 0.718597 0.018382 0.100797
0 0.727328 0.696078 0.015931 0.086397
0 0.506332 0.718750 0.017565 0.098652
0 0.214257 0.720741 0.015931 0.083640
0 0.195670 0.719363 0.019608 0.080882
0 0.150531 0.715074 0.014297 0.086397
0 0.358660 0.543658 0.012255 0.102635
0 0.329248 0.555607 0.016340 0.093444
0 0.311683 0.555147 0.015523 0.094975
0 0.258783 0.545343 0.013480 0.108456
0 0.241013 0.550858 0.019608 0.102941
0 0.205065 0.573989 0.041667 0.108762
0 0.168505 0.552237 0.015931 0.100797
0 0.540237 0.190717 0.025735 0.124081
0 0.122753 0.550858 0.015931 0.102941
0 0.107639 0.547335 0.013480 0.093444
0 0.063317 0.543352 0.031863 0.102022
0 0.013480 0.559743 0.026961 0.101716
0 0.048611 0.722886 0.018791 0.087929
0 0.074755 0.724877 0.020425 0.085172
0 0.100899 0.722886 0.018791 0.085478
0 0.418913 0.546722 0.019199 0.101409
0 0.579248 0.160999 0.018791 0.125919
0 0.281046 0.378370 0.011438 0.100490
0 0.643178 0.197151 0.014297 0.115502
0 0.459967 0.865962 0.022876 0.083640
0 0.435866 0.866422 0.018791 0.082108
0 0.414011 0.867494 0.021650 0.084252
0 0.363562 0.870404 0.018791 0.087623
0 0.340482 0.872089 0.016748 0.084252
0 0.317198 0.873009 0.017565 0.086091
0 0.515319 0.857537 0.020016 0.083333
0 0.294526 0.875613 0.022059 0.091299
0 0.245098 0.869638 0.021242 0.086091
0 0.211193 0.838388 0.016340 0.094669
0 0.144812 0.880055 0.019199 0.095282
0 0.121119 0.878676 0.021650 0.094975
0 0.099469 0.878676 0.019199 0.094975
0 0.885008 0.384344 0.022467 0.088542
0 0.190359 0.872396 0.022059 0.084865
0 0.904208 0.371324 0.011029 0.112132
0 0.538194 0.856464 0.017565 0.083640
0 0.613766 0.880668 0.024918 0.094056
0 0.748979 0.696998 0.018382 0.090686
0 0.771446 0.692555 0.015931 0.086703
0 0.852124 0.701440 0.022876 0.089767
0 0.967933 0.689645 0.024101 0.099265
0 0.921569 0.865043 0.017157 0.084252
0 0.898897 0.859988 0.019199 0.085784
0 0.561683 0.858150 0.017974 0.084559
0 0.843954 0.849418 0.019608 0.086091
0 0.797590 0.839308 0.023284 0.087316
0 0.769199 0.863817 0.014706 0.095895
0 0.743873 0.863971 0.020425 0.093750
0 0.718137 0.865043 0.019608 0.093444
0 0.670139 0.877451 0.024101 0.087623
0 0.641953 0.879136 0.027369 0.089154
0 0.820466 0.845282 0.019199 0.082721
0 0.919118 0.370098 0.015523 0.109681
0 0.838848 0.375766 0.015114 0.104473
0 0.803105 0.386795 0.019608 0.121630
0 0.164011 0.377145 0.019199 0.109681
0 0.143382 0.376379 0.018791 0.108150
0 0.092729 0.387102 0.026961 0.111213
0 0.049428 0.376379 0.026144 0.115502
0 0.983660 0.185202 0.012255 0.120404
0 0.965482 0.202206 0.021650 0.121936
0 0.185662 0.381587 0.015931 0.109375
0 0.914624 0.193168 0.028595 0.121630
0 0.832312 0.203585 0.020833 0.124081
0 0.782271 0.201746 0.015523 0.132047
0 0.801471 0.202972 0.016340 0.129596
0 0.761642 0.172028 0.018382 0.122243
0 0.691381 0.192402 0.016748 0.118260
0 0.670752 0.192862 0.018791 0.119179
0 0.852941 0.203738 0.021242 0.126225
0 0.203840 0.380974 0.017157 0.105699
0 0.224673 0.374847 0.011438 0.107537
0 0.240809 0.376838 0.019199 0.109069
0 0.628064 0.364124 0.009395 0.105086
0 0.733047 0.367800 0.017565 0.107537
0 0.687092 0.374234 0.020425 0.111213
0 0.643995 0.368260 0.015931 0.115809
0 0.593750 0.376072 0.022467 0.112439
0 0.550041 0.371324 0.016748 0.107230
0 0.532475 0.369792 0.010212 0.106618
0 0.483864 0.372702 0.026552 0.108150
0 0.455678 0.387714 0.017565 0.106924
0 0.438521 0.386336 0.014297 0.106618
0 0.402778 0.371170 0.015523 0.105086
0 0.386642 0.370098 0.014297 0.104779
0 0.351103 0.378064 0.022467 0.106618
0 0.331087 0.374694 0.015114 0.109069
0 0.296364 0.380362 0.020016 0.102022
0 0.623775 0.195772 0.019608 0.115196
0 0.976103 0.367953 0.019199 0.110907
