0 0.647396 0.804492 0.046875 0.054297
0 0.299740 0.080664 0.055729 0.097266
0 0.367708 0.204297 0.059375 0.069531
0 0.246875 0.203711 0.060417 0.068359
0 0.308073 0.201953 0.056771 0.071875
0 0.195052 0.674414 0.054688 0.045703
0 0.044792 0.755859 0.048958 0.046875
0 0.245052 0.087891 0.053646 0.081250
0 0.702604 0.806250 0.056250 0.055469
0 0.660417 0.625195 0.048958 0.070703
0 0.839583 0.772852 0.067708 0.064453
0 0.912500 0.771680 0.073958 0.064453
0 0.975260 0.770703 0.048438 0.064844
0 0.981771 0.657227 0.036458 0.068359
0 0.923958 0.660742 0.075000 0.069922
0 0.847917 0.659961 0.071875 0.068359
0 0.793750 0.619531 0.030208 0.080469
0 0.764062 0.620898 0.030208 0.083203
0 0.100521 0.756641 0.054167 0.047656
0 0.615104 0.622461 0.042708 0.074609
0 0.769531 0.806641 0.056771 0.053906
0 0.154948 0.754883 0.052604 0.046484
0 0.295573 0.629102 0.044271 0.073047
0 0.291667 0.728516 0.115625 0.065625
0 0.633854 0.314063 0.054167 0.065625
0 0.578385 0.313477 0.056771 0.069922
0 0.520573 0.313672 0.055729 0.067969
0 0.465625 0.321484 0.050000 0.053906
0 0.415625 0.320898 0.051042 0.049609
0 0.363802 0.320508 0.051562 0.053516
0 0.310156 0.311328 0.054688 0.070312
0 0.253125 0.310742 0.058333 0.069141
0 0.134115 0.287695 0.072396 0.108203
0 0.196354 0.296484 0.047917 0.109375
0 0.096615 0.404883 0.038021 0.103516
0 0.144792 0.413477 0.055208 0.111328
0 0.197396 0.412891 0.046875 0.103125
0 0.251302 0.419727 0.050521 0.057422
0 0.308073 0.416406 0.056771 0.062500
0 0.688542 0.315234 0.054167 0.066406
0 0.208333 0.752930 0.047917 0.046484
0 0.793750 0.340234 0.086458 0.061719
0 0.690885 0.207617 0.054688 0.066797
0 0.412240 0.725195 0.123438 0.074609
0 0.523438 0.733398 0.092708 0.040234
0 0.628906 0.719922 0.116146 0.069531
0 0.737500 0.716016 0.098958 0.071875
0 0.252344 0.627734 0.042188 0.082812
0 0.339844 0.626367 0.041146 0.077734
0 0.381510 0.633984 0.039062 0.059375
0 0.419271 0.622852 0.036458 0.083203
0 0.464323 0.618750 0.053646 0.090625
0 0.516667 0.618555 0.048958 0.090234
0 0.567708 0.614453 0.048958 0.093750
0 0.444271 0.206641 0.096875 0.064062
0 0.521354 0.206250 0.057292 0.066406
0 0.579167 0.206641 0.055208 0.067187
0 0.634896 0.207617 0.053125 0.064453
0 0.744792 0.200391 0.053125 0.050000
0 0.365365 0.416797 0.055729 0.064844
0 0.636198 0.417969 0.052604 0.063281
0 0.473438 0.417773 0.053125 0.062891
0 0.542188 0.517773 0.032292 0.078516
0 0.497917 0.516797 0.051042 0.078906
0 0.448437 0.521094 0.048958 0.072656
0 0.388281 0.517969 0.068229 0.077344
0 0.318750 0.516406 0.062500 0.078125
0 0.254167 0.516016 0.063542 0.079687
0 0.127344 0.541797 0.080729 0.124219
0 0.579167 0.519336 0.039583 0.071484
0 0.195312 0.535547 0.052083 0.130469
0 0.126823 0.156250 0.073438 0.128906
0 0.205208 0.896289 0.028125 0.044141
0 0.189062 0.139063 0.053125 0.119531
0 0.017969 0.288867 0.033854 0.112109
0 0.050260 0.538281 0.069271 0.135937
0 0.030990 0.680859 0.060937 0.039062
0 0.086458 0.674219 0.050000 0.046094
0 0.057813 0.163086 0.060417 0.123047
0 0.138542 0.673242 0.053125 0.048047
0 0.612760 0.517383 0.024479 0.073047
0 0.680208 0.528516 0.037500 0.054688
0 0.210938 0.831445 0.048958 0.058984
0 0.285677 0.822852 0.096354 0.037109
0 0.382031 0.819922 0.097396 0.040625
0 0.481250 0.817969 0.096875 0.041406
0 0.154427 0.830469 0.053646 0.059375
0 0.098698 0.837695 0.050521 0.042578
0 0.049219 0.838086 0.047396 0.041016
0 0.644010 0.529102 0.033854 0.053516
0 0.021615 0.918750 0.043229 0.060156
0 0.132031 0.928906 0.071354 0.036719
0 0.957552 0.472461 0.083854 0.046484
0 0.959375 0.532031 0.081250 0.069531
0 0.868490 0.531055 0.097396 0.071484
0 0.797656 0.520312 0.044271 0.073438
0 0.749479 0.519531 0.042708 0.071875
0 0.713542 0.528516 0.029167 0.054688
0 0.069792 0.916211 0.047917 0.048047
0 0.283594 0.908789 0.065104 0.085547
0 0.347396 0.907227 0.059375 0.084766
0 0.407813 0.925977 0.057292 0.044922
0 0.951562 0.403711 0.069792 0.039453
0 0.875260 0.407031 0.081771 0.038281
0 0.810937 0.088867 0.055208 0.094922
0 0.755729 0.089453 0.052083 0.096094
0 0.699740 0.086523 0.058854 0.097266
0 0.640625 0.087305 0.055208 0.098828
0 0.583854 0.085742 0.055208 0.098047
0 0.951562 0.334180 0.061458 0.030859
0 0.529167 0.084570 0.050000 0.098047
0 0.418229 0.082227 0.059375 0.098047
0 0.358594 0.080469 0.056771 0.096875
0 0.794531 0.417578 0.047396 0.060156
0 0.744531 0.417969 0.048438 0.063281
0 0.690885 0.417383 0.054688 0.061328
0 0.582552 0.418555 0.052604 0.063672
0 0.527865 0.418555 0.053646 0.061328
0 0.475521 0.085352 0.054167 0.097266
0 0.890625 0.331445 0.050000 0.037109
0 0.776302 0.257422 0.102604 0.060156
0 0.950000 0.270508 0.075000 0.045703
0 0.469010 0.909180 0.060937 0.079297
0 0.523698 0.901367 0.045312 0.090234
0 0.571615 0.894531 0.046354 0.096875
0 0.620052 0.892773 0.045312 0.098047
0 0.666667 0.893555 0.043750 0.101953
0 0.711719 0.890430 0.042188 0.098047
0 0.760677 0.892188 0.052604 0.099219
0 0.834115 0.906445 0.091146 0.061328
0 0.927083 0.904687 0.090625 0.060937
0 0.902604 0.066211 0.092708 0.051953
0 0.900781 0.120313 0.092188 0.053125
0 0.975521 0.065430 0.048958 0.055078
0 0.974740 0.121484 0.050521 0.053125
0 0.065625 0.292187 0.058333 0.105469
0 0.877344 0.216406 0.070312 0.053906
0 0.880469 0.267773 0.060937 0.048828
0 0.951302 0.218164 0.070312 0.052734
0 0.419792 0.416406 0.050000 0.064844
0 0.717187 0.625000 0.060417 0.072656
