0 0.171364 0.086703 0.042892 0.070466
0 0.870711 0.489277 0.063317 0.080270
0 0.231209 0.695925 0.052288 0.038909
0 0.227328 0.655178 0.060049 0.037684
0 0.328227 0.696385 0.055964 0.032475
0 0.331699 0.661612 0.047386 0.024816
0 0.386438 0.669730 0.058824 0.031250
0 0.386234 0.699295 0.058415 0.026654
0 0.444240 0.698070 0.055964 0.029105
0 0.443627 0.668352 0.053105 0.030944
0 0.506536 0.681832 0.055556 0.055453
0 0.565972 0.682598 0.060866 0.054534
0 0.626838 0.679841 0.055964 0.056373
0 0.171773 0.696538 0.060866 0.040748
0 0.860090 0.679381 0.092729 0.055453
0 0.740809 0.740349 0.094363 0.068321
0 0.892565 0.584712 0.091503 0.095895
0 0.792279 0.498162 0.090278 0.086397
0 0.791054 0.585478 0.084559 0.085172
0 0.702410 0.590686 0.087010 0.088848
0 0.696895 0.501225 0.070261 0.085172
0 0.897467 0.393229 0.098039 0.063419
0 0.898897 0.328891 0.095180 0.062806
0 0.801266 0.395374 0.089461 0.063419
0 0.706495 0.395680 0.089461 0.056679
0 0.686683 0.333946 0.099673 0.061275
0 0.862745 0.742034 0.094771 0.069240
0 0.600490 0.343444 0.041667 0.078431
0 0.167892 0.655331 0.054739 0.039828
0 0.115605 0.673254 0.044935 0.058517
0 0.905025 0.894914 0.053513 0.050245
0 0.846814 0.895374 0.047386 0.049326
0 0.908905 0.836857 0.058007 0.060968
0 0.850694 0.836244 0.055147 0.065870
0 0.714869 0.875306 0.067810 0.088235
0 0.641136 0.885263 0.075572 0.078738
0 0.565359 0.886642 0.071895 0.087010
0 0.492034 0.883119 0.067402 0.090993
0 0.423611 0.884191 0.063725 0.087010
0 0.358864 0.885723 0.060866 0.083946
0 0.297386 0.881281 0.058007 0.085478
0 0.055556 0.683517 0.057190 0.066176
0 0.234886 0.883732 0.065359 0.082414
0 0.106413 0.886949 0.060866 0.082108
0 0.645833 0.773284 0.043301 0.087010
0 0.521038 0.776348 0.046977 0.080270
0 0.474060 0.775429 0.044526 0.083946
0 0.429534 0.775735 0.040441 0.083333
0 0.385621 0.776961 0.044935 0.087010
0 0.338848 0.777114 0.042892 0.087929
0 0.296364 0.783854 0.039624 0.076900
0 0.254493 0.786458 0.044935 0.077819
0 0.170139 0.790594 0.049428 0.078738
0 0.043505 0.786765 0.051879 0.075980
0 0.167688 0.886949 0.060866 0.083946
0 0.510008 0.342065 0.062500 0.082414
0 0.799632 0.330576 0.095180 0.061887
0 0.370915 0.341452 0.059641 0.083640
0 0.701389 0.028646 0.084967 0.056679
0 0.761846 0.070925 0.035948 0.076287
0 0.442402 0.341605 0.060458 0.087010
0 0.631944 0.071691 0.053922 0.027574
0 0.630923 0.100031 0.051879 0.027267
0 0.576593 0.073989 0.044526 0.076900
0 0.525735 0.103554 0.051471 0.017770
0 0.526552 0.082261 0.048203 0.022365
0 0.469975 0.107077 0.058415 0.015012
0 0.467525 0.090227 0.053513 0.016850
0 0.529003 0.057292 0.049837 0.024510
0 0.472835 0.066330 0.048611 0.028493
0 0.407884 0.103248 0.055964 0.023897
0 0.407884 0.075827 0.054330 0.028493
0 0.352737 0.106311 0.049428 0.020833
0 0.351511 0.083180 0.051879 0.024203
0 0.349877 0.057598 0.051879 0.025123
0 0.362132 0.029412 0.054330 0.030637
0 0.287786 0.097426 0.059232 0.038603
0 0.294322 0.058058 0.054330 0.035846
0 0.219975 0.102941 0.049428 0.035539
0 0.220792 0.069393 0.052696 0.029718
0 0.040645 0.085631 0.046160 0.073836
0 0.085989 0.085631 0.036356 0.072610
0 0.128472 0.085478 0.042075 0.071691
0 0.831699 0.041054 0.086601 0.025123
0 0.825572 0.068321 0.083333 0.027574
0 0.701389 0.085784 0.081699 0.050858
0 0.893382 0.063266 0.033497 0.090993
0 0.302288 0.342678 0.058007 0.087316
0 0.220997 0.336703 0.088235 0.097426
0 0.127247 0.341146 0.080474 0.092831
0 0.055760 0.344363 0.057598 0.084559
0 0.183415 0.186275 0.038399 0.047794
0 0.154003 0.242034 0.042484 0.062500
0 0.830065 0.096048 0.080065 0.026042
0 0.238358 0.250306 0.043709 0.045343
0 0.279820 0.184283 0.041667 0.051164
0 0.321283 0.184589 0.035539 0.051777
0 0.279412 0.244638 0.038399 0.060968
0 0.197100 0.257200 0.037173 0.033395
0 0.369077 0.236826 0.055964 0.068627
0 0.925041 0.067402 0.027369 0.080270
0 0.320466 0.242188 0.040441 0.060355
0 0.988154 0.222273 0.023693 0.076900
0 0.944853 0.223652 0.057190 0.079044
0 0.840482 0.236826 0.050245 0.059436
0 0.969975 0.062653 0.060049 0.087929
0 0.622549 0.234988 0.047386 0.072917
0 0.538399 0.240962 0.046569 0.056066
0 0.480392 0.231005 0.053922 0.080882
0 0.425858 0.232230 0.055147 0.078431
0 0.788399 0.237745 0.050654 0.060049
