0 0.492851 0.564798 0.044526 0.087316
0 0.095180 0.172794 0.028595 0.058824
0 0.443015 0.566330 0.044526 0.087316
0 0.396446 0.566023 0.044526 0.087316
0 0.348039 0.566023 0.044118 0.087316
0 0.634804 0.677237 0.046569 0.085478
0 0.583946 0.676930 0.044526 0.087316
0 0.032680 0.175858 0.028595 0.058824
0 0.064134 0.172488 0.028595 0.058824
0 0.126430 0.171569 0.027369 0.059436
0 0.094771 0.268842 0.031046 0.065870
0 0.185866 0.169118 0.022059 0.056985
0 0.028186 0.269761 0.031046 0.065870
0 0.061683 0.270987 0.031046 0.065870
0 0.596609 0.346354 0.038807 0.066483
0 0.127655 0.267923 0.030637 0.065870
0 0.161560 0.267310 0.030637 0.065870
0 0.190768 0.267157 0.026961 0.066176
0 0.007966 0.380208 0.015931 0.070466
0 0.035948 0.376991 0.035131 0.076900
0 0.073529 0.375613 0.035131 0.076593
0 0.109477 0.382812 0.029412 0.060968
0 0.157067 0.171262 0.027369 0.059436
0 0.546569 0.555913 0.044118 0.074449
0 0.456495 0.455423 0.049428 0.089767
0 0.641340 0.569240 0.042484 0.083333
0 0.140931 0.381434 0.029412 0.060662
0 0.591912 0.239890 0.037582 0.074142
0 0.547794 0.241422 0.037582 0.074142
0 0.505719 0.242341 0.037582 0.074142
0 0.464461 0.245098 0.037582 0.074142
0 0.424837 0.245404 0.037582 0.074142
0 0.385212 0.246017 0.037582 0.074142
0 0.343342 0.247549 0.038807 0.074142
0 0.303717 0.248468 0.038807 0.074142
0 0.636846 0.346661 0.038399 0.066483
0 0.595180 0.569547 0.042484 0.083333
0 0.555556 0.347273 0.038399 0.066483
0 0.474060 0.349571 0.038807 0.066176
0 0.634804 0.238971 0.037582 0.074142
0 0.434232 0.350643 0.038399 0.066483
0 0.394608 0.350490 0.038399 0.066176
0 0.353962 0.353248 0.038807 0.066176
0 0.638480 0.452972 0.049020 0.090380
0 0.578636 0.454197 0.049428 0.089767
0 0.511438 0.456189 0.049020 0.090074
0 0.400735 0.454350 0.049020 0.090074
0 0.343137 0.455882 0.049020 0.090074
0 0.515114 0.348192 0.038399 0.066483
0 0.173611 0.382047 0.029412 0.062500
0 0.590686 0.854779 0.049020 0.038603
0 0.012663 0.483609 0.025327 0.062806
0 0.639502 0.767157 0.046160 0.066789
0 0.587418 0.782935 0.045752 0.087316
0 0.539216 0.781097 0.042484 0.088542
0 0.492647 0.780944 0.042484 0.088235
0 0.447304 0.763327 0.045752 0.070159
0 0.397672 0.777114 0.041258 0.084865
0 0.350082 0.776961 0.049020 0.086397
0 0.642974 0.878370 0.045752 0.077206
0 0.536152 0.865043 0.051062 0.060968
0 0.476716 0.875153 0.049837 0.075674
0 0.343342 0.672794 0.049428 0.088848
0 0.426879 0.872243 0.049837 0.075980
0 0.233864 0.829963 0.023284 0.061275
0 0.180964 0.847886 0.035131 0.078125
0 0.149918 0.833793 0.025327 0.075674
0 0.119485 0.834099 0.033088 0.059130
0 0.069649 0.854779 0.034722 0.063113
0 0.031658 0.856464 0.034722 0.059130
0 0.006536 0.857537 0.013072 0.058824
0 0.232639 0.757506 0.016748 0.057904
0 0.205882 0.756434 0.030229 0.058211
0 0.293301 0.145680 0.037582 0.081189
0 0.375613 0.872396 0.043709 0.076287
0 0.393382 0.673713 0.044935 0.087010
0 0.440972 0.674939 0.044526 0.087010
0 0.489175 0.675245 0.044526 0.087010
0 0.043301 0.484835 0.032680 0.059743
0 0.080474 0.483303 0.038399 0.059743
0 0.120098 0.483609 0.038399 0.059743
0 0.158497 0.479013 0.031863 0.059743
0 0.194036 0.482077 0.035948 0.061581
0 0.011846 0.574908 0.023693 0.058517
0 0.043505 0.575214 0.036356 0.060968
0 0.080474 0.573989 0.035948 0.060968
0 0.118668 0.576134 0.036356 0.060968
0 0.160131 0.575521 0.035948 0.060968
0 0.203840 0.573376 0.035948 0.060968
0 0.009395 0.663603 0.018791 0.061887
0 0.037173 0.664828 0.034314 0.060049
0 0.536560 0.675398 0.044526 0.087316
0 0.109477 0.664216 0.034314 0.060049
0 0.182598 0.665901 0.034314 0.059743
0 0.219363 0.666054 0.034314 0.060049
0 0.009804 0.753217 0.019608 0.058517
0 0.036356 0.753064 0.030229 0.058211
0 0.069649 0.753523 0.030637 0.057904
0 0.101307 0.756434 0.030229 0.058211
0 0.136642 0.754136 0.030637 0.057904
0 0.171160 0.755515 0.030229 0.058211
0 0.201593 0.378523 0.022467 0.071998
0 0.334559 0.145680 0.037582 0.081189
0 0.072712 0.665748 0.034314 0.060049
0 0.837010 0.129289 0.049020 0.099877
0 0.827614 0.378676 0.044118 0.105392
0 0.733660 0.385110 0.026144 0.093137
0 0.962827 0.252757 0.047386 0.106005
0 0.910335 0.253064 0.047794 0.106005
0 0.858252 0.254749 0.052288 0.106311
0 0.808415 0.256893 0.040033 0.108150
0 0.980801 0.124387 0.036765 0.099877
0 0.879085 0.376225 0.044118 0.105392
0 0.937092 0.126379 0.046569 0.100184
0 0.783905 0.134344 0.041667 0.089767
0 0.742034 0.136029 0.037173 0.089461
0 0.634804 0.128523 0.037582 0.081189
0 0.593137 0.128523 0.037582 0.081189
0 0.550245 0.130974 0.037582 0.081189
0 0.507761 0.133732 0.037582 0.081189
0 0.462418 0.137714 0.037582 0.081189
0 0.886846 0.128830 0.046569 0.100184
0 0.928922 0.377911 0.044118 0.105086
0 0.976511 0.375613 0.044526 0.105392
0 0.770425 0.503523 0.044118 0.094056
0 0.977533 0.857077 0.044935 0.084865
0 0.926675 0.856311 0.051879 0.082721
0 0.870098 0.853554 0.052288 0.082721
0 0.817606 0.851562 0.051879 0.083027
0 0.758170 0.848958 0.055556 0.082108
0 0.983047 0.733150 0.033905 0.089461
0 0.938317 0.731005 0.053105 0.088848
0 0.879289 0.732996 0.052696 0.089154
0 0.820466 0.728554 0.052696 0.088848
0 0.762459 0.727022 0.052696 0.088848
0 0.885621 0.621783 0.041667 0.083640
0 0.838848 0.619638 0.040441 0.084252
0 0.793913 0.619026 0.040441 0.084252
0 0.747753 0.617494 0.040441 0.084252
0 0.961806 0.502298 0.043709 0.094056
0 0.910539 0.501225 0.044118 0.094363
0 0.817606 0.503830 0.043709 0.094056
0 0.418709 0.141238 0.037582 0.081495
0 0.378676 0.140778 0.037582 0.081189
0 0.863154 0.501838 0.044118 0.094363
