0 0.735703 0.639859 0.047386 0.037071
0 0.724673 0.598039 0.035131 0.030025
0 0.675041 0.435509 0.033905 0.070772
0 0.833946 0.611060 0.051062 0.024203
0 0.835580 0.587316 0.051062 0.019608
0 0.793096 0.648897 0.051062 0.023284
0 0.118260 0.042892 0.034722 0.051471
0 0.161765 0.035233 0.045752 0.068627
0 0.211397 0.037684 0.045343 0.071078
0 0.253064 0.037224 0.035539 0.070159
0 0.294118 0.036765 0.040850 0.071691
0 0.333333 0.036458 0.034314 0.068627
0 0.371528 0.036765 0.039624 0.071691
0 0.415033 0.036918 0.041667 0.069547
0 0.498162 0.022212 0.111520 0.027267
0 0.488971 0.056219 0.084150 0.029718
0 0.580065 0.044884 0.042484 0.053615
0 0.649510 0.037837 0.087418 0.071385
0 0.825163 0.039216 0.081699 0.072304
0 0.902369 0.047947 0.065359 0.059743
0 0.976511 0.195772 0.046977 0.087010
0 0.920956 0.197763 0.054330 0.087316
0 0.858864 0.201593 0.060866 0.082108
0 0.793505 0.200521 0.060866 0.084252
0 0.727737 0.197763 0.060049 0.084865
0 0.076593 0.135723 0.076389 0.028799
0 0.078840 0.163909 0.078431 0.021446
0 0.071078 0.187500 0.082516 0.023897
0 0.065155 0.218597 0.101716 0.032782
0 0.166667 0.219363 0.072712 0.038603
0 0.921160 0.595435 0.046569 0.024816
0 0.851307 0.645680 0.051471 0.022978
0 0.905229 0.645374 0.051471 0.022365
0 0.961806 0.645221 0.051062 0.026348
0 0.835580 0.842831 0.071487 0.072917
0 0.762868 0.838695 0.064951 0.070772
0 0.688521 0.838848 0.063317 0.069240
0 0.619690 0.840839 0.064542 0.068934
0 0.487745 0.806832 0.039216 0.035233
0 0.548407 0.849571 0.067402 0.071691
0 0.431373 0.835784 0.062908 0.084559
0 0.679330 0.603554 0.048203 0.039216
0 0.316381 0.820619 0.042892 0.062806
0 0.267157 0.807751 0.046569 0.038909
0 0.195261 0.811428 0.064542 0.046262
0 0.053922 0.875766 0.107843 0.043199
0 0.898897 0.728860 0.038807 0.064338
0 0.355392 0.210478 0.103758 0.065564
0 0.857435 0.729933 0.038399 0.066483
0 0.775327 0.728248 0.038399 0.064951
0 0.724877 0.719056 0.028186 0.063725
0 0.690155 0.732690 0.035539 0.071998
0 0.648693 0.731924 0.040850 0.066176
0 0.594975 0.730852 0.035539 0.068321
0 0.558211 0.721661 0.027369 0.070772
0 0.483252 0.718137 0.033497 0.070466
0 0.437704 0.731771 0.046977 0.074449
0 0.376838 0.744945 0.058415 0.057904
0 0.316789 0.734375 0.051879 0.055760
0 0.252042 0.721814 0.070261 0.069240
0 0.166462 0.741575 0.080474 0.072610
0 0.964869 0.719822 0.054739 0.073836
0 0.818219 0.726716 0.036765 0.061887
0 0.910539 0.843444 0.071078 0.063725
0 0.427288 0.222120 0.034314 0.033701
0 0.489379 0.156250 0.040033 0.040441
0 0.159518 0.528799 0.086193 0.080882
0 0.232639 0.520987 0.037173 0.065257
0 0.293301 0.525582 0.070261 0.083027
0 0.356005 0.523438 0.047794 0.076900
0 0.429330 0.524357 0.084150 0.071998
0 0.533292 0.526348 0.070670 0.074142
0 0.617034 0.526195 0.056781 0.069547
0 0.690768 0.526042 0.076797 0.077819
0 0.795752 0.526961 0.062092 0.071078
0 0.924020 0.524050 0.063725 0.075674
0 0.980188 0.526195 0.039624 0.069547
0 0.035131 0.645374 0.053105 0.039522
0 0.087623 0.651501 0.044526 0.045650
0 0.022467 0.712010 0.044935 0.064338
0 0.084763 0.715533 0.069853 0.062806
0 0.140319 0.650888 0.053513 0.046262
0 0.158905 0.594975 0.040033 0.030637
0 0.197304 0.625613 0.031863 0.072304
0 0.232026 0.629289 0.030229 0.073529
0 0.264706 0.627451 0.032680 0.069853
0 0.300245 0.626225 0.035948 0.075980
0 0.340074 0.633425 0.038807 0.067096
0 0.383987 0.635417 0.044935 0.058211
0 0.436275 0.638480 0.052288 0.051471
0 0.494281 0.638174 0.058007 0.048407
0 0.565972 0.634651 0.054330 0.045650
0 0.623570 0.635876 0.055964 0.052390
0 0.062296 0.566483 0.087827 0.079657
0 0.057190 0.479320 0.097222 0.079963
0 0.873162 0.421875 0.075572 0.096814
0 0.803922 0.429534 0.050654 0.080270
0 0.506536 0.211550 0.037582 0.061581
0 0.551471 0.204963 0.050654 0.069240
0 0.609681 0.203891 0.055964 0.079963
0 0.667279 0.203738 0.052696 0.079657
0 0.052492 0.369792 0.064951 0.063113
0 0.118260 0.317862 0.060866 0.082414
0 0.178717 0.316483 0.051062 0.075368
0 0.234681 0.319547 0.055147 0.072917
0 0.309845 0.308824 0.069036 0.094363
0 0.373570 0.322610 0.051879 0.072917
0 0.435458 0.307445 0.065359 0.100184
0 0.508578 0.306985 0.069444 0.099265
0 0.575776 0.326134 0.053513 0.056679
0 0.465891 0.225797 0.041258 0.036765
0 0.639706 0.309130 0.067810 0.099265
0 0.758170 0.309896 0.055556 0.092218
0 0.821895 0.308211 0.060458 0.099265
0 0.942402 0.307445 0.058007 0.095895
0 0.944036 0.427390 0.052288 0.082721
0 0.174632 0.420650 0.095180 0.096814
0 0.252655 0.431373 0.040441 0.073529
0 0.302083 0.434436 0.047794 0.077206
0 0.347018 0.426777 0.035539 0.081495
0 0.426879 0.425245 0.113562 0.094975
0 0.516136 0.433364 0.051062 0.075061
0 0.575163 0.434283 0.049837 0.076900
0 0.628676 0.433670 0.049020 0.078125
0 0.741217 0.424632 0.066585 0.098039
0 0.701389 0.326134 0.052288 0.060968
0 0.976103 0.828585 0.047794 0.090993
0 0.369281 0.838695 0.054739 0.087929
0 0.679943 0.641391 0.040441 0.031556
