0 0.729113 0.637718 0.068045 0.026890
0 0.666882 0.636022 0.059001 0.029797
0 0.601206 0.637960 0.072351 0.033672
0 0.535960 0.638566 0.057278 0.032461
0 0.277132 0.640019 0.059862 0.032946
0 0.479543 0.675024 0.059862 0.036095
0 0.412575 0.641473 0.066322 0.033430
0 0.414729 0.676478 0.065461 0.034157
0 0.281438 0.673086 0.064169 0.035126
0 0.346253 0.674055 0.066322 0.034157
0 0.348622 0.639293 0.062446 0.033915
0 0.113910 0.681323 0.066753 0.038033
0 0.731481 0.671996 0.046081 0.034399
0 0.475668 0.640262 0.060724 0.033430
0 0.676141 0.672844 0.067183 0.033188
0 0.432386 0.582243 0.068906 0.037548
0 0.540482 0.673328 0.065461 0.037064
0 0.362834 0.583697 0.071921 0.036579
0 0.184970 0.682534 0.073643 0.034157
0 0.499569 0.589268 0.062016 0.030281
0 0.560939 0.590480 0.063307 0.027374
0 0.561800 0.557534 0.058140 0.033672
0 0.499139 0.557534 0.068906 0.033672
0 0.607020 0.674782 0.069337 0.035610
0 0.427649 0.546027 0.062016 0.039729
0 0.292851 0.548450 0.061154 0.034884
0 0.229328 0.547238 0.062446 0.039244
0 0.168389 0.548450 0.059432 0.042151
0 0.107881 0.549661 0.058140 0.041667
0 0.033592 0.583212 0.064599 0.044331
0 0.033161 0.536701 0.065461 0.051599
0 0.362403 0.547723 0.064169 0.037791
0 0.188415 0.644138 0.070198 0.040213
0 0.737726 0.852955 0.089578 0.045543
0 0.039190 0.654918 0.074935 0.067587
0 0.299311 0.862282 0.070629 0.029312
0 0.375538 0.867611 0.077519 0.023014
0 0.372954 0.844113 0.076658 0.023983
0 0.463394 0.823038 0.092162 0.030281
0 0.459948 0.850170 0.101637 0.021560
0 0.456503 0.868338 0.093023 0.013808
0 0.179371 0.851986 0.059001 0.056686
0 0.555556 0.873183 0.086994 0.014777
0 0.552110 0.833091 0.089578 0.021318
0 0.902885 0.853198 0.058140 0.059109
0 0.824505 0.865189 0.098622 0.027859
0 0.831611 0.882510 0.094746 0.009690
0 0.295435 0.583939 0.061154 0.038517
0 0.639966 0.871245 0.080103 0.020107
0 0.559432 0.852350 0.091301 0.021076
0 0.117140 0.643653 0.072351 0.040213
0 0.119294 0.852471 0.059432 0.055233
0 0.171835 0.811773 0.057709 0.016957
0 0.041774 0.742611 0.082687 0.066134
0 0.133075 0.757994 0.087855 0.043605
0 0.229113 0.753391 0.087855 0.051841
0 0.331611 0.754360 0.078381 0.053295
0 0.413437 0.756056 0.080965 0.056202
0 0.493540 0.754966 0.078381 0.058866
0 0.116925 0.810078 0.050388 0.018411
0 0.561370 0.771197 0.061585 0.031734
0 0.622524 0.734496 0.055556 0.036822
0 0.623816 0.769743 0.057278 0.033672
0 0.824935 0.733527 0.068475 0.032946
0 0.896641 0.736919 0.070629 0.034399
0 0.903101 0.772892 0.074074 0.037548
0 0.047804 0.852713 0.092162 0.060562
0 0.563523 0.737888 0.066753 0.036822
0 0.232773 0.583697 0.063307 0.039002
0 0.826658 0.770228 0.067614 0.037064
0 0.104866 0.585150 0.059001 0.033672
0 0.532084 0.248910 0.066753 0.039971
0 0.460379 0.248425 0.076658 0.038033
0 0.378122 0.249152 0.074074 0.040455
0 0.291559 0.247214 0.080103 0.033188
0 0.217485 0.246487 0.068045 0.035126
0 0.136520 0.179869 0.072351 0.036095
0 0.602929 0.250848 0.071490 0.038033
0 0.137812 0.213663 0.070629 0.030523
0 0.141042 0.285126 0.069337 0.033915
0 0.068906 0.284641 0.074074 0.036822
0 0.064815 0.248183 0.066753 0.036095
0 0.062231 0.212936 0.073643 0.034884
0 0.468992 0.384205 0.080965 0.037306
0 0.395564 0.384205 0.062446 0.039244
0 0.138243 0.247941 0.073213 0.039002
0 0.684755 0.250363 0.073213 0.038033
0 0.758829 0.253028 0.076658 0.033672
0 0.756245 0.286337 0.073213 0.030523
0 0.170543 0.585877 0.063738 0.042393
0 0.642980 0.831638 0.086994 0.020349
0 0.977390 0.117490 0.045220 0.062500
0 0.279716 0.138445 0.096899 0.020107
0 0.282946 0.107922 0.093023 0.040940
0 0.173557 0.121851 0.112834 0.048934
0 0.084410 0.115795 0.066322 0.061531
0 0.847115 0.128634 0.086994 0.043605
0 0.214901 0.283430 0.086133 0.034884
0 0.304048 0.284641 0.091301 0.031977
0 0.386736 0.283915 0.074935 0.031492
0 0.460379 0.284399 0.072351 0.031492
0 0.530792 0.284641 0.068475 0.030039
0 0.603790 0.285368 0.075797 0.028585
0 0.680879 0.285610 0.079242 0.030523
0 0.321059 0.380572 0.075366 0.037306
0 0.250215 0.381541 0.065461 0.036337
0 0.646856 0.851865 0.082687 0.018169
0 0.114556 0.383963 0.071490 0.033915
0 0.238372 0.437379 0.059001 0.036579
0 0.174849 0.439317 0.068045 0.034641
0 0.105297 0.476017 0.066753 0.033430
0 0.105297 0.440528 0.065891 0.037064
0 0.037898 0.454457 0.073213 0.076550
0 0.953058 0.610586 0.093885 0.022045
0 0.301034 0.439317 0.064599 0.039486
0 0.958226 0.562137 0.083549 0.076308
0 0.841085 0.587815 0.066322 0.034157
0 0.649871 0.582122 0.086133 0.049419
0 0.739664 0.583576 0.097761 0.047481
0 0.741817 0.535005 0.093454 0.049661
0 0.652024 0.536579 0.084410 0.046996
0 0.185831 0.381541 0.065030 0.037791
0 0.853144 0.552568 0.068906 0.037791
0 0.366279 0.442224 0.067614 0.034157
0 0.948751 0.632146 0.085271 0.022045
0 0.430663 0.477229 0.063738 0.033430
0 0.181955 0.347020 0.066753 0.037064
0 0.110680 0.345567 0.076658 0.040455
0 0.432386 0.442466 0.062877 0.036095
0 0.254091 0.345325 0.075797 0.033672
0 0.328165 0.346778 0.076658 0.031734
0 0.399871 0.348232 0.065891 0.035126
0 0.689922 0.382994 0.074935 0.039244
0 0.669251 0.436773 0.085271 0.041182
0 0.478898 0.350412 0.082687 0.031734
0 0.754091 0.475775 0.093023 0.035368
0 0.668389 0.476502 0.074935 0.034884
0 0.169681 0.473353 0.056848 0.032946
0 0.234927 0.474322 0.071921 0.034399
0 0.298880 0.475533 0.058570 0.032461
0 0.363264 0.476260 0.071059 0.035368
0 0.754953 0.437984 0.080103 0.042636
