0 0.418913 0.215686 0.035539 0.069240
0 0.377042 0.212776 0.040850 0.079963
0 0.331291 0.213695 0.039216 0.081801
0 0.766340 0.800858 0.035948 0.074142
0 0.306373 0.151501 0.123366 0.032169
0 0.164624 0.149816 0.133987 0.040441
0 0.521242 0.922947 0.044935 0.056679
0 0.682802 0.801317 0.042075 0.070159
0 0.011846 0.914369 0.023693 0.070772
0 0.049020 0.911152 0.027778 0.071078
0 0.081291 0.913603 0.034314 0.064338
0 0.122549 0.911765 0.034314 0.070466
0 0.094363 0.711703 0.034314 0.053922
0 0.054739 0.706189 0.039216 0.055147
0 0.724673 0.799479 0.039216 0.068934
0 0.282271 0.214614 0.049837 0.081801
0 0.415033 0.803615 0.033497 0.074755
0 0.088031 0.223039 0.038807 0.076593
0 0.451797 0.802083 0.033497 0.071691
0 0.487745 0.802083 0.029412 0.071691
0 0.522467 0.802083 0.031046 0.071691
0 0.558415 0.803615 0.032680 0.072304
0 0.594363 0.803156 0.034314 0.073836
0 0.637255 0.801624 0.046569 0.073223
0 0.379698 0.801624 0.030637 0.069547
0 0.155025 0.221354 0.054330 0.073223
0 0.015931 0.709099 0.031863 0.051164
0 0.313930 0.801777 0.029820 0.071078
0 0.285948 0.801930 0.015523 0.076287
0 0.266544 0.805607 0.018382 0.069547
0 0.242034 0.805760 0.023284 0.067402
0 0.195466 0.804534 0.038807 0.069240
0 0.152778 0.806373 0.040033 0.071078
0 0.040237 0.221661 0.048611 0.081189
0 0.346405 0.801164 0.031046 0.069853
0 0.665237 0.606005 0.038807 0.049020
0 0.252247 0.491268 0.043709 0.073836
0 0.566381 0.596048 0.044526 0.069547
0 0.247549 0.915441 0.028595 0.061275
0 0.281250 0.920496 0.028186 0.059130
0 0.313113 0.920037 0.031454 0.063113
0 0.354575 0.921722 0.031046 0.059130
0 0.389093 0.921415 0.033088 0.056066
0 0.424837 0.917739 0.031046 0.056066
0 0.909722 0.479013 0.039216 0.073223
0 0.956291 0.474112 0.051471 0.065870
0 0.263889 0.751838 0.028595 0.026348
0 0.174224 0.455729 0.067402 0.019301
0 0.984477 0.917739 0.027778 0.067708
0 0.713235 0.924939 0.035948 0.049020
0 0.677288 0.926317 0.034314 0.049326
0 0.618056 0.922488 0.040033 0.055760
0 0.568015 0.922794 0.039624 0.058824
0 0.214869 0.918505 0.033497 0.062500
0 0.184641 0.914216 0.023693 0.070466
0 0.156658 0.910386 0.025735 0.070159
0 0.011234 0.606464 0.022467 0.076287
0 0.517565 0.592678 0.047386 0.034007
0 0.167075 0.503523 0.043301 0.064645
0 0.456699 0.603707 0.031046 0.065870
0 0.410948 0.595588 0.048203 0.039828
0 0.347018 0.603860 0.032271 0.063725
0 0.302083 0.600031 0.044526 0.037071
0 0.237745 0.600490 0.027778 0.045343
0 0.623775 0.607077 0.039216 0.048713
0 0.193423 0.601716 0.047794 0.035539
0 0.458129 0.216146 0.033905 0.067708
0 0.092320 0.598192 0.027778 0.076287
0 0.046773 0.607996 0.038807 0.076900
0 0.714461 0.488358 0.028595 0.055760
0 0.753268 0.483915 0.041667 0.065257
0 0.815564 0.481924 0.045343 0.068627
0 0.864175 0.480086 0.049428 0.072917
0 0.124183 0.599724 0.027778 0.079350
0 0.498162 0.212469 0.043709 0.070159
0 0.214665 0.221661 0.055147 0.071385
0 0.591912 0.210938 0.039216 0.067096
0 0.026757 0.502451 0.043709 0.060049
0 0.969158 0.322610 0.061683 0.038603
0 0.972222 0.363971 0.055556 0.040441
0 0.900123 0.324755 0.067402 0.037990
0 0.904412 0.364737 0.072712 0.036458
0 0.831904 0.328278 0.061683 0.037684
0 0.831087 0.366422 0.066585 0.037377
0 0.756944 0.370864 0.040033 0.032169
0 0.714665 0.371936 0.041258 0.034314
0 0.071283 0.501532 0.037173 0.060662
0 0.672181 0.377298 0.039624 0.025429
0 0.578431 0.359681 0.034314 0.064951
0 0.536152 0.361520 0.046160 0.068627
0 0.483252 0.361366 0.049020 0.068321
0 0.430351 0.363817 0.042075 0.068321
0 0.383170 0.364124 0.040850 0.067708
0 0.337214 0.329044 0.041258 0.041667
0 0.289216 0.331036 0.047386 0.036458
0 0.229167 0.335478 0.062092 0.040441
0 0.547181 0.211091 0.042075 0.070466
0 0.621324 0.359222 0.040033 0.068321
0 0.496528 0.486213 0.046977 0.070466
0 0.118260 0.503064 0.044526 0.063725
0 0.217525 0.710478 0.038807 0.046569
0 0.301675 0.488971 0.043709 0.071691
0 0.392974 0.489583 0.044118 0.070466
0 0.444649 0.488511 0.048611 0.073223
0 0.889910 0.690717 0.040441 0.084252
0 0.929126 0.689185 0.029003 0.081189
0 0.843342 0.589308 0.094363 0.078125
0 0.847426 0.690411 0.035539 0.081189
0 0.803922 0.687806 0.037582 0.090074
0 0.748162 0.700521 0.057598 0.055453
0 0.177492 0.712469 0.038807 0.050551
0 0.687296 0.702053 0.057598 0.054228
0 0.606822 0.693934 0.027369 0.073529
0 0.570466 0.695772 0.037990 0.074755
0 0.529820 0.695619 0.040033 0.070159
0 0.487949 0.696078 0.038807 0.068627
0 0.444649 0.696998 0.042075 0.070466
0 0.389910 0.698529 0.031454 0.068627
0 0.346814 0.709099 0.035131 0.046262
0 0.306373 0.708180 0.037582 0.044424
0 0.264502 0.709559 0.039624 0.049632
0 0.638685 0.694700 0.033905 0.075061
0 0.545139 0.486366 0.044526 0.066483
0 0.466708 0.925858 0.041258 0.058211
0 0.593546 0.486060 0.049020 0.068321
0 0.945261 0.589614 0.096405 0.081189
0 0.863766 0.797794 0.148284 0.082108
0 0.678922 0.489277 0.034314 0.057598
0 0.860703 0.909620 0.042484 0.087623
0 0.907271 0.908548 0.040033 0.085478
0 0.949959 0.910846 0.038807 0.080882
0 0.046773 0.806985 0.038807 0.064951
0 0.109886 0.805453 0.034314 0.069240
0 0.151348 0.339308 0.050245 0.035846
0 0.074551 0.352635 0.062500 0.050858
0 0.812908 0.907475 0.043301 0.085784
0 0.989379 0.194853 0.021242 0.075368
0 0.016953 0.366881 0.033905 0.083640
0 0.632557 0.210172 0.033905 0.065564
0 0.675041 0.205116 0.045343 0.070159
0 0.722426 0.203738 0.041258 0.069240
0 0.765727 0.201900 0.041258 0.068015
0 0.640931 0.490043 0.038399 0.056679
0 0.850082 0.199602 0.034314 0.075674
0 0.889297 0.199142 0.035948 0.074755
0 0.926879 0.196538 0.031046 0.073836
0 0.961601 0.196232 0.030229 0.075674
0 0.813113 0.200521 0.037173 0.075061
