0 0.376021 0.100490 0.182598 0.042892
0 0.753881 0.049786 0.190768 0.046875
0 0.561683 0.099571 0.183007 0.041054
0 0.563113 0.052083 0.185866 0.044118
0 0.245302 0.337929 0.078023 0.056985
0 0.329861 0.395221 0.078023 0.049632
0 0.182802 0.056219 0.186683 0.045037
0 0.191176 0.149357 0.180556 0.041973
0 0.193832 0.192862 0.180147 0.040135
0 0.198325 0.236366 0.179330 0.038909
0 0.071895 0.280025 0.066993 0.049020
0 0.138685 0.281403 0.060049 0.049326
0 0.282475 0.281556 0.065768 0.045343
0 0.350899 0.282016 0.065359 0.048713
0 0.076389 0.329504 0.066176 0.047488
0 0.142770 0.331189 0.061683 0.048407
0 0.323325 0.339614 0.077206 0.057904
0 0.083333 0.375919 0.067810 0.039828
0 0.068832 0.405484 0.080474 0.019301
0 0.167075 0.397365 0.081699 0.053922
0 0.250000 0.396446 0.077614 0.054534
0 0.372141 0.053462 0.187908 0.044424
0 0.188521 0.102941 0.185049 0.042892
0 0.420956 0.651042 0.071487 0.042892
0 0.375408 0.147978 0.181373 0.041667
0 0.418301 0.602941 0.074346 0.049632
0 0.493464 0.601409 0.075980 0.049632
0 0.567606 0.602022 0.070670 0.050245
0 0.642565 0.600337 0.070261 0.045037
0 0.718750 0.600490 0.072304 0.047794
0 0.796160 0.598039 0.080065 0.048407
0 0.043913 0.653493 0.074755 0.045343
0 0.341095 0.604013 0.077614 0.047488
0 0.119690 0.653339 0.072712 0.045650
0 0.283497 0.836550 0.067810 0.041360
0 0.211806 0.836397 0.074755 0.042279
0 0.140114 0.835478 0.069444 0.041054
0 0.068015 0.834712 0.065768 0.043811
0 0.637868 0.836857 0.070670 0.043199
0 0.566993 0.835631 0.069444 0.045650
0 0.497141 0.835784 0.067810 0.045343
0 0.352941 0.838082 0.066176 0.040748
0 0.265114 0.602022 0.072712 0.047794
0 0.189951 0.603248 0.075980 0.050858
0 0.112541 0.605545 0.074755 0.048100
0 0.889297 0.446691 0.080882 0.051471
0 0.723856 0.499081 0.075980 0.050858
0 0.801879 0.499387 0.078431 0.051471
0 0.881740 0.500153 0.078023 0.048100
0 0.035131 0.553922 0.070261 0.047794
0 0.111111 0.552390 0.078431 0.049632
0 0.189338 0.552543 0.078023 0.047488
0 0.264297 0.552696 0.071078 0.047794
0 0.340278 0.553768 0.075980 0.049939
0 0.419118 0.551930 0.077614 0.046262
0 0.495507 0.551777 0.073529 0.047794
0 0.570670 0.550858 0.076797 0.046569
0 0.751021 0.097120 0.185049 0.042892
0 0.723039 0.549326 0.074346 0.048407
0 0.799837 0.549786 0.077614 0.046875
0 0.880515 0.548100 0.078840 0.043505
0 0.036969 0.604626 0.073938 0.051164
0 0.427492 0.837163 0.068219 0.041360
0 0.804534 0.445925 0.077206 0.049939
0 0.785131 0.834865 0.067810 0.042892
0 0.786560 0.790748 0.067402 0.044118
0 0.789828 0.696691 0.070670 0.045956
0 0.716095 0.697917 0.070261 0.045956
0 0.641544 0.698989 0.071487 0.045650
0 0.569853 0.697917 0.068627 0.048407
0 0.496732 0.698836 0.072712 0.045343
0 0.423407 0.700214 0.069853 0.048100
0 0.346609 0.700214 0.069853 0.045650
0 0.055964 0.746170 0.073529 0.041360
0 0.273897 0.699449 0.071487 0.046569
0 0.793096 0.648897 0.070670 0.045956
0 0.717116 0.650276 0.072304 0.046262
0 0.643178 0.650429 0.071487 0.046569
0 0.568219 0.649969 0.071895 0.043199
0 0.197100 0.652574 0.074755 0.045956
0 0.270221 0.651808 0.068219 0.046875
0 0.344975 0.652727 0.076389 0.046262
0 0.126021 0.700061 0.220180 0.045343
0 0.129085 0.746477 0.066176 0.044424
0 0.201389 0.745864 0.073529 0.045650
0 0.276348 0.747396 0.069853 0.043811
0 0.715074 0.792433 0.068219 0.043199
0 0.641953 0.791513 0.070670 0.042586
0 0.567198 0.791667 0.069853 0.041667
0 0.496732 0.791820 0.066176 0.041973
0 0.426879 0.792586 0.066993 0.043505
0 0.352328 0.795037 0.074755 0.043505
0 0.276144 0.792739 0.069444 0.042586
0 0.207108 0.791667 0.065359 0.043505
0 0.136234 0.791207 0.070670 0.042586
0 0.063930 0.790135 0.070670 0.042892
0 0.791054 0.744485 0.073121 0.045956
0 0.715686 0.746324 0.069444 0.046569
0 0.643382 0.745404 0.068627 0.042279
0 0.569036 0.746324 0.070261 0.044118
0 0.497141 0.746783 0.070261 0.045037
0 0.423815 0.746783 0.070670 0.045037
0 0.349265 0.747549 0.071895 0.046569
0 0.712418 0.835325 0.069444 0.045037
0 0.725490 0.447457 0.075980 0.050551
0 0.648080 0.551011 0.071487 0.049326
0 0.569240 0.500000 0.073938 0.050245
0 0.377655 0.235294 0.176879 0.039216
0 0.558007 0.233303 0.178922 0.037071
0 0.741626 0.231924 0.178513 0.039216
0 0.420752 0.281556 0.067810 0.047794
0 0.490196 0.279565 0.066176 0.045650
0 0.626225 0.278186 0.066176 0.048407
0 0.699551 0.277114 0.069036 0.048100
0 0.769608 0.277267 0.065359 0.048407
0 0.839869 0.274663 0.068627 0.048100
0 0.495711 0.650888 0.070670 0.045037
0 0.697100 0.326440 0.064134 0.046262
0 0.765319 0.325521 0.069036 0.046875
0 0.837214 0.324602 0.069036 0.047488
0 0.405842 0.338695 0.079657 0.056066
0 0.488562 0.338082 0.078431 0.054841
0 0.561887 0.329504 0.065768 0.047488
0 0.628268 0.327512 0.066993 0.045956
0 0.024714 0.446998 0.049428 0.054534
0 0.094771 0.449755 0.080882 0.050858
0 0.175245 0.451746 0.075163 0.049939
0 0.645833 0.499081 0.073529 0.050858
0 0.744281 0.189185 0.183824 0.042586
0 0.254085 0.451134 0.080065 0.051164
0 0.558007 0.280025 0.066993 0.049020
0 0.409722 0.394608 0.077614 0.053309
0 0.646446 0.446691 0.074755 0.049020
0 0.567810 0.447304 0.077614 0.050245
0 0.489788 0.447304 0.074346 0.050245
0 0.333333 0.448683 0.075163 0.053002
0 0.411560 0.448836 0.074755 0.050858
0 0.335989 0.503217 0.077206 0.049326
0 0.562500 0.143842 0.181373 0.045037
0 0.416054 0.502298 0.073938 0.052390
0 0.376430 0.191789 0.180147 0.040441
0 0.559641 0.190257 0.175654 0.042279
0 0.749592 0.143382 0.184641 0.042279
0 0.179943 0.503523 0.075572 0.045650
0 0.489788 0.392923 0.077614 0.051777
0 0.568423 0.392157 0.075572 0.052696
0 0.648897 0.393689 0.079657 0.053309
0 0.257149 0.503830 0.076389 0.046262
0 0.729779 0.392157 0.077206 0.052696
0 0.492443 0.500153 0.077206 0.053002
0 0.808824 0.390472 0.076797 0.056679
0 0.894404 0.389400 0.081291 0.054534
0 0.030025 0.503064 0.060049 0.049020
0 0.100899 0.502911 0.076797 0.046875
