0 0.520117 0.682292 0.016797 0.068750
0 0.433008 0.741927 0.018359 0.073438
0 0.502344 0.690365 0.014844 0.064062
0 0.485352 0.705469 0.018359 0.067187
0 0.469141 0.717708 0.014063 0.067708
0 0.452539 0.726302 0.016797 0.068229
0 0.416016 0.750260 0.012500 0.074479
0 0.400195 0.761719 0.015234 0.070312
0 0.379297 0.778125 0.022656 0.075000
0 0.627148 0.733333 0.012109 0.056250
0 0.567383 0.781250 0.012891 0.062500
0 0.554492 0.793750 0.012109 0.061458
0 0.540234 0.805208 0.010937 0.060417
0 0.526563 0.819531 0.013281 0.060937
0 0.510352 0.826823 0.016797 0.064062
0 0.492188 0.828646 0.014063 0.086458
0 0.476758 0.842187 0.013672 0.094792
0 0.460156 0.855729 0.017188 0.097917
0 0.443164 0.866406 0.013672 0.106771
0 0.426563 0.879427 0.017969 0.100521
0 0.408398 0.884115 0.019141 0.093229
0 0.378516 0.917448 0.039062 0.107813
0 0.326172 0.948438 0.021094 0.088542
0 0.347070 0.934896 0.020703 0.100000
0 0.274414 0.963281 0.026172 0.066146
0 0.302148 0.956250 0.024609 0.081250
0 0.104688 0.856250 0.061719 0.112500
0 0.101172 0.955990 0.040625 0.082812
0 0.687109 0.378125 0.010937 0.059375
0 0.675391 0.382031 0.008594 0.059896
0 0.615820 0.739844 0.010547 0.050521
0 0.535156 0.674740 0.012500 0.065104
0 0.603516 0.748698 0.012500 0.051562
0 0.579883 0.771354 0.009766 0.050000
0 0.356055 0.788281 0.019141 0.071354
0 0.334180 0.805208 0.023047 0.079167
0 0.310352 0.820052 0.021484 0.090104
0 0.286133 0.836458 0.019922 0.087500
0 0.263281 0.854427 0.023438 0.082812
0 0.236328 0.867969 0.028125 0.083854
0 0.207617 0.883854 0.029297 0.094792
0 0.077734 0.728385 0.053906 0.113021
0 0.725586 0.652083 0.008203 0.050000
0 0.749609 0.629167 0.009375 0.050000
0 0.741992 0.638021 0.008984 0.043750
0 0.732617 0.646354 0.009766 0.041667
0 0.758008 0.626042 0.008984 0.047917
0 0.771094 0.607812 0.010156 0.061458
0 0.706250 0.666927 0.008594 0.047396
0 0.716602 0.655990 0.009766 0.046354
0 0.691992 0.681250 0.011328 0.052083
0 0.678320 0.688281 0.012891 0.060937
0 0.664453 0.700000 0.010156 0.054167
0 0.639258 0.720573 0.009766 0.054688
0 0.652148 0.708854 0.012109 0.053125
0 0.590820 0.758594 0.008984 0.059896
0 0.653125 0.390625 0.011719 0.063542
0 0.656250 0.590365 0.018750 0.059896
0 0.630859 0.397656 0.008594 0.055729
0 0.591211 0.633073 0.014453 0.069271
0 0.610938 0.618490 0.011719 0.054688
0 0.624023 0.610156 0.011328 0.058854
0 0.639648 0.602604 0.017578 0.051042
0 0.715234 0.554948 0.010156 0.043229
0 0.702930 0.564063 0.012109 0.047917
0 0.672070 0.582812 0.011328 0.042708
0 0.683984 0.581771 0.011719 0.042708
0 0.726953 0.550781 0.010937 0.042188
0 0.739453 0.541146 0.009375 0.037500
0 0.757031 0.529948 0.012500 0.045312
0 0.770117 0.517969 0.013672 0.056771
0 0.190430 0.735156 0.032422 0.096354
0 0.224609 0.721875 0.033594 0.092708
0 0.356250 0.651302 0.032031 0.081771
0 0.419336 0.620313 0.019141 0.077083
0 0.445312 0.608854 0.021875 0.080208
0 0.530078 0.566406 0.018750 0.073438
0 0.546094 0.557292 0.011719 0.067708
0 0.558203 0.551302 0.010937 0.061979
0 0.572266 0.543229 0.014063 0.065625
0 0.587695 0.533854 0.012891 0.058333
0 0.600781 0.525781 0.012500 0.058854
0 0.625000 0.513802 0.013281 0.055729
0 0.637695 0.506250 0.012109 0.055208
0 0.576953 0.643750 0.013281 0.064583
0 0.563672 0.652604 0.010937 0.065625
0 0.548828 0.662760 0.015625 0.059896
0 0.770898 0.442448 0.008203 0.039062
0 0.663867 0.386198 0.008984 0.056771
0 0.618750 0.400000 0.010937 0.060417
0 0.606055 0.407031 0.010547 0.072396
0 0.591992 0.412240 0.012891 0.066146
0 0.576367 0.414583 0.016797 0.072917
0 0.515039 0.438021 0.013672 0.070833
0 0.532031 0.433854 0.011719 0.068750
0 0.548438 0.426823 0.016406 0.067187
0 0.498437 0.445312 0.011719 0.078125
0 0.481250 0.451042 0.014844 0.070833
0 0.465430 0.459115 0.017578 0.072396
0 0.446094 0.464323 0.017969 0.068229
0 0.641797 0.392969 0.009375 0.060937
0 0.427148 0.473177 0.017578 0.072396
0 0.386719 0.487500 0.023438 0.077083
0 0.362305 0.496354 0.020703 0.085417
0 0.337891 0.503646 0.021875 0.081250
0 0.316016 0.515365 0.020313 0.082812
0 0.290039 0.521354 0.025391 0.092708
0 0.261328 0.529687 0.025000 0.085417
0 0.046484 0.386979 0.077344 0.136458
0 0.061719 0.550260 0.070312 0.150521
0 0.731641 0.464844 0.008594 0.047396
0 0.740234 0.459635 0.008594 0.042188
0 0.751172 0.453385 0.009375 0.036979
0 0.761719 0.446354 0.009375 0.034375
0 0.408594 0.479687 0.017188 0.080208
0 0.698633 0.374219 0.011328 0.060937
0 0.554102 0.288281 0.016797 0.081771
0 0.724219 0.367188 0.017969 0.061458
0 0.778320 0.241927 0.008984 0.047396
0 0.759766 0.246094 0.008594 0.052604
0 0.134961 0.183333 0.044141 0.134375
0 0.179102 0.180469 0.041797 0.109896
0 0.216602 0.181250 0.031641 0.104167
0 0.252344 0.173698 0.037500 0.098437
0 0.290039 0.171354 0.036328 0.098958
0 0.347266 0.171094 0.028125 0.085938
0 0.376563 0.170833 0.029687 0.085417
0 0.403320 0.169531 0.023047 0.080729
0 0.427734 0.169792 0.023438 0.076042
0 0.452539 0.169792 0.025391 0.079167
0 0.513477 0.151302 0.019141 0.092188
0 0.492578 0.164062 0.021875 0.075000
0 0.472656 0.168490 0.014063 0.078646
0 0.535352 0.157292 0.016797 0.104167
0 0.575781 0.149479 0.017969 0.104167
0 0.553320 0.148438 0.019141 0.109375
0 0.594141 0.148177 0.015625 0.101562
0 0.615430 0.149479 0.015234 0.100000
0 0.630859 0.145313 0.012500 0.091667
0 0.643164 0.145573 0.010547 0.094271
0 0.655469 0.145313 0.010156 0.086458
0 0.665234 0.146094 0.010156 0.088021
0 0.684766 0.146094 0.011719 0.085938
0 0.710547 0.371875 0.010156 0.056250
0 0.140820 0.549219 0.048828 0.065104
0 0.768555 0.245833 0.008984 0.055208
0 0.786719 0.241406 0.009375 0.053646
0 0.674805 0.144271 0.009766 0.087500
0 0.742773 0.250000 0.010547 0.054167
0 0.752734 0.246875 0.009375 0.055208
0 0.781836 0.338281 0.012109 0.050521
0 0.766992 0.346615 0.008984 0.048438
0 0.751367 0.352083 0.009766 0.055208
0 0.741211 0.355990 0.008984 0.053646
0 0.193164 0.359115 0.039453 0.090104
0 0.229883 0.352865 0.033203 0.084896
0 0.263086 0.348438 0.028516 0.092708
0 0.295703 0.340885 0.031250 0.086979
0 0.328125 0.336458 0.025000 0.096875
0 0.352734 0.332292 0.024219 0.093750
0 0.400195 0.322656 0.025391 0.091146
0 0.376367 0.326823 0.018359 0.086979
0 0.424609 0.317969 0.021094 0.085938
0 0.781445 0.434896 0.009766 0.038542
0 0.483203 0.303385 0.015625 0.080729
0 0.503516 0.300260 0.022656 0.081771
0 0.712695 0.255729 0.010547 0.056250
0 0.699219 0.256510 0.010156 0.067187
0 0.689258 0.261979 0.009766 0.064583
0 0.677734 0.264583 0.008594 0.064583
0 0.614258 0.275781 0.014453 0.075521
0 0.723047 0.252865 0.008594 0.055729
0 0.572656 0.284375 0.020313 0.076042
0 0.463281 0.307031 0.018750 0.085938
0 0.598242 0.279167 0.014453 0.069792
0 0.733008 0.251563 0.008984 0.055208
0 0.535547 0.290104 0.017188 0.070833
0 0.720313 0.469010 0.015625 0.047396
0 0.444727 0.313542 0.015234 0.082292
