0 0.838675 0.194231 0.027778 0.040865
0 0.849145 0.559856 0.061538 0.030769
0 0.782265 0.557091 0.050855 0.034375
0 0.732906 0.551683 0.042735 0.049038
0 0.669872 0.771034 0.041453 0.069471
0 0.680342 0.552524 0.054701 0.046394
0 0.622650 0.554207 0.054701 0.046394
0 0.562607 0.552043 0.055128 0.046394
0 0.900427 0.221274 0.019658 0.060817
0 0.805556 0.233894 0.101709 0.031250
0 0.707051 0.209255 0.082479 0.078125
0 0.616880 0.228726 0.065385 0.044952
0 0.543590 0.237500 0.059829 0.028365
0 0.392949 0.219231 0.048291 0.059615
0 0.333761 0.226202 0.058120 0.049519
0 0.277564 0.230769 0.034615 0.039423
0 0.189103 0.224279 0.071368 0.050481
0 0.132906 0.226202 0.031624 0.049519
0 0.082692 0.225481 0.037179 0.048077
0 0.039957 0.223798 0.028632 0.056731
0 0.965812 0.325962 0.068376 0.030769
0 0.909188 0.320192 0.023504 0.038462
0 0.879701 0.321755 0.028632 0.036779
0 0.847863 0.292067 0.035043 0.010577
0 0.848291 0.321034 0.029915 0.041587
0 0.807479 0.321034 0.032906 0.040144
0 0.752564 0.317067 0.064103 0.044712
0 0.701068 0.314784 0.025214 0.054087
0 0.670299 0.315986 0.027778 0.054087
0 0.601923 0.315264 0.032906 0.055529
0 0.837607 0.519832 0.072650 0.022837
0 0.923291 0.553125 0.055128 0.013462
0 0.607051 0.794832 0.075641 0.023798
0 0.603419 0.766106 0.071795 0.026442
0 0.337607 0.679928 0.075214 0.059856
0 0.258120 0.671034 0.071795 0.043990
0 0.873718 0.224880 0.021795 0.049279
0 0.035256 0.554688 0.070513 0.233413
0 0.143162 0.470673 0.069231 0.025481
0 0.288034 0.470673 0.064103 0.030288
0 0.352778 0.475240 0.061966 0.032212
0 0.416239 0.468029 0.054701 0.042308
0 0.477991 0.469231 0.056838 0.041346
0 0.539103 0.467668 0.060256 0.045433
0 0.640171 0.471394 0.060684 0.042788
0 0.146795 0.608654 0.090171 0.039423
0 0.242521 0.604567 0.071368 0.029327
0 0.327350 0.611058 0.075214 0.035096
0 0.558974 0.314183 0.035043 0.060096
0 0.405769 0.613702 0.079060 0.031731
0 0.655556 0.601322 0.070085 0.015625
0 0.746154 0.620553 0.081197 0.030048
0 0.835043 0.623077 0.082051 0.029808
0 0.923504 0.624880 0.090598 0.024279
0 0.978632 0.543389 0.042735 0.062740
0 0.922009 0.569231 0.061966 0.012500
0 0.184829 0.764423 0.041453 0.063462
0 0.241880 0.760457 0.049573 0.056971
0 0.298077 0.756130 0.033761 0.044471
0 0.333761 0.768029 0.032479 0.061058
0 0.373718 0.766827 0.037179 0.063462
0 0.419658 0.767668 0.046154 0.067548
0 0.467094 0.773077 0.037607 0.065385
0 0.529487 0.773918 0.057265 0.022837
0 0.492094 0.614062 0.082479 0.029567
0 0.514530 0.318750 0.027350 0.050000
0 0.442949 0.223317 0.024359 0.055769
0 0.455769 0.320433 0.032906 0.043750
0 0.055128 0.384255 0.033333 0.034856
0 0.106624 0.386178 0.055128 0.036298
0 0.169658 0.387139 0.041026 0.035817
0 0.223932 0.385697 0.051282 0.036779
0 0.297222 0.392188 0.082479 0.029087
0 0.387821 0.391587 0.085897 0.029808
0 0.473077 0.389904 0.076068 0.026923
0 0.564957 0.391466 0.076923 0.025240
0 0.911752 0.373798 0.092735 0.016346
0 0.914744 0.397476 0.089316 0.025240
0 0.819231 0.398558 0.070940 0.023077
0 0.744231 0.397596 0.076496 0.022596
0 0.084829 0.844351 0.041453 0.057933
0 0.717308 0.780048 0.036325 0.059135
0 0.114744 0.543630 0.055983 0.039663
0 0.760043 0.778005 0.036325 0.060337
0 0.430769 0.286538 0.033333 0.014423
0 0.877137 0.781010 0.053419 0.047115
0 0.948504 0.763341 0.067949 0.041587
0 0.954701 0.799639 0.076923 0.029087
0 0.136966 0.841466 0.035470 0.042548
0 0.180983 0.848197 0.042308 0.060817
0 0.235256 0.844712 0.048291 0.063462
0 0.300427 0.849399 0.042735 0.058894
0 0.358120 0.852524 0.042735 0.064663
0 0.414103 0.849519 0.050427 0.070673
0 0.960470 0.883413 0.079060 0.018750
0 0.963675 0.859255 0.071795 0.022356
0 0.894231 0.863341 0.053419 0.064663
0 0.561966 0.859736 0.044444 0.057452
0 0.816667 0.782933 0.055556 0.050481
0 0.174786 0.558293 0.047009 0.010337
0 0.229701 0.540986 0.039744 0.035337
0 0.277137 0.550962 0.050855 0.034615
0 0.420513 0.318510 0.026496 0.049519
0 0.382051 0.319591 0.037607 0.046875
0 0.446154 0.670913 0.066667 0.041827
0 0.525214 0.686298 0.083761 0.068750
0 0.618162 0.696514 0.085043 0.048317
0 0.710043 0.703125 0.085897 0.032212
0 0.746154 0.668870 0.089744 0.031490
0 0.878846 0.702764 0.079915 0.035817
0 0.963675 0.704087 0.072650 0.034135
0 0.330342 0.322356 0.029915 0.042788
0 0.297222 0.319832 0.027778 0.042548
0 0.252137 0.312380 0.039316 0.044471
0 0.195513 0.322115 0.032906 0.037500
0 0.507265 0.541827 0.042735 0.030769
0 0.464316 0.512019 0.064530 0.019231
0 0.443376 0.548558 0.046581 0.039423
0 0.151496 0.321755 0.043162 0.039183
0 0.328205 0.551082 0.047009 0.034375
0 0.382265 0.551923 0.058547 0.039904
0 0.607906 0.861298 0.038889 0.058173
0 0.654701 0.861058 0.041026 0.059135
0 0.736752 0.853365 0.082906 0.022115
0 0.513248 0.861659 0.037607 0.054087
0 0.730128 0.879327 0.070513 0.023077
0 0.834402 0.864543 0.040598 0.047837
0 0.070940 0.764904 0.047863 0.066827
0 0.120085 0.764543 0.045299 0.068029
0 0.657265 0.394351 0.088034 0.029087
0 0.647222 0.373437 0.078205 0.008413
0 0.795513 0.862620 0.038889 0.048317
0 0.468590 0.860216 0.038034 0.056010
