0 0.705265 0.570793 0.074914 0.024760
0 0.241652 0.549399 0.029538 0.064183
0 0.885060 0.721154 0.046661 0.013462
0 0.956978 0.759135 0.059503 0.023077
0 0.902183 0.750240 0.044092 0.012019
0 0.901969 0.764543 0.047945 0.013221
0 0.834546 0.775000 0.075771 0.034135
0 0.758134 0.774760 0.074486 0.035577
0 0.778467 0.734375 0.074058 0.033173
0 0.955908 0.736298 0.061644 0.018269
0 0.677868 0.734736 0.064640 0.033894
0 0.679795 0.770553 0.065068 0.034375
0 0.609803 0.771154 0.063784 0.035577
0 0.529110 0.758173 0.089897 0.021154
0 0.529752 0.781130 0.091182 0.023317
0 0.442423 0.781971 0.080051 0.022596
0 0.441567 0.759615 0.078339 0.019231
0 0.443921 0.735096 0.078767 0.024038
0 0.608519 0.734856 0.065497 0.034135
0 0.959332 0.714543 0.064212 0.023317
0 0.138485 0.884135 0.076627 0.036538
0 0.133776 0.848558 0.075771 0.029808
0 0.270120 0.356611 0.078767 0.034375
0 0.942423 0.879808 0.087757 0.032692
0 0.943921 0.846394 0.090753 0.029808
0 0.863442 0.857332 0.068493 0.024279
0 0.862158 0.884615 0.061644 0.025962
0 0.782962 0.869351 0.083048 0.059856
0 0.692851 0.864663 0.082620 0.071154
0 0.606592 0.866226 0.082192 0.065144
0 0.531892 0.866346 0.062928 0.078846
0 0.463827 0.865986 0.065497 0.078125
0 0.381421 0.887740 0.089041 0.039423
0 0.383990 0.834375 0.077911 0.033654
0 0.289170 0.826562 0.075771 0.013221
0 0.293022 0.854327 0.083476 0.036538
0 0.291310 0.891466 0.080051 0.035337
0 0.213185 0.882452 0.071062 0.037981
0 0.214469 0.845313 0.069349 0.034856
0 0.371789 0.765385 0.057791 0.060577
0 0.310788 0.767308 0.061644 0.059615
0 0.271832 0.723437 0.061644 0.018029
0 0.247003 0.766707 0.060788 0.058413
0 0.978810 0.615264 0.042380 0.067548
0 0.929152 0.615385 0.049229 0.063462
0 0.880779 0.562861 0.054366 0.040625
0 0.821704 0.561659 0.054366 0.045433
0 0.768193 0.554808 0.049229 0.054808
0 0.701841 0.544231 0.076627 0.026442
0 0.612586 0.537260 0.089897 0.028846
0 0.616438 0.569111 0.093322 0.028125
0 0.546875 0.553245 0.039812 0.056010
0 0.510274 0.565024 0.028253 0.033894
0 0.473245 0.566827 0.044092 0.035096
0 0.430009 0.567067 0.038955 0.033173
0 0.472389 0.530048 0.042380 0.032692
0 0.429152 0.532091 0.038955 0.031971
0 0.375000 0.572837 0.064212 0.021635
0 0.315283 0.563341 0.046661 0.034856
0 0.276113 0.549399 0.029110 0.064183
0 0.107449 0.685457 0.032534 0.013221
0 0.207406 0.548438 0.026969 0.067067
0 0.141695 0.685577 0.029966 0.013462
0 0.141695 0.671394 0.029966 0.012500
0 0.118793 0.762620 0.066353 0.066587
0 0.814212 0.672837 0.154110 0.031250
0 0.704409 0.668510 0.061216 0.041346
0 0.640625 0.663462 0.047517 0.053846
0 0.532534 0.674880 0.052226 0.028606
0 0.532320 0.644471 0.051798 0.029808
0 0.466396 0.625481 0.059503 0.040865
0 0.471747 0.667909 0.065068 0.042067
0 0.393836 0.668990 0.060788 0.039904
0 0.396404 0.625120 0.061644 0.041587
0 0.326413 0.653486 0.064640 0.072837
0 0.255351 0.665625 0.065497 0.049038
0 0.187714 0.667909 0.056079 0.042067
0 0.136772 0.645312 0.028682 0.010817
0 0.106592 0.643870 0.029110 0.012740
0 0.138485 0.658173 0.032106 0.011538
0 0.105736 0.657452 0.031678 0.012019
0 0.108305 0.671635 0.032534 0.012981
0 0.585830 0.661538 0.048373 0.054808
0 0.188784 0.354567 0.079623 0.034615
0 0.816995 0.346034 0.049229 0.066106
0 0.961473 0.483654 0.077055 0.029327
0 0.947560 0.519351 0.098031 0.029567
0 0.109375 0.558053 0.050942 0.038221
0 0.177654 0.549880 0.026541 0.065144
0 0.088185 0.251923 0.065925 0.031250
0 0.170377 0.217909 0.066781 0.031971
0 0.086687 0.218029 0.067209 0.032212
0 0.962757 0.147115 0.047089 0.055769
0 0.899615 0.149279 0.062928 0.046154
0 0.813142 0.133654 0.094606 0.022115
0 0.813142 0.159495 0.094606 0.026202
0 0.895334 0.452885 0.046661 0.040865
0 0.708904 0.153365 0.107021 0.031731
0 0.598459 0.129688 0.101884 0.025240
0 0.600171 0.156971 0.097603 0.027404
0 0.499572 0.154688 0.096747 0.024760
0 0.410959 0.104688 0.083048 0.037260
0 0.408818 0.145793 0.082192 0.039183
0 0.330908 0.146034 0.065068 0.032933
0 0.264341 0.145313 0.062928 0.031490
0 0.270334 0.113582 0.062928 0.027644
0 0.191139 0.142067 0.063784 0.036538
0 0.188998 0.103486 0.065497 0.034856
0 0.120505 0.103245 0.066353 0.035817
0 0.706978 0.119111 0.106592 0.031971
0 0.816781 0.456611 0.093322 0.028125
0 0.819563 0.425721 0.095462 0.030288
0 0.748288 0.445913 0.026541 0.052404
0 0.656464 0.319952 0.042380 0.018269
0 0.714897 0.343990 0.045377 0.068750
0 0.765411 0.345313 0.047945 0.064663
0 0.870077 0.346995 0.049229 0.068029
0 0.920805 0.346154 0.044521 0.066346
0 0.970034 0.389062 0.048801 0.076202
0 0.113442 0.437019 0.026541 0.009135
0 0.089469 0.463341 0.044521 0.041587
0 0.173587 0.444471 0.073202 0.051923
0 0.251926 0.416707 0.074914 0.035337
0 0.254281 0.454327 0.079623 0.034615
0 0.336901 0.453726 0.077055 0.035817
0 0.332406 0.417909 0.076627 0.032933
0 0.424658 0.422356 0.089897 0.030288
0 0.642551 0.367188 0.088185 0.023317
0 0.422731 0.454808 0.086045 0.031250
0 0.506207 0.453966 0.068921 0.031971
0 0.318921 0.256971 0.074486 0.029808
0 0.327911 0.222476 0.071918 0.031971
0 0.154752 0.253125 0.064640 0.031250
0 0.563142 0.444111 0.035531 0.055529
0 0.600599 0.444832 0.035103 0.054567
0 0.635274 0.451683 0.028253 0.040385
0 0.676584 0.452644 0.044949 0.038462
0 0.717466 0.444832 0.028253 0.052644
0 0.124144 0.140865 0.068493 0.036538
0 0.066139 0.120192 0.038099 0.073077
0 0.149187 0.550240 0.024401 0.063942
0 0.807363 0.258053 0.099315 0.041106
0 0.643408 0.342788 0.089897 0.022596
0 0.552868 0.319111 0.056079 0.016587
0 0.561644 0.352764 0.069349 0.047356
0 0.490796 0.352524 0.066353 0.046875
0 0.417380 0.351683 0.071062 0.049519
0 0.270548 0.318510 0.079623 0.036058
0 0.397474 0.261899 0.068065 0.023798
0 0.481164 0.253125 0.083904 0.040865
0 0.590753 0.258053 0.111301 0.036779
0 0.346747 0.350120 0.063356 0.046394
0 0.708262 0.215024 0.097175 0.042548
0 0.700557 0.257692 0.098031 0.038462
0 0.905608 0.264423 0.092038 0.031250
0 0.106807 0.351442 0.079195 0.037981
0 0.106592 0.313582 0.078767 0.032933
0 0.189212 0.316947 0.080479 0.035337
0 0.593536 0.219111 0.116866 0.034375
