0 0.193832 0.568168 0.033905 0.119792
0 0.159518 0.579657 0.035539 0.125613
0 0.122549 0.592218 0.034314 0.132966
0 0.082108 0.602941 0.039216 0.134191
0 0.035743 0.612592 0.046160 0.137561
0 0.614379 0.344363 0.013889 0.093750
0 0.628268 0.343137 0.013072 0.093750
0 0.674224 0.335938 0.011846 0.084252
0 0.591095 0.347733 0.017157 0.098039
0 0.316381 0.508425 0.028186 0.087316
0 0.661969 0.337623 0.011029 0.081495
0 0.641544 0.339614 0.013480 0.089154
0 0.343954 0.504289 0.022876 0.085172
0 0.195670 0.712623 0.049020 0.123162
0 0.451797 0.487132 0.017974 0.084559
0 0.476716 0.478401 0.016340 0.082414
0 0.496119 0.475643 0.016748 0.080576
0 0.514706 0.465533 0.015523 0.079963
0 0.529616 0.461091 0.013480 0.073529
0 0.021038 0.796415 0.042075 0.139400
0 0.076185 0.748621 0.046977 0.106311
0 0.138276 0.736673 0.059232 0.129596
0 0.298203 0.631587 0.099673 0.056679
0 0.291871 0.688113 0.110703 0.052696
0 0.405842 0.642310 0.034722 0.042586
0 0.569649 0.347886 0.023284 0.100797
0 0.398489 0.595741 0.029820 0.042586
0 0.426062 0.492953 0.030229 0.091299
0 0.545547 0.349418 0.020016 0.108762
0 0.543913 0.231005 0.021650 0.107230
0 0.497958 0.354167 0.026961 0.120711
0 0.688113 0.247549 0.015114 0.082721
0 0.457108 0.564338 0.070261 0.025735
0 0.671977 0.246477 0.015523 0.087929
0 0.647263 0.240502 0.020833 0.088848
0 0.607435 0.238358 0.014706 0.095588
0 0.588031 0.237592 0.021650 0.100797
0 0.567402 0.233456 0.020425 0.104779
0 0.623775 0.242953 0.016340 0.094975
0 0.521446 0.229013 0.020016 0.110600
0 0.499796 0.226869 0.020833 0.115502
0 0.471609 0.223499 0.032271 0.121017
0 0.442810 0.218137 0.024510 0.128676
0 0.412990 0.216605 0.029412 0.131127
0 0.523489 0.351103 0.020833 0.117034
0 0.385008 0.212010 0.026552 0.140931
0 0.304534 0.200368 0.054330 0.157475
0 0.239379 0.197304 0.071895 0.166667
0 0.137663 0.195312 0.078431 0.167586
0 0.068627 0.194087 0.057190 0.162684
0 0.180964 0.364430 0.058007 0.090993
0 0.229984 0.389706 0.040850 0.162990
0 0.275735 0.381740 0.040033 0.156863
0 0.314747 0.374540 0.034722 0.156556
0 0.346405 0.372855 0.025327 0.150735
0 0.379493 0.367034 0.037582 0.148897
0 0.412173 0.365502 0.025327 0.139093
0 0.441585 0.362439 0.028595 0.129902
0 0.470384 0.358150 0.029003 0.126225
0 0.351511 0.206801 0.039624 0.147672
0 0.443423 0.617494 0.036356 0.048100
0 0.526552 0.658701 0.023693 0.039216
0 0.527778 0.532016 0.061275 0.032169
0 0.446283 0.794884 0.025735 0.030944
0 0.478758 0.731158 0.023693 0.028493
0 0.478758 0.769914 0.023693 0.031250
0 0.504289 0.748928 0.024101 0.041973
0 0.528595 0.694853 0.024510 0.032475
0 0.532067 0.727175 0.021650 0.029718
0 0.503064 0.709099 0.021650 0.029718
0 0.505106 0.680760 0.015931 0.020833
0 0.565564 0.624847 0.020016 0.034620
0 0.535948 0.614124 0.026144 0.019914
0 0.547590 0.641850 0.014297 0.026961
0 0.569444 0.657322 0.016340 0.026654
0 0.549837 0.673713 0.015523 0.028186
0 0.553105 0.705729 0.018791 0.026042
0 0.571691 0.687347 0.016748 0.029105
0 0.585172 0.612439 0.015931 0.030637
0 0.606005 0.599418 0.015931 0.028493
0 0.623162 0.588695 0.011846 0.028493
0 0.586193 0.644761 0.014706 0.021140
0 0.602533 0.660846 0.012255 0.024510
0 0.588644 0.674939 0.013072 0.026348
0 0.621324 0.646906 0.017157 0.023591
0 0.622141 0.619792 0.013072 0.021446
0 0.637663 0.606311 0.012255 0.028186
0 0.636438 0.579810 0.009804 0.024816
0 0.632761 0.554688 0.015523 0.018076
0 0.482639 0.595741 0.031454 0.035846
0 0.449142 0.758119 0.031454 0.036458
0 0.451185 0.717831 0.032271 0.030637
0 0.602941 0.630515 0.013072 0.021446
0 0.485703 0.651195 0.023693 0.041973
0 0.529003 0.569547 0.053922 0.028799
0 0.481413 0.696385 0.018382 0.035539
0 0.581291 0.513480 0.019608 0.031250
0 0.581904 0.544730 0.015931 0.029412
0 0.062092 0.969363 0.075980 0.061275
0 0.139910 0.918505 0.073121 0.064951
0 0.197508 0.823223 0.059232 0.053309
0 0.203636 0.878370 0.049428 0.055147
0 0.211193 0.934743 0.048203 0.057598
0 0.215074 0.982690 0.046160 0.034620
0 0.275327 0.773438 0.049020 0.044424
0 0.272059 0.820159 0.042484 0.041054
0 0.277982 0.867341 0.054330 0.041667
0 0.282271 0.916513 0.046569 0.048100
0 0.141340 0.974724 0.056373 0.044424
0 0.324551 0.795650 0.045343 0.042892
0 0.329248 0.840380 0.044935 0.042892
0 0.335580 0.885876 0.051062 0.035846
0 0.373366 0.719363 0.042484 0.044118
0 0.373570 0.765778 0.043709 0.042586
0 0.371528 0.807904 0.033088 0.036765
0 0.373366 0.850490 0.033497 0.039216
0 0.416667 0.693474 0.034314 0.041973
0 0.411356 0.824908 0.042484 0.045650
0 0.412173 0.736520 0.027778 0.038603
0 0.412582 0.777114 0.037582 0.036458
0 0.454044 0.669271 0.032271 0.045650
0 0.329248 0.750153 0.041667 0.046875
