0 0.484127 0.396825 0.038360 0.017196
0 0.489087 0.446263 0.030423 0.064484
0 0.453373 0.445767 0.035053 0.066138
0 0.415509 0.444775 0.036045 0.066799
0 0.635913 0.438492 0.033069 0.069444
0 0.340443 0.451224 0.038690 0.067791
0 0.297619 0.448578 0.035714 0.072421
0 0.253968 0.449405 0.042989 0.070106
0 0.012566 0.228009 0.025132 0.058532
0 0.377646 0.448082 0.033730 0.073413
0 0.049769 0.227679 0.041336 0.055225
0 0.310185 0.205357 0.017857 0.066138
0 0.141700 0.228836 0.035384 0.052910
0 0.186177 0.233135 0.035714 0.056217
0 0.240575 0.191964 0.038029 0.092923
0 0.281581 0.190146 0.034061 0.095899
0 0.330688 0.203373 0.019180 0.070106
0 0.350694 0.205357 0.016204 0.063492
0 0.369213 0.207011 0.016865 0.062169
0 0.391038 0.203869 0.020833 0.066468
0 0.416667 0.201058 0.023148 0.072090
0 0.443948 0.207837 0.022156 0.063823
0 0.095073 0.228671 0.037368 0.056548
0 0.622024 0.211475 0.020503 0.059193
0 0.452877 0.323247 0.031415 0.068452
0 0.530258 0.398313 0.041997 0.016865
0 0.379960 0.324570 0.025794 0.072421
0 0.347553 0.344081 0.034392 0.036706
0 0.414517 0.325397 0.036706 0.066799
0 0.312500 0.295139 0.035714 0.018188
0 0.309028 0.334325 0.030754 0.056217
0 0.272817 0.338790 0.037698 0.044643
0 0.238922 0.333499 0.025463 0.058532
0 0.599868 0.437996 0.031746 0.071759
0 0.566468 0.440642 0.031746 0.061839
0 0.527943 0.442460 0.040675 0.065476
0 0.526620 0.322751 0.038029 0.073413
0 0.565146 0.323413 0.035714 0.078042
0 0.601852 0.326885 0.032407 0.071098
0 0.638558 0.322255 0.035714 0.069775
0 0.674107 0.325066 0.033399 0.068783
0 0.713790 0.321098 0.039352 0.060847
0 0.752149 0.321098 0.030093 0.058201
0 0.785714 0.320271 0.033069 0.059193
0 0.820106 0.320271 0.031746 0.056548
0 0.852679 0.322586 0.029431 0.051918
0 0.888889 0.317295 0.037698 0.056548
0 0.927745 0.316138 0.036045 0.058862
0 0.993056 0.318452 0.013889 0.058862
0 0.995370 0.206019 0.009259 0.054233
0 0.672619 0.437665 0.033069 0.077050
0 0.488426 0.322421 0.035053 0.072751
0 0.976025 0.432374 0.031415 0.052579
0 0.649140 0.205357 0.025794 0.066138
0 0.899802 0.422288 0.038360 0.076720
0 0.478671 0.774306 0.030754 0.016204
0 0.423280 0.804398 0.036376 0.015542
0 0.435847 0.848380 0.021825 0.008929
0 0.409557 0.852348 0.024140 0.007606
0 0.436508 0.831680 0.023148 0.021164
0 0.409888 0.834491 0.024802 0.023479
0 0.459987 0.796131 0.017857 0.020172
0 0.382937 0.841435 0.022487 0.028108
0 0.314319 0.846561 0.038690 0.026455
0 0.316634 0.798942 0.034061 0.025794
0 0.244709 0.833829 0.064153 0.067791
0 0.177910 0.830026 0.056217 0.085317
0 0.117890 0.835648 0.058532 0.083995
0 0.056878 0.879795 0.053571 0.012897
0 0.355159 0.845238 0.028439 0.034392
0 0.058697 0.867394 0.054563 0.007275
0 0.520337 0.793816 0.022156 0.024802
0 0.463128 0.844907 0.024140 0.011243
0 0.670470 0.829530 0.022817 0.007606
0 0.670139 0.814980 0.022156 0.018188
0 0.642857 0.815642 0.029101 0.020172
0 0.640212 0.832672 0.026455 0.010582
0 0.612434 0.833333 0.025794 0.009259
0 0.610780 0.817626 0.022487 0.017526
0 0.460813 0.829530 0.019511 0.016865
0 0.583995 0.822751 0.027116 0.015212
0 0.570933 0.792493 0.028770 0.016204
0 0.529762 0.822751 0.013889 0.015212
0 0.480655 0.827216 0.013558 0.015542
0 0.503472 0.821759 0.028108 0.013228
0 0.515377 0.841435 0.024802 0.012897
0 0.488591 0.844081 0.022817 0.012235
0 0.554067 0.828373 0.019511 0.023810
0 0.626984 0.785549 0.021825 0.023479
0 0.057870 0.858466 0.054894 0.007275
0 0.939649 0.423776 0.035384 0.071098
0 0.073743 0.350860 0.040344 0.059524
0 0.028935 0.347884 0.039352 0.059524
0 0.966601 0.316799 0.037037 0.058862
0 0.973710 0.206845 0.030093 0.052579
0 0.938161 0.206184 0.029101 0.057870
0 0.901786 0.199239 0.039021 0.065146
0 0.113426 0.350033 0.034392 0.061177
0 0.871362 0.209987 0.015212 0.041667
0 0.852183 0.157573 0.041005 0.021495
0 0.802249 0.160053 0.043651 0.016534
0 0.797784 0.201058 0.036045 0.059524
0 0.762070 0.200893 0.028770 0.059193
0 0.725198 0.199735 0.040344 0.056217
0 0.678406 0.203042 0.026786 0.078704
0 0.843089 0.201058 0.038029 0.062831
0 0.061508 0.822586 0.043651 0.042659
0 0.154762 0.349372 0.043651 0.062500
0 0.022156 0.449405 0.044312 0.048942
0 0.216931 0.682870 0.045635 0.050926
0 0.177745 0.690146 0.025463 0.069444
0 0.136574 0.684358 0.041005 0.041336
0 0.081184 0.697917 0.052579 0.071759
0 0.031415 0.681878 0.032407 0.036376
0 0.210483 0.568948 0.035384 0.054563
0 0.200562 0.348876 0.040013 0.061508
0 0.161872 0.559689 0.039352 0.030754
0 0.074735 0.562500 0.036376 0.030423
0 0.036541 0.563657 0.033399 0.032738
0 0.008598 0.573082 0.017196 0.051587
0 0.192791 0.457837 0.061508 0.074405
0 0.125496 0.462302 0.067791 0.077381
0 0.067460 0.444940 0.037037 0.051918
0 0.117394 0.564153 0.035714 0.037037
0 0.656746 0.789352 0.025794 0.014550
0 0.014054 0.811673 0.022156 0.048611
0 0.600364 0.765542 0.035384 0.011243
0 0.666501 0.546627 0.033399 0.072090
0 0.631779 0.548115 0.031415 0.075066
0 0.596892 0.549107 0.031746 0.073743
0 0.558532 0.549603 0.034392 0.068783
0 0.520007 0.548115 0.034061 0.071759
0 0.482639 0.546958 0.032738 0.077381
0 0.707176 0.544808 0.041336 0.057209
0 0.448909 0.552414 0.032077 0.068452
0 0.373016 0.560185 0.033730 0.071429
0 0.334987 0.552414 0.037037 0.053902
0 0.297454 0.553902 0.035384 0.049603
0 0.992394 0.625496 0.015212 0.073082
0 0.971396 0.641038 0.022156 0.043320
0 0.944610 0.615410 0.027447 0.010582
0 0.410053 0.561673 0.034392 0.069114
0 0.750331 0.543155 0.035714 0.055886
0 0.792328 0.538360 0.037037 0.057540
0 0.829861 0.536541 0.036045 0.061177
0 0.859788 0.425265 0.034392 0.074074
0 0.816468 0.427579 0.045635 0.077381
0 0.766865 0.427579 0.044312 0.075397
0 0.719411 0.427745 0.047288 0.075728
0 0.468585 0.209656 0.022487 0.060847
0 0.496197 0.209491 0.026124 0.067130
0 0.520999 0.210152 0.020833 0.065807
0 0.546792 0.194114 0.023479 0.097884
0 0.570767 0.194775 0.019180 0.093915
0 0.595238 0.203869 0.025132 0.071098
0 0.979497 0.546131 0.032407 0.033399
0 0.947090 0.547454 0.025794 0.030754
0 0.914187 0.536872 0.036045 0.057870
0 0.604001 0.788690 0.021495 0.020503
0 0.872024 0.530754 0.043651 0.067460
0 0.944775 0.642857 0.027116 0.041005
0 0.914517 0.639716 0.030754 0.049934
0 0.255952 0.563492 0.041005 0.068783
0 0.843750 0.644511 0.032738 0.050265
0 0.335317 0.678902 0.031746 0.054894
0 0.369709 0.672619 0.033069 0.070767
0 0.407738 0.669147 0.032407 0.069114
0 0.442460 0.665344 0.035053 0.072751
0 0.880622 0.642857 0.033730 0.053571
0 0.481151 0.664187 0.032407 0.074405
0 0.520337 0.658399 0.034722 0.066138
0 0.809358 0.644841 0.031415 0.057540
0 0.787698 0.596892 0.034392 0.016534
0 0.775794 0.644345 0.031746 0.059854
0 0.742890 0.647983 0.030093 0.051257
0 0.702546 0.604993 0.035384 0.014220
0 0.705522 0.648644 0.041336 0.063823
0 0.666336 0.650463 0.029762 0.062169
0 0.631283 0.654431 0.030423 0.067460
0 0.595569 0.657077 0.035053 0.066138
0 0.298942 0.680721 0.038360 0.057209
0 0.558862 0.660053 0.035053 0.066138
0 0.323909 0.614914 0.051257 0.064484
0 0.566634 0.776290 0.029431 0.011574
0 0.711640 0.776951 0.037698 0.113426
0 0.749669 0.786541 0.031746 0.099537
0 0.784722 0.788856 0.025132 0.088294
0 0.810516 0.788856 0.021825 0.079034
0 0.261243 0.681548 0.030423 0.060185
0 0.868386 0.793816 0.015212 0.067791
0 0.839451 0.795139 0.033399 0.067130
0 0.933201 0.783730 0.031746 0.068783
0 0.964286 0.751653 0.026455 0.109788
0 0.990079 0.755291 0.019841 0.097884
0 0.894180 0.761078 0.033069 0.087632
