0 0.567448 0.670117 0.025521 0.057422
0 0.603385 0.662500 0.026562 0.056250
0 0.635677 0.657031 0.024479 0.054688
0 0.737240 0.633984 0.025521 0.057031
0 0.702865 0.640820 0.027604 0.055859
0 0.774219 0.622266 0.029687 0.052344
0 0.803906 0.613867 0.022396 0.050391
0 0.827344 0.608594 0.017188 0.051562
0 0.880729 0.519141 0.028125 0.047656
0 0.670833 0.646289 0.027083 0.057422
0 0.910417 0.514258 0.023958 0.050391
0 0.424740 0.707227 0.033854 0.066797
0 0.972135 0.498633 0.025521 0.044922
0 0.030729 0.811914 0.032292 0.072266
0 0.072135 0.797852 0.035937 0.068359
0 0.116146 0.788672 0.034375 0.071094
0 0.161458 0.777344 0.044792 0.072656
0 0.208333 0.762500 0.039583 0.060156
0 0.293229 0.741797 0.036458 0.066406
0 0.341406 0.728906 0.036979 0.067187
0 0.378906 0.719336 0.034896 0.064453
0 0.463021 0.699023 0.031250 0.062109
0 0.501302 0.687695 0.030729 0.063672
0 0.535417 0.681055 0.028125 0.062109
0 0.851562 0.601953 0.020833 0.053125
0 0.940885 0.507422 0.027604 0.050781
0 0.875521 0.594531 0.023958 0.054688
0 0.931771 0.680273 0.025000 0.070703
0 0.925781 0.590234 0.019271 0.050781
0 0.845573 0.524805 0.028646 0.051953
0 0.908854 0.685742 0.017708 0.073828
0 0.880208 0.700781 0.033333 0.060937
0 0.846615 0.711914 0.027604 0.066797
0 0.806771 0.722266 0.040625 0.067969
0 0.761198 0.733398 0.022396 0.073828
0 0.734896 0.740039 0.017708 0.074609
0 0.706771 0.768750 0.022917 0.043750
0 0.677083 0.775000 0.020833 0.043750
0 0.647396 0.778320 0.028125 0.058203
0 0.611719 0.790234 0.030729 0.060156
0 0.575000 0.800195 0.031250 0.058203
0 0.900521 0.590234 0.019792 0.053125
0 0.541927 0.808984 0.031771 0.061719
0 0.423438 0.851953 0.025000 0.063281
0 0.389583 0.859961 0.037500 0.060547
0 0.349479 0.877344 0.034375 0.059375
0 0.314063 0.889062 0.027083 0.058594
0 0.274479 0.892188 0.028125 0.086719
0 0.238802 0.902930 0.026562 0.086328
0 0.200781 0.912109 0.040104 0.085938
0 0.155990 0.938281 0.036979 0.060937
0 0.109375 0.954492 0.039583 0.062109
0 0.062500 0.965039 0.041667 0.066797
0 0.982812 0.571289 0.025000 0.053516
0 0.954688 0.579297 0.026042 0.048438
0 0.462500 0.832227 0.042708 0.067578
0 0.812240 0.533008 0.028646 0.054297
0 0.252604 0.753711 0.035417 0.063672
0 0.742708 0.545703 0.030208 0.064844
0 0.145052 0.098828 0.066146 0.094531
0 0.079687 0.100391 0.063542 0.095312
0 0.021875 0.099805 0.043750 0.096484
0 0.783333 0.240430 0.025000 0.073047
0 0.815625 0.240430 0.035417 0.070703
0 0.853906 0.237500 0.035937 0.067187
0 0.208854 0.101953 0.050000 0.093750
0 0.891927 0.233984 0.028646 0.067187
0 0.944792 0.230664 0.025000 0.068359
0 0.972396 0.236133 0.026042 0.055078
0 0.720833 0.242578 0.037500 0.070312
0 0.562760 0.251953 0.034896 0.077344
0 0.603125 0.250586 0.039583 0.076953
0 0.642969 0.248242 0.032813 0.076953
0 0.918750 0.235937 0.020833 0.057031
0 0.681250 0.246289 0.035417 0.070703
0 0.326823 0.101953 0.052604 0.091406
0 0.426563 0.099023 0.043750 0.090234
0 0.935417 0.147070 0.016667 0.042578
0 0.915625 0.147461 0.018750 0.043359
0 0.892708 0.147070 0.020833 0.044922
0 0.867969 0.142578 0.019271 0.057031
0 0.832552 0.135937 0.038021 0.075000
0 0.795052 0.134570 0.029687 0.076953
0 0.378906 0.098047 0.041146 0.085938
0 0.764583 0.106836 0.029167 0.081641
0 0.700521 0.106641 0.038542 0.071875
0 0.654427 0.105664 0.035937 0.067578
0 0.611198 0.104297 0.042188 0.076563
0 0.566927 0.102539 0.040104 0.080078
0 0.525781 0.100586 0.038021 0.091016
0 0.477083 0.099805 0.045833 0.091797
0 0.734896 0.106836 0.025000 0.079297
0 0.321615 0.251563 0.023438 0.112500
0 0.355990 0.248438 0.036979 0.113281
0 0.391927 0.249414 0.029687 0.110547
0 0.558333 0.363477 0.029167 0.074609
0 0.596354 0.358203 0.035417 0.073438
0 0.635677 0.357422 0.036979 0.069531
0 0.670833 0.354102 0.034375 0.073047
0 0.707552 0.347852 0.027604 0.074609
0 0.740625 0.340625 0.032292 0.071875
0 0.518229 0.366016 0.041667 0.075000
0 0.799740 0.333789 0.039062 0.077734
0 0.877604 0.327148 0.028125 0.069141
0 0.908594 0.325391 0.026562 0.067969
0 0.942448 0.323437 0.027604 0.066406
0 0.971615 0.319336 0.030729 0.067578
0 0.779948 0.444141 0.031771 0.060937
0 0.815885 0.438086 0.032813 0.060547
0 0.840885 0.329492 0.038021 0.071484
0 0.476823 0.370898 0.035937 0.077734
0 0.434375 0.377930 0.037500 0.084766
0 0.389844 0.380469 0.038021 0.079687
0 0.425260 0.247656 0.028646 0.107031
0 0.459635 0.247070 0.030729 0.103516
0 0.489583 0.246289 0.022917 0.101953
0 0.777865 0.539844 0.033854 0.057813
0 0.031250 0.250586 0.040625 0.122266
0 0.075260 0.254883 0.034896 0.101953
0 0.115885 0.255078 0.040104 0.100000
0 0.157031 0.252344 0.032813 0.096875
0 0.204948 0.261914 0.042188 0.116016
0 0.253125 0.258398 0.039583 0.118359
0 0.051042 0.411523 0.063542 0.094141
0 0.114062 0.408008 0.055208 0.089453
0 0.176042 0.403906 0.058333 0.090625
0 0.236979 0.392383 0.061458 0.091797
0 0.339323 0.382617 0.048438 0.081641
0 0.956250 0.145898 0.022917 0.047266
0 0.978646 0.129102 0.020833 0.076172
0 0.522917 0.246289 0.035417 0.099609
0 0.852344 0.432227 0.029687 0.058984
0 0.343229 0.507812 0.034375 0.089844
0 0.380208 0.502930 0.028125 0.087109
0 0.413802 0.496094 0.028646 0.083594
0 0.488802 0.482617 0.038021 0.084766
0 0.529687 0.476953 0.036458 0.081250
0 0.570573 0.472656 0.038021 0.079687
0 0.030990 0.690234 0.049479 0.090625
0 0.299219 0.513867 0.042188 0.094922
0 0.094271 0.677539 0.057292 0.081641
0 0.260937 0.645703 0.045833 0.078125
0 0.308854 0.634570 0.038542 0.074609
0 0.345052 0.625195 0.028646 0.077734
0 0.380729 0.617969 0.029167 0.077344
0 0.417187 0.609375 0.028125 0.072656
0 0.451823 0.605859 0.027604 0.075000
0 0.886198 0.426758 0.026562 0.059766
0 0.201563 0.654687 0.047917 0.078906
0 0.249219 0.527148 0.047396 0.083203
0 0.447917 0.491211 0.032292 0.083203
0 0.133594 0.545898 0.052604 0.084766
0 0.711458 0.551172 0.026042 0.064062
0 0.682552 0.559961 0.028646 0.062109
0 0.646615 0.565625 0.033854 0.064062
0 0.190625 0.535352 0.052083 0.082422
0 0.571615 0.576367 0.033854 0.069141
0 0.532031 0.587109 0.031771 0.073438
0 0.494792 0.593945 0.030208 0.070703
0 0.917708 0.421289 0.029167 0.060547
0 0.952344 0.417187 0.024479 0.060156
0 0.608073 0.574609 0.029687 0.067969
0 0.610417 0.467969 0.037500 0.067969
0 0.646354 0.467187 0.033333 0.066406
0 0.682292 0.461328 0.031250 0.066406
0 0.712500 0.456055 0.028125 0.065234
0 0.746094 0.452930 0.030729 0.064453
0 0.073438 0.553320 0.060417 0.082422
0 0.019531 0.561523 0.035937 0.098828
0 0.983073 0.410938 0.025521 0.054688
