0 0.090608 0.789062 0.042769 0.065228
0 0.145944 0.792783 0.056437 0.061260
0 0.243166 0.798983 0.045414 0.059276
0 0.349206 0.793775 0.042328 0.065724
0 0.396164 0.791667 0.039242 0.064484
0 0.451499 0.781870 0.047619 0.053819
0 0.664903 0.801463 0.044092 0.058284
0 0.557540 0.788690 0.039242 0.064484
0 0.602072 0.804563 0.041005 0.053075
0 0.719136 0.798115 0.044974 0.060020
0 0.783289 0.808160 0.060406 0.054315
0 0.848104 0.808284 0.056878 0.046131
0 0.931878 0.720114 0.029541 0.042411
0 0.505511 0.789931 0.048060 0.066964
0 0.904321 0.721974 0.020282 0.043155
0 0.337081 0.703869 0.039242 0.059028
0 0.797178 0.692088 0.042328 0.073165
0 0.944444 0.655630 0.065256 0.037450
0 0.083554 0.690352 0.044533 0.078125
0 0.132275 0.705853 0.049383 0.060020
0 0.188933 0.701637 0.049824 0.062996
0 0.241402 0.697049 0.046296 0.068204
0 0.292769 0.691840 0.042328 0.075149
0 0.859788 0.693824 0.054674 0.073661
0 0.835317 0.768353 0.062169 0.017857
0 0.432760 0.698661 0.045414 0.065972
0 0.503527 0.673735 0.049383 0.047867
0 0.560626 0.691096 0.050705 0.082589
0 0.630511 0.687252 0.046737 0.074901
0 0.682981 0.696181 0.049383 0.075397
0 0.748236 0.688740 0.041446 0.074901
0 0.379409 0.704613 0.041887 0.057540
0 0.917989 0.807788 0.063492 0.030754
0 0.419753 0.900794 0.097002 0.029266
0 0.118166 0.887401 0.072310 0.054563
0 0.280864 0.135665 0.054674 0.058036
0 0.508377 0.898562 0.059083 0.030754
0 0.590168 0.899306 0.073633 0.032242
0 0.684965 0.904638 0.093915 0.028522
0 0.783510 0.904886 0.086420 0.023065
0 0.895062 0.903274 0.068783 0.028274
0 0.510362 0.184524 0.057760 0.077877
0 0.968695 0.898438 0.062610 0.027530
0 0.308642 0.785342 0.028219 0.057788
0 0.035053 0.186136 0.064815 0.066716
0 0.099868 0.200397 0.061287 0.046131
0 0.169974 0.190352 0.042769 0.069692
0 0.221781 0.188864 0.049383 0.069196
0 0.074515 0.133557 0.097884 0.031002
0 0.203924 0.782862 0.023369 0.061260
0 0.559524 0.203869 0.028219 0.044643
0 0.594356 0.199901 0.025573 0.048115
0 0.638007 0.190600 0.046737 0.072669
0 0.201720 0.899678 0.085979 0.021081
0 0.308422 0.901414 0.109788 0.030506
0 0.419753 0.298363 0.024691 0.014385
0 0.433201 0.317460 0.041887 0.018353
0 0.489198 0.302455 0.046296 0.045883
0 0.385582 0.308160 0.033069 0.036954
0 0.304674 0.310888 0.082011 0.033978
0 0.956790 0.563244 0.064374 0.045635
0 0.196649 0.308532 0.101411 0.029266
0 0.123898 0.297991 0.027337 0.057292
0 0.059083 0.280134 0.072310 0.012649
0 0.065917 0.307664 0.080688 0.035962
0 0.925044 0.180680 0.057319 0.095982
0 0.858686 0.180308 0.057760 0.095238
0 0.721340 0.186260 0.044092 0.078373
0 0.044092 0.894717 0.062610 0.025546
0 0.895062 0.604043 0.032628 0.049355
0 0.395503 0.598834 0.027337 0.050843
0 0.811067 0.602679 0.028660 0.044147
0 0.173280 0.368304 0.069665 0.036210
0 0.258818 0.405878 0.082011 0.033482
0 0.348545 0.405506 0.087743 0.030258
0 0.440476 0.404018 0.076720 0.032738
0 0.499339 0.396453 0.025132 0.052331
0 0.523810 0.395337 0.017637 0.050099
0 0.168651 0.406002 0.076279 0.033730
0 0.580247 0.408978 0.084656 0.031250
0 0.690917 0.396453 0.034392 0.055308
0 0.731481 0.397321 0.028219 0.051091
0 0.766534 0.396825 0.026896 0.053075
0 0.804674 0.398934 0.026455 0.054315
0 0.844356 0.398562 0.029101 0.053571
0 0.885582 0.402034 0.033951 0.057540
0 0.648810 0.396949 0.032187 0.053323
0 0.919753 0.402158 0.030864 0.052331
0 0.089727 0.408358 0.061287 0.024058
0 0.951940 0.276290 0.044092 0.016369
0 0.281966 0.195561 0.056878 0.056796
0 0.327601 0.286334 0.075838 0.010665
0 0.221120 0.285466 0.026896 0.008929
0 0.535053 0.305308 0.030423 0.042659
0 0.593034 0.309028 0.033510 0.044643
0 0.637125 0.303819 0.039683 0.048611
0 0.988095 0.297619 0.023810 0.062004
0 0.676367 0.304936 0.020282 0.041915
0 0.734568 0.309152 0.029101 0.038938
0 0.782628 0.305680 0.043210 0.046379
0 0.835758 0.304439 0.041887 0.046875
0 0.888448 0.308904 0.039683 0.041419
0 0.936728 0.308408 0.033951 0.037450
0 0.895062 0.277654 0.037919 0.016617
0 0.701058 0.305928 0.023810 0.041419
0 0.854277 0.604911 0.033069 0.051091
0 0.025573 0.494172 0.051146 0.037450
0 0.195988 0.497272 0.089506 0.029266
0 0.124780 0.602679 0.034392 0.044147
0 0.164021 0.603671 0.030864 0.046131
0 0.206790 0.585813 0.034392 0.076389
0 0.247795 0.585069 0.034392 0.077877
0 0.287257 0.597098 0.026014 0.052827
0 0.317460 0.598834 0.025573 0.050843
0 0.070767 0.605531 0.039242 0.032490
0 0.362434 0.599454 0.028219 0.049107
0 0.571869 0.601190 0.047619 0.055556
0 0.624118 0.602555 0.028660 0.049355
0 0.654541 0.602679 0.023369 0.049603
0 0.680776 0.590402 0.024691 0.048363
0 0.712522 0.591518 0.026455 0.044643
0 0.767416 0.602927 0.028660 0.047123
0 0.459436 0.590526 0.032628 0.037202
0 0.102513 0.496900 0.086861 0.031498
0 0.030864 0.600570 0.030864 0.042411
0 0.862213 0.491443 0.033951 0.051835
0 0.209215 0.462302 0.085097 0.034226
0 0.301367 0.497644 0.085097 0.030010
0 0.336420 0.457837 0.093474 0.028274
0 0.392196 0.498636 0.073633 0.027034
0 0.497795 0.508557 0.089065 0.011161
0 0.494048 0.485863 0.081570 0.023810
0 0.908069 0.494048 0.038360 0.054563
0 0.498898 0.457961 0.085979 0.025546
0 0.652557 0.489211 0.029101 0.050347
0 0.683642 0.490327 0.019841 0.052579
0 0.716711 0.491195 0.024250 0.054315
0 0.747134 0.491071 0.028660 0.054067
0 0.782848 0.491071 0.033951 0.054067
0 0.823633 0.491939 0.028219 0.052827
0 0.587081 0.501240 0.078042 0.031250
0 0.351852 0.174479 0.058201 0.092510
