0 0.420163 0.514904 0.041524 0.027885
0 0.151969 0.274760 0.041952 0.025962
0 0.201413 0.276562 0.052654 0.022356
0 0.246789 0.278726 0.036387 0.025240
0 0.120291 0.324880 0.058219 0.055048
0 0.180865 0.326322 0.062928 0.052163
0 0.123716 0.391827 0.055651 0.048558
0 0.180437 0.391346 0.057791 0.046635
0 0.238656 0.389303 0.058647 0.043990
0 0.316567 0.386178 0.022688 0.057933
0 0.344178 0.386418 0.030822 0.049760
0 0.376284 0.386659 0.030822 0.051683
0 0.413955 0.386779 0.041952 0.051923
0 0.237372 0.324760 0.047517 0.052885
0 0.291738 0.386899 0.028682 0.058413
0 0.575557 0.325240 0.053510 0.051923
0 0.358947 0.328726 0.056079 0.054567
0 0.035317 0.488462 0.036387 0.035096
0 0.007705 0.489063 0.015411 0.029567
0 0.024187 0.524519 0.044092 0.030288
0 0.077269 0.492909 0.036387 0.031490
0 0.119007 0.490264 0.046233 0.036298
0 0.163741 0.489543 0.032962 0.029087
0 0.212115 0.487260 0.035531 0.032692
0 0.254709 0.488822 0.043664 0.035337
0 0.294521 0.488942 0.034247 0.034135
0 0.076413 0.522957 0.037243 0.028606
0 0.121361 0.521034 0.050942 0.025240
0 0.165882 0.518510 0.037243 0.025481
0 0.211687 0.520072 0.038955 0.029567
0 0.255565 0.522476 0.045377 0.030529
0 0.295805 0.523438 0.036815 0.027644
0 0.349529 0.516226 0.032962 0.032452
0 0.381635 0.513341 0.032962 0.029087
0 0.909675 0.396274 0.072774 0.044471
0 0.305009 0.328486 0.051798 0.055048
0 0.834546 0.397115 0.075771 0.045192
0 0.834974 0.352524 0.076627 0.043029
0 0.410103 0.329447 0.047089 0.056971
0 0.482663 0.330889 0.047517 0.055048
0 0.527825 0.328365 0.043664 0.050000
0 0.482663 0.389543 0.047517 0.053125
0 0.525257 0.387260 0.038527 0.048077
0 0.559717 0.381851 0.026113 0.046875
0 0.592038 0.383053 0.030822 0.049279
0 0.483091 0.268269 0.048373 0.058173
0 0.535745 0.267909 0.059503 0.058413
0 0.591182 0.267788 0.050514 0.059135
0 0.414384 0.268630 0.055651 0.059856
0 0.357663 0.268750 0.057791 0.060096
0 0.297945 0.269952 0.061644 0.057212
0 0.654538 0.313582 0.070205 0.054087
0 0.731592 0.310216 0.083904 0.049760
0 0.666738 0.383053 0.082620 0.066106
0 0.746789 0.380288 0.075771 0.060577
0 0.904966 0.351683 0.063356 0.041346
0 0.823844 0.308053 0.075771 0.041106
0 0.598673 0.634495 0.039812 0.031010
0 0.501926 0.502644 0.034675 0.038942
0 0.151755 0.770913 0.124572 0.036058
0 0.150685 0.814904 0.105308 0.032212
0 0.139127 0.895553 0.136986 0.048317
0 0.034675 0.900240 0.065068 0.029327
0 0.135702 0.855889 0.045377 0.017067
0 0.036387 0.864423 0.029966 0.016827
0 0.020548 0.848678 0.036815 0.017067
0 0.159889 0.726202 0.123716 0.032212
0 0.026969 0.738462 0.044521 0.007692
0 0.066995 0.715264 0.035531 0.022837
0 0.021190 0.718750 0.038955 0.013462
0 0.066995 0.685337 0.052654 0.012981
0 0.030394 0.644832 0.030822 0.036298
0 0.006421 0.644231 0.012842 0.039423
0 0.065925 0.578245 0.027397 0.033413
0 0.096318 0.575962 0.024829 0.032692
0 0.068493 0.734135 0.034247 0.013942
0 0.123502 0.581490 0.025257 0.031250
0 0.307363 0.833053 0.127568 0.110817
0 0.483733 0.843029 0.049658 0.064423
0 0.465325 0.503365 0.038527 0.043750
0 0.648330 0.717788 0.048373 0.071154
0 0.702269 0.714423 0.051798 0.067788
0 0.753853 0.712861 0.047089 0.068510
0 0.918450 0.744471 0.060360 0.074038
0 0.858519 0.745433 0.051798 0.077404
0 0.710188 0.781971 0.032534 0.021154
0 0.424872 0.843630 0.055223 0.065625
0 0.926370 0.830048 0.067637 0.072596
0 0.803510 0.827885 0.056507 0.068269
0 0.743151 0.832452 0.059932 0.066346
0 0.596533 0.792909 0.022688 0.023317
0 0.618793 0.838341 0.054366 0.066587
0 0.556293 0.840385 0.053510 0.062500
0 0.516695 0.810216 0.017123 0.010337
0 0.443065 0.797236 0.027397 0.014663
0 0.866224 0.824760 0.054366 0.067308
0 0.070634 0.641466 0.034247 0.033413
0 0.685574 0.830048 0.051798 0.066346
0 0.155608 0.646274 0.083476 0.011779
0 0.841824 0.595433 0.084332 0.097115
0 0.928510 0.592668 0.080479 0.093029
0 0.934075 0.472837 0.032534 0.015865
0 0.941353 0.502404 0.054795 0.045673
0 0.789384 0.440024 0.088185 0.021394
0 0.854452 0.493990 0.115582 0.072115
0 0.756635 0.503125 0.044092 0.054327
0 0.712757 0.625601 0.146404 0.034375
0 0.720462 0.502163 0.027397 0.050962
0 0.614512 0.505769 0.037243 0.045192
0 0.578125 0.505168 0.032962 0.042548
0 0.637200 0.458173 0.035531 0.047596
0 0.602098 0.456490 0.032962 0.040865
0 0.569563 0.459014 0.032962 0.045913
0 0.098887 0.639183 0.023973 0.037981
0 0.535745 0.501202 0.029538 0.040865
0 0.685360 0.502764 0.038527 0.046394
0 0.730950 0.583894 0.078339 0.050481
0 0.648973 0.507332 0.034247 0.043029
0 0.745719 0.543029 0.077911 0.025000
0 0.156036 0.606851 0.064640 0.011779
0 0.156036 0.636298 0.084332 0.005769
0 0.656036 0.580649 0.067209 0.056490
0 0.161601 0.627284 0.074058 0.011779
0 0.235445 0.624159 0.054795 0.049279
0 0.356378 0.593990 0.046661 0.047115
0 0.356592 0.637981 0.051370 0.028365
0 0.407320 0.637740 0.050086 0.029808
0 0.405180 0.597716 0.044092 0.039663
0 0.291952 0.627284 0.052226 0.040625
0 0.454409 0.637260 0.047517 0.029808
0 0.656036 0.543029 0.076627 0.015865
0 0.552440 0.637260 0.050086 0.034615
0 0.503639 0.637139 0.046661 0.034856
0 0.503853 0.600721 0.047089 0.038462
0 0.600171 0.599399 0.038527 0.036298
0 0.453767 0.596514 0.048801 0.037260
0 0.553082 0.600841 0.047089 0.038221
