0 0.819240 0.187653 0.052696 0.133885
0 0.014093 0.344822 0.018382 0.056679
0 0.889093 0.186121 0.064134 0.135110
0 0.959150 0.178309 0.066176 0.147672
0 0.968137 0.038909 0.057190 0.030637
0 0.970588 0.077972 0.058824 0.046875
0 0.033905 0.347733 0.022059 0.050858
0 0.079453 0.363971 0.024101 0.033088
0 0.072508 0.324602 0.016748 0.038297
0 0.092320 0.325368 0.016340 0.037377
0 0.116626 0.325214 0.025735 0.034620
0 0.123570 0.362898 0.016748 0.033395
0 0.101511 0.362439 0.021650 0.031863
0 0.774918 0.191636 0.026961 0.123468
0 0.054739 0.353707 0.013889 0.045037
0 0.709355 0.204963 0.057598 0.103554
0 0.103554 0.214461 0.042075 0.102328
0 0.652369 0.179534 0.055556 0.156250
0 0.139706 0.363205 0.012255 0.030944
0 0.020425 0.215839 0.034314 0.107537
0 0.062296 0.215227 0.035539 0.098346
0 0.141748 0.208027 0.029412 0.110294
0 0.177900 0.198529 0.033088 0.125000
0 0.207925 0.201440 0.020425 0.123468
0 0.236111 0.200827 0.030229 0.124694
0 0.271446 0.195772 0.032271 0.127451
0 0.308211 0.195159 0.029820 0.135417
0 0.340482 0.194700 0.028186 0.136949
0 0.377859 0.195312 0.040033 0.138174
0 0.414624 0.193321 0.034314 0.134191
0 0.454861 0.189032 0.036356 0.136029
0 0.532067 0.181985 0.042075 0.148897
0 0.585784 0.180147 0.053922 0.151348
0 0.704044 0.129749 0.043709 0.032169
0 0.155842 0.362132 0.015114 0.034314
0 0.512051 0.347886 0.025735 0.053002
0 0.227941 0.337929 0.040850 0.037990
0 0.042279 0.645833 0.018382 0.020833
0 0.060866 0.637561 0.019608 0.041667
0 0.078431 0.640165 0.015523 0.037071
0 0.094567 0.646906 0.017565 0.053002
0 0.113766 0.653186 0.013480 0.043505
0 0.128064 0.653186 0.015114 0.045343
0 0.142361 0.654871 0.014297 0.045037
0 0.185866 0.656097 0.053922 0.090993
0 0.023080 0.637255 0.016748 0.026348
0 0.419526 0.665901 0.035131 0.014400
0 0.484273 0.698836 0.051879 0.047794
0 0.551471 0.715839 0.054739 0.052390
0 0.603758 0.731005 0.044118 0.057598
0 0.652982 0.741115 0.046977 0.063113
0 0.708538 0.753064 0.049428 0.060049
0 0.762868 0.764400 0.048611 0.050858
0 0.852328 0.816023 0.076389 0.074449
0 0.037582 0.706036 0.032680 0.062194
0 0.418913 0.695925 0.046977 0.034620
0 0.080270 0.720588 0.032271 0.061887
0 0.956495 0.715533 0.076389 0.086091
0 0.778186 0.665441 0.058007 0.049020
0 0.687908 0.659161 0.053922 0.057292
0 0.627042 0.648131 0.053922 0.057904
0 0.566789 0.638327 0.052696 0.053002
0 0.509804 0.628523 0.044118 0.055453
0 0.458129 0.620098 0.049428 0.055760
0 0.384395 0.608303 0.093137 0.052390
0 0.281454 0.588388 0.084967 0.049326
0 0.109681 0.578431 0.028186 0.061887
0 0.867239 0.695159 0.073529 0.077819
0 0.061070 0.568015 0.029820 0.050858
0 0.913399 0.603860 0.033497 0.055760
0 0.773693 0.565870 0.060458 0.061275
0 0.849673 0.585631 0.058007 0.086091
0 0.689747 0.568321 0.097631 0.073529
0 0.544730 0.546262 0.087010 0.059436
0 0.465686 0.552696 0.064542 0.027574
0 0.453840 0.513327 0.063725 0.042586
0 0.376021 0.523897 0.089461 0.063725
0 0.953431 0.602328 0.034314 0.046569
0 0.173611 0.318781 0.021242 0.034620
0 0.113766 0.728094 0.029820 0.051777
0 0.194853 0.751225 0.036765 0.068627
0 0.276144 0.434130 0.048203 0.039216
0 0.234069 0.431526 0.032680 0.039522
0 0.153186 0.435815 0.019608 0.050551
0 0.133987 0.435049 0.017157 0.054534
0 0.114992 0.431373 0.012663 0.052083
0 0.095997 0.431066 0.020425 0.049020
0 0.061070 0.424479 0.023284 0.051164
0 0.030229 0.424939 0.027778 0.049020
0 0.317606 0.437806 0.029003 0.039828
0 0.948529 0.346661 0.095588 0.057904
0 0.698529 0.356924 0.068627 0.056373
0 0.619281 0.359988 0.062092 0.041667
0 0.559028 0.360294 0.053513 0.040441
0 0.554330 0.315411 0.037582 0.042586
0 0.446283 0.348805 0.045343 0.052390
0 0.375613 0.341912 0.042892 0.047794
0 0.334355 0.333946 0.025735 0.062500
0 0.285743 0.335018 0.054330 0.056679
0 0.818627 0.338695 0.071895 0.061581
0 0.152982 0.730392 0.022467 0.051471
0 0.358864 0.441483 0.038807 0.039216
0 0.454861 0.444700 0.033088 0.049939
0 0.278799 0.789369 0.060049 0.051164
0 0.369077 0.820312 0.036356 0.056066
0 0.414216 0.829963 0.044118 0.050858
0 0.564951 0.874081 0.052288 0.074755
0 0.627655 0.894608 0.051879 0.073529
0 0.741013 0.933058 0.051471 0.088542
0 0.824346 0.944700 0.093137 0.081189
0 0.928105 0.965380 0.099673 0.063113
0 0.408701 0.445772 0.039624 0.045956
0 0.281250 0.508732 0.094363 0.056066
0 0.109069 0.500000 0.033497 0.043505
0 0.035131 0.494638 0.031046 0.045037
0 0.907475 0.472120 0.071487 0.081495
0 0.814338 0.458333 0.066585 0.071078
0 0.745915 0.459559 0.061275 0.077206
0 0.624387 0.457414 0.051879 0.064338
0 0.560049 0.443168 0.045752 0.072610
0 0.516340 0.451593 0.030229 0.045343
0 0.155025 0.541667 0.052696 0.094363
0 0.459150 0.840380 0.031863 0.058824
