0 0.295139 0.389706 0.020833 0.036152
0 0.640727 0.592984 0.018382 0.068321
0 0.976511 0.694547 0.046977 0.096814
0 0.475286 0.505208 0.023284 0.051471
0 0.446487 0.497089 0.026144 0.046875
0 0.420956 0.492494 0.020016 0.045037
0 0.343137 0.473958 0.031046 0.041667
0 0.313113 0.466299 0.015114 0.038603
0 0.293913 0.463542 0.018382 0.034926
0 0.943832 0.824602 0.076389 0.086091
0 0.924632 0.939491 0.075572 0.089767
0 0.882149 0.748315 0.056781 0.062806
0 0.860498 0.848192 0.064951 0.082414
0 0.818832 0.769455 0.058415 0.066483
0 0.504493 0.553309 0.026961 0.057598
0 0.795547 0.874234 0.053513 0.079350
0 0.736111 0.846507 0.049837 0.075980
0 0.698121 0.775123 0.053105 0.063725
0 0.570670 0.676624 0.041667 0.060968
0 0.562908 0.757047 0.040850 0.063725
0 0.532067 0.671109 0.031454 0.073836
0 0.525531 0.742647 0.028186 0.063113
0 0.497753 0.723958 0.023284 0.059436
0 0.473856 0.669271 0.030229 0.046262
0 0.445261 0.697304 0.023693 0.049020
0 0.420343 0.681679 0.023693 0.051471
0 0.410335 0.572917 0.036356 0.045956
0 0.754493 0.750919 0.053922 0.074755
0 0.293301 0.425398 0.020425 0.037684
0 0.538603 0.560049 0.028186 0.062500
0 0.605801 0.582567 0.029412 0.065870
0 0.914011 0.636336 0.033088 0.056373
0 0.906046 0.690870 0.031863 0.048407
0 0.871936 0.679534 0.026552 0.052083
0 0.877859 0.628370 0.026144 0.045956
0 0.853962 0.622243 0.018382 0.053922
0 0.848448 0.671875 0.017157 0.042892
0 0.825776 0.664828 0.024101 0.045956
0 0.830065 0.613205 0.026144 0.051164
0 0.323938 0.541973 0.017974 0.033701
0 0.303922 0.537071 0.016340 0.037990
0 0.297590 0.594975 0.022467 0.027574
0 0.577819 0.569853 0.020833 0.065564
0 0.315564 0.629902 0.023284 0.039216
0 0.801266 0.655331 0.020016 0.049020
0 0.805351 0.605852 0.018382 0.048713
0 0.781658 0.600490 0.022467 0.045343
0 0.778595 0.648131 0.019608 0.046262
0 0.752042 0.642157 0.026961 0.046569
0 0.754493 0.593597 0.026144 0.046262
0 0.729779 0.587776 0.020016 0.045037
0 0.726307 0.634651 0.017157 0.043811
0 0.706904 0.625306 0.020016 0.046569
0 0.686070 0.618719 0.016748 0.045650
0 0.664828 0.599877 0.023284 0.071078
0 0.342116 0.579810 0.032271 0.032782
0 0.806373 0.484681 0.024510 0.107230
0 0.863766 0.323989 0.051879 0.156556
0 0.745098 0.475337 0.031863 0.103860
0 0.811479 0.324142 0.046977 0.151961
0 0.763889 0.324908 0.037582 0.148591
0 0.777369 0.478401 0.026144 0.108150
0 0.679126 0.321691 0.024918 0.134804
0 0.647467 0.324755 0.031863 0.124387
0 0.611724 0.321538 0.030637 0.122855
0 0.576389 0.322304 0.030229 0.117034
0 0.543505 0.320312 0.029003 0.115502
0 0.512255 0.319393 0.030229 0.116115
0 0.456904 0.344363 0.035539 0.049020
0 0.466503 0.385417 0.037582 0.025123
0 0.477328 0.429994 0.030637 0.054228
0 0.270016 0.320619 0.035131 0.084865
0 0.426266 0.324755 0.024101 0.093137
0 0.393995 0.322610 0.033088 0.088848
0 0.351716 0.321078 0.031863 0.088235
0 0.314951 0.322610 0.025327 0.081495
0 0.986724 0.511489 0.026552 0.125919
0 0.947917 0.501379 0.039624 0.128370
0 0.904208 0.495404 0.039624 0.125000
0 0.867443 0.494792 0.026552 0.119485
0 0.836193 0.490349 0.026961 0.108762
0 0.336806 0.409007 0.027369 0.074755
0 0.367443 0.413450 0.028186 0.071385
0 0.406454 0.420650 0.026961 0.085784
0 0.438113 0.423866 0.019199 0.083027
0 0.541667 0.437194 0.037582 0.094975
0 0.581291 0.444393 0.033497 0.104473
0 0.619485 0.456342 0.036356 0.090380
0 0.919118 0.322917 0.055556 0.169730
0 0.975286 0.326134 0.049428 0.174939
0 0.717933 0.322151 0.045343 0.135723
0 0.206495 0.241422 0.016748 0.075368
0 0.707721 0.469516 0.027369 0.099571
0 0.659314 0.461397 0.035948 0.101716
0 0.352941 0.616728 0.024510 0.036765
0 0.951593 0.132506 0.072304 0.171262
0 0.883987 0.144761 0.059641 0.163909
0 0.824346 0.149663 0.051471 0.156556
0 0.770221 0.159467 0.050245 0.147978
0 0.371528 0.662377 0.026552 0.051471
0 0.377859 0.596967 0.020425 0.045037
0 0.184641 0.245098 0.017157 0.070466
0 0.719771 0.170650 0.044118 0.135417
0 0.646650 0.183211 0.041667 0.125613
0 0.681781 0.174479 0.026961 0.133885
0 0.606413 0.186581 0.036356 0.123775
0 0.398693 0.642923 0.017157 0.048713
0 0.534926 0.193934 0.030637 0.114583
0 0.228350 0.237132 0.015523 0.075980
0 0.569853 0.190717 0.033497 0.122243
0 0.286560 0.229473 0.016748 0.084559
0 0.305351 0.228554 0.015931 0.090074
0 0.323325 0.227941 0.016748 0.086397
0 0.342729 0.224265 0.017157 0.091299
0 0.256740 0.232996 0.017565 0.081801
0 0.383987 0.219669 0.019608 0.093750
0 0.405229 0.216759 0.022059 0.095282
0 0.428309 0.213235 0.022467 0.098039
0 0.452002 0.208487 0.022467 0.102635
0 0.475694 0.203431 0.022467 0.109681
0 0.503676 0.200674 0.028595 0.109069
0 0.362949 0.221967 0.020016 0.089154
