0 0.238477 0.774219 0.012891 0.054688
0 0.224023 0.768750 0.011328 0.055208
0 0.208984 0.763542 0.014063 0.054167
0 0.185547 0.753125 0.014844 0.040625
0 0.169531 0.745052 0.013281 0.036979
0 0.155859 0.737760 0.011719 0.033854
0 0.299805 0.637500 0.016797 0.081250
0 0.129883 0.710156 0.015234 0.060937
0 0.113086 0.700000 0.016016 0.071875
0 0.282031 0.635156 0.015625 0.085938
0 0.265820 0.627865 0.013672 0.082812
0 0.275000 0.785417 0.012500 0.088542
0 0.226367 0.623177 0.010547 0.066146
0 0.144336 0.730990 0.009766 0.038021
0 0.238672 0.625260 0.011719 0.070312
0 0.170703 0.917969 0.066406 0.161979
0 0.012695 0.832292 0.008984 0.051042
0 0.347656 0.825260 0.026562 0.092188
0 0.209375 0.611198 0.017969 0.078646
0 0.374414 0.838021 0.018359 0.081250
0 0.397070 0.851302 0.026172 0.096354
0 0.429688 0.878646 0.033594 0.082292
0 0.489063 0.926562 0.030469 0.054167
0 0.524805 0.920312 0.031641 0.092708
0 0.564258 0.933073 0.037109 0.043229
0 0.564063 0.974479 0.032813 0.035417
0 0.610547 0.954167 0.051562 0.091667
0 0.087305 0.883073 0.025391 0.058854
0 0.065430 0.871094 0.013672 0.049479
0 0.050781 0.862240 0.011719 0.050521
0 0.038867 0.853906 0.011328 0.050521
0 0.024219 0.841406 0.012500 0.054688
0 0.258203 0.782813 0.016406 0.068750
0 0.182422 0.602604 0.027344 0.076042
0 0.019531 0.552083 0.015625 0.039583
0 0.146680 0.578385 0.011328 0.090104
0 0.055469 0.471615 0.010156 0.039062
0 0.040625 0.464062 0.016406 0.050000
0 0.025977 0.460156 0.012109 0.045312
0 0.009375 0.460938 0.018750 0.037500
0 0.078906 0.384375 0.017188 0.054167
0 0.061328 0.381250 0.016406 0.047917
0 0.066602 0.472917 0.010547 0.041667
0 0.044141 0.385156 0.014844 0.041146
0 0.014844 0.371354 0.011719 0.054167
0 0.808008 0.427344 0.098828 0.203646
0 0.917969 0.425260 0.096875 0.229687
0 0.811133 0.637760 0.064453 0.203646
0 0.890430 0.670052 0.090234 0.222396
0 0.322852 0.820573 0.023047 0.082812
0 0.028906 0.371094 0.014844 0.056771
0 0.081836 0.478385 0.016016 0.045312
0 0.005273 0.546615 0.010547 0.040104
0 0.036133 0.558594 0.014453 0.040104
0 0.133594 0.573438 0.013281 0.089583
0 0.120117 0.571094 0.012109 0.089063
0 0.107813 0.565625 0.010937 0.088542
0 0.302539 0.446615 0.023828 0.128646
0 0.339453 0.502604 0.043750 0.086458
0 0.276367 0.444010 0.022266 0.125521
0 0.255078 0.445833 0.017188 0.103125
0 0.219531 0.439844 0.032813 0.107813
0 0.185938 0.436979 0.032031 0.104167
0 0.151562 0.434375 0.035156 0.098958
0 0.121484 0.423698 0.023438 0.099479
0 0.100000 0.425781 0.017969 0.096354
0 0.088867 0.578906 0.019141 0.047396
0 0.069336 0.570052 0.018359 0.044271
0 0.051953 0.562760 0.014063 0.039062
0 0.160938 0.581771 0.014063 0.096875
0 0.298633 0.799219 0.025391 0.092188
0 0.298242 0.279948 0.019141 0.110937
0 0.380859 0.728125 0.040625 0.082292
0 0.071289 0.175521 0.023828 0.056250
0 0.046484 0.177604 0.019531 0.058333
0 0.028125 0.186979 0.014844 0.053125
0 0.009375 0.186719 0.018750 0.056771
0 0.015039 0.273958 0.017578 0.068750
0 0.031836 0.270833 0.013672 0.064583
0 0.097070 0.173698 0.023047 0.054688
0 0.048828 0.272917 0.016406 0.066667
0 0.088086 0.287240 0.017578 0.084896
0 0.106836 0.287500 0.017578 0.090625
0 0.125000 0.288802 0.017969 0.093229
0 0.212305 0.278646 0.043359 0.115625
0 0.252148 0.276042 0.031641 0.120833
0 0.279883 0.277344 0.018359 0.110937
0 0.068359 0.273698 0.019531 0.068229
0 0.122656 0.165625 0.018750 0.060417
0 0.141406 0.165625 0.016406 0.060417
0 0.166211 0.157552 0.030078 0.070312
0 0.900391 0.136719 0.072656 0.148438
0 0.837305 0.134375 0.048828 0.148958
0 0.792188 0.148438 0.035937 0.123958
0 0.737109 0.058854 0.071094 0.093750
0 0.661719 0.065365 0.069531 0.106771
0 0.591797 0.074740 0.057813 0.110937
0 0.530469 0.089323 0.055469 0.099479
0 0.472852 0.101042 0.048047 0.093750
0 0.422461 0.108073 0.041016 0.091146
0 0.383984 0.120313 0.032031 0.072917
0 0.339062 0.128906 0.042969 0.080729
0 0.291797 0.133854 0.029687 0.076042
0 0.255859 0.134635 0.028125 0.075521
0 0.227148 0.148177 0.026172 0.071354
0 0.199609 0.154688 0.025000 0.066667
0 0.835156 0.853125 0.110937 0.126042
0 0.342578 0.710677 0.030469 0.071354
0 0.326562 0.275000 0.034375 0.098958
0 0.432227 0.268490 0.037109 0.100521
0 0.707422 0.715104 0.079687 0.090625
0 0.632812 0.702344 0.065625 0.095312
0 0.569141 0.681510 0.057031 0.096354
0 0.511133 0.663802 0.051172 0.088021
0 0.459570 0.644792 0.048828 0.085417
0 0.413086 0.633594 0.041797 0.090104
0 0.384570 0.520833 0.042578 0.072917
0 0.372461 0.617969 0.034766 0.072396
0 0.709766 0.852865 0.056250 0.099479
0 0.644531 0.835938 0.064062 0.098958
0 0.583789 0.807813 0.050391 0.094792
0 0.526563 0.785677 0.057031 0.094271
0 0.474414 0.764323 0.045703 0.090104
0 0.424023 0.743750 0.038672 0.084375
0 0.336719 0.605990 0.032813 0.072396
0 0.433203 0.530208 0.051562 0.072917
0 0.489063 0.536979 0.057031 0.076042
0 0.555859 0.550260 0.061719 0.081771
0 0.475586 0.271354 0.041016 0.101042
0 0.536914 0.256250 0.062891 0.129167
0 0.584180 0.252865 0.027734 0.131771
0 0.622070 0.250000 0.044141 0.140625
0 0.667969 0.249479 0.046094 0.143750
0 0.725195 0.276562 0.062109 0.104167
0 0.707031 0.440365 0.077344 0.089063
0 0.621484 0.431510 0.077344 0.078646
0 0.550195 0.424219 0.058984 0.064062
0 0.485547 0.418490 0.055469 0.072396
0 0.429688 0.413281 0.053906 0.064062
0 0.379297 0.412240 0.046094 0.064062
0 0.335352 0.404948 0.041016 0.066146
0 0.708984 0.585156 0.083594 0.100521
0 0.622656 0.562240 0.069531 0.078646
0 0.360938 0.274219 0.035156 0.102604
0 0.952930 0.864844 0.092578 0.164062
0 0.251563 0.634375 0.013281 0.060417
