0 0.034889 0.865625 0.056935 0.070192
0 0.889983 0.746635 0.021404 0.065865
0 0.850171 0.749880 0.029110 0.072356
0 0.959546 0.623558 0.076627 0.050481
0 0.973673 0.663942 0.052654 0.020673
0 0.918022 0.792788 0.072346 0.020673
0 0.958262 0.759736 0.083476 0.035337
0 0.970462 0.821034 0.059075 0.035337
0 0.958262 0.855529 0.083476 0.040385
0 0.791952 0.732933 0.095890 0.080288
0 0.132705 0.859976 0.125000 0.027163
0 0.955908 0.703125 0.074486 0.067308
0 0.148759 0.833413 0.104880 0.023077
0 0.600385 0.857452 0.071490 0.083654
0 0.250000 0.851562 0.114726 0.014663
0 0.254709 0.833173 0.111301 0.020192
0 0.336045 0.860938 0.054795 0.070913
0 0.390839 0.867308 0.046233 0.063942
0 0.438784 0.866827 0.050514 0.067788
0 0.489512 0.877404 0.056079 0.054327
0 0.546233 0.874760 0.081336 0.068750
0 0.665026 0.859014 0.061216 0.079087
0 0.724529 0.861899 0.062072 0.072837
0 0.788741 0.861659 0.063784 0.077163
0 0.845248 0.864423 0.050086 0.072596
0 0.892551 0.862861 0.039384 0.074760
0 0.665240 0.684976 0.083048 0.031010
0 0.249358 0.883774 0.127140 0.028125
0 0.721104 0.742548 0.059503 0.082212
0 0.484375 0.522596 0.023545 0.052404
0 0.603382 0.740625 0.047517 0.087981
0 0.856378 0.081010 0.151113 0.112981
0 0.647688 0.077404 0.192637 0.090865
0 0.972603 0.205769 0.054795 0.092308
0 0.895762 0.194712 0.085188 0.087019
0 0.800728 0.203245 0.087757 0.109375
0 0.728596 0.202644 0.070205 0.110577
0 0.455051 0.214423 0.095890 0.126442
0 0.562072 0.198437 0.118151 0.116587
0 0.200128 0.319952 0.080908 0.097115
0 0.331550 0.206971 0.155394 0.121635
0 0.201199 0.198317 0.087329 0.121635
0 0.351027 0.048558 0.050514 0.070192
0 0.097389 0.263582 0.120291 0.202644
0 0.517337 0.312620 0.050086 0.092067
0 0.591610 0.299760 0.098459 0.081250
0 0.657534 0.292428 0.054795 0.076202
0 0.981378 0.287740 0.037243 0.081731
0 0.936430 0.291827 0.030394 0.089904
0 0.873288 0.277885 0.066781 0.079327
0 0.739940 0.309135 0.084332 0.094712
0 0.437928 0.316707 0.031678 0.068510
0 0.663527 0.412740 0.040240 0.083654
0 0.624144 0.414062 0.040240 0.081010
0 0.586473 0.412740 0.035103 0.083654
0 0.317209 0.328606 0.113870 0.072596
0 0.392765 0.049159 0.032962 0.068990
0 0.374144 0.096995 0.065925 0.031971
0 0.298587 0.068870 0.072346 0.103125
0 0.018408 0.543269 0.032534 0.059615
0 0.301584 0.522356 0.026969 0.057212
0 0.337757 0.521875 0.041952 0.057212
0 0.368151 0.525721 0.035959 0.063942
0 0.399401 0.520673 0.033390 0.063462
0 0.424443 0.526322 0.026113 0.052644
0 0.454623 0.523918 0.029966 0.052644
0 0.509204 0.524038 0.029538 0.048077
0 0.540454 0.536538 0.026113 0.043750
0 0.571062 0.521875 0.030822 0.063462
0 0.606807 0.520433 0.032106 0.070192
0 0.644906 0.521394 0.029538 0.064904
0 0.674658 0.524519 0.032534 0.061538
0 0.708904 0.524399 0.030822 0.056010
0 0.700557 0.426563 0.031250 0.059375
0 0.737586 0.429327 0.040240 0.064904
0 0.773116 0.429447 0.032534 0.060337
0 0.807363 0.428966 0.035103 0.059375
0 0.655394 0.478365 0.041952 0.008173
0 0.693493 0.484976 0.026541 0.014183
0 0.665882 0.739543 0.054366 0.078606
0 0.050300 0.084135 0.074058 0.079808
0 0.113656 0.076082 0.056935 0.078606
0 0.175086 0.073678 0.083048 0.107933
0 0.239512 0.071875 0.050086 0.104327
0 0.544307 0.410457 0.047517 0.078125
0 0.504495 0.410817 0.042380 0.076923
0 0.659675 0.200841 0.059075 0.094471
0 0.368793 0.421154 0.063784 0.065865
0 0.734161 0.614303 0.041952 0.073798
0 0.686644 0.617909 0.038527 0.071394
0 0.406678 0.618990 0.038527 0.065865
0 0.587543 0.619952 0.050942 0.065385
0 0.545163 0.618029 0.031250 0.066346
0 0.505993 0.616707 0.040240 0.063702
0 0.552226 0.718510 0.049658 0.087981
0 0.495719 0.736779 0.041952 0.085577
0 0.443707 0.739543 0.051798 0.083413
0 0.451413 0.684856 0.054366 0.023077
0 0.447560 0.411538 0.072346 0.093269
0 0.388485 0.733894 0.068065 0.096635
0 0.331550 0.731851 0.050942 0.102644
0 0.458048 0.617188 0.049658 0.072356
0 0.280180 0.736298 0.061216 0.091827
0 0.218964 0.736298 0.061216 0.091827
0 0.169521 0.740986 0.080479 0.093990
0 0.108091 0.737019 0.058647 0.086058
0 0.116438 0.619351 0.048801 0.081490
0 0.153682 0.620553 0.031678 0.076683
0 0.055009 0.650962 0.026969 0.068269
0 0.060788 0.718510 0.034247 0.065865
0 0.214897 0.620673 0.071062 0.074038
0 0.280608 0.616947 0.057791 0.064183
0 0.358091 0.619712 0.059503 0.069712
0 0.777825 0.611298 0.041952 0.072596
0 0.830265 0.614303 0.059503 0.073798
0 0.636986 0.612981 0.035959 0.068750
0 0.927654 0.412740 0.030822 0.083654
0 0.102098 0.497596 0.055223 0.026923
0 0.105094 0.523798 0.052654 0.025481
0 0.102098 0.547476 0.063784 0.011298
0 0.165026 0.545673 0.058647 0.014423
0 0.217466 0.548317 0.049658 0.020673
0 0.265197 0.546274 0.044949 0.030529
0 0.054795 0.545673 0.039384 0.063462
0 0.259204 0.515264 0.059503 0.028606
0 0.154966 0.521635 0.048801 0.025481
0 0.130351 0.403125 0.084332 0.091346
0 0.020548 0.447115 0.032534 0.093269
0 0.058219 0.448197 0.024829 0.100240
0 0.214041 0.404207 0.086473 0.093510
0 0.291310 0.417668 0.066353 0.063702
0 0.200342 0.519111 0.045377 0.031010
0 0.887414 0.613582 0.037671 0.077163
0 0.726241 0.486538 0.030394 0.019712
0 0.738870 0.526442 0.034247 0.065385
0 0.885702 0.413221 0.038527 0.087019
0 0.844178 0.410817 0.038527 0.094231
0 0.894264 0.518149 0.034247 0.073317
0 0.846747 0.519351 0.047945 0.075721
0 0.811216 0.525481 0.034247 0.065865
0 0.757705 0.486298 0.032534 0.019231
0 0.400471 0.637019 0.052654 0.109615
0 0.776113 0.527284 0.038527 0.064183
