0 0.546160 0.527420 0.044118 0.109375
0 0.591503 0.528493 0.040033 0.109069
0 0.635008 0.528033 0.040441 0.108762
0 0.278391 0.676164 0.048611 0.107843
0 0.329248 0.676777 0.041667 0.091912
0 0.492443 0.313879 0.114788 0.081189
0 0.238766 0.114430 0.042892 0.135110
0 0.290645 0.114124 0.050245 0.138787
0 0.400531 0.119792 0.050245 0.138480
0 0.460580 0.118873 0.050245 0.138480
0 0.512051 0.123621 0.046160 0.140625
0 0.903186 0.741422 0.031863 0.088235
0 0.478554 0.404105 0.104984 0.089461
0 0.345588 0.115043 0.050654 0.138787
0 0.940155 0.738971 0.032271 0.088235
0 0.427492 0.799020 0.039624 0.063113
0 0.980392 0.735600 0.031863 0.088235
0 0.755106 0.646293 0.036356 0.095895
0 0.799428 0.644148 0.035131 0.096507
0 0.838235 0.645527 0.035131 0.096201
0 0.875817 0.642616 0.035131 0.096507
0 0.823121 0.188879 0.038399 0.074449
0 0.916871 0.640165 0.035539 0.096507
0 0.956495 0.640625 0.035539 0.096201
0 0.987132 0.636489 0.025735 0.097120
0 0.361315 0.535386 0.046160 0.118566
0 0.764910 0.524050 0.031454 0.098346
0 0.841095 0.519148 0.034314 0.098346
0 0.864583 0.191176 0.037173 0.077819
0 0.904208 0.192096 0.037173 0.072917
0 0.947917 0.197304 0.041258 0.072917
0 0.829248 0.087316 0.044118 0.054534
0 0.875204 0.087010 0.037173 0.053922
0 0.913399 0.091146 0.034314 0.056066
0 0.951797 0.094516 0.034314 0.056066
0 0.984886 0.101103 0.030229 0.056985
0 0.802900 0.520987 0.034722 0.098346
0 0.311070 0.541207 0.047794 0.111826
0 0.264093 0.542892 0.042075 0.117034
0 0.413194 0.728094 0.095180 0.073223
0 0.912990 0.291820 0.041667 0.083640
0 0.866422 0.292739 0.041667 0.083640
0 0.821487 0.294730 0.040850 0.078431
0 0.972426 0.403799 0.049428 0.097426
0 0.892565 0.402880 0.041667 0.097426
0 0.850694 0.403646 0.037173 0.098346
0 0.809232 0.405178 0.036765 0.098346
0 0.775327 0.407169 0.025327 0.097426
0 0.989175 0.518536 0.021650 0.092831
0 0.958946 0.517004 0.033905 0.098346
0 0.919322 0.517004 0.036356 0.097733
0 0.880515 0.519608 0.036356 0.097426
0 0.014706 0.807292 0.029412 0.115809
0 0.063317 0.806219 0.056373 0.101409
0 0.122549 0.799786 0.059641 0.117341
0 0.176266 0.793199 0.038807 0.116422
0 0.021855 0.931832 0.042892 0.099571
0 0.079657 0.931373 0.050654 0.098039
0 0.183824 0.916667 0.035131 0.092525
0 0.279820 0.913143 0.041667 0.085478
0 0.322304 0.910233 0.041667 0.085172
0 0.368056 0.902727 0.041667 0.085478
0 0.411765 0.897518 0.041667 0.085478
0 0.979167 0.294577 0.041667 0.083640
0 0.455065 0.888634 0.036765 0.087929
0 0.164420 0.671109 0.051062 0.076287
0 0.108047 0.613971 0.040441 0.069853
0 0.869281 0.742341 0.031863 0.088235
0 0.827206 0.745711 0.031863 0.088235
0 0.789011 0.749387 0.036356 0.087010
0 0.754902 0.751072 0.029412 0.087316
0 0.021446 0.100184 0.042892 0.094975
0 0.072712 0.105545 0.046569 0.095895
0 0.122958 0.107077 0.047386 0.096507
0 0.023693 0.233609 0.047386 0.102635
0 0.076593 0.237592 0.051062 0.096507
0 0.128881 0.239277 0.050245 0.094975
0 0.035948 0.367953 0.053105 0.088235
0 0.090074 0.369485 0.045343 0.089461
0 0.141544 0.368107 0.047794 0.090380
0 0.029412 0.492034 0.058824 0.131127
0 0.638889 0.763787 0.040850 0.097426
0 0.595792 0.766238 0.036356 0.096814
0 0.556985 0.770680 0.036356 0.097120
0 0.516544 0.776501 0.040441 0.095895
0 0.478962 0.779565 0.031454 0.100184
0 0.643995 0.652267 0.039624 0.099877
0 0.094158 0.499387 0.062500 0.132353
0 0.152574 0.498775 0.048611 0.133578
0 0.044118 0.654259 0.062908 0.128370
0 0.155229 0.609222 0.048203 0.045650
0 0.496936 0.885876 0.041258 0.089154
0 0.136438 0.900429 0.049837 0.072304
0 0.583742 0.875000 0.041667 0.091299
0 0.267361 0.413297 0.048611 0.123775
0 0.317606 0.411152 0.048611 0.123775
0 0.370711 0.409773 0.048611 0.123468
0 0.988971 0.828431 0.021242 0.071691
0 0.425449 0.651961 0.092729 0.077206
0 0.558007 0.410233 0.044935 0.108456
0 0.381127 0.800858 0.040033 0.069240
0 0.399918 0.270067 0.048203 0.128983
0 0.332312 0.793199 0.034722 0.092525
0 0.540645 0.881281 0.041258 0.089767
0 0.605801 0.409467 0.044935 0.108762
0 0.653799 0.406710 0.044526 0.108762
0 0.927083 0.839461 0.029003 0.080270
0 0.960580 0.836091 0.029003 0.075368
0 0.465482 0.491115 0.088644 0.078431
0 0.447917 0.572304 0.101716 0.079657
0 0.282884 0.797641 0.047794 0.098958
0 0.350694 0.270987 0.047794 0.128983
0 0.407475 0.409161 0.022467 0.114277
0 0.242851 0.268536 0.051062 0.127145
0 0.895425 0.843903 0.032680 0.083640
0 0.297181 0.267770 0.051062 0.127451
0 0.601920 0.655025 0.039624 0.099877
0 0.556577 0.655637 0.039624 0.099877
0 0.510621 0.661152 0.044935 0.096201
0 0.812092 0.851869 0.032680 0.083640
0 0.776961 0.856464 0.032680 0.083640
0 0.559028 0.130974 0.042892 0.133272
0 0.627451 0.872089 0.041667 0.091605
0 0.608864 0.130515 0.042892 0.133578
0 0.657475 0.131893 0.042892 0.133272
0 0.645221 0.276654 0.043709 0.119485
0 0.597631 0.275429 0.044118 0.121936
0 0.742851 0.860447 0.027369 0.087929
0 0.851307 0.849418 0.032680 0.083640
