0 0.700000 0.345703 0.021875 0.102344
0 0.680469 0.346875 0.018229 0.101562
0 0.653385 0.345313 0.028646 0.101562
0 0.623698 0.326758 0.025521 0.073047
0 0.602865 0.327734 0.016146 0.070312
0 0.382292 0.826758 0.103125 0.023047
0 0.581250 0.330078 0.017708 0.071094
0 0.720313 0.348633 0.017708 0.107422
0 0.562240 0.330469 0.018229 0.068750
0 0.390625 0.339453 0.030208 0.093750
0 0.321094 0.338477 0.034896 0.087109
0 0.289844 0.339258 0.026562 0.086328
0 0.267188 0.337305 0.016667 0.089453
0 0.250521 0.338477 0.017708 0.090234
0 0.225781 0.337109 0.029687 0.091406
0 0.201563 0.336523 0.016667 0.089453
0 0.420312 0.339844 0.021875 0.094531
0 0.186458 0.337500 0.014583 0.087500
0 0.802083 0.352344 0.011458 0.110156
0 0.853906 0.354297 0.019271 0.109375
0 0.138281 0.494141 0.061979 0.082031
0 0.071354 0.487305 0.068750 0.077734
0 0.594010 0.417969 0.043229 0.082812
0 0.543490 0.417187 0.041146 0.086719
0 0.464062 0.443750 0.109375 0.028906
0 0.462500 0.414648 0.109375 0.023828
0 0.350521 0.435937 0.106250 0.028125
0 0.817708 0.352344 0.020833 0.110937
0 0.250260 0.418359 0.088021 0.047656
0 0.157031 0.400781 0.086979 0.017188
0 0.073958 0.424414 0.084375 0.026172
0 0.950521 0.466797 0.097917 0.032031
0 0.946354 0.432617 0.072917 0.030859
0 0.936979 0.353906 0.029167 0.114844
0 0.909115 0.351562 0.024479 0.117969
0 0.876302 0.351172 0.029687 0.115625
0 0.163281 0.424609 0.086979 0.026562
0 0.212500 0.482812 0.086458 0.018750
0 0.151302 0.336719 0.030729 0.083594
0 0.102083 0.333789 0.015625 0.077734
0 0.295833 0.218164 0.029167 0.108203
0 0.265625 0.221094 0.029167 0.106250
0 0.164062 0.221484 0.040625 0.102344
0 0.131510 0.221289 0.023438 0.101953
0 0.102865 0.225000 0.029687 0.100000
0 0.071354 0.226562 0.031250 0.096094
0 0.039062 0.225391 0.030208 0.098437
0 0.325781 0.219141 0.027604 0.109375
0 0.634375 0.048828 0.120833 0.096875
0 0.417187 0.056055 0.077083 0.110547
0 0.327083 0.056250 0.094792 0.110156
0 0.211719 0.073047 0.043229 0.100781
0 0.166927 0.071875 0.040104 0.098437
0 0.135677 0.077148 0.022396 0.089453
0 0.104688 0.077930 0.039583 0.091016
0 0.066406 0.080078 0.036979 0.085938
0 0.532813 0.050781 0.081250 0.092188
0 0.120052 0.333789 0.019271 0.076172
0 0.356771 0.217773 0.016667 0.101953
0 0.405208 0.214453 0.027083 0.107813
0 0.067969 0.335938 0.033854 0.083594
0 0.041927 0.333594 0.017188 0.086719
0 0.017969 0.335156 0.029687 0.087500
0 0.952865 0.190039 0.028646 0.133203
0 0.914844 0.193555 0.042188 0.135547
0 0.871615 0.196094 0.039062 0.132812
0 0.836719 0.196094 0.029687 0.132812
0 0.377604 0.214648 0.022917 0.108203
0 0.807813 0.199805 0.019792 0.130859
0 0.749219 0.201172 0.040104 0.128906
0 0.699219 0.203711 0.039062 0.124609
0 0.641406 0.201758 0.023438 0.126172
0 0.618490 0.202734 0.019271 0.125000
0 0.567187 0.211133 0.037500 0.117578
0 0.465885 0.213281 0.017188 0.110156
0 0.439323 0.211914 0.034896 0.108203
0 0.782292 0.199805 0.027083 0.130078
0 0.214323 0.505273 0.082812 0.019922
0 0.516146 0.802344 0.133333 0.024219
0 0.303646 0.489258 0.092708 0.021484
0 0.276302 0.725000 0.101562 0.017969
0 0.276823 0.701953 0.105729 0.022656
0 0.167708 0.704492 0.089583 0.018359
0 0.168750 0.685547 0.094792 0.014063
0 0.075521 0.688281 0.073958 0.017188
0 0.078125 0.670117 0.076042 0.016797
0 0.962500 0.768359 0.073958 0.021094
0 0.966927 0.740430 0.066146 0.027734
0 0.842448 0.750781 0.143229 0.033594
0 0.836979 0.716211 0.136458 0.029297
0 0.394010 0.721680 0.119271 0.016797
0 0.688542 0.732422 0.133333 0.025781
0 0.556250 0.709180 0.098958 0.025391
0 0.557552 0.678906 0.107813 0.028906
0 0.437240 0.693359 0.120313 0.027344
0 0.437240 0.662695 0.117188 0.030078
0 0.217708 0.527344 0.083333 0.021094
0 0.285417 0.667969 0.101042 0.021875
0 0.285417 0.643750 0.104167 0.023438
0 0.188281 0.651563 0.082812 0.020313
0 0.188281 0.630273 0.079687 0.020703
0 0.089323 0.630859 0.104688 0.043750
0 0.683333 0.705273 0.140625 0.026172
0 0.957292 0.682617 0.085417 0.033984
0 0.390885 0.741602 0.117188 0.023047
0 0.654427 0.761914 0.142187 0.022266
0 0.506250 0.827148 0.120833 0.021484
0 0.511719 0.851172 0.118229 0.023438
0 0.642969 0.849219 0.128646 0.032031
0 0.647396 0.880273 0.134375 0.026953
0 0.790365 0.878906 0.139063 0.033594
0 0.792188 0.909766 0.135417 0.025781
0 0.941927 0.886133 0.116146 0.028516
0 0.940365 0.913086 0.119271 0.023047
0 0.940365 0.940039 0.119271 0.028516
0 0.772396 0.043750 0.134375 0.078125
0 0.515365 0.759766 0.125521 0.035156
0 0.381250 0.800781 0.110417 0.023438
0 0.269792 0.784961 0.094792 0.018359
0 0.273177 0.764258 0.104688 0.019922
0 0.079687 0.767188 0.072917 0.021094
0 0.074740 0.746094 0.072396 0.017188
0 0.076302 0.725586 0.081771 0.019141
0 0.945312 0.837500 0.109375 0.027344
0 0.939583 0.806641 0.120833 0.021094
0 0.802604 0.812109 0.140625 0.032031
0 0.800000 0.782813 0.129167 0.025781
0 0.654427 0.788086 0.128646 0.026953
0 0.268750 0.804688 0.086458 0.019531
0 0.957031 0.649023 0.084896 0.029297
0 0.358854 0.662305 0.030208 0.055859
0 0.924479 0.557227 0.042708 0.098047
0 0.276042 0.572266 0.088542 0.029687
0 0.183073 0.586523 0.091146 0.022266
0 0.386719 0.613477 0.118229 0.025391
0 0.514844 0.597266 0.130729 0.028906
0 0.182812 0.560937 0.087500 0.023438
0 0.093490 0.578906 0.078646 0.021094
0 0.091406 0.555469 0.083854 0.024219
0 0.972135 0.560352 0.048438 0.090234
0 0.828125 0.664258 0.166667 0.038672
0 0.515365 0.626563 0.135937 0.027344
0 0.820573 0.581641 0.141146 0.033594
0 0.276562 0.600586 0.092708 0.023828
0 0.825260 0.552148 0.141146 0.023047
0 0.705469 0.538672 0.048438 0.099219
0 0.614323 0.561328 0.119271 0.026562
0 0.617188 0.535352 0.125000 0.023047
0 0.615365 0.507812 0.121354 0.029687
0 0.503125 0.552734 0.094792 0.026562
0 0.501302 0.525391 0.091146 0.024219
0 0.667448 0.641602 0.148438 0.036328
0 0.502604 0.499609 0.093750 0.028125
0 0.405729 0.515430 0.091667 0.083984
0 0.310156 0.535742 0.089063 0.023828
0 0.310156 0.512500 0.089063 0.017969
0 0.827604 0.526367 0.145833 0.028516
0 0.385156 0.585156 0.118229 0.026562
