0 0.319010 0.754687 0.035937 0.101562
0 0.275000 0.753125 0.042708 0.101562
0 0.227344 0.752148 0.044271 0.099609
0 0.182031 0.751953 0.042188 0.099219
0 0.135417 0.752539 0.043750 0.097266
0 0.091146 0.739453 0.039583 0.120313
0 0.042448 0.737695 0.051562 0.120703
0 0.981510 0.646094 0.035937 0.107813
0 0.937760 0.646094 0.045312 0.110937
0 0.683073 0.757812 0.050521 0.102344
0 0.734115 0.757031 0.049479 0.102344
0 0.892188 0.761328 0.042708 0.100781
0 0.843229 0.758594 0.048958 0.102344
0 0.935937 0.761328 0.043750 0.103906
0 0.767188 0.392578 0.051042 0.102344
0 0.359896 0.754883 0.032292 0.094922
0 0.865625 0.384375 0.045833 0.125781
0 0.900260 0.407227 0.022396 0.076172
0 0.932031 0.394336 0.035937 0.106641
0 0.969010 0.391797 0.032813 0.113281
0 0.017188 0.475977 0.034375 0.132422
0 0.072135 0.474414 0.064062 0.047266
0 0.075000 0.522070 0.064583 0.041797
0 0.786458 0.759375 0.048958 0.102344
0 0.817969 0.383203 0.043229 0.125000
0 0.391667 0.755469 0.027083 0.103125
0 0.449740 0.754492 0.023438 0.101953
0 0.312240 0.511719 0.034896 0.096875
0 0.275781 0.512109 0.034896 0.096875
0 0.238542 0.512891 0.034375 0.096875
0 0.202344 0.509375 0.034896 0.096875
0 0.165885 0.508594 0.034896 0.096875
0 0.613021 0.385937 0.041667 0.110156
0 0.565625 0.385156 0.041667 0.110156
0 0.517188 0.383203 0.045833 0.110156
0 0.127344 0.505859 0.034896 0.096875
0 0.468229 0.381445 0.048958 0.111328
0 0.411979 0.378125 0.048958 0.112500
0 0.359635 0.376172 0.048438 0.112500
0 0.308073 0.374219 0.051562 0.110156
0 0.263542 0.373242 0.031250 0.113672
0 0.230729 0.370898 0.031250 0.113672
0 0.353646 0.507422 0.037500 0.104688
0 0.421094 0.752344 0.026562 0.102344
0 0.402604 0.510352 0.043750 0.105078
0 0.498958 0.513867 0.043750 0.105078
0 0.480729 0.754883 0.031250 0.099609
0 0.515625 0.753125 0.032292 0.100781
0 0.549479 0.759570 0.032292 0.093359
0 0.024740 0.604688 0.038021 0.101562
0 0.966146 0.520898 0.047917 0.115234
0 0.918229 0.520508 0.041667 0.112891
0 0.871875 0.519727 0.039583 0.116797
0 0.824479 0.517773 0.046875 0.116797
0 0.776042 0.521484 0.044792 0.109375
0 0.726042 0.518164 0.036458 0.102734
0 0.686458 0.518750 0.040625 0.103906
0 0.636458 0.516602 0.040625 0.098047
0 0.590104 0.516016 0.037500 0.103906
0 0.716406 0.391992 0.044271 0.098047
0 0.665885 0.389062 0.042188 0.110156
0 0.449740 0.510547 0.043229 0.104688
0 0.547656 0.514648 0.043229 0.102734
0 0.487760 0.073047 0.042188 0.141406
0 0.090365 0.357031 0.022396 0.081250
0 0.397396 0.090039 0.036458 0.096484
0 0.357292 0.068945 0.039583 0.137891
0 0.310937 0.068359 0.043750 0.136719
0 0.263281 0.088086 0.041146 0.092578
0 0.217448 0.088477 0.044271 0.089453
0 0.171094 0.065430 0.042188 0.130859
0 0.118750 0.064453 0.047917 0.127344
0 0.053906 0.108789 0.059896 0.044922
0 0.045833 0.037500 0.048958 0.041406
0 0.636198 0.759180 0.031771 0.098047
0 0.061719 0.606836 0.028646 0.101172
0 0.094010 0.608398 0.029687 0.104297
0 0.130990 0.627539 0.039062 0.105078
0 0.171615 0.629883 0.034896 0.105859
0 0.442188 0.072656 0.044792 0.139844
0 0.213542 0.637500 0.042708 0.089063
0 0.306771 0.634570 0.039583 0.101172
0 0.355469 0.636719 0.045312 0.098437
0 0.396875 0.635352 0.042708 0.101172
0 0.445833 0.635352 0.042708 0.101172
0 0.492448 0.639062 0.044271 0.101562
0 0.538021 0.639258 0.035417 0.106641
0 0.581510 0.626172 0.042188 0.048438
0 0.578385 0.673438 0.042188 0.038281
0 0.634896 0.657617 0.058333 0.070703
0 0.691146 0.638086 0.038542 0.106641
0 0.737500 0.640039 0.045833 0.108203
0 0.785417 0.641797 0.047917 0.105469
0 0.835677 0.641602 0.045312 0.108203
0 0.885938 0.644727 0.050000 0.111328
0 0.263281 0.637305 0.043229 0.087109
0 0.542448 0.089258 0.044271 0.119922
0 0.595052 0.090234 0.047396 0.120313
0 0.651563 0.091992 0.052083 0.128516
0 0.068490 0.354492 0.016146 0.076172
0 0.025521 0.354102 0.032292 0.082422
0 0.978646 0.250781 0.042708 0.122656
0 0.932031 0.250781 0.046354 0.122656
0 0.879687 0.292187 0.050000 0.035156
0 0.881250 0.255273 0.048958 0.033984
0 0.839844 0.265234 0.022396 0.082812
0 0.804427 0.243164 0.040104 0.127734
0 0.667708 0.251367 0.039583 0.096484
0 0.623958 0.250586 0.039583 0.096484
0 0.580729 0.248242 0.039583 0.096484
0 0.545312 0.251172 0.026042 0.088281
0 0.510938 0.245117 0.038542 0.101172
0 0.467187 0.244141 0.042708 0.100781
0 0.413802 0.233789 0.059896 0.037109
0 0.414062 0.273047 0.055208 0.035937
0 0.363021 0.238672 0.040625 0.100781
0 0.700000 0.089063 0.027083 0.121094
0 0.749219 0.107813 0.056771 0.107031
0 0.746094 0.252148 0.070312 0.176953
0 0.823438 0.095312 0.048958 0.126562
0 0.879948 0.092773 0.045312 0.144922
0 0.925260 0.090820 0.039062 0.142578
0 0.125781 0.361523 0.039062 0.123828
0 0.972656 0.090625 0.045312 0.140625
0 0.066667 0.248828 0.062500 0.032031
0 0.123958 0.224805 0.044792 0.109766
0 0.170573 0.228125 0.043229 0.109375
0 0.218490 0.230859 0.048438 0.104688
0 0.270833 0.233203 0.051042 0.103906
0 0.319792 0.236328 0.039583 0.103125
0 0.021354 0.231445 0.026042 0.065234
0 0.596875 0.762109 0.040625 0.091406
0 0.165365 0.367969 0.033854 0.114062
0 0.198437 0.370508 0.029167 0.112891
