0 0.948529 0.557598 0.075163 0.125000
0 0.874183 0.564951 0.064542 0.098039
0 0.764502 0.453431 0.038807 0.022059
0 0.316381 0.635876 0.015931 0.038909
0 0.301062 0.626838 0.010621 0.033088
0 0.275531 0.630208 0.020016 0.032475
0 0.256127 0.622702 0.016340 0.034620
0 0.178922 0.610600 0.050654 0.043505
0 0.130923 0.601716 0.041258 0.040441
0 0.096201 0.586397 0.025735 0.038603
0 0.760825 0.515319 0.034722 0.052083
0 0.013276 0.565870 0.026552 0.054534
0 0.085580 0.525582 0.040441 0.017463
0 0.057394 0.557138 0.024918 0.018076
0 0.053922 0.579810 0.053105 0.022978
0 0.180147 0.546415 0.031046 0.018689
0 0.334150 0.639093 0.016340 0.036152
0 0.820261 0.676011 0.066176 0.075674
0 0.605801 0.658395 0.015523 0.036152
0 0.903391 0.653646 0.067402 0.041360
0 0.580678 0.664216 0.020016 0.036152
0 0.559845 0.650582 0.020016 0.032782
0 0.530842 0.658548 0.019199 0.036458
0 0.510212 0.653952 0.019608 0.039522
0 0.480596 0.660080 0.020833 0.037071
0 0.457312 0.661765 0.022467 0.033701
0 0.429943 0.648744 0.028186 0.048100
0 0.899714 0.702206 0.076389 0.049632
0 0.408701 0.637102 0.015114 0.034620
0 0.645833 0.683517 0.028595 0.043505
0 0.262459 0.545496 0.035539 0.049939
0 0.674428 0.680913 0.022059 0.038297
0 0.750408 0.671569 0.023693 0.036152
0 0.722631 0.665288 0.028595 0.038297
0 0.973243 0.666207 0.053513 0.054228
0 0.622141 0.670190 0.016340 0.038297
0 0.375204 0.641391 0.018382 0.035846
0 0.294730 0.549326 0.029820 0.045956
0 0.144812 0.653339 0.082108 0.034620
0 0.334150 0.545343 0.019608 0.042892
0 0.729575 0.496170 0.023693 0.086091
0 0.583946 0.817096 0.033088 0.079044
0 0.546977 0.803922 0.038399 0.082108
0 0.519404 0.770221 0.015931 0.084559
0 0.492034 0.775276 0.031454 0.090380
0 0.455065 0.737592 0.024510 0.098346
0 0.429330 0.765778 0.026961 0.100184
0 0.621324 0.823070 0.034314 0.077512
0 0.402574 0.756893 0.021650 0.086703
0 0.348039 0.725031 0.014706 0.083027
0 0.329453 0.720129 0.022467 0.080576
0 0.297794 0.723958 0.029412 0.078431
0 0.240196 0.741268 0.029412 0.084252
0 0.030229 0.667279 0.060458 0.011029
0 0.023897 0.718903 0.044526 0.037071
0 0.143995 0.741881 0.049428 0.042586
0 0.376838 0.753830 0.028186 0.085478
0 0.353145 0.553922 0.015931 0.042892
0 0.660335 0.820619 0.042075 0.098346
0 0.791054 0.829044 0.056781 0.132966
0 0.316993 0.543199 0.013889 0.043505
0 0.379698 0.565564 0.033905 0.039828
0 0.451389 0.570772 0.036765 0.050858
0 0.423407 0.559436 0.018382 0.042279
0 0.534518 0.556066 0.036356 0.040441
0 0.627042 0.581342 0.050654 0.040748
0 0.644812 0.553462 0.042892 0.015625
0 0.735907 0.833793 0.042892 0.108762
0 0.676062 0.594516 0.046569 0.062194
0 0.817606 0.629289 0.049428 0.016544
0 0.049632 0.644148 0.099265 0.031556
0 0.029003 0.685049 0.058007 0.022672
0 0.082516 0.727788 0.069444 0.053002
0 0.208129 0.707108 0.035539 0.027574
0 0.934845 0.862898 0.080474 0.143076
0 0.855596 0.836703 0.067402 0.133578
0 0.743668 0.599112 0.045343 0.051777
0 0.684232 0.491575 0.057190 0.086091
0 0.677492 0.247549 0.046977 0.082721
0 0.614175 0.495558 0.057598 0.066483
0 0.121732 0.282169 0.035948 0.036765
0 0.156046 0.280484 0.031046 0.030944
0 0.261234 0.231618 0.081291 0.098652
0 0.332925 0.248621 0.039216 0.067708
0 0.376225 0.249387 0.044118 0.070466
0 0.415033 0.251685 0.027778 0.064645
0 0.451593 0.246783 0.039624 0.076287
0 0.089461 0.275429 0.022059 0.044730
0 0.496324 0.248468 0.036765 0.074755
0 0.586601 0.249234 0.038399 0.073836
0 0.631740 0.251379 0.042075 0.075674
0 0.733660 0.242494 0.047386 0.089767
0 0.786765 0.242034 0.051471 0.095588
0 0.850082 0.280484 0.053105 0.109988
0 0.913603 0.264706 0.068219 0.153186
0 0.977124 0.270374 0.045752 0.140012
0 0.541462 0.249847 0.046977 0.075061
0 0.047386 0.379442 0.059641 0.029718
0 0.173611 0.247089 0.040033 0.031556
0 0.018791 0.227788 0.037582 0.048100
0 0.118668 0.116115 0.026552 0.114583
0 0.152369 0.110141 0.035948 0.114890
0 0.190972 0.106311 0.033088 0.118873
0 0.339461 0.112745 0.077614 0.089461
0 0.428717 0.149969 0.012663 0.007047
0 0.405637 0.115196 0.040850 0.093750
0 0.456087 0.110447 0.042075 0.089154
0 0.117851 0.244792 0.031454 0.024510
0 0.513276 0.118873 0.038807 0.077206
0 0.586806 0.109835 0.035539 0.087929
0 0.743668 0.115196 0.048611 0.072304
0 0.806781 0.101409 0.062908 0.094975
0 0.877247 0.112745 0.075572 0.057598
0 0.962827 0.088848 0.074346 0.093750
0 0.016136 0.276348 0.032271 0.044118
0 0.053922 0.276042 0.037582 0.045956
0 0.551266 0.115656 0.031454 0.078125
0 0.626430 0.450827 0.053513 0.019301
0 0.017974 0.350184 0.032680 0.023897
0 0.080882 0.350337 0.017974 0.024203
0 0.982843 0.419118 0.034314 0.076593
0 0.014910 0.426471 0.029820 0.034926
0 0.008783 0.472886 0.017565 0.029718
0 0.032475 0.467371 0.023284 0.026042
0 0.090278 0.123928 0.026961 0.084865
0 0.053309 0.474724 0.016748 0.038297
0 0.075980 0.482537 0.026144 0.044730
0 0.825572 0.403033 0.062092 0.094056
0 0.044935 0.425705 0.022876 0.026654
0 0.168301 0.491422 0.058824 0.042892
0 0.266748 0.459099 0.040850 0.067096
0 0.319853 0.447151 0.022876 0.049939
0 0.354779 0.462623 0.044526 0.072917
0 0.432802 0.475950 0.057598 0.072610
0 0.492443 0.481464 0.057598 0.078125
0 0.554739 0.479473 0.057190 0.083946
0 0.112541 0.488051 0.046160 0.041054
0 0.054943 0.352635 0.029820 0.022059
0 0.936887 0.416667 0.051879 0.070466
0 0.762051 0.386029 0.062500 0.074142
0 0.121324 0.370404 0.023693 0.060662
0 0.181168 0.371477 0.023284 0.064032
0 0.157884 0.369945 0.018382 0.070772
0 0.101307 0.343597 0.017157 0.032782
0 0.140931 0.355392 0.016340 0.045343
0 0.252247 0.359681 0.037990 0.066789
0 0.291054 0.360600 0.035539 0.068627
0 0.885212 0.416360 0.047386 0.069240
0 0.329861 0.361366 0.039624 0.068321
0 0.414011 0.366422 0.037990 0.071078
0 0.466503 0.364430 0.026961 0.063419
0 0.499183 0.370098 0.032680 0.068627
0 0.544935 0.373775 0.040033 0.070466
0 0.596201 0.372089 0.047794 0.075061
0 0.651144 0.375306 0.042484 0.076593
0 0.700368 0.379596 0.045343 0.073529
0 0.375613 0.361673 0.034722 0.073223
0 0.034314 0.524969 0.055556 0.026042
0 0.037173 0.116115 0.035948 0.091912
