0 0.312092 0.937040 0.055556 0.030331
0 0.387051 0.938725 0.091912 0.027574
0 0.139706 0.940717 0.137255 0.097120
0 0.473243 0.941942 0.080474 0.035846
0 0.560253 0.943015 0.093546 0.033701
0 0.646855 0.940411 0.070670 0.034620
0 0.724265 0.938725 0.080065 0.034926
0 0.806168 0.938879 0.073121 0.037071
0 0.801879 0.316636 0.054739 0.027880
0 0.116013 0.800705 0.102124 0.100184
0 0.747549 0.318781 0.049837 0.028493
0 0.965278 0.220435 0.069444 0.014400
0 0.885212 0.233150 0.080882 0.028799
0 0.885212 0.268076 0.086601 0.039828
0 0.872141 0.886336 0.060458 0.023897
0 0.880310 0.308670 0.078431 0.041360
0 0.033701 0.816330 0.067402 0.116115
0 0.957108 0.929688 0.081699 0.048713
0 0.332108 0.785080 0.062092 0.034620
0 0.801062 0.893842 0.069444 0.050551
0 0.965891 0.307598 0.067402 0.046569
0 0.602941 0.824295 0.054739 0.041973
0 0.543096 0.829963 0.060866 0.034314
0 0.565564 0.782475 0.060049 0.031863
0 0.475286 0.826746 0.073121 0.035233
0 0.401144 0.826440 0.079248 0.034620
0 0.469363 0.783701 0.049837 0.041054
0 0.880923 0.930913 0.068219 0.044424
0 0.406863 0.787071 0.080065 0.037377
0 0.315768 0.875460 0.057190 0.030331
0 0.319649 0.907016 0.064134 0.029718
0 0.393791 0.890472 0.076797 0.056066
0 0.482435 0.894455 0.083333 0.049326
0 0.568832 0.893536 0.076389 0.049326
0 0.644608 0.897365 0.066176 0.036152
0 0.718342 0.893995 0.078023 0.043505
0 0.313725 0.846048 0.062092 0.028493
0 0.962418 0.259038 0.062908 0.046262
0 0.148080 0.335938 0.118873 0.131434
0 0.364992 0.143842 0.066585 0.038909
0 0.040441 0.331801 0.080882 0.132966
0 0.128881 0.518229 0.144199 0.135723
0 0.131944 0.669577 0.133987 0.121017
0 0.750000 0.117494 0.048203 0.029105
0 0.810049 0.117034 0.060458 0.028799
0 0.818219 0.147825 0.059641 0.029105
0 0.818015 0.178462 0.060866 0.027267
0 0.675449 0.818781 0.077206 0.056679
0 0.899101 0.171262 0.092320 0.041667
0 0.973243 0.131434 0.047794 0.042892
0 0.973243 0.174632 0.053513 0.039216
0 0.746324 0.031250 0.061275 0.029412
0 0.685662 0.031710 0.050245 0.025429
0 0.627859 0.033241 0.061275 0.028493
0 0.558007 0.030178 0.073529 0.036458
0 0.491422 0.027727 0.060458 0.034620
0 0.900531 0.132200 0.094363 0.037071
0 0.036969 0.162377 0.067402 0.147059
0 0.122345 0.175705 0.102533 0.120404
0 0.753472 0.147365 0.056781 0.031863
0 0.293505 0.186428 0.067402 0.041360
0 0.358660 0.183211 0.062908 0.034314
0 0.430556 0.116575 0.064542 0.027267
0 0.497141 0.112286 0.070261 0.030331
0 0.432598 0.147672 0.066993 0.034926
0 0.429534 0.183670 0.066585 0.033395
0 0.501021 0.185049 0.065768 0.034926
0 0.561887 0.183824 0.057598 0.037990
0 0.563113 0.152420 0.055147 0.025429
0 0.567810 0.117800 0.062092 0.034007
0 0.628676 0.121477 0.057190 0.034007
0 0.625204 0.152880 0.059232 0.033088
0 0.626430 0.183517 0.061683 0.026348
0 0.689747 0.118413 0.058415 0.028493
0 0.689747 0.149663 0.055964 0.034620
0 0.695057 0.182445 0.060049 0.026042
0 0.753268 0.179841 0.057190 0.032475
0 0.295139 0.142004 0.073121 0.043199
0 0.753064 0.814338 0.070670 0.062500
0 0.497753 0.147518 0.063317 0.034620
0 0.826185 0.769455 0.075572 0.031556
0 0.503676 0.252911 0.060458 0.032169
0 0.439951 0.252757 0.067810 0.032475
0 0.368056 0.313879 0.060458 0.040748
0 0.305351 0.313113 0.065768 0.041054
0 0.369077 0.278186 0.058415 0.022059
0 0.304534 0.280484 0.064134 0.027880
0 0.297998 0.241728 0.055964 0.045343
0 0.362132 0.244638 0.073121 0.038909
0 0.959150 0.418811 0.069444 0.043505
0 0.885212 0.419118 0.077614 0.043505
0 0.812704 0.419271 0.068219 0.040135
0 0.980596 0.373775 0.038807 0.026961
0 0.905842 0.382506 0.090278 0.021140
0 0.825368 0.386183 0.071487 0.014400
0 0.808619 0.366115 0.056781 0.016544
0 0.878268 0.364430 0.062908 0.010723
0 0.739788 0.435355 0.071895 0.011029
0 0.741626 0.424939 0.073938 0.010417
0 0.741422 0.413603 0.075163 0.011642
0 0.741013 0.402420 0.075980 0.010110
0 0.743056 0.392770 0.071895 0.008578
0 0.745711 0.382659 0.075572 0.011642
0 0.665237 0.436581 0.072304 0.011029
0 0.666462 0.426624 0.072304 0.009498
0 0.666871 0.415594 0.072304 0.012561
0 0.666667 0.403799 0.072712 0.009804
0 0.666667 0.391697 0.072712 0.015012
0 0.584355 0.423100 0.082108 0.037990
0 0.586806 0.382200 0.087010 0.041360
0 0.567402 0.256434 0.066176 0.029412
0 0.501634 0.378983 0.086601 0.044730
0 0.631536 0.260263 0.060458 0.026654
0 0.750817 0.259498 0.053105 0.025735
0 0.913194 0.761642 0.073121 0.025735
0 0.972018 0.059896 0.052696 0.039522
0 0.892361 0.059130 0.108252 0.042892
0 0.809232 0.033854 0.062092 0.027267
0 0.805760 0.064645 0.056781 0.031863
0 0.741217 0.063113 0.062500 0.033701
0 0.682190 0.066023 0.053922 0.034007
0 0.618464 0.066942 0.061275 0.034620
0 0.556373 0.066942 0.059641 0.034620
0 0.494077 0.068321 0.064134 0.031863
0 0.427083 0.068781 0.064951 0.033395
0 0.362337 0.068781 0.065359 0.032782
0 0.293913 0.071998 0.066585 0.034926
0 0.297794 0.029259 0.067810 0.037071
0 0.361724 0.028646 0.060049 0.037684
0 0.427288 0.029259 0.064542 0.039522
0 0.691176 0.319393 0.061275 0.027267
0 0.629902 0.320006 0.058007 0.030944
0 0.567402 0.321691 0.066176 0.029412
0 0.505310 0.321844 0.060458 0.029718
0 0.438725 0.318934 0.070261 0.037377
0 0.434641 0.285846 0.060458 0.030025
0 0.502451 0.284773 0.063725 0.026654
0 0.566789 0.285386 0.065768 0.021752
0 0.632353 0.289522 0.051471 0.026961
0 0.687500 0.289828 0.057190 0.026961
0 0.803309 0.286612 0.055147 0.028493
0 0.747345 0.287837 0.056781 0.026042
0 0.805964 0.257047 0.056373 0.030637
0 0.689134 0.258272 0.056373 0.030637
0 0.499796 0.422028 0.080474 0.040748
0 0.365605 0.500153 0.054739 0.019301
0 0.364788 0.415135 0.050654 0.067402
0 0.385212 0.631127 0.050654 0.039216
0 0.319853 0.631740 0.080882 0.037377
0 0.321078 0.593750 0.082516 0.033088
0 0.385621 0.598346 0.038399 0.023897
0 0.433824 0.597886 0.058824 0.024816
0 0.448121 0.566330 0.065359 0.028493
0 0.945057 0.728401 0.081291 0.040748
0 0.943627 0.704657 0.080065 0.007966
0 0.940155 0.692096 0.082108 0.011642
0 0.938930 0.679534 0.080474 0.012868
0 0.938521 0.662837 0.082108 0.018076
0 0.864788 0.726716 0.077614 0.039216
0 0.859477 0.687500 0.066176 0.039828
0 0.771855 0.725490 0.089461 0.041667
0 0.773284 0.695619 0.089869 0.013787
0 0.696691 0.716605 0.063317 0.070466
0 0.632353 0.730852 0.062092 0.038297
0 0.561479 0.732230 0.078023 0.040441
0 0.628676 0.690870 0.057190 0.037990
0 0.562704 0.691483 0.075572 0.036765
0 0.485498 0.710478 0.055964 0.070466
0 0.429534 0.709865 0.057598 0.072917
0 0.339052 0.731771 0.089869 0.037071
0 0.314338 0.692402 0.053513 0.017770
0 0.371324 0.670803 0.040850 0.019301
0 0.327002 0.668352 0.047794 0.023591
0 0.922794 0.809896 0.084967 0.053615
0 0.425654 0.410999 0.058824 0.068934
0 0.836193 0.816330 0.084150 0.045037
0 0.439134 0.632659 0.060458 0.042892
0 0.499183 0.633578 0.060458 0.042279
0 0.367239 0.694547 0.039216 0.023284
0 0.568015 0.592218 0.067402 0.034926
0 0.306781 0.383119 0.064542 0.040135
0 0.498162 0.596661 0.060866 0.032169
0 0.306168 0.426777 0.066585 0.042279
0 0.970384 0.502911 0.055964 0.071998
0 0.900940 0.503217 0.081291 0.071998
0 0.827410 0.527267 0.052696 0.033088
0 0.762868 0.479933 0.060049 0.040135
0 0.762663 0.522059 0.059641 0.044118
0 0.694240 0.520833 0.061683 0.041054
0 0.695874 0.477328 0.068219 0.040441
0 0.630106 0.526042 0.060866 0.033088
0 0.630719 0.480086 0.060458 0.058824
0 0.561275 0.488051 0.065359 0.035539
0 0.565359 0.527267 0.069444 0.037990
0 0.491830 0.528033 0.080882 0.036458
0 0.827002 0.489737 0.061683 0.038909
0 0.423407 0.531710 0.044526 0.029105
0 0.488971 0.485141 0.074346 0.048713
0 0.705474 0.614430 0.061275 0.076900
0 0.882149 0.576746 0.128676 0.048100
0 0.972835 0.582567 0.054330 0.037071
0 0.636234 0.632200 0.065768 0.035233
0 0.872549 0.627911 0.138072 0.035233
0 0.767157 0.611366 0.061275 0.080576
0 0.316585 0.533701 0.058824 0.027574
0 0.423611 0.501991 0.044935 0.026654
0 0.417688 0.473958 0.049428 0.028186
0 0.306985 0.502757 0.057598 0.024510
0 0.640523 0.593290 0.071078 0.039522
0 0.349265 0.469516 0.053105 0.031556
0 0.368668 0.529871 0.046160 0.031556
