0 0.208946 0.484681 0.040441 0.074755
0 0.022876 0.364890 0.029412 0.091912
0 0.127655 0.488205 0.041258 0.079350
0 0.063113 0.503983 0.039624 0.084559
0 0.026144 0.555300 0.039216 0.014400
0 0.025123 0.534007 0.037173 0.020221
0 0.053717 0.362439 0.027369 0.101103
0 0.169322 0.486673 0.028186 0.081189
0 0.201593 0.345435 0.035539 0.089154
0 0.104575 0.367953 0.052288 0.045343
0 0.159722 0.346354 0.041667 0.088542
0 0.234477 0.345435 0.027778 0.089154
0 0.267770 0.342371 0.033905 0.089767
0 0.306373 0.340993 0.040033 0.089461
0 0.354371 0.367953 0.050245 0.026348
0 0.256740 0.478094 0.040441 0.081189
0 0.353554 0.340686 0.051879 0.024510
0 0.110498 0.313572 0.032271 0.049326
0 0.877042 0.423713 0.036765 0.075368
0 0.605801 0.449142 0.028595 0.071078
0 0.341299 0.465839 0.027369 0.078125
0 0.407271 0.351103 0.047386 0.047794
0 0.841503 0.432138 0.017157 0.060968
0 0.819853 0.433364 0.018791 0.065870
0 0.784109 0.434896 0.030637 0.064032
0 0.753268 0.437040 0.022876 0.065870
0 0.727328 0.436275 0.029003 0.071691
0 0.692810 0.443934 0.025327 0.069853
0 0.305351 0.475950 0.037990 0.076900
0 0.665850 0.447151 0.026961 0.067096
0 0.570466 0.449449 0.041258 0.076593
0 0.526348 0.455576 0.029820 0.069240
0 0.487745 0.455729 0.026144 0.086703
0 0.462623 0.459865 0.023284 0.085172
0 0.437296 0.460631 0.027369 0.084252
0 0.406046 0.464614 0.035131 0.075674
0 0.371119 0.464614 0.032271 0.080576
0 0.636234 0.447304 0.029003 0.069853
0 0.450776 0.333793 0.034722 0.079963
0 0.738766 0.222426 0.035539 0.046569
0 0.510212 0.335478 0.022876 0.066789
0 0.940564 0.200061 0.042892 0.083333
0 0.981005 0.198376 0.020833 0.079963
0 0.977941 0.303002 0.040850 0.085784
0 0.915645 0.307292 0.078840 0.087010
0 0.796977 0.750613 0.020425 0.009804
0 0.823529 0.309130 0.096405 0.088235
0 0.761642 0.329810 0.026552 0.060355
0 0.893178 0.227635 0.037173 0.028186
0 0.731618 0.349418 0.027778 0.022365
0 0.674837 0.327972 0.022876 0.073223
0 0.645221 0.329350 0.020833 0.068627
0 0.621936 0.331342 0.022467 0.070159
0 0.593954 0.328278 0.023693 0.076287
0 0.562092 0.331495 0.027778 0.077819
0 0.534109 0.333333 0.019199 0.071691
0 0.912582 0.436887 0.025327 0.039216
0 0.698734 0.329963 0.022467 0.069853
0 0.857230 0.227635 0.032271 0.033088
0 0.799020 0.199755 0.075980 0.087623
0 0.689338 0.221048 0.058415 0.043811
0 0.029616 0.212010 0.059232 0.126838
0 0.092525 0.195619 0.041258 0.103248
0 0.133170 0.204810 0.039216 0.088542
0 0.175654 0.208946 0.037582 0.079657
0 0.218546 0.204197 0.040850 0.079963
0 0.260008 0.207874 0.040441 0.077512
0 0.298203 0.206801 0.030229 0.072917
0 0.326797 0.209252 0.023693 0.072917
0 0.350082 0.210631 0.022059 0.068934
0 0.381740 0.208487 0.034722 0.071385
0 0.419730 0.205729 0.040441 0.080576
0 0.457721 0.203125 0.036356 0.082721
0 0.489583 0.215686 0.023284 0.059436
0 0.517974 0.207108 0.031863 0.075980
0 0.550449 0.206495 0.029820 0.079657
0 0.591095 0.207874 0.047386 0.075061
0 0.637663 0.202972 0.040850 0.079963
0 0.484069 0.332721 0.027778 0.080270
0 0.962827 0.439951 0.058007 0.018995
0 0.809028 0.764859 0.032271 0.011949
0 0.866830 0.513634 0.042484 0.043811
0 0.214665 0.728401 0.033088 0.097120
0 0.247141 0.721507 0.027778 0.093137
0 0.276552 0.714308 0.028595 0.092831
0 0.309845 0.714461 0.031454 0.095588
0 0.340686 0.706495 0.026144 0.085784
0 0.368260 0.700368 0.026552 0.086397
0 0.404820 0.694240 0.039216 0.083946
0 0.451185 0.689951 0.045343 0.082721
0 0.503472 0.678309 0.041258 0.049632
0 0.560253 0.670037 0.046160 0.085784
0 0.597631 0.660692 0.028595 0.064645
0 0.647263 0.665748 0.037990 0.063113
0 0.693423 0.656556 0.040441 0.068627
0 0.735907 0.646293 0.039624 0.055453
0 0.779820 0.656403 0.037582 0.034620
0 0.838848 0.624847 0.043709 0.055453
0 0.892361 0.623009 0.032271 0.056679
0 0.181168 0.732230 0.029820 0.094975
0 0.948121 0.611366 0.031863 0.054841
0 0.148080 0.735907 0.033905 0.095588
0 0.018791 0.780178 0.037582 0.095282
0 0.596814 0.555913 0.017157 0.087929
0 0.573529 0.561581 0.027778 0.077819
0 0.543709 0.566483 0.029412 0.080270
0 0.516748 0.567862 0.022876 0.085478
0 0.487337 0.569853 0.034314 0.087010
0 0.454044 0.582721 0.032271 0.060049
0 0.423815 0.580423 0.025735 0.084252
0 0.394199 0.582261 0.030229 0.095282
0 0.361111 0.585172 0.031863 0.096201
0 0.328431 0.587929 0.030229 0.094363
0 0.293301 0.588542 0.033497 0.098039
0 0.933619 0.530637 0.070670 0.051471
0 0.226307 0.600031 0.033497 0.097120
0 0.186275 0.620251 0.043301 0.067708
0 0.139706 0.626072 0.045752 0.067708
0 0.061887 0.684130 0.101716 0.032475
0 0.050858 0.651808 0.095180 0.030331
0 0.078431 0.771752 0.070261 0.097426
0 0.622345 0.552083 0.029820 0.085172
0 0.984477 0.608303 0.031046 0.056066
0 0.099469 0.931679 0.073938 0.122549
0 0.599673 0.855392 0.051471 0.012868
0 0.638480 0.750000 0.045752 0.017770
0 0.643382 0.772059 0.043301 0.014093
0 0.654820 0.789828 0.053105 0.011029
0 0.646855 0.801011 0.043709 0.009498
0 0.662582 0.836550 0.058824 0.013787
0 0.714869 0.784467 0.048203 0.017463
0 0.717116 0.825214 0.049428 0.010110
0 0.716708 0.809743 0.039624 0.015319
0 0.761642 0.751838 0.046160 0.012255
0 0.762663 0.766850 0.044935 0.013480
0 0.766953 0.781097 0.046977 0.010723
0 0.773080 0.802083 0.037173 0.014093
0 0.994077 0.518689 0.011846 0.061275
0 0.944036 0.764246 0.058824 0.019914
0 0.866422 0.791054 0.047386 0.025123
0 0.818015 0.800705 0.043709 0.011336
0 0.602533 0.841146 0.063725 0.013174
0 0.031250 0.941789 0.062500 0.116422
0 0.591708 0.814185 0.057598 0.011949
0 0.588848 0.780484 0.051879 0.009498
0 0.175245 0.893382 0.075163 0.117647
0 0.250613 0.849724 0.073121 0.102022
0 0.343342 0.830729 0.098448 0.097733
0 0.351716 0.897365 0.057190 0.020221
0 0.422794 0.880668 0.052288 0.013174
0 0.418913 0.897212 0.054330 0.015012
0 0.479167 0.869179 0.056373 0.009191
0 0.480596 0.881127 0.053513 0.009191
0 0.475490 0.803002 0.062092 0.018382
0 0.474265 0.819087 0.062908 0.010110
0 0.480188 0.830270 0.058415 0.007966
0 0.478962 0.845129 0.055964 0.011336
0 0.529820 0.810355 0.045752 0.015931
0 0.535131 0.826593 0.053105 0.012868
0 0.540441 0.853707 0.051471 0.011949
0 0.540237 0.865502 0.054330 0.009191
0 0.590278 0.764859 0.051471 0.014400
0 0.581904 0.797181 0.051062 0.011642
0 0.648489 0.564491 0.018382 0.049939
0 0.260825 0.595588 0.032271 0.099877
0 0.790441 0.514093 0.017157 0.035539
0 0.675654 0.547641 0.034314 0.059130
0 0.704861 0.553309 0.015931 0.037377
0 0.826797 0.540288 0.048203 0.020527
0 0.794526 0.557598 0.022059 0.017157
0 0.831699 0.558977 0.039216 0.015012
0 0.756944 0.543964 0.046569 0.064032
