0 0.124573 0.496995 0.060256 0.026683
0 0.056197 0.511058 0.032051 0.045673
0 0.028419 0.509255 0.016667 0.046875
0 0.010256 0.510216 0.016239 0.043990
0 0.191880 0.499038 0.062393 0.027885
0 0.193803 0.468149 0.058547 0.025721
0 0.217521 0.557212 0.033333 0.052404
0 0.316453 0.497356 0.050000 0.028846
0 0.988034 0.407572 0.023932 0.094471
0 0.545085 0.572115 0.045726 0.059615
0 0.595940 0.567548 0.046581 0.059615
0 0.494017 0.574159 0.040171 0.052163
0 0.457479 0.578606 0.035470 0.051923
0 0.414316 0.573558 0.041453 0.059615
0 0.365598 0.573918 0.044017 0.058413
0 0.319658 0.573438 0.036752 0.053125
0 0.258333 0.576322 0.050855 0.063221
0 0.141453 0.536058 0.037607 0.012019
0 0.161966 0.575962 0.030769 0.048077
0 0.121368 0.580168 0.041880 0.055048
0 0.082479 0.596154 0.028205 0.043750
0 0.255983 0.496154 0.053846 0.027404
0 0.046154 0.602284 0.031624 0.040625
0 0.990171 0.522837 0.019658 0.091827
0 0.965812 0.523918 0.019658 0.092067
0 0.943590 0.523918 0.018803 0.089663
0 0.902137 0.491587 0.052991 0.033654
0 0.848077 0.492428 0.052564 0.035817
0 0.790385 0.491106 0.054274 0.035096
0 0.736538 0.491587 0.046581 0.036058
0 0.682906 0.491106 0.052137 0.037019
0 0.627564 0.492428 0.045726 0.037740
0 0.572436 0.491707 0.048291 0.035817
0 0.517949 0.491346 0.051282 0.037981
0 0.430983 0.493630 0.050000 0.036298
0 0.375641 0.495072 0.047863 0.036298
0 0.019872 0.600841 0.019231 0.046875
0 0.961111 0.407572 0.025641 0.092067
0 0.290598 0.228726 0.063248 0.030529
0 0.830983 0.407692 0.038889 0.058173
0 0.167308 0.337861 0.053419 0.038221
0 0.107906 0.337981 0.055128 0.040865
0 0.922436 0.261418 0.068803 0.016587
0 0.919444 0.243389 0.067094 0.016587
0 0.846368 0.261418 0.077350 0.018990
0 0.845726 0.240986 0.076068 0.018510
0 0.764530 0.262260 0.074359 0.018269
0 0.766239 0.243029 0.077778 0.018269
0 0.691453 0.258173 0.061538 0.028365
0 0.626709 0.258894 0.064530 0.027404
0 0.557692 0.259736 0.058974 0.026683
0 0.494444 0.260096 0.060684 0.027404
0 0.689103 0.228245 0.064530 0.029567
0 0.230769 0.337260 0.059829 0.039423
0 0.620726 0.227764 0.060256 0.028606
0 0.489957 0.229687 0.055983 0.027644
0 0.425855 0.259495 0.064530 0.028606
0 0.421154 0.227404 0.067094 0.029808
0 0.360684 0.259375 0.062393 0.028365
0 0.292308 0.259375 0.058120 0.028365
0 0.571368 0.531010 0.098291 0.006731
0 0.222009 0.257091 0.061966 0.030529
0 0.151923 0.256731 0.058547 0.029808
0 0.086325 0.258534 0.064103 0.029087
0 0.157051 0.227163 0.068803 0.025000
0 0.082479 0.227764 0.064103 0.030529
0 0.990171 0.844111 0.019658 0.058894
0 0.959615 0.844712 0.031197 0.053365
0 0.552350 0.228245 0.064530 0.029567
0 0.289957 0.337740 0.057692 0.037981
0 0.350641 0.337139 0.054274 0.039663
0 0.409402 0.337260 0.059829 0.037019
0 0.788462 0.407452 0.038462 0.057212
0 0.742949 0.407332 0.043162 0.057452
0 0.682906 0.387019 0.052137 0.016827
0 0.628205 0.385937 0.051282 0.014663
0 0.690171 0.416466 0.054701 0.037260
0 0.633761 0.415385 0.041880 0.035096
0 0.585256 0.416226 0.045726 0.037740
0 0.535470 0.416106 0.046154 0.041346
0 0.474145 0.422837 0.055983 0.026442
0 0.419017 0.421394 0.050855 0.031250
0 0.353632 0.422476 0.056838 0.025240
0 0.292094 0.423197 0.057692 0.030529
0 0.226496 0.429928 0.058974 0.014663
0 0.232692 0.414784 0.051709 0.013702
0 0.181838 0.416947 0.026068 0.040625
0 0.154060 0.414423 0.022650 0.037981
0 0.126282 0.415264 0.023504 0.037260
0 0.101282 0.415264 0.025641 0.037260
0 0.033120 0.430889 0.061966 0.045913
0 0.891026 0.306731 0.062393 0.014423
0 0.772222 0.308053 0.089744 0.012740
0 0.917521 0.334375 0.055556 0.038462
0 0.854701 0.335577 0.062393 0.038462
0 0.791453 0.335697 0.056410 0.038702
0 0.726923 0.336659 0.059829 0.040625
0 0.659829 0.337260 0.058120 0.039423
0 0.595513 0.335457 0.050000 0.043029
0 0.536538 0.338221 0.056838 0.038942
0 0.473077 0.338221 0.058120 0.037500
0 0.873718 0.405288 0.044017 0.059615
0 0.647436 0.570553 0.041026 0.063221
0 0.974359 0.286899 0.028205 0.096875
0 0.743590 0.569591 0.044444 0.063702
0 0.257265 0.766707 0.092308 0.028125
0 0.254060 0.736298 0.098718 0.026442
0 0.154915 0.765144 0.087607 0.025000
0 0.155556 0.737019 0.086325 0.027885
0 0.087393 0.748437 0.033761 0.032452
0 0.050214 0.747356 0.020085 0.027885
0 0.018162 0.745433 0.032051 0.035577
0 0.956410 0.643750 0.041026 0.060577
0 0.886752 0.684495 0.074359 0.021875
0 0.892735 0.657813 0.074359 0.022837
0 0.807906 0.684255 0.077350 0.021394
0 0.811325 0.660337 0.080769 0.021154
0 0.813248 0.636538 0.076068 0.023558
0 0.731410 0.671154 0.036325 0.029327
0 0.680342 0.674038 0.051282 0.041827
0 0.676923 0.643510 0.052137 0.014904
0 0.680983 0.627163 0.064530 0.013462
0 0.623718 0.672356 0.054274 0.045192
0 0.574359 0.663462 0.040171 0.056731
0 0.531838 0.663942 0.038889 0.053365
0 0.491239 0.667188 0.038034 0.055048
0 0.340385 0.740024 0.070513 0.035817
0 0.341667 0.770192 0.060256 0.021635
0 0.402350 0.754687 0.049145 0.044952
0 0.458974 0.745192 0.046154 0.062019
0 0.693803 0.569832 0.045726 0.059375
0 0.856838 0.837019 0.082906 0.053846
0 0.628205 0.834495 0.079487 0.055529
0 0.537393 0.840865 0.082479 0.032212
0 0.450641 0.845793 0.081624 0.039663
0 0.373932 0.848197 0.060684 0.035337
0 0.298718 0.849519 0.082906 0.028846
0 0.212179 0.845673 0.062821 0.034615
0 0.136538 0.848077 0.064530 0.032692
0 0.017094 0.831851 0.029915 0.061298
0 0.447222 0.669111 0.038889 0.054567
0 0.975641 0.729928 0.030769 0.069952
0 0.877350 0.767188 0.067521 0.027163
0 0.800855 0.766587 0.070940 0.030288
0 0.879915 0.731010 0.068376 0.038462
0 0.804915 0.730168 0.067094 0.036779
0 0.724359 0.766466 0.074359 0.027644
0 0.728205 0.731010 0.078632 0.029327
0 0.650641 0.761058 0.067949 0.035096
0 0.574573 0.759736 0.068803 0.032452
0 0.573932 0.726803 0.067521 0.027644
0 0.513462 0.749159 0.046581 0.060817
0 0.940812 0.742548 0.033761 0.081731
0 0.384402 0.659856 0.050000 0.067788
0 0.925641 0.845553 0.035043 0.056971
0 0.200427 0.664303 0.039316 0.056490
0 0.789957 0.571154 0.037179 0.064423
0 0.824145 0.556490 0.020940 0.055288
0 0.014103 0.673678 0.023932 0.045433
0 0.244017 0.663822 0.038462 0.055529
0 0.904487 0.573317 0.049145 0.063942
0 0.051496 0.673798 0.026923 0.043750
0 0.080128 0.673197 0.027778 0.044471
0 0.125427 0.666346 0.033761 0.053365
0 0.163675 0.666106 0.029915 0.055288
