0 0.792521 0.619832 0.047436 0.019471
0 0.833974 0.613942 0.024359 0.031250
0 0.880769 0.604567 0.055556 0.051442
0 0.761111 0.615264 0.025641 0.028606
0 0.067949 0.654447 0.046154 0.042548
0 0.317094 0.609014 0.035043 0.045913
0 0.276709 0.609856 0.034615 0.049038
0 0.140812 0.731611 0.043162 0.021875
0 0.135470 0.762500 0.036752 0.030769
0 0.184188 0.762019 0.035897 0.027404
0 0.229487 0.760817 0.041026 0.025000
0 0.369872 0.589904 0.066239 0.026442
0 0.726923 0.608894 0.025641 0.041346
0 0.918803 0.523077 0.034188 0.055769
0 0.591239 0.627404 0.079060 0.009135
0 0.233547 0.735096 0.044872 0.020673
0 0.050855 0.756370 0.098291 0.033894
0 0.051068 0.797957 0.093590 0.020433
0 0.051709 0.837380 0.100855 0.030048
0 0.236752 0.609736 0.038462 0.044471
0 0.198504 0.610817 0.038889 0.047115
0 0.163034 0.609255 0.032051 0.045433
0 0.128419 0.614303 0.024359 0.040144
0 0.085684 0.574159 0.062821 0.033894
0 0.017094 0.562981 0.029915 0.070673
0 0.100427 0.522596 0.089744 0.037981
0 0.670299 0.615505 0.070513 0.035337
0 0.187821 0.733293 0.042308 0.018029
0 0.331624 0.746755 0.045299 0.040144
0 0.390598 0.752043 0.035043 0.038702
0 0.128846 0.677524 0.032051 0.055048
0 0.164957 0.677163 0.036752 0.050962
0 0.208120 0.678245 0.049573 0.052163
0 0.366239 0.677284 0.022222 0.053125
0 0.390385 0.678005 0.016667 0.056010
0 0.413034 0.679207 0.018376 0.051683
0 0.439103 0.678966 0.020940 0.047356
0 0.471368 0.669832 0.037607 0.024760
0 0.473718 0.694952 0.037179 0.020192
0 0.515385 0.694111 0.030769 0.024279
0 0.514530 0.668269 0.032479 0.023077
0 0.562607 0.662500 0.047436 0.025000
0 0.562607 0.690144 0.043162 0.022596
0 0.609188 0.690865 0.045726 0.022115
0 0.020726 0.663702 0.039744 0.046635
0 0.607692 0.662019 0.041880 0.028365
0 0.726709 0.678726 0.050855 0.024279
0 0.795085 0.666346 0.076496 0.012500
0 0.800855 0.681611 0.082051 0.013221
0 0.799573 0.695312 0.080342 0.014663
0 0.907051 0.693870 0.130342 0.018510
0 0.899786 0.674760 0.120085 0.011538
0 0.780769 0.743630 0.052137 0.041106
0 0.726923 0.751442 0.047009 0.044712
0 0.669872 0.755889 0.052564 0.036779
0 0.604915 0.742067 0.045726 0.037981
0 0.555769 0.741947 0.032906 0.035337
0 0.509829 0.740625 0.041880 0.034135
0 0.469444 0.753846 0.035470 0.037500
0 0.427564 0.750361 0.027778 0.035337
0 0.667094 0.684856 0.055556 0.030769
0 0.882265 0.541707 0.034615 0.029087
0 0.368803 0.619591 0.068376 0.024760
0 0.728846 0.520433 0.060256 0.074038
0 0.480556 0.116827 0.049145 0.073077
0 0.406197 0.101923 0.049145 0.081731
0 0.338889 0.108774 0.055556 0.076202
0 0.270726 0.109135 0.072222 0.079327
0 0.188675 0.123798 0.049145 0.034135
0 0.130556 0.124760 0.044017 0.031250
0 0.077778 0.126683 0.048718 0.027885
0 0.022436 0.124880 0.042308 0.028606
0 0.419231 0.797716 0.064957 0.016106
0 0.489744 0.797115 0.069231 0.010096
0 0.432692 0.842548 0.080769 0.022115
0 0.499786 0.841346 0.061966 0.017308
0 0.499573 0.811899 0.065812 0.012260
0 0.426282 0.813462 0.067949 0.012981
0 0.283974 0.805529 0.058547 0.012500
0 0.357906 0.811058 0.051709 0.025481
0 0.344444 0.843389 0.070940 0.022356
0 0.271368 0.842668 0.064957 0.028125
0 0.189957 0.834495 0.068803 0.047837
0 0.560897 0.242308 0.034615 0.067308
0 0.511538 0.228966 0.051282 0.088702
0 0.057692 0.090745 0.055556 0.028125
0 0.453205 0.237139 0.055128 0.084375
0 0.125855 0.087740 0.051709 0.036538
0 0.200214 0.051923 0.068803 0.030288
0 0.361538 0.523678 0.057265 0.062740
0 0.305983 0.531971 0.045299 0.053365
0 0.798932 0.526683 0.077350 0.068750
0 0.956838 0.413702 0.046154 0.014423
0 0.958120 0.442788 0.040171 0.031731
0 0.915598 0.456010 0.040598 0.015865
0 0.842735 0.444832 0.045299 0.035817
0 0.789744 0.437981 0.035897 0.053365
0 0.734615 0.430529 0.057265 0.064423
0 0.677778 0.443990 0.047009 0.046154
0 0.619872 0.446514 0.050000 0.041587
0 0.175855 0.424639 0.032051 0.060337
0 0.229915 0.422356 0.046154 0.067788
0 0.299359 0.423438 0.057692 0.065144
0 0.014957 0.093510 0.025641 0.033654
0 0.201496 0.020072 0.049145 0.020913
0 0.138248 0.021995 0.063675 0.017548
0 0.036111 0.027764 0.068803 0.021394
0 0.017521 0.058293 0.033333 0.027163
0 0.068162 0.059736 0.046581 0.026683
0 0.136752 0.052524 0.054701 0.026683
0 0.191239 0.090505 0.054274 0.030048
0 0.389530 0.239183 0.054274 0.075481
0 0.593376 0.613822 0.074786 0.012260
0 0.210043 0.229808 0.066239 0.073558
0 0.722222 0.136899 0.026496 0.032933
0 0.684188 0.114423 0.038462 0.073077
0 0.650427 0.114423 0.029060 0.075481
0 0.615171 0.116947 0.026923 0.068029
0 0.578205 0.113101 0.037607 0.075721
0 0.536538 0.130409 0.045726 0.035337
0 0.966667 0.246514 0.031624 0.068510
0 0.927350 0.242788 0.042735 0.077885
0 0.882051 0.248678 0.030769 0.063702
0 0.822222 0.258534 0.022222 0.051202
0 0.799573 0.253726 0.011966 0.060817
0 0.781624 0.248197 0.018803 0.062260
0 0.753846 0.247476 0.027350 0.070913
0 0.681838 0.244591 0.034615 0.071875
0 0.223077 0.523678 0.062393 0.071394
0 0.164316 0.523798 0.033761 0.067308
0 0.433120 0.522476 0.075641 0.074760
0 0.518376 0.521635 0.084615 0.066827
0 0.330769 0.245913 0.060684 0.067308
0 0.597650 0.517788 0.066239 0.069712
0 0.664530 0.525841 0.060684 0.063221
0 0.755128 0.139303 0.026496 0.026683
0 0.722436 0.099639 0.030342 0.043029
0 0.722650 0.242188 0.029915 0.074279
0 0.820299 0.125841 0.073077 0.050240
0 0.024359 0.237139 0.027350 0.066587
0 0.754487 0.100361 0.026068 0.040144
0 0.070299 0.227764 0.050855 0.091106
0 0.139316 0.233173 0.040171 0.068269
0 0.605769 0.242668 0.032906 0.068510
0 0.633547 0.243990 0.020085 0.067308
0 0.482479 0.429207 0.057265 0.047837
0 0.024786 0.331971 0.036752 0.083654
0 0.152564 0.343510 0.083761 0.070673
0 0.254060 0.342067 0.098718 0.060577
0 0.344017 0.368630 0.048718 0.010817
0 0.404060 0.432091 0.049145 0.041587
0 0.476496 0.339062 0.053846 0.030529
0 0.935897 0.123798 0.076923 0.055769
0 0.952137 0.350962 0.035897 0.053365
0 0.892094 0.342308 0.049145 0.058654
0 0.406197 0.338221 0.049145 0.076442
0 0.758547 0.338942 0.041880 0.071154
0 0.713889 0.342428 0.034615 0.065625
0 0.814957 0.339543 0.058120 0.073798
0 0.656197 0.342788 0.050855 0.059615
0 0.590171 0.342909 0.064103 0.064663
0 0.507692 0.367668 0.090598 0.011298
