0 0.430556 0.192862 0.049837 0.125919
0 0.476716 0.181219 0.040033 0.147978
0 0.651348 0.703431 0.054330 0.061275
0 0.596814 0.503676 0.019608 0.041667
0 0.534926 0.540288 0.017565 0.043811
0 0.554534 0.543658 0.024101 0.038297
0 0.579248 0.545190 0.021242 0.044424
0 0.719771 0.660846 0.069444 0.058824
0 0.871732 0.701134 0.080065 0.065870
0 0.795139 0.679688 0.073121 0.059743
0 0.867443 0.771599 0.075572 0.071998
0 0.575163 0.499387 0.021242 0.044730
0 0.784926 0.751225 0.064951 0.071078
0 0.964869 0.355239 0.070261 0.182292
0 0.599265 0.547335 0.020425 0.040135
0 0.424020 0.638940 0.032680 0.042586
0 0.459967 0.650735 0.035131 0.047794
0 0.501225 0.662224 0.040033 0.052390
0 0.544322 0.673866 0.040441 0.054228
0 0.595384 0.689951 0.049428 0.068015
0 0.623366 0.556985 0.027778 0.046569
0 0.715278 0.727328 0.060458 0.066176
0 0.555556 0.498162 0.017974 0.037377
0 0.534926 0.496324 0.021650 0.041667
0 0.703431 0.565411 0.028595 0.046262
0 0.706495 0.513787 0.022467 0.047181
0 0.679330 0.510876 0.029412 0.049326
0 0.651348 0.508578 0.026552 0.044118
0 0.623570 0.506281 0.028186 0.049326
0 0.826389 0.586091 0.034314 0.053922
0 0.790850 0.583333 0.031863 0.056373
0 0.757149 0.575674 0.033905 0.050245
0 0.728962 0.573683 0.022467 0.055453
0 0.981209 0.612745 0.037582 0.055760
0 0.945261 0.604626 0.035131 0.071385
0 0.903186 0.597886 0.040850 0.057904
0 0.865605 0.596967 0.035131 0.062194
0 0.906250 0.533854 0.038807 0.054841
0 0.864992 0.531710 0.037990 0.057292
0 0.828227 0.528339 0.033905 0.047488
0 0.793913 0.523744 0.030637 0.056679
0 0.763072 0.519914 0.029412 0.049020
0 0.734273 0.517923 0.029003 0.054228
0 0.677083 0.560968 0.024918 0.054534
0 0.425245 0.593597 0.035131 0.046262
0 0.463235 0.601869 0.037582 0.047488
0 0.649510 0.556832 0.022876 0.045650
0 0.509804 0.533088 0.020425 0.038603
0 0.456291 0.369638 0.048203 0.122855
0 0.509395 0.367800 0.040033 0.124081
0 0.957721 0.889706 0.084559 0.063725
0 0.957516 0.961857 0.084150 0.070772
0 0.789624 0.957261 0.066176 0.049326
0 0.725286 0.920496 0.051879 0.060968
0 0.666462 0.893229 0.052696 0.064645
0 0.660948 0.956955 0.053922 0.057904
0 0.413807 0.373009 0.036765 0.116115
0 0.724877 0.977022 0.059232 0.045956
0 0.698529 0.130055 0.063725 0.174326
0 0.769404 0.119945 0.074755 0.160233
0 0.845997 0.098499 0.073529 0.188419
0 0.933415 0.088082 0.097222 0.170037
0 0.883170 0.379136 0.091503 0.137561
0 0.754698 0.363817 0.057598 0.155944
0 0.698529 0.366268 0.051471 0.151654
0 0.638889 0.361979 0.042484 0.132047
0 0.626225 0.148131 0.078431 0.146140
0 0.588644 0.365656 0.052288 0.132047
0 0.872753 0.928002 0.082108 0.075980
0 0.806985 0.829657 0.092729 0.063113
0 0.482435 0.530484 0.026961 0.040135
0 0.462010 0.527727 0.014706 0.046262
0 0.446487 0.525429 0.016340 0.041054
0 0.431168 0.524203 0.014297 0.039216
0 0.487337 0.486520 0.028595 0.040441
0 0.465074 0.485754 0.016748 0.041973
0 0.447917 0.484528 0.015114 0.037071
0 0.517157 0.173713 0.043301 0.133578
0 0.796773 0.897978 0.068219 0.064951
0 0.560253 0.161612 0.039624 0.157169
0 0.504289 0.609681 0.042075 0.048407
0 0.400735 0.715839 0.047386 0.092218
0 0.458742 0.730852 0.061275 0.097733
0 0.401961 0.807904 0.045752 0.083946
0 0.457108 0.833946 0.053922 0.099265
0 0.517157 0.731464 0.047386 0.049939
0 0.562092 0.746477 0.043301 0.052390
0 0.611111 0.759804 0.052288 0.051471
0 0.430147 0.483762 0.020425 0.037990
0 0.546364 0.366881 0.032271 0.125306
