0 0.034455 0.165144 0.024038 0.021154
0 0.036538 0.184135 0.025000 0.013462
0 0.577885 0.479087 0.125641 0.015865
0 0.589744 0.287260 0.127564 0.015865
0 0.449199 0.481250 0.127885 0.016346
0 0.315064 0.438702 0.133974 0.024038
0 0.312981 0.463341 0.133654 0.022356
0 0.317468 0.483534 0.133654 0.016106
0 0.176763 0.440505 0.136859 0.023798
0 0.174840 0.464423 0.139423 0.022115
0 0.175160 0.484375 0.137500 0.013942
0 0.051603 0.441226 0.103205 0.023317
0 0.589904 0.344591 0.121474 0.022356
0 0.712821 0.385817 0.124359 0.013942
0 0.713141 0.367548 0.124359 0.017788
0 0.828045 0.382692 0.100962 0.011538
0 0.825160 0.366106 0.096474 0.017788
0 0.051763 0.465024 0.103526 0.020433
0 0.051923 0.486538 0.103846 0.019231
0 0.981891 0.365024 0.035577 0.010817
0 0.981250 0.380649 0.037500 0.018029
0 0.916667 0.359495 0.083333 0.023317
0 0.032532 0.142067 0.023397 0.022596
0 0.921154 0.381250 0.077564 0.016827
0 0.818109 0.346394 0.104808 0.021154
0 0.587500 0.368029 0.123077 0.021635
0 0.125801 0.182572 0.149038 0.017548
0 0.298237 0.077764 0.143910 0.018510
0 0.124199 0.132692 0.149038 0.025481
0 0.457853 0.289423 0.132372 0.015865
0 0.722276 0.288702 0.130449 0.013942
0 0.720353 0.271034 0.126603 0.019471
0 0.720353 0.249399 0.123397 0.020433
0 0.865064 0.286058 0.144231 0.013462
0 0.861859 0.268029 0.144231 0.020673
0 0.858173 0.245433 0.149679 0.023077
0 0.970673 0.285337 0.058013 0.012019
0 0.970833 0.267428 0.058333 0.021875
0 0.971635 0.243870 0.056731 0.019952
0 0.043429 0.391827 0.086859 0.016346
0 0.043910 0.371154 0.087821 0.020673
0 0.042628 0.349760 0.085256 0.020673
0 0.124199 0.159736 0.149038 0.024279
0 0.041987 0.329928 0.083974 0.017067
0 0.166987 0.364904 0.142308 0.025000
0 0.163782 0.340144 0.142308 0.023077
0 0.321314 0.386418 0.137500 0.017548
0 0.321795 0.367308 0.138462 0.017788
0 0.323558 0.344111 0.141987 0.023798
0 0.458494 0.390264 0.117628 0.013221
0 0.458494 0.372356 0.120833 0.018269
0 0.458173 0.351803 0.116987 0.019952
0 0.586058 0.386538 0.123397 0.012981
0 0.450962 0.460457 0.127564 0.021394
0 0.279487 0.136779 0.143590 0.024038
0 0.279327 0.163341 0.143269 0.024760
0 0.280769 0.184976 0.144231 0.015144
0 0.170833 0.387861 0.140385 0.018029
0 0.578686 0.459135 0.124038 0.021154
0 0.892147 0.450120 0.076603 0.012740
0 0.578205 0.435096 0.122436 0.020673
0 0.696955 0.065264 0.108654 0.020433
0 0.696635 0.043990 0.104808 0.020673
0 0.805128 0.085457 0.101282 0.012740
0 0.804487 0.067428 0.100000 0.019952
0 0.802244 0.044111 0.101923 0.023317
0 0.908814 0.089183 0.100321 0.010577
0 0.906731 0.075481 0.096154 0.014423
0 0.874359 0.846995 0.082692 0.009375
0 0.671795 0.825721 0.033974 0.066346
0 0.705449 0.824159 0.028846 0.066587
0 0.737660 0.822236 0.033013 0.066587
0 0.774038 0.819591 0.033333 0.066587
0 0.077083 0.867788 0.141346 0.023558
0 0.109455 0.834255 0.084936 0.030529
0 0.219071 0.871995 0.105449 0.012740
0 0.219071 0.857452 0.105449 0.014904
0 0.219231 0.839784 0.102564 0.017548
0 0.326923 0.865745 0.100641 0.013221
0 0.327404 0.850481 0.101603 0.014904
0 0.424359 0.863101 0.087821 0.011779
0 0.424199 0.843389 0.084295 0.019952
0 0.523077 0.859736 0.090385 0.012740
0 0.522917 0.844471 0.086859 0.014904
0 0.518109 0.821154 0.083654 0.013942
0 0.518750 0.804808 0.084936 0.014904
0 0.608333 0.800481 0.081410 0.015865
0 0.609776 0.823438 0.084295 0.013702
0 0.610096 0.839183 0.081731 0.012500
0 0.611218 0.853726 0.080769 0.011779
0 0.698878 0.082812 0.106090 0.012260
0 0.450000 0.437260 0.128846 0.020673
0 0.575000 0.038702 0.130769 0.024519
0 0.575962 0.081851 0.135256 0.012740
0 0.703045 0.478726 0.120833 0.012740
0 0.703045 0.460938 0.120833 0.020433
0 0.703365 0.440865 0.121474 0.018269
0 0.809776 0.475481 0.088141 0.011058
0 0.807692 0.459014 0.080769 0.016587
0 0.801122 0.439063 0.067628 0.019471
0 0.902083 0.476683 0.081731 0.007692
0 0.900321 0.464423 0.076923 0.012981
0 0.591827 0.244832 0.129808 0.021875
0 0.892308 0.435096 0.073718 0.011538
0 0.972436 0.468870 0.055128 0.017067
0 0.967628 0.450601 0.064744 0.013702
0 0.965865 0.433654 0.067628 0.015865
0 0.059135 0.581731 0.118269 0.018269
0 0.060096 0.559736 0.120192 0.024279
0 0.060737 0.535697 0.121474 0.018510
0 0.187500 0.579447 0.132051 0.015144
0 0.188782 0.559615 0.134615 0.020673
0 0.189583 0.535697 0.129808 0.023317
0 0.327724 0.576202 0.140705 0.015865
0 0.328526 0.556250 0.139103 0.021154
0 0.328526 0.534375 0.139103 0.020673
0 0.326923 0.517548 0.139103 0.008654
0 0.464583 0.573558 0.123397 0.018269
0 0.463622 0.552644 0.124679 0.021154
0 0.463301 0.530889 0.124038 0.018510
0 0.439583 0.078486 0.134295 0.014183
0 0.440545 0.057933 0.135577 0.023077
0 0.438622 0.031010 0.135577 0.023077
0 0.575481 0.063341 0.132372 0.022356
0 0.589904 0.267668 0.129808 0.021875
0 0.965224 0.152764 0.069551 0.017548
0 0.456250 0.267909 0.131090 0.023798
0 0.453686 0.142909 0.131731 0.024279
0 0.457212 0.167548 0.130449 0.022115
0 0.458013 0.187260 0.129487 0.015385
0 0.366667 0.136779 0.027564 0.024038
0 0.367628 0.161779 0.027564 0.025000
0 0.368590 0.184736 0.027564 0.017067
0 0.851923 0.830409 0.089103 0.018029
0 0.965865 0.841947 0.067628 0.009856
0 0.969231 0.820433 0.061538 0.007692
0 0.963622 0.808173 0.072756 0.012019
0 0.957692 0.791947 0.080128 0.013221
0 0.966026 0.731490 0.067949 0.009615
0 0.965224 0.718269 0.069551 0.009615
0 0.964423 0.704087 0.071154 0.012500
0 0.960577 0.690986 0.066667 0.007933
0 0.886378 0.691707 0.081090 0.009375
0 0.886218 0.708293 0.077564 0.013702
0 0.888141 0.723437 0.077564 0.012740
0 0.888141 0.736899 0.078205 0.010817
0 0.785256 0.697837 0.115385 0.019231
0 0.786218 0.717909 0.117308 0.018510
0 0.787660 0.737500 0.116987 0.016827
0 0.663782 0.701683 0.119231 0.019712
0 0.666667 0.724279 0.118590 0.019231
0 0.665545 0.742788 0.119551 0.015385
0 0.544391 0.746394 0.120192 0.017788
0 0.544872 0.725841 0.120513 0.019952
0 0.590865 0.188221 0.131731 0.015385
0 0.590705 0.167909 0.131410 0.024279
0 0.590705 0.141707 0.131410 0.024279
0 0.967949 0.172356 0.064103 0.018750
0 0.296314 0.028726 0.143910 0.023317
0 0.967628 0.538221 0.064744 0.013942
0 0.889904 0.541226 0.078526 0.012740
0 0.966667 0.553365 0.066026 0.012981
0 0.147917 0.025962 0.149038 0.024519
0 0.148878 0.052404 0.150321 0.023077
0 0.150321 0.075481 0.148077 0.017788
0 0.035577 0.025120 0.071154 0.024279
0 0.035897 0.053245 0.071795 0.024279
0 0.889904 0.555529 0.081090 0.012019
0 0.968429 0.565264 0.063141 0.008413
0 0.891026 0.566346 0.077564 0.008173
0 0.797115 0.549639 0.098077 0.017548
0 0.541026 0.701683 0.121154 0.017788
0 0.799359 0.566466 0.098077 0.013221
0 0.695192 0.531971 0.095513 0.020673
0 0.696795 0.551322 0.098718 0.016106
0 0.698077 0.567909 0.098077 0.014183
0 0.584776 0.534135 0.109295 0.018269
0 0.586378 0.552644 0.108013 0.016346
0 0.585096 0.569111 0.108654 0.014663
0 0.731571 0.188942 0.133013 0.013462
0 0.733013 0.170673 0.129487 0.020192
0 0.730609 0.149159 0.134295 0.021394
0 0.863782 0.189183 0.123718 0.009615
0 0.867308 0.173437 0.119872 0.018990
0 0.864263 0.153125 0.120192 0.020192
0 0.970032 0.187620 0.059936 0.008413
0 0.778045 0.511899 0.097756 0.011779
0 0.458814 0.243389 0.131090 0.023798
0 0.422596 0.705048 0.109936 0.019712
0 0.426282 0.750481 0.114103 0.016346
0 0.202885 0.626202 0.124359 0.019712
0 0.200641 0.648317 0.132692 0.018269
0 0.198237 0.668630 0.131090 0.018990
0 0.068109 0.626202 0.136218 0.022115
0 0.066506 0.651442 0.133013 0.021635
0 0.065545 0.672837 0.131090 0.018269
0 0.963622 0.617788 0.072756 0.019712
0 0.966026 0.644832 0.067949 0.016106
0 0.897917 0.517308 0.078526 0.010577
0 0.890545 0.528726 0.083013 0.009856
0 0.969071 0.524279 0.061218 0.010096
0 0.035737 0.076202 0.071474 0.015865
0 0.981250 0.047115 0.037500 0.019712
0 0.981090 0.069231 0.037179 0.021154
0 0.982051 0.088101 0.035897 0.013221
0 0.906410 0.057212 0.095513 0.020673
0 0.297596 0.055048 0.143910 0.023558
0 0.964263 0.135697 0.070833 0.012260
0 0.046314 0.286538 0.089423 0.014423
0 0.044712 0.265264 0.089423 0.024760
0 0.043590 0.238462 0.087179 0.023558
0 0.164423 0.286899 0.143590 0.015144
0 0.162821 0.265865 0.143590 0.025962
0 0.170032 0.241466 0.129167 0.019952
0 0.308974 0.287260 0.138462 0.015865
0 0.307853 0.266106 0.139423 0.023077
0 0.307532 0.240745 0.140705 0.023317
0 0.329968 0.666947 0.122756 0.015144
0 0.424038 0.732091 0.116026 0.018029
0 0.329808 0.649159 0.119231 0.017548
0 0.405288 0.666346 0.020833 0.018750
0 0.305288 0.715264 0.118269 0.019471
0 0.305929 0.737260 0.116346 0.020192
0 0.304808 0.755409 0.117308 0.014183
0 0.190385 0.721514 0.105769 0.015144
0 0.182692 0.741827 0.119231 0.020673
0 0.183013 0.759736 0.119872 0.013702
0 0.060417 0.722596 0.120833 0.020673
0 0.060897 0.744832 0.121795 0.019471
0 0.060577 0.763942 0.121154 0.016346
0 0.883814 0.608053 0.075962 0.014663
0 0.884776 0.624399 0.077885 0.013702
0 0.329808 0.628005 0.119231 0.020433
0 0.889103 0.652284 0.080128 0.009375
0 0.887821 0.639904 0.077564 0.013462
0 0.797115 0.634615 0.092949 0.016827
0 0.404006 0.646514 0.021474 0.017067
0 0.402724 0.625962 0.022115 0.019231
0 0.479647 0.658293 0.121474 0.018029
0 0.477724 0.637740 0.121474 0.021154
0 0.477404 0.618269 0.123397 0.015865
0 0.595673 0.656731 0.104167 0.013462
0 0.798718 0.614784 0.091667 0.018510
0 0.595673 0.640144 0.107372 0.016346
0 0.698397 0.655048 0.098718 0.012500
0 0.699199 0.637740 0.097115 0.018750
0 0.701282 0.617308 0.098077 0.018750
0 0.796635 0.651202 0.093910 0.015385
0 0.595994 0.621394 0.108013 0.017308
0 0.794551 0.529327 0.092949 0.019231
