0 0.803513 0.353401 0.060458 0.106924
0 0.727533 0.365502 0.040850 0.077206
0 0.643995 0.350643 0.117239 0.093444
0 0.544322 0.361520 0.054330 0.063725
0 0.481413 0.350643 0.053513 0.085478
0 0.420956 0.344669 0.058415 0.083946
0 0.358456 0.336703 0.060866 0.089461
0 0.293709 0.339001 0.061275 0.081801
0 0.223039 0.346201 0.066993 0.067402
0 0.122753 0.321538 0.116422 0.103248
0 0.030637 0.307445 0.061275 0.107537
0 0.294526 0.477482 0.031046 0.078738
0 0.086397 0.467678 0.033088 0.068934
0 0.116830 0.473805 0.018791 0.051164
0 0.143791 0.501379 0.026144 0.019914
0 0.193423 0.482077 0.029003 0.056066
0 0.229984 0.464920 0.016340 0.063419
0 0.261438 0.490196 0.028595 0.055760
0 0.872345 0.363358 0.055147 0.087010
0 0.338235 0.483915 0.043301 0.068321
0 0.394199 0.479320 0.054739 0.077512
0 0.452614 0.477941 0.049837 0.080270
0 0.034722 0.473652 0.051471 0.059436
0 0.946895 0.365349 0.068627 0.101409
0 0.396038 0.147825 0.058415 0.174326
0 0.854371 0.172488 0.062500 0.173407
0 0.776552 0.470282 0.021242 0.060662
0 0.819036 0.498468 0.044935 0.066176
0 0.875000 0.497855 0.049837 0.075368
0 0.927083 0.499081 0.050245 0.075368
0 0.978758 0.502604 0.042484 0.073836
0 0.955065 0.605699 0.059641 0.036765
0 0.907680 0.594516 0.032680 0.067096
0 0.866217 0.591605 0.032271 0.051471
0 0.828840 0.594363 0.032680 0.059436
0 0.784109 0.593444 0.039624 0.064338
0 0.736315 0.590533 0.037173 0.067096
0 0.933211 0.182751 0.080474 0.168811
0 0.696895 0.586857 0.033497 0.060968
0 0.622549 0.587010 0.031863 0.060662
0 0.037990 0.133885 0.072712 0.153799
0 0.139297 0.150429 0.053105 0.134191
0 0.204044 0.153339 0.064134 0.136336
0 0.276552 0.159161 0.058824 0.130208
0 0.515114 0.494792 0.053105 0.054534
0 0.461193 0.159620 0.066993 0.158701
0 0.538399 0.166207 0.066993 0.153493
0 0.608047 0.194700 0.060049 0.109988
0 0.693015 0.177390 0.079657 0.142157
0 0.779820 0.185202 0.081699 0.144914
0 0.661152 0.586091 0.033905 0.062500
0 0.559028 0.492188 0.026552 0.078738
0 0.716912 0.498621 0.034314 0.076287
0 0.617647 0.491881 0.022059 0.076900
0 0.690359 0.767463 0.056373 0.086397
0 0.629289 0.768842 0.045343 0.089154
0 0.554943 0.768995 0.093546 0.083333
0 0.465278 0.809589 0.035948 0.053002
0 0.427288 0.781710 0.031046 0.079350
0 0.392361 0.795190 0.036356 0.081801
0 0.358456 0.792892 0.025735 0.078431
0 0.326185 0.795650 0.033088 0.078431
0 0.291258 0.793505 0.031046 0.080270
0 0.255310 0.794884 0.031046 0.077512
0 0.220384 0.792892 0.029003 0.081495
0 0.187704 0.793045 0.035539 0.081189
0 0.757557 0.770987 0.047794 0.084865
0 0.155433 0.795037 0.028186 0.077206
0 0.521855 0.590839 0.030637 0.069547
0 0.048815 0.797335 0.029820 0.075061
0 0.083742 0.788756 0.035131 0.089767
0 0.487541 0.585784 0.026552 0.066176
0 0.452002 0.579044 0.027369 0.058211
0 0.417075 0.574908 0.032680 0.045037
0 0.363358 0.582108 0.053513 0.062500
0 0.303105 0.583793 0.051471 0.043199
0 0.241626 0.576287 0.057598 0.063725
0 0.175041 0.571844 0.060049 0.067096
0 0.113971 0.578125 0.056373 0.062500
0 0.058415 0.571844 0.052288 0.061581
0 0.119690 0.789982 0.034314 0.081801
0 0.875613 0.802849 0.136846 0.037071
0 0.985703 0.681219 0.027778 0.049939
0 0.940768 0.690104 0.056373 0.037071
0 0.651961 0.494638 0.033497 0.079350
0 0.684845 0.496170 0.024101 0.078738
0 0.750613 0.495711 0.026552 0.069240
0 0.590278 0.588388 0.024510 0.057904
0 0.554330 0.584712 0.023693 0.051777
0 0.055964 0.660999 0.047386 0.055453
0 0.112949 0.666667 0.054330 0.046569
0 0.170752 0.665288 0.040850 0.054841
0 0.226103 0.668045 0.058415 0.054228
0 0.287786 0.660846 0.046160 0.042279
0 0.328636 0.669118 0.027369 0.060662
0 0.363971 0.669271 0.026144 0.057292
0 0.399510 0.666820 0.032680 0.054228
0 0.448325 0.672028 0.051879 0.057292
0 0.492239 0.672947 0.032680 0.057904
0 0.520833 0.676011 0.010621 0.043811
0 0.540033 0.675398 0.024510 0.053002
0 0.572100 0.677543 0.030637 0.057292
0 0.604779 0.675398 0.020833 0.050551
0 0.627655 0.674173 0.020016 0.050551
0 0.668505 0.666360 0.044526 0.031250
0 0.666462 0.696538 0.044526 0.021752
0 0.725286 0.667433 0.047794 0.031556
0 0.716095 0.696385 0.050654 0.014093
0 0.779412 0.677390 0.048203 0.054534
0 0.833333 0.677237 0.044935 0.060355
0 0.884804 0.680913 0.043301 0.058517
0 0.588440 0.489737 0.024101 0.078125
0 0.015523 0.789062 0.031046 0.072610
0 0.336193 0.151042 0.049837 0.156863
0 0.015523 0.573376 0.031046 0.061581
0 0.014910 0.656556 0.029820 0.050858
