0 0.327055 0.542067 0.077055 0.021154
0 0.325128 0.523197 0.073202 0.018029
0 0.404538 0.561538 0.073630 0.015385
0 0.890197 0.717909 0.014983 0.036779
0 0.961473 0.731851 0.025685 0.044471
0 0.223673 0.889423 0.042380 0.033173
0 0.183219 0.889183 0.035959 0.033173
0 0.139555 0.893029 0.032534 0.036058
0 0.471318 0.515385 0.044521 0.026923
0 0.097817 0.893029 0.050086 0.035577
0 0.923373 0.726562 0.028253 0.043990
0 0.520548 0.515986 0.050514 0.026202
0 0.470676 0.548678 0.051798 0.024279
0 0.522688 0.543990 0.050514 0.025000
0 0.725385 0.339183 0.046661 0.015865
0 0.672731 0.342668 0.046661 0.020433
0 0.808219 0.718870 0.023116 0.041106
0 0.833262 0.716466 0.015839 0.041106
0 0.870933 0.720072 0.020120 0.045913
0 0.655608 0.742428 0.038955 0.025721
0 0.616866 0.738942 0.035959 0.031731
0 0.574486 0.738942 0.035103 0.025000
0 0.644050 0.644231 0.077483 0.024038
0 0.952697 0.830409 0.034675 0.039183
0 0.918022 0.835938 0.039812 0.042548
0 0.872646 0.838101 0.037243 0.039663
0 0.833690 0.825962 0.047517 0.039904
0 0.781250 0.818750 0.030822 0.040385
0 0.402397 0.545192 0.073630 0.017308
0 0.580693 0.617548 0.065497 0.023558
0 0.759418 0.627404 0.030822 0.037981
0 0.725171 0.624519 0.032534 0.039904
0 0.894050 0.626202 0.049229 0.048558
0 0.950128 0.627284 0.050942 0.045433
0 0.808005 0.512620 0.044092 0.018029
0 0.764341 0.512981 0.040668 0.022115
0 0.906678 0.518269 0.047945 0.019231
0 0.863656 0.517428 0.041524 0.021394
0 0.574486 0.542548 0.053082 0.024519
0 0.692851 0.554928 0.051798 0.021875
0 0.745077 0.553726 0.050942 0.022356
0 0.847175 0.552885 0.047945 0.025481
0 0.890839 0.550721 0.029110 0.023558
0 0.947560 0.555889 0.068065 0.031490
0 0.794521 0.628125 0.035103 0.035096
0 0.403253 0.526082 0.071062 0.018990
0 0.803510 0.882572 0.035103 0.031971
0 0.313570 0.506010 0.086045 0.015865
0 0.291096 0.809135 0.027397 0.031250
0 0.226241 0.849760 0.043236 0.031250
0 0.181293 0.848437 0.045805 0.030529
0 0.307791 0.890986 0.034247 0.030048
0 0.620291 0.341106 0.052226 0.017308
0 0.563356 0.340625 0.061644 0.021154
0 0.935146 0.368630 0.051798 0.032452
0 0.848459 0.365865 0.054795 0.037019
0 0.738014 0.369832 0.058219 0.021875
0 0.679580 0.369591 0.047517 0.024760
0 0.621147 0.369111 0.062500 0.025721
0 0.564854 0.367668 0.050942 0.025721
0 0.118579 0.811058 0.034247 0.035096
0 0.495291 0.366947 0.057363 0.025240
0 0.388699 0.362139 0.041952 0.031971
0 0.336687 0.369832 0.052654 0.027644
0 0.272474 0.369591 0.065497 0.022356
0 0.220890 0.352524 0.036815 0.049760
0 0.962329 0.470793 0.071062 0.026683
0 0.177012 0.354808 0.041524 0.054327
0 0.136558 0.353245 0.039384 0.056490
0 0.065497 0.471755 0.060788 0.060817
0 0.085402 0.405168 0.043236 0.054087
0 0.067851 0.344351 0.082620 0.048317
0 0.105308 0.286779 0.087329 0.059135
0 0.271618 0.892188 0.037243 0.029087
0 0.440283 0.367668 0.052654 0.025721
0 0.159889 0.812861 0.024401 0.038702
0 0.353596 0.878365 0.033390 0.048558
0 0.391053 0.883534 0.042380 0.037740
0 0.885274 0.880649 0.031678 0.030529
0 0.846533 0.882091 0.046661 0.036298
0 0.763913 0.884014 0.039812 0.040144
0 0.715967 0.890385 0.040668 0.035577
0 0.681507 0.889663 0.033390 0.034135
0 0.635274 0.887740 0.037671 0.039904
0 0.324058 0.560337 0.080479 0.015385
0 0.241866 0.559976 0.078767 0.014663
0 0.242937 0.541827 0.076627 0.015865
0 0.169307 0.554327 0.043236 0.033654
0 0.123288 0.554928 0.048801 0.034375
0 0.167808 0.520913 0.049658 0.023077
0 0.124572 0.517067 0.033390 0.030288
0 0.735659 0.808894 0.032106 0.035577
0 0.713827 0.309495 0.044949 0.043510
0 0.537671 0.740144 0.035959 0.029327
0 0.497003 0.740385 0.034247 0.029808
0 0.459974 0.739904 0.039812 0.031250
0 0.492723 0.694712 0.038527 0.032212
0 0.659247 0.806971 0.032534 0.034135
0 0.700342 0.817308 0.027397 0.032692
0 0.628211 0.830409 0.027825 0.039183
0 0.583476 0.814784 0.030822 0.027644
0 0.549443 0.862380 0.033818 0.041106
0 0.517765 0.868269 0.022688 0.037981
0 0.473459 0.865505 0.030822 0.040144
0 0.434075 0.880288 0.044521 0.050000
0 0.410531 0.505409 0.077055 0.017067
0 0.895976 0.465505 0.057363 0.028606
0 0.765411 0.308413 0.042808 0.048077
0 0.569349 0.698918 0.024829 0.031010
0 0.223673 0.702163 0.042380 0.032212
0 0.500856 0.309135 0.041952 0.044231
0 0.462543 0.309375 0.035531 0.045192
0 0.426156 0.308053 0.042380 0.048798
0 0.381635 0.307332 0.045805 0.048317
0 0.440497 0.646995 0.062500 0.030529
0 0.376712 0.646034 0.062500 0.026202
0 0.450771 0.616226 0.069349 0.026202
0 0.374144 0.615264 0.053082 0.024279
0 0.318279 0.689904 0.046661 0.017788
0 0.341824 0.309615 0.036387 0.038462
0 0.247432 0.302885 0.041096 0.051923
0 0.198416 0.303726 0.057791 0.051202
0 0.832406 0.467428 0.049229 0.027644
0 0.774829 0.466587 0.053082 0.033173
0 0.538955 0.699279 0.034247 0.034135
0 0.653896 0.465264 0.052654 0.032933
0 0.596533 0.466466 0.056935 0.028125
0 0.531250 0.465024 0.059075 0.030048
0 0.472817 0.465505 0.065497 0.028606
0 0.295377 0.306971 0.049658 0.047596
0 0.401541 0.457572 0.063356 0.025240
0 0.306079 0.739904 0.035103 0.028846
0 0.386558 0.736779 0.033390 0.034615
0 0.811002 0.304207 0.045805 0.056490
0 0.858519 0.307572 0.044092 0.051683
0 0.784033 0.703125 0.022688 0.034135
0 0.755137 0.705529 0.026541 0.034135
0 0.258776 0.743630 0.038099 0.030529
0 0.223673 0.744351 0.042380 0.032452
0 0.734161 0.741226 0.029110 0.025721
0 0.699486 0.738462 0.034247 0.028365
0 0.648116 0.691466 0.036815 0.025721
0 0.345676 0.739904 0.039812 0.028365
0 0.173801 0.752043 0.030822 0.036298
0 0.175514 0.712139 0.034247 0.042548
0 0.143408 0.708053 0.027397 0.041587
0 0.511986 0.640024 0.059932 0.029087
0 0.671019 0.306490 0.038955 0.049519
0 0.628639 0.304688 0.038099 0.040625
0 0.585830 0.306731 0.044949 0.041827
0 0.540882 0.307212 0.042380 0.043269
0 0.461473 0.696635 0.037671 0.031250
0 0.422945 0.740745 0.031678 0.025240
0 0.138699 0.751082 0.039384 0.038702
0 0.329409 0.457332 0.077483 0.022356
0 0.711473 0.466707 0.062500 0.030529
0 0.598887 0.888462 0.030822 0.038942
0 0.606592 0.689543 0.024829 0.021875
0 0.906892 0.433534 0.052654 0.024279
0 0.843964 0.430168 0.054366 0.022356
0 0.164598 0.456851 0.078339 0.026202
0 0.136558 0.634135 0.057363 0.047115
0 0.194563 0.631490 0.058647 0.052404
0 0.250428 0.635697 0.052226 0.044952
0 0.969820 0.878606 0.046661 0.034135
0 0.235017 0.460337 0.060788 0.028365
0 0.304795 0.633173 0.059075 0.049038
0 0.643622 0.618029 0.068065 0.029808
0 0.579623 0.644832 0.063356 0.023798
0 0.269264 0.696635 0.028253 0.033654
0 0.925300 0.877404 0.041524 0.034135
