0 0.334763 0.915288 0.040441 0.077512
0 0.385417 0.899203 0.049428 0.030637
0 0.388889 0.925092 0.043301 0.016238
0 0.390523 0.942555 0.043301 0.017463
0 0.437908 0.906403 0.045752 0.094669
0 0.485090 0.904565 0.046160 0.094669
0 0.057598 0.503983 0.057190 0.038603
0 0.624592 0.295803 0.058824 0.056066
0 0.676266 0.285999 0.039624 0.075674
0 0.731209 0.300705 0.050654 0.040135
0 0.792484 0.289675 0.054739 0.063419
0 0.913603 0.274510 0.044526 0.088848
0 0.165033 0.428309 0.044118 0.080882
0 0.117647 0.458640 0.041667 0.022059
0 0.242443 0.912071 0.042892 0.089461
0 0.200572 0.925245 0.040850 0.062500
0 0.529820 0.904105 0.038399 0.096201
0 0.569649 0.904259 0.040441 0.094056
0 0.886846 0.894914 0.045752 0.100490
0 0.146446 0.284161 0.055147 0.087316
0 0.062500 0.560815 0.063725 0.037684
0 0.051879 0.626379 0.053105 0.040748
0 0.774510 0.133885 0.049020 0.102328
0 0.823325 0.131740 0.044526 0.105392
0 0.258374 0.138021 0.045343 0.103860
0 0.210989 0.167433 0.044526 0.041360
0 0.164011 0.169577 0.045343 0.038297
0 0.112337 0.147978 0.040850 0.083946
0 0.158292 0.916513 0.041258 0.078125
0 0.055351 0.458487 0.049428 0.034620
0 0.077002 0.402267 0.062500 0.052696
0 0.936479 0.895527 0.042892 0.099877
0 0.839665 0.900888 0.038807 0.089767
0 0.793505 0.900123 0.036356 0.091299
0 0.748570 0.900735 0.037990 0.099877
0 0.704861 0.898284 0.042075 0.097426
0 0.663194 0.901961 0.040441 0.102328
0 0.615809 0.925092 0.047794 0.056679
0 0.872753 0.138787 0.051879 0.090074
0 0.033905 0.283854 0.037582 0.085478
0 0.086193 0.284620 0.063725 0.087010
0 0.347835 0.280331 0.063317 0.094975
0 0.114583 0.919577 0.042075 0.068934
0 0.427083 0.415901 0.044526 0.102022
0 0.277574 0.412837 0.051879 0.106311
0 0.758374 0.659926 0.051062 0.098039
0 0.819240 0.686581 0.060049 0.041667
0 0.879698 0.683670 0.062500 0.045650
0 0.946078 0.684130 0.062092 0.046569
0 0.040441 0.787377 0.036765 0.090074
0 0.081291 0.789982 0.040033 0.090380
0 0.916871 0.554228 0.036356 0.067402
0 0.127859 0.789522 0.043301 0.090074
0 0.221405 0.816483 0.038399 0.036152
0 0.266136 0.793505 0.042075 0.079657
0 0.309436 0.782935 0.040441 0.097120
0 0.352533 0.782629 0.041667 0.095282
0 0.397672 0.782935 0.046977 0.100184
0 0.449959 0.782475 0.039624 0.095588
0 0.175858 0.790594 0.045343 0.088542
0 0.495098 0.780790 0.037582 0.098958
0 0.953023 0.552390 0.030229 0.071691
0 0.163194 0.676317 0.040441 0.082414
0 0.707312 0.662531 0.046977 0.100797
0 0.668709 0.680300 0.031046 0.065257
0 0.639910 0.684130 0.024918 0.055147
0 0.606005 0.670037 0.035539 0.085172
0 0.567198 0.658854 0.038807 0.103248
0 0.522672 0.686581 0.038807 0.049020
0 0.115605 0.666820 0.052288 0.103860
0 0.476103 0.664522 0.047794 0.101716
0 0.381944 0.666207 0.046569 0.097733
0 0.339665 0.689491 0.026552 0.052390
0 0.304943 0.668505 0.038807 0.091912
0 0.263685 0.673407 0.041258 0.083946
0 0.213235 0.695925 0.055556 0.037071
0 0.212827 0.653799 0.054739 0.042279
0 0.428513 0.664062 0.047386 0.100184
0 0.529412 0.791667 0.028595 0.083333
0 0.572100 0.808211 0.042075 0.044730
0 0.615196 0.783548 0.036765 0.088542
0 0.649510 0.414982 0.038399 0.100184
0 0.607843 0.415288 0.038399 0.100184
0 0.565155 0.414982 0.038807 0.100184
0 0.482639 0.415135 0.049428 0.102941
0 0.379902 0.411765 0.049020 0.111520
0 0.330065 0.445772 0.048203 0.042279
0 0.691176 0.412224 0.038399 0.100184
0 0.650327 0.789216 0.028595 0.073529
0 0.719567 0.789522 0.037990 0.071691
0 0.767565 0.777267 0.049020 0.098652
0 0.824346 0.776501 0.046569 0.098958
0 0.876838 0.774050 0.049428 0.094669
0 0.926675 0.776654 0.046977 0.099265
0 0.979984 0.774510 0.038399 0.099877
0 0.683211 0.790901 0.033088 0.071385
0 0.775327 0.410386 0.038399 0.100184
0 0.816381 0.375613 0.041258 0.049632
0 0.157067 0.573223 0.062500 0.041667
0 0.872141 0.569853 0.050654 0.034926
0 0.820057 0.570006 0.044526 0.035233
0 0.778186 0.557904 0.032680 0.064951
0 0.732843 0.539828 0.044118 0.097426
0 0.682598 0.536918 0.041667 0.104473
0 0.612541 0.537990 0.048611 0.105392
0 0.566993 0.535386 0.042484 0.111826
0 0.520221 0.535692 0.046977 0.109988
0 0.473039 0.541667 0.044935 0.101103
0 0.427492 0.541513 0.042075 0.100797
0 0.384600 0.542279 0.041258 0.097426
0 0.335784 0.542433 0.049020 0.100184
0 0.296773 0.557445 0.029003 0.066483
0 0.258987 0.571844 0.041667 0.038909
0 0.215482 0.583487 0.042892 0.019301
0 0.076185 0.923100 0.029820 0.063113
0 0.034722 0.930147 0.049020 0.051471
