0 0.519264 0.219231 0.027397 0.045673
0 0.825342 0.402163 0.070205 0.051442
0 0.041952 0.168149 0.047945 0.046875
0 0.145120 0.169471 0.084760 0.041346
0 0.062928 0.219231 0.089897 0.042788
0 0.154110 0.219231 0.077055 0.045673
0 0.218750 0.217548 0.036815 0.046154
0 0.278253 0.220673 0.028253 0.037019
0 0.315283 0.221394 0.035531 0.041346
0 0.308219 0.185337 0.065925 0.021154
0 0.385488 0.168870 0.057791 0.045433
0 0.070848 0.283534 0.085188 0.029567
0 0.454195 0.174519 0.056507 0.042788
0 0.747860 0.402284 0.074486 0.048317
0 0.739298 0.215024 0.057363 0.056971
0 0.356592 0.218510 0.035959 0.050000
0 0.390625 0.221034 0.021832 0.042067
0 0.417594 0.220072 0.029538 0.041106
0 0.902611 0.401442 0.075771 0.052885
0 0.163313 0.317548 0.085188 0.030769
0 0.069563 0.316346 0.082620 0.030288
0 0.455051 0.221514 0.027397 0.041106
0 0.488870 0.220312 0.028253 0.040625
0 0.665240 0.174279 0.052226 0.043269
0 0.683219 0.222115 0.036815 0.042788
0 0.668450 0.402524 0.068921 0.047837
0 0.500000 0.402284 0.076199 0.048317
0 0.799872 0.482212 0.070634 0.064423
0 0.725171 0.480889 0.065068 0.064183
0 0.656678 0.483413 0.065925 0.062019
0 0.581336 0.483413 0.069349 0.064904
0 0.512842 0.484375 0.060788 0.062981
0 0.435788 0.487019 0.076199 0.063462
0 0.352740 0.504567 0.069349 0.028365
0 0.361087 0.469952 0.055223 0.031250
0 0.283390 0.471755 0.079623 0.027644
0 0.159247 0.283534 0.082192 0.029567
0 0.270334 0.506370 0.074058 0.030529
0 0.190925 0.507091 0.073630 0.029087
0 0.198202 0.472957 0.077911 0.031010
0 0.113014 0.475481 0.077055 0.028846
0 0.107235 0.508894 0.075771 0.028365
0 0.032320 0.507572 0.058647 0.031010
0 0.883990 0.296274 0.074486 0.067548
0 0.961687 0.297356 0.065497 0.065385
0 0.029324 0.377284 0.054366 0.031971
0 0.022688 0.414423 0.041952 0.029808
0 0.089255 0.414784 0.080908 0.034856
0 0.177868 0.412981 0.078339 0.032692
0 0.262200 0.413702 0.073202 0.028365
0 0.342466 0.403966 0.069349 0.047837
0 0.421019 0.403365 0.072346 0.051923
0 0.586045 0.401562 0.073630 0.049760
0 0.243793 0.283173 0.076627 0.030288
0 0.327697 0.308053 0.070634 0.049760
0 0.972175 0.399639 0.055651 0.050721
0 0.195634 0.650120 0.077911 0.028125
0 0.279966 0.648197 0.077911 0.026202
0 0.040454 0.686178 0.078339 0.025240
0 0.121575 0.684615 0.073630 0.028365
0 0.200128 0.681851 0.066353 0.028125
0 0.280608 0.679207 0.079195 0.027644
0 0.361729 0.671635 0.061644 0.039904
0 0.433861 0.670312 0.062072 0.036779
0 0.117080 0.652163 0.074914 0.026923
0 0.501070 0.667308 0.047517 0.042788
0 0.628425 0.660577 0.045377 0.033173
0 0.730522 0.664784 0.070634 0.030529
0 0.784461 0.655529 0.029538 0.025962
0 0.857021 0.671635 0.071918 0.025481
0 0.936002 0.667067 0.065497 0.031731
0 0.987586 0.667668 0.024829 0.027644
0 0.928938 0.730048 0.066781 0.024038
0 0.830051 0.717909 0.053938 0.019471
0 0.561644 0.665865 0.065925 0.031250
0 0.038099 0.654327 0.072774 0.025481
0 0.650899 0.589183 0.074914 0.029327
0 0.565283 0.589423 0.078339 0.031731
0 0.875000 0.480769 0.071918 0.061538
0 0.952055 0.480409 0.077055 0.062260
0 0.978596 0.585457 0.042808 0.025240
0 0.978596 0.550601 0.042808 0.028606
0 0.833048 0.581130 0.065068 0.013702
0 0.903896 0.583413 0.062928 0.014904
0 0.731164 0.585817 0.066781 0.015865
0 0.782534 0.578726 0.025685 0.012740
0 0.055437 0.556611 0.080051 0.028125
0 0.130565 0.556731 0.065925 0.030769
0 0.202697 0.555889 0.061216 0.029567
0 0.278896 0.554447 0.080908 0.029567
0 0.029752 0.594111 0.058647 0.031010
0 0.102098 0.597356 0.075771 0.030288
0 0.185360 0.593750 0.083048 0.034615
0 0.270548 0.592067 0.074486 0.032212
0 0.346104 0.594111 0.066353 0.025240
0 0.419521 0.594471 0.069349 0.027404
0 0.492937 0.593149 0.067209 0.027163
0 0.770762 0.718630 0.053510 0.020913
0 0.246789 0.317788 0.072346 0.030288
0 0.709332 0.727284 0.053938 0.023798
0 0.097817 0.766947 0.077483 0.033894
0 0.555223 0.847837 0.068493 0.025000
0 0.630779 0.846034 0.070634 0.025721
0 0.621789 0.815986 0.070634 0.022356
0 0.694135 0.815385 0.063784 0.020673
0 0.702055 0.842308 0.065068 0.021635
0 0.779324 0.843870 0.070634 0.021394
0 0.762414 0.814904 0.071062 0.024519
0 0.835616 0.813822 0.065068 0.020913
0 0.908604 0.806611 0.062072 0.026683
0 0.974743 0.798438 0.050514 0.031490
0 0.853810 0.844471 0.065497 0.020192
0 0.922731 0.839543 0.059503 0.024279
0 0.978596 0.836298 0.042808 0.025000
0 0.804795 0.298438 0.075342 0.063221
0 0.725171 0.296274 0.070205 0.070433
0 0.643836 0.307692 0.076199 0.053365
0 0.564640 0.308534 0.066781 0.048798
0 0.485659 0.309135 0.068065 0.047596
0 0.406464 0.310577 0.074058 0.044712
0 0.549872 0.818630 0.068065 0.025721
0 0.029110 0.765505 0.054795 0.033894
0 0.478596 0.823918 0.069349 0.020913
0 0.400899 0.855769 0.068065 0.026442
0 0.176584 0.766466 0.075771 0.034856
0 0.258134 0.761058 0.070205 0.034135
0 0.337329 0.758654 0.069349 0.036058
0 0.417166 0.764904 0.064640 0.023558
0 0.418664 0.731971 0.065925 0.031731
0 0.484589 0.730168 0.045377 0.023798
0 0.491010 0.760337 0.063356 0.026923
0 0.567423 0.758173 0.062072 0.028365
0 0.633348 0.734856 0.055223 0.017308
0 0.614298 0.717067 0.065068 0.009615
0 0.544307 0.728005 0.056935 0.019471
0 0.025899 0.860577 0.050942 0.030769
0 0.090111 0.861659 0.072346 0.028606
0 0.167808 0.860457 0.068493 0.028606
0 0.242937 0.857812 0.069777 0.025240
0 0.323844 0.855649 0.073202 0.023798
0 0.326413 0.821755 0.068065 0.025240
0 0.401327 0.818510 0.068921 0.025962
0 0.476670 0.850721 0.075771 0.025000
0 0.035959 0.472837 0.066781 0.028365
