0 0.655229 0.289216 0.025327 0.085784
0 0.691789 0.292279 0.039624 0.087623
0 0.607026 0.297488 0.049837 0.077206
0 0.796773 0.298713 0.055964 0.093750
0 0.985294 0.300551 0.029412 0.110294
0 0.882149 0.273591 0.046977 0.067402
0 0.937500 0.296415 0.054739 0.115502
0 0.017361 0.383732 0.034722 0.122243
0 0.739379 0.288297 0.052288 0.111520
0 0.614583 0.244638 0.052696 0.026654
0 0.239583 0.266544 0.039624 0.106005
0 0.505310 0.304228 0.040850 0.049632
0 0.639297 0.145527 0.037582 0.112745
0 0.683007 0.150123 0.043301 0.112745
0 0.739379 0.149050 0.053105 0.120404
0 0.799224 0.146752 0.063317 0.135417
0 0.863154 0.148438 0.058824 0.139400
0 0.920343 0.150276 0.050654 0.140625
0 0.973856 0.159314 0.052288 0.126225
0 0.019812 0.266544 0.039624 0.084559
0 0.554739 0.285999 0.044935 0.092218
0 0.063930 0.265472 0.043709 0.087929
0 0.191789 0.229473 0.050245 0.070466
0 0.178717 0.293505 0.037990 0.052083
0 0.061275 0.399663 0.045752 0.091605
0 0.286356 0.275276 0.044118 0.095895
0 0.335580 0.273131 0.049428 0.091605
0 0.383578 0.289828 0.035131 0.061887
0 0.425449 0.299939 0.037990 0.045956
0 0.464052 0.304534 0.035131 0.045956
0 0.124387 0.264859 0.064134 0.089767
0 0.110703 0.400429 0.046569 0.088848
0 0.879289 0.700061 0.070670 0.036152
0 0.217933 0.392004 0.051062 0.116115
0 0.629289 0.445159 0.044526 0.049020
0 0.682802 0.424326 0.029820 0.093137
0 0.331495 0.710172 0.104167 0.094975
0 0.216708 0.711550 0.104167 0.094669
0 0.136234 0.729626 0.031454 0.066483
0 0.103758 0.726103 0.028595 0.066176
0 0.639502 0.386949 0.054330 0.066176
0 0.570670 0.424020 0.053105 0.080270
0 0.518382 0.414675 0.046569 0.094669
0 0.465074 0.416360 0.055964 0.091912
0 0.412582 0.414982 0.044935 0.092831
0 0.373162 0.418505 0.029820 0.079657
0 0.063725 0.731464 0.042484 0.049326
0 0.017361 0.705576 0.034722 0.091912
0 0.720792 0.428615 0.038807 0.090074
0 0.537377 0.732996 0.067402 0.067708
0 0.607435 0.747089 0.043301 0.062806
0 0.273693 0.403952 0.051471 0.098346
0 0.328636 0.405025 0.051062 0.097426
0 0.601716 0.138940 0.032680 0.117953
0 0.302696 0.856618 0.053922 0.111520
0 0.234273 0.830423 0.075572 0.039522
0 0.227533 0.890625 0.080065 0.067402
0 0.165033 0.390472 0.049837 0.116728
0 0.129698 0.859069 0.109069 0.118873
0 0.959150 0.753217 0.074346 0.067708
0 0.882557 0.752911 0.072304 0.067708
0 0.796569 0.743719 0.055556 0.079963
0 0.741830 0.734222 0.051471 0.098958
0 0.695261 0.751991 0.036765 0.068321
0 0.654820 0.751072 0.036765 0.068321
0 0.033905 0.857690 0.067810 0.125306
0 0.562092 0.135570 0.041667 0.117953
0 0.648897 0.533701 0.069853 0.028799
0 0.469771 0.130515 0.047386 0.127451
0 0.490196 0.515012 0.225490 0.082721
0 0.242851 0.508425 0.201389 0.066483
0 0.079861 0.505515 0.073121 0.042279
0 0.975899 0.436734 0.028595 0.094669
0 0.940972 0.439951 0.040441 0.083946
0 0.899101 0.446844 0.030229 0.066483
0 0.849877 0.470282 0.053513 0.018382
0 0.854167 0.446078 0.056373 0.017770
0 0.516953 0.133578 0.042075 0.124387
0 0.414420 0.737745 0.045343 0.050858
0 0.852941 0.422641 0.056373 0.018076
0 0.799837 0.431832 0.040033 0.090993
0 0.758987 0.429381 0.035948 0.089154
0 0.373570 0.880668 0.078840 0.089767
0 0.461601 0.856771 0.082516 0.133272
0 0.546160 0.860447 0.083333 0.137561
0 0.613358 0.857843 0.043709 0.116422
0 0.659518 0.853554 0.045343 0.109069
0 0.740809 0.827819 0.078023 0.025123
0 0.735090 0.886642 0.079657 0.090074
0 0.813113 0.870098 0.062500 0.085784
0 0.900940 0.896293 0.075572 0.087316
0 0.973448 0.903033 0.053105 0.084252
0 0.120507 0.563572 0.039216 0.026654
0 0.108252 0.584099 0.037582 0.007659
0 0.705270 0.529565 0.038807 0.022978
0 0.749592 0.541820 0.044118 0.045037
0 0.471405 0.736673 0.049837 0.073836
0 0.893791 0.529412 0.054739 0.066176
0 0.801879 0.587469 0.110294 0.028493
0 0.789420 0.636489 0.101716 0.064645
0 0.837418 0.535692 0.047386 0.047488
0 0.890319 0.634344 0.086193 0.062194
0 0.973243 0.639093 0.053513 0.069853
0 0.053105 0.108609 0.059641 0.134498
0 0.109069 0.138327 0.035948 0.079963
0 0.700572 0.625000 0.050654 0.068627
0 0.648897 0.625306 0.051062 0.068627
0 0.596609 0.634651 0.039624 0.048100
0 0.155433 0.127145 0.055147 0.094975
0 0.211601 0.128370 0.054739 0.094975
0 0.554330 0.622702 0.040850 0.070159
0 0.327819 0.129136 0.051062 0.109375
0 0.960580 0.540288 0.056781 0.056679
0 0.063113 0.618413 0.039624 0.045037
0 0.114379 0.619792 0.049837 0.040441
0 0.201185 0.565104 0.110703 0.024816
0 0.275940 0.142310 0.046977 0.083027
0 0.202410 0.610907 0.108252 0.064951
0 0.314951 0.568168 0.111111 0.026654
0 0.432394 0.620558 0.104167 0.059743
0 0.420547 0.138327 0.044526 0.089767
0 0.508578 0.620404 0.038399 0.060662
0 0.375817 0.150429 0.038399 0.072917
0 0.313930 0.614430 0.109069 0.064645
