0 0.566146 0.384766 0.029167 0.069531
0 0.698438 0.387109 0.034375 0.071875
0 0.654427 0.386328 0.035937 0.070312
0 0.609115 0.385156 0.041146 0.070312
0 0.525521 0.383203 0.037500 0.068750
0 0.155469 0.134766 0.051562 0.077344
0 0.436719 0.375000 0.039062 0.078906
0 0.392969 0.376758 0.041146 0.079297
0 0.097396 0.127148 0.051042 0.091016
0 0.737240 0.388672 0.035937 0.069531
0 0.209635 0.135937 0.048438 0.082812
0 0.481250 0.380664 0.035417 0.075391
0 0.780990 0.389648 0.036979 0.066797
0 0.905208 0.497461 0.035417 0.069141
0 0.862760 0.391797 0.030729 0.064062
0 0.457552 0.484766 0.032813 0.067969
0 0.408854 0.483008 0.034375 0.073828
0 0.499219 0.486719 0.035937 0.067187
0 0.539062 0.486914 0.032292 0.074609
0 0.579948 0.485547 0.034896 0.074219
0 0.660677 0.486719 0.035937 0.074219
0 0.618490 0.487109 0.038021 0.077344
0 0.699219 0.491211 0.032813 0.073828
0 0.738802 0.492969 0.035937 0.077344
0 0.782031 0.494336 0.035937 0.069922
0 0.823177 0.493945 0.038021 0.069141
0 0.864062 0.494922 0.036458 0.071094
0 0.265104 0.137891 0.051042 0.081250
0 0.945833 0.497070 0.034375 0.061328
0 0.984375 0.499023 0.031250 0.067578
0 0.946094 0.392969 0.041146 0.071094
0 0.903646 0.391797 0.035417 0.068750
0 0.822656 0.391602 0.030729 0.070703
0 0.321615 0.140820 0.048438 0.077734
0 0.728646 0.157422 0.040625 0.082031
0 0.430469 0.146289 0.048438 0.076953
0 0.591406 0.271094 0.034896 0.077344
0 0.639062 0.273047 0.037500 0.071094
0 0.677865 0.272461 0.038021 0.072266
0 0.720052 0.275195 0.032813 0.073047
0 0.760417 0.274414 0.040625 0.076172
0 0.812500 0.277539 0.035417 0.068359
0 0.853646 0.280078 0.035417 0.068750
0 0.546615 0.270508 0.038021 0.076172
0 0.893229 0.282031 0.031250 0.072656
0 0.982031 0.279883 0.035937 0.077734
0 0.156510 0.373633 0.044271 0.070703
0 0.205729 0.370312 0.043750 0.074219
0 0.253646 0.371875 0.040625 0.077344
0 0.298438 0.373047 0.040625 0.077344
0 0.345052 0.374609 0.041146 0.078125
0 0.364063 0.486719 0.031250 0.074219
0 0.935677 0.281445 0.039062 0.071484
0 0.500521 0.270508 0.035417 0.078516
0 0.457292 0.268750 0.035417 0.075000
0 0.413802 0.264258 0.034896 0.070703
0 0.488281 0.148828 0.046354 0.079687
0 0.540365 0.150195 0.044271 0.080078
0 0.589583 0.149609 0.037500 0.083594
0 0.634896 0.149805 0.041667 0.083984
0 0.682031 0.155859 0.033854 0.078906
0 0.777083 0.160742 0.044792 0.079297
0 0.820573 0.159766 0.039062 0.077344
0 0.865365 0.163281 0.042188 0.082031
0 0.913021 0.164844 0.041667 0.087500
0 0.966406 0.167383 0.049479 0.078516
0 0.101042 0.255469 0.048958 0.078906
0 0.148177 0.254297 0.036979 0.076563
0 0.192708 0.256055 0.039583 0.075391
0 0.239063 0.260352 0.039583 0.076953
0 0.280729 0.258789 0.037500 0.076172
0 0.325781 0.263086 0.038021 0.075391
0 0.370573 0.264844 0.038021 0.076563
0 0.377083 0.143164 0.047917 0.075391
0 0.321354 0.482031 0.041667 0.074219
0 0.108073 0.366016 0.043229 0.077344
0 0.150260 0.479297 0.038021 0.071094
0 0.966927 0.842383 0.028646 0.058984
0 0.891927 0.841992 0.025521 0.055859
0 0.858073 0.842969 0.024479 0.060156
0 0.947917 0.714844 0.031250 0.057813
0 0.908333 0.718359 0.029167 0.060156
0 0.870573 0.713086 0.030729 0.056641
0 0.832552 0.714063 0.030729 0.058594
0 0.785156 0.842187 0.032813 0.058594
0 0.798177 0.709766 0.029687 0.064844
0 0.721615 0.709180 0.029687 0.066016
0 0.686458 0.712500 0.027083 0.065625
0 0.647917 0.708398 0.029167 0.066797
0 0.622656 0.683398 0.014063 0.043359
0 0.598437 0.709961 0.030208 0.067578
0 0.561719 0.709375 0.035937 0.066406
0 0.518750 0.707617 0.036458 0.067578
0 0.758594 0.713867 0.027604 0.060547
0 0.476562 0.700977 0.032292 0.083203
0 0.704427 0.840820 0.027604 0.060547
0 0.635677 0.828906 0.021354 0.086719
0 0.107031 0.478711 0.038021 0.072266
0 0.035156 0.083008 0.064062 0.112891
0 0.048698 0.216992 0.036979 0.105078
0 0.281771 0.821484 0.039583 0.105469
0 0.242448 0.821094 0.033854 0.104688
0 0.201823 0.821289 0.039062 0.110547
0 0.159115 0.819727 0.040104 0.109766
0 0.743229 0.842578 0.034375 0.059375
0 0.115104 0.820508 0.038542 0.108984
0 0.322396 0.820898 0.034375 0.101953
0 0.421354 0.820508 0.062500 0.103516
0 0.520312 0.822266 0.036458 0.102344
0 0.479167 0.823047 0.028125 0.101562
0 0.600000 0.822656 0.026042 0.096094
0 0.562760 0.824414 0.025521 0.092578
0 0.673698 0.829297 0.026562 0.090625
0 0.361198 0.818555 0.038021 0.101953
0 0.442448 0.700977 0.030729 0.083203
0 0.927865 0.841602 0.026562 0.055078
0 0.372656 0.700977 0.031771 0.078516
0 0.534375 0.598437 0.032292 0.069531
0 0.494792 0.599219 0.036458 0.068750
0 0.453646 0.600391 0.037500 0.068750
0 0.414062 0.597852 0.035417 0.070703
0 0.373958 0.598633 0.028125 0.060547
0 0.294792 0.599219 0.036458 0.068750
0 0.254167 0.598047 0.038542 0.073438
0 0.576302 0.607227 0.033854 0.055859
0 0.209115 0.594141 0.038021 0.075781
0 0.111979 0.599414 0.044792 0.064453
0 0.061979 0.578516 0.034375 0.070312
0 0.060417 0.341211 0.043750 0.087891
0 0.055729 0.473242 0.044792 0.092578
0 0.277083 0.482422 0.039583 0.075000
0 0.407813 0.699414 0.032292 0.084766
0 0.235417 0.478125 0.039583 0.073438
0 0.162240 0.600391 0.049479 0.064062
0 0.613802 0.606641 0.034896 0.060156
0 0.335677 0.597070 0.034896 0.071484
0 0.690625 0.608984 0.035417 0.059375
0 0.192188 0.479297 0.038542 0.078125
0 0.651302 0.606641 0.032813 0.060156
0 0.297917 0.701562 0.030208 0.084375
0 0.261719 0.701172 0.030729 0.081250
0 0.224479 0.698828 0.033333 0.081250
0 0.186979 0.699805 0.035417 0.085547
0 0.148438 0.701172 0.034375 0.081250
0 0.103646 0.698047 0.040625 0.079687
0 0.334115 0.700977 0.034896 0.080859
0 0.936979 0.612109 0.035417 0.053906
0 0.896875 0.609570 0.035417 0.060547
0 0.853385 0.609766 0.031771 0.060937
0 0.814323 0.609570 0.029687 0.058203
0 0.774479 0.608008 0.036458 0.057422
0 0.732031 0.608008 0.028646 0.057422
0 0.978385 0.612305 0.034896 0.056641
