0 0.388281 0.464062 0.089063 0.066406
0 0.353906 0.378125 0.083854 0.079687
0 0.284896 0.480664 0.087500 0.065234
0 0.179688 0.458789 0.092708 0.060547
0 0.069792 0.433789 0.077083 0.069922
0 0.113281 0.527344 0.101562 0.072656
0 0.498698 0.444141 0.086979 0.065625
0 0.461719 0.370508 0.091146 0.076172
0 0.603906 0.340820 0.052604 0.037109
0 0.369271 0.284375 0.055208 0.056250
0 0.159375 0.376172 0.096875 0.071094
0 0.057552 0.355664 0.095312 0.076172
0 0.545833 0.343359 0.061458 0.039844
0 0.213021 0.547656 0.088542 0.062500
0 0.730469 0.371484 0.059896 0.035156
0 0.659635 0.368945 0.054688 0.037109
0 0.603385 0.379297 0.050521 0.035937
0 0.545052 0.382422 0.052604 0.034375
0 0.295312 0.284180 0.086458 0.055859
0 0.202604 0.286523 0.095833 0.055078
0 0.100781 0.285938 0.103646 0.056250
0 0.259896 0.380469 0.096875 0.077344
0 0.309896 0.545312 0.080208 0.060156
0 0.839583 0.330078 0.043750 0.030469
0 0.493490 0.506250 0.095312 0.050000
0 0.114062 0.597656 0.097917 0.060156
0 0.509375 0.606836 0.093750 0.041797
0 0.510938 0.655664 0.091667 0.053516
0 0.415104 0.656250 0.087500 0.078906
0 0.238542 0.675586 0.080208 0.083984
0 0.436979 0.306445 0.040625 0.029297
0 0.494010 0.305273 0.059896 0.031641
0 0.552083 0.304492 0.052083 0.027734
0 0.626042 0.296680 0.060417 0.036328
0 0.683854 0.297266 0.048958 0.032813
0 0.734896 0.296875 0.046875 0.034375
0 0.783073 0.296484 0.045312 0.031250
0 0.830469 0.296484 0.046354 0.031250
0 0.784896 0.330859 0.044792 0.028906
0 0.725781 0.333008 0.066146 0.036328
0 0.673958 0.333008 0.032292 0.030859
0 0.643229 0.332422 0.022917 0.028906
0 0.222917 0.606055 0.091667 0.049609
0 0.323177 0.600781 0.089063 0.049219
0 0.418490 0.587695 0.080729 0.049609
0 0.507031 0.559961 0.073438 0.050391
0 0.397917 0.529883 0.080208 0.061328
0 0.324740 0.668555 0.085938 0.079297
0 0.979688 0.485547 0.039583 0.040625
0 0.908854 0.386328 0.030208 0.030469
0 0.728906 0.601172 0.055729 0.035156
0 0.734375 0.564648 0.055208 0.035547
0 0.735938 0.526953 0.055208 0.038281
0 0.671875 0.641992 0.053125 0.036328
0 0.674219 0.602930 0.051562 0.038672
0 0.674479 0.564648 0.057292 0.035547
0 0.727865 0.636328 0.054688 0.029687
0 0.677083 0.525195 0.059375 0.039453
0 0.603125 0.610547 0.057292 0.034375
0 0.600260 0.574609 0.063021 0.035937
0 0.601823 0.532813 0.066146 0.042188
0 0.785156 0.480859 0.038021 0.028906
0 0.737240 0.483594 0.055729 0.029687
0 0.655990 0.485547 0.061979 0.035937
0 0.602344 0.648438 0.058854 0.039062
0 0.584896 0.491602 0.061458 0.035547
0 0.791927 0.522266 0.050521 0.038281
0 0.786979 0.594336 0.047917 0.030859
0 0.934115 0.543164 0.043229 0.033984
0 0.935417 0.577344 0.046875 0.031250
0 0.886198 0.582812 0.047396 0.032813
0 0.881510 0.615039 0.038021 0.028516
0 0.930729 0.607617 0.036458 0.026953
0 0.980990 0.526953 0.038021 0.035937
0 0.787760 0.559766 0.049479 0.032813
0 0.985156 0.414844 0.029687 0.031250
0 0.890104 0.513477 0.042708 0.035547
0 0.834635 0.618750 0.046354 0.033594
0 0.837760 0.585742 0.044271 0.030859
0 0.839323 0.553516 0.043229 0.031250
0 0.843490 0.518945 0.042188 0.036328
0 0.784115 0.628125 0.050521 0.030469
0 0.985156 0.447656 0.029687 0.030469
0 0.714583 0.448633 0.062500 0.023047
0 0.795573 0.445703 0.069271 0.026562
0 0.858854 0.442969 0.043750 0.026562
0 0.978646 0.333789 0.042708 0.015234
0 0.928646 0.332813 0.050000 0.016406
0 0.946875 0.354297 0.051042 0.025000
0 0.903646 0.438477 0.041667 0.031641
0 0.878125 0.357617 0.063542 0.020703
0 0.936198 0.508203 0.045312 0.034375
0 0.809115 0.364258 0.048438 0.034766
0 0.563802 0.448047 0.038021 0.046094
0 0.650781 0.445117 0.055729 0.035547
0 0.676302 0.409766 0.044271 0.033594
0 0.727344 0.409180 0.052604 0.034766
0 0.887240 0.548828 0.042188 0.030469
0 0.825000 0.404883 0.046875 0.033203
0 0.870313 0.401367 0.040625 0.036328
0 0.881771 0.318555 0.037500 0.023828
0 0.928125 0.312500 0.052083 0.021875
0 0.976823 0.310937 0.041146 0.024219
0 0.837240 0.479102 0.059896 0.037891
0 0.891146 0.476953 0.040625 0.033594
0 0.930208 0.471875 0.037500 0.035156
0 0.947135 0.414648 0.041146 0.056641
0 0.777344 0.408203 0.044271 0.032813
