0 0.485294 0.392923 0.043301 0.073223
0 0.536356 0.396752 0.045752 0.072304
0 0.587418 0.397825 0.048203 0.071998
0 0.632149 0.403799 0.035539 0.054534
0 0.671364 0.403339 0.034722 0.055453
0 0.437704 0.482384 0.075572 0.049939
0 0.863971 0.185662 0.045752 0.054534
0 0.720997 0.187040 0.043301 0.053002
0 0.817198 0.140319 0.042892 0.027574
0 0.909926 0.185355 0.043709 0.053922
0 0.915441 0.142004 0.046569 0.028493
0 0.243668 0.647365 0.078840 0.050245
0 0.959355 0.185049 0.046160 0.055147
0 0.022876 0.543811 0.045752 0.081495
0 0.242239 0.702665 0.075980 0.048100
0 0.024101 0.759191 0.048203 0.039828
0 0.330882 0.692555 0.074346 0.061581
0 0.959559 0.091452 0.035131 0.048713
0 0.211601 0.841759 0.045752 0.053615
0 0.234477 0.758732 0.046569 0.040748
0 0.159926 0.841605 0.047794 0.049020
0 0.099265 0.844669 0.050654 0.053309
0 0.040033 0.836550 0.051471 0.057904
0 0.350899 0.627604 0.069444 0.046875
0 0.940564 0.705576 0.096814 0.047181
0 0.839869 0.697917 0.093954 0.063725
0 0.741626 0.697610 0.093546 0.063113
0 0.651348 0.696232 0.073938 0.057292
0 0.570261 0.691176 0.073529 0.056985
0 0.495507 0.690870 0.068627 0.053922
0 0.414420 0.693015 0.077206 0.056373
0 0.941381 0.667586 0.095180 0.024510
0 0.921364 0.101716 0.035539 0.022672
0 0.829657 0.488664 0.073529 0.032475
0 0.877655 0.101409 0.042075 0.023897
0 0.264706 0.839461 0.044118 0.057598
0 0.904616 0.488971 0.067402 0.033088
0 0.969975 0.489430 0.055964 0.032169
0 0.903799 0.547335 0.071487 0.032782
0 0.973856 0.547181 0.052288 0.030637
0 0.728962 0.619026 0.064951 0.044424
0 0.826185 0.549173 0.069036 0.032169
0 0.800245 0.595282 0.068627 0.031250
0 0.856005 0.614583 0.037990 0.056985
0 0.913399 0.611979 0.056373 0.060355
0 0.963440 0.617188 0.034722 0.049939
0 0.563521 0.615349 0.071487 0.030944
0 0.069444 0.694853 0.080882 0.060049
0 0.159722 0.695466 0.078431 0.054534
0 0.800858 0.627451 0.066585 0.029412
0 0.920752 0.074449 0.037582 0.027574
0 0.753881 0.548713 0.066585 0.031250
0 0.577819 0.553768 0.069036 0.056679
0 0.876021 0.073529 0.041258 0.028186
0 0.877451 0.043811 0.038399 0.028186
0 0.825572 0.086397 0.034314 0.055760
0 0.786765 0.087316 0.035948 0.051471
0 0.749183 0.088542 0.034314 0.049632
0 0.708333 0.100950 0.037582 0.022978
0 0.654412 0.555300 0.075163 0.051164
0 0.709355 0.072610 0.039624 0.026348
0 0.087214 0.540901 0.072304 0.083640
0 0.169526 0.541513 0.080882 0.083027
0 0.253064 0.540901 0.078023 0.081801
0 0.334559 0.540135 0.075980 0.078431
0 0.416667 0.551930 0.077614 0.060355
0 0.495507 0.552083 0.077614 0.061887
0 0.082516 0.069393 0.040033 0.072610
0 0.319853 0.841452 0.052288 0.057292
0 0.570466 0.196691 0.037173 0.052696
0 0.440359 0.763940 0.046569 0.049326
0 0.826797 0.342371 0.075980 0.057292
0 0.742034 0.344975 0.077206 0.058211
0 0.966708 0.348039 0.041258 0.044730
0 0.968750 0.282322 0.042075 0.028493
0 0.962214 0.253064 0.043709 0.027574
0 0.917892 0.271446 0.028595 0.051471
0 0.880310 0.272059 0.038399 0.054534
0 0.813113 0.271906 0.042892 0.052390
0 0.766340 0.272212 0.037582 0.053002
0 0.723856 0.272212 0.043301 0.054841
0 0.681985 0.200214 0.024918 0.047488
0 0.649101 0.198683 0.032680 0.048713
0 0.905229 0.342525 0.074346 0.055147
0 0.610498 0.197457 0.037990 0.048100
0 0.524101 0.196998 0.040850 0.053309
0 0.483864 0.189185 0.034722 0.059130
0 0.446078 0.190717 0.035131 0.056066
0 0.375000 0.837469 0.046569 0.053615
0 0.344567 0.194547 0.051062 0.056985
0 0.346201 0.138021 0.051062 0.052390
0 0.295547 0.192555 0.040441 0.053615
0 0.251021 0.193321 0.042075 0.052696
0 0.204044 0.193781 0.042075 0.053615
0 0.202819 0.138327 0.042892 0.055453
0 0.127042 0.196078 0.098039 0.045343
0 0.129493 0.149816 0.097222 0.044118
0 0.714869 0.778646 0.053922 0.053002
0 0.063113 0.283548 0.052696 0.081801
0 0.120507 0.282169 0.056373 0.079044
0 0.186479 0.295496 0.035539 0.059130
0 0.980188 0.429075 0.039624 0.030331
0 0.924428 0.428768 0.066993 0.027880
0 0.850082 0.420037 0.068627 0.044118
0 0.776552 0.428462 0.066176 0.031556
0 0.980596 0.837469 0.037990 0.045037
0 0.908701 0.826746 0.098448 0.066483
0 0.831291 0.828891 0.051471 0.057904
0 0.815768 0.772518 0.051471 0.023591
0 0.434028 0.395987 0.042892 0.072610
0 0.388072 0.401961 0.044118 0.055147
0 0.339052 0.402727 0.048203 0.058517
0 0.286969 0.402267 0.048611 0.057598
0 0.236724 0.402114 0.045343 0.055453
0 0.185458 0.403033 0.050654 0.059130
0 0.130719 0.391391 0.049020 0.076287
0 0.077002 0.391544 0.049428 0.076593
0 0.775531 0.829810 0.050245 0.061581
0 0.712827 0.833333 0.045752 0.049632
0 0.674632 0.293352 0.044526 0.076287
0 0.626838 0.293505 0.042075 0.074142
0 0.530229 0.293658 0.047386 0.070159
0 0.476716 0.298866 0.045752 0.059130
0 0.428513 0.298254 0.042484 0.057904
0 0.380515 0.298560 0.042892 0.058517
0 0.331904 0.293658 0.048611 0.070159
0 0.281454 0.291513 0.040850 0.068321
0 0.231822 0.290748 0.046977 0.066789
0 0.036356 0.196538 0.072712 0.046262
0 0.038603 0.149050 0.077206 0.045037
0 0.398897 0.193168 0.048611 0.054228
0 0.770221 0.187194 0.045343 0.053309
0 0.652778 0.835478 0.051471 0.047794
0 0.595588 0.829350 0.048203 0.050245
0 0.816993 0.184436 0.040033 0.053922
0 0.537173 0.765319 0.047386 0.053922
0 0.536765 0.833640 0.054739 0.063113
0 0.442198 0.830882 0.053513 0.061887
