0 0.465104 0.404102 0.081250 0.028516
0 0.546615 0.403711 0.076563 0.029297
0 0.547135 0.447070 0.086979 0.041797
0 0.458854 0.453125 0.090625 0.040625
0 0.028385 0.346484 0.055729 0.041406
0 0.279687 0.450391 0.087500 0.039844
0 0.190365 0.445898 0.086979 0.041797
0 0.142969 0.401367 0.092188 0.033984
0 0.639062 0.451953 0.093750 0.040625
0 0.368490 0.450391 0.092188 0.039844
0 0.730469 0.450000 0.094271 0.040625
0 0.847917 0.547070 0.089583 0.040234
0 0.914844 0.449609 0.094271 0.045312
0 0.934635 0.547461 0.089063 0.040234
0 0.211458 0.541602 0.089583 0.040234
0 0.757292 0.551367 0.089583 0.040234
0 0.668229 0.550586 0.089583 0.040234
0 0.568229 0.547266 0.089583 0.040625
0 0.479167 0.542969 0.089583 0.040625
0 0.390104 0.540820 0.089583 0.040234
0 0.302083 0.543945 0.089583 0.040234
0 0.048177 0.401562 0.045312 0.042188
0 0.821875 0.452539 0.089583 0.041016
0 0.088802 0.449414 0.096354 0.037109
0 0.104948 0.349219 0.094271 0.035156
0 0.842708 0.354883 0.094792 0.045703
0 0.752865 0.126758 0.055729 0.062109
0 0.807813 0.126953 0.055208 0.061719
0 0.757552 0.245117 0.097396 0.044922
0 0.850260 0.245117 0.093229 0.041016
0 0.948958 0.243164 0.092708 0.040234
0 0.977865 0.122070 0.044271 0.065234
0 0.929167 0.127344 0.055208 0.061719
0 0.478646 0.247070 0.088542 0.041016
0 0.388021 0.242578 0.094792 0.045312
0 0.287500 0.244141 0.092708 0.040625
0 0.194531 0.244141 0.092188 0.040625
0 0.099219 0.243750 0.092188 0.040625
0 0.101562 0.307422 0.091667 0.037500
0 0.194531 0.307227 0.084896 0.041797
0 0.122396 0.542773 0.089583 0.040234
0 0.196094 0.347852 0.094271 0.040234
0 0.288021 0.349414 0.091667 0.042578
0 0.378906 0.346680 0.091146 0.042578
0 0.469010 0.352148 0.090104 0.045703
0 0.467187 0.310742 0.073958 0.034766
0 0.560417 0.350000 0.094792 0.045312
0 0.654167 0.351367 0.094792 0.045703
0 0.747396 0.352148 0.094792 0.045703
0 0.935937 0.354492 0.094792 0.045703
0 0.038542 0.544531 0.077083 0.037500
0 0.759115 0.637109 0.094271 0.060937
0 0.048177 0.630078 0.090104 0.059375
0 0.663281 0.245117 0.092188 0.041016
0 0.048698 0.827344 0.096354 0.078906
0 0.049479 0.900391 0.098958 0.067187
0 0.165104 0.898242 0.122917 0.069141
0 0.288802 0.897852 0.118229 0.072266
0 0.419531 0.845117 0.117188 0.062891
0 0.536198 0.846289 0.117188 0.062891
0 0.537500 0.909570 0.117708 0.062891
0 0.414844 0.908789 0.117188 0.062891
0 0.659635 0.906445 0.131771 0.062891
0 0.663281 0.843555 0.131771 0.062891
0 0.797135 0.841211 0.131771 0.062891
0 0.792188 0.906445 0.131250 0.062891
0 0.928385 0.907617 0.131771 0.062891
0 0.929948 0.843164 0.131771 0.062891
0 0.032813 0.205859 0.064583 0.036719
0 0.027344 0.245703 0.052604 0.043750
0 0.136458 0.211133 0.085417 0.022266
0 0.714583 0.088281 0.058333 0.018750
0 0.710677 0.070508 0.060937 0.021484
0 0.560417 0.073242 0.055208 0.041797
0 0.867708 0.124805 0.055208 0.062109
0 0.694271 0.127734 0.062500 0.060156
0 0.161198 0.818945 0.119271 0.089453
0 0.044271 0.499609 0.087500 0.028125
0 0.283073 0.817969 0.121354 0.084375
0 0.919792 0.745703 0.095833 0.032031
0 0.134635 0.631445 0.085938 0.061328
0 0.221354 0.628906 0.085417 0.061719
0 0.306771 0.631445 0.085417 0.061328
0 0.382812 0.635938 0.069792 0.053906
0 0.458594 0.637305 0.069271 0.054297
0 0.527344 0.635156 0.069271 0.053906
0 0.589583 0.632812 0.050000 0.058594
0 0.639844 0.632031 0.049479 0.058594
0 0.683854 0.631445 0.050000 0.058203
0 0.852344 0.636523 0.094271 0.060547
0 0.948177 0.636133 0.094271 0.060547
0 0.058854 0.737500 0.116667 0.039844
0 0.197656 0.739844 0.139063 0.035156
0 0.332031 0.703906 0.139063 0.035156
0 0.335417 0.737500 0.140625 0.035156
0 0.469271 0.703320 0.139583 0.038672
0 0.476562 0.741016 0.141667 0.039062
0 0.610677 0.699219 0.139063 0.042188
0 0.616667 0.746289 0.136458 0.041797
0 0.740365 0.746484 0.088021 0.030469
0 0.725000 0.696680 0.087500 0.023828
0 0.830990 0.714844 0.094271 0.028906
0 0.830729 0.744531 0.089583 0.032031
0 0.925260 0.711523 0.094271 0.037109
0 0.571875 0.126367 0.062500 0.060547
0 0.571094 0.245703 0.092188 0.040625
0 0.447396 0.124219 0.062500 0.060156
0 0.387500 0.128125 0.062500 0.060156
0 0.328646 0.125781 0.056250 0.066406
0 0.270573 0.126172 0.049479 0.066406
0 0.216927 0.126758 0.056771 0.062891
0 0.154948 0.128711 0.056771 0.062891
0 0.097135 0.128711 0.056771 0.062891
0 0.038802 0.127930 0.056771 0.062891
0 0.512240 0.125000 0.061979 0.060156
