0 0.792075 0.296262 0.049837 0.063725
0 0.985090 0.318781 0.029820 0.060968
0 0.937092 0.320006 0.052288 0.057904
0 0.844363 0.295496 0.053105 0.063419
0 0.742443 0.295343 0.047794 0.061275
0 0.242443 0.262102 0.088644 0.043199
0 0.637051 0.293505 0.053513 0.063113
0 0.523693 0.287071 0.053105 0.075980
0 0.471201 0.288603 0.051879 0.069240
0 0.245302 0.303309 0.084559 0.038603
0 0.062500 0.365809 0.088235 0.042892
0 0.692810 0.293811 0.052288 0.063725
0 0.067402 0.405790 0.078431 0.038297
0 0.292484 0.032935 0.048203 0.059130
0 0.150735 0.366575 0.085784 0.045037
0 0.847835 0.034161 0.069036 0.066483
0 0.794322 0.022365 0.031454 0.033088
0 0.794322 0.053922 0.032271 0.029412
0 0.755106 0.040748 0.042892 0.056373
0 0.697304 0.041054 0.073529 0.052696
0 0.620098 0.040901 0.074346 0.051777
0 0.533701 0.038909 0.075572 0.055147
0 0.472631 0.034467 0.044935 0.062194
0 0.429739 0.033548 0.041667 0.063419
0 0.340074 0.032169 0.042075 0.061275
0 0.110907 0.283701 0.127042 0.075368
0 0.247141 0.034467 0.042484 0.061581
0 0.204453 0.032475 0.042892 0.060662
0 0.151961 0.407935 0.084150 0.037684
0 0.945466 0.184436 0.057598 0.075368
0 0.669526 0.180607 0.093954 0.073836
0 0.875613 0.197763 0.073121 0.046262
0 0.091299 0.117341 0.060866 0.063113
0 0.098652 0.181832 0.060049 0.064032
0 0.166667 0.182751 0.076797 0.062194
0 0.247958 0.184743 0.084150 0.064951
0 0.332108 0.184436 0.081699 0.063725
0 0.171773 0.119026 0.087010 0.064032
0 0.261234 0.125153 0.082925 0.051164
0 0.340074 0.132966 0.073121 0.037377
0 0.414011 0.195619 0.071487 0.045650
0 0.418096 0.158088 0.067402 0.027574
0 0.416462 0.110600 0.079657 0.056373
0 0.496732 0.202053 0.084150 0.037684
0 0.500817 0.166207 0.072712 0.034007
0 0.501021 0.136489 0.071487 0.026654
0 0.500613 0.103707 0.073121 0.037684
0 0.571895 0.206648 0.063725 0.026042
0 0.572100 0.180453 0.064134 0.025735
0 0.822100 0.126838 0.039624 0.064338
0 0.815359 0.190564 0.044118 0.063113
0 0.783088 0.098652 0.038399 0.033701
0 0.781046 0.133578 0.042484 0.034926
0 0.775940 0.170650 0.031454 0.038603
0 0.773897 0.205576 0.034722 0.030637
0 0.879289 0.145987 0.074755 0.053615
0 0.738562 0.129902 0.035948 0.064951
0 0.655229 0.102941 0.074346 0.020833
0 0.656658 0.128983 0.071487 0.030637
0 0.163399 0.032322 0.040033 0.059130
0 0.577819 0.100031 0.063317 0.030944
0 0.578636 0.128217 0.063317 0.024816
0 0.575163 0.154412 0.070261 0.027574
0 0.736315 0.191789 0.035539 0.058211
0 0.110703 0.032016 0.053922 0.059743
0 0.947917 0.276195 0.052696 0.023591
0 0.956904 0.807904 0.086193 0.098652
0 0.287990 0.675551 0.035948 0.071691
0 0.241217 0.679534 0.046160 0.082108
0 0.165441 0.641544 0.077614 0.056373
0 0.090482 0.639706 0.071487 0.054534
0 0.026961 0.640625 0.053922 0.052696
0 0.882966 0.644608 0.078840 0.055760
0 0.808415 0.596354 0.063725 0.056679
0 0.745711 0.594363 0.063317 0.060662
0 0.685662 0.597426 0.053513 0.050858
0 0.624796 0.577665 0.032271 0.061581
0 0.591503 0.589461 0.035948 0.062500
0 0.551471 0.590380 0.040850 0.064338
0 0.053922 0.031403 0.049837 0.058517
0 0.514093 0.589001 0.033905 0.068321
0 0.411560 0.589767 0.038807 0.067402
0 0.371732 0.578278 0.038399 0.086091
0 0.326593 0.577053 0.051879 0.087929
0 0.280229 0.578738 0.041667 0.087623
0 0.237337 0.576900 0.044118 0.091912
0 0.328227 0.680300 0.040441 0.083640
0 0.369281 0.681985 0.040033 0.080270
0 0.412582 0.681526 0.047386 0.083640
0 0.487132 0.683364 0.043709 0.076287
0 0.840482 0.782782 0.069853 0.078431
0 0.770833 0.810968 0.064542 0.064338
0 0.697100 0.806066 0.073121 0.074142
0 0.625204 0.778339 0.054330 0.060355
0 0.568832 0.798713 0.057598 0.096201
0 0.509395 0.798254 0.060458 0.097733
0 0.450572 0.794577 0.056373 0.090380
0 0.387663 0.794424 0.067810 0.092525
0 0.318627 0.795343 0.069444 0.093750
0 0.174224 0.564645 0.082925 0.053922
0 0.225082 0.814491 0.080882 0.048100
0 0.078227 0.815104 0.049428 0.051164
0 0.026552 0.814798 0.053105 0.048100
0 0.927696 0.714920 0.073529 0.065870
0 0.859273 0.712010 0.055964 0.063113
0 0.775327 0.687806 0.073529 0.080270
0 0.697100 0.669118 0.060866 0.058824
0 0.646038 0.685509 0.041258 0.075674
0 0.604371 0.684896 0.040441 0.076287
0 0.568219 0.684283 0.035131 0.078125
0 0.138480 0.815870 0.069444 0.054534
0 0.084559 0.562347 0.089869 0.056066
0 0.384600 0.033701 0.042892 0.060662
0 0.888480 0.503217 0.077614 0.053002
0 0.438930 0.469975 0.035539 0.074755
0 0.474469 0.471507 0.036356 0.072917
0 0.509600 0.471814 0.033905 0.074142
0 0.594975 0.481311 0.055147 0.049632
0 0.678309 0.481464 0.056781 0.052390
0 0.803513 0.482384 0.053922 0.063419
0 0.750408 0.479933 0.051471 0.056066
0 0.967525 0.503217 0.064951 0.059130
0 0.542075 0.471048 0.031863 0.076287
0 0.949959 0.410080 0.078023 0.088542
0 0.876021 0.430453 0.058415 0.038603
0 0.051062 0.482230 0.077614 0.072304
0 0.776961 0.376838 0.046569 0.022059
0 0.727941 0.378217 0.049020 0.019301
0 0.754902 0.406403 0.063725 0.031556
0 0.816381 0.406710 0.058415 0.030944
0 0.440972 0.382200 0.051879 0.068934
0 0.222631 0.478248 0.049020 0.052696
0 0.266136 0.477941 0.037990 0.053309
0 0.310662 0.479320 0.051062 0.054841
0 0.353145 0.477022 0.034722 0.059436
0 0.605596 0.392616 0.036356 0.050551
0 0.570057 0.393229 0.032271 0.053615
0 0.536356 0.392463 0.035131 0.055147
0 0.490809 0.383425 0.042075 0.068321
0 0.155025 0.489890 0.072304 0.034926
0 0.387663 0.383578 0.043301 0.063725
0 0.341503 0.378676 0.051471 0.072917
0 0.286765 0.376072 0.051471 0.080576
0 0.231822 0.375000 0.057598 0.082108
