0 0.684135 0.450557 0.035577 0.032962
0 0.722476 0.413313 0.034375 0.038099
0 0.684976 0.412457 0.036779 0.037243
0 0.768149 0.365368 0.035337 0.043236
0 0.733053 0.363014 0.033413 0.043664
0 0.698558 0.361729 0.034615 0.051370
0 0.662260 0.363442 0.036538 0.051370
0 0.626803 0.361729 0.032933 0.045377
0 0.771635 0.313142 0.040385 0.050086
0 0.734615 0.312072 0.034615 0.051370
0 0.696274 0.312072 0.036779 0.046233
0 0.660937 0.311216 0.033894 0.047945
0 0.625841 0.314426 0.032452 0.047517
0 0.775361 0.255993 0.038221 0.045377
0 0.736779 0.256849 0.039423 0.045377
0 0.699038 0.259846 0.036538 0.050514
0 0.720793 0.452055 0.033894 0.031678
0 0.760457 0.416952 0.041106 0.038527
0 0.760938 0.454195 0.041587 0.034247
0 0.591466 0.265411 0.030529 0.047089
0 0.483894 0.150685 0.058173 0.045377
0 0.476683 0.209332 0.051442 0.051370
0 0.534255 0.205693 0.053125 0.048373
0 0.584375 0.208476 0.046154 0.044521
0 0.540144 0.059503 0.045673 0.035959
0 0.587500 0.058219 0.050481 0.032534
0 0.637260 0.054366 0.050962 0.040240
0 0.662500 0.262628 0.037500 0.045805
0 0.534255 0.102954 0.041106 0.049229
0 0.635938 0.098673 0.050721 0.043236
0 0.533053 0.151755 0.041106 0.043236
0 0.582933 0.155608 0.050481 0.046661
0 0.633173 0.152183 0.049519 0.053510
0 0.634014 0.203767 0.047837 0.047089
0 0.685697 0.055009 0.033894 0.044092
0 0.682091 0.093536 0.034375 0.030394
0 0.584736 0.099101 0.053606 0.043236
0 0.720192 0.089683 0.035096 0.033818
0 0.751803 0.090967 0.028125 0.037243
0 0.775962 0.096533 0.016827 0.029538
0 0.581731 0.447774 0.028846 0.030822
0 0.616106 0.449272 0.030769 0.031250
0 0.614543 0.413527 0.033894 0.033390
0 0.649159 0.414598 0.031490 0.040668
0 0.648197 0.451841 0.030048 0.032106
0 0.456731 0.320205 0.031250 0.043664
0 0.455409 0.270762 0.031490 0.038955
0 0.581250 0.413099 0.027404 0.031678
0 0.489543 0.267979 0.033413 0.040240
0 0.525721 0.368579 0.031731 0.042808
0 0.493510 0.367080 0.030769 0.045805
0 0.462019 0.363656 0.031250 0.039812
0 0.592909 0.313142 0.031971 0.043236
0 0.560937 0.315497 0.032933 0.041952
0 0.526683 0.316353 0.033654 0.047089
0 0.559135 0.268408 0.035577 0.041096
0 0.524159 0.267123 0.034856 0.039384
0 0.478125 0.099957 0.049519 0.043236
0 0.548438 0.412671 0.029087 0.031678
0 0.549159 0.449272 0.030048 0.037243
0 0.678966 0.141053 0.037740 0.059503
0 0.720072 0.141695 0.035337 0.058219
0 0.680649 0.201199 0.035817 0.053938
0 0.719591 0.200128 0.039183 0.050086
0 0.753606 0.200128 0.022115 0.051798
0 0.755288 0.143193 0.026442 0.051798
0 0.784976 0.142337 0.029087 0.051798
0 0.518269 0.412243 0.032212 0.033390
0 0.782091 0.198844 0.024760 0.050086
0 0.626202 0.264341 0.033173 0.047517
0 0.593269 0.365154 0.031250 0.045377
0 0.561058 0.365796 0.034135 0.045805
0 0.452524 0.448844 0.027644 0.031250
0 0.482091 0.410745 0.032933 0.037243
0 0.484615 0.448844 0.034135 0.028682
0 0.517308 0.446062 0.032692 0.029966
0 0.449279 0.406678 0.028846 0.033390
0 0.486418 0.116652 0.080048 0.026969
0 0.491226 0.317423 0.034856 0.043236
0 0.397356 0.164598 0.031731 0.099743
0 0.216827 0.436644 0.051923 0.024829
0 0.217548 0.459118 0.053365 0.020120
0 0.273077 0.388057 0.059135 0.026969
0 0.274519 0.412885 0.059135 0.022688
0 0.184014 0.456122 0.009856 0.014127
0 0.276803 0.437928 0.056010 0.022260
0 0.214183 0.413313 0.050481 0.021832
0 0.276442 0.460188 0.056731 0.020548
0 0.336418 0.412029 0.063221 0.019264
0 0.184375 0.437286 0.010577 0.023545
0 0.181010 0.412029 0.010577 0.024401
0 0.176923 0.386130 0.012981 0.013699
0 0.162380 0.388271 0.014663 0.016267
0 0.167428 0.411601 0.014183 0.020120
0 0.334976 0.386130 0.060337 0.029110
0 0.262740 0.249358 0.061058 0.017551
0 0.212861 0.388913 0.050240 0.025257
0 0.399279 0.350599 0.066346 0.023973
0 0.330288 0.300514 0.060577 0.024829
0 0.330889 0.327055 0.060337 0.028253
0 0.332332 0.354024 0.063221 0.023973
0 0.394231 0.265839 0.062019 0.036815
0 0.394231 0.294521 0.062981 0.019692
0 0.265264 0.329195 0.057933 0.026541
0 0.264784 0.302012 0.059856 0.026113
0 0.262500 0.274187 0.059615 0.029538
0 0.206490 0.357663 0.056731 0.021832
0 0.206250 0.330265 0.055769 0.031250
0 0.202524 0.303510 0.052644 0.023116
0 0.201683 0.275257 0.056250 0.032534
0 0.199760 0.246361 0.051442 0.012414
0 0.429567 0.161387 0.032212 0.107021
0 0.396635 0.323416 0.061538 0.031250
0 0.325721 0.267765 0.060577 0.032962
0 0.171635 0.457192 0.010577 0.013699
0 0.170192 0.436430 0.014904 0.017551
0 0.171274 0.331764 0.009856 0.023973
0 0.399159 0.407320 0.061298 0.021832
0 0.400120 0.433647 0.063221 0.025685
0 0.403005 0.462757 0.062740 0.019692
0 0.171154 0.136772 0.056250 0.037243
0 0.171755 0.166952 0.056971 0.021404
0 0.170913 0.195205 0.058173 0.035959
0 0.172716 0.223887 0.061779 0.021404
0 0.226202 0.102312 0.049038 0.017123
0 0.231130 0.130351 0.057933 0.032962
0 0.234615 0.163099 0.061538 0.024829
0 0.234736 0.189212 0.060817 0.026541
0 0.240144 0.217252 0.070673 0.020120
0 0.292428 0.163099 0.031010 0.117295
0 0.323558 0.168022 0.030288 0.106592
0 0.364303 0.164598 0.032452 0.101455
0 0.171635 0.355308 0.009135 0.023973
0 0.339183 0.461473 0.063942 0.020548
0 0.399760 0.380993 0.062500 0.029110
0 0.151082 0.257705 0.011779 0.020548
0 0.168870 0.306721 0.007933 0.026113
0 0.338101 0.437072 0.061298 0.029110
0 0.166587 0.277397 0.012981 0.023116
0 0.165865 0.254923 0.013942 0.014983
0 0.266827 0.355950 0.061058 0.025257
0 0.158413 0.332620 0.009615 0.023973
0 0.156490 0.305865 0.011538 0.027825
0 0.151923 0.281036 0.011058 0.020976
0 0.160337 0.359803 0.012019 0.026969
