0 0.392979 0.893149 0.047089 0.060817
0 0.461687 0.721875 0.041524 0.067788
0 0.740368 0.727404 0.113442 0.090865
0 0.882277 0.728966 0.119863 0.086298
0 0.766481 0.835216 0.073202 0.034375
0 0.886986 0.901202 0.124144 0.083654
0 0.762628 0.902885 0.124572 0.084135
0 0.636986 0.881250 0.059932 0.047115
0 0.634846 0.912380 0.060788 0.008413
0 0.632705 0.920673 0.063356 0.008654
0 0.645976 0.932692 0.066781 0.015385
0 0.577697 0.879207 0.055223 0.048798
0 0.517123 0.879327 0.059075 0.043269
0 0.595248 0.836538 0.052654 0.034135
0 0.541738 0.835817 0.054366 0.032692
0 0.660317 0.845553 0.051798 0.021394
0 0.661815 0.730168 0.032534 0.047356
0 0.572560 0.910577 0.061216 0.010577
0 0.570420 0.926082 0.062928 0.007933
0 0.575128 0.933894 0.063784 0.010096
0 0.510060 0.905409 0.061216 0.009375
0 0.508562 0.915505 0.055651 0.009856
0 0.509632 0.929688 0.060360 0.015144
0 0.442851 0.897356 0.046661 0.048558
0 0.330479 0.881130 0.061644 0.031490
0 0.330479 0.918029 0.063356 0.035577
0 0.265411 0.891466 0.057363 0.073317
0 0.202911 0.891106 0.057363 0.074038
0 0.146190 0.891707 0.044949 0.073798
0 0.073202 0.889303 0.049658 0.071394
0 0.025685 0.889543 0.040240 0.075721
0 0.571490 0.501202 0.037671 0.064904
0 0.571062 0.917428 0.066781 0.006010
0 0.529752 0.498197 0.035531 0.069952
0 0.618365 0.726082 0.048373 0.055529
0 0.504923 0.717548 0.034675 0.048077
0 0.763699 0.494832 0.029966 0.080529
0 0.823416 0.480769 0.078339 0.040865
0 0.903467 0.483413 0.074914 0.034135
0 0.901113 0.518990 0.076199 0.031731
0 0.822988 0.518870 0.074914 0.032452
0 0.881421 0.618149 0.036815 0.077163
0 0.836473 0.618149 0.053082 0.081971
0 0.785745 0.615625 0.041524 0.081250
0 0.736729 0.615625 0.046233 0.083654
0 0.695634 0.616466 0.029966 0.082933
0 0.652183 0.626803 0.040668 0.058413
0 0.601455 0.625962 0.042808 0.056250
0 0.558219 0.627644 0.043664 0.056731
0 0.514127 0.611058 0.042808 0.072115
0 0.558647 0.738702 0.060788 0.064423
0 0.473887 0.616827 0.032534 0.072115
0 0.301584 0.616106 0.099743 0.067308
0 0.223887 0.606731 0.039384 0.054327
0 0.154966 0.609495 0.065925 0.053125
0 0.084760 0.629447 0.044521 0.050721
0 0.038527 0.630288 0.042808 0.045192
0 0.033390 0.731130 0.034247 0.073798
0 0.086901 0.731971 0.053938 0.062019
0 0.137200 0.732572 0.039812 0.067548
0 0.185574 0.726803 0.044092 0.066106
0 0.226670 0.730649 0.039812 0.076202
0 0.286387 0.732812 0.077055 0.072837
0 0.360445 0.740986 0.045377 0.066106
0 0.409461 0.739183 0.039812 0.060096
0 0.617723 0.502284 0.042808 0.065625
0 0.398545 0.617067 0.040240 0.069231
0 0.482235 0.497716 0.038955 0.068990
0 0.429152 0.498197 0.041524 0.069952
0 0.396190 0.493389 0.019264 0.062260
0 0.303296 0.279447 0.083476 0.051202
0 0.220676 0.273918 0.054366 0.067067
0 0.158176 0.276322 0.055223 0.069471
0 0.099101 0.286298 0.045805 0.072596
0 0.045591 0.290264 0.047517 0.069952
0 0.061216 0.162139 0.062500 0.097837
0 0.129495 0.161298 0.068065 0.099519
0 0.205265 0.162019 0.068921 0.085577
0 0.281250 0.161298 0.066781 0.087019
0 0.355522 0.159615 0.068065 0.087500
0 0.422945 0.159255 0.056507 0.089183
0 0.493365 0.149760 0.074914 0.104327
0 0.625642 0.147115 0.069777 0.104808
0 0.706978 0.144832 0.067209 0.101683
0 0.382491 0.277885 0.051798 0.069712
0 0.772902 0.142788 0.064640 0.101923
0 0.912885 0.140264 0.066353 0.103125
0 0.915668 0.035216 0.064212 0.070433
0 0.849529 0.035216 0.065497 0.070433
0 0.778467 0.037019 0.066353 0.072596
0 0.702055 0.038221 0.065925 0.073558
0 0.631421 0.039183 0.065925 0.077404
0 0.562286 0.040986 0.062928 0.075721
0 0.494435 0.040144 0.072774 0.078846
0 0.422303 0.027524 0.060360 0.048798
0 0.348245 0.027885 0.053510 0.054327
0 0.275899 0.029687 0.062072 0.053125
0 0.202483 0.029808 0.063356 0.056731
0 0.116224 0.046635 0.074914 0.090385
0 0.040668 0.047236 0.076199 0.092067
0 0.844392 0.139904 0.075771 0.105288
0 0.424015 0.277404 0.033818 0.062981
0 0.462757 0.282572 0.043664 0.066587
0 0.508990 0.278005 0.049658 0.073798
0 0.369649 0.498918 0.036387 0.068029
0 0.322988 0.504207 0.057791 0.058894
0 0.268408 0.505168 0.047089 0.056010
0 0.220890 0.495192 0.038527 0.055288
0 0.163099 0.498197 0.053938 0.060817
0 0.104238 0.493990 0.044949 0.082212
0 0.056293 0.495913 0.041524 0.083654
0 0.017123 0.495433 0.030822 0.082692
0 0.039812 0.406971 0.040240 0.048558
0 0.088827 0.406490 0.052654 0.054808
0 0.150899 0.386899 0.045805 0.073317
0 0.202911 0.392548 0.057363 0.063462
0 0.305223 0.389423 0.125856 0.072596
0 0.416738 0.390144 0.054366 0.070673
0 0.460616 0.392788 0.026541 0.070673
0 0.512414 0.392428 0.065925 0.075240
0 0.588399 0.382692 0.048373 0.063462
0 0.565711 0.279207 0.042380 0.075240
0 0.612372 0.286899 0.048373 0.056971
0 0.646618 0.288341 0.019264 0.053125
0 0.680009 0.284856 0.047517 0.055769
0 0.734161 0.268870 0.051370 0.082933
0 0.785531 0.268630 0.046233 0.084856
0 0.719606 0.495793 0.039384 0.080048
0 0.850813 0.268750 0.051798 0.080288
0 0.917380 0.387260 0.075342 0.074038
0 0.843964 0.389303 0.054366 0.068510
0 0.779110 0.384375 0.060788 0.077404
0 0.725171 0.382933 0.053082 0.084135
0 0.672303 0.395793 0.048373 0.060817
0 0.633134 0.386779 0.029966 0.051923
0 0.902611 0.269832 0.051798 0.081010
0 0.667594 0.503245 0.044092 0.060817
