0 0.579861 0.847886 0.037990 0.066483
0 0.274918 0.555607 0.022876 0.015012
0 0.217320 0.558824 0.020425 0.013480
0 0.272876 0.521752 0.022059 0.014706
0 0.293301 0.522212 0.019608 0.014400
0 0.312908 0.521140 0.014706 0.013480
0 0.250817 0.556526 0.021242 0.014400
0 0.296364 0.556219 0.021650 0.016238
0 0.324551 0.433364 0.037990 0.069547
0 0.556985 0.681066 0.025735 0.037990
0 0.345180 0.558058 0.022876 0.015012
0 0.323938 0.557904 0.020425 0.014706
0 0.193627 0.559896 0.023693 0.014400
0 0.172181 0.559743 0.017565 0.015319
0 0.752859 0.629902 0.030229 0.029412
0 0.198529 0.542892 0.019608 0.018382
0 0.809232 0.698683 0.033497 0.040748
0 0.843137 0.697457 0.031046 0.041973
0 0.874796 0.697151 0.030637 0.040135
0 0.067810 0.825368 0.025327 0.033701
0 0.091708 0.826134 0.023284 0.032169
0 0.116013 0.824908 0.022059 0.030331
0 0.135621 0.825214 0.017974 0.029105
0 0.775123 0.697304 0.034722 0.037377
0 0.156046 0.824449 0.022059 0.029412
0 0.075572 0.878370 0.022059 0.026961
0 0.585376 0.681832 0.029412 0.035846
0 0.616217 0.680453 0.027369 0.034314
0 0.646038 0.679841 0.030637 0.034314
0 0.677900 0.679381 0.033905 0.034620
0 0.097631 0.855852 0.022059 0.022365
0 0.098243 0.878676 0.020833 0.022672
0 0.072917 0.854473 0.025735 0.019608
0 0.218137 0.541667 0.018791 0.017157
0 0.742443 0.694547 0.029820 0.042279
0 0.006944 0.752757 0.013072 0.026348
0 0.178922 0.542433 0.020425 0.018689
0 0.065564 0.578585 0.060049 0.026042
0 0.020425 0.548866 0.034314 0.031556
0 0.985703 0.442862 0.028595 0.057904
0 0.950163 0.442096 0.041667 0.058211
0 0.889706 0.438266 0.077614 0.057904
0 0.836601 0.420803 0.017974 0.087929
0 0.840074 0.630668 0.028186 0.029718
0 0.821078 0.425551 0.013072 0.097426
0 0.768995 0.423100 0.049428 0.090074
0 0.716912 0.423560 0.055556 0.090993
0 0.720384 0.629442 0.032271 0.032169
0 0.783292 0.630821 0.028186 0.030025
0 0.811887 0.630821 0.028186 0.030025
0 0.048203 0.751838 0.019608 0.024510
0 0.025735 0.752451 0.021242 0.025735
0 0.806373 0.425398 0.017157 0.097120
0 0.375613 0.533548 0.016748 0.013787
0 0.093342 0.673713 0.033088 0.023284
0 0.334150 0.528493 0.017157 0.015931
0 0.612132 0.640931 0.029820 0.039828
0 0.579044 0.640319 0.033088 0.039216
0 0.368464 0.557292 0.019608 0.013480
0 0.315359 0.587316 0.026961 0.018382
0 0.340074 0.586091 0.022467 0.019608
0 0.361315 0.587010 0.021650 0.020221
0 0.387868 0.588388 0.025735 0.021752
0 0.412786 0.587929 0.020833 0.022059
0 0.437500 0.587010 0.026961 0.022672
0 0.396650 0.543964 0.018791 0.016850
0 0.416871 0.544118 0.022467 0.015931
0 0.438930 0.544118 0.020016 0.014093
0 0.395629 0.559743 0.023284 0.015319
0 0.417075 0.559743 0.019608 0.014706
0 0.643587 0.640165 0.032271 0.038909
0 0.437908 0.558824 0.021242 0.013480
0 0.487132 0.557292 0.020016 0.014093
0 0.510008 0.558517 0.022467 0.015931
0 0.536356 0.558670 0.024510 0.016238
0 0.560049 0.559743 0.022059 0.017157
0 0.581291 0.559896 0.021242 0.015625
0 0.462623 0.584865 0.022467 0.020833
0 0.547386 0.637561 0.030229 0.036152
0 0.500817 0.643536 0.040033 0.022978
0 0.524306 0.689951 0.040441 0.065564
0 0.485498 0.586244 0.020016 0.016238
0 0.664420 0.560049 0.043709 0.079044
0 0.620098 0.571078 0.041667 0.055760
0 0.587214 0.590686 0.015931 0.017157
0 0.565359 0.588848 0.022876 0.014093
0 0.465891 0.556066 0.024101 0.018382
0 0.354779 0.530484 0.021650 0.013174
0 0.676266 0.639093 0.033905 0.037377
0 0.264297 0.586397 0.024510 0.018995
0 0.206699 0.587469 0.022876 0.018689
0 0.182802 0.586857 0.023284 0.016850
0 0.258578 0.639246 0.016340 0.009498
0 0.299020 0.629596 0.017157 0.010417
0 0.278595 0.629442 0.019608 0.010110
0 0.257557 0.628983 0.020833 0.009191
0 0.181985 0.713542 0.073121 0.010417
0 0.182394 0.699602 0.071487 0.012561
0 0.127451 0.700061 0.034314 0.023897
0 0.091708 0.698989 0.036356 0.022365
0 0.130515 0.674020 0.033905 0.021446
0 0.120302 0.854626 0.020016 0.022365
0 0.132761 0.647212 0.031863 0.027267
0 0.095997 0.645680 0.031863 0.029718
0 0.242034 0.585784 0.020016 0.020221
0 0.054739 0.708027 0.030229 0.015319
0 0.055351 0.690564 0.033088 0.018382
0 0.020425 0.691023 0.031046 0.018076
0 0.054943 0.672335 0.026552 0.019301
0 0.018995 0.672181 0.034722 0.017770
0 0.052288 0.651654 0.031046 0.023284
0 0.020016 0.651808 0.033497 0.021752
0 0.966708 0.560662 0.066585 0.072304
0 0.879289 0.565717 0.100082 0.064645
0 0.806168 0.564032 0.034722 0.067402
0 0.768791 0.576134 0.032680 0.045650
0 0.737337 0.577053 0.031046 0.045650
0 0.704657 0.573836 0.031046 0.049020
0 0.161560 0.586091 0.019199 0.018382
0 0.288603 0.586550 0.023284 0.021752
0 0.023284 0.707874 0.026144 0.013787
0 0.120302 0.878370 0.020016 0.022059
0 0.508170 0.586397 0.025327 0.016544
0 0.142157 0.879596 0.019608 0.029412
0 0.620507 0.860600 0.032680 0.044118
0 0.655229 0.863205 0.035131 0.040748
0 0.688521 0.862592 0.029003 0.043199
0 0.721609 0.863971 0.034722 0.039216
0 0.755515 0.864430 0.032271 0.039522
0 0.795139 0.837929 0.031454 0.066176
0 0.830474 0.848805 0.035948 0.065870
0 0.325163 0.691483 0.017157 0.008578
0 0.327819 0.701287 0.021650 0.011029
0 0.329861 0.712163 0.020833 0.010110
0 0.348039 0.684436 0.022059 0.009804
0 0.142565 0.852175 0.017974 0.022365
0 0.349877 0.692862 0.017565 0.008885
0 0.179943 0.318168 0.052696 0.044424
0 0.183007 0.279412 0.048203 0.031863
0 0.233864 0.313879 0.042075 0.049326
0 0.281863 0.316176 0.040033 0.051471
0 0.324755 0.317555 0.038399 0.048100
0 0.364583 0.318168 0.034722 0.050551
0 0.402778 0.316330 0.041667 0.050551
0 0.852124 0.149203 0.031863 0.072917
0 0.803922 0.118719 0.059641 0.135723
0 0.750613 0.116881 0.049428 0.138787
0 0.486724 0.314032 0.048611 0.055147
0 0.533905 0.315104 0.046569 0.053002
0 0.760825 0.814491 0.033088 0.044424
0 0.583538 0.302237 0.048611 0.083640
0 0.727941 0.816023 0.031046 0.047488
0 0.077206 0.317862 0.044118 0.049939
0 0.305760 0.690104 0.019199 0.010723
0 0.305760 0.679381 0.017565 0.011949
0 0.629698 0.437040 0.028186 0.051164
0 0.325572 0.680913 0.017157 0.012561
0 0.596814 0.436275 0.035131 0.053309
0 0.554943 0.423866 0.050245 0.078125
0 0.277574 0.713542 0.019199 0.010417
0 0.276961 0.700674 0.019608 0.014706
0 0.252247 0.713235 0.022467 0.009804
0 0.252655 0.699602 0.021650 0.015012
0 0.232230 0.711703 0.019199 0.014093
0 0.231413 0.698683 0.019199 0.013174
0 0.297590 0.659926 0.014297 0.010417
0 0.299224 0.650582 0.019199 0.009498
0 0.299428 0.640625 0.017974 0.009804
0 0.277982 0.668505 0.018382 0.010417
0 0.276757 0.659007 0.019199 0.008578
0 0.277369 0.648591 0.019608 0.010417
0 0.278595 0.639859 0.016340 0.008272
0 0.257149 0.668199 0.016748 0.009804
0 0.257353 0.659314 0.017157 0.009191
0 0.256740 0.648591 0.017565 0.010417
0 0.890114 0.155331 0.044935 0.060049
0 0.695670 0.815870 0.032680 0.047181
0 0.029616 0.310968 0.049428 0.063725
0 0.127859 0.317096 0.052288 0.048407
0 0.695466 0.117953 0.059232 0.139706
0 0.643178 0.117647 0.044526 0.140319
0 0.588848 0.116728 0.055964 0.137255
0 0.505106 0.437347 0.048611 0.056679
0 0.457312 0.439951 0.046977 0.051471
0 0.395833 0.440564 0.063725 0.050245
0 0.861928 0.838235 0.022059 0.056985
0 0.898284 0.829044 0.037582 0.066176
0 0.933824 0.829963 0.031863 0.059436
0 0.974673 0.833027 0.043301 0.066789
0 0.660335 0.814645 0.035539 0.042892
0 0.625408 0.814032 0.032680 0.043505
0 0.539011 0.589461 0.023284 0.014706
0 0.540033 0.848039 0.038399 0.066176
0 0.501225 0.850643 0.037582 0.061581
0 0.463235 0.852482 0.038399 0.067096
0 0.423407 0.853860 0.038807 0.063725
0 0.351920 0.712929 0.020016 0.011642
0 0.396650 0.685509 0.040033 0.070159
0 0.437500 0.683364 0.037582 0.067708
0 0.479984 0.690257 0.039216 0.063725
0 0.383374 0.815411 0.032271 0.053615
0 0.350082 0.817096 0.032680 0.058211
0 0.315155 0.815870 0.036356 0.060049
0 0.277778 0.818168 0.038399 0.060968
0 0.238358 0.816789 0.039624 0.061887
0 0.167279 0.878830 0.024101 0.025429
0 0.168709 0.851869 0.023693 0.021752
0 0.351920 0.701593 0.020016 0.009191
0 0.306577 0.700214 0.022467 0.008885
0 0.308007 0.710172 0.021242 0.011029
0 0.061683 0.429075 0.043301 0.057292
0 0.825368 0.314032 0.032271 0.062500
0 0.858660 0.317096 0.035131 0.056373
0 0.963848 0.267157 0.072304 0.106005
0 0.947712 0.148591 0.049837 0.075980
0 0.986928 0.150735 0.026144 0.074142
0 0.683415 0.240043 0.102124 0.016850
0 0.687500 0.254289 0.093137 0.012868
0 0.020221 0.442555 0.040441 0.032782
0 0.627655 0.302083 0.042075 0.081495
0 0.114992 0.432445 0.049428 0.064032
0 0.790645 0.311581 0.036356 0.057598
0 0.172794 0.439032 0.058824 0.045343
0 0.285539 0.434283 0.040033 0.067708
0 0.480596 0.118873 0.053513 0.137868
0 0.428922 0.119026 0.049837 0.135723
0 0.370915 0.115502 0.050654 0.137255
0 0.315768 0.115043 0.050654 0.135110
0 0.251021 0.115809 0.068219 0.128676
0 0.179534 0.121170 0.065768 0.119792
0 0.101511 0.115043 0.052696 0.130208
0 0.043709 0.114583 0.063725 0.131740
0 0.536560 0.116575 0.048611 0.138174
0 0.234069 0.436581 0.053922 0.044730
0 0.714052 0.302696 0.109477 0.077206
