0 0.026961 0.095435 0.042484 0.092831
0 0.085989 0.119638 0.068219 0.044424
0 0.144608 0.098346 0.040033 0.088848
0 0.189542 0.091452 0.046569 0.097120
0 0.237337 0.089767 0.049837 0.099877
0 0.283701 0.091912 0.043709 0.103554
0 0.322917 0.098499 0.034722 0.089154
0 0.361315 0.097426 0.042075 0.087010
0 0.401552 0.106464 0.037582 0.070159
0 0.430760 0.095282 0.021650 0.093137
0 0.453840 0.094056 0.024510 0.095588
0 0.485090 0.093444 0.036356 0.094975
0 0.524101 0.090533 0.042484 0.101409
0 0.011846 0.613971 0.023693 0.063113
0 0.570057 0.090380 0.046977 0.099265
0 0.673203 0.089767 0.051471 0.104167
0 0.721814 0.091759 0.045752 0.100184
0 0.771242 0.090380 0.045752 0.097426
0 0.814134 0.095282 0.039216 0.088235
0 0.853350 0.095282 0.040033 0.089461
0 0.914216 0.100490 0.031863 0.077206
0 0.952206 0.089154 0.040033 0.101716
0 0.985703 0.239430 0.026961 0.010723
0 0.986724 0.222273 0.026552 0.023591
0 0.949142 0.206648 0.040441 0.078125
0 0.912990 0.204350 0.032680 0.082108
0 0.872753 0.205576 0.043709 0.083946
0 0.829248 0.201900 0.043301 0.091912
0 0.620711 0.089001 0.052696 0.103860
0 0.052696 0.608303 0.035948 0.056066
0 0.104167 0.613051 0.066993 0.066789
0 0.169118 0.615043 0.061275 0.062806
0 0.463848 0.700521 0.076389 0.072610
0 0.197100 0.525429 0.043709 0.086397
0 0.242647 0.525888 0.046569 0.085478
0 0.288399 0.526501 0.044118 0.086091
0 0.367239 0.524969 0.042484 0.085478
0 0.411969 0.527267 0.046977 0.090074
0 0.469158 0.527420 0.048611 0.086091
0 0.517770 0.527420 0.047794 0.086091
0 0.566381 0.525123 0.044526 0.089461
0 0.610294 0.525888 0.038399 0.090993
0 0.658497 0.523744 0.040850 0.093444
0 0.701389 0.525888 0.044118 0.089154
0 0.745302 0.527574 0.042892 0.091299
0 0.787582 0.525735 0.042484 0.094363
0 0.828636 0.523591 0.039624 0.090074
0 0.889910 0.488051 0.040441 0.059436
0 0.934641 0.480239 0.048203 0.073836
0 0.979779 0.480392 0.038807 0.072917
0 0.959763 0.572763 0.069036 0.089767
0 0.891748 0.571844 0.066993 0.087929
0 0.823325 0.619332 0.051062 0.065870
0 0.771446 0.618873 0.053513 0.064951
0 0.717320 0.616881 0.053922 0.068934
0 0.663603 0.615809 0.053513 0.066789
0 0.585989 0.619638 0.100899 0.059130
0 0.483252 0.619638 0.105392 0.059130
0 0.380106 0.621783 0.100082 0.054228
0 0.295956 0.614737 0.064951 0.065257
0 0.231209 0.615656 0.064542 0.064032
0 0.782680 0.201900 0.049020 0.093137
0 0.729984 0.198223 0.057190 0.101716
0 0.899101 0.392770 0.046569 0.082721
0 0.622549 0.197763 0.050654 0.104473
0 0.114788 0.803309 0.056373 0.041054
0 0.170343 0.804841 0.044118 0.037990
0 0.168709 0.767157 0.045752 0.039216
0 0.233660 0.793505 0.079248 0.069240
0 0.310458 0.793658 0.074346 0.069547
0 0.370915 0.802696 0.044118 0.047181
0 0.416667 0.804228 0.046569 0.042892
0 0.473652 0.810968 0.044526 0.029412
0 0.480392 0.772825 0.040850 0.024203
0 0.569036 0.792433 0.074346 0.072610
0 0.643178 0.792433 0.073938 0.073836
0 0.718342 0.793811 0.076389 0.077206
0 0.031250 0.695619 0.060866 0.063419
0 0.097426 0.694087 0.072304 0.067096
0 0.173407 0.698529 0.078840 0.075980
0 0.304126 0.699449 0.074755 0.074142
0 0.778391 0.818474 0.035539 0.032782
0 0.771446 0.768842 0.025735 0.020527
0 0.813930 0.782629 0.037173 0.032782
0 0.817402 0.818474 0.035131 0.035846
0 0.883374 0.789062 0.069853 0.087929
0 0.948529 0.790441 0.061275 0.089461
0 0.985498 0.684436 0.029003 0.093137
0 0.941381 0.687040 0.059232 0.091605
0 0.881740 0.686275 0.056781 0.092525
0 0.809436 0.708793 0.053513 0.070159
0 0.693015 0.701900 0.070670 0.069240
0 0.619894 0.702359 0.076389 0.070772
0 0.545956 0.702053 0.070670 0.072610
0 0.056781 0.803309 0.056373 0.041054
0 0.944036 0.391238 0.042484 0.080882
0 0.014706 0.790441 0.027778 0.063113
0 0.948529 0.303462 0.040033 0.075674
0 0.568015 0.201746 0.050245 0.099571
0 0.488971 0.201746 0.048203 0.105086
0 0.429739 0.201900 0.070261 0.105392
0 0.328431 0.199142 0.132353 0.100490
0 0.221405 0.203738 0.041667 0.093750
0 0.178309 0.202972 0.044526 0.094056
0 0.132761 0.203891 0.045752 0.095282
0 0.087418 0.203278 0.046569 0.096507
0 0.043913 0.203278 0.040441 0.096507
0 0.010825 0.198836 0.020016 0.099265
0 0.024510 0.314032 0.032680 0.090074
0 0.064747 0.314338 0.048611 0.091299
0 0.106413 0.312500 0.034722 0.094363
0 0.151144 0.312653 0.049020 0.094669
0 0.193423 0.312040 0.036356 0.095282
0 0.239379 0.313572 0.048203 0.098346
0 0.292892 0.322917 0.049837 0.077819
0 0.363154 0.339767 0.045752 0.076593
0 0.406046 0.314798 0.036765 0.089767
0 0.447917 0.317096 0.044526 0.093137
0 0.490605 0.314645 0.040033 0.096814
0 0.536356 0.313879 0.050654 0.095895
0 0.590074 0.312194 0.056781 0.099265
0 0.646855 0.313725 0.054330 0.101716
0 0.702410 0.314798 0.056781 0.098958
0 0.754902 0.314798 0.043301 0.094056
0 0.800654 0.319087 0.049020 0.085478
0 0.851103 0.310968 0.046977 0.103554
0 0.905433 0.302390 0.046977 0.074142
0 0.986724 0.300092 0.026552 0.082414
0 0.674632 0.198223 0.052696 0.102328
0 0.389297 0.697457 0.072712 0.074449
0 0.024714 0.423713 0.046977 0.091299
0 0.759191 0.427083 0.046160 0.084559
0 0.707108 0.422028 0.039216 0.089154
0 0.662582 0.421569 0.044118 0.088235
0 0.622141 0.424632 0.036765 0.083333
0 0.579248 0.424632 0.048203 0.083946
0 0.531046 0.424173 0.048203 0.084252
0 0.486724 0.425245 0.041258 0.084559
0 0.438930 0.423866 0.042075 0.085478
0 0.399510 0.422028 0.036765 0.081801
0 0.072508 0.519608 0.023284 0.078431
0 0.275123 0.419118 0.035539 0.088848
0 0.237541 0.420803 0.039624 0.093444
0 0.193832 0.420956 0.048611 0.094363
0 0.121324 0.419884 0.044935 0.089767
0 0.073121 0.421109 0.049837 0.087316
0 0.150123 0.521293 0.043709 0.090993
0 0.020016 0.523591 0.039216 0.086397
0 0.799428 0.426011 0.032680 0.081801
0 0.839665 0.419271 0.049428 0.096507
0 0.106413 0.523591 0.044526 0.086397
