0 0.070874 0.611673 0.019199 0.062194
0 0.098448 0.610754 0.035948 0.056679
0 0.044322 0.613817 0.034722 0.058517
0 0.063930 0.666360 0.044526 0.017770
0 0.159518 0.609528 0.032271 0.052390
0 0.013685 0.611979 0.026552 0.059130
0 0.188725 0.606311 0.025327 0.059436
0 0.130106 0.611673 0.027369 0.055453
0 0.254902 0.723192 0.037582 0.027267
0 0.040441 0.719363 0.044935 0.045956
0 0.180351 0.723192 0.023284 0.034007
0 0.156046 0.711397 0.019608 0.052083
0 0.138480 0.712163 0.017157 0.053615
0 0.119485 0.711244 0.020833 0.054228
0 0.085784 0.717371 0.045752 0.049939
0 0.115605 0.660999 0.040033 0.013787
0 0.008783 0.718444 0.015114 0.025735
0 0.216912 0.606464 0.031046 0.059743
0 0.212623 0.720129 0.042892 0.029105
0 0.247549 0.608303 0.029412 0.055453
0 0.222426 0.521140 0.020833 0.034314
0 0.373366 0.342678 0.044935 0.076287
0 0.209150 0.433517 0.095588 0.033088
0 0.022263 0.802390 0.042075 0.090686
0 0.109477 0.435202 0.102124 0.030331
0 0.243260 0.521140 0.020833 0.032475
0 0.200163 0.520374 0.023693 0.034007
0 0.172590 0.518842 0.029003 0.034620
0 0.142361 0.522059 0.028186 0.030637
0 0.116422 0.520221 0.023693 0.034926
0 0.020425 0.519455 0.013889 0.035846
0 0.091503 0.521599 0.024510 0.036458
0 0.037377 0.523897 0.020833 0.031863
0 0.921977 0.261489 0.055556 0.064032
0 0.962418 0.261489 0.025327 0.064032
0 0.987541 0.255821 0.024918 0.052696
0 0.875000 0.366728 0.044935 0.059436
0 0.910948 0.370558 0.026961 0.056066
0 0.959967 0.359375 0.041667 0.044730
0 0.275531 0.343750 0.046160 0.078431
0 0.063317 0.523284 0.031046 0.031863
0 0.987541 0.777114 0.024918 0.089767
0 0.463031 0.234069 0.029820 0.060662
0 0.943627 0.726869 0.083333 0.035846
0 0.312092 0.798713 0.062908 0.103554
0 0.263685 0.795190 0.031454 0.080576
0 0.231005 0.769301 0.025735 0.033701
0 0.198529 0.800858 0.035948 0.080882
0 0.124796 0.775123 0.031454 0.042892
0 0.667279 0.230699 0.029820 0.053922
0 0.627859 0.235294 0.034314 0.071691
0 0.600899 0.230699 0.019608 0.080882
0 0.370098 0.800858 0.053105 0.100490
0 0.579248 0.230086 0.023693 0.079657
0 0.524101 0.229626 0.023693 0.069547
0 0.493464 0.234528 0.031046 0.061581
0 0.429330 0.235294 0.037582 0.058211
0 0.397059 0.237439 0.026961 0.062500
0 0.361315 0.225031 0.044526 0.087316
0 0.315155 0.221201 0.047794 0.079657
0 0.267974 0.227941 0.046569 0.066176
0 0.286969 0.453738 0.048611 0.076593
0 0.553105 0.233456 0.016340 0.070466
0 0.372141 0.734375 0.047386 0.025123
0 0.421160 0.788297 0.041667 0.105392
0 0.467729 0.792892 0.051471 0.096201
0 0.868464 0.768229 0.082516 0.107537
0 0.757353 0.763940 0.087418 0.105699
0 0.687092 0.787990 0.060458 0.079657
0 0.418913 0.345435 0.046160 0.070772
0 0.463644 0.343750 0.043301 0.067402
0 0.509191 0.339920 0.047794 0.075061
0 0.562092 0.342525 0.058007 0.071691
0 0.609886 0.344822 0.037582 0.067096
0 0.652574 0.343750 0.047794 0.064951
0 0.698734 0.343750 0.044526 0.064951
0 0.747345 0.345435 0.049428 0.070772
0 0.789216 0.343290 0.034314 0.075061
0 0.773284 0.215533 0.077614 0.088542
0 0.717320 0.240809 0.034314 0.037990
0 0.698734 0.230699 0.020833 0.053922
0 0.626430 0.772059 0.049428 0.056985
0 0.585376 0.792279 0.032680 0.088235
0 0.551266 0.793045 0.030637 0.082414
0 0.513685 0.806219 0.042075 0.067096
0 0.941381 0.787224 0.067402 0.069547
0 0.206087 0.386336 0.083742 0.033701
0 0.324755 0.343750 0.052288 0.078431
0 0.455270 0.673560 0.038807 0.052390
0 0.625000 0.540441 0.031046 0.016544
0 0.666054 0.543352 0.029820 0.078738
0 0.694649 0.541973 0.027369 0.080882
0 0.721609 0.541054 0.027369 0.079044
0 0.744690 0.544424 0.020425 0.073529
0 0.772876 0.538450 0.028595 0.062194
0 0.875204 0.562806 0.051062 0.057598
0 0.864175 0.661458 0.050245 0.055147
0 0.630923 0.566023 0.040441 0.030331
0 0.907475 0.662377 0.035539 0.055147
0 0.385008 0.454810 0.041258 0.064645
0 0.430760 0.454657 0.051879 0.064951
0 0.527778 0.450980 0.046569 0.066789
0 0.572508 0.450214 0.042892 0.067096
0 0.677492 0.451746 0.064951 0.068321
0 0.737337 0.450827 0.053105 0.070159
0 0.784722 0.446078 0.040850 0.061275
0 0.864175 0.458793 0.035539 0.070772
0 0.335784 0.454963 0.053105 0.063113
0 0.595384 0.541820 0.029003 0.078125
0 0.566176 0.545650 0.030229 0.084559
0 0.535743 0.556066 0.029003 0.059436
0 0.117647 0.383732 0.096405 0.024203
0 0.037990 0.386489 0.061275 0.024203
0 0.298611 0.677237 0.050654 0.064645
0 0.337010 0.665748 0.026144 0.088235
0 0.377859 0.673254 0.053922 0.058517
0 0.419118 0.661918 0.028595 0.080576
0 0.287786 0.554994 0.046977 0.079963
0 0.333538 0.555607 0.046160 0.078125
0 0.377451 0.553002 0.040850 0.073529
0 0.419935 0.554075 0.042484 0.071998
0 0.468546 0.558824 0.049837 0.060662
0 0.491830 0.659620 0.031046 0.078431
0 0.521446 0.657782 0.027369 0.082108
0 0.556577 0.658854 0.026552 0.076900
0 0.585580 0.657016 0.030637 0.078738
0 0.618260 0.655331 0.029820 0.074142
0 0.648897 0.679841 0.029003 0.026961
0 0.693015 0.656250 0.045343 0.071691
0 0.733864 0.659467 0.034722 0.067708
0 0.901552 0.459252 0.047386 0.076593
0 0.194240 0.329810 0.098448 0.041360
0 0.478962 0.452206 0.050245 0.069853
0 0.032475 0.331495 0.063317 0.026961
0 0.106005 0.325368 0.083742 0.039216
0 0.870302 0.249081 0.047794 0.083946
0 0.986724 0.129902 0.026552 0.058211
0 0.933211 0.114277 0.060049 0.085172
0 0.864583 0.105852 0.071487 0.086091
0 0.768995 0.115349 0.042075 0.067096
0 0.725694 0.101256 0.044526 0.095282
0 0.681577 0.109681 0.046160 0.085172
0 0.639093 0.099112 0.038807 0.106311
0 0.600286 0.096814 0.038807 0.101716
0 0.563725 0.095129 0.028595 0.105086
0 0.533701 0.096354 0.031454 0.107537
0 0.806168 0.100643 0.038807 0.094056
0 0.456904 0.091759 0.038807 0.111826
0 0.015319 0.142310 0.029003 0.049326
0 0.493464 0.092984 0.031046 0.114277
0 0.050654 0.139553 0.050654 0.054841
0 0.101511 0.142770 0.051062 0.048407
0 0.209763 0.141085 0.058415 0.045037
0 0.153799 0.141085 0.053513 0.045037
0 0.292688 0.096201 0.035539 0.102941
0 0.332108 0.095129 0.043301 0.100797
0 0.373162 0.097426 0.038807 0.096201
0 0.415033 0.098499 0.044935 0.098346
0 0.253268 0.091759 0.043301 0.111826
