0 0.620302 0.875306 0.064951 0.044118
0 0.160539 0.475184 0.037582 0.045343
0 0.158701 0.423713 0.030637 0.046569
0 0.606618 0.765778 0.082516 0.040748
0 0.686887 0.745864 0.050245 0.051164
0 0.686683 0.804075 0.058007 0.038297
0 0.615400 0.823683 0.073938 0.043199
0 0.689542 0.858915 0.060458 0.036458
0 0.213440 0.486520 0.047794 0.048407
0 0.612541 0.942862 0.059232 0.046262
0 0.811887 0.770067 0.044526 0.041973
0 0.755106 0.894761 0.056781 0.036458
0 0.754085 0.842218 0.058007 0.033088
0 0.751430 0.792433 0.059232 0.037071
0 0.816789 0.819393 0.051062 0.042586
0 0.815564 0.877604 0.048611 0.039522
0 0.875817 0.857230 0.047386 0.045956
0 0.876430 0.801930 0.048611 0.036458
0 0.873775 0.753830 0.043301 0.041360
0 0.261642 0.484375 0.042075 0.049020
0 0.686887 0.912684 0.055147 0.035539
0 0.260417 0.424939 0.042892 0.052696
0 0.079044 0.298560 0.059232 0.149816
0 0.330678 0.487286 0.048611 0.052390
0 0.926266 0.835325 0.049428 0.038909
0 0.022059 0.295037 0.041667 0.166667
0 0.427492 0.412531 0.034722 0.054841
0 0.463644 0.412684 0.027778 0.046569
0 0.587623 0.469056 0.031454 0.053309
0 0.587214 0.414062 0.037173 0.051777
0 0.625613 0.412071 0.027369 0.055760
0 0.627247 0.467831 0.034722 0.045956
0 0.661969 0.464920 0.028186 0.052390
0 0.213031 0.428462 0.045343 0.060355
0 0.659109 0.410233 0.025735 0.049020
0 0.687908 0.408395 0.027778 0.050245
0 0.719363 0.408241 0.024510 0.051164
0 0.723243 0.460018 0.030637 0.043811
0 0.753472 0.460325 0.020016 0.045650
0 0.753676 0.405178 0.023693 0.051164
0 0.488562 0.475337 0.040850 0.065870
0 0.446078 0.473192 0.031863 0.059130
0 0.413399 0.475797 0.026144 0.056373
0 0.377042 0.484375 0.038399 0.053309
0 0.693832 0.461857 0.023284 0.048100
0 0.928309 0.786305 0.050245 0.040135
0 0.879085 0.430147 0.031863 0.071691
0 0.476103 0.093444 0.063317 0.176471
0 0.853962 0.638021 0.050245 0.042586
0 0.504698 0.330270 0.046977 0.062500
0 0.459763 0.339920 0.033088 0.059130
0 0.458538 0.274969 0.030637 0.065257
0 0.940155 0.125306 0.037990 0.151961
0 0.892770 0.121936 0.054330 0.156863
0 0.830882 0.118107 0.046569 0.159620
0 0.770629 0.105852 0.050245 0.161458
0 0.794730 0.298407 0.024101 0.119485
0 0.796569 0.595282 0.054739 0.047794
0 0.799020 0.533854 0.056373 0.054841
0 0.733047 0.545190 0.048611 0.054228
0 0.727124 0.602482 0.056373 0.045650
0 0.657884 0.612898 0.063317 0.043811
0 0.659722 0.549786 0.062092 0.059743
0 0.660948 0.674632 0.062908 0.053922
0 0.584763 0.688266 0.073121 0.052390
0 0.578840 0.625613 0.078431 0.051471
0 0.579453 0.562040 0.087010 0.055453
0 0.093546 0.706189 0.116013 0.056373
0 0.086397 0.628064 0.117239 0.066789
0 0.192810 0.611826 0.098856 0.074142
0 0.301471 0.593597 0.092320 0.069547
0 0.422590 0.607384 0.087010 0.053002
0 0.501430 0.707567 0.073121 0.057904
0 0.420343 0.728248 0.089052 0.067402
0 0.320466 0.742647 0.090278 0.058824
0 0.549224 0.328585 0.037173 0.066483
0 0.302900 0.666054 0.095180 0.046569
0 0.555351 0.252145 0.042892 0.076593
0 0.619894 0.299173 0.073121 0.128370
0 0.859477 0.296415 0.031046 0.113051
0 0.827410 0.299632 0.023284 0.121936
0 0.536765 0.095588 0.034314 0.166667
0 0.635008 0.099265 0.083742 0.166667
0 0.764706 0.300858 0.029412 0.117034
0 0.885621 0.295956 0.021242 0.112132
0 0.910131 0.299786 0.027778 0.111826
0 0.945057 0.295496 0.027369 0.106311
0 0.981209 0.293964 0.037582 0.105699
0 0.985294 0.421722 0.029412 0.074449
0 0.941585 0.424326 0.044935 0.073529
0 0.906046 0.426930 0.022059 0.070159
0 0.842729 0.433670 0.037582 0.078738
0 0.800245 0.430300 0.037582 0.076287
0 0.916054 0.517770 0.051879 0.046569
0 0.915850 0.575674 0.044935 0.043505
0 0.907271 0.629596 0.037582 0.040441
0 0.970384 0.615962 0.058415 0.055453
0 0.857230 0.531556 0.050245 0.049632
0 0.854371 0.585478 0.054330 0.043505
0 0.379698 0.085938 0.077206 0.157169
0 0.288807 0.079504 0.080065 0.141850
0 0.177288 0.079044 0.084150 0.140931
0 0.067402 0.083027 0.098856 0.132966
0 0.714665 0.101562 0.047794 0.171262
0 0.733456 0.296415 0.029820 0.120404
0 0.694444 0.296722 0.031046 0.125919
0 0.500613 0.254289 0.043709 0.077206
0 0.215482 0.766391 0.104984 0.061581
0 0.102737 0.775276 0.100082 0.057292
0 0.170343 0.937194 0.099673 0.047181
0 0.468342 0.982690 0.073121 0.034620
0 0.160131 0.858609 0.096405 0.068934
0 0.540441 0.893382 0.062092 0.051471
0 0.151757 0.296875 0.046160 0.141544
0 0.462214 0.925245 0.080474 0.050858
0 0.205474 0.300245 0.054739 0.140931
0 0.374183 0.887408 0.089052 0.044424
0 0.266953 0.843290 0.101716 0.052390
0 0.294730 0.297335 0.055147 0.137561
0 0.279412 0.973805 0.093954 0.038909
0 0.274714 0.907475 0.096814 0.049020
0 0.542075 0.956801 0.065359 0.049632
0 0.060662 0.953891 0.101716 0.065870
0 0.980392 0.725184 0.039216 0.033701
0 0.978758 0.771752 0.042484 0.040441
0 0.355392 0.300858 0.038399 0.147059
0 0.979575 0.819700 0.040850 0.037684
0 0.927492 0.690717 0.055147 0.041360
0 0.926675 0.738664 0.050245 0.036152
0 0.399918 0.303615 0.035131 0.134804
0 0.369690 0.820159 0.089869 0.058211
0 0.207312 0.685355 0.102533 0.055760
0 0.373162 0.950827 0.087010 0.049939
