0 0.552288 0.884038 0.041667 0.084865
0 0.782067 0.877911 0.035539 0.080576
0 0.734273 0.880974 0.043709 0.076287
0 0.690768 0.885570 0.039216 0.083640
0 0.645016 0.882659 0.048203 0.087623
0 0.595997 0.884038 0.039216 0.089767
0 0.502247 0.864737 0.048611 0.120404
0 0.294526 0.619792 0.052288 0.082721
0 0.400940 0.864124 0.042892 0.118566
0 0.511234 0.227328 0.059232 0.030637
0 0.570670 0.225490 0.053105 0.032475
0 0.625000 0.200827 0.040033 0.078738
0 0.668709 0.202206 0.044935 0.082108
0 0.712418 0.202819 0.035948 0.077819
0 0.751021 0.201900 0.037990 0.075980
0 0.793096 0.199908 0.043709 0.080576
0 0.012459 0.297488 0.024101 0.081495
0 0.051879 0.299020 0.031863 0.074755
0 0.088031 0.297947 0.040441 0.075061
0 0.146446 0.299939 0.052696 0.073529
0 0.198325 0.308517 0.049428 0.056985
0 0.247141 0.308977 0.046569 0.056679
0 0.291871 0.310355 0.042892 0.055760
0 0.340891 0.310355 0.044526 0.056985
0 0.392361 0.285846 0.054330 0.034926
0 0.448529 0.286918 0.055556 0.037071
0 0.504902 0.286918 0.058007 0.038297
0 0.565564 0.285080 0.053513 0.038909
0 0.394812 0.321385 0.053513 0.030637
0 0.450163 0.321538 0.052288 0.027880
0 0.505719 0.322763 0.055556 0.027880
0 0.566176 0.320159 0.058824 0.030637
0 0.616830 0.301164 0.041667 0.074142
0 0.658497 0.300858 0.039216 0.072917
0 0.701185 0.300092 0.038807 0.076287
0 0.743464 0.299939 0.037582 0.073529
0 0.787786 0.300705 0.043709 0.072610
0 0.024101 0.401501 0.040850 0.089154
0 0.449755 0.227175 0.058007 0.029105
0 0.066993 0.403799 0.040850 0.091912
0 0.390523 0.225797 0.054739 0.030025
0 0.512051 0.191176 0.060866 0.038603
0 0.037582 0.097426 0.035948 0.090074
0 0.076185 0.099112 0.041258 0.081189
0 0.131332 0.094056 0.051879 0.083333
0 0.179534 0.094822 0.037173 0.084252
0 0.228554 0.111213 0.049428 0.061275
0 0.277778 0.112132 0.043301 0.060049
0 0.325368 0.109988 0.049428 0.056373
0 0.382966 0.124540 0.057598 0.032169
0 0.382149 0.087316 0.055964 0.034926
0 0.445670 0.087010 0.057190 0.043505
0 0.445057 0.125613 0.055964 0.031250
0 0.503881 0.124847 0.059232 0.032169
0 0.506944 0.085018 0.056373 0.044424
0 0.569036 0.090993 0.057190 0.042279
0 0.571078 0.128523 0.057190 0.031556
0 0.620711 0.102175 0.042075 0.084865
0 0.664624 0.102328 0.040850 0.086397
0 0.708946 0.100643 0.043709 0.086091
0 0.753064 0.099265 0.042075 0.085784
0 0.798611 0.100643 0.045752 0.079963
0 0.026552 0.197917 0.027778 0.079044
0 0.090482 0.197304 0.030637 0.080270
0 0.136234 0.196844 0.054330 0.084252
0 0.189951 0.198683 0.050654 0.086091
0 0.238766 0.210018 0.044526 0.057904
0 0.286969 0.211244 0.044526 0.060355
0 0.336601 0.213235 0.046569 0.056985
0 0.391136 0.190104 0.055964 0.034007
0 0.449755 0.191483 0.058007 0.038603
0 0.573121 0.189798 0.061275 0.033395
0 0.104779 0.406250 0.030637 0.087623
0 0.161152 0.408701 0.071487 0.087010
0 0.233660 0.409620 0.044935 0.086397
0 0.487541 0.621630 0.051879 0.082721
0 0.539011 0.616881 0.046977 0.084865
0 0.587010 0.618260 0.043301 0.084559
0 0.643587 0.618566 0.055964 0.085172
0 0.701593 0.620711 0.057598 0.082108
0 0.760008 0.621170 0.059232 0.085478
0 0.029616 0.738971 0.048611 0.103554
0 0.078636 0.737439 0.042892 0.103554
0 0.127042 0.739277 0.049837 0.109681
0 0.184641 0.747089 0.061275 0.084252
0 0.239379 0.745711 0.045752 0.082108
0 0.288807 0.747549 0.048203 0.077819
0 0.348243 0.731771 0.048611 0.097120
0 0.400940 0.733456 0.053513 0.095588
0 0.448325 0.731158 0.037990 0.093444
0 0.494281 0.731311 0.047386 0.094363
0 0.541462 0.732077 0.048611 0.095282
0 0.595588 0.733915 0.053105 0.089154
0 0.653595 0.730239 0.054739 0.094056
0 0.711193 0.731005 0.058824 0.092525
0 0.766748 0.734222 0.051471 0.099571
0 0.018995 0.867341 0.034722 0.113358
0 0.055556 0.870098 0.035948 0.112132
0 0.097018 0.873009 0.043709 0.124694
0 0.145425 0.884651 0.047386 0.088542
0 0.195057 0.884344 0.042892 0.093444
0 0.244485 0.880362 0.048611 0.098346
0 0.297794 0.878370 0.048203 0.096201
0 0.352941 0.865502 0.050654 0.109681
0 0.436479 0.619945 0.049428 0.085478
0 0.388685 0.618873 0.043709 0.083333
0 0.344363 0.622396 0.044118 0.084865
0 0.244077 0.620404 0.047794 0.085172
0 0.278799 0.406097 0.042075 0.084252
0 0.327614 0.403186 0.046569 0.087010
0 0.382149 0.405637 0.048611 0.090686
0 0.437092 0.407322 0.050654 0.089767
0 0.492239 0.407782 0.053922 0.088848
0 0.544118 0.406556 0.049837 0.090686
0 0.593546 0.406097 0.041667 0.092218
0 0.635008 0.409926 0.038807 0.081495
0 0.680147 0.411305 0.046569 0.078738
0 0.726307 0.412531 0.038399 0.076900
0 0.769199 0.413756 0.045752 0.081189
0 0.025531 0.512714 0.036356 0.086091
0 0.090278 0.514246 0.040850 0.089154
0 0.126021 0.515472 0.029820 0.086091
0 0.450776 0.865502 0.049428 0.117647
0 0.174837 0.514706 0.063725 0.087010
0 0.294935 0.516085 0.056373 0.084252
0 0.351103 0.515778 0.051062 0.085478
0 0.393791 0.514859 0.035948 0.084865
0 0.439951 0.516850 0.045752 0.083333
0 0.490605 0.513327 0.047386 0.084252
0 0.543096 0.517004 0.055147 0.079963
0 0.599469 0.515931 0.053513 0.087010
0 0.655025 0.513634 0.050245 0.092218
0 0.713031 0.514400 0.058415 0.094363
0 0.774714 0.513021 0.060049 0.090993
0 0.032884 0.623928 0.044526 0.087929
0 0.078431 0.621783 0.038399 0.087929
0 0.127042 0.621936 0.050654 0.091912
0 0.188317 0.620098 0.061275 0.083333
0 0.241422 0.517157 0.045752 0.082721
0 0.055760 0.198683 0.025735 0.083027
