0 0.870507 0.176930 0.024510 0.063419
0 0.900123 0.175705 0.027369 0.065870
0 0.953023 0.182138 0.017974 0.061581
0 0.978350 0.182445 0.027778 0.059743
0 0.977941 0.271752 0.020425 0.058824
0 0.927900 0.178922 0.027369 0.064338
0 0.658701 0.462929 0.029003 0.070466
0 0.840074 0.173407 0.029820 0.068015
0 0.621324 0.466452 0.023693 0.065870
0 0.589461 0.468597 0.031863 0.073223
0 0.551675 0.474112 0.037173 0.071998
0 0.487337 0.473652 0.031863 0.074755
0 0.448938 0.474877 0.031863 0.074755
0 0.389297 0.487592 0.040033 0.084252
0 0.342729 0.490502 0.040033 0.083946
0 0.299224 0.497089 0.040441 0.088542
0 0.253881 0.497702 0.040441 0.088542
0 0.199346 0.501532 0.040850 0.088235
0 0.689134 0.462010 0.027778 0.069853
0 0.803922 0.172335 0.038399 0.067096
0 0.671364 0.164369 0.033088 0.071998
0 0.739788 0.168811 0.029412 0.068015
0 0.909314 0.446078 0.024510 0.064951
0 0.935866 0.446385 0.024510 0.064951
0 0.963440 0.439951 0.023284 0.060049
0 0.987337 0.438572 0.023693 0.058517
0 0.016748 0.625613 0.033497 0.092525
0 0.067810 0.622089 0.033497 0.092218
0 0.110498 0.613051 0.033088 0.087010
0 0.559232 0.158548 0.040033 0.079350
0 0.517157 0.155637 0.040033 0.079657
0 0.475286 0.151501 0.039624 0.079350
0 0.145425 0.504442 0.040850 0.088542
0 0.880719 0.446844 0.024510 0.065257
0 0.152778 0.608609 0.033497 0.084252
0 0.194444 0.601869 0.033497 0.084252
0 0.233864 0.601716 0.033905 0.083946
0 0.851307 0.451746 0.024510 0.065257
0 0.822304 0.450674 0.022059 0.064951
0 0.792484 0.453431 0.027778 0.066176
0 0.760008 0.455882 0.029003 0.066176
0 0.725490 0.459865 0.028595 0.067402
0 0.600082 0.159314 0.031046 0.072917
0 0.636029 0.161152 0.034314 0.074142
0 0.706291 0.165901 0.032680 0.071998
0 0.771242 0.171569 0.026144 0.064951
0 0.094158 0.505362 0.056781 0.091605
0 0.853554 0.361213 0.022467 0.063113
0 0.618056 0.368413 0.026144 0.069547
0 0.868260 0.270374 0.026552 0.068934
0 0.838440 0.269301 0.026552 0.063725
0 0.806577 0.269455 0.031454 0.068321
0 0.776144 0.269761 0.026961 0.067708
0 0.743056 0.269761 0.032680 0.072610
0 0.710172 0.267770 0.025735 0.069240
0 0.677288 0.268076 0.031863 0.073529
0 0.634395 0.268536 0.031046 0.070159
0 0.271650 0.595435 0.033497 0.077512
0 0.016953 0.256893 0.033905 0.090993
0 0.897672 0.270680 0.025735 0.059130
0 0.062908 0.257812 0.053922 0.091605
0 0.181781 0.258425 0.052288 0.087929
0 0.235294 0.258578 0.052288 0.087623
0 0.289828 0.261183 0.047794 0.087929
0 0.339869 0.261183 0.047386 0.087929
0 0.384600 0.263021 0.038807 0.084252
0 0.428513 0.264246 0.037582 0.083640
0 0.468546 0.265012 0.040033 0.077206
0 0.514910 0.265778 0.035539 0.083027
0 0.553922 0.263787 0.035948 0.079657
0 0.593954 0.267157 0.034314 0.075368
0 0.126634 0.255974 0.049837 0.090380
0 0.034109 0.511183 0.056781 0.091605
0 0.923203 0.271906 0.023693 0.063419
0 0.991626 0.355699 0.016748 0.057598
0 0.583333 0.370098 0.035131 0.077819
0 0.551879 0.371783 0.022059 0.067708
0 0.509395 0.373775 0.034314 0.075368
0 0.475899 0.375306 0.023693 0.069853
0 0.425449 0.377298 0.034722 0.077512
0 0.381332 0.377757 0.040441 0.083946
0 0.336806 0.378523 0.038807 0.082414
0 0.285948 0.381127 0.037582 0.083946
0 0.237949 0.382659 0.047794 0.085784
0 0.185662 0.384498 0.046160 0.088848
0 0.950163 0.270067 0.024510 0.060355
0 0.132966 0.383732 0.050245 0.088542
0 0.021855 0.387868 0.043709 0.094363
0 0.879085 0.357843 0.019608 0.064951
0 0.826389 0.362592 0.028595 0.068934
0 0.794118 0.363051 0.028595 0.069240
0 0.759395 0.364277 0.028595 0.069240
0 0.725490 0.364124 0.028595 0.068934
0 0.693832 0.365962 0.024918 0.070159
0 0.967116 0.356464 0.020833 0.060968
0 0.938930 0.357230 0.024101 0.061887
0 0.910539 0.359988 0.026961 0.060662
0 0.078431 0.386336 0.047386 0.090074
0 0.307190 0.590993 0.029412 0.079657
0 0.377859 0.791513 0.124183 0.088542
0 0.379085 0.581495 0.029412 0.072917
0 0.365605 0.679381 0.031046 0.076287
0 0.331291 0.686121 0.031046 0.076900
0 0.341299 0.143536 0.046160 0.085478
0 0.289420 0.140472 0.046160 0.085478
0 0.240809 0.138634 0.046160 0.085478
0 0.190768 0.134344 0.050654 0.090380
0 0.136438 0.133119 0.050654 0.090380
0 0.398489 0.674939 0.028186 0.075980
0 0.080678 0.127451 0.057598 0.094363
0 0.297590 0.690564 0.029003 0.082108
0 0.258374 0.697763 0.032271 0.079350
0 0.220997 0.700827 0.032680 0.078125
0 0.181577 0.709712 0.034722 0.081189
0 0.143587 0.714461 0.030637 0.083333
0 0.104167 0.722733 0.039216 0.075980
0 0.053922 0.726562 0.039216 0.089767
0 0.023080 0.124540 0.046160 0.093444
0 0.014093 0.733762 0.028186 0.093750
0 0.431985 0.670190 0.029003 0.073223
0 0.495711 0.660999 0.025735 0.073223
0 0.994690 0.658395 0.010621 0.068627
0 0.932394 0.677543 0.108252 0.058517
0 0.798611 0.707567 0.149510 0.068934
0 0.523693 0.759651 0.147059 0.086703
0 0.226307 0.820466 0.139706 0.101103
0 0.060866 0.855852 0.121732 0.114890
0 0.744281 0.622089 0.017157 0.064032
0 0.464052 0.663143 0.031046 0.073223
0 0.722018 0.624694 0.024918 0.068015
0 0.669730 0.633425 0.020833 0.067096
0 0.642565 0.635876 0.022059 0.069547
0 0.610907 0.639246 0.024101 0.067096
0 0.584559 0.644301 0.022059 0.069240
0 0.558211 0.648438 0.025735 0.067708
0 0.346609 0.587623 0.030637 0.079044
0 0.524714 0.652880 0.027369 0.072917
0 0.694240 0.628523 0.022467 0.067708
0 0.964869 0.587929 0.013072 0.052696
0 0.430964 0.149050 0.040033 0.079350
0 0.413194 0.578278 0.029003 0.071998
0 0.862745 0.605699 0.015523 0.056985
0 0.843546 0.608303 0.021242 0.062806
0 0.819649 0.611520 0.020833 0.062500
0 0.797386 0.615349 0.021242 0.062806
0 0.771446 0.616728 0.029820 0.065564
0 0.986928 0.584099 0.019608 0.055453
0 0.984681 0.512714 0.018382 0.057904
0 0.509600 0.567708 0.024918 0.069853
0 0.962623 0.516391 0.015114 0.057292
0 0.941585 0.517157 0.019608 0.058211
0 0.919730 0.518995 0.020016 0.060662
0 0.898897 0.523897 0.020016 0.060662
0 0.876838 0.523591 0.020016 0.060662
0 0.853554 0.527267 0.020016 0.060662
0 0.826185 0.530178 0.017565 0.062806
0 0.884600 0.600797 0.015114 0.060049
0 0.905025 0.597426 0.018382 0.056985
0 0.927288 0.594363 0.019608 0.056373
0 0.947712 0.586550 0.016340 0.057904
0 0.806373 0.533088 0.017974 0.059436
0 0.781454 0.535080 0.022059 0.067096
0 0.444853 0.573989 0.026961 0.071385
0 0.731413 0.541667 0.021650 0.063113
0 0.704861 0.544118 0.021650 0.065564
0 0.757149 0.538297 0.020016 0.063113
0 0.650123 0.550245 0.028186 0.069240
0 0.623162 0.553768 0.024101 0.069547
0 0.595792 0.557445 0.022467 0.067096
0 0.569240 0.559283 0.022467 0.072610
0 0.540033 0.563419 0.029412 0.071078
0 0.678309 0.548100 0.024918 0.064338
0 0.478145 0.570925 0.030637 0.070159
