0 0.893750 0.472656 0.042708 0.095312
0 0.933594 0.468945 0.034896 0.098047
0 0.852083 0.475586 0.026042 0.091016
0 0.986458 0.575195 0.027083 0.087109
0 0.935417 0.581836 0.072917 0.083203
0 0.860938 0.587891 0.072917 0.080469
0 0.737760 0.598047 0.071354 0.065625
0 0.675000 0.620703 0.054167 0.071875
0 0.667969 0.575000 0.046354 0.012500
0 0.974479 0.466992 0.036458 0.096484
0 0.453385 0.647266 0.057813 0.079687
0 0.562760 0.616797 0.025521 0.068750
0 0.511979 0.645898 0.056250 0.065234
0 0.325521 0.616406 0.066667 0.028125
0 0.515885 0.597656 0.064062 0.028125
0 0.469010 0.754297 0.055729 0.078906
0 0.393750 0.658008 0.057292 0.076953
0 0.327083 0.666211 0.062500 0.071484
0 0.259896 0.673438 0.066667 0.084375
0 0.286719 0.789258 0.084896 0.081641
0 0.821094 0.480859 0.032813 0.084375
0 0.385417 0.767578 0.104167 0.089063
0 0.610156 0.619141 0.050521 0.075781
0 0.727604 0.493750 0.039583 0.082812
0 0.453125 0.384766 0.089583 0.095312
0 0.648177 0.499219 0.046354 0.086719
0 0.824740 0.235547 0.076563 0.096875
0 0.535156 0.748242 0.061979 0.071484
0 0.902865 0.250391 0.074479 0.059375
0 0.971615 0.248438 0.056771 0.060937
0 0.968229 0.370703 0.062500 0.050000
0 0.901302 0.377734 0.071354 0.051562
0 0.842448 0.360352 0.026562 0.091016
0 0.728125 0.357227 0.088542 0.107422
0 0.633854 0.371484 0.071875 0.089063
0 0.576302 0.376758 0.038021 0.094141
0 0.529687 0.378906 0.052083 0.089844
0 0.382292 0.389453 0.047917 0.100000
0 0.330208 0.391406 0.052083 0.098437
0 0.277604 0.394141 0.050000 0.101562
0 0.221615 0.398633 0.053646 0.103516
0 0.239063 0.542773 0.058333 0.083984
0 0.296354 0.531445 0.047917 0.094141
0 0.347917 0.526758 0.051042 0.094141
0 0.399219 0.523438 0.047396 0.090625
0 0.447917 0.516406 0.045833 0.096094
0 0.494010 0.510156 0.046354 0.096094
0 0.548177 0.503711 0.055729 0.095703
0 0.599740 0.504883 0.043229 0.085547
0 0.690104 0.497266 0.035417 0.089844
0 0.607812 0.752734 0.068750 0.051562
0 0.132812 0.945703 0.090625 0.062500
0 0.874219 0.692383 0.033854 0.073828
0 0.234375 0.964844 0.082292 0.025000
0 0.235937 0.939453 0.092708 0.025000
0 0.744792 0.233203 0.078125 0.096875
0 0.039062 0.973242 0.078125 0.053516
0 0.176823 0.847461 0.072396 0.071484
0 0.085417 0.855078 0.105208 0.065625
0 0.015365 0.866797 0.030729 0.063281
0 0.019792 0.791016 0.013542 0.040625
0 0.034896 0.789062 0.014583 0.040625
0 0.067708 0.791211 0.013542 0.033203
0 0.051823 0.789062 0.014063 0.039062
0 0.104427 0.769336 0.056771 0.066797
0 0.182292 0.758984 0.083333 0.053125
0 0.188281 0.699023 0.063021 0.027734
0 0.130469 0.696289 0.052604 0.026953
0 0.071354 0.706836 0.046875 0.026172
0 0.020833 0.706641 0.041667 0.052344
0 0.033073 0.634375 0.055729 0.074219
0 0.096615 0.636328 0.064062 0.070312
0 0.173698 0.643945 0.073438 0.078516
0 0.092708 0.559180 0.059375 0.062891
0 0.166927 0.557227 0.056771 0.066016
0 0.064583 0.465625 0.076042 0.078906
0 0.312240 0.934570 0.052604 0.072266
0 0.741667 0.735742 0.065625 0.039453
0 0.375260 0.929297 0.063021 0.059375
0 0.487500 0.892188 0.046875 0.091406
0 0.835677 0.716211 0.035937 0.041797
0 0.797396 0.723242 0.041667 0.038672
0 0.676042 0.741602 0.063542 0.038672
0 0.665365 0.700195 0.061979 0.032422
0 0.723437 0.695312 0.039583 0.037500
0 0.834896 0.676562 0.031250 0.034375
0 0.794010 0.685547 0.041146 0.028125
0 0.925260 0.683008 0.040104 0.072266
0 0.971094 0.677344 0.041146 0.080469
0 0.950260 0.791406 0.040104 0.083594
0 0.881250 0.799414 0.023958 0.055078
0 0.848958 0.837305 0.036458 0.039453
0 0.848437 0.796289 0.041667 0.036328
0 0.809375 0.848047 0.040625 0.037500
0 0.781510 0.805273 0.049479 0.042578
0 0.766927 0.849805 0.046354 0.041797
0 0.713021 0.838867 0.031250 0.047266
0 0.680990 0.873242 0.026562 0.033984
0 0.682031 0.829297 0.022396 0.052344
0 0.649740 0.879687 0.027604 0.042188
0 0.652865 0.837891 0.030729 0.039844
0 0.609896 0.877148 0.050000 0.076172
0 0.550000 0.881250 0.065625 0.079687
0 0.435937 0.900391 0.048958 0.090625
0 0.662500 0.232617 0.082292 0.098828
0 0.042708 0.369727 0.073958 0.082422
0 0.476823 0.239063 0.084896 0.103906
0 0.119531 0.244336 0.073438 0.094922
0 0.172917 0.088281 0.098958 0.096875
0 0.281250 0.090234 0.086458 0.103125
0 0.365104 0.094531 0.075000 0.100781
0 0.572135 0.234961 0.093229 0.103516
0 0.441667 0.093555 0.073958 0.102734
0 0.033333 0.254688 0.066667 0.088281
0 0.520573 0.094336 0.076563 0.099609
0 0.668750 0.089453 0.078125 0.102344
0 0.752865 0.091406 0.084896 0.100781
0 0.878385 0.064258 0.065104 0.039453
0 0.936198 0.066992 0.045312 0.034766
0 0.926562 0.116016 0.068750 0.060937
0 0.982292 0.118945 0.034375 0.056641
0 0.594792 0.093750 0.065625 0.096094
0 0.130729 0.349609 0.059375 0.077344
0 0.365625 0.027344 0.077083 0.032031
0 0.388802 0.242188 0.086979 0.102344
0 0.303646 0.248438 0.078125 0.097656
0 0.216406 0.250000 0.092188 0.098437
