0 0.125000 0.118750 0.055208 0.087500
0 0.067708 0.115820 0.055208 0.087891
0 0.017969 0.115234 0.035937 0.087500
0 0.964583 0.315234 0.070833 0.025781
0 0.940625 0.587500 0.115625 0.042188
0 0.969271 0.665820 0.061458 0.024609
0 0.972656 0.696875 0.053646 0.025000
0 0.908073 0.695117 0.067187 0.026953
0 0.869271 0.849219 0.034375 0.023438
0 0.895833 0.765820 0.078125 0.030859
0 0.898438 0.820312 0.035417 0.026562
0 0.859115 0.823633 0.032813 0.019141
0 0.904687 0.847656 0.027083 0.024219
0 0.935937 0.845898 0.018750 0.031641
0 0.967187 0.834961 0.031250 0.032422
0 0.774740 0.812695 0.068229 0.088672
0 0.901563 0.665234 0.054167 0.025781
0 0.189323 0.115430 0.066146 0.103516
0 0.196094 0.814844 0.039062 0.057813
0 0.301563 0.118164 0.039583 0.108984
0 0.304688 0.686523 0.031250 0.097266
0 0.269010 0.687305 0.030729 0.097266
0 0.225781 0.685937 0.046354 0.096094
0 0.179167 0.684375 0.040625 0.086719
0 0.133854 0.687891 0.040625 0.086719
0 0.083073 0.685742 0.040104 0.086328
0 0.039062 0.683203 0.040625 0.086719
0 0.827865 0.571484 0.050521 0.022656
0 0.815365 0.592969 0.054688 0.016406
0 0.805208 0.613867 0.058333 0.015234
0 0.351042 0.686328 0.069792 0.098437
0 0.734896 0.612695 0.055208 0.012109
0 0.738021 0.574414 0.056250 0.012891
0 0.678385 0.567383 0.054688 0.048828
0 0.683333 0.604297 0.046875 0.021094
0 0.629427 0.603125 0.052604 0.021875
0 0.625781 0.579688 0.042188 0.020313
0 0.251563 0.113281 0.050000 0.108594
0 0.582552 0.572656 0.039062 0.048438
0 0.539583 0.587891 0.033333 0.045312
0 0.482031 0.560156 0.079687 0.042969
0 0.476302 0.592383 0.080729 0.011328
0 0.742448 0.594336 0.059896 0.019141
0 0.409896 0.693164 0.034375 0.098047
0 0.446354 0.693164 0.031250 0.090234
0 0.480729 0.694336 0.031250 0.090234
0 0.239063 0.813281 0.037500 0.060156
0 0.284896 0.803516 0.045833 0.078125
0 0.329948 0.798633 0.039062 0.094922
0 0.378646 0.800781 0.041667 0.092188
0 0.420833 0.812891 0.035417 0.066406
0 0.460677 0.804883 0.036979 0.085547
0 0.509115 0.827930 0.053646 0.051953
0 0.565365 0.827930 0.052604 0.054297
0 0.618750 0.805469 0.026042 0.089063
0 0.662760 0.814063 0.050521 0.085156
0 0.714323 0.813477 0.043229 0.083984
0 0.098177 0.797656 0.044271 0.085938
0 0.054948 0.791406 0.033854 0.087500
0 0.024479 0.792578 0.020833 0.054688
0 0.805469 0.699609 0.031771 0.093750
0 0.770052 0.701953 0.031771 0.093750
0 0.734635 0.704102 0.031771 0.093359
0 0.697656 0.703125 0.031771 0.093750
0 0.664844 0.699805 0.031771 0.083984
0 0.630990 0.695312 0.029687 0.098437
0 0.590885 0.699609 0.041146 0.100000
0 0.551562 0.693555 0.031250 0.090234
0 0.513542 0.695117 0.031250 0.090234
0 0.466406 0.606250 0.088021 0.010937
0 0.407292 0.553516 0.047917 0.078125
0 0.581510 0.607031 0.039062 0.014063
0 0.277604 0.569727 0.062500 0.070703
0 0.193229 0.349023 0.047917 0.099609
0 0.117448 0.343359 0.064062 0.105469
0 0.050781 0.348438 0.047396 0.104688
0 0.136979 0.532813 0.062500 0.027344
0 0.774479 0.282227 0.069792 0.057422
0 0.696094 0.277734 0.065104 0.059375
0 0.628906 0.269336 0.061979 0.078516
0 0.562240 0.265625 0.064062 0.075781
0 0.488802 0.269141 0.064062 0.075781
0 0.415885 0.266016 0.064062 0.075781
0 0.338542 0.267578 0.064583 0.075781
0 0.272917 0.267578 0.060417 0.065625
0 0.201823 0.254883 0.069271 0.081641
0 0.113021 0.245312 0.064583 0.078125
0 0.892448 0.146484 0.054688 0.104688
0 0.840625 0.156445 0.038542 0.078516
0 0.795573 0.141406 0.044271 0.101562
0 0.742448 0.149219 0.052604 0.085156
0 0.685937 0.147656 0.052083 0.085156
0 0.629167 0.152539 0.054167 0.070703
0 0.566927 0.146484 0.059896 0.074219
0 0.418490 0.137695 0.033854 0.077734
0 0.357812 0.123828 0.056250 0.088281
0 0.253125 0.354687 0.064583 0.096875
0 0.365885 0.362500 0.053646 0.103125
0 0.843229 0.283984 0.065625 0.059375
0 0.496615 0.373047 0.052604 0.109375
0 0.206510 0.551367 0.059896 0.094922
0 0.120573 0.574414 0.097396 0.044141
0 0.031510 0.583984 0.063021 0.019531
0 0.038021 0.544531 0.064583 0.049219
0 0.085156 0.469922 0.056771 0.096875
0 0.434115 0.373047 0.052604 0.095312
0 0.217188 0.451953 0.064583 0.100000
0 0.279687 0.459180 0.047917 0.099609
0 0.345573 0.475195 0.070312 0.093359
0 0.413281 0.469336 0.051562 0.083203
0 0.476823 0.480273 0.057813 0.093359
0 0.147135 0.457227 0.056771 0.086328
0 0.608594 0.485742 0.060937 0.100391
0 0.543490 0.478516 0.056771 0.092969
0 0.562240 0.371484 0.065104 0.106250
0 0.147917 0.799023 0.046875 0.080078
0 0.703125 0.376563 0.045833 0.099219
0 0.630469 0.373437 0.056771 0.103125
0 0.832812 0.383008 0.054167 0.109766
0 0.749479 0.496484 0.077083 0.109375
0 0.670573 0.487305 0.056771 0.105078
0 0.765625 0.376758 0.066667 0.112109
