0 0.264127 0.271995 0.071062 0.033894
0 0.178296 0.233413 0.079195 0.037981
0 0.180009 0.271154 0.087757 0.035577
0 0.063998 0.270913 0.062928 0.029808
0 0.429580 0.659736 0.047517 0.031971
0 0.362586 0.369471 0.093322 0.028846
0 0.557149 0.671274 0.046661 0.036779
0 0.502783 0.678846 0.052654 0.015385
0 0.046233 0.364063 0.087329 0.030048
0 0.264555 0.233774 0.077055 0.037260
0 0.711259 0.606851 0.061216 0.024760
0 0.449914 0.274399 0.099315 0.029087
0 0.888699 0.762019 0.077911 0.026442
0 0.809075 0.760096 0.077055 0.030288
0 0.718536 0.757091 0.075771 0.027163
0 0.635488 0.758654 0.078339 0.033173
0 0.634418 0.730529 0.081336 0.019231
0 0.554795 0.759976 0.074486 0.027644
0 0.468750 0.730409 0.077055 0.019471
0 0.474529 0.766226 0.077483 0.030048
0 0.387200 0.760457 0.077483 0.032452
0 0.312072 0.728245 0.074486 0.017548
0 0.225385 0.726803 0.074914 0.014183
0 0.216824 0.762380 0.080051 0.028606
0 0.149615 0.759135 0.038099 0.032212
0 0.104024 0.750361 0.039384 0.051202
0 0.635488 0.175481 0.094606 0.028365
0 0.537243 0.173077 0.099315 0.029808
0 0.431935 0.184615 0.074486 0.010096
0 0.336259 0.169712 0.073202 0.033654
0 0.257920 0.169351 0.074914 0.034375
0 0.179152 0.167548 0.074914 0.040865
0 0.077911 0.154327 0.058219 0.061538
0 0.058005 0.749399 0.044949 0.051683
0 0.943707 0.681490 0.057791 0.037500
0 0.871789 0.679327 0.060360 0.038942
0 0.744435 0.679087 0.061644 0.036538
0 0.967038 0.742308 0.065925 0.023077
0 0.351241 0.274279 0.092894 0.029327
0 0.967038 0.767067 0.065925 0.022596
0 0.915668 0.871995 0.094178 0.026683
0 0.642979 0.276803 0.082192 0.030529
0 0.706122 0.264663 0.034675 0.057692
0 0.743579 0.265625 0.033390 0.055769
0 0.784461 0.266106 0.044092 0.058173
0 0.826413 0.267188 0.035531 0.056010
0 0.866438 0.266587 0.033390 0.053846
0 0.901969 0.267067 0.039384 0.056250
0 0.956550 0.167187 0.028682 0.059375
0 0.920377 0.167548 0.032534 0.056250
0 0.884204 0.165986 0.026113 0.056971
0 0.848459 0.166587 0.035959 0.058173
0 0.814426 0.165144 0.022688 0.058173
0 0.782534 0.164543 0.029110 0.056010
0 0.750856 0.165024 0.031678 0.055048
0 0.062714 0.859375 0.065497 0.051923
0 0.128639 0.858173 0.061216 0.051442
0 0.211687 0.842308 0.102312 0.083173
0 0.314854 0.844952 0.103168 0.083654
0 0.417380 0.846274 0.099315 0.081010
0 0.522260 0.849159 0.096747 0.075240
0 0.594606 0.864303 0.045377 0.044952
0 0.659461 0.872837 0.071490 0.027885
0 0.660317 0.842909 0.073202 0.032933
0 0.821276 0.871995 0.096318 0.026683
0 0.823630 0.846755 0.095034 0.025240
0 0.919092 0.840385 0.089897 0.028846
0 0.550086 0.275841 0.092466 0.032452
0 0.622217 0.679447 0.056935 0.038702
0 0.649615 0.606490 0.057791 0.025481
0 0.483305 0.512981 0.041096 0.044231
0 0.436644 0.522957 0.040240 0.030529
0 0.390625 0.521394 0.040668 0.033654
0 0.351670 0.516827 0.027825 0.042788
0 0.321276 0.515144 0.026969 0.043269
0 0.277611 0.504087 0.054366 0.065385
0 0.231378 0.514183 0.038099 0.045192
0 0.532320 0.515024 0.040668 0.040144
0 0.197346 0.485817 0.029966 0.022115
0 0.040882 0.517188 0.054366 0.039183
0 0.071276 0.469591 0.044949 0.011779
0 0.021618 0.457572 0.038099 0.030048
0 0.231592 0.378245 0.076199 0.011298
0 0.211687 0.436178 0.074914 0.026683
0 0.453553 0.442308 0.085188 0.020673
0 0.365796 0.443269 0.078339 0.018750
0 0.091824 0.519351 0.047517 0.037740
0 0.363870 0.421034 0.084760 0.020433
0 0.574914 0.514183 0.028253 0.045192
0 0.637200 0.517909 0.032962 0.040625
0 0.529110 0.595553 0.056507 0.031971
0 0.476027 0.599519 0.053082 0.014904
0 0.416310 0.597236 0.048373 0.037740
0 0.350385 0.569712 0.057791 0.013462
0 0.355094 0.604327 0.062072 0.011538
0 0.271618 0.599399 0.058647 0.024279
0 0.116866 0.599038 0.086473 0.046635
0 0.604880 0.516226 0.022260 0.046875
0 0.944563 0.525601 0.075771 0.031490
0 0.858091 0.517909 0.027825 0.043510
0 0.828553 0.518630 0.028682 0.045433
0 0.795591 0.518510 0.027825 0.051442
0 0.762842 0.509856 0.017123 0.044712
0 0.739512 0.517788 0.025257 0.043750
0 0.712757 0.515625 0.025685 0.048077
0 0.676156 0.520312 0.034675 0.035817
0 0.887628 0.517668 0.032962 0.047356
0 0.453553 0.421514 0.085188 0.019471
0 0.177868 0.522957 0.044949 0.024279
0 0.628853 0.439543 0.092466 0.029087
0 0.537885 0.442909 0.084332 0.019471
0 0.682791 0.679567 0.053082 0.035577
0 0.779538 0.605288 0.055651 0.027885
0 0.844820 0.603125 0.061216 0.025962
0 0.910959 0.605048 0.062500 0.022115
0 0.973887 0.606490 0.052226 0.025481
0 0.025685 0.684255 0.046233 0.022837
0 0.024829 0.659615 0.044521 0.026442
0 0.075128 0.657692 0.052654 0.026923
0 0.205051 0.666106 0.056507 0.038462
0 0.289812 0.674760 0.056507 0.038942
0 0.374786 0.677284 0.057791 0.040144
0 0.077269 0.683654 0.050942 0.021154
0 0.867937 0.380168 0.069777 0.018029
0 0.938356 0.381611 0.068493 0.019471
0 0.793878 0.378846 0.068065 0.015865
0 0.655394 0.377885 0.069349 0.017788
0 0.585830 0.379207 0.066353 0.018510
0 0.443707 0.376202 0.065497 0.018269
0 0.356164 0.348197 0.086473 0.006971
0 0.454195 0.362019 0.069349 0.006731
0 0.726027 0.438582 0.095890 0.031010
