0 0.339323 0.098828 0.053646 0.088281
0 0.596875 0.749609 0.042708 0.075781
0 0.556771 0.748828 0.039583 0.072656
0 0.516146 0.750391 0.039583 0.070312
0 0.477604 0.750977 0.037500 0.068359
0 0.440885 0.749023 0.038021 0.072266
0 0.352604 0.749023 0.042708 0.081641
0 0.639583 0.750391 0.040625 0.076563
0 0.309896 0.747852 0.043750 0.079297
0 0.269531 0.741406 0.038021 0.092188
0 0.166667 0.738477 0.034375 0.095703
0 0.130208 0.739648 0.039583 0.098047
0 0.394792 0.748828 0.042708 0.082031
0 0.856510 0.871875 0.042188 0.053906
0 0.679948 0.749805 0.040104 0.076172
0 0.948438 0.872852 0.048958 0.048828
0 0.093490 0.740820 0.031771 0.095703
0 0.722656 0.750586 0.045312 0.073828
0 0.764844 0.749023 0.035937 0.074609
0 0.804948 0.751953 0.044271 0.068750
0 0.846615 0.752930 0.038021 0.073047
0 0.882292 0.752344 0.034375 0.075000
0 0.922135 0.749805 0.042188 0.071484
0 0.965885 0.749805 0.046354 0.073047
0 0.034375 0.875000 0.040625 0.060156
0 0.077083 0.880664 0.038542 0.051953
0 0.120313 0.877148 0.041667 0.048047
0 0.901563 0.868750 0.044792 0.054688
0 0.062240 0.740039 0.030729 0.090234
0 0.028906 0.740430 0.035937 0.090234
0 0.984375 0.637109 0.030208 0.077344
0 0.449219 0.102148 0.049479 0.083203
0 0.501823 0.103906 0.051562 0.082031
0 0.553906 0.105273 0.052604 0.080859
0 0.605729 0.106055 0.051042 0.083984
0 0.161719 0.092969 0.049479 0.078125
0 0.712760 0.112695 0.047396 0.073828
0 0.762500 0.115234 0.046875 0.078906
0 0.811198 0.117578 0.050521 0.072656
0 0.863021 0.118359 0.048958 0.075781
0 0.913802 0.119922 0.053646 0.072656
0 0.965365 0.118164 0.048438 0.075391
0 0.054427 0.088672 0.055729 0.084375
0 0.239583 0.627734 0.034375 0.085938
0 0.276302 0.628125 0.039062 0.085938
0 0.214844 0.094531 0.056771 0.082031
0 0.312760 0.629102 0.033854 0.086328
0 0.382812 0.631250 0.031250 0.083594
0 0.415365 0.625586 0.033854 0.093359
0 0.467187 0.632031 0.063542 0.082812
0 0.531771 0.631250 0.061458 0.086719
0 0.580469 0.633008 0.034896 0.087109
0 0.616406 0.633203 0.038021 0.087500
0 0.653906 0.634766 0.034896 0.086719
0 0.686458 0.634180 0.032292 0.087891
0 0.720052 0.632617 0.033854 0.083984
0 0.769531 0.632422 0.060937 0.088281
0 0.835938 0.636523 0.069792 0.080859
0 0.885417 0.637305 0.031250 0.082422
0 0.920312 0.634961 0.035417 0.086328
0 0.952604 0.634375 0.032292 0.081250
0 0.347135 0.625586 0.034896 0.093359
0 0.660417 0.111719 0.054167 0.072656
0 0.110156 0.089648 0.052604 0.083984
0 0.102865 0.237305 0.050521 0.042578
0 0.670573 0.432812 0.052604 0.078906
0 0.598437 0.435352 0.061458 0.081641
0 0.522656 0.430859 0.049479 0.082031
0 0.446615 0.433789 0.058854 0.078516
0 0.377604 0.430273 0.048958 0.076172
0 0.308854 0.426758 0.076042 0.080078
0 0.232031 0.422266 0.059896 0.083594
0 0.176302 0.422852 0.050521 0.085547
0 0.115365 0.421680 0.059896 0.075391
0 0.055208 0.422461 0.057292 0.081641
0 0.958594 0.344336 0.063021 0.081641
0 0.883073 0.347070 0.067187 0.080078
0 0.810937 0.348242 0.053125 0.080078
0 0.740365 0.344922 0.055729 0.075781
0 0.671875 0.344336 0.052083 0.081641
0 0.738802 0.434961 0.055729 0.076172
0 0.603646 0.345898 0.059375 0.087109
0 0.800260 0.435742 0.066146 0.076172
0 0.956250 0.428711 0.064583 0.078516
0 0.204167 0.625586 0.038542 0.091016
0 0.168750 0.627148 0.032292 0.089453
0 0.132031 0.626367 0.040104 0.089453
0 0.096875 0.625000 0.032292 0.092188
0 0.061458 0.625977 0.035417 0.094922
0 0.021615 0.628125 0.043229 0.089063
0 0.859896 0.520117 0.263542 0.084766
0 0.693229 0.513672 0.048958 0.017969
0 0.693750 0.533594 0.050000 0.020313
0 0.692708 0.551172 0.053125 0.015625
0 0.603906 0.529102 0.121354 0.058984
0 0.480990 0.530664 0.121354 0.061328
0 0.353125 0.531055 0.130208 0.061328
0 0.227865 0.527930 0.122396 0.055078
0 0.088802 0.528125 0.155729 0.055469
0 0.890625 0.432031 0.069792 0.072656
0 0.025781 0.237891 0.051562 0.046094
0 0.530729 0.342773 0.056250 0.080859
0 0.722917 0.253906 0.042708 0.043750
0 0.861979 0.255664 0.040625 0.040234
0 0.933854 0.257812 0.044792 0.044531
0 0.075000 0.329492 0.062500 0.080078
0 0.147135 0.328516 0.060937 0.083594
0 0.242188 0.334375 0.045833 0.080469
0 0.431771 0.875195 0.047917 0.053516
0 0.480208 0.868945 0.045833 0.061328
0 0.525781 0.867969 0.046354 0.057813
0 0.571354 0.867773 0.044792 0.056641
0 0.617448 0.867383 0.046354 0.056641
0 0.663802 0.874609 0.042188 0.050000
0 0.704948 0.872852 0.038021 0.048828
0 0.745573 0.873242 0.044271 0.048047
0 0.783854 0.872656 0.030208 0.046094
0 0.816927 0.870117 0.038021 0.049609
0 0.448698 0.344531 0.059896 0.079687
0 0.380469 0.337305 0.054688 0.086328
0 0.652604 0.251172 0.044792 0.042969
0 0.581250 0.251563 0.045833 0.046094
0 0.791927 0.257422 0.043229 0.041406
0 0.464062 0.248633 0.044792 0.042578
0 0.038542 0.828711 0.036458 0.019141
0 0.524740 0.248633 0.044271 0.042578
0 0.209635 0.855273 0.033854 0.086328
0 0.245312 0.855859 0.033333 0.087500
0 0.279948 0.858203 0.033854 0.082812
0 0.315885 0.865430 0.033854 0.066797
0 0.172656 0.855273 0.040104 0.086328
0 0.389323 0.869336 0.034896 0.065234
0 0.172917 0.241016 0.043750 0.042969
0 0.247917 0.241797 0.047917 0.046875
0 0.321094 0.243164 0.044271 0.042578
0 0.393750 0.246484 0.050000 0.044531
0 0.352865 0.868359 0.036979 0.062500
