0 0.460897 0.656130 0.081624 0.039183
0 0.535256 0.637620 0.050855 0.057452
0 0.593376 0.636418 0.044872 0.059375
0 0.664316 0.636659 0.068803 0.066106
0 0.736325 0.635096 0.065812 0.063942
0 0.825000 0.634856 0.067949 0.058173
0 0.897650 0.636899 0.070513 0.065144
0 0.220299 0.734856 0.044872 0.032692
0 0.071368 0.666226 0.069231 0.030048
0 0.447863 0.619591 0.076068 0.025721
0 0.135684 0.720313 0.063675 0.027644
0 0.150214 0.665385 0.060256 0.035096
0 0.220299 0.662861 0.065385 0.041106
0 0.283333 0.659856 0.048718 0.035096
0 0.367735 0.656731 0.099573 0.041827
0 0.060470 0.725481 0.067949 0.033173
0 0.370513 0.621635 0.064103 0.025000
0 0.284188 0.622957 0.066667 0.025721
0 0.219017 0.623918 0.058547 0.025240
0 0.782051 0.467428 0.055556 0.033413
0 0.844444 0.471274 0.053846 0.032452
0 0.907265 0.469351 0.048718 0.034856
0 0.107051 0.540505 0.124359 0.026683
0 0.100855 0.576683 0.120513 0.027885
0 0.235043 0.538702 0.115385 0.032692
0 0.231410 0.570913 0.120085 0.032692
0 0.369231 0.531611 0.123077 0.031010
0 0.497863 0.529808 0.115385 0.029808
0 0.372863 0.570072 0.117521 0.036298
0 0.500427 0.565625 0.111966 0.033654
0 0.601709 0.560337 0.049573 0.037500
0 0.659615 0.565745 0.050855 0.042067
0 0.711538 0.522957 0.069231 0.016106
0 0.785043 0.523678 0.069231 0.019952
0 0.718803 0.562019 0.055556 0.043269
0 0.790385 0.560577 0.060256 0.043269
0 0.855342 0.559856 0.050855 0.047596
0 0.911111 0.558293 0.040171 0.050240
0 0.083120 0.622115 0.064530 0.028846
0 0.153632 0.623437 0.067094 0.029087
0 0.285897 0.713221 0.070085 0.037019
0 0.370513 0.706851 0.052137 0.035817
0 0.090812 0.257692 0.084188 0.068269
0 0.511966 0.713582 0.049573 0.029087
0 0.567308 0.271875 0.104701 0.034615
0 0.441239 0.273918 0.108120 0.030048
0 0.911752 0.249519 0.061966 0.021635
0 0.909615 0.272716 0.073932 0.020913
0 0.215171 0.783774 0.063675 0.028606
0 0.289744 0.780048 0.061538 0.026923
0 0.282265 0.750841 0.058547 0.021394
0 0.371154 0.750120 0.044872 0.029567
0 0.713675 0.467909 0.061538 0.036779
0 0.443162 0.741827 0.054701 0.034615
0 0.433974 0.782212 0.048291 0.031731
0 0.508761 0.749038 0.055128 0.026923
0 0.577350 0.750841 0.061538 0.028125
0 0.506197 0.784375 0.054274 0.027404
0 0.569444 0.784255 0.062821 0.027644
0 0.643803 0.773438 0.060256 0.028606
0 0.708333 0.771995 0.062821 0.027163
0 0.028205 0.210096 0.047863 0.025000
0 0.367308 0.782572 0.050000 0.026683
0 0.431197 0.706370 0.051282 0.013702
0 0.563889 0.234736 0.112393 0.033894
0 0.069017 0.785457 0.056838 0.032452
0 0.023291 0.259615 0.046581 0.070192
0 0.089744 0.208293 0.069231 0.024279
0 0.175641 0.212740 0.049573 0.017308
0 0.166880 0.261058 0.052564 0.072115
0 0.226709 0.259255 0.053419 0.068990
0 0.323504 0.276562 0.117094 0.029567
0 0.316667 0.247596 0.124786 0.025481
0 0.314103 0.223197 0.118803 0.021394
0 0.139744 0.785817 0.058974 0.026923
0 0.583333 0.716587 0.057265 0.037019
0 0.710897 0.736538 0.072222 0.031731
0 0.796795 0.729567 0.048291 0.025000
0 0.869872 0.722236 0.055983 0.030529
0 0.787607 0.700721 0.058120 0.018269
0 0.825000 0.770793 0.100427 0.031971
0 0.920299 0.766587 0.054274 0.024038
0 0.066453 0.758413 0.067949 0.017788
0 0.142094 0.755769 0.055983 0.018269
0 0.642735 0.735938 0.041880 0.039663
0 0.652137 0.473918 0.052137 0.037260
0 0.445085 0.233654 0.115812 0.037500
0 0.525855 0.474760 0.052564 0.032212
0 0.763462 0.376322 0.059402 0.034856
0 0.700000 0.377284 0.058120 0.034375
0 0.757692 0.337620 0.067521 0.033413
0 0.686111 0.341827 0.063675 0.034135
0 0.552778 0.378726 0.061966 0.036298
0 0.622650 0.378125 0.059829 0.031250
0 0.613462 0.339904 0.064530 0.030769
0 0.550214 0.341947 0.052564 0.031490
0 0.485256 0.378486 0.069658 0.031971
0 0.834829 0.375120 0.059402 0.041106
0 0.416880 0.378726 0.055128 0.033894
0 0.414103 0.341827 0.057265 0.034135
0 0.336111 0.378005 0.073077 0.037740
0 0.334188 0.336538 0.072650 0.037981
0 0.241453 0.338341 0.082906 0.038702
0 0.057051 0.380168 0.077350 0.031010
0 0.148932 0.377885 0.081624 0.033173
0 0.139744 0.339663 0.092308 0.034615
0 0.046795 0.340986 0.081624 0.038221
0 0.587179 0.473918 0.052991 0.036298
0 0.479701 0.340865 0.058547 0.031731
0 0.901923 0.375240 0.058547 0.035096
0 0.249573 0.376322 0.079487 0.036298
0 0.898718 0.332212 0.076923 0.038462
0 0.463675 0.475361 0.042735 0.031010
0 0.823718 0.332813 0.049145 0.038702
0 0.394017 0.478005 0.041880 0.033894
0 0.332906 0.477764 0.041880 0.030529
0 0.212607 0.478005 0.050000 0.032452
0 0.142735 0.476322 0.064957 0.035337
0 0.074573 0.478726 0.059402 0.037740
0 0.905128 0.429808 0.052991 0.036058
0 0.842735 0.431611 0.058974 0.038221
0 0.773504 0.430168 0.054701 0.032452
0 0.276496 0.477163 0.047009 0.027885
0 0.645726 0.433413 0.055556 0.034135
0 0.714103 0.431370 0.053846 0.031971
0 0.207265 0.439784 0.051282 0.031010
0 0.071795 0.438101 0.058120 0.027644
0 0.331410 0.436899 0.047436 0.031971
0 0.268590 0.437500 0.051709 0.030769
0 0.454274 0.436298 0.064103 0.033173
0 0.515812 0.435937 0.048718 0.030048
0 0.577350 0.433654 0.061538 0.034135
0 0.394872 0.438582 0.039316 0.028606
0 0.144231 0.438101 0.064530 0.034375
