0 0.434375 0.845117 0.034375 0.093359
0 0.365104 0.835938 0.027083 0.072656
0 0.337500 0.838867 0.029167 0.077734
0 0.312240 0.840820 0.020313 0.072266
0 0.286719 0.846289 0.029687 0.081641
0 0.757812 0.717773 0.070833 0.099609
0 0.236719 0.848437 0.031771 0.087500
0 0.190885 0.848437 0.058854 0.087500
0 0.129427 0.878125 0.044271 0.111719
0 0.082292 0.879102 0.048958 0.108203
0 0.027604 0.878516 0.053125 0.104688
0 0.825260 0.717773 0.060937 0.094922
0 0.401042 0.844141 0.025000 0.083594
0 0.703646 0.717773 0.035417 0.092578
0 0.261979 0.847461 0.018750 0.085547
0 0.472917 0.847852 0.028125 0.086328
0 0.774479 0.839063 0.033333 0.088281
0 0.546875 0.837500 0.035417 0.082812
0 0.773698 0.605078 0.028646 0.094531
0 0.734115 0.611523 0.026562 0.108203
0 0.704688 0.607031 0.031250 0.097656
0 0.960938 0.870117 0.035417 0.077734
0 0.926302 0.869336 0.030729 0.079297
0 0.550260 0.894922 0.128646 0.020313
0 0.505990 0.839258 0.027604 0.081641
0 0.442448 0.905273 0.089063 0.026172
0 0.821354 0.838867 0.034375 0.092578
0 0.740885 0.838672 0.032813 0.092188
0 0.707292 0.839648 0.027083 0.089453
0 0.676042 0.843359 0.034375 0.095312
0 0.637500 0.843359 0.034375 0.096875
0 0.594010 0.839453 0.030729 0.091406
0 0.317969 0.908203 0.115104 0.015625
0 0.666146 0.720313 0.034375 0.091406
0 0.577604 0.721289 0.026042 0.090234
0 0.608073 0.717187 0.032813 0.095312
0 0.485938 0.610938 0.015625 0.104688
0 0.462240 0.609180 0.025521 0.110547
0 0.433594 0.604297 0.029687 0.100781
0 0.400000 0.613867 0.035417 0.098047
0 0.363542 0.611914 0.033333 0.101172
0 0.329688 0.612891 0.035417 0.103125
0 0.300781 0.612305 0.022396 0.105078
0 0.266667 0.614258 0.040625 0.109766
0 0.227344 0.616211 0.026562 0.109766
0 0.507552 0.607812 0.030729 0.107813
0 0.203906 0.611133 0.021354 0.101172
0 0.099479 0.591211 0.070833 0.129297
0 0.031510 0.591406 0.061979 0.129688
0 0.664323 0.480664 0.027604 0.094141
0 0.686979 0.479883 0.014583 0.091797
0 0.707552 0.480078 0.027604 0.089844
0 0.738281 0.480664 0.038021 0.098047
0 0.770833 0.482031 0.029167 0.093750
0 0.805729 0.479883 0.038542 0.089453
0 0.846615 0.475977 0.043229 0.098047
0 0.173958 0.612500 0.037500 0.097656
0 0.533333 0.603516 0.020833 0.099219
0 0.558594 0.604297 0.026562 0.098437
0 0.578906 0.606445 0.016146 0.102734
0 0.537240 0.722461 0.051562 0.092578
0 0.492708 0.728320 0.035417 0.099609
0 0.413021 0.724023 0.042708 0.091016
0 0.456250 0.724414 0.033333 0.101172
0 0.654427 0.609766 0.026562 0.109375
0 0.629948 0.606055 0.022396 0.101953
0 0.610417 0.607227 0.015625 0.101953
0 0.594531 0.607422 0.015104 0.101562
0 0.354948 0.723047 0.013021 0.093750
0 0.340365 0.723828 0.016146 0.090625
0 0.320312 0.726367 0.023958 0.094141
0 0.282031 0.735547 0.049479 0.094531
0 0.241406 0.730469 0.019271 0.102344
0 0.222656 0.734766 0.017188 0.095312
0 0.204427 0.732227 0.019271 0.096484
0 0.177865 0.736133 0.029687 0.088672
0 0.112500 0.742773 0.068750 0.116016
0 0.049479 0.746875 0.057292 0.107813
0 0.856250 0.609375 0.023958 0.091406
0 0.829948 0.607617 0.025521 0.089453
0 0.802604 0.605859 0.029167 0.094531
0 0.636979 0.718750 0.023958 0.094531
0 0.377344 0.726758 0.031771 0.098828
0 0.719792 0.357617 0.022917 0.098047
0 0.626042 0.354492 0.014583 0.101953
0 0.848698 0.357617 0.030729 0.092578
0 0.826562 0.357031 0.015625 0.097656
0 0.809896 0.357422 0.017708 0.098437
0 0.782813 0.357617 0.017708 0.094141
0 0.762760 0.359570 0.022396 0.096484
0 0.740625 0.357617 0.019792 0.098828
0 0.694531 0.355469 0.020313 0.096875
0 0.673177 0.355273 0.022396 0.097266
0 0.643229 0.353711 0.019792 0.100391
0 0.608073 0.352148 0.020313 0.105078
0 0.576823 0.348633 0.034896 0.105859
0 0.532552 0.356055 0.035937 0.093359
0 0.495312 0.354687 0.037500 0.093750
0 0.416667 0.355859 0.027083 0.103906
0 0.378385 0.352930 0.036979 0.101172
0 0.040885 0.447266 0.066146 0.110156
0 0.340625 0.349609 0.041667 0.101562
0 0.101823 0.448828 0.053646 0.107031
0 0.203906 0.476172 0.030729 0.103125
0 0.619010 0.480078 0.026562 0.094531
0 0.585938 0.480664 0.039583 0.094141
0 0.550781 0.477930 0.024479 0.099609
0 0.522135 0.477930 0.030729 0.099609
0 0.492188 0.480469 0.031250 0.092969
0 0.460938 0.475977 0.019792 0.108203
0 0.438802 0.477344 0.023438 0.105469
0 0.392708 0.475781 0.023958 0.103906
0 0.371875 0.474219 0.017708 0.104688
0 0.345833 0.471094 0.022917 0.105469
0 0.319271 0.475781 0.014583 0.097656
0 0.302865 0.475781 0.017188 0.098437
0 0.284896 0.475977 0.019792 0.098047
0 0.264062 0.475977 0.019792 0.098047
0 0.234896 0.474805 0.031250 0.100391
0 0.169531 0.477539 0.034896 0.101172
0 0.297396 0.348828 0.035417 0.107813
0 0.454427 0.353320 0.045312 0.097266
0 0.214583 0.347266 0.048958 0.114062
0 0.357292 0.237500 0.056250 0.064844
0 0.260677 0.350391 0.034896 0.102344
0 0.238281 0.234180 0.054688 0.058984
0 0.171354 0.241016 0.055208 0.078906
0 0.096615 0.297070 0.074479 0.119141
0 0.030469 0.284570 0.057813 0.138672
0 0.855990 0.119727 0.100521 0.060547
0 0.413542 0.239844 0.050000 0.062500
0 0.755729 0.126172 0.079167 0.055469
0 0.582552 0.137891 0.061979 0.083594
0 0.514583 0.140430 0.076042 0.088672
0 0.434375 0.135547 0.082292 0.098437
0 0.351042 0.133203 0.085417 0.092969
0 0.264844 0.130078 0.088021 0.096875
0 0.176823 0.128320 0.088021 0.093359
0 0.078906 0.121289 0.097396 0.145703
0 0.668750 0.130273 0.075000 0.068359
0 0.470573 0.239648 0.055729 0.064453
0 0.293229 0.237109 0.055208 0.066406
0 0.597917 0.238281 0.054167 0.060937
0 0.176563 0.345313 0.020833 0.112500
0 0.151302 0.344336 0.030729 0.112891
0 0.957031 0.375000 0.049479 0.025781
0 0.545052 0.238281 0.050521 0.059375
0 0.940885 0.321875 0.055729 0.029687
0 0.940104 0.293750 0.057292 0.024219
0 0.947135 0.269727 0.055729 0.021484
0 0.949219 0.350391 0.063021 0.024219
0 0.948698 0.218555 0.040104 0.024609
0 0.949479 0.191992 0.047917 0.029297
0 0.821094 0.234961 0.063021 0.050391
0 0.759375 0.244531 0.051042 0.062500
0 0.707812 0.240820 0.056250 0.062891
0 0.646615 0.248047 0.033854 0.050000
0 0.947135 0.243945 0.043229 0.023047
