0 0.880469 0.829883 0.045312 0.100391
0 0.924740 0.829883 0.042188 0.098828
0 0.971094 0.829688 0.047396 0.100000
0 0.974740 0.683008 0.049479 0.101953
0 0.928385 0.682031 0.039062 0.102344
0 0.835677 0.840625 0.041146 0.077344
0 0.147917 0.825195 0.030208 0.098828
0 0.253125 0.410352 0.065625 0.075391
0 0.042708 0.834961 0.061458 0.069141
0 0.185417 0.410547 0.064583 0.075000
0 0.128385 0.409180 0.048438 0.074609
0 0.405729 0.412891 0.048958 0.079687
0 0.315625 0.412109 0.060417 0.078125
0 0.364323 0.411328 0.031771 0.076563
0 0.793229 0.828906 0.041667 0.100000
0 0.102344 0.836328 0.052604 0.070312
0 0.753906 0.830664 0.038021 0.100391
0 0.292187 0.827344 0.027083 0.100781
0 0.700521 0.847852 0.021875 0.059766
0 0.447917 0.388672 0.035417 0.125000
0 0.176563 0.821875 0.026042 0.092969
0 0.206771 0.826953 0.036458 0.097656
0 0.237500 0.827930 0.022917 0.096484
0 0.263021 0.833008 0.028125 0.089453
0 0.323177 0.827148 0.034896 0.098047
0 0.353125 0.826953 0.023958 0.097656
0 0.723958 0.849023 0.023958 0.058984
0 0.382292 0.827930 0.034375 0.099609
0 0.459896 0.831641 0.042708 0.089063
0 0.505729 0.830469 0.032292 0.094531
0 0.533854 0.830664 0.025000 0.095703
0 0.563542 0.827148 0.032292 0.105078
0 0.598698 0.825000 0.033854 0.108594
0 0.632812 0.824023 0.035417 0.107422
0 0.668490 0.825195 0.036979 0.105859
0 0.417708 0.832812 0.037500 0.090625
0 0.486979 0.408008 0.040625 0.086328
0 0.082552 0.595508 0.054688 0.075391
0 0.568750 0.407422 0.040625 0.088281
0 0.572396 0.647266 0.054167 0.063281
0 0.569010 0.704492 0.061979 0.049609
0 0.504427 0.646289 0.059896 0.074609
0 0.501302 0.706250 0.065104 0.042969
0 0.070573 0.462695 0.063021 0.081641
0 0.526823 0.569531 0.064062 0.038281
0 0.441406 0.695312 0.050521 0.074219
0 0.386198 0.694922 0.058854 0.075000
0 0.331510 0.693555 0.047396 0.071484
0 0.276042 0.692969 0.058333 0.075781
0 0.213542 0.691992 0.064583 0.071484
0 0.150521 0.692773 0.060417 0.070703
0 0.091146 0.707031 0.052083 0.075000
0 0.035156 0.706250 0.057813 0.075781
0 0.026562 0.594727 0.048958 0.073047
0 0.524479 0.514648 0.067708 0.066016
0 0.578906 0.545898 0.036979 0.094922
0 0.615104 0.545898 0.037500 0.094922
0 0.658594 0.541211 0.041146 0.105859
0 0.609115 0.409180 0.040104 0.083984
0 0.651563 0.395117 0.043750 0.108203
0 0.701042 0.394141 0.047917 0.110937
0 0.752865 0.428711 0.050521 0.041797
0 0.752344 0.387891 0.052604 0.037500
0 0.806250 0.394141 0.051042 0.110937
0 0.858073 0.392969 0.052604 0.110156
0 0.527604 0.407422 0.039583 0.086719
0 0.911458 0.392773 0.048958 0.110547
0 0.956250 0.542969 0.053125 0.107031
0 0.903125 0.543555 0.053125 0.102734
0 0.849219 0.541016 0.050521 0.103125
0 0.801042 0.541602 0.044792 0.104297
0 0.751823 0.541992 0.049479 0.105078
0 0.702604 0.541602 0.046875 0.104297
0 0.140885 0.556641 0.060937 0.073438
0 0.964063 0.392969 0.052083 0.110156
0 0.055208 0.325000 0.060417 0.081250
0 0.781510 0.233789 0.055729 0.119141
0 0.118490 0.254688 0.065104 0.081250
0 0.454948 0.077734 0.045312 0.100781
0 0.409896 0.078906 0.044792 0.102344
0 0.366927 0.079687 0.041146 0.101562
0 0.321354 0.080469 0.047917 0.096094
0 0.275521 0.079883 0.044792 0.101953
0 0.229427 0.081055 0.047396 0.101172
0 0.185677 0.079883 0.041146 0.101953
0 0.141406 0.078906 0.042188 0.102344
0 0.093490 0.079492 0.052604 0.106641
0 0.033854 0.038672 0.067708 0.075781
0 0.619271 0.681641 0.035417 0.100000
0 0.663281 0.680469 0.046354 0.100781
0 0.710156 0.680078 0.046354 0.100000
0 0.806771 0.684766 0.039583 0.092188
0 0.844010 0.694141 0.032813 0.079687
0 0.884635 0.682227 0.044271 0.103516
0 0.204948 0.555859 0.067187 0.075000
0 0.270833 0.556445 0.065625 0.073047
0 0.336198 0.556641 0.066146 0.073438
0 0.389583 0.546680 0.040625 0.093359
0 0.432031 0.538477 0.041146 0.112891
0 0.472396 0.537109 0.037500 0.114062
0 0.051302 0.192969 0.064062 0.085156
0 0.500260 0.079102 0.046354 0.098828
0 0.545052 0.079492 0.042188 0.098047
0 0.759115 0.680078 0.050521 0.101562
0 0.635677 0.076953 0.044271 0.101562
0 0.185938 0.255078 0.068750 0.079687
0 0.589844 0.078711 0.046354 0.099609
0 0.254688 0.254883 0.065625 0.078516
0 0.322396 0.256055 0.068750 0.080859
0 0.390104 0.255078 0.067708 0.082031
0 0.457813 0.255469 0.066667 0.082031
0 0.558333 0.251367 0.045833 0.090234
0 0.598698 0.241016 0.033854 0.111719
0 0.630990 0.251367 0.026562 0.090234
0 0.670312 0.235937 0.050000 0.117188
0 0.725260 0.234961 0.057813 0.112109
0 0.513542 0.254688 0.044792 0.084375
0 0.841927 0.234961 0.053646 0.115234
0 0.715885 0.066406 0.036979 0.124219
0 0.753646 0.066211 0.035417 0.123047
0 0.794531 0.067969 0.043229 0.117969
0 0.677344 0.065234 0.038021 0.126562
0 0.872917 0.066016 0.037500 0.122656
0 0.834635 0.066992 0.038021 0.126172
0 0.916667 0.064258 0.047917 0.125391
0 0.979167 0.071094 0.037500 0.111719
0 0.941667 0.231445 0.061458 0.123828
0 0.889323 0.239453 0.040104 0.108594
