0 0.674145 0.623678 0.043162 0.053606
0 0.561325 0.633173 0.015812 0.031731
0 0.584829 0.634615 0.026068 0.035096
0 0.813675 0.763822 0.083761 0.018990
0 0.812821 0.725000 0.076923 0.055288
0 0.754060 0.734615 0.026923 0.068750
0 0.721795 0.736058 0.029915 0.068750
0 0.693162 0.743630 0.018803 0.048798
0 0.663889 0.746995 0.028632 0.049760
0 0.626709 0.741827 0.032051 0.065385
0 0.594231 0.756250 0.024359 0.041827
0 0.564957 0.746154 0.028205 0.056731
0 0.611752 0.628606 0.027778 0.037981
0 0.477137 0.725481 0.060256 0.082692
0 0.401709 0.726803 0.081197 0.093990
0 0.270299 0.741827 0.161111 0.065385
0 0.639103 0.628966 0.020085 0.041587
0 0.116453 0.726923 0.139744 0.091346
0 0.819231 0.643269 0.089744 0.014423
0 0.806624 0.611538 0.085043 0.043750
0 0.727350 0.618029 0.051282 0.054808
0 0.531197 0.738462 0.028205 0.067788
0 0.484188 0.553486 0.027350 0.044952
0 0.133761 0.350120 0.070085 0.030529
0 0.426282 0.571154 0.020940 0.016346
0 0.819658 0.353966 0.074359 0.023798
0 0.039316 0.404087 0.063248 0.038942
0 0.100641 0.399519 0.055983 0.012500
0 0.100855 0.414543 0.051282 0.016106
0 0.165385 0.400962 0.060684 0.040385
0 0.243803 0.408293 0.055983 0.038702
0 0.303846 0.409736 0.056410 0.037260
0 0.365598 0.409736 0.055128 0.041587
0 0.422863 0.409375 0.050000 0.040865
0 0.517094 0.384135 0.067521 0.031250
0 0.629487 0.485938 0.089744 0.063221
0 0.548077 0.477885 0.067094 0.078365
0 0.477137 0.498918 0.060256 0.028606
0 0.418803 0.500120 0.052991 0.029567
0 0.362607 0.493269 0.054274 0.042788
0 0.295513 0.498317 0.071368 0.031731
0 0.238248 0.489423 0.039744 0.056250
0 0.741026 0.348918 0.068376 0.031010
0 0.454487 0.559495 0.025214 0.037260
0 0.665171 0.350601 0.077350 0.029567
0 0.510043 0.349159 0.079060 0.029567
0 0.425641 0.552043 0.024786 0.019471
0 0.329060 0.566466 0.039316 0.018990
0 0.328846 0.543870 0.044017 0.023317
0 0.283547 0.566346 0.042308 0.024519
0 0.242308 0.560096 0.037607 0.037500
0 0.200855 0.557692 0.037607 0.036538
0 0.161966 0.554087 0.032479 0.067308
0 0.119872 0.563582 0.037179 0.056971
0 0.035684 0.528846 0.045726 0.025481
0 0.533761 0.628606 0.028205 0.040865
0 0.031410 0.567909 0.057692 0.048317
0 0.822436 0.489423 0.096154 0.062019
0 0.724786 0.487500 0.093162 0.062500
0 0.204487 0.348197 0.066239 0.029567
0 0.278205 0.351202 0.072650 0.022596
0 0.354701 0.347115 0.075214 0.030288
0 0.432051 0.347957 0.074359 0.029087
0 0.586966 0.350361 0.072222 0.031010
0 0.078205 0.563822 0.031624 0.057452
0 0.497436 0.623678 0.033333 0.050721
0 0.437179 0.621274 0.027350 0.055529
0 0.774145 0.175721 0.072222 0.015385
0 0.645940 0.210337 0.085897 0.082212
0 0.555556 0.213341 0.092308 0.075721
0 0.468803 0.219111 0.069231 0.061779
0 0.388248 0.215986 0.085043 0.066587
0 0.323291 0.216707 0.032906 0.063702
0 0.730983 0.218149 0.079060 0.065144
0 0.286111 0.216346 0.037179 0.064423
0 0.464744 0.619111 0.020085 0.059856
0 0.202137 0.210938 0.040171 0.070913
0 0.154060 0.208534 0.043162 0.071394
0 0.098291 0.205649 0.056410 0.077163
0 0.036752 0.206971 0.058120 0.075000
0 0.384402 0.631010 0.030342 0.038942
0 0.243376 0.215264 0.034615 0.063702
0 0.822222 0.219471 0.090598 0.061058
0 0.051282 0.296635 0.076923 0.025962
0 0.134615 0.300240 0.082051 0.022115
0 0.062179 0.347837 0.072222 0.025962
0 0.819444 0.296635 0.053419 0.041346
0 0.771581 0.307572 0.035470 0.018510
0 0.190598 0.488582 0.043590 0.058894
0 0.739103 0.307091 0.022650 0.017548
0 0.704701 0.306851 0.031624 0.017067
0 0.670299 0.306851 0.030342 0.015144
0 0.597650 0.307091 0.098718 0.014663
0 0.527350 0.292067 0.025641 0.050481
0 0.491026 0.289663 0.035897 0.052885
0 0.451068 0.290024 0.033761 0.048798
0 0.373077 0.304327 0.111966 0.020192
0 0.372009 0.284014 0.104701 0.013702
0 0.246581 0.303245 0.129060 0.019471
0 0.248077 0.283534 0.106410 0.014663
0 0.350641 0.634255 0.025214 0.040625
0 0.320513 0.630769 0.027350 0.042788
0 0.144017 0.481130 0.033333 0.026683
0 0.202778 0.629207 0.051709 0.042548
0 0.668162 0.410938 0.052564 0.040625
0 0.721581 0.401202 0.047436 0.062500
0 0.776923 0.407933 0.056410 0.043750
0 0.839316 0.409135 0.056410 0.047115
0 0.030556 0.464663 0.035470 0.058173
0 0.485256 0.417308 0.061111 0.027404
0 0.638248 0.565024 0.058547 0.024760
0 0.567308 0.562861 0.073932 0.029087
0 0.609402 0.409976 0.054701 0.039183
0 0.268376 0.637260 0.069231 0.028846
0 0.512179 0.560817 0.026068 0.034135
0 0.069658 0.464904 0.040171 0.055769
0 0.108547 0.469111 0.029915 0.046394
0 0.411966 0.627404 0.017949 0.044231
0 0.700427 0.563582 0.054701 0.027644
0 0.766026 0.564423 0.076496 0.023077
0 0.838248 0.557091 0.054274 0.049760
0 0.025427 0.631611 0.048291 0.041106
0 0.081624 0.631611 0.053846 0.041106
0 0.140171 0.631130 0.056410 0.040144
0 0.548718 0.415024 0.058120 0.029567
