0 0.617647 0.359069 0.040033 0.071691
0 0.485498 0.355239 0.037173 0.079963
0 0.530025 0.354320 0.042075 0.075061
0 0.573529 0.354473 0.041667 0.075980
0 0.441176 0.354626 0.041667 0.078125
0 0.836601 0.203431 0.044935 0.091912
0 0.983660 0.085631 0.032680 0.089154
0 0.851103 0.086091 0.040441 0.088235
0 0.894812 0.085938 0.042075 0.087929
0 0.885008 0.201746 0.044526 0.092831
0 0.940768 0.087010 0.044118 0.090074
0 0.795956 0.204350 0.027369 0.094975
0 0.398284 0.353860 0.038399 0.077206
0 0.808824 0.087010 0.036765 0.087010
0 0.351920 0.354933 0.042892 0.077512
0 0.458946 0.576287 0.040441 0.077206
0 0.575163 0.462776 0.044935 0.074449
0 0.650123 0.568781 0.019199 0.055453
0 0.933619 0.201900 0.048611 0.089461
0 0.329657 0.565257 0.024510 0.071691
0 0.362949 0.565717 0.034722 0.073223
0 0.412173 0.572457 0.044118 0.071998
0 0.498775 0.591299 0.030229 0.079044
0 0.312296 0.355392 0.027369 0.080270
0 0.537786 0.595588 0.037173 0.079044
0 0.322100 0.463235 0.028186 0.083333
0 0.356618 0.466146 0.037582 0.078738
0 0.399918 0.466605 0.041667 0.073529
0 0.445057 0.465686 0.042892 0.074142
0 0.490196 0.463848 0.038399 0.074142
0 0.530025 0.464154 0.040441 0.076593
0 0.578023 0.601716 0.035948 0.077206
0 0.981822 0.199602 0.036356 0.090993
0 0.901144 0.748468 0.054739 0.088235
0 0.844158 0.316023 0.048611 0.102022
0 0.925041 0.536305 0.053513 0.072610
0 0.974877 0.539982 0.037173 0.085478
0 0.771650 0.748621 0.026961 0.085478
0 0.808619 0.748468 0.041258 0.085784
0 0.851307 0.748775 0.036765 0.091299
0 0.618056 0.567862 0.037582 0.057292
0 0.870507 0.528186 0.045752 0.059436
0 0.951389 0.748775 0.039216 0.091299
0 0.770629 0.850797 0.032271 0.068627
0 0.807190 0.848958 0.034314 0.066789
0 0.849673 0.849571 0.044935 0.068627
0 0.895016 0.848346 0.042484 0.064951
0 0.946895 0.853248 0.044935 0.059436
0 0.985090 0.849571 0.028186 0.068627
0 0.986111 0.753217 0.026144 0.081801
0 0.799632 0.318781 0.034722 0.102635
0 0.858660 0.670037 0.036765 0.049020
0 0.780025 0.659773 0.036356 0.064645
0 0.894404 0.317402 0.047794 0.102328
0 0.946895 0.317402 0.049020 0.102328
0 0.986520 0.316483 0.026961 0.103554
0 0.786765 0.441330 0.035131 0.087316
0 0.829861 0.432904 0.046160 0.098039
0 0.880310 0.431219 0.049837 0.103248
0 0.820466 0.665748 0.034722 0.053922
0 0.933619 0.433670 0.051879 0.096507
0 0.822712 0.533395 0.043301 0.065564
0 0.830065 0.600337 0.043301 0.060355
0 0.876225 0.601562 0.034314 0.076900
0 0.915850 0.617647 0.035131 0.064338
0 0.956904 0.632353 0.035539 0.063113
0 0.988154 0.641391 0.022876 0.067096
0 0.780842 0.551317 0.033905 0.099571
0 0.620302 0.668352 0.039624 0.050551
0 0.654208 0.356311 0.027369 0.071078
0 0.537173 0.670496 0.035948 0.051164
0 0.170752 0.417586 0.039216 0.075980
0 0.128676 0.416820 0.036765 0.079350
0 0.087623 0.419884 0.033088 0.080576
0 0.053717 0.419424 0.029003 0.079657
0 0.016953 0.419424 0.033905 0.077206
0 0.153186 0.314491 0.037582 0.079963
0 0.112132 0.314798 0.037173 0.080576
0 0.070261 0.315257 0.040033 0.078431
0 0.025940 0.314798 0.037173 0.077512
0 0.138276 0.220435 0.037173 0.068934
0 0.099060 0.224724 0.029820 0.073836
0 0.066381 0.222886 0.032271 0.072610
0 0.025327 0.225643 0.035948 0.073223
0 0.141953 0.117800 0.037173 0.075061
0 0.090482 0.117034 0.050245 0.082721
0 0.620098 0.267923 0.052288 0.086091
0 0.569853 0.260570 0.041667 0.098346
0 0.577614 0.669118 0.035131 0.052696
0 0.292892 0.120404 0.029412 0.106618
0 0.338031 0.126685 0.044526 0.110600
0 0.394812 0.118873 0.046160 0.131127
0 0.442402 0.119792 0.044118 0.129902
0 0.499592 0.118413 0.053922 0.130208
0 0.040645 0.517157 0.043709 0.087623
0 0.551675 0.119026 0.042892 0.131434
0 0.653799 0.119026 0.037990 0.125919
0 0.341503 0.263787 0.040850 0.099877
0 0.382353 0.262868 0.036765 0.099877
0 0.425858 0.261336 0.045343 0.099265
0 0.475286 0.262102 0.046977 0.098346
0 0.524306 0.261795 0.043709 0.098346
0 0.607639 0.119485 0.046160 0.132353
0 0.085580 0.516391 0.040441 0.083027
0 0.303513 0.263021 0.031863 0.094669
0 0.168096 0.516085 0.044526 0.082414
0 0.627451 0.845282 0.052288 0.077206
0 0.364379 0.752298 0.044935 0.073223
0 0.409518 0.751838 0.034722 0.073529
0 0.447712 0.750766 0.036765 0.073223
0 0.489175 0.752298 0.041258 0.072610
0 0.530025 0.750766 0.033088 0.073223
0 0.574346 0.842218 0.046569 0.082108
0 0.569444 0.751991 0.036765 0.067708
0 0.335172 0.660999 0.031454 0.070159
0 0.367443 0.661918 0.029003 0.076900
0 0.409518 0.662990 0.046160 0.068015
0 0.455065 0.667892 0.032680 0.056373
0 0.126021 0.517004 0.035539 0.083640
0 0.495711 0.668811 0.038807 0.049020
0 0.609273 0.750919 0.030637 0.070466
0 0.519199 0.842984 0.052288 0.081801
0 0.644608 0.750460 0.030229 0.064645
0 0.413807 0.845741 0.047386 0.084252
0 0.465278 0.843444 0.049020 0.087623
0 0.028595 0.620404 0.045752 0.075980
0 0.131332 0.613971 0.049428 0.074142
0 0.184232 0.615196 0.047386 0.080270
0 0.079861 0.619179 0.047794 0.075368
0 0.078023 0.712623 0.047386 0.095588
0 0.125408 0.710631 0.044118 0.099571
0 0.028595 0.714154 0.045752 0.091912
0 0.208333 0.709712 0.035948 0.097120
0 0.361315 0.844822 0.054330 0.090380
0 0.170139 0.711550 0.037990 0.103248
0 0.134600 0.829350 0.048611 0.100490
0 0.191176 0.825368 0.057190 0.098652
0 0.032884 0.828585 0.046977 0.099571
0 0.084150 0.827359 0.049020 0.100184
