0 0.361315 0.471507 0.040441 0.091912
0 0.406046 0.466452 0.038399 0.086703
0 0.406863 0.344056 0.043301 0.085172
0 0.449551 0.465380 0.033905 0.093750
0 0.312704 0.473499 0.044526 0.091605
0 0.261438 0.476716 0.049020 0.093137
0 0.452819 0.343444 0.040441 0.085784
0 0.621528 0.340993 0.037990 0.080882
0 0.580474 0.341912 0.035948 0.080882
0 0.540441 0.342678 0.031863 0.082414
0 0.497958 0.342065 0.044935 0.087929
0 0.494485 0.461244 0.029003 0.092218
0 0.215278 0.478401 0.030229 0.094669
0 0.537582 0.457721 0.029412 0.082721
0 0.261642 0.736213 0.040441 0.084559
0 0.620507 0.447151 0.026961 0.084865
0 0.264502 0.617188 0.046160 0.087316
0 0.315564 0.609681 0.041258 0.086397
0 0.371528 0.603248 0.039624 0.089461
0 0.438521 0.594822 0.029820 0.081801
0 0.487132 0.589001 0.041258 0.075061
0 0.532884 0.581342 0.035539 0.075674
0 0.573734 0.578125 0.034722 0.071691
0 0.613971 0.573223 0.031863 0.070466
0 0.401961 0.711857 0.033497 0.081801
0 0.362132 0.718290 0.042075 0.090380
0 0.312908 0.723192 0.050654 0.081801
0 0.357843 0.345588 0.043301 0.092525
0 0.577206 0.456648 0.035131 0.083027
0 0.310253 0.357077 0.045343 0.067096
0 0.902369 0.792433 0.027778 0.082414
0 0.210376 0.358150 0.038399 0.064951
0 0.041667 0.051317 0.067810 0.086703
0 0.046773 0.194853 0.065768 0.132966
0 0.073734 0.372855 0.073938 0.142770
0 0.445057 0.703278 0.033905 0.080576
0 0.029208 0.541054 0.052696 0.137255
0 0.096609 0.537071 0.073938 0.140931
0 0.061275 0.689032 0.049020 0.125613
0 0.123979 0.683517 0.055147 0.119485
0 0.026348 0.850031 0.040441 0.117341
0 0.075368 0.840839 0.049428 0.117341
0 0.131127 0.832567 0.051471 0.114890
0 0.192810 0.053922 0.040033 0.105392
0 0.248775 0.056985 0.053922 0.113971
0 0.255923 0.359528 0.050245 0.070159
0 0.313930 0.063113 0.050245 0.107843
0 0.426675 0.083333 0.037173 0.083946
0 0.486111 0.085784 0.039216 0.077819
0 0.534722 0.088082 0.039216 0.086703
0 0.584967 0.097733 0.044935 0.083333
0 0.660948 0.125153 0.098856 0.130821
0 0.256536 0.253370 0.142974 0.135417
0 0.344975 0.212776 0.032271 0.097733
0 0.392974 0.215380 0.045752 0.102941
0 0.438930 0.215227 0.030637 0.097733
0 0.483864 0.220741 0.041258 0.095282
0 0.532067 0.217065 0.042892 0.087929
0 0.576593 0.220588 0.040441 0.092525
0 0.623570 0.230699 0.036356 0.071691
0 0.369281 0.072610 0.047386 0.108456
0 0.487745 0.693321 0.030229 0.079044
0 0.976103 0.211397 0.031454 0.079044
0 0.568627 0.680607 0.024510 0.074449
0 0.961193 0.319393 0.020425 0.076900
0 0.986520 0.316789 0.022059 0.074142
0 0.764093 0.437040 0.026552 0.080576
0 0.800245 0.437347 0.028595 0.083640
0 0.833742 0.434896 0.022059 0.085478
0 0.863358 0.427237 0.023284 0.092831
0 0.901348 0.427543 0.023284 0.086703
0 0.928922 0.423100 0.019608 0.089461
0 0.954248 0.420190 0.024510 0.094669
0 0.983864 0.419577 0.022467 0.093444
0 0.764706 0.530025 0.034314 0.055760
0 0.811887 0.528186 0.042892 0.049632
0 0.859681 0.519914 0.034722 0.049020
0 0.906863 0.517004 0.040033 0.049939
0 0.956087 0.510876 0.037173 0.046875
0 0.796569 0.622702 0.033497 0.066483
0 0.858660 0.618107 0.022876 0.068934
0 0.889910 0.609835 0.030637 0.061581
0 0.921569 0.597426 0.026961 0.071078
0 0.741626 0.728554 0.033905 0.085784
0 0.775531 0.721201 0.028186 0.082108
0 0.811070 0.715839 0.029003 0.083027
0 0.843546 0.711550 0.029412 0.086091
0 0.899101 0.690411 0.033497 0.071385
0 0.802083 0.821538 0.029003 0.083640
0 0.835580 0.819087 0.025735 0.080576
0 0.865605 0.808670 0.024510 0.076287
0 0.929739 0.318934 0.031046 0.075980
0 0.525327 0.692555 0.029412 0.077512
0 0.897876 0.321232 0.031046 0.078125
0 0.932190 0.783088 0.020425 0.084559
0 0.606822 0.672641 0.027369 0.067708
0 0.279412 0.856771 0.044935 0.087316
0 0.323121 0.847886 0.034314 0.085478
0 0.370507 0.833333 0.037582 0.095588
0 0.422181 0.818627 0.040441 0.100490
0 0.468750 0.805453 0.041258 0.097426
0 0.515319 0.796722 0.036356 0.105086
0 0.553717 0.785692 0.033905 0.092218
0 0.592320 0.776042 0.035131 0.093137
0 0.286152 0.958180 0.037173 0.083640
0 0.334967 0.949295 0.045752 0.089154
0 0.440359 0.920650 0.036765 0.084559
0 0.865605 0.319087 0.024510 0.076287
0 0.489583 0.909467 0.037173 0.087316
0 0.777574 0.088082 0.013480 0.082414
0 0.804943 0.089614 0.022467 0.083027
0 0.834763 0.095282 0.020833 0.075980
0 0.861315 0.097580 0.022467 0.075674
0 0.892361 0.100184 0.023284 0.074142
0 0.917075 0.103248 0.023693 0.077819
0 0.944853 0.106924 0.021242 0.078431
0 0.971609 0.108303 0.022467 0.074449
0 0.779616 0.202512 0.039624 0.086397
0 0.843342 0.208793 0.032271 0.084865
0 0.882149 0.206801 0.024101 0.080882
0 0.912990 0.208487 0.022059 0.082414
0 0.942606 0.211397 0.025735 0.083333
0 0.605801 0.880208 0.046569 0.081495
