0 0.854688 0.609375 0.056250 0.032031
0 0.528385 0.634766 0.056771 0.027344
0 0.580729 0.634570 0.050000 0.027734
0 0.473698 0.634570 0.051562 0.024609
0 0.743229 0.635547 0.055208 0.025781
0 0.797656 0.607617 0.053646 0.028516
0 0.799219 0.636328 0.052604 0.025000
0 0.855729 0.638477 0.056250 0.026172
0 0.422135 0.633789 0.052604 0.026172
0 0.634635 0.635352 0.055729 0.029297
0 0.086458 0.615234 0.026042 0.059375
0 0.687240 0.608203 0.053646 0.025000
0 0.113021 0.502930 0.046875 0.076953
0 0.067448 0.498633 0.040104 0.082422
0 0.025000 0.499023 0.038542 0.082422
0 0.022656 0.605859 0.036979 0.074219
0 0.056510 0.607617 0.031771 0.072266
0 0.909896 0.638086 0.050000 0.031641
0 0.149479 0.626953 0.037500 0.039844
0 0.148177 0.582617 0.042188 0.045703
0 0.197135 0.603320 0.051562 0.029297
0 0.197917 0.632422 0.048958 0.026562
0 0.251823 0.632812 0.051562 0.025000
0 0.250781 0.604883 0.052604 0.028516
0 0.306510 0.602148 0.054688 0.030078
0 0.307031 0.631641 0.054688 0.028125
0 0.365885 0.631055 0.058854 0.028516
0 0.365885 0.603320 0.058854 0.028516
0 0.420833 0.606055 0.051042 0.028516
0 0.472917 0.607227 0.053125 0.026953
0 0.526302 0.607227 0.053646 0.027734
0 0.580208 0.606836 0.051042 0.027734
0 0.634115 0.607227 0.053646 0.027734
0 0.688802 0.636328 0.053646 0.028125
0 0.967448 0.636523 0.063021 0.032422
0 0.561198 0.712891 0.059896 0.075781
0 0.945312 0.731250 0.109375 0.052344
0 0.382031 0.709570 0.058854 0.077734
0 0.321875 0.710547 0.057292 0.074219
0 0.264323 0.708984 0.058854 0.072656
0 0.205208 0.710742 0.058333 0.073828
0 0.147917 0.716602 0.051042 0.051172
0 0.102865 0.722852 0.039062 0.040234
0 0.442188 0.710742 0.061458 0.076953
0 0.067708 0.706836 0.031250 0.068359
0 0.016406 0.840039 0.032813 0.047266
0 0.053906 0.848047 0.038021 0.032031
0 0.053125 0.816211 0.040625 0.030859
0 0.096875 0.817969 0.046875 0.030469
0 0.158073 0.502344 0.042188 0.078125
0 0.097917 0.849219 0.044792 0.032031
0 0.035937 0.703906 0.034375 0.072656
0 0.502344 0.712695 0.059896 0.073828
0 0.619792 0.711914 0.057292 0.078516
0 0.678385 0.714258 0.057813 0.082422
0 0.951302 0.858984 0.097396 0.045312
0 0.840104 0.857617 0.118750 0.046484
0 0.747917 0.840234 0.063542 0.075781
0 0.684635 0.840625 0.059896 0.074219
0 0.621875 0.841211 0.065625 0.073828
0 0.560156 0.838086 0.055729 0.069922
0 0.497656 0.835547 0.066146 0.075000
0 0.435417 0.833984 0.059375 0.071875
0 0.375000 0.831641 0.060417 0.073438
0 0.831771 0.735156 0.114583 0.046875
0 0.831771 0.695508 0.114583 0.030859
0 0.315625 0.830273 0.056250 0.070703
0 0.255729 0.830469 0.059375 0.073438
0 0.196354 0.829883 0.058333 0.073828
0 0.741406 0.715820 0.066146 0.080078
0 0.969010 0.603125 0.059896 0.035156
0 0.204427 0.510352 0.051562 0.101953
0 0.276042 0.123242 0.051042 0.117578
0 0.317969 0.514062 0.073438 0.096875
0 0.301823 0.262695 0.060937 0.109766
0 0.360938 0.263672 0.057292 0.111719
0 0.416927 0.262109 0.054688 0.114062
0 0.472917 0.262305 0.057292 0.114453
0 0.528906 0.263086 0.055729 0.113672
0 0.586198 0.262305 0.054688 0.111328
0 0.660417 0.260937 0.089583 0.111719
0 0.745052 0.271484 0.075521 0.078125
0 0.821094 0.269336 0.074479 0.080078
0 0.931771 0.256445 0.057292 0.113672
0 0.981771 0.259180 0.036458 0.111328
0 0.941146 0.121289 0.059375 0.099609
0 0.827083 0.123828 0.056250 0.103906
0 0.772917 0.127734 0.053125 0.096094
0 0.720052 0.126758 0.049479 0.098047
0 0.663802 0.117773 0.059896 0.119141
0 0.544792 0.118164 0.050000 0.116797
0 0.489323 0.116992 0.052604 0.120703
0 0.435677 0.120117 0.055729 0.115234
0 0.381250 0.120703 0.053125 0.116406
0 0.327865 0.122070 0.052604 0.116016
0 0.219531 0.125977 0.051562 0.111328
0 0.165365 0.127148 0.053646 0.109766
0 0.114583 0.157812 0.041667 0.085938
0 0.067969 0.166406 0.046354 0.067969
0 0.021875 0.167969 0.043750 0.067187
0 0.255990 0.510352 0.050521 0.103516
0 0.174740 0.260937 0.057813 0.110937
0 0.092708 0.271680 0.042708 0.086328
0 0.883594 0.120313 0.054688 0.103125
0 0.017708 0.286328 0.035417 0.068750
0 0.379948 0.511523 0.051562 0.101953
0 0.051823 0.286328 0.034896 0.067969
0 0.430208 0.511328 0.048958 0.102344
0 0.483854 0.510547 0.056250 0.101562
0 0.583594 0.510352 0.051562 0.106641
0 0.634115 0.511133 0.048438 0.105859
0 0.684375 0.513672 0.053125 0.102344
0 0.736458 0.514062 0.052083 0.103125
0 0.790104 0.513672 0.055208 0.103906
0 0.933594 0.510352 0.053646 0.103516
0 0.976562 0.390820 0.046875 0.102734
0 0.926823 0.391992 0.055729 0.102734
0 0.871875 0.388281 0.052083 0.110156
0 0.814323 0.389062 0.050521 0.108594
0 0.845052 0.513086 0.054688 0.105078
0 0.058073 0.388867 0.050521 0.087891
0 0.016146 0.392969 0.032292 0.079687
0 0.757292 0.389453 0.059375 0.107813
0 0.193490 0.391016 0.052604 0.104688
0 0.247135 0.391211 0.053646 0.106641
0 0.304167 0.393359 0.058333 0.103125
0 0.417448 0.391406 0.051562 0.107031
0 0.363021 0.390625 0.057292 0.108594
0 0.520833 0.391211 0.051042 0.107422
0 0.583073 0.393164 0.073438 0.104297
0 0.646875 0.391406 0.054167 0.110156
0 0.701302 0.390430 0.052604 0.108203
0 0.469792 0.391797 0.051042 0.107813
