0 0.800041 0.162990 0.057598 0.127451
0 0.728554 0.196844 0.065768 0.054228
0 0.656863 0.194087 0.073529 0.048100
0 0.577819 0.193781 0.078023 0.048713
0 0.649510 0.076440 0.074346 0.056679
0 0.729167 0.140319 0.071078 0.050858
0 0.657271 0.136489 0.070261 0.049939
0 0.578023 0.134191 0.078431 0.056985
0 0.497345 0.189032 0.068219 0.049020
0 0.425041 0.188879 0.070670 0.052390
0 0.419118 0.132047 0.074346 0.052696
0 0.340686 0.129442 0.068627 0.054841
0 0.344975 0.072917 0.069853 0.054534
0 0.343750 0.185202 0.073938 0.054228
0 0.267770 0.184283 0.073938 0.053002
0 0.243260 0.067708 0.071487 0.056373
0 0.263276 0.127145 0.077206 0.053922
0 0.858047 0.158088 0.053513 0.128676
0 0.498366 0.133885 0.066176 0.049020
0 0.915645 0.162990 0.059232 0.128064
0 0.347631 0.376379 0.066993 0.049326
0 0.112745 0.260570 0.078431 0.057292
0 0.579044 0.328585 0.073121 0.046262
0 0.729575 0.275582 0.063725 0.050551
0 0.655025 0.274203 0.073938 0.053309
0 0.578840 0.276042 0.072712 0.052696
0 0.503676 0.269455 0.069444 0.054228
0 0.503064 0.327053 0.068219 0.052390
0 0.505515 0.379596 0.073121 0.045956
0 0.427083 0.376991 0.071487 0.051164
0 0.972631 0.164216 0.053922 0.133578
0 0.425245 0.324602 0.071078 0.048713
0 0.265523 0.377145 0.073529 0.053922
0 0.188725 0.372855 0.075163 0.047794
0 0.109886 0.368873 0.072712 0.047181
0 0.265319 0.322917 0.069036 0.052083
0 0.191993 0.319547 0.070261 0.052696
0 0.111315 0.317402 0.075572 0.045343
0 0.268382 0.266085 0.071895 0.049326
0 0.193219 0.262408 0.068627 0.050551
0 0.185253 0.124847 0.068219 0.046875
0 0.187296 0.181985 0.076389 0.051471
0 0.425041 0.793045 0.067402 0.047488
0 0.103145 0.119332 0.074755 0.051777
0 0.409518 0.678002 0.061683 0.039216
0 0.334150 0.676777 0.067810 0.044730
0 0.697712 0.727788 0.062908 0.047488
0 0.627451 0.729473 0.062908 0.047794
0 0.624592 0.679994 0.062908 0.047488
0 0.703431 0.675705 0.062908 0.047488
0 0.629698 0.629749 0.063317 0.047488
0 0.554330 0.628983 0.062908 0.047794
0 0.482843 0.631127 0.062908 0.047794
0 0.409314 0.629596 0.062908 0.047794
0 0.341503 0.624540 0.062908 0.047488
0 0.263276 0.727788 0.069036 0.049939
0 0.186479 0.728554 0.066585 0.045956
0 0.114379 0.728554 0.062092 0.045956
0 0.107230 0.680147 0.064134 0.047181
0 0.183211 0.678309 0.064134 0.047181
0 0.259191 0.673866 0.064134 0.047488
0 0.258578 0.625460 0.064542 0.047488
0 0.179534 0.628676 0.064134 0.047181
0 0.479984 0.678002 0.061275 0.039216
0 0.548407 0.677390 0.061683 0.039216
0 0.555147 0.727328 0.061275 0.039216
0 0.484273 0.724265 0.069036 0.044118
0 0.031658 0.246783 0.063317 0.041360
0 0.029003 0.196691 0.058007 0.048407
0 0.032884 0.147978 0.058415 0.047181
0 0.027369 0.061428 0.054739 0.112439
0 0.562296 0.789982 0.062500 0.048100
0 0.559845 0.843444 0.065768 0.045956
0 0.486724 0.842525 0.062500 0.047794
0 0.492443 0.792433 0.066585 0.043199
0 0.654208 0.330116 0.068219 0.049326
0 0.103554 0.178156 0.075572 0.050551
0 0.417484 0.843444 0.059641 0.039828
0 0.352124 0.792892 0.068627 0.053922
0 0.276757 0.848499 0.064951 0.041360
0 0.276757 0.801930 0.064951 0.049939
0 0.186070 0.846048 0.065768 0.046262
0 0.111520 0.844975 0.067810 0.045343
0 0.185458 0.797488 0.068627 0.044730
0 0.113154 0.794884 0.066993 0.043811
0 0.341095 0.726256 0.066993 0.044424
0 0.412990 0.724877 0.060458 0.047794
0 0.348856 0.843750 0.062092 0.045343
0 0.731618 0.329657 0.071895 0.047181
0 0.978350 0.278493 0.034314 0.047794
0 0.656454 0.382353 0.076797 0.046569
0 0.957721 0.689491 0.024101 0.042586
0 0.987132 0.690870 0.024918 0.045343
0 0.987337 0.644455 0.025327 0.042586
0 0.772263 0.575368 0.029003 0.044118
0 0.806373 0.577512 0.027778 0.042892
0 0.842729 0.577665 0.038399 0.042586
0 0.879902 0.576440 0.031046 0.045037
0 0.915850 0.576134 0.029412 0.048100
0 0.950572 0.577512 0.032680 0.042892
0 0.960376 0.641085 0.017974 0.040748
0 0.984477 0.574602 0.031046 0.042586
0 0.951797 0.528952 0.031863 0.049939
0 0.917688 0.528033 0.029003 0.048713
0 0.882353 0.526195 0.031863 0.052390
0 0.848039 0.526042 0.029412 0.052696
0 0.812296 0.526348 0.031454 0.049020
0 0.773897 0.525429 0.036356 0.050858
0 0.788399 0.452206 0.034314 0.049020
0 0.824346 0.453891 0.032680 0.048713
0 0.859886 0.455576 0.030229 0.050858
0 0.985498 0.525888 0.029003 0.046875
0 0.896038 0.457108 0.032271 0.050858
0 0.929126 0.645067 0.029003 0.041360
0 0.890727 0.692708 0.033088 0.041667
0 0.752859 0.640319 0.025327 0.047794
0 0.785539 0.644301 0.032680 0.039828
0 0.818423 0.644608 0.028186 0.047794
0 0.103962 0.626072 0.064134 0.047488
0 0.965278 0.795037 0.046569 0.121936
0 0.918505 0.791054 0.042075 0.124387
0 0.869077 0.797181 0.048611 0.126838
0 0.818627 0.801471 0.044118 0.126838
0 0.858456 0.806219 0.011846 0.013787
0 0.926471 0.692402 0.026961 0.045343
0 0.767361 0.797488 0.050245 0.123162
0 0.695874 0.840074 0.065768 0.041054
0 0.628676 0.836857 0.059641 0.044424
0 0.633578 0.789216 0.065359 0.043505
0 0.750613 0.691483 0.028186 0.044118
0 0.782475 0.691483 0.029820 0.047181
0 0.820057 0.693934 0.027369 0.039216
0 0.854779 0.693321 0.031454 0.046569
0 0.857639 0.643382 0.033088 0.041667
0 0.896446 0.645833 0.033088 0.045343
0 0.704248 0.791513 0.070261 0.045037
0 0.582108 0.380515 0.066993 0.050245
0 0.927492 0.455576 0.029003 0.045343
0 0.990400 0.459865 0.019199 0.042279
0 0.341299 0.453278 0.062500 0.049939
0 0.279208 0.555147 0.069853 0.046569
0 0.119894 0.553768 0.077206 0.046262
0 0.272467 0.501991 0.064542 0.045650
0 0.197100 0.502604 0.080474 0.046875
0 0.115400 0.502145 0.068219 0.047794
0 0.182598 0.450674 0.078431 0.052083
0 0.101920 0.448529 0.075572 0.050858
0 0.789216 0.327665 0.027778 0.051164
0 0.425654 0.454197 0.071895 0.045037
0 0.825163 0.328278 0.026144 0.043811
0 0.894199 0.327972 0.028595 0.047488
0 0.932394 0.329044 0.031454 0.048407
0 0.970997 0.331801 0.031046 0.045956
0 0.938521 0.277114 0.036356 0.050551
0 0.902165 0.273897 0.024918 0.050858
0 0.863971 0.274663 0.038399 0.049326
0 0.826389 0.275123 0.028595 0.051471
0 0.791462 0.274510 0.032271 0.052696
0 0.734069 0.380974 0.068627 0.043199
0 0.860294 0.328125 0.031046 0.044118
0 0.960376 0.458180 0.033497 0.040135
0 0.497345 0.455116 0.060866 0.049326
0 0.565564 0.507659 0.064951 0.042892
0 0.992034 0.407935 0.015114 0.047488
0 0.965686 0.407935 0.028595 0.047488
0 0.930760 0.406250 0.028186 0.047794
0 0.901552 0.402267 0.023693 0.050245
0 0.869894 0.403186 0.034722 0.045343
0 0.830678 0.402267 0.025735 0.050245
0 0.792075 0.399816 0.036765 0.049020
0 0.715074 0.558364 0.073938 0.045037
0 0.641136 0.557292 0.064951 0.048407
0 0.567402 0.457414 0.068627 0.050245
0 0.711806 0.506740 0.067402 0.047794
0 0.716299 0.457261 0.068219 0.045037
0 0.641544 0.455882 0.069853 0.047794
0 0.344975 0.505362 0.077206 0.053002
0 0.349265 0.555300 0.062908 0.043199
0 0.422181 0.555453 0.069036 0.049020
0 0.420752 0.505974 0.070261 0.046262
0 0.496732 0.554075 0.066993 0.045650
0 0.494690 0.507200 0.066993 0.046875
0 0.570261 0.556219 0.066993 0.041360
0 0.641748 0.507200 0.066176 0.046875
0 0.203227 0.553156 0.077206 0.047488
