0 0.454861 0.656097 0.092729 0.007659
0 0.547998 0.261029 0.097631 0.015319
0 0.552492 0.753064 0.086193 0.012868
0 0.554943 0.738051 0.091095 0.012868
0 0.543505 0.312653 0.091912 0.014400
0 0.544730 0.294577 0.091095 0.013174
0 0.543505 0.277574 0.088644 0.011029
0 0.556373 0.105086 0.087418 0.017157
0 0.728758 0.622243 0.083333 0.011029
0 0.639706 0.623468 0.082516 0.013480
0 0.629493 0.604167 0.082516 0.009191
0 0.642770 0.550398 0.085376 0.010723
0 0.637255 0.528646 0.084967 0.021140
0 0.638276 0.498928 0.087010 0.023591
0 0.639910 0.469975 0.090278 0.012868
0 0.638480 0.448836 0.090686 0.025123
0 0.632966 0.422028 0.089461 0.026042
0 0.638276 0.381587 0.082925 0.038909
0 0.638685 0.348192 0.087827 0.024203
0 0.642157 0.305453 0.087418 0.039828
0 0.643995 0.268229 0.087827 0.027267
0 0.728145 0.767616 0.082108 0.015012
0 0.641544 0.768995 0.076389 0.007966
0 0.448938 0.171109 0.097222 0.023591
0 0.449551 0.191483 0.095997 0.017770
0 0.552900 0.770527 0.087010 0.013480
0 0.458538 0.779259 0.095997 0.013174
0 0.457925 0.762255 0.096405 0.013480
0 0.459559 0.744026 0.094771 0.016850
0 0.545547 0.338235 0.085376 0.011642
0 0.344771 0.274357 0.101307 0.019914
0 0.344363 0.292279 0.102124 0.015931
0 0.345997 0.310968 0.105392 0.020833
0 0.448734 0.314185 0.090278 0.015012
0 0.446895 0.293352 0.098039 0.018689
0 0.445261 0.275735 0.096405 0.014706
0 0.448734 0.256740 0.093546 0.014093
0 0.346609 0.255362 0.100082 0.016238
0 0.550245 0.652574 0.096405 0.009804
0 0.550449 0.665748 0.085376 0.011029
0 0.450980 0.210172 0.096405 0.012255
0 0.549020 0.681526 0.082516 0.013174
0 0.554534 0.122855 0.090278 0.015931
0 0.451797 0.671415 0.089052 0.010110
0 0.455678 0.687653 0.090278 0.013787
0 0.454861 0.707261 0.092729 0.011949
0 0.354984 0.659161 0.093954 0.009498
0 0.358660 0.675092 0.097222 0.009498
0 0.357843 0.691789 0.095588 0.011642
0 0.357435 0.710018 0.092320 0.011336
0 0.360294 0.781403 0.093954 0.015012
0 0.358660 0.763327 0.097222 0.011336
0 0.360090 0.745864 0.097631 0.015625
0 0.548815 0.698836 0.089461 0.016544
0 0.550449 0.214614 0.091912 0.013787
0 0.543709 0.194393 0.081699 0.015625
0 0.549632 0.176624 0.094363 0.012561
0 0.734681 0.467678 0.095180 0.015625
0 0.735703 0.450368 0.089869 0.013480
0 0.730596 0.432904 0.090278 0.015319
0 0.735498 0.394148 0.093546 0.014400
0 0.735294 0.377145 0.093137 0.015319
0 0.733252 0.359069 0.092320 0.013480
0 0.732843 0.340380 0.098039 0.011029
0 0.734681 0.318781 0.091912 0.014400
0 0.735907 0.297641 0.090278 0.018076
0 0.735090 0.280944 0.088644 0.012868
0 0.737745 0.265012 0.093137 0.014093
0 0.734273 0.495558 0.087010 0.009498
0 0.734681 0.239430 0.084559 0.013787
0 0.740809 0.201593 0.093546 0.015319
0 0.740400 0.182598 0.089461 0.014093
0 0.270016 0.610447 0.045752 0.066483
0 0.280842 0.690104 0.054330 0.063419
0 0.279003 0.770680 0.047386 0.053002
0 0.749387 0.154259 0.094363 0.019301
0 0.282884 0.102022 0.024918 0.082721
0 0.352533 0.096661 0.095588 0.015625
0 0.349673 0.116881 0.096405 0.013787
0 0.352328 0.136642 0.098448 0.015931
0 0.453023 0.142616 0.098856 0.016238
0 0.741217 0.219669 0.086193 0.015319
0 0.546364 0.359375 0.090278 0.016544
0 0.731413 0.510570 0.091912 0.012561
0 0.733252 0.547181 0.089052 0.014093
0 0.643995 0.182598 0.082925 0.033088
0 0.643178 0.214614 0.092729 0.028493
0 0.644404 0.235754 0.095180 0.013174
0 0.546160 0.232843 0.086601 0.015931
0 0.447712 0.226716 0.094771 0.015931
0 0.347631 0.225797 0.098856 0.018382
0 0.344158 0.204657 0.095180 0.018995
0 0.346814 0.185662 0.100490 0.012868
0 0.348039 0.166667 0.098039 0.020221
0 0.642770 0.655484 0.082108 0.016850
0 0.641748 0.675705 0.080882 0.020527
0 0.728962 0.530178 0.083742 0.011949
0 0.642770 0.699295 0.088644 0.011949
0 0.642157 0.736826 0.074346 0.010417
0 0.731209 0.748621 0.077614 0.014400
0 0.727533 0.734069 0.077614 0.012255
0 0.729984 0.718137 0.085784 0.007353
0 0.728758 0.692096 0.080065 0.007353
0 0.728350 0.678156 0.085784 0.015625
0 0.725899 0.663297 0.084150 0.009191
0 0.728145 0.650888 0.085376 0.011336
0 0.728962 0.607690 0.083742 0.011336
0 0.729167 0.590839 0.087418 0.010110
0 0.730392 0.574908 0.089869 0.010110
0 0.643791 0.753676 0.080882 0.009191
0 0.456699 0.122549 0.098856 0.017770
0 0.544730 0.375613 0.094363 0.012255
0 0.447712 0.339920 0.098039 0.015012
0 0.447100 0.434743 0.093546 0.011642
0 0.446078 0.452512 0.091503 0.015319
0 0.545547 0.549939 0.092729 0.012255
0 0.545752 0.533701 0.094771 0.012868
0 0.546569 0.515931 0.089869 0.011642
0 0.547794 0.497855 0.093954 0.017770
0 0.348243 0.558211 0.096814 0.011642
0 0.449142 0.555913 0.094363 0.011949
0 0.450980 0.537071 0.096405 0.011029
0 0.450980 0.518995 0.096405 0.015319
0 0.450572 0.500000 0.100490 0.014706
0 0.344567 0.500460 0.095997 0.014400
0 0.350694 0.519455 0.101716 0.013174
0 0.348039 0.536765 0.096405 0.012868
0 0.555147 0.143995 0.088235 0.018382
0 0.651552 0.144608 0.086601 0.026961
0 0.653391 0.112439 0.097631 0.033701
0 0.268791 0.190870 0.052288 0.070466
0 0.264706 0.279718 0.051471 0.074755
0 0.267361 0.362439 0.046977 0.077206
0 0.268791 0.447151 0.043301 0.068321
0 0.270833 0.528186 0.044118 0.074755
0 0.547794 0.393842 0.089869 0.016238
0 0.450163 0.420037 0.096405 0.011642
0 0.541462 0.433977 0.087827 0.015012
0 0.458538 0.100797 0.101716 0.020833
0 0.546977 0.471201 0.091503 0.012868
0 0.542688 0.453431 0.094363 0.012868
0 0.450368 0.356618 0.093546 0.013480
0 0.448734 0.375460 0.093546 0.016850
0 0.449959 0.395833 0.099265 0.015319
0 0.345997 0.341912 0.092320 0.014093
0 0.348243 0.357996 0.098448 0.015012
0 0.346814 0.395680 0.100490 0.017463
0 0.527778 0.600490 0.058007 0.014093
0 0.545343 0.623928 0.081699 0.011949
0 0.449142 0.634038 0.096814 0.012561
0 0.448734 0.612286 0.097631 0.013787
0 0.346814 0.376072 0.100490 0.013174
0 0.449346 0.577359 0.093137 0.014400
0 0.348448 0.636029 0.100490 0.015931
0 0.350899 0.614737 0.098856 0.016238
0 0.350082 0.598652 0.098856 0.014093
0 0.349469 0.582874 0.095997 0.014400
0 0.515114 0.585938 0.024510 0.012561
0 0.349060 0.418811 0.102533 0.012868
0 0.346201 0.433364 0.099265 0.013787
0 0.347018 0.449755 0.097631 0.014706
0 0.448529 0.471814 0.096405 0.014093
0 0.449551 0.597120 0.092729 0.012255
0 0.347631 0.469975 0.095588 0.015319
