0 0.474469 0.141697 0.122141 0.025429
0 0.668913 0.635263 0.087827 0.071998
0 0.573529 0.641697 0.080882 0.061581
0 0.571487 0.718903 0.084150 0.074449
0 0.393382 0.714308 0.092320 0.074449
0 0.296160 0.711703 0.089869 0.077206
0 0.207108 0.710631 0.080882 0.076900
0 0.107435 0.713542 0.085784 0.068627
0 0.388072 0.628370 0.098039 0.081495
0 0.291871 0.628064 0.093546 0.082108
0 0.193832 0.627298 0.095180 0.073836
0 0.094158 0.629442 0.087827 0.076900
0 0.397059 0.522059 0.102941 0.088848
0 0.289011 0.524203 0.097631 0.087010
0 0.184845 0.522825 0.093546 0.080576
0 0.072100 0.515931 0.087827 0.080270
0 0.401961 0.437653 0.103758 0.067096
0 0.300858 0.432598 0.095997 0.077206
0 0.193219 0.432598 0.103758 0.077206
0 0.074959 0.436734 0.096814 0.073223
0 0.555964 0.532782 0.107026 0.079044
0 0.772876 0.543811 0.101307 0.069240
0 0.765114 0.641238 0.085784 0.069853
0 0.883783 0.542739 0.096814 0.078125
0 0.877859 0.639553 0.116013 0.073223
0 0.767974 0.719669 0.084967 0.070466
0 0.911969 0.817708 0.020833 0.063113
0 0.904208 0.888327 0.027369 0.060968
0 0.837623 0.896293 0.086193 0.049326
0 0.842320 0.831342 0.076797 0.071998
0 0.749387 0.823070 0.087010 0.068934
0 0.745507 0.893995 0.084150 0.056373
0 0.648284 0.890472 0.080882 0.054228
0 0.653799 0.818781 0.085376 0.067708
0 0.565972 0.815104 0.087010 0.063419
0 0.561070 0.883425 0.085376 0.059130
0 0.393791 0.873162 0.087418 0.053309
0 0.305556 0.869485 0.067810 0.058211
0 0.214461 0.871170 0.083333 0.057292
0 0.122345 0.870098 0.072304 0.059436
0 0.464869 0.876379 0.031046 0.056679
0 0.462827 0.813572 0.030229 0.064032
0 0.392157 0.811121 0.089869 0.068321
0 0.299428 0.803615 0.083333 0.051471
0 0.208129 0.801624 0.080474 0.050551
0 0.114175 0.802543 0.080474 0.060355
0 0.667688 0.718444 0.088644 0.072917
0 0.863971 0.724724 0.101307 0.084252
0 0.951389 0.550092 0.034314 0.070772
0 0.668505 0.540901 0.102533 0.075061
0 0.879289 0.456342 0.112337 0.054228
0 0.467116 0.020374 0.104984 0.022978
0 0.961397 0.460938 0.025735 0.086091
0 0.475286 0.081648 0.123775 0.022978
0 0.477737 0.112132 0.119690 0.027574
0 0.037990 0.043811 0.069444 0.082108
0 0.118668 0.042892 0.083742 0.083946
0 0.045956 0.142310 0.082108 0.103860
0 0.131536 0.140625 0.080882 0.102941
0 0.249387 0.187653 0.115605 0.008885
0 0.249183 0.175551 0.111111 0.009191
0 0.599877 0.024050 0.109886 0.022365
0 0.248570 0.162377 0.113971 0.009804
0 0.236520 0.132353 0.118464 0.017770
0 0.236928 0.112745 0.116013 0.017157
0 0.232639 0.095435 0.109886 0.009498
0 0.233047 0.077819 0.113971 0.014093
0 0.220792 0.064032 0.113971 0.008578
0 0.227124 0.053768 0.120915 0.010110
0 0.359273 0.053462 0.102533 0.032169
0 0.356413 0.091299 0.106618 0.038603
0 0.358252 0.132659 0.103758 0.036152
0 0.361111 0.173407 0.103758 0.034926
0 0.236724 0.150429 0.117239 0.007966
0 0.598652 0.047794 0.110703 0.019608
0 0.474877 0.050551 0.120507 0.030637
0 0.599265 0.090839 0.111928 0.021140
0 0.763276 0.439032 0.097631 0.073529
0 0.666667 0.437194 0.092320 0.074755
0 0.562296 0.438572 0.094363 0.074449
0 0.583129 0.366268 0.101716 0.040135
0 0.799837 0.363205 0.098039 0.038909
0 0.698529 0.362592 0.093954 0.033395
0 0.599265 0.070312 0.111928 0.017463
0 0.569853 0.248468 0.116013 0.058824
0 0.467116 0.256281 0.089461 0.078738
0 0.303309 0.227482 0.041258 0.037684
0 0.567606 0.312653 0.098448 0.053002
0 0.253676 0.227941 0.049020 0.048407
0 0.597835 0.113511 0.109069 0.020527
0 0.220997 0.227022 0.017974 0.038603
0 0.595792 0.156250 0.110703 0.017157
0 0.596609 0.178002 0.109886 0.018382
0 0.598448 0.134498 0.116013 0.018382
0 0.704453 0.128064 0.092729 0.036152
0 0.709150 0.085938 0.089869 0.037684
0 0.708538 0.043811 0.091912 0.041667
0 0.184232 0.248009 0.044935 0.097733
0 0.706087 0.166513 0.095997 0.038909
0 0.478350 0.174173 0.115196 0.028493
