0 0.973243 0.490196 0.053513 0.072304
0 0.922590 0.489737 0.042892 0.069547
0 0.869281 0.490196 0.063725 0.072304
0 0.917892 0.391391 0.045752 0.071998
0 0.092729 0.287531 0.042484 0.082414
0 0.043709 0.287684 0.055556 0.082108
0 0.027574 0.396446 0.055147 0.095588
0 0.811070 0.488358 0.053513 0.068627
0 0.756740 0.490349 0.051879 0.071385
0 0.702614 0.487286 0.058824 0.066483
0 0.969158 0.387561 0.054330 0.068627
0 0.973039 0.289522 0.053922 0.083333
0 0.163807 0.398591 0.066993 0.093750
0 0.128472 0.788756 0.040441 0.084865
0 0.070261 0.812500 0.059641 0.084559
0 0.020425 0.810662 0.040850 0.086397
0 0.543709 0.054841 0.051471 0.082721
0 0.603350 0.054534 0.057190 0.084559
0 0.658905 0.056373 0.045752 0.082721
0 0.706495 0.056526 0.046977 0.079350
0 0.758783 0.057138 0.057598 0.078125
0 0.811070 0.059130 0.048611 0.075368
0 0.866217 0.057292 0.060866 0.077819
0 0.927492 0.058517 0.057598 0.080270
0 0.983252 0.061121 0.033497 0.079350
0 0.538194 0.393536 0.036356 0.074449
0 0.465891 0.413297 0.067402 0.066176
0 0.387459 0.401195 0.045343 0.086703
0 0.309232 0.399663 0.075980 0.096507
0 0.234273 0.400123 0.070670 0.093750
0 0.091708 0.397059 0.073121 0.092525
0 0.140523 0.286918 0.053105 0.080576
0 0.611111 0.289982 0.058007 0.081189
0 0.238766 0.287837 0.052696 0.081801
0 0.974877 0.185202 0.049428 0.064645
0 0.916667 0.184896 0.067810 0.064645
0 0.856413 0.184743 0.053513 0.063725
0 0.798815 0.187960 0.060049 0.067708
0 0.733456 0.185968 0.064134 0.066176
0 0.671773 0.187500 0.059232 0.068627
0 0.613358 0.185968 0.052696 0.066176
0 0.555964 0.187806 0.063725 0.068015
0 0.639706 0.489583 0.049837 0.068015
0 0.521446 0.483609 0.058415 0.069547
0 0.450163 0.526654 0.045752 0.102941
0 0.400940 0.525735 0.054330 0.100490
0 0.348856 0.525276 0.048203 0.099571
0 0.301266 0.526042 0.046160 0.101103
0 0.246732 0.524663 0.061275 0.103860
0 0.186070 0.524663 0.060049 0.104473
0 0.130719 0.522059 0.052288 0.102941
0 0.555556 0.290135 0.054739 0.080270
0 0.917279 0.289828 0.057598 0.083946
0 0.671364 0.289522 0.060049 0.081495
0 0.732843 0.288909 0.063725 0.082108
0 0.792279 0.291513 0.057598 0.082414
0 0.854575 0.289675 0.064542 0.083640
0 0.189338 0.287990 0.045343 0.080270
0 0.195057 0.649050 0.060049 0.096507
0 0.071487 0.634344 0.044935 0.079350
0 0.069444 0.522518 0.061275 0.106311
0 0.465891 0.323683 0.108252 0.112439
0 0.189951 0.742034 0.052288 0.053922
0 0.351716 0.142463 0.058824 0.125613
0 0.444853 0.183824 0.119281 0.138480
0 0.126838 0.646752 0.057598 0.098039
0 0.176675 0.819087 0.054330 0.083640
0 0.947712 0.743566 0.040033 0.052696
0 0.570670 0.663756 0.056373 0.064645
0 0.655025 0.658395 0.053513 0.047794
0 0.716912 0.666054 0.046569 0.059436
0 0.765523 0.665135 0.050654 0.061275
0 0.413807 0.647365 0.053105 0.096201
0 0.354779 0.639400 0.048611 0.083333
0 0.306168 0.645680 0.041258 0.094056
0 0.256944 0.646599 0.057190 0.091605
0 0.903391 0.578891 0.061683 0.062194
0 0.952410 0.572457 0.037173 0.049939
0 0.968750 0.666513 0.044526 0.060968
0 0.918709 0.666054 0.054739 0.062500
0 0.866626 0.666667 0.048611 0.064338
0 0.816585 0.667279 0.049020 0.063113
0 0.094771 0.137255 0.111928 0.135417
0 0.201185 0.135263 0.100899 0.129596
0 0.286152 0.143382 0.066585 0.120098
0 0.467729 0.650582 0.050654 0.096507
0 0.571895 0.575521 0.042484 0.062194
0 0.523693 0.576134 0.052288 0.064645
0 0.781863 0.579810 0.054739 0.064645
0 0.727941 0.579197 0.053105 0.065870
0 0.675245 0.578431 0.049837 0.064951
0 0.621936 0.579197 0.057598 0.067708
0 0.530433 0.744332 0.053513 0.058517
0 0.743873 0.739430 0.044118 0.043811
0 0.697100 0.737439 0.048611 0.043505
0 0.809232 0.393076 0.064542 0.079044
0 0.424020 0.810355 0.053105 0.088848
0 0.483456 0.818781 0.056781 0.084252
0 0.695261 0.389246 0.044935 0.071385
0 0.743873 0.388787 0.048203 0.071078
0 0.792075 0.744638 0.050654 0.051777
0 0.867851 0.392770 0.051879 0.079044
0 0.518995 0.664828 0.046977 0.064951
0 0.235294 0.814032 0.059641 0.087623
0 0.366217 0.815717 0.058415 0.090380
0 0.644199 0.394914 0.053922 0.077206
0 0.549632 0.819547 0.058415 0.045956
0 0.612949 0.820619 0.058415 0.051164
0 0.748162 0.823683 0.053513 0.054228
0 0.969567 0.824755 0.055147 0.056373
0 0.899918 0.746630 0.054739 0.060049
0 0.587623 0.394455 0.058415 0.076287
0 0.299837 0.811428 0.061275 0.087929
