0 0.568832 0.489737 0.024918 0.048713
0 0.592729 0.486060 0.019608 0.057292
0 0.528186 0.492494 0.034314 0.046875
0 0.615196 0.483915 0.020425 0.051164
0 0.210989 0.410539 0.037173 0.072917
0 0.664624 0.478554 0.019608 0.040441
0 0.685866 0.474724 0.024510 0.046875
0 0.092525 0.184589 0.047794 0.078738
0 0.707312 0.471967 0.017565 0.038909
0 0.640523 0.484222 0.027778 0.051777
0 0.149101 0.186428 0.048203 0.086703
0 0.243260 0.199449 0.045343 0.075368
0 0.730596 0.469822 0.023284 0.034620
0 0.762663 0.241268 0.018791 0.053615
0 0.743873 0.240349 0.018791 0.051777
0 0.727124 0.242034 0.013072 0.047794
0 0.714052 0.237745 0.014706 0.047181
0 0.700980 0.236366 0.010621 0.050551
0 0.687296 0.233303 0.011846 0.044424
0 0.674020 0.229779 0.013072 0.051471
0 0.658088 0.227482 0.018791 0.046875
0 0.640523 0.224877 0.014706 0.053309
0 0.625000 0.224877 0.017974 0.054534
0 0.605188 0.221661 0.019199 0.060968
0 0.587827 0.217371 0.015523 0.053002
0 0.573938 0.217065 0.013072 0.054228
0 0.558007 0.215686 0.018791 0.053922
0 0.540645 0.212469 0.015114 0.061581
0 0.520629 0.210938 0.024918 0.058517
0 0.495711 0.208640 0.025735 0.063113
0 0.471814 0.203738 0.021242 0.054534
0 0.450163 0.198836 0.022059 0.064951
0 0.428717 0.193934 0.022467 0.060049
0 0.406658 0.190717 0.019199 0.067096
0 0.382966 0.188419 0.028186 0.066176
0 0.358456 0.184436 0.023284 0.073529
0 0.330678 0.182445 0.029820 0.068934
0 0.298611 0.180760 0.034314 0.071078
0 0.196691 0.187500 0.046160 0.084559
0 0.044730 0.188266 0.048611 0.071998
0 0.434028 0.067096 0.017565 0.038603
0 0.787990 0.247089 0.016340 0.046262
0 0.080270 0.050705 0.038807 0.090993
0 0.037786 0.049326 0.044526 0.093750
0 0.748775 0.466299 0.015523 0.040441
0 0.762255 0.468444 0.011438 0.041054
0 0.776348 0.467525 0.014297 0.042892
0 0.017565 0.636642 0.035131 0.082108
0 0.052900 0.628676 0.033905 0.098039
0 0.094771 0.617188 0.045752 0.080576
0 0.136234 0.615502 0.037990 0.084559
0 0.176471 0.606311 0.037582 0.077819
0 0.209150 0.605545 0.027778 0.080576
0 0.243260 0.591299 0.033088 0.075980
0 0.275735 0.596048 0.032680 0.064032
0 0.303922 0.593903 0.026144 0.068934
0 0.331087 0.590533 0.027369 0.062806
0 0.358252 0.589461 0.025327 0.066176
0 0.385417 0.584865 0.029820 0.058211
0 0.409926 0.580576 0.019199 0.067402
0 0.429739 0.571385 0.018791 0.050245
0 0.449755 0.569087 0.021242 0.055453
0 0.473652 0.566483 0.028186 0.049632
0 0.496119 0.564491 0.016748 0.053002
0 0.515114 0.560815 0.020425 0.045650
0 0.535539 0.557138 0.020425 0.053615
0 0.555760 0.552543 0.017565 0.045037
0 0.123570 0.059283 0.046977 0.106924
0 0.009804 0.185202 0.017157 0.079963
0 0.173611 0.056526 0.053105 0.111826
0 0.278799 0.075061 0.032271 0.077206
0 0.803105 0.182904 0.014706 0.049020
0 0.785335 0.178002 0.016748 0.040441
0 0.761234 0.173100 0.015931 0.047794
0 0.747141 0.171109 0.012255 0.051777
0 0.731618 0.167433 0.018791 0.042586
0 0.715278 0.162224 0.011438 0.052390
0 0.702819 0.160692 0.014297 0.049326
0 0.686887 0.157169 0.016748 0.056373
0 0.672998 0.152420 0.014297 0.049326
0 0.654616 0.149816 0.018382 0.055760
0 0.634600 0.147825 0.021650 0.051164
0 0.614992 0.142463 0.016748 0.061887
0 0.594771 0.141391 0.023693 0.059743
0 0.576593 0.140012 0.015114 0.061887
0 0.559028 0.134038 0.017565 0.050551
0 0.540441 0.130515 0.021242 0.059436
0 0.522059 0.126532 0.015523 0.051471
0 0.503268 0.121783 0.022059 0.060968
0 0.482639 0.118566 0.018382 0.053309
0 0.457108 0.113664 0.032680 0.063113
0 0.409314 0.101869 0.024510 0.065257
0 0.383578 0.096967 0.022876 0.059130
0 0.358864 0.091452 0.026552 0.070159
0 0.331699 0.089308 0.028595 0.065257
0 0.305964 0.085172 0.021242 0.074142
0 0.230188 0.067708 0.056781 0.128676
0 0.807190 0.250766 0.013889 0.046875
0 0.850899 0.189491 0.013889 0.053002
0 0.837623 0.252145 0.015114 0.039828
0 0.436275 0.357537 0.013072 0.049020
0 0.465686 0.357537 0.037582 0.049020
0 0.501430 0.359375 0.033905 0.045343
0 0.535539 0.357537 0.033497 0.042279
0 0.568219 0.357077 0.029412 0.043199
0 0.600286 0.359835 0.031454 0.046875
0 0.653391 0.359681 0.034722 0.039216
0 0.683211 0.358303 0.024918 0.040748
0 0.709355 0.359681 0.024101 0.041667
0 0.421773 0.357077 0.018382 0.048100
0 0.731209 0.359988 0.021242 0.039828
0 0.771038 0.358915 0.019199 0.037071
0 0.895629 0.358609 0.031454 0.032782
0 0.868464 0.359681 0.017157 0.032475
0 0.345792 0.441023 0.138480 0.047488
0 0.461806 0.434743 0.095180 0.050245
0 0.556781 0.431985 0.088235 0.047794
0 0.642770 0.427390 0.082108 0.047794
0 0.726511 0.422488 0.087010 0.038603
0 0.015931 0.538143 0.028595 0.100797
0 0.752247 0.358762 0.019199 0.037377
0 0.401552 0.359375 0.018791 0.050245
0 0.381332 0.355545 0.021650 0.056679
0 0.357026 0.356618 0.026144 0.058211
0 0.175245 0.416667 0.031863 0.085784
0 0.138685 0.417586 0.041258 0.072917
0 0.101103 0.419577 0.030637 0.075061
0 0.062704 0.418045 0.044526 0.076287
0 0.021038 0.418964 0.041258 0.087929
0 0.853145 0.305607 0.018382 0.040748
0 0.835580 0.305300 0.014297 0.040748
0 0.760008 0.299173 0.015931 0.045037
0 0.742647 0.300398 0.016340 0.046262
0 0.729167 0.298866 0.013889 0.049326
0 0.713848 0.297488 0.014297 0.047181
0 0.699551 0.296569 0.014297 0.049020
0 0.679534 0.296262 0.027369 0.047794
0 0.656863 0.293352 0.016340 0.054228
0 0.641340 0.289828 0.016340 0.049020
0 0.624796 0.289062 0.015114 0.050551
0 0.607639 0.291513 0.015114 0.054841
0 0.573325 0.550551 0.018382 0.050245
0 0.275327 0.353094 0.035131 0.051777
0 0.310662 0.354473 0.030637 0.055147
0 0.334559 0.355545 0.018791 0.059130
0 0.049837 0.530178 0.036765 0.100797
0 0.089665 0.526348 0.038807 0.091299
0 0.127859 0.525123 0.036765 0.093750
0 0.167688 0.521140 0.044526 0.085784
0 0.274101 0.273131 0.022876 0.058517
0 0.240809 0.310662 0.028186 0.077206
0 0.215891 0.311887 0.022467 0.079657
0 0.188521 0.309130 0.029820 0.085784
0 0.154412 0.309130 0.036765 0.087623
0 0.123570 0.308364 0.024918 0.089154
0 0.090278 0.308058 0.036765 0.089767
0 0.045956 0.310662 0.047794 0.084559
0 0.923815 0.201440 0.015931 0.040135
0 0.903186 0.200521 0.008987 0.044424
0 0.893995 0.197763 0.009395 0.051164
0 0.886029 0.198070 0.008987 0.051777
0 0.875817 0.193934 0.010621 0.059436
0 0.862949 0.189951 0.012663 0.051471
0 0.248366 0.413450 0.037582 0.068934
0 0.836601 0.185509 0.013072 0.046262
0 0.823325 0.185202 0.015114 0.046875
0 0.899510 0.259804 0.010621 0.048407
0 0.888889 0.258425 0.011438 0.043811
0 0.872141 0.257200 0.022059 0.045650
0 0.851307 0.253064 0.014706 0.037990
0 0.293096 0.274510 0.017565 0.055760
0 0.821078 0.252451 0.016340 0.043505
0 0.318832 0.274203 0.031454 0.055760
0 0.382557 0.276654 0.027369 0.056373
0 0.205474 0.517004 0.029412 0.094056
0 0.240400 0.510876 0.033905 0.081801
0 0.275123 0.515319 0.034722 0.071078
0 0.307394 0.513940 0.029820 0.066483
0 0.336601 0.515319 0.029412 0.061887
0 0.363562 0.512714 0.023693 0.054841
0 0.389093 0.507659 0.028186 0.063113
0 0.414216 0.505055 0.022059 0.056066
0 0.461601 0.498775 0.031863 0.052696
0 0.490196 0.498009 0.026961 0.054228
0 0.451185 0.645374 0.020833 0.053002
0 0.594771 0.291513 0.010621 0.055453
0 0.578636 0.288450 0.019199 0.049326
0 0.560662 0.286152 0.014297 0.052083
0 0.544730 0.286765 0.017565 0.052696
0 0.528186 0.283701 0.015523 0.058824
0 0.511438 0.282782 0.019608 0.055760
0 0.490605 0.281097 0.021242 0.057904
0 0.466095 0.279105 0.028595 0.053922
0 0.437704 0.280178 0.028186 0.051777
0 0.409109 0.279565 0.027369 0.050551
0 0.351716 0.275429 0.034314 0.053922
0 0.590482 0.546569 0.015114 0.042892
0 0.474877 0.643076 0.021650 0.048407
0 0.621119 0.541207 0.013480 0.041360
0 0.618668 0.663603 0.027369 0.042279
0 0.587418 0.674939 0.033497 0.045956
0 0.519608 0.691176 0.032680 0.048407
0 0.476103 0.705576 0.046160 0.046569
0 0.431373 0.714308 0.040850 0.045037
0 0.387663 0.729626 0.046569 0.043199
0 0.654003 0.656097 0.035948 0.041360
0 0.292688 0.759804 0.063317 0.053922
0 0.203840 0.782629 0.032680 0.064645
0 0.171569 0.794884 0.024510 0.070159
0 0.135008 0.807292 0.038807 0.057598
0 0.091912 0.820159 0.036765 0.064951
0 0.048407 0.830270 0.050245 0.056985
0 0.011029 0.840686 0.022059 0.068015
0 0.237541 0.775429 0.031454 0.059436
0 0.560866 0.618566 0.021242 0.048407
0 0.616217 0.607690 0.034722 0.038297
0 0.679330 0.594363 0.033497 0.042279
0 0.605392 0.544730 0.016340 0.047794
0 0.905842 0.587469 0.036356 0.021140
0 0.906046 0.562806 0.039216 0.025735
0 0.746528 0.575368 0.014297 0.047181
0 0.731618 0.578891 0.018791 0.039522
0 0.864788 0.597426 0.031863 0.036765
0 0.648489 0.599112 0.027369 0.037684
0 0.843342 0.605392 0.017565 0.028799
0 0.800654 0.619026 0.019608 0.032782
0 0.785335 0.623162 0.020016 0.036765
0 0.761846 0.629749 0.022876 0.035846
0 0.733660 0.634804 0.029412 0.036152
0 0.695874 0.641850 0.025735 0.036152
0 0.708129 0.585631 0.024918 0.038909
0 0.821078 0.611979 0.016340 0.032782
0 0.537786 0.621477 0.021650 0.042586
0 0.555147 0.683977 0.031863 0.045650
0 0.494894 0.633425 0.024101 0.043199
0 0.165033 0.715533 0.035948 0.085478
0 0.130515 0.721967 0.035539 0.093444
0 0.087214 0.734681 0.042892 0.088235
0 0.045547 0.738664 0.037990 0.096201
0 0.014093 0.751379 0.024918 0.098346
0 0.782067 0.513634 0.020016 0.033395
0 0.765931 0.517463 0.012255 0.041054
0 0.751838 0.520527 0.015931 0.034926
0 0.733864 0.522978 0.020016 0.041667
0 0.716708 0.524203 0.014297 0.040441
0 0.700776 0.526961 0.016748 0.045956
0 0.686070 0.530331 0.011846 0.038603
0 0.516544 0.625306 0.023284 0.042892
0 0.652574 0.536612 0.020016 0.039522
0 0.635417 0.539216 0.014297 0.044730
0 0.199142 0.701593 0.029003 0.088235
0 0.229779 0.697151 0.034722 0.081189
0 0.671773 0.534161 0.018382 0.045650
0 0.299837 0.678156 0.021242 0.064645
0 0.322917 0.672794 0.026552 0.055760
0 0.268791 0.681526 0.040850 0.054841
0 0.353758 0.666207 0.026144 0.065257
0 0.377859 0.660539 0.021242 0.050245
0 0.399306 0.656250 0.020016 0.058824
0 0.421977 0.650888 0.031046 0.045037
