0 0.348698 0.797656 0.036979 0.093750
0 0.669010 0.188086 0.052604 0.048828
0 0.311719 0.606641 0.049479 0.048438
0 0.123177 0.656641 0.055729 0.046875
0 0.104167 0.614453 0.060417 0.035937
0 0.688542 0.585156 0.021875 0.047656
0 0.663542 0.589063 0.022917 0.039062
0 0.635156 0.596289 0.034896 0.055078
0 0.604427 0.603516 0.022396 0.040625
0 0.574740 0.615039 0.036979 0.058984
0 0.537760 0.625000 0.033854 0.037500
0 0.501302 0.636719 0.041146 0.062500
0 0.226302 0.848633 0.036979 0.094922
0 0.413802 0.659766 0.036979 0.056250
0 0.377083 0.679688 0.029167 0.056250
0 0.338802 0.688477 0.031771 0.058984
0 0.304427 0.698633 0.027604 0.066797
0 0.271875 0.713867 0.027083 0.054297
0 0.236979 0.720508 0.031250 0.055859
0 0.386198 0.776367 0.039062 0.068359
0 0.424740 0.761328 0.034896 0.094531
0 0.457813 0.749414 0.030208 0.069922
0 0.490625 0.744336 0.030208 0.076172
0 0.519531 0.726367 0.021354 0.069922
0 0.546094 0.719531 0.028646 0.081250
0 0.368490 0.595508 0.046354 0.047266
0 0.578125 0.709961 0.026042 0.062891
0 0.602865 0.697852 0.017188 0.083984
0 0.628906 0.687500 0.022396 0.062500
0 0.657813 0.683789 0.030208 0.067578
0 0.683594 0.675977 0.023438 0.067578
0 0.155469 0.743164 0.035937 0.067578
0 0.197917 0.733789 0.036458 0.063672
0 0.266667 0.817969 0.037500 0.094531
0 0.425781 0.578516 0.053646 0.056250
0 0.477604 0.566797 0.039583 0.044531
0 0.523438 0.553125 0.041667 0.037500
0 0.280729 0.336133 0.082292 0.054297
0 0.359375 0.331641 0.067708 0.048438
0 0.427083 0.326758 0.063542 0.048047
0 0.502083 0.307617 0.076042 0.064453
0 0.602083 0.300000 0.067708 0.063281
0 0.659375 0.302539 0.042708 0.057422
0 0.400000 0.286523 0.096875 0.028516
0 0.608073 0.190625 0.059896 0.053906
0 0.133594 0.872461 0.039062 0.102734
0 0.080990 0.916406 0.053646 0.077344
0 0.071094 0.820312 0.053646 0.081250
0 0.052604 0.714844 0.065625 0.081250
0 0.035156 0.608594 0.064062 0.092188
0 0.028646 0.490820 0.053125 0.070703
0 0.179167 0.859375 0.053125 0.073438
0 0.720313 0.187305 0.052083 0.050391
0 0.647396 0.433789 0.026042 0.044922
0 0.589323 0.443945 0.028646 0.049609
0 0.560156 0.546875 0.033854 0.047656
0 0.596615 0.525977 0.042188 0.055078
0 0.634896 0.518359 0.035417 0.036719
0 0.669792 0.516992 0.030208 0.040234
0 0.108333 0.537109 0.077083 0.058594
0 0.178646 0.524023 0.062500 0.060547
0 0.618229 0.436133 0.027083 0.046484
0 0.249219 0.508594 0.064062 0.053906
0 0.368490 0.488477 0.049479 0.050391
0 0.422135 0.477734 0.044271 0.046875
0 0.306771 0.811328 0.038542 0.077344
0 0.513802 0.460352 0.024479 0.037109
0 0.554427 0.454883 0.028646 0.041016
0 0.312760 0.498633 0.051562 0.051953
0 0.476562 0.466797 0.041667 0.043750
