0 0.089103 0.408654 0.022650 0.037981
0 0.108333 0.486779 0.101282 0.083173
0 0.045299 0.492067 0.023077 0.063462
0 0.013462 0.492188 0.023504 0.067548
0 0.046795 0.589543 0.085043 0.033894
0 0.130983 0.591106 0.073077 0.032212
0 0.216880 0.592788 0.080769 0.019231
0 0.113462 0.381611 0.025214 0.012260
0 0.057692 0.401562 0.027350 0.044952
0 0.863675 0.577163 0.058974 0.073077
0 0.329487 0.616346 0.079487 0.030769
0 0.372222 0.575120 0.035043 0.049760
0 0.415171 0.575962 0.037179 0.058654
0 0.487607 0.560697 0.039316 0.049279
0 0.805769 0.576923 0.054274 0.076923
0 0.185470 0.499880 0.035043 0.059856
0 0.917308 0.585337 0.033761 0.053846
0 0.554060 0.573317 0.054274 0.074519
0 0.602137 0.583654 0.037607 0.055288
0 0.033333 0.401082 0.021368 0.043990
0 0.115171 0.409014 0.024359 0.036298
0 0.726496 0.492067 0.045299 0.063462
0 0.283761 0.480529 0.029915 0.030769
0 0.747009 0.575721 0.058120 0.076923
0 0.155769 0.395913 0.030342 0.057692
0 0.207692 0.398918 0.062393 0.061298
0 0.266026 0.398077 0.044872 0.062019
0 0.333761 0.433413 0.082051 0.027885
0 0.400641 0.409856 0.047436 0.042788
0 0.576923 0.407933 0.058120 0.048558
0 0.637393 0.412620 0.053419 0.050721
0 0.720513 0.410697 0.105983 0.051683
0 0.228632 0.499639 0.048718 0.056971
0 0.830769 0.413822 0.104274 0.048317
0 0.985897 0.505649 0.028205 0.055048
0 0.884829 0.501923 0.055983 0.050000
0 0.826068 0.501442 0.052991 0.051442
0 0.679487 0.489904 0.046154 0.065865
0 0.620940 0.492308 0.062393 0.061538
0 0.530342 0.481971 0.061538 0.062019
0 0.431624 0.490505 0.044444 0.053125
0 0.391026 0.493389 0.032479 0.046875
0 0.330556 0.516947 0.077350 0.028125
0 0.918803 0.419111 0.065812 0.032933
0 0.498718 0.398798 0.061538 0.060096
0 0.057906 0.717308 0.023504 0.032212
0 0.908333 0.321394 0.053419 0.066827
0 0.543803 0.791587 0.038034 0.048558
0 0.588034 0.791707 0.042735 0.046394
0 0.638675 0.795192 0.047436 0.043750
0 0.206838 0.661899 0.069231 0.018029
0 0.267094 0.656010 0.042735 0.046154
0 0.313248 0.665144 0.047009 0.040865
0 0.383547 0.650361 0.070513 0.032933
0 0.457906 0.657091 0.068803 0.018029
0 0.530983 0.650841 0.071368 0.031490
0 0.601068 0.642909 0.060256 0.027163
0 0.495940 0.790865 0.047436 0.053846
0 0.664957 0.647837 0.062393 0.039423
0 0.829701 0.656731 0.076496 0.033654
0 0.917308 0.660817 0.084188 0.029808
0 0.979701 0.664183 0.040598 0.029808
0 0.952778 0.586899 0.037179 0.054567
0 0.688034 0.797957 0.046154 0.039663
0 0.736538 0.796514 0.045726 0.041587
0 0.784402 0.791707 0.044872 0.039183
0 0.839957 0.793029 0.055128 0.049038
0 0.945940 0.112139 0.057692 0.068510
0 0.893376 0.123558 0.049145 0.046635
0 0.744017 0.654087 0.082051 0.033173
0 0.827137 0.128966 0.077350 0.029087
0 0.953419 0.862260 0.064957 0.045673
0 0.889957 0.880048 0.050000 0.024519
0 0.312821 0.809495 0.041880 0.036779
0 0.266667 0.803125 0.046154 0.038462
0 0.203419 0.805048 0.046154 0.035096
0 0.151709 0.806851 0.047009 0.033894
0 0.092308 0.813702 0.054701 0.033654
0 0.040598 0.810937 0.048718 0.035337
0 0.309402 0.880889 0.047863 0.064183
0 0.267521 0.889904 0.027350 0.046635
0 0.206197 0.876563 0.038889 0.059856
0 0.169017 0.878365 0.031197 0.054327
0 0.955128 0.901563 0.064957 0.027644
0 0.089957 0.893990 0.041453 0.036058
0 0.033761 0.890264 0.063248 0.040144
0 0.377778 0.897837 0.067521 0.024519
0 0.375000 0.872716 0.065385 0.026202
0 0.427564 0.888582 0.027778 0.051202
0 0.457051 0.887380 0.028632 0.051202
0 0.597436 0.894351 0.061538 0.034375
0 0.595513 0.854928 0.066239 0.043029
0 0.795085 0.882933 0.032051 0.061058
0 0.840812 0.888582 0.040598 0.051202
0 0.890812 0.903245 0.051709 0.018990
0 0.093162 0.868269 0.052137 0.012981
0 0.746795 0.093870 0.091880 0.034375
0 0.739103 0.128966 0.084188 0.031490
0 0.675855 0.120313 0.038034 0.049279
0 0.158120 0.734736 0.055556 0.041106
0 0.097436 0.735337 0.052137 0.044231
0 0.638889 0.584976 0.030769 0.057933
0 0.019444 0.740986 0.036325 0.016106
0 0.013675 0.664663 0.027350 0.025962
0 0.016880 0.634615 0.033761 0.029327
0 0.068803 0.653005 0.049573 0.028606
0 0.132051 0.665505 0.066667 0.032452
0 0.150641 0.632572 0.061966 0.023317
0 0.037607 0.277043 0.066667 0.086779
0 0.214957 0.732452 0.052137 0.044712
0 0.195299 0.289543 0.058974 0.071394
0 0.341667 0.304207 0.074786 0.046394
0 0.399145 0.318630 0.034188 0.056971
0 0.440171 0.318630 0.045299 0.051683
0 0.497650 0.320913 0.050855 0.058654
0 0.552137 0.321394 0.050427 0.062019
0 0.610897 0.323558 0.055128 0.059135
0 0.668162 0.325721 0.055983 0.056250
0 0.731838 0.327163 0.053419 0.055769
0 0.780556 0.330769 0.037179 0.050000
0 0.829274 0.320192 0.055128 0.071154
0 0.263248 0.289543 0.069231 0.068990
0 0.267521 0.732572 0.043590 0.043510
0 0.317094 0.720192 0.038462 0.042308
0 0.380128 0.725481 0.063675 0.034135
0 0.634829 0.118990 0.045726 0.046635
0 0.569872 0.110096 0.080769 0.062019
0 0.499573 0.117428 0.054701 0.048317
0 0.444872 0.067428 0.058974 0.049760
0 0.440812 0.117308 0.054274 0.045673
0 0.384188 0.108894 0.050427 0.054808
0 0.855556 0.222837 0.070085 0.091346
0 0.731624 0.224279 0.044444 0.101442
0 0.680769 0.226322 0.047863 0.084375
0 0.615598 0.204327 0.064530 0.045192
0 0.617094 0.245192 0.050427 0.034615
0 0.516667 0.237740 0.067521 0.055288
0 0.563675 0.256250 0.023077 0.016827
0 0.431624 0.218389 0.040171 0.087260
0 0.900641 0.800481 0.063675 0.037981
0 0.968162 0.805409 0.063675 0.028606
0 0.958120 0.725721 0.060684 0.029808
0 0.896581 0.715505 0.055556 0.056971
0 0.837821 0.724279 0.055128 0.041346
0 0.604487 0.727644 0.071368 0.031250
0 0.690598 0.724159 0.063248 0.026683
0 0.674359 0.697476 0.072650 0.025240
0 0.592308 0.695673 0.068376 0.024038
0 0.964103 0.322356 0.050427 0.068750
0 0.687607 0.575481 0.057265 0.074038
