0 0.500000 0.175551 0.053922 0.111520
0 0.236520 0.809589 0.035131 0.075061
0 0.273080 0.810049 0.024918 0.068627
0 0.304330 0.818627 0.026961 0.066789
0 0.339052 0.820772 0.031863 0.068627
0 0.420343 0.810968 0.044118 0.041667
0 0.418301 0.843597 0.043301 0.020527
0 0.463644 0.817862 0.025327 0.094056
0 0.495915 0.820466 0.026144 0.079657
0 0.527165 0.819087 0.031454 0.094056
0 0.558211 0.829044 0.023284 0.053922
0 0.560662 0.779105 0.024918 0.042892
0 0.590686 0.816483 0.023693 0.083946
0 0.621936 0.813879 0.025735 0.081189
0 0.196895 0.811121 0.035948 0.063419
0 0.653186 0.815257 0.024510 0.079044
0 0.717116 0.833027 0.030637 0.083333
0 0.749183 0.834252 0.027778 0.083333
0 0.781454 0.837010 0.027778 0.088848
0 0.813725 0.832414 0.028595 0.101103
0 0.850899 0.830423 0.029412 0.099571
0 0.884804 0.843903 0.030229 0.086091
0 0.913399 0.829963 0.023693 0.089461
0 0.954657 0.843444 0.032680 0.099265
0 0.989175 0.845588 0.021650 0.101103
0 0.443423 0.175705 0.049428 0.114277
0 0.506332 0.463388 0.031454 0.063419
0 0.470588 0.465227 0.033497 0.050551
0 0.433007 0.463388 0.037582 0.056066
0 0.684232 0.829044 0.028595 0.082721
0 0.393382 0.463388 0.038399 0.056066
0 0.389093 0.181219 0.055147 0.096507
0 0.274306 0.175551 0.027369 0.094363
0 0.575572 0.464001 0.031863 0.062194
0 0.539828 0.461857 0.027369 0.057904
0 0.507761 0.417739 0.027778 0.019914
0 0.540441 0.415901 0.031863 0.023591
0 0.580474 0.416513 0.035131 0.022365
0 0.609069 0.461091 0.031863 0.061275
0 0.644199 0.461703 0.028595 0.062500
0 0.678105 0.465227 0.032680 0.064645
0 0.712010 0.462316 0.030229 0.066176
0 0.739379 0.467678 0.020425 0.050551
0 0.823325 0.419884 0.035539 0.019914
0 0.777982 0.460478 0.046977 0.079044
0 0.824959 0.470435 0.044526 0.063419
0 0.320057 0.162377 0.058415 0.128064
0 0.872141 0.464308 0.046569 0.072610
0 0.979575 0.475643 0.040850 0.056679
0 0.981209 0.432598 0.037582 0.023284
0 0.962214 0.337776 0.066585 0.076287
0 0.858660 0.334406 0.106209 0.073836
0 0.767361 0.335938 0.067402 0.081801
0 0.654208 0.335325 0.055147 0.083027
0 0.593750 0.328431 0.046160 0.081495
0 0.548407 0.329197 0.025735 0.083027
0 0.457108 0.317096 0.105392 0.101716
0 0.343750 0.312960 0.095997 0.100797
0 0.208333 0.308211 0.138889 0.105392
0 0.153186 0.159467 0.054739 0.117341
0 0.210172 0.152420 0.049428 0.144301
0 0.924020 0.461397 0.048203 0.075980
0 0.352941 0.457721 0.034314 0.064338
0 0.371936 0.826440 0.030637 0.067708
0 0.252247 0.440564 0.073121 0.089461
0 0.824346 0.701287 0.046569 0.061887
0 0.873979 0.694087 0.040441 0.076287
0 0.928717 0.697610 0.054330 0.074142
0 0.977124 0.701900 0.045752 0.075368
0 0.985294 0.594056 0.029412 0.068015
0 0.929943 0.570006 0.069036 0.079963
0 0.868464 0.592525 0.042484 0.074755
0 0.828431 0.584406 0.032680 0.065870
0 0.795956 0.589461 0.031454 0.063725
0 0.760008 0.585325 0.036356 0.070159
0 0.311479 0.456036 0.037990 0.058517
0 0.707108 0.588082 0.058824 0.056066
0 0.461601 0.709712 0.050654 0.018689
0 0.587010 0.580270 0.026144 0.062500
0 0.552083 0.580423 0.036356 0.069547
0 0.513480 0.574755 0.022876 0.072917
0 0.481209 0.574602 0.028595 0.067708
0 0.438317 0.575521 0.029412 0.064645
0 0.409314 0.573070 0.025327 0.062194
0 0.379289 0.565717 0.023284 0.066483
0 0.344975 0.570159 0.021650 0.066176
0 0.318423 0.570159 0.023284 0.068627
0 0.657271 0.573376 0.022876 0.070159
0 0.287173 0.567708 0.024510 0.068015
0 0.560866 0.159467 0.040850 0.146140
0 0.660335 0.165901 0.044526 0.140012
0 0.464257 0.683211 0.042892 0.025735
0 0.519812 0.683824 0.055147 0.070466
0 0.565155 0.689798 0.033905 0.067708
0 0.603350 0.687960 0.030229 0.066483
0 0.638072 0.689951 0.029412 0.068015
0 0.672181 0.695466 0.036356 0.060049
0 0.718546 0.700061 0.049020 0.064338
0 0.387868 0.685815 0.024101 0.059743
0 0.363562 0.682904 0.020425 0.063725
0 0.338644 0.685202 0.022059 0.058517
0 0.613971 0.164522 0.038399 0.134804
0 0.306577 0.682292 0.028186 0.050245
0 0.244485 0.677083 0.025735 0.061887
0 0.212623 0.677083 0.032271 0.059436
0 0.176062 0.674326 0.032680 0.065564
0 0.765523 0.692096 0.040850 0.063113
0 0.161765 0.808058 0.029412 0.071998
0 0.934028 0.166667 0.051879 0.141544
0 0.986111 0.168199 0.027778 0.129902
0 0.852533 0.190257 0.064542 0.097426
0 0.780229 0.168811 0.076797 0.143382
0 0.715278 0.168199 0.045752 0.134804
0 0.271242 0.681832 0.021242 0.061581
0 0.251838 0.568474 0.033905 0.062806
0 0.628064 0.579657 0.028186 0.077819
0 0.418096 0.687040 0.027369 0.062194
0 0.177492 0.438879 0.070670 0.086091
0 0.163194 0.562806 0.025735 0.068015
0 0.192402 0.566176 0.030229 0.063113
0 0.222222 0.566636 0.022059 0.064032
