0 0.842371 0.220792 0.062194 0.029003
0 0.654412 0.723652 0.017157 0.056781
0 0.673407 0.724060 0.020221 0.055147
0 0.725184 0.725694 0.015931 0.045343
0 0.708333 0.724877 0.017770 0.046977
0 0.638480 0.727328 0.017157 0.048611
0 0.766238 0.215074 0.030637 0.033088
0 0.796569 0.217116 0.030025 0.036356
0 0.692096 0.726716 0.016544 0.049837
0 0.724265 0.644608 0.015319 0.060458
0 0.655178 0.644608 0.015625 0.057190
0 0.692096 0.643382 0.016544 0.058007
0 0.674786 0.643995 0.017463 0.056781
0 0.639246 0.646242 0.015625 0.055556
0 0.719822 0.559641 0.016850 0.058007
0 0.704350 0.561070 0.014093 0.055147
0 0.686581 0.560458 0.020221 0.053105
0 0.641850 0.560866 0.012868 0.058824
0 0.670190 0.560049 0.011949 0.053922
0 0.657169 0.561275 0.016544 0.058007
0 0.708640 0.645425 0.017157 0.060458
0 0.841452 0.250204 0.064645 0.026552
0 0.796415 0.430556 0.016238 0.071078
0 0.765319 0.250204 0.028186 0.029820
0 0.720282 0.476511 0.015931 0.055964
0 0.848039 0.437500 0.018995 0.071895
0 0.815411 0.430964 0.019301 0.071895
0 0.778493 0.428513 0.020221 0.066993
0 0.953738 0.416462 0.069240 0.113971
0 0.866422 0.381127 0.023897 0.027778
0 0.814798 0.379698 0.078738 0.027369
0 0.750000 0.378268 0.050858 0.030229
0 0.842065 0.348243 0.074449 0.029003
0 0.867800 0.439338 0.018689 0.073121
0 0.791667 0.349265 0.025735 0.026961
0 0.763940 0.347426 0.027880 0.030637
0 0.724265 0.347631 0.051471 0.030229
0 0.830576 0.316176 0.102328 0.029412
0 0.740809 0.316381 0.076593 0.031454
0 0.684896 0.315564 0.033395 0.031454
0 0.845129 0.281863 0.080576 0.034314
0 0.791973 0.284109 0.025123 0.031454
0 0.765625 0.281863 0.026961 0.028595
0 0.713235 0.281250 0.078431 0.031454
0 0.704504 0.248162 0.080576 0.031454
0 0.793811 0.251634 0.029412 0.028595
0 0.704657 0.475082 0.015931 0.056373
0 0.312347 0.747753 0.026042 0.049428
0 0.673100 0.477737 0.015931 0.057598
0 0.528033 0.487337 0.027880 0.032680
0 0.498468 0.488154 0.028799 0.033497
0 0.528339 0.523489 0.027267 0.030637
0 0.498621 0.524101 0.030944 0.029412
0 0.526348 0.559845 0.031250 0.029003
0 0.496170 0.559232 0.028493 0.030229
0 0.253830 0.557190 0.031556 0.034314
0 0.285080 0.558415 0.029718 0.032680
0 0.319700 0.557802 0.033395 0.029820
0 0.241575 0.627859 0.058517 0.055556
0 0.299786 0.632149 0.046262 0.055147
0 0.234681 0.692198 0.060662 0.055147
0 0.299939 0.692606 0.055760 0.050245
0 0.218444 0.750408 0.032475 0.049020
0 0.252298 0.751634 0.032782 0.051471
0 0.283548 0.748162 0.027880 0.051062
0 0.241575 0.802492 0.063419 0.046977
0 0.301011 0.801879 0.048713 0.048203
0 0.500153 0.594567 0.027880 0.033088
0 0.528186 0.592933 0.026961 0.037173
0 0.888327 0.436887 0.021140 0.077206
0 0.498928 0.451593 0.027880 0.029003
0 0.688725 0.476716 0.015931 0.059641
0 0.529412 0.449755 0.027574 0.035131
0 0.557292 0.485703 0.028186 0.031863
0 0.657169 0.476307 0.016544 0.058824
0 0.639400 0.475490 0.020221 0.062092
0 0.507966 0.658701 0.048407 0.069036
0 0.457721 0.655842 0.049632 0.078840
0 0.407475 0.656454 0.051471 0.080882
0 0.354167 0.659109 0.053922 0.075572
0 0.508732 0.728350 0.046875 0.066176
0 0.460325 0.731005 0.051777 0.060866
0 0.406556 0.731413 0.043505 0.065768
0 0.357843 0.733660 0.053922 0.062092
0 0.505515 0.798203 0.048407 0.064542
0 0.457721 0.798611 0.047181 0.063725
0 0.406556 0.797590 0.048407 0.063317
0 0.355239 0.795752 0.054228 0.066176
0 0.586091 0.695057 0.027574 0.029003
0 0.557751 0.696078 0.029105 0.026961
0 0.555913 0.661356 0.025429 0.031863
0 0.557292 0.629698 0.028186 0.030637
0 0.558058 0.590686 0.028493 0.031863
0 0.557445 0.555147 0.028493 0.038399
0 0.558824 0.517157 0.029412 0.026961
0 0.557138 0.447304 0.025429 0.031046
0 0.801317 0.512663 0.015625 0.063725
0 0.270833 0.371732 0.084559 0.031046
0 0.317555 0.522263 0.030331 0.033088
0 0.122396 0.629493 0.030944 0.034314
0 0.105545 0.666871 0.059743 0.033905
0 0.091452 0.700572 0.029718 0.026961
0 0.121477 0.699959 0.022978 0.025735
0 0.202819 0.202614 0.078431 0.026961
0 0.197763 0.233864 0.083640 0.025735
0 0.187653 0.265319 0.084252 0.027369
0 0.180913 0.298203 0.085478 0.029412
0 0.089614 0.630515 0.031556 0.035539
0 0.179688 0.334559 0.083640 0.034314
0 0.181066 0.404003 0.085172 0.031046
0 0.090227 0.440768 0.030331 0.039216
0 0.123315 0.439747 0.031556 0.036356
0 0.153799 0.439951 0.028799 0.035131
0 0.189491 0.440359 0.037071 0.035131
0 0.221661 0.555351 0.030944 0.033088
0 0.119638 0.478758 0.034007 0.032680
0 0.152880 0.479371 0.033088 0.033088
0 0.180300 0.371324 0.084865 0.035131
0 0.185509 0.479371 0.030331 0.034722
0 0.058517 0.629289 0.025735 0.033088
0 0.057904 0.593137 0.029412 0.030229
0 0.102175 0.333333 0.027880 0.026961
0 0.019914 0.365605 0.028186 0.031046
0 0.077512 0.366626 0.082108 0.031454
0 0.019455 0.403186 0.030944 0.032680
0 0.076593 0.400735 0.081495 0.031046
0 0.026501 0.439951 0.026654 0.035131
0 0.056832 0.441381 0.029105 0.033088
0 0.023897 0.482230 0.031863 0.035539
0 0.027114 0.630923 0.035233 0.031454
0 0.054841 0.481005 0.030637 0.034722
0 0.089308 0.519199 0.033395 0.031863
0 0.053156 0.520016 0.034007 0.034314
0 0.360294 0.408088 0.026961 0.029412
0 0.022365 0.554943 0.034926 0.029003
0 0.055760 0.557394 0.031250 0.030637
0 0.088388 0.555760 0.029105 0.030637
0 0.119485 0.556373 0.029412 0.032680
0 0.025735 0.592320 0.035539 0.029412
0 0.086091 0.480188 0.029412 0.031454
0 0.152727 0.519608 0.093444 0.038399
0 0.153952 0.558415 0.030944 0.032680
0 0.187040 0.555964 0.034620 0.026961
0 0.412377 0.246732 0.074755 0.029412
0 0.413909 0.277982 0.077206 0.031454
0 0.438572 0.310253 0.025429 0.029820
0 0.385876 0.306985 0.077512 0.024918
0 0.358303 0.342320 0.021140 0.029412
0 0.411612 0.340278 0.076900 0.022876
0 0.380055 0.592933 0.026042 0.028186
0 0.438113 0.555964 0.026348 0.034314
0 0.414369 0.215482 0.071385 0.030637
0 0.360600 0.373366 0.026348 0.030229
0 0.378370 0.555964 0.031863 0.034314
0 0.408395 0.516953 0.085784 0.037173
0 0.351103 0.521242 0.033088 0.035948
0 0.438266 0.476716 0.026042 0.034314
0 0.386183 0.477737 0.079350 0.031454
0 0.411918 0.440359 0.078738 0.031863
0 0.359222 0.438521 0.026654 0.029003
0 0.415441 0.405842 0.079044 0.024101
0 0.409314 0.555556 0.030637 0.034314
0 0.360447 0.204861 0.029105 0.032271
0 0.358915 0.240605 0.023591 0.032680
0 0.360294 0.276757 0.024510 0.027369
0 0.154259 0.591708 0.025429 0.031454
0 0.184436 0.589257 0.032475 0.028186
0 0.176624 0.631536 0.057904 0.049837
0 0.166667 0.695057 0.061275 0.051879
0 0.184436 0.755515 0.034926 0.050245
0 0.152267 0.754493 0.028799 0.050654
0 0.169424 0.805964 0.058211 0.045752
0 0.469822 0.440564 0.025429 0.028186
0 0.468137 0.473652 0.022059 0.029820
0 0.468750 0.503064 0.020833 0.029003
0 0.466759 0.538194 0.027267 0.029820
0 0.468903 0.591912 0.027267 0.035131
0 0.330882 0.206495 0.025123 0.035539
0 0.329963 0.240196 0.023897 0.026144
0 0.331801 0.275327 0.023284 0.033497
0 0.329963 0.306168 0.028186 0.026552
0 0.329350 0.340482 0.025735 0.032271
0 0.327359 0.377655 0.025429 0.031454
0 0.329197 0.408701 0.028493 0.027369
0 0.044271 0.332516 0.080576 0.029412
0 0.103094 0.299632 0.028493 0.029820
0 0.020987 0.521446 0.029718 0.029820
0 0.101562 0.267157 0.026654 0.026961
0 0.500613 0.408088 0.074755 0.035131
0 0.437500 0.594771 0.030025 0.031863
0 0.408548 0.593954 0.029718 0.031046
0 0.040135 0.666462 0.068015 0.033088
0 0.021752 0.743668 0.041054 0.038807
0 0.022518 0.784109 0.040135 0.037990
0 0.818321 0.514297 0.018382 0.065359
0 0.836244 0.515523 0.016238 0.062908
0 0.874234 0.517974 0.017463 0.067810
0 0.892770 0.515727 0.018995 0.062500
0 0.911458 0.515319 0.018382 0.062500
0 0.871630 0.602328 0.020221 0.046977
0 0.890012 0.604575 0.017770 0.049020
0 0.908701 0.602941 0.018995 0.050654
0 0.819240 0.600694 0.060049 0.059232
0 0.776654 0.678922 0.055760 0.061275
0 0.840993 0.677696 0.052696 0.058824
0 0.051471 0.299632 0.068627 0.028186
0 0.777574 0.752655 0.056373 0.060049
0 0.842678 0.746528 0.056679 0.061683
0 0.900123 0.750408 0.057598 0.055556
0 0.775888 0.809028 0.062194 0.056781
0 0.837776 0.810049 0.061581 0.060458
0 0.895680 0.810253 0.054841 0.052696
0 0.951593 0.500000 0.017770 0.044935
0 0.499847 0.373570 0.076900 0.028186
0 0.500919 0.343546 0.072917 0.031863
0 0.500153 0.313521 0.073836 0.024101
0 0.501838 0.282680 0.072304 0.030229
0 0.253217 0.521855 0.093444 0.033905
0 0.319087 0.482843 0.029718 0.031046
0 0.283701 0.484477 0.022672 0.030229
0 0.256740 0.484069 0.030637 0.035131
0 0.221967 0.482639 0.035233 0.036356
0 0.317862 0.445466 0.032169 0.031454
0 0.284773 0.447304 0.025429 0.036765
0 0.254902 0.445057 0.027574 0.038807
0 0.224724 0.443832 0.032169 0.039624
0 0.269148 0.405025 0.081189 0.032271
0 0.271752 0.336397 0.085784 0.030637
0 0.271293 0.305760 0.085478 0.030637
0 0.969516 0.505106 0.018076 0.044526
0 0.274816 0.271038 0.082108 0.032271
0 0.282629 0.210989 0.068321 0.026552
0 0.579963 0.218954 0.074142 0.025327
0 0.581036 0.244894 0.075674 0.024918
0 0.580116 0.274306 0.078738 0.032271
0 0.581189 0.309028 0.079044 0.030637
0 0.579044 0.344158 0.076593 0.030637
0 0.578891 0.375000 0.076287 0.031046
0 0.578278 0.406454 0.077512 0.031863
0 0.600950 0.440359 0.024816 0.029412
0 0.601103 0.471814 0.021446 0.024510
0 0.503217 0.220792 0.072610 0.032271
0 0.503064 0.251430 0.070466 0.025735
0 0.276961 0.241013 0.074755 0.021242
0 0.986826 0.502451 0.017770 0.049837
0 0.900888 0.678717 0.051164 0.060866
0 0.965533 0.563725 0.014400 0.046569
0 0.955270 0.737949 0.020221 0.046977
0 0.973805 0.736315 0.016850 0.043709
0 0.990043 0.737337 0.015625 0.035948
0 0.024663 0.815564 0.042586 0.026552
0 0.108303 0.745915 0.013174 0.030229
0 0.123775 0.743668 0.012868 0.029003
0 0.089154 0.782067 0.086397 0.035539
0 0.089461 0.814134 0.084559 0.026961
0 0.938266 0.739379 0.013174 0.044118
0 0.127604 0.334355 0.020527 0.029820
0 0.946538 0.558824 0.018689 0.038399
0 0.131434 0.233456 0.027574 0.028186
0 0.126838 0.195874 0.026348 0.033905
0 0.101409 0.231822 0.026961 0.034722
0 0.098039 0.194036 0.026961 0.033497
0 0.054228 0.202206 0.055147 0.023693
0 0.050092 0.232230 0.071385 0.025735
0 0.052083 0.267974 0.064951 0.029412
0 0.128370 0.300449 0.018995 0.029820
0 0.992188 0.685458 0.015625 0.054739
0 0.130055 0.267565 0.025429 0.031863
0 0.413909 0.373570 0.077206 0.030637
0 0.976562 0.686683 0.016238 0.052288
0 0.957567 0.682598 0.020527 0.049020
0 0.939338 0.683415 0.015931 0.049020
0 0.981771 0.626021 0.018076 0.048611
0 0.944700 0.625408 0.021752 0.047386
0 0.983915 0.564134 0.021140 0.047386
0 0.964001 0.626838 0.017463 0.049428
