0 0.643109 0.708534 0.042628 0.098317
0 0.822596 0.632332 0.036859 0.096875
0 0.790865 0.596995 0.021474 0.077163
0 0.763782 0.601562 0.028205 0.078606
0 0.722436 0.598437 0.037821 0.089183
0 0.685577 0.599519 0.034615 0.079808
0 0.531090 0.595553 0.029487 0.081010
0 0.606571 0.600120 0.036218 0.085337
0 0.570192 0.596514 0.033974 0.082933
0 0.493590 0.598077 0.031410 0.078846
0 0.746314 0.713582 0.043910 0.098798
0 0.692308 0.714423 0.041667 0.098077
0 0.808173 0.394111 0.030449 0.064183
0 0.647917 0.600361 0.033013 0.090625
0 0.776603 0.392548 0.018590 0.063462
0 0.348718 0.280769 0.028205 0.074038
0 0.801763 0.268750 0.036859 0.084135
0 0.710897 0.394832 0.024359 0.063221
0 0.486538 0.395793 0.036538 0.077163
0 0.141026 0.275721 0.023077 0.074038
0 0.172115 0.276442 0.027564 0.075481
0 0.207372 0.276923 0.027564 0.074038
0 0.245353 0.281250 0.027244 0.070673
0 0.757532 0.277885 0.031731 0.063942
0 0.275000 0.278486 0.028846 0.072356
0 0.593590 0.705288 0.042308 0.099038
0 0.379327 0.280769 0.023397 0.072115
0 0.413622 0.280529 0.027885 0.074038
0 0.452244 0.281971 0.037821 0.072115
0 0.956891 0.269832 0.040064 0.086298
0 0.852885 0.267548 0.055769 0.096154
0 0.312340 0.280889 0.026603 0.072356
0 0.543750 0.705889 0.041987 0.095433
0 0.257212 0.711178 0.041346 0.101202
0 0.209135 0.708293 0.040705 0.095433
0 0.260897 0.496394 0.035897 0.091346
0 0.219712 0.495312 0.030449 0.087740
0 0.179647 0.492668 0.036218 0.090625
0 0.135256 0.490625 0.033974 0.091346
0 0.525321 0.277764 0.024359 0.061298
0 0.489744 0.276082 0.030128 0.065144
0 0.970833 0.382091 0.058333 0.087740
0 0.918429 0.382091 0.040064 0.090144
0 0.868750 0.377043 0.042628 0.090625
0 0.056571 0.445793 0.093910 0.078606
0 0.131250 0.389183 0.025962 0.078365
0 0.165064 0.390865 0.026282 0.079327
0 0.206731 0.391106 0.023077 0.079808
0 0.245353 0.391226 0.030449 0.077644
0 0.295032 0.396995 0.030449 0.079567
0 0.340224 0.393990 0.027885 0.075962
0 0.376122 0.394471 0.024679 0.075481
0 0.406090 0.396274 0.028846 0.073317
0 0.445513 0.394471 0.033974 0.076923
0 0.299519 0.495553 0.026603 0.089663
0 0.349840 0.494952 0.040705 0.092788
0 0.406410 0.495673 0.039103 0.091827
0 0.459776 0.493630 0.036218 0.089663
0 0.152724 0.710817 0.043269 0.086058
0 0.305288 0.707091 0.041987 0.103606
0 0.349038 0.704327 0.030769 0.097115
0 0.402564 0.709135 0.051923 0.097115
0 0.450481 0.704928 0.034295 0.095913
0 0.455288 0.597596 0.032372 0.092788
0 0.718269 0.277644 0.023077 0.061058
0 0.688301 0.274639 0.027244 0.069471
0 0.655769 0.275721 0.029487 0.064423
0 0.498397 0.708774 0.037821 0.096394
0 0.623558 0.277764 0.029167 0.063702
0 0.554327 0.277644 0.027885 0.061058
0 0.417468 0.600361 0.032372 0.090625
0 0.379006 0.601322 0.035577 0.094952
0 0.341186 0.599279 0.033013 0.088462
0 0.302244 0.600361 0.035256 0.087260
0 0.260417 0.602524 0.031731 0.087740
0 0.221154 0.598678 0.030128 0.092067
0 0.182692 0.599038 0.032692 0.092788
0 0.139744 0.600240 0.036538 0.083173
0 0.588301 0.275240 0.028526 0.061058
0 0.912019 0.270313 0.036859 0.094471
0 0.746154 0.393389 0.030769 0.067548
0 0.798718 0.492788 0.033974 0.076923
0 0.585737 0.391587 0.023397 0.068750
0 0.613301 0.392909 0.024679 0.068990
0 0.647436 0.392548 0.028846 0.067308
0 0.676282 0.393630 0.025641 0.070433
0 0.839744 0.497837 0.032692 0.100962
0 0.880769 0.608293 0.031410 0.060817
0 0.853205 0.718029 0.024359 0.074038
0 0.890865 0.711899 0.036218 0.081010
0 0.935737 0.713341 0.034295 0.083894
0 0.981250 0.713221 0.037500 0.083654
0 0.750160 0.492188 0.033013 0.078125
0 0.708333 0.491827 0.032051 0.079808
0 0.670833 0.490264 0.033333 0.089183
0 0.629006 0.488101 0.033654 0.081490
0 0.584135 0.489303 0.036859 0.081490
0 0.540705 0.492067 0.029487 0.084615
0 0.501122 0.487019 0.033654 0.086058
0 0.888462 0.494591 0.035256 0.083413
0 0.931410 0.491947 0.043590 0.082452
0 0.979647 0.494231 0.040705 0.082212
0 0.991667 0.607332 0.016667 0.063702
0 0.960577 0.609135 0.028205 0.062500
0 0.920833 0.607332 0.032051 0.063702
0 0.550801 0.392308 0.024038 0.077404
0 0.520994 0.394111 0.028526 0.073798
0 0.853205 0.609255 0.014744 0.057933
0 0.681410 0.842668 0.074359 0.085817
0 0.559936 0.834976 0.048718 0.106490
0 0.145833 0.839423 0.048718 0.093750
0 0.204327 0.831611 0.037500 0.099760
0 0.256731 0.831250 0.043590 0.099038
0 0.305449 0.831370 0.038462 0.096875
0 0.350000 0.829447 0.044231 0.090625
0 0.400481 0.830288 0.036859 0.092308
0 0.447276 0.828966 0.043910 0.096875
0 0.747436 0.844591 0.033333 0.080048
0 0.795192 0.824519 0.023718 0.035096
0 0.619551 0.836659 0.039744 0.102644
0 0.830609 0.846755 0.033654 0.085817
0 0.915545 0.843029 0.033013 0.086058
0 0.954808 0.843029 0.032692 0.079327
0 0.810417 0.755288 0.031731 0.093269
0 0.499199 0.829808 0.055449 0.108173
0 0.062340 0.801322 0.083013 0.075240
0 0.041186 0.700601 0.072756 0.060817
0 0.068910 0.567788 0.086538 0.073077
0 0.067949 0.926202 0.075000 0.073077
0 0.031571 0.182452 0.024679 0.067308
0 0.021154 0.109255 0.019872 0.055529
0 0.083654 0.180048 0.026923 0.086538
0 0.876763 0.843029 0.036218 0.088942
