0 0.820312 0.625613 0.015625 0.023284
0 0.815717 0.600899 0.013787 0.014706
0 0.688725 0.651961 0.018382 0.028595
0 0.806066 0.628676 0.009191 0.022059
0 0.792433 0.631536 0.012561 0.021242
0 0.775582 0.631332 0.016850 0.021650
0 0.759344 0.636642 0.013174 0.020833
0 0.743719 0.640523 0.014400 0.020425
0 0.726562 0.643178 0.014400 0.022467
0 0.709252 0.646446 0.017770 0.024918
0 0.607537 0.712214 0.023897 0.042892
0 0.803768 0.600899 0.008272 0.014706
0 0.602328 0.770833 0.020833 0.046569
0 0.749387 0.737745 0.022059 0.030229
0 0.649969 0.692606 0.016850 0.026552
0 0.341299 0.627042 0.033701 0.052288
0 0.374694 0.581087 0.033701 0.020833
0 0.411765 0.579453 0.033701 0.016748
0 0.375766 0.620098 0.028493 0.053922
0 0.407935 0.617851 0.027880 0.048611
0 0.436734 0.614175 0.024203 0.048611
0 0.481158 0.612337 0.027880 0.044935
0 0.509651 0.606822 0.027267 0.046977
0 0.535539 0.608047 0.024510 0.048611
0 0.565257 0.605801 0.028186 0.046569
0 0.727175 0.749183 0.017463 0.034314
0 0.629442 0.777369 0.021140 0.026144
0 0.666667 0.652778 0.015931 0.019608
0 0.762408 0.701797 0.015625 0.030229
0 0.745864 0.705270 0.013174 0.020833
0 0.807138 0.660335 0.011336 0.016748
0 0.590993 0.603758 0.021446 0.050654
0 0.792586 0.661765 0.012868 0.021242
0 0.777880 0.662582 0.010417 0.019608
0 0.764553 0.666258 0.012561 0.017157
0 0.747549 0.669526 0.019608 0.022876
0 0.726716 0.677492 0.012868 0.025735
0 0.710018 0.681373 0.013787 0.020425
0 0.689185 0.684232 0.019301 0.024510
0 0.669424 0.688930 0.015931 0.022467
0 0.630055 0.696895 0.016850 0.030229
0 0.647978 0.656454 0.014706 0.026961
0 0.371324 0.760008 0.028799 0.053513
0 0.252298 0.788399 0.040135 0.057190
0 0.805607 0.564338 0.008272 0.020833
0 0.818627 0.561479 0.012255 0.026552
0 0.255362 0.711601 0.040748 0.058824
0 0.296875 0.705678 0.033701 0.058415
0 0.335018 0.696487 0.035846 0.062092
0 0.375766 0.690972 0.030331 0.054330
0 0.406710 0.688725 0.027267 0.051471
0 0.434743 0.680760 0.025735 0.045343
0 0.483762 0.672181 0.023897 0.053513
0 0.629596 0.658088 0.014093 0.026144
0 0.536918 0.666667 0.025429 0.049837
0 0.791667 0.568423 0.016544 0.022467
0 0.562347 0.666054 0.022365 0.046160
0 0.608456 0.662786 0.018995 0.040441
0 0.629749 0.619894 0.007047 0.020833
0 0.645833 0.621528 0.021446 0.021650
0 0.666667 0.620915 0.017770 0.016340
0 0.691789 0.616217 0.018995 0.018382
0 0.710325 0.613971 0.012561 0.015523
0 0.725643 0.612745 0.012561 0.017974
0 0.743260 0.607843 0.011642 0.015523
0 0.760110 0.604575 0.012868 0.022059
0 0.774969 0.604575 0.013787 0.019608
0 0.303922 0.630106 0.036765 0.057598
0 0.587163 0.661152 0.021140 0.046160
0 0.771906 0.568015 0.013174 0.020833
0 0.510263 0.672386 0.024816 0.050654
0 0.743413 0.571487 0.011949 0.021242
0 0.293658 0.777369 0.035846 0.049837
0 0.329044 0.770016 0.027574 0.048203
0 0.401961 0.753881 0.028799 0.051062
0 0.433824 0.746119 0.025735 0.045343
0 0.258119 0.859477 0.046262 0.064542
0 0.440104 0.811683 0.025429 0.049020
0 0.483609 0.796364 0.032782 0.050245
0 0.478707 0.737132 0.028493 0.048611
0 0.511183 0.727941 0.026654 0.049837
0 0.535846 0.724877 0.021446 0.049428
0 0.757659 0.566993 0.011642 0.022876
0 0.558670 0.719158 0.020527 0.046977
0 0.583180 0.718954 0.018689 0.046569
0 0.262102 0.633374 0.041973 0.063317
0 0.649663 0.578431 0.016238 0.026144
0 0.726562 0.571487 0.018689 0.024510
0 0.708180 0.575776 0.019301 0.021650
0 0.684743 0.573325 0.012255 0.029003
0 0.668811 0.577002 0.018382 0.026552
0 0.631740 0.577614 0.014706 0.030229
0 0.791054 0.603350 0.011642 0.017157
0 0.612439 0.604371 0.019608 0.044526
