0 0.333742 0.708946 0.130719 0.026348
0 0.480801 0.692249 0.143791 0.022978
0 0.477533 0.715533 0.137255 0.021752
0 0.476920 0.738205 0.136029 0.023591
0 0.615605 0.704197 0.117647 0.028493
0 0.338644 0.739124 0.131536 0.025429
0 0.151961 0.415441 0.138889 0.025123
0 0.639297 0.478248 0.140523 0.025123
0 0.496732 0.543658 0.145425 0.025429
0 0.198325 0.711397 0.131127 0.026961
0 0.154616 0.440411 0.138480 0.022978
0 0.298611 0.381281 0.151961 0.027880
0 0.301879 0.410539 0.151961 0.026961
0 0.304739 0.439645 0.155229 0.023284
0 0.457312 0.378217 0.158088 0.026654
0 0.459150 0.406863 0.158497 0.031250
0 0.457925 0.435202 0.147059 0.023591
0 0.604984 0.388480 0.133170 0.022059
0 0.609069 0.411765 0.134804 0.020221
0 0.604984 0.435968 0.138889 0.025123
0 0.749183 0.376532 0.149510 0.025123
0 0.752247 0.403339 0.143382 0.026654
0 0.752655 0.432751 0.147467 0.025429
0 0.910539 0.375766 0.160948 0.026042
0 0.909518 0.405178 0.156454 0.027880
0 0.030025 0.519455 0.023284 0.073223
0 0.101716 0.517463 0.038399 0.094363
0 0.197304 0.502298 0.135621 0.025429
0 0.194036 0.526654 0.143791 0.023284
0 0.197508 0.549326 0.138480 0.023284
0 0.353350 0.480545 0.145425 0.022978
0 0.341299 0.515931 0.145833 0.027574
0 0.347222 0.545190 0.154412 0.026042
0 0.491422 0.515625 0.147059 0.028799
0 0.199755 0.736826 0.137255 0.022672
0 0.906863 0.434436 0.156863 0.026961
0 0.034314 0.654718 0.065359 0.025735
0 0.059232 0.697151 0.115196 0.016850
0 0.255310 0.283395 0.040850 0.099877
0 0.218750 0.283395 0.031454 0.101103
0 0.180351 0.282475 0.046160 0.102941
0 0.138072 0.282935 0.038399 0.102022
0 0.097835 0.285386 0.040441 0.097120
0 0.946895 0.198223 0.106209 0.025735
0 0.949959 0.169118 0.100082 0.029412
0 0.950776 0.140319 0.098448 0.026348
0 0.812092 0.194240 0.153595 0.029412
0 0.815564 0.163297 0.157271 0.026961
0 0.821691 0.134804 0.160539 0.029412
0 0.814134 0.102328 0.151144 0.028186
0 0.638072 0.548713 0.134804 0.022059
0 0.784109 0.514859 0.146650 0.025429
0 0.780433 0.542892 0.139297 0.023897
0 0.932394 0.515778 0.135212 0.081801
0 0.138072 0.602328 0.144608 0.023897
0 0.289624 0.598499 0.151961 0.022978
0 0.136029 0.626072 0.143791 0.018689
0 0.142565 0.652267 0.147876 0.027574
0 0.286356 0.623775 0.139706 0.023284
0 0.291258 0.649203 0.139706 0.023897
0 0.619894 0.736979 0.141748 0.027880
0 0.297181 0.282169 0.036356 0.099265
0 0.336397 0.285539 0.044526 0.104167
0 0.375000 0.289828 0.030229 0.090686
0 0.402574 0.288297 0.020833 0.091299
0 0.031454 0.624081 0.053922 0.030637
0 0.969771 0.644148 0.060458 0.022978
0 0.970588 0.621477 0.058824 0.018689
0 0.869894 0.647518 0.125408 0.020527
0 0.871936 0.626838 0.127042 0.017770
0 0.873162 0.605545 0.129493 0.021140
0 0.733660 0.647978 0.139706 0.023897
0 0.731618 0.621324 0.129902 0.027574
0 0.733456 0.589001 0.130310 0.024816
0 0.587418 0.646906 0.137255 0.028493
0 0.590074 0.615962 0.142565 0.028493
0 0.060866 0.733609 0.116013 0.046262
0 0.438725 0.645221 0.142157 0.027574
0 0.148080 0.388940 0.146650 0.022978
0 0.940155 0.316789 0.119690 0.029412
0 0.939338 0.285080 0.121324 0.027880
0 0.792075 0.316942 0.143791 0.029718
0 0.652574 0.268229 0.154820 0.023591
0 0.643791 0.295650 0.143791 0.023897
0 0.637663 0.320772 0.152778 0.022059
0 0.541871 0.283088 0.037173 0.099265
0 0.502859 0.283854 0.041667 0.100184
0 0.461601 0.284773 0.041667 0.098346
0 0.425858 0.285692 0.028186 0.096507
0 0.445057 0.610754 0.145833 0.029105
0 0.746324 0.688113 0.138072 0.023897
0 0.636846 0.525888 0.132353 0.021752
0 0.760825 0.735907 0.136846 0.025735
0 0.635008 0.786458 0.140931 0.021446
0 0.638276 0.819700 0.141748 0.028493
0 0.778595 0.792279 0.132353 0.030637
0 0.750408 0.906863 0.127451 0.019608
0 0.909722 0.778339 0.123366 0.018689
0 0.895833 0.798407 0.092320 0.017770
0 0.917892 0.821078 0.139706 0.026348
0 0.113154 0.873928 0.134804 0.022365
0 0.110498 0.895680 0.129493 0.019914
0 0.751838 0.711397 0.133578 0.020221
0 0.030842 0.441023 0.058415 0.026042
0 0.495507 0.819700 0.130719 0.026042
0 0.033701 0.414369 0.061683 0.025429
0 0.895833 0.908241 0.138072 0.019914
0 0.892770 0.886949 0.131944 0.020833
0 0.113562 0.916973 0.135621 0.021446
0 0.245711 0.880668 0.106618 0.022365
0 0.247141 0.908701 0.121732 0.018995
0 0.367647 0.887408 0.116013 0.017463
0 0.371119 0.910233 0.116422 0.022059
0 0.498366 0.893995 0.129902 0.030637
0 0.624592 0.909161 0.120098 0.024203
0 0.749796 0.865043 0.138480 0.027267
0 0.750204 0.887408 0.136846 0.019914
0 0.029412 0.390165 0.055556 0.025429
0 0.495915 0.788297 0.125000 0.027574
0 0.774918 0.820312 0.133987 0.022978
0 0.894608 0.863205 0.132353 0.023591
0 0.650735 0.136489 0.151144 0.021140
0 0.656046 0.163143 0.149510 0.033395
0 0.655433 0.196538 0.157271 0.024816
0 0.638889 0.501838 0.136438 0.019608
0 0.354167 0.822917 0.138889 0.022672
0 0.498570 0.172794 0.154820 0.020833
0 0.358456 0.796109 0.140114 0.029105
0 0.218137 0.823223 0.128268 0.021446
0 0.216503 0.792892 0.139706 0.027574
0 0.080270 0.826746 0.145016 0.024203
0 0.073529 0.795190 0.131536 0.032169
0 0.896650 0.736366 0.130719 0.021752
0 0.498162 0.146140 0.139297 0.026961
0 0.337010 0.195925 0.161765 0.030331
0 0.334150 0.163143 0.165033 0.033395
0 0.337418 0.129902 0.159314 0.028799
0 0.187092 0.195619 0.120915 0.032169
0 0.187296 0.163143 0.124592 0.030944
0 0.193832 0.136949 0.109886 0.022059
0 0.060866 0.201746 0.116013 0.028493
0 0.060253 0.170343 0.114788 0.029412
0 0.058211 0.140778 0.107435 0.027267
0 0.897876 0.714920 0.131536 0.015625
0 0.648693 0.111826 0.159314 0.026961
0 0.495507 0.199295 0.148693 0.030331
