0 0.278424 0.446948 0.063307 0.036337
0 0.139750 0.101744 0.079673 0.106105
0 0.598622 0.643411 0.080103 0.027616
0 0.510982 0.688711 0.083979 0.021802
0 0.428510 0.690770 0.074074 0.019622
0 0.428079 0.669574 0.077519 0.020833
0 0.429371 0.642926 0.080103 0.030523
0 0.354866 0.668605 0.061154 0.022771
0 0.357450 0.689559 0.066322 0.017684
0 0.291128 0.693556 0.053402 0.017926
0 0.292205 0.669695 0.050388 0.024952
0 0.231051 0.687742 0.058140 0.031492
0 0.164944 0.685199 0.064599 0.033188
0 0.100775 0.685804 0.058570 0.031977
0 0.231697 0.652132 0.063738 0.035853
0 0.596899 0.668847 0.076658 0.019864
0 0.167528 0.646560 0.057709 0.039244
0 0.180233 0.585998 0.066753 0.025194
0 0.106804 0.586240 0.074935 0.023256
0 0.105297 0.555717 0.080534 0.035853
0 0.332041 0.587209 0.076658 0.025194
0 0.254953 0.587936 0.069767 0.026647
0 0.331180 0.557534 0.071490 0.031734
0 0.253015 0.555959 0.073643 0.033915
0 0.504522 0.583697 0.083118 0.032219
0 0.414083 0.582728 0.082257 0.034641
0 0.501938 0.545179 0.086563 0.040455
0 0.413652 0.544695 0.084841 0.039002
0 0.693583 0.579821 0.090870 0.035126
0 0.604005 0.579457 0.082257 0.037306
0 0.093454 0.651405 0.064599 0.031977
0 0.886305 0.582485 0.093023 0.037064
0 0.592593 0.690528 0.075797 0.018169
0 0.785099 0.662912 0.081826 0.020591
0 0.929371 0.879360 0.080965 0.038760
0 0.903101 0.824007 0.077519 0.065649
0 0.830749 0.834666 0.055125 0.076308
0 0.757106 0.842297 0.070629 0.102229
0 0.686047 0.845930 0.067183 0.104167
0 0.597115 0.844598 0.081395 0.111192
0 0.513781 0.846536 0.077519 0.112161
0 0.412575 0.847989 0.099053 0.115552
0 0.319552 0.806323 0.072351 0.034641
0 0.144918 0.836725 0.090009 0.047481
0 0.878984 0.762476 0.086133 0.021076
0 0.879845 0.742006 0.080103 0.018411
0 0.796727 0.763203 0.068906 0.019622
0 0.662360 0.685199 0.052541 0.023983
0 0.795435 0.741400 0.069767 0.014777
0 0.722222 0.758479 0.070629 0.033430
0 0.636736 0.746972 0.083118 0.058382
0 0.548880 0.745882 0.086563 0.054264
0 0.452196 0.745882 0.072351 0.058140
0 0.369509 0.746003 0.082687 0.058382
0 0.280362 0.745640 0.079242 0.053295
0 0.197028 0.749516 0.071921 0.046996
0 0.119724 0.747093 0.076658 0.053779
0 0.957795 0.751090 0.043928 0.064196
0 0.969638 0.666909 0.059862 0.031008
0 0.969854 0.630572 0.060293 0.036337
0 0.798019 0.690528 0.086994 0.022529
0 0.880922 0.675630 0.077089 0.035368
0 0.712102 0.726139 0.058140 0.015746
0 0.038760 0.109981 0.077519 0.091570
0 0.791559 0.582364 0.090439 0.036337
0 0.885874 0.539002 0.087855 0.020833
0 0.983204 0.338784 0.033592 0.030766
0 0.982127 0.267442 0.035745 0.037306
0 0.979974 0.227108 0.039190 0.041424
0 0.931525 0.280039 0.052541 0.066860
0 0.876830 0.278101 0.051680 0.067829
0 0.832472 0.288639 0.033592 0.045300
0 0.798450 0.289244 0.031008 0.044089
0 0.757321 0.274588 0.042636 0.071948
0 0.668605 0.304142 0.085702 0.014293
0 0.658269 0.287427 0.072782 0.015262
0 0.570413 0.293484 0.092593 0.040940
0 0.571275 0.251090 0.090870 0.039002
0 0.505599 0.281492 0.032730 0.065407
0 0.976960 0.374394 0.046081 0.033188
0 0.473730 0.279918 0.025840 0.064196
0 0.399009 0.279191 0.047804 0.067587
0 0.342808 0.278343 0.057709 0.064922
0 0.248277 0.276284 0.052110 0.068556
0 0.101421 0.290334 0.104651 0.032703
0 0.094531 0.255572 0.107235 0.031977
0 0.952196 0.113009 0.077519 0.088421
0 0.870801 0.126211 0.069767 0.066860
0 0.788975 0.129482 0.081826 0.062258
0 0.706934 0.118944 0.064169 0.084302
0 0.599483 0.124637 0.118863 0.062742
0 0.443583 0.124273 0.120586 0.064922
0 0.320629 0.117369 0.062446 0.077277
0 0.252369 0.114704 0.068045 0.082607
0 0.442506 0.280039 0.033161 0.066860
0 0.794789 0.538275 0.084841 0.037791
0 0.886305 0.381177 0.105082 0.058382
0 0.778208 0.380935 0.105082 0.057897
0 0.972007 0.560078 0.055986 0.039729
0 0.973945 0.520833 0.052110 0.032461
0 0.969854 0.466691 0.060293 0.036579
0 0.976098 0.428900 0.047804 0.032219
0 0.898363 0.466812 0.075797 0.050388
0 0.811800 0.469477 0.066322 0.046512
0 0.739233 0.470325 0.071921 0.045785
0 0.663006 0.471051 0.070198 0.047723
0 0.566107 0.433261 0.067614 0.020107
0 0.583549 0.471536 0.074074 0.043362
0 0.509905 0.470930 0.069767 0.045058
0 0.433247 0.470446 0.071490 0.043120
0 0.356158 0.469840 0.076658 0.047238
0 0.857235 0.337330 0.103790 0.021076
0 0.275840 0.480136 0.053833 0.024709
0 0.156546 0.478803 0.059862 0.023983
0 0.092808 0.476623 0.063307 0.028828
0 0.211025 0.447190 0.062877 0.038760
0 0.247201 0.388324 0.062016 0.038275
0 0.172050 0.385901 0.071059 0.042636
0 0.087640 0.386265 0.081395 0.045300
0 0.088717 0.343023 0.083549 0.039244
0 0.260336 0.344477 0.096899 0.044574
0 0.343239 0.388203 0.062877 0.039971
0 0.433463 0.389172 0.071921 0.035126
0 0.513781 0.389656 0.056848 0.038517
0 0.578381 0.388566 0.060293 0.040698
0 0.666021 0.381056 0.104651 0.055717
0 0.216624 0.480620 0.054264 0.025678
