0 0.309375 0.635742 0.047917 0.078516
0 0.513542 0.633984 0.048958 0.081250
0 0.198958 0.630078 0.061458 0.090625
0 0.259635 0.633984 0.050521 0.081250
0 0.409896 0.633789 0.048958 0.080859
0 0.463021 0.633008 0.048958 0.082422
0 0.181771 0.742578 0.041667 0.081250
0 0.620833 0.625781 0.051042 0.086719
0 0.428906 0.329688 0.038021 0.044531
0 0.478125 0.331250 0.042708 0.044531
0 0.555469 0.748828 0.054688 0.071094
0 0.495573 0.756250 0.053646 0.057031
0 0.438281 0.757422 0.056771 0.057031
0 0.382812 0.743750 0.039583 0.086719
0 0.335417 0.741992 0.051042 0.081641
0 0.282292 0.745117 0.051042 0.080078
0 0.234896 0.744922 0.037500 0.079687
0 0.529167 0.324805 0.051042 0.053516
0 0.586198 0.325000 0.051562 0.053906
0 0.128385 0.741211 0.052604 0.084766
0 0.071615 0.740234 0.049479 0.088281
0 0.026562 0.740234 0.040625 0.085938
0 0.941927 0.664648 0.056771 0.026172
0 0.941927 0.635938 0.056771 0.027344
0 0.865885 0.669727 0.080729 0.018359
0 0.782292 0.671484 0.080208 0.015625
0 0.674479 0.635352 0.052083 0.080859
0 0.566667 0.634961 0.053125 0.083203
0 0.641927 0.323437 0.052604 0.056250
0 0.247917 0.430273 0.039583 0.041016
0 0.800000 0.334375 0.046875 0.032813
0 0.065625 0.538672 0.029167 0.056250
0 0.109635 0.524414 0.052604 0.088672
0 0.172396 0.523047 0.055208 0.088281
0 0.221094 0.524414 0.042188 0.079297
0 0.269010 0.524414 0.036979 0.079297
0 0.314063 0.524219 0.044792 0.079687
0 0.357812 0.532422 0.038542 0.064844
0 0.400000 0.532422 0.045833 0.063281
0 0.445312 0.528711 0.038542 0.069922
0 0.032292 0.538867 0.028125 0.053516
0 0.487500 0.527344 0.041667 0.070312
0 0.066406 0.636914 0.039062 0.059766
0 0.024219 0.601172 0.031771 0.018750
0 0.382292 0.326367 0.042708 0.050391
0 0.589063 0.524023 0.040625 0.083203
0 0.633333 0.536914 0.043750 0.058203
0 0.024479 0.640039 0.028125 0.050391
0 0.930990 0.572461 0.096354 0.028516
0 0.838802 0.578125 0.075521 0.015625
0 0.776823 0.569727 0.036979 0.032422
0 0.538281 0.524805 0.056771 0.083203
0 0.698438 0.323437 0.055208 0.053906
0 0.957292 0.410547 0.051042 0.032031
0 0.852865 0.405859 0.029687 0.043750
0 0.850781 0.335547 0.054688 0.028906
0 0.907292 0.334961 0.048958 0.030859
0 0.960938 0.337305 0.050000 0.026172
0 0.015365 0.444141 0.030729 0.057813
0 0.049740 0.444922 0.033854 0.054688
0 0.098437 0.419531 0.045833 0.062500
0 0.138802 0.425586 0.032813 0.051953
0 0.173958 0.425781 0.030208 0.050000
0 0.209115 0.425781 0.034896 0.050000
0 0.900781 0.412891 0.056771 0.030469
0 0.681510 0.536719 0.042188 0.054688
0 0.326302 0.422852 0.032813 0.056641
0 0.399740 0.426758 0.036979 0.045703
0 0.440625 0.419727 0.037500 0.062891
0 0.487240 0.416406 0.048438 0.069531
0 0.538281 0.417187 0.041146 0.069531
0 0.583333 0.416992 0.045833 0.068359
0 0.629427 0.416797 0.040104 0.068750
0 0.677083 0.416797 0.048958 0.065625
0 0.821875 0.406445 0.029167 0.042578
0 0.289062 0.423633 0.035417 0.055078
0 0.321615 0.333398 0.059896 0.037109
0 0.419010 0.228125 0.063021 0.063281
0 0.219531 0.329492 0.043229 0.047266
0 0.757812 0.751953 0.035417 0.069531
0 0.795573 0.751367 0.033854 0.069141
0 0.831771 0.765625 0.028125 0.045312
0 0.878646 0.746094 0.053125 0.085938
0 0.924219 0.755078 0.036979 0.068750
0 0.964583 0.755469 0.037500 0.068750
0 0.819792 0.482812 0.029167 0.066406
0 0.852865 0.480469 0.033854 0.066406
0 0.886198 0.487500 0.027604 0.051562
0 0.919531 0.492969 0.032813 0.038281
0 0.267188 0.328516 0.044792 0.045312
0 0.964583 0.493164 0.052083 0.041016
0 0.724740 0.504687 0.033854 0.048438
0 0.734635 0.425586 0.030729 0.050391
0 0.748437 0.373828 0.029167 0.047656
0 0.789844 0.395508 0.030729 0.069141
0 0.782292 0.474414 0.031250 0.073828
0 0.029167 0.227930 0.034375 0.073828
0 0.079427 0.230859 0.052604 0.064062
0 0.677865 0.753711 0.046354 0.067578
0 0.244010 0.227148 0.055729 0.066016
0 0.174479 0.330469 0.042708 0.046094
0 0.127344 0.330469 0.046354 0.046094
0 0.083854 0.326953 0.041667 0.051562
0 0.720313 0.751953 0.034375 0.067969
0 0.015365 0.346094 0.030729 0.060937
0 0.136458 0.230273 0.053125 0.062891
0 0.909896 0.211719 0.086458 0.091406
0 0.822135 0.217188 0.078646 0.076563
0 0.977865 0.216602 0.044271 0.080078
0 0.707292 0.224805 0.044792 0.061328
0 0.758333 0.224219 0.048958 0.062500
0 0.363542 0.234180 0.041667 0.052734
0 0.623437 0.747070 0.052083 0.081641
0 0.481250 0.226367 0.057292 0.064453
0 0.541146 0.226562 0.058333 0.064062
0 0.600260 0.233398 0.054688 0.051172
0 0.657813 0.226172 0.055208 0.064844
0 0.302865 0.227930 0.055729 0.063672
