0 0.955065 0.874081 0.052288 0.010417
0 0.957721 0.885876 0.054330 0.010723
0 0.955678 0.861520 0.057598 0.011029
0 0.959763 0.912837 0.054330 0.016238
0 0.962010 0.927083 0.048203 0.009191
0 0.959763 0.899663 0.051062 0.010110
0 0.896038 0.923866 0.059232 0.012561
0 0.895221 0.883119 0.061683 0.013787
0 0.485703 0.649969 0.026144 0.071998
0 0.168505 0.653339 0.029003 0.067708
0 0.133987 0.653952 0.031863 0.069547
0 0.098856 0.658241 0.029412 0.063419
0 0.033292 0.628370 0.066585 0.080270
0 0.033088 0.481924 0.066176 0.083333
0 0.251430 0.534007 0.026552 0.094363
0 0.209559 0.643689 0.040033 0.068627
0 0.218954 0.533701 0.033497 0.097426
0 0.150940 0.536152 0.029820 0.095588
0 0.115809 0.535386 0.031454 0.091605
0 0.084150 0.534161 0.028595 0.094056
0 0.285743 0.536765 0.030637 0.080882
0 0.327206 0.540288 0.038399 0.081801
0 0.366217 0.518229 0.034722 0.123468
0 0.184436 0.535233 0.029003 0.094363
0 0.406863 0.543352 0.036765 0.083640
0 0.263072 0.647212 0.025327 0.074449
0 0.376021 0.652727 0.064951 0.066483
0 0.828636 0.763634 0.060866 0.102022
0 0.897672 0.757966 0.070670 0.102941
0 0.970792 0.756434 0.058415 0.094975
0 0.964869 0.646140 0.058007 0.068627
0 0.900940 0.649050 0.058415 0.062806
0 0.843137 0.651042 0.050654 0.066789
0 0.312704 0.667433 0.052696 0.034007
0 0.787377 0.647059 0.042892 0.069853
0 0.671569 0.655484 0.058007 0.053002
0 0.622753 0.644761 0.028186 0.076900
0 0.580474 0.643229 0.036765 0.079963
0 0.531454 0.646140 0.031863 0.076593
0 0.496732 0.224265 0.130719 0.123162
0 0.444853 0.644914 0.031046 0.076593
0 0.736520 0.644455 0.048203 0.069547
0 0.780025 0.768842 0.028186 0.073223
0 0.443015 0.535080 0.027369 0.078738
0 0.516748 0.539062 0.031046 0.073836
0 0.976511 0.532322 0.045343 0.060355
0 0.977941 0.387408 0.044118 0.081801
0 0.933619 0.387408 0.034722 0.084252
0 0.891748 0.393536 0.044935 0.069547
0 0.846609 0.393995 0.039624 0.068627
0 0.797590 0.389246 0.042075 0.080576
0 0.921773 0.541513 0.053513 0.049939
0 0.739788 0.409926 0.044118 0.039216
0 0.606005 0.403952 0.051879 0.056679
0 0.549837 0.395833 0.029412 0.075368
0 0.514910 0.392616 0.027369 0.087316
0 0.481413 0.395680 0.032271 0.078738
0 0.442810 0.397212 0.040850 0.083640
0 0.389093 0.390472 0.065768 0.091605
0 0.674428 0.385110 0.060458 0.099877
0 0.477328 0.538756 0.037990 0.079350
0 0.864379 0.535233 0.053922 0.070466
0 0.745098 0.534926 0.033497 0.084559
0 0.548815 0.532629 0.027369 0.081189
0 0.579044 0.527574 0.023284 0.074755
0 0.616013 0.528646 0.029412 0.070159
0 0.355801 0.225797 0.135621 0.125613
0 0.251021 0.268229 0.061683 0.051164
0 0.131332 0.222120 0.162173 0.140931
0 0.793913 0.526042 0.055964 0.099877
0 0.027574 0.390625 0.047794 0.050858
0 0.115605 0.392004 0.037582 0.094056
0 0.159722 0.396446 0.040033 0.079657
0 0.207312 0.400888 0.046160 0.073223
0 0.256127 0.387255 0.043301 0.103554
0 0.665033 0.543045 0.044935 0.078738
0 0.705270 0.538297 0.029003 0.064338
0 0.075163 0.394301 0.039216 0.089461
0 0.338848 0.403339 0.029820 0.071385
0 0.740400 0.766544 0.034722 0.069853
0 0.676062 0.763634 0.027778 0.091605
0 0.632966 0.928615 0.060049 0.011029
0 0.699346 0.918811 0.056373 0.009191
0 0.698121 0.906097 0.057190 0.007659
0 0.698938 0.892463 0.058824 0.013480
0 0.706699 0.879902 0.049837 0.006740
0 0.710580 0.857690 0.060866 0.018689
0 0.701389 0.933824 0.071078 0.014093
0 0.774306 0.924939 0.070670 0.013480
0 0.832516 0.872855 0.053922 0.012868
0 0.825980 0.883578 0.058824 0.007353
0 0.823734 0.893229 0.054330 0.007047
0 0.827819 0.904718 0.059232 0.013480
0 0.836397 0.917586 0.044526 0.011642
0 0.891544 0.865349 0.057598 0.014400
0 0.896242 0.898284 0.059641 0.015319
0 0.899918 0.911152 0.060458 0.008578
0 0.719771 0.240196 0.050654 0.091299
0 0.023489 0.055760 0.046977 0.111520
0 0.085784 0.070925 0.049837 0.062194
0 0.156250 0.051624 0.079657 0.098346
0 0.369281 0.056066 0.075980 0.097426
0 0.511642 0.092984 0.071487 0.026042
0 0.577614 0.053309 0.049020 0.105392
0 0.707721 0.762255 0.029820 0.064951
0 0.632557 0.056219 0.055147 0.110600
0 0.954453 0.087163 0.076389 0.040135
0 0.981413 0.234069 0.037173 0.098039
0 0.923203 0.246783 0.053105 0.070159
0 0.872958 0.248621 0.035131 0.071998
0 0.801471 0.222426 0.099673 0.108456
0 0.660539 0.239124 0.061275 0.098958
0 0.699346 0.052390 0.056373 0.104779
0 0.627859 0.902574 0.056373 0.009804
0 0.630310 0.915288 0.061275 0.011336
0 0.648080 0.876072 0.057598 0.011336
0 0.624387 0.742953 0.064134 0.030637
0 0.624387 0.773591 0.060049 0.023284
0 0.627042 0.800705 0.054739 0.022978
0 0.571283 0.770833 0.029003 0.074142
0 0.534926 0.775429 0.038807 0.078431
0 0.492034 0.770833 0.032271 0.079657
0 0.440972 0.773284 0.044526 0.074755
0 0.397672 0.769761 0.029003 0.087316
0 0.357843 0.771599 0.031863 0.099571
0 0.324959 0.764093 0.027369 0.098652
0 0.290850 0.770680 0.034314 0.096507
0 0.253268 0.771140 0.030229 0.095588
0 0.219363 0.773744 0.031046 0.092831
0 0.181373 0.774203 0.033497 0.099877
0 0.631536 0.889093 0.060458 0.009804
0 0.146855 0.774357 0.032271 0.097120
0 0.063521 0.757047 0.055147 0.099265
0 0.556373 0.892157 0.057190 0.108456
0 0.500817 0.913603 0.035131 0.071078
0 0.457925 0.918964 0.035131 0.073223
0 0.417892 0.901808 0.034314 0.105086
0 0.382557 0.892004 0.031454 0.095282
0 0.112132 0.770680 0.030637 0.093444
0 0.309845 0.873315 0.029003 0.070772
0 0.345588 0.901195 0.035948 0.111826
0 0.237745 0.893076 0.035131 0.093137
0 0.199551 0.887868 0.023284 0.063113
0 0.154820 0.909773 0.040850 0.102635
0 0.112745 0.909161 0.035948 0.103860
0 0.050245 0.858609 0.059641 0.054841
0 0.015114 0.747089 0.030229 0.086091
0 0.277982 0.870558 0.022467 0.049326
0 0.301471 0.391544 0.040850 0.091912
