0 0.919118 0.786918 0.035948 0.074449
0 0.821487 0.463848 0.040850 0.093137
0 0.782884 0.462316 0.036356 0.090686
0 0.747958 0.462929 0.035948 0.091299
0 0.982230 0.561121 0.035539 0.076287
0 0.940359 0.568474 0.041667 0.086091
0 0.900327 0.566942 0.035131 0.087929
0 0.860703 0.568168 0.041667 0.083640
0 0.817810 0.568168 0.045752 0.084252
0 0.774306 0.568474 0.039624 0.083027
0 0.737745 0.565411 0.035948 0.087929
0 0.975490 0.676777 0.042484 0.081495
0 0.937092 0.681679 0.035131 0.089461
0 0.899101 0.680760 0.040850 0.089461
0 0.855392 0.679228 0.047386 0.085172
0 0.808007 0.681066 0.046569 0.083946
0 0.859069 0.467831 0.034314 0.085784
0 0.765319 0.684743 0.037990 0.083333
0 0.900327 0.463848 0.047386 0.083946
0 0.752859 0.351103 0.041667 0.090686
0 0.464461 0.349877 0.042484 0.092525
0 0.417075 0.352941 0.042484 0.092525
0 0.377859 0.352941 0.042484 0.092525
0 0.329861 0.354779 0.042075 0.092525
0 0.253676 0.360294 0.034314 0.099265
0 0.211601 0.361826 0.044118 0.093750
0 0.163399 0.366115 0.045752 0.093750
0 0.116626 0.362745 0.045343 0.098652
0 0.071895 0.363358 0.041667 0.099265
0 0.028595 0.362132 0.044935 0.100490
0 0.974265 0.346201 0.041667 0.102941
0 0.927288 0.351409 0.044118 0.106618
0 0.879493 0.348346 0.050654 0.092525
0 0.830474 0.348039 0.042484 0.093750
0 0.791871 0.348958 0.033905 0.094363
0 0.953431 0.464154 0.055556 0.083946
0 0.729575 0.680453 0.031863 0.091912
0 0.630719 0.683824 0.038399 0.079044
0 0.591503 0.683517 0.037582 0.079657
0 0.267974 0.790594 0.038399 0.088542
0 0.232026 0.788143 0.031863 0.089767
0 0.163807 0.794271 0.030229 0.090380
0 0.127247 0.794577 0.042075 0.090380
0 0.090278 0.795190 0.033497 0.091605
0 0.047386 0.800858 0.045752 0.088235
0 0.425245 0.574908 0.043301 0.085478
0 0.466912 0.573683 0.040850 0.087929
0 0.511438 0.572457 0.040033 0.086703
0 0.550858 0.572763 0.041258 0.086703
0 0.276144 0.686581 0.046569 0.101103
0 0.223039 0.688113 0.050654 0.094975
0 0.169118 0.690257 0.044935 0.099265
0 0.124796 0.691176 0.045343 0.091912
0 0.075980 0.690257 0.049837 0.099265
0 0.357435 0.795956 0.038399 0.084559
0 0.396242 0.795956 0.038399 0.083946
0 0.435049 0.795650 0.038399 0.087010
0 0.475490 0.796875 0.041667 0.085172
0 0.551266 0.686581 0.042075 0.082721
0 0.514297 0.681373 0.033497 0.087623
0 0.471405 0.686275 0.045752 0.089461
0 0.425654 0.687194 0.044118 0.087010
0 0.388072 0.689032 0.034314 0.090074
0 0.350286 0.689338 0.039624 0.091299
0 0.961193 0.783548 0.046569 0.071385
0 0.511029 0.353094 0.042484 0.092218
0 0.382761 0.578585 0.040033 0.084252
0 0.804330 0.790135 0.047386 0.079044
0 0.764910 0.791973 0.029003 0.076593
0 0.731209 0.789675 0.039216 0.080576
0 0.633578 0.791360 0.040033 0.080882
0 0.593137 0.790901 0.040850 0.083027
0 0.551266 0.795037 0.037990 0.088848
0 0.513072 0.794730 0.035131 0.088235
0 0.879493 0.787224 0.042484 0.075674
0 0.635212 0.568168 0.043301 0.086703
0 0.593546 0.572457 0.037582 0.092831
0 0.343750 0.573989 0.038807 0.092831
0 0.556985 0.470895 0.037173 0.098039
0 0.062092 0.590533 0.038399 0.064645
0 0.021242 0.591146 0.039216 0.065257
0 0.593137 0.465380 0.036765 0.087010
0 0.635621 0.466299 0.040033 0.088848
0 0.153595 0.588388 0.042484 0.070772
0 0.194444 0.584099 0.030229 0.064032
0 0.231618 0.584712 0.039216 0.062806
0 0.014297 0.476103 0.024510 0.087623
0 0.049020 0.475184 0.036765 0.091299
0 0.515523 0.473958 0.044118 0.091912
0 0.137663 0.473652 0.043301 0.085172
0 0.089665 0.478554 0.048611 0.085784
0 0.379085 0.469975 0.040850 0.096814
0 0.555147 0.353094 0.042484 0.092218
0 0.598448 0.351256 0.042484 0.092218
0 0.640931 0.349418 0.042484 0.092218
0 0.261438 0.473346 0.037582 0.099265
0 0.223448 0.476103 0.039216 0.093137
0 0.341299 0.470895 0.037990 0.094975
0 0.181373 0.474571 0.044935 0.087623
0 0.113358 0.591759 0.038807 0.064032
0 0.428105 0.469056 0.040850 0.091299
0 0.470180 0.472426 0.043301 0.082721
