0 0.531250 0.706189 0.023284 0.037377
0 0.177696 0.690870 0.037582 0.084559
0 0.262663 0.687194 0.040850 0.089461
0 0.505719 0.704350 0.019608 0.034314
0 0.404616 0.693934 0.019199 0.039828
0 0.452410 0.713082 0.020016 0.040135
0 0.427083 0.693168 0.020016 0.054228
0 0.311683 0.710784 0.037582 0.047181
0 0.370098 0.714001 0.022059 0.039522
0 0.343954 0.713235 0.023693 0.039828
0 0.476920 0.714001 0.021650 0.040748
0 0.134395 0.691789 0.044935 0.085172
0 0.318219 0.062653 0.053922 0.124694
0 0.919730 0.598958 0.038807 0.055760
0 0.879493 0.599877 0.033497 0.054534
0 0.836397 0.590227 0.029003 0.056679
0 0.587010 0.712469 0.022059 0.041360
0 0.806781 0.596048 0.023693 0.051777
0 0.773284 0.601103 0.035131 0.053922
0 0.734273 0.600950 0.036356 0.056679
0 0.688113 0.597733 0.041258 0.053922
0 0.646038 0.595741 0.038807 0.043811
0 0.581699 0.587776 0.064542 0.084865
0 0.514910 0.581342 0.063317 0.081801
0 0.378064 0.063266 0.054330 0.125919
0 0.962418 0.593903 0.039216 0.051777
0 0.611928 0.713235 0.027778 0.042279
0 0.333129 0.852175 0.030637 0.113664
0 0.814747 0.683058 0.058415 0.055453
0 0.137868 0.342371 0.114788 0.103860
0 0.260417 0.062960 0.055147 0.124081
0 0.205678 0.066176 0.046160 0.117647
0 0.145629 0.063266 0.055147 0.125919
0 0.980188 0.841605 0.039624 0.128064
0 0.927288 0.835631 0.059641 0.137561
0 0.866626 0.849112 0.051879 0.116115
0 0.302083 0.604626 0.028186 0.041973
0 0.806781 0.848958 0.058007 0.113358
0 0.744077 0.849418 0.055964 0.109988
0 0.684436 0.850797 0.055964 0.107230
0 0.566176 0.845588 0.036765 0.120098
0 0.638685 0.887561 0.027369 0.022059
0 0.525735 0.850184 0.034314 0.113358
0 0.486111 0.848805 0.036765 0.116115
0 0.444036 0.850797 0.035131 0.112745
0 0.387868 0.826900 0.038807 0.118873
0 0.434028 0.225797 0.046160 0.080882
0 0.302288 0.829197 0.022059 0.111826
0 0.258170 0.851256 0.034314 0.108762
0 0.223448 0.852022 0.027778 0.105392
0 0.603962 0.840839 0.030637 0.104473
0 0.090891 0.062806 0.046160 0.124387
0 0.191381 0.852482 0.033088 0.106311
0 0.155229 0.851562 0.036765 0.106924
0 0.957721 0.692862 0.060866 0.078125
0 0.893178 0.704044 0.060866 0.057598
0 0.656454 0.706036 0.050654 0.059130
0 0.481413 0.226256 0.043709 0.081801
0 0.222222 0.690411 0.038399 0.084252
0 0.574755 0.226562 0.047386 0.079963
0 0.639297 0.355545 0.035131 0.079963
0 0.599673 0.357384 0.037582 0.079350
0 0.529412 0.370098 0.085784 0.051471
0 0.502859 0.324908 0.045752 0.035846
0 0.431781 0.356464 0.079248 0.078125
0 0.335172 0.342678 0.097631 0.099571
0 0.242034 0.342218 0.081291 0.097426
0 0.677083 0.226103 0.051062 0.079044
0 0.527369 0.223958 0.040850 0.080882
0 0.385212 0.224418 0.046569 0.079963
0 0.344771 0.231311 0.025327 0.068015
0 0.781046 0.229167 0.050654 0.073529
0 0.837827 0.229013 0.053922 0.075674
0 0.898284 0.229473 0.049020 0.074755
0 0.957721 0.229626 0.057598 0.074449
0 0.296977 0.223958 0.045752 0.083333
0 0.250204 0.225643 0.043709 0.078125
0 0.432598 0.063419 0.046569 0.125613
0 0.490809 0.064645 0.052696 0.128064
0 0.558619 0.068781 0.055964 0.125919
0 0.619077 0.069087 0.054330 0.124081
0 0.678513 0.063113 0.056373 0.126225
0 0.744690 0.065104 0.053922 0.127145
0 0.678922 0.357384 0.041667 0.075061
0 0.797386 0.065870 0.042484 0.126838
0 0.893791 0.085938 0.036765 0.086703
0 0.939747 0.111826 0.043709 0.088235
0 0.982435 0.110141 0.035131 0.087929
0 0.105801 0.212010 0.063725 0.100490
0 0.165033 0.227482 0.046569 0.079350
0 0.208538 0.227482 0.033088 0.076287
0 0.846814 0.085172 0.049837 0.087010
0 0.726511 0.356924 0.042892 0.074755
0 0.729575 0.229779 0.045752 0.074142
0 0.816176 0.355392 0.039216 0.077819
0 0.701185 0.475950 0.067402 0.078125
0 0.752859 0.498621 0.032680 0.032169
0 0.795956 0.467218 0.046160 0.092525
0 0.853962 0.471201 0.055147 0.085172
0 0.912173 0.472426 0.049020 0.082108
0 0.965686 0.472733 0.049020 0.083333
0 0.120098 0.600031 0.019608 0.049939
0 0.143178 0.603401 0.021650 0.046875
0 0.169322 0.604473 0.024101 0.044730
0 0.635417 0.473346 0.058415 0.077819
0 0.197304 0.603401 0.026144 0.044424
0 0.249796 0.603094 0.020833 0.043199
0 0.332312 0.604473 0.019199 0.042279
0 0.358252 0.603554 0.026961 0.044118
0 0.390523 0.601869 0.025327 0.044424
0 0.772263 0.356618 0.039624 0.075980
0 0.438521 0.599265 0.014297 0.044118
0 0.464052 0.600337 0.027778 0.046262
0 0.275531 0.604779 0.022467 0.042892
0 0.622753 0.231924 0.042892 0.067402
0 0.225490 0.604167 0.022876 0.044118
0 0.567198 0.471967 0.069853 0.081801
0 0.417075 0.596354 0.022059 0.044424
0 0.421569 0.472426 0.068627 0.082721
0 0.353758 0.473192 0.055556 0.078125
0 0.292688 0.470588 0.056781 0.083946
0 0.221201 0.470741 0.077206 0.081189
0 0.137868 0.471048 0.080474 0.084865
0 0.933415 0.348039 0.088235 0.092525
0 0.861520 0.357230 0.044935 0.074755
0 0.493873 0.471201 0.068627 0.082108
