0 0.126838 0.313725 0.014706 0.073529
0 0.114583 0.314951 0.009191 0.070261
0 0.579657 0.333946 0.023897 0.111520
0 0.411765 0.343750 0.015931 0.064951
0 0.431679 0.344975 0.019608 0.065768
0 0.464461 0.334763 0.020833 0.088644
0 0.486520 0.335376 0.020221 0.086601
0 0.506587 0.336806 0.021140 0.084559
0 0.528646 0.335172 0.020527 0.086193
0 0.605699 0.333129 0.025123 0.107435
0 0.632812 0.332108 0.027880 0.107843
0 0.661612 0.337214 0.027880 0.114788
0 0.394455 0.339052 0.016238 0.063725
0 0.690257 0.333742 0.030025 0.113562
0 0.750000 0.337010 0.034314 0.117647
0 0.781863 0.342320 0.028186 0.119281
0 0.812194 0.338644 0.031863 0.126634
0 0.847120 0.341503 0.030637 0.127451
0 0.880974 0.340891 0.034007 0.122141
0 0.916973 0.344158 0.033088 0.122141
0 0.954350 0.341095 0.041054 0.122549
0 0.990196 0.194036 0.019608 0.088235
0 0.962316 0.191993 0.032475 0.089869
0 0.719669 0.338644 0.026348 0.117647
0 0.377757 0.341299 0.017157 0.060866
0 0.361979 0.339665 0.012561 0.058415
0 0.346201 0.338848 0.018382 0.059232
0 0.152574 0.603350 0.011642 0.057190
0 0.138940 0.602533 0.015625 0.063725
0 0.123315 0.601307 0.015012 0.065359
0 0.106771 0.603145 0.015625 0.062500
0 0.093290 0.590891 0.013174 0.050245
0 0.079197 0.591503 0.013787 0.055556
0 0.065870 0.588440 0.012868 0.057598
0 0.051930 0.585784 0.010723 0.060458
0 0.038143 0.582516 0.018076 0.063725
0 0.142157 0.314338 0.015931 0.074755
0 0.162837 0.313113 0.016238 0.075572
0 0.174786 0.315972 0.008272 0.080474
0 0.190104 0.317402 0.016850 0.075163
0 0.204504 0.320261 0.013174 0.075163
0 0.230392 0.318423 0.011642 0.077206
0 0.246017 0.323529 0.017157 0.077614
0 0.262408 0.318627 0.014400 0.080882
0 0.279105 0.323121 0.019608 0.081699
0 0.298100 0.322304 0.018382 0.081699
0 0.316023 0.337010 0.015012 0.059641
0 0.330116 0.336806 0.013787 0.059232
0 0.931526 0.193219 0.026042 0.086601
0 0.171262 0.613358 0.019608 0.064134
0 0.902727 0.195057 0.030331 0.087010
0 0.839614 0.197304 0.030331 0.088235
0 0.297794 0.207312 0.017770 0.080474
0 0.281863 0.207721 0.013480 0.078840
0 0.266085 0.207516 0.016238 0.080065
0 0.250919 0.214052 0.011029 0.064542
0 0.234988 0.214665 0.013480 0.065768
0 0.219975 0.214461 0.011029 0.065359
0 0.206495 0.216912 0.011642 0.058824
0 0.194547 0.212827 0.012868 0.058824
0 0.181832 0.215891 0.012561 0.063317
0 0.313572 0.205678 0.012561 0.078023
0 0.168658 0.216095 0.013787 0.062092
0 0.141085 0.215482 0.011336 0.060866
0 0.128830 0.216503 0.010110 0.062092
0 0.114737 0.216912 0.011336 0.066993
0 0.103248 0.215686 0.009191 0.061275
0 0.092065 0.216299 0.011949 0.056781
0 0.078738 0.218342 0.010417 0.055964
0 0.068015 0.217116 0.009804 0.058415
0 0.055607 0.218342 0.010110 0.052696
0 0.043964 0.214257 0.011949 0.055147
0 0.152880 0.216299 0.012255 0.062500
0 0.328431 0.207108 0.014706 0.078431
0 0.344516 0.207108 0.015012 0.080882
0 0.363051 0.209355 0.019608 0.079657
0 0.811275 0.198938 0.023897 0.085784
0 0.783548 0.201593 0.027880 0.089461
0 0.758425 0.202002 0.021140 0.088644
0 0.735141 0.203840 0.022365 0.083333
0 0.708333 0.204453 0.026961 0.080474
0 0.683670 0.203636 0.021140 0.079657
0 0.659773 0.205474 0.023591 0.081699
0 0.636336 0.206291 0.020221 0.079248
0 0.613971 0.206699 0.021446 0.079248
0 0.589767 0.207925 0.021446 0.076797
0 0.566483 0.207925 0.020833 0.076797
0 0.544730 0.208946 0.020833 0.075572
0 0.524357 0.206087 0.014400 0.087827
0 0.506127 0.205065 0.018995 0.084967
0 0.487439 0.205270 0.016544 0.082925
0 0.467984 0.209150 0.018689 0.083333
0 0.449908 0.207108 0.014400 0.084150
0 0.432138 0.208129 0.020527 0.082108
0 0.413297 0.206291 0.017157 0.082516
0 0.396293 0.207516 0.015012 0.080065
0 0.382659 0.207721 0.011029 0.078840
0 0.870864 0.196283 0.028493 0.080474
0 0.190411 0.613154 0.016238 0.061275
0 0.216759 0.317810 0.011336 0.075980
0 0.220588 0.623570 0.008578 0.063317
0 0.081342 0.480392 0.015625 0.058824
0 0.098192 0.496324 0.013174 0.047386
0 0.113817 0.492443 0.016850 0.060866
0 0.153952 0.474673 0.014400 0.031863
0 0.202512 0.509804 0.015319 0.044118
0 0.216146 0.507149 0.010110 0.046977
0 0.229473 0.506944 0.014093 0.050654
0 0.207874 0.623162 0.015625 0.069036
0 0.268842 0.518587 0.016850 0.052696
0 0.293505 0.527982 0.009191 0.056781
0 0.305913 0.531454 0.010723 0.062908
0 0.318627 0.533701 0.011029 0.057598
0 0.353707 0.528595 0.012561 0.051471
0 0.373009 0.542688 0.014400 0.058415
0 0.392770 0.539828 0.014706 0.058415
0 0.413756 0.535948 0.015625 0.053922
0 0.468137 0.566993 0.014093 0.063725
0 0.485754 0.573325 0.019914 0.058415
0 0.503830 0.575572 0.014400 0.065359
0 0.521752 0.579861 0.018382 0.060866
0 0.541973 0.579453 0.019608 0.067402
0 0.935202 0.489175 0.070159 0.134395
0 0.560815 0.586397 0.018689 0.059232
0 0.863205 0.485090 0.072610 0.124592
0 0.708946 0.468954 0.062500 0.118464
0 0.102175 0.311479 0.013787 0.069036
0 0.090993 0.313113 0.008578 0.068219
0 0.080729 0.311070 0.010723 0.071487
0 0.068168 0.309845 0.010723 0.071487
0 0.056985 0.309232 0.012255 0.074346
0 0.026042 0.295139 0.044118 0.058415
0 0.027574 0.389706 0.036765 0.054739
0 0.070925 0.397876 0.027267 0.075980
0 0.099418 0.399918 0.026654 0.080882
0 0.129289 0.404412 0.026961 0.075163
0 0.159161 0.408497 0.031556 0.085784
0 0.191636 0.411152 0.030944 0.079657
0 0.224418 0.416667 0.031556 0.084150
0 0.257353 0.421160 0.033088 0.078431
0 0.293045 0.422590 0.035846 0.092729
0 0.333027 0.428105 0.037377 0.085784
0 0.371630 0.429943 0.034314 0.098448
0 0.410386 0.433415 0.040748 0.096405
0 0.453891 0.442402 0.043199 0.107843
0 0.500000 0.446078 0.045956 0.104575
0 0.549479 0.447508 0.050551 0.109069
0 0.788909 0.477533 0.068627 0.129085
0 0.581648 0.589257 0.016238 0.071487
0 0.249540 0.518995 0.015012 0.053513
0 0.620558 0.594771 0.018689 0.066993
0 0.602482 0.727124 0.022365 0.065359
0 0.578585 0.719567 0.021752 0.060049
0 0.558211 0.712623 0.018995 0.064134
0 0.536305 0.713644 0.023591 0.067810
0 0.513634 0.700368 0.018689 0.055147
0 0.496170 0.699142 0.016850 0.057598
0 0.477941 0.694649 0.018995 0.055964
0 0.459712 0.691789 0.016238 0.060049
0 0.440257 0.684028 0.020833 0.052696
0 0.421722 0.681373 0.016850 0.059641
0 0.402727 0.675654 0.020527 0.054739
0 0.384957 0.672590 0.014400 0.061683
0 0.367341 0.665033 0.017770 0.051471
0 0.600490 0.593750 0.019608 0.063317
0 0.333793 0.660743 0.018076 0.057598
0 0.318321 0.653391 0.010417 0.050245
0 0.303002 0.651961 0.020221 0.053922
0 0.285233 0.646446 0.014093 0.048611
0 0.269608 0.645016 0.015931 0.052288
0 0.254136 0.639910 0.012561 0.047794
0 0.241575 0.640319 0.014400 0.046977
0 0.625306 0.729779 0.022059 0.059232
0 0.648284 0.738154 0.024510 0.071078
0 0.351103 0.664828 0.015931 0.051062
0 0.696078 0.751430 0.025123 0.072304
0 0.672641 0.742443 0.021752 0.062500
0 0.642310 0.600694 0.022978 0.061683
0 0.662684 0.606209 0.017770 0.071895
0 0.687347 0.608252 0.023591 0.067810
0 0.709865 0.612949 0.018382 0.073121
0 0.755974 0.619894 0.021140 0.071487
0 0.781863 0.627247 0.024510 0.069853
0 0.808364 0.629698 0.024816 0.075572
0 0.834712 0.636846 0.022365 0.075163
0 0.860294 0.637663 0.023284 0.079248
0 0.889859 0.645833 0.025429 0.075163
0 0.731158 0.617034 0.021752 0.069036
0 0.917586 0.810253 0.031863 0.079657
0 0.885876 0.799837 0.026654 0.070261
0 0.857537 0.792075 0.030637 0.085784
0 0.827512 0.783088 0.026348 0.071078
0 0.798866 0.779412 0.028493 0.080065
0 0.772059 0.771242 0.024510 0.068627
0 0.746324 0.765523 0.028186 0.080882
0 0.949295 0.814338 0.027880 0.072304
0 0.720282 0.754289 0.022672 0.064951
