0 0.082261 0.253676 0.013174 0.053922
0 0.013787 0.244485 0.013480 0.071487
0 0.028033 0.243668 0.014400 0.073938
0 0.041207 0.242851 0.012561 0.073121
0 0.063725 0.344158 0.015931 0.047794
0 0.049020 0.344771 0.013480 0.046569
0 0.035233 0.344158 0.011029 0.045343
0 0.021599 0.345384 0.012561 0.042892
0 0.054534 0.243056 0.013480 0.072712
0 0.096967 0.251021 0.013787 0.051062
0 0.068321 0.244077 0.014093 0.073121
0 0.111979 0.250817 0.014400 0.052288
0 0.322304 0.721405 0.017157 0.062908
0 0.111366 0.348039 0.014400 0.052288
0 0.322304 0.533088 0.015319 0.053922
0 0.388021 0.532475 0.018689 0.064951
0 0.408241 0.540237 0.021752 0.049428
0 0.432445 0.535948 0.019301 0.066993
0 0.452665 0.534314 0.020527 0.065359
0 0.473346 0.536765 0.018382 0.068627
0 0.493107 0.537377 0.018689 0.066585
0 0.531097 0.539828 0.017463 0.072304
0 0.548407 0.540237 0.015931 0.070670
0 0.622549 0.535131 0.023897 0.026961
0 0.652420 0.539624 0.023591 0.027778
0 0.681066 0.541462 0.025735 0.025735
0 0.623468 0.562296 0.022059 0.026552
0 0.651808 0.564951 0.022978 0.022059
0 0.680607 0.566176 0.022978 0.024510
0 0.706342 0.561479 0.018076 0.041258
0 0.736366 0.564747 0.024816 0.036356
0 0.770987 0.553922 0.036458 0.023693
0 0.770680 0.575980 0.035846 0.020425
0 0.806985 0.551062 0.033088 0.025327
0 0.807292 0.576593 0.033088 0.023284
0 0.307445 0.538194 0.014400 0.043709
0 0.291054 0.530842 0.017157 0.054330
0 0.461244 0.736724 0.022365 0.065768
0 0.484375 0.740400 0.022672 0.070670
0 0.074908 0.511438 0.015012 0.058824
0 0.090686 0.512663 0.016544 0.061275
0 0.106771 0.513889 0.015625 0.061275
0 0.122396 0.514706 0.014400 0.059641
0 0.200827 0.529208 0.015012 0.051062
0 0.216452 0.528391 0.013787 0.051062
0 0.231771 0.530229 0.015625 0.053105
0 0.247855 0.531863 0.015319 0.051471
0 0.262102 0.531250 0.013174 0.050245
0 0.275735 0.530229 0.013480 0.052288
0 0.877911 0.537582 0.043811 0.098856
0 0.972426 0.804126 0.055147 0.111520
0 0.865043 0.789420 0.041360 0.111520
0 0.797641 0.775531 0.035846 0.102533
0 0.762868 0.771242 0.031250 0.093137
0 0.729167 0.766340 0.031863 0.098856
0 0.692708 0.754289 0.031250 0.079657
0 0.659773 0.756536 0.033395 0.089052
0 0.628064 0.751838 0.029412 0.098448
0 0.556066 0.746528 0.016544 0.070670
0 0.534926 0.745711 0.025123 0.071487
0 0.509038 0.742239 0.025429 0.069444
0 0.916513 0.794118 0.050551 0.108660
0 0.058670 0.509804 0.016850 0.058007
0 0.928615 0.543096 0.053922 0.095997
0 0.035846 0.593750 0.017770 0.062500
0 0.684589 0.684641 0.021752 0.028595
0 0.715380 0.652369 0.022672 0.040850
0 0.713542 0.688113 0.024510 0.028186
0 0.745404 0.655433 0.023284 0.087827
0 0.776195 0.686275 0.025429 0.041667
0 0.808824 0.687908 0.022059 0.044935
0 0.872702 0.663603 0.038297 0.101716
0 0.923100 0.669322 0.056373 0.105801
0 0.975643 0.674020 0.048713 0.098039
0 0.039982 0.679943 0.018689 0.072304
0 0.057904 0.680351 0.015319 0.070670
0 0.074295 0.681168 0.016238 0.072304
0 0.093137 0.687092 0.017157 0.075163
0 0.113664 0.689747 0.022059 0.069853
0 0.131434 0.693423 0.012868 0.066585
0 0.219363 0.717320 0.015931 0.053105
0 0.234528 0.718137 0.015625 0.050654
0 0.250306 0.719158 0.014706 0.054330
0 0.270987 0.718342 0.015012 0.055147
0 0.287531 0.717525 0.017463 0.056781
0 0.304841 0.721201 0.015931 0.063317
0 0.684743 0.649510 0.022059 0.037582
0 0.656097 0.627655 0.031556 0.020016
0 0.651348 0.681577 0.039828 0.022467
0 0.620711 0.662377 0.018382 0.044526
0 0.053615 0.591708 0.015319 0.065768
0 0.069393 0.591708 0.016238 0.065768
0 0.084712 0.593546 0.015012 0.062908
0 0.103248 0.597426 0.019608 0.063317
0 0.131893 0.602124 0.013787 0.058007
0 0.175551 0.601920 0.020221 0.067402
0 0.200674 0.606822 0.016544 0.043709
0 0.218903 0.608047 0.018689 0.040441
0 0.239583 0.619690 0.020833 0.021242
0 0.262102 0.622141 0.022365 0.020425
0 0.977788 0.542484 0.043811 0.103758
0 0.287224 0.625613 0.024816 0.020833
0 0.323070 0.622345 0.015012 0.057598
0 0.398744 0.625204 0.022365 0.068219
0 0.422335 0.626225 0.021140 0.066176
0 0.446078 0.629902 0.021446 0.070261
0 0.468444 0.629289 0.023284 0.069853
0 0.492034 0.632149 0.022059 0.072304
0 0.418045 0.731822 0.024816 0.066585
0 0.516085 0.633170 0.024816 0.069444
0 0.540441 0.634804 0.022672 0.072712
0 0.631281 0.599060 0.018076 0.023284
0 0.439798 0.735498 0.018076 0.070670
0 0.042586 0.509191 0.015319 0.055964
0 0.025888 0.508783 0.017463 0.053513
0 0.813113 0.467116 0.025735 0.075572
0 0.639706 0.160948 0.023897 0.077614
0 0.664216 0.161765 0.024510 0.076797
0 0.688572 0.161152 0.022978 0.075572
0 0.715533 0.159722 0.021140 0.077614
0 0.743566 0.158701 0.023284 0.080474
0 0.770221 0.154208 0.022672 0.075572
0 0.799020 0.153391 0.026348 0.081291
0 0.396140 0.730188 0.018995 0.069853
0 0.895067 0.152369 0.021752 0.076797
0 0.919424 0.152369 0.022059 0.081699
0 0.941942 0.152574 0.020527 0.067402
0 0.969056 0.147059 0.023897 0.078431
0 0.387255 0.326185 0.020833 0.064951
0 0.409161 0.327614 0.021752 0.068627
0 0.428615 0.320874 0.018382 0.075572
0 0.450521 0.322304 0.021752 0.071078
0 0.471048 0.321895 0.019301 0.073529
0 0.491575 0.321078 0.019301 0.078431
0 0.512255 0.320261 0.018995 0.079248
0 0.532016 0.321691 0.021140 0.079657
0 0.626225 0.268995 0.018995 0.082108
0 0.547028 0.212214 0.024203 0.091095
0 0.524510 0.202410 0.016544 0.118056
0 0.498775 0.204657 0.031863 0.116830
0 0.473346 0.212010 0.018382 0.096405
0 0.167586 0.333946 0.022059 0.065768
0 0.195925 0.343750 0.017463 0.049428
0 0.212469 0.344975 0.015012 0.048611
0 0.228554 0.344567 0.016544 0.048611
0 0.246477 0.347222 0.014400 0.051471
0 0.262868 0.347018 0.017157 0.047794
0 0.282016 0.345792 0.017463 0.046160
0 0.299786 0.344771 0.016850 0.049020
0 0.317708 0.335580 0.016544 0.064134
0 0.162837 0.249387 0.018076 0.055147
0 0.647212 0.270016 0.022978 0.080882
0 0.188419 0.251838 0.015319 0.052696
0 0.218137 0.243668 0.015319 0.060866
0 0.235141 0.243464 0.015012 0.059641
0 0.251838 0.243668 0.017770 0.062500
0 0.269148 0.243873 0.016850 0.063725
0 0.287990 0.242443 0.017770 0.062500
0 0.304534 0.255923 0.015319 0.032271
0 0.319700 0.243873 0.015012 0.056373
0 0.386642 0.203227 0.026961 0.106618
0 0.428615 0.212827 0.020833 0.097222
0 0.451134 0.211806 0.022978 0.097631
0 0.202665 0.252859 0.013174 0.048203
0 0.668964 0.268587 0.019301 0.078840
0 0.691636 0.269812 0.025429 0.078840
0 0.717984 0.274510 0.022365 0.076797
0 0.121170 0.424224 0.015625 0.064134
0 0.167279 0.427696 0.015931 0.075980
0 0.191789 0.438930 0.016544 0.050245
0 0.209406 0.439542 0.017463 0.049020
0 0.227022 0.438113 0.017157 0.051062
0 0.245558 0.439134 0.016238 0.047386
0 0.263327 0.439747 0.019301 0.046977
0 0.281097 0.440564 0.015625 0.044526
0 0.298407 0.440768 0.019608 0.049020
0 0.315870 0.441381 0.014706 0.047794
0 0.104626 0.422998 0.013174 0.062500
0 0.389859 0.427900 0.015625 0.081291
0 0.429381 0.429534 0.022365 0.077206
0 0.451593 0.425449 0.020221 0.084559
0 0.474571 0.433619 0.015931 0.082925
0 0.495251 0.431373 0.022978 0.089052
0 0.519148 0.432190 0.024203 0.089869
0 0.543658 0.434641 0.018689 0.089869
0 0.666054 0.484069 0.030025 0.027778
0 0.703585 0.484069 0.027880 0.032680
0 0.746630 0.492443 0.033088 0.023284
0 0.788603 0.469158 0.023284 0.074755
0 0.408854 0.430556 0.017463 0.076797
0 0.095895 0.348039 0.015319 0.053105
0 0.088848 0.423203 0.015931 0.064542
0 0.056526 0.422181 0.015625 0.062500
0 0.743873 0.273897 0.025735 0.078023
0 0.770221 0.273897 0.022672 0.078023
0 0.794118 0.273284 0.025123 0.079248
0 0.820312 0.270629 0.027267 0.076389
0 0.878217 0.274101 0.029718 0.104575
0 0.912224 0.276757 0.034620 0.098448
0 0.952972 0.276552 0.033395 0.094771
0 0.985600 0.274918 0.028799 0.098039
0 0.625766 0.367647 0.017463 0.066176
0 0.644914 0.368873 0.020221 0.065359
0 0.072917 0.421977 0.016544 0.062908
0 0.665135 0.370711 0.018995 0.067402
0 0.714461 0.367851 0.023897 0.071487
0 0.739430 0.369894 0.023591 0.078023
0 0.763480 0.370711 0.022672 0.077206
0 0.788297 0.369281 0.025123 0.077614
0 0.815870 0.368668 0.029412 0.075572
0 0.887102 0.408701 0.045650 0.102533
0 0.940717 0.408905 0.057904 0.102941
0 0.984681 0.410539 0.030637 0.106209
0 0.022518 0.420139 0.016238 0.060866
0 0.039675 0.421160 0.018076 0.059641
0 0.685509 0.370302 0.020527 0.064951
0 0.825521 0.152574 0.025429 0.082108
0 0.306526 0.620098 0.013787 0.062908
