0 0.166738 0.624159 0.030394 0.051202
0 0.205051 0.622115 0.035959 0.058654
0 0.245077 0.624038 0.036387 0.058173
0 0.288955 0.620313 0.031678 0.045913
0 0.396832 0.621514 0.036815 0.055529
0 0.358091 0.620793 0.037243 0.054087
0 0.438356 0.618630 0.044521 0.063702
0 0.136130 0.623558 0.032534 0.050000
0 0.136344 0.350120 0.074914 0.024760
0 0.325128 0.614423 0.027825 0.045673
0 0.322346 0.400962 0.085616 0.037019
0 0.206550 0.345433 0.043236 0.037019
0 0.623930 0.400000 0.099743 0.039904
0 0.877783 0.688582 0.061216 0.029087
0 0.774615 0.793510 0.060360 0.021635
0 0.843108 0.795913 0.058647 0.026442
0 0.816995 0.762260 0.065497 0.025000
0 0.909033 0.797476 0.060360 0.024760
0 0.971961 0.776202 0.056079 0.074038
0 0.953339 0.669591 0.030822 0.028606
0 0.799443 0.622476 0.034675 0.057452
0 0.760274 0.627284 0.035959 0.059375
0 0.723245 0.630048 0.029538 0.048558
0 0.690283 0.629928 0.034675 0.048317
0 0.656678 0.629327 0.030822 0.049519
0 0.795805 0.688702 0.056507 0.026923
0 0.623074 0.627043 0.031250 0.047356
0 0.536601 0.618029 0.047517 0.064904
0 0.486729 0.618029 0.047945 0.062500
0 0.427868 0.222115 0.090325 0.012019
0 0.432149 0.208413 0.098887 0.012981
0 0.362158 0.196755 0.035103 0.065144
0 0.327055 0.196875 0.031678 0.062981
0 0.289170 0.195913 0.032106 0.063462
0 0.220034 0.204447 0.048801 0.049760
0 0.141695 0.274880 0.043664 0.025721
0 0.183861 0.276683 0.035531 0.026923
0 0.237158 0.274399 0.066781 0.031490
0 0.318493 0.279087 0.065068 0.019712
0 0.583904 0.618750 0.045377 0.066346
0 0.309932 0.256971 0.069349 0.022596
0 0.722175 0.686538 0.073630 0.026923
0 0.548373 0.678726 0.058219 0.018510
0 0.242080 0.343750 0.026113 0.037981
0 0.449272 0.399279 0.086901 0.033654
0 0.372432 0.344231 0.047089 0.038942
0 0.457406 0.345313 0.052654 0.043510
0 0.521618 0.345192 0.050942 0.040865
0 0.578553 0.340264 0.050942 0.047837
0 0.637842 0.340144 0.043664 0.047596
0 0.708476 0.784736 0.059075 0.041587
0 0.645976 0.786779 0.064212 0.040865
0 0.587115 0.786538 0.038955 0.036058
0 0.547303 0.785096 0.038955 0.035577
0 0.504067 0.783894 0.035531 0.032212
0 0.649829 0.683894 0.071918 0.026442
0 0.465753 0.783413 0.035959 0.032212
0 0.362158 0.765986 0.047089 0.057933
0 0.310146 0.772837 0.052654 0.046635
0 0.280180 0.730168 0.031250 0.038702
0 0.245933 0.734135 0.038099 0.041827
0 0.194777 0.758654 0.053082 0.060577
0 0.151327 0.757212 0.033818 0.050481
0 0.117080 0.759856 0.036387 0.050962
0 0.183219 0.679447 0.034247 0.027163
0 0.285317 0.677404 0.066353 0.020673
0 0.352740 0.684255 0.036815 0.029567
0 0.412671 0.684736 0.059932 0.023317
0 0.475385 0.684736 0.063784 0.023317
0 0.421233 0.769471 0.047945 0.034615
0 0.385274 0.277404 0.064212 0.021154
0 0.278467 0.346154 0.048373 0.040385
0 0.806935 0.546635 0.036815 0.059135
0 0.646190 0.550240 0.031250 0.045192
0 0.612586 0.551442 0.030822 0.047596
0 0.562286 0.549519 0.064640 0.024519
0 0.491010 0.533293 0.073630 0.031971
0 0.489084 0.561418 0.069777 0.022356
0 0.417594 0.540745 0.069777 0.021394
0 0.418878 0.562139 0.068065 0.018990
0 0.348887 0.556971 0.066781 0.027885
0 0.269264 0.539663 0.071918 0.024038
0 0.278039 0.560697 0.068065 0.018510
0 0.205479 0.545312 0.053938 0.051683
0 0.144692 0.544231 0.062500 0.054327
0 0.679580 0.548798 0.030394 0.044231
0 0.148330 0.475000 0.078339 0.022115
0 0.309289 0.472356 0.072346 0.028365
0 0.382920 0.474760 0.072346 0.026442
0 0.475599 0.474279 0.068493 0.025481
0 0.604880 0.475361 0.078767 0.027644
0 0.688570 0.475000 0.077483 0.026923
0 0.755993 0.466466 0.053082 0.046875
0 0.806507 0.471274 0.044521 0.035817
0 0.851241 0.470673 0.043236 0.034615
0 0.903039 0.457692 0.044092 0.020673
0 0.892551 0.479087 0.035959 0.020673
0 0.813784 0.394111 0.050514 0.032452
0 0.402611 0.257692 0.039812 0.014904
0 0.222817 0.475000 0.067209 0.022115
0 0.708690 0.543870 0.029538 0.046394
0 0.726884 0.400000 0.091610 0.037500
0 0.848245 0.546274 0.044092 0.058413
0 0.455265 0.275000 0.061216 0.028365
0 0.517123 0.275240 0.064212 0.030769
0 0.584760 0.272115 0.051370 0.034135
0 0.646404 0.271274 0.047945 0.032452
0 0.734803 0.267909 0.061216 0.040144
0 0.818493 0.262861 0.089897 0.047356
0 0.909033 0.270673 0.081764 0.033654
0 0.765411 0.546274 0.041952 0.056010
0 0.747646 0.197476 0.116010 0.019471
0 0.838613 0.198918 0.062500 0.055529
0 0.892123 0.198197 0.043664 0.056490
0 0.941995 0.196635 0.050942 0.055769
0 0.734375 0.341587 0.047517 0.048077
0 0.748288 0.217909 0.117295 0.020433
0 0.920805 0.315505 0.054795 0.019471
0 0.818921 0.339423 0.047945 0.046154
0 0.948202 0.609856 0.037671 0.032212
0 0.985231 0.608654 0.029538 0.029808
0 0.955479 0.577163 0.065068 0.030288
0 0.946918 0.541947 0.065068 0.035337
0 0.891695 0.546514 0.039384 0.058894
0 0.966824 0.459615 0.066353 0.038462
0 0.919521 0.402764 0.047945 0.040625
0 0.976241 0.329808 0.047517 0.040865
0 0.971104 0.375481 0.051798 0.042788
0 0.919092 0.345553 0.042808 0.037260
0 0.945205 0.502885 0.057363 0.032692
