0 0.251021 0.415441 0.055147 0.112745
0 0.558211 0.431832 0.040441 0.100797
0 0.308619 0.414522 0.055147 0.104167
0 0.369281 0.420956 0.062908 0.109681
0 0.512051 0.428768 0.050245 0.109988
0 0.599673 0.427237 0.033497 0.099571
0 0.852941 0.440257 0.058824 0.104167
0 0.700163 0.434743 0.040850 0.111520
0 0.753472 0.436887 0.060049 0.105392
0 0.801266 0.439185 0.033088 0.108150
0 0.910948 0.442862 0.040033 0.106311
0 0.957516 0.445159 0.047386 0.107230
0 0.196691 0.409467 0.048611 0.104473
0 0.645833 0.432751 0.052288 0.102635
0 0.141544 0.411765 0.051062 0.109069
0 0.308007 0.287531 0.051471 0.114277
0 0.204657 0.281710 0.049837 0.116115
0 0.893382 0.043045 0.049837 0.083640
0 0.952819 0.045650 0.060049 0.089461
0 0.027982 0.136795 0.055964 0.111826
0 0.090891 0.141085 0.062500 0.111213
0 0.208946 0.157629 0.078023 0.040748
0 0.313317 0.151195 0.041667 0.117953
0 0.356822 0.153339 0.041258 0.112439
0 0.402982 0.159773 0.049428 0.114277
0 0.456291 0.160692 0.053922 0.111213
0 0.514297 0.168352 0.056373 0.113664
0 0.565155 0.188266 0.030637 0.068321
0 0.607435 0.173713 0.053922 0.105392
0 0.667892 0.162837 0.066176 0.125919
0 0.721405 0.176930 0.037582 0.106924
0 0.152369 0.281250 0.050654 0.117034
0 0.762663 0.186121 0.038399 0.094056
0 0.915237 0.171109 0.055964 0.043199
0 0.972222 0.143689 0.053922 0.057598
0 0.933619 0.321691 0.034722 0.101716
0 0.887255 0.318321 0.053105 0.101716
0 0.834150 0.316176 0.047386 0.103554
0 0.780025 0.307751 0.054330 0.116728
0 0.718137 0.306985 0.059641 0.110907
0 0.659926 0.304994 0.049428 0.117953
0 0.521242 0.301777 0.040033 0.112745
0 0.474060 0.297488 0.043709 0.108456
0 0.415850 0.293658 0.051471 0.115502
0 0.362132 0.290748 0.051879 0.108456
0 0.946895 0.563725 0.035948 0.099265
0 0.255923 0.284926 0.051879 0.112132
0 0.860294 0.165441 0.047386 0.052083
0 0.904412 0.562653 0.044118 0.098346
0 0.686683 0.553768 0.058007 0.102022
0 0.789216 0.555913 0.040033 0.098346
0 0.198529 0.750766 0.052288 0.073223
0 0.139910 0.750613 0.060866 0.072917
0 0.068832 0.754289 0.062500 0.074755
0 0.114583 0.815564 0.040441 0.021446
0 0.063521 0.822610 0.045343 0.031250
0 0.021855 0.861520 0.043709 0.035539
0 0.065564 0.858762 0.037990 0.033088
0 0.105596 0.859681 0.037173 0.035539
0 0.144812 0.865502 0.037173 0.035539
0 0.184845 0.865809 0.039624 0.036765
0 0.233252 0.873315 0.054739 0.026654
0 0.289828 0.873928 0.056781 0.027880
0 0.347426 0.875460 0.055964 0.030944
0 0.405025 0.875000 0.055964 0.028799
0 0.459763 0.876225 0.049428 0.027574
0 0.460172 0.845282 0.050245 0.024510
0 0.515931 0.845741 0.058007 0.028493
0 0.513889 0.878523 0.053922 0.029718
0 0.567402 0.878217 0.047386 0.028493
0 0.618873 0.879442 0.052288 0.027880
0 0.731618 0.840227 0.050654 0.020527
0 0.678105 0.877604 0.052288 0.019301
0 0.734273 0.880208 0.051879 0.023897
0 0.794730 0.886029 0.051062 0.028186
0 0.787377 0.849265 0.046160 0.022059
0 0.842729 0.851409 0.061275 0.025123
0 0.845384 0.885110 0.045343 0.025123
0 0.894199 0.884957 0.044118 0.026042
0 0.943219 0.885263 0.050654 0.027267
0 0.258374 0.755668 0.060049 0.073836
0 0.319649 0.756434 0.056781 0.073529
0 0.610294 0.762255 0.052288 0.074142
0 0.673203 0.761489 0.066993 0.072610
0 0.741013 0.555300 0.048203 0.097120
0 0.633374 0.550551 0.041258 0.103554
0 0.582516 0.548713 0.050654 0.099265
0 0.530637 0.546109 0.046569 0.097733
0 0.422998 0.543199 0.044526 0.094363
0 0.271038 0.538143 0.046160 0.103248
0 0.219363 0.536918 0.050654 0.098958
0 0.165237 0.532935 0.050245 0.100797
0 0.108660 0.532016 0.055556 0.097733
0 0.052696 0.336244 0.017157 0.100797
0 0.024714 0.418964 0.022467 0.110600
0 0.053513 0.480545 0.020425 0.111826
0 0.020833 0.524969 0.041667 0.098346
0 0.020833 0.647672 0.041667 0.077206
0 0.844771 0.558824 0.061275 0.103554
0 0.075980 0.650123 0.060458 0.076593
0 0.205065 0.651808 0.060458 0.076287
0 0.266136 0.653799 0.060866 0.075980
0 0.329044 0.649663 0.064134 0.083640
0 0.398489 0.652880 0.069036 0.076593
0 0.591503 0.664369 0.117647 0.072610
0 0.686275 0.667433 0.068627 0.077512
0 0.758374 0.664828 0.075572 0.073529
0 0.837827 0.673713 0.071078 0.078431
0 0.912990 0.675245 0.071895 0.075368
0 0.974877 0.676930 0.048611 0.077512
0 0.936887 0.770221 0.062500 0.074142
0 0.873366 0.768382 0.061275 0.078431
0 0.807598 0.766391 0.058824 0.076287
0 0.732639 0.750306 0.049428 0.055760
0 0.141544 0.650888 0.065768 0.078125
0 0.570466 0.303156 0.051879 0.110600
