0 0.355392 0.496630 0.048203 0.042279
0 0.430556 0.342065 0.028595 0.060355
0 0.439747 0.711857 0.054330 0.075061
0 0.383578 0.334406 0.058824 0.078125
0 0.323734 0.308211 0.037173 0.130515
0 0.333333 0.138480 0.040033 0.097426
0 0.289420 0.139706 0.040441 0.099877
0 0.246732 0.149816 0.028595 0.096201
0 0.199346 0.140931 0.049837 0.104779
0 0.151757 0.135417 0.032271 0.099265
0 0.056168 0.321844 0.037173 0.107537
0 0.437704 0.826900 0.051879 0.112745
0 0.493464 0.825521 0.050654 0.115502
0 0.548611 0.837469 0.054739 0.100797
0 0.608047 0.844056 0.054330 0.109069
0 0.349877 0.453278 0.053513 0.043199
0 0.675245 0.835784 0.062092 0.125613
0 0.497345 0.713542 0.046160 0.073529
0 0.543301 0.715074 0.029412 0.076593
0 0.038194 0.142157 0.050245 0.099877
0 0.011846 0.322457 0.022059 0.098958
0 0.619894 0.721201 0.026552 0.074142
0 0.580882 0.713235 0.029412 0.080270
0 0.115605 0.140472 0.031863 0.110600
0 0.417075 0.477175 0.063725 0.076287
0 0.838031 0.465074 0.037173 0.088235
0 0.567198 0.466605 0.077206 0.092525
0 0.646650 0.317249 0.085784 0.116728
0 0.540645 0.342831 0.095180 0.070466
0 0.461193 0.342525 0.031046 0.061887
0 0.716095 0.313879 0.041667 0.094669
0 0.762868 0.320312 0.043709 0.089154
0 0.809845 0.320466 0.036356 0.088848
0 0.851103 0.327053 0.040441 0.080576
0 0.388072 0.707874 0.046569 0.076900
0 0.897876 0.328278 0.036765 0.075674
0 0.940359 0.316636 0.043301 0.091605
0 0.375000 0.143382 0.031863 0.082721
0 0.422794 0.147825 0.052288 0.071385
0 0.488971 0.136029 0.050654 0.077819
0 0.549837 0.134804 0.055556 0.082721
0 0.617239 0.127757 0.053105 0.094363
0 0.672386 0.124234 0.045752 0.091605
0 0.729779 0.123621 0.042892 0.095282
0 0.781454 0.124234 0.048203 0.096507
0 0.903391 0.086857 0.154820 0.173713
0 0.931577 0.471048 0.042075 0.086091
0 0.882761 0.468750 0.042484 0.083333
0 0.789011 0.457261 0.053513 0.106311
0 0.717116 0.466605 0.056781 0.092525
0 0.669526 0.469056 0.036765 0.090074
0 0.624592 0.466146 0.035131 0.090993
0 0.494894 0.476562 0.062500 0.070159
0 0.340074 0.710784 0.031454 0.070466
0 0.973039 0.709865 0.026961 0.073529
0 0.272876 0.708640 0.022059 0.073529
0 0.269199 0.623928 0.049020 0.059130
0 0.217320 0.610907 0.049837 0.063113
0 0.176675 0.614583 0.023284 0.058211
0 0.131536 0.607537 0.057190 0.072304
0 0.061479 0.590839 0.028186 0.100797
0 0.021446 0.595282 0.026552 0.091912
0 0.034722 0.467831 0.051471 0.079044
0 0.083333 0.474112 0.039216 0.082414
0 0.121119 0.479320 0.024918 0.078125
0 0.157475 0.479013 0.040441 0.076900
0 0.225082 0.469056 0.026144 0.086397
0 0.265931 0.472886 0.022876 0.079350
0 0.320261 0.600643 0.043301 0.093444
0 0.302492 0.471201 0.030637 0.085784
0 0.876225 0.843290 0.071895 0.114277
0 0.959355 0.869638 0.081291 0.079350
0 0.185253 0.298407 0.053513 0.156863
0 0.274510 0.321844 0.043301 0.109988
0 0.978962 0.425398 0.042075 0.116115
0 0.654820 0.719363 0.028595 0.075368
0 0.689134 0.720435 0.035131 0.089767
0 0.728962 0.717525 0.030637 0.076593
0 0.765727 0.715993 0.029003 0.088235
0 0.802083 0.728248 0.024918 0.046569
0 0.834559 0.724112 0.037582 0.082414
0 0.886029 0.720741 0.062092 0.081189
0 0.803309 0.841146 0.058415 0.116728
0 0.298407 0.714461 0.026552 0.063113
0 0.385212 0.598192 0.039216 0.105699
0 0.458742 0.605086 0.029412 0.091912
0 0.241422 0.704197 0.022876 0.067096
0 0.208129 0.705882 0.030637 0.077819
0 0.175858 0.701746 0.029820 0.079350
0 0.137255 0.700061 0.029412 0.073529
0 0.100286 0.702972 0.028186 0.071998
0 0.063317 0.697151 0.030229 0.062806
0 0.029003 0.691483 0.035948 0.066176
0 0.070261 0.827359 0.084967 0.082414
0 0.151757 0.824142 0.074755 0.111520
0 0.211601 0.813879 0.040033 0.061581
0 0.256536 0.820466 0.044935 0.075980
0 0.307802 0.827665 0.037990 0.085478
0 0.426266 0.602328 0.026552 0.099877
0 0.348039 0.820159 0.026961 0.102941
0 0.939951 0.714767 0.029412 0.073529
0 0.953636 0.567096 0.050245 0.099877
0 0.894199 0.639400 0.058824 0.040441
0 0.815972 0.599112 0.048611 0.040748
0 0.815155 0.641850 0.056781 0.037990
0 0.755719 0.617341 0.055556 0.072304
0 0.699755 0.616575 0.044935 0.083640
0 0.733047 0.835784 0.051062 0.128676
0 0.655433 0.615043 0.031454 0.079350
0 0.612541 0.609681 0.040441 0.077819
0 0.578227 0.614430 0.027369 0.070772
0 0.536765 0.609222 0.035948 0.081189
0 0.493668 0.594056 0.037173 0.123775
0 0.385417 0.826440 0.041258 0.114890
0 0.110090 0.324142 0.033905 0.101103
