0 0.798177 0.553125 0.058854 0.011719
0 0.740104 0.547656 0.054167 0.015625
0 0.686458 0.540430 0.037500 0.062109
0 0.637240 0.537500 0.050521 0.071094
0 0.590365 0.534180 0.038021 0.072266
0 0.541927 0.528906 0.055729 0.090625
0 0.289062 0.531641 0.062500 0.078906
0 0.385937 0.506641 0.051042 0.058594
0 0.228385 0.530469 0.051562 0.082031
0 0.172656 0.529102 0.054688 0.088672
0 0.111458 0.530469 0.059375 0.084375
0 0.744010 0.565039 0.054688 0.011328
0 0.038021 0.502734 0.069792 0.067969
0 0.485156 0.532422 0.053646 0.080469
0 0.808073 0.569141 0.052604 0.009375
0 0.941667 0.472266 0.042708 0.031250
0 0.890365 0.517578 0.044271 0.036719
0 0.980729 0.389648 0.038542 0.098828
0 0.414062 0.631445 0.054167 0.077734
0 0.351042 0.637305 0.062500 0.077734
0 0.292448 0.636719 0.049479 0.076563
0 0.236458 0.634961 0.052083 0.077734
0 0.177865 0.632617 0.045312 0.083203
0 0.844271 0.515625 0.040625 0.039844
0 0.033854 0.660547 0.067708 0.077344
0 0.972135 0.553516 0.041146 0.032031
0 0.976562 0.516992 0.043750 0.035547
0 0.931250 0.554102 0.037500 0.036328
0 0.930990 0.516992 0.036979 0.035547
0 0.886458 0.555859 0.042708 0.036719
0 0.848437 0.555664 0.026042 0.033984
0 0.897917 0.471094 0.036458 0.031250
0 0.936458 0.391016 0.038542 0.096875
0 0.657031 0.262500 0.047396 0.103906
0 0.720052 0.405664 0.075521 0.074609
0 0.940625 0.046680 0.066667 0.030078
0 0.941927 0.013477 0.072396 0.024609
0 0.937500 0.118164 0.057292 0.099609
0 0.883854 0.116211 0.037500 0.105078
0 0.764583 0.042773 0.106250 0.022266
0 0.763542 0.019531 0.110417 0.021875
0 0.832292 0.112500 0.055208 0.107813
0 0.771875 0.110547 0.058333 0.106250
0 0.078906 0.261914 0.066146 0.105078
0 0.714063 0.109180 0.054167 0.108203
0 0.598698 0.102148 0.051562 0.123828
0 0.468229 0.101367 0.081250 0.122266
0 0.383594 0.102148 0.083854 0.118359
0 0.296354 0.120703 0.089583 0.082031
0 0.202083 0.121680 0.093750 0.083984
0 0.111458 0.124219 0.082292 0.082031
0 0.045052 0.100977 0.044271 0.126172
0 0.495312 0.860156 0.080208 0.092188
0 0.655729 0.109961 0.052083 0.105078
0 0.142969 0.263086 0.060937 0.102734
0 0.208333 0.261328 0.057292 0.108594
0 0.273177 0.250781 0.070312 0.124219
0 0.642969 0.404102 0.075521 0.073828
0 0.563542 0.403320 0.076042 0.076953
0 0.483073 0.406836 0.075521 0.074609
0 0.399740 0.404687 0.084896 0.077344
0 0.315885 0.403711 0.076563 0.075391
0 0.221354 0.404687 0.080208 0.075000
0 0.145833 0.410938 0.063542 0.057813
0 0.084375 0.411914 0.054167 0.059766
0 0.026042 0.405859 0.052083 0.070312
0 0.957552 0.254688 0.041146 0.103125
0 0.830208 0.262891 0.044792 0.104688
0 0.778646 0.261133 0.048958 0.108203
0 0.721354 0.264062 0.048958 0.104688
0 0.607812 0.262500 0.040625 0.103906
0 0.560937 0.262500 0.044792 0.103906
0 0.510156 0.264648 0.047396 0.103516
0 0.458333 0.269727 0.048958 0.086328
0 0.404427 0.268359 0.048438 0.089063
0 0.342969 0.248828 0.063021 0.130469
0 0.800521 0.405078 0.077083 0.075781
0 0.540885 0.100781 0.056771 0.125781
0 0.396875 0.875781 0.085417 0.075000
0 0.952344 0.713867 0.034896 0.025391
0 0.122656 0.859375 0.075521 0.078906
0 0.038021 0.868359 0.076042 0.067187
0 0.041927 0.798047 0.083854 0.068750
0 0.771875 0.726172 0.055208 0.029687
0 0.775000 0.771875 0.058333 0.028125
0 0.863542 0.852539 0.101042 0.104297
0 0.965104 0.851172 0.069792 0.103906
0 0.209115 0.742578 0.066146 0.077344
0 0.286458 0.740039 0.073958 0.089453
0 0.367188 0.740625 0.084375 0.090625
0 0.546354 0.744922 0.067708 0.084375
0 0.637240 0.757617 0.053646 0.031641
0 0.635156 0.714258 0.059896 0.030859
0 0.703906 0.739062 0.063021 0.028906
0 0.909375 0.716016 0.033333 0.024219
0 0.783594 0.872266 0.040104 0.064844
0 0.742188 0.872461 0.038542 0.062891
0 0.705990 0.770898 0.060937 0.029297
0 0.473438 0.636523 0.056250 0.073828
0 0.311979 0.844531 0.068750 0.068750
0 0.952083 0.684570 0.037500 0.027734
0 0.911979 0.686328 0.035417 0.028906
0 0.134115 0.740625 0.081771 0.083594
0 0.956771 0.655078 0.039583 0.029687
0 0.868229 0.709570 0.032292 0.028516
0 0.829688 0.711523 0.037500 0.030078
0 0.916406 0.655078 0.033854 0.029687
0 0.748177 0.645703 0.036979 0.052344
0 0.702344 0.643750 0.046354 0.068750
0 0.212760 0.855078 0.082812 0.079687
0 0.658073 0.640625 0.033854 0.064844
0 0.617448 0.646289 0.040104 0.061328
0 0.575781 0.641211 0.031771 0.060547
0 0.529948 0.636719 0.048438 0.071094
0 0.787500 0.649609 0.037500 0.050781
0 0.585156 0.852734 0.086979 0.096875
