0 0.105801 0.411918 0.017157 0.063419
0 0.532680 0.419884 0.026961 0.062806
0 0.485498 0.415594 0.021650 0.066483
0 0.461601 0.415748 0.026144 0.066176
0 0.362337 0.415901 0.021242 0.064645
0 0.387051 0.416054 0.022467 0.063725
0 0.127655 0.411612 0.024918 0.060968
0 0.340482 0.415748 0.020833 0.064338
0 0.557598 0.419730 0.022059 0.063725
0 0.317198 0.415288 0.024101 0.060968
0 0.437092 0.416360 0.024510 0.063113
0 0.582516 0.420803 0.026961 0.064645
0 0.728350 0.420956 0.031046 0.069240
0 0.649714 0.418352 0.017565 0.067096
0 0.958538 0.638940 0.030637 0.060355
0 0.930351 0.637408 0.025735 0.064032
0 0.989175 0.571691 0.021650 0.069240
0 0.965278 0.572304 0.024510 0.070466
0 0.938317 0.570466 0.023693 0.069240
0 0.970997 0.499847 0.030229 0.069547
0 0.943423 0.498775 0.025735 0.071691
0 0.233047 0.595282 0.021650 0.058824
0 0.174428 0.413143 0.015523 0.061581
0 0.845588 0.417433 0.025327 0.067096
0 0.819853 0.418658 0.022059 0.065257
0 0.785131 0.421569 0.024510 0.070466
0 0.758783 0.422794 0.027369 0.068627
0 0.702614 0.417739 0.020425 0.068321
0 0.676062 0.417892 0.031863 0.068015
0 0.611315 0.419577 0.029820 0.067096
0 0.195466 0.412377 0.025735 0.063113
0 0.667892 0.619332 0.024510 0.058517
0 0.243056 0.414522 0.024510 0.062500
0 0.427083 0.484528 0.022467 0.060355
0 0.389297 0.479626 0.023693 0.059743
0 0.366830 0.480392 0.020425 0.056985
0 0.343954 0.478860 0.024510 0.059436
0 0.319444 0.478554 0.026144 0.063113
0 0.297794 0.477482 0.017157 0.061581
0 0.275940 0.479320 0.024101 0.059130
0 0.245098 0.477482 0.023693 0.061581
0 0.223652 0.476716 0.019199 0.061275
0 0.203023 0.474418 0.016340 0.058517
0 0.180351 0.475031 0.021650 0.055453
0 0.155433 0.474112 0.020016 0.056679
0 0.132557 0.471967 0.022467 0.056679
0 0.111928 0.471354 0.016340 0.054841
0 0.094363 0.471507 0.019608 0.053309
0 0.058415 0.470435 0.024510 0.058517
0 0.036560 0.469516 0.018382 0.058517
0 0.016136 0.471354 0.022467 0.055453
0 0.896038 0.565104 0.030637 0.064032
0 0.867239 0.563572 0.026961 0.067096
0 0.218546 0.413450 0.018791 0.064032
0 0.812500 0.562500 0.022876 0.062500
0 0.777778 0.561121 0.028595 0.064645
0 0.451185 0.482537 0.023284 0.062500
0 0.494485 0.480852 0.020016 0.057904
0 0.512663 0.481464 0.014706 0.058517
0 0.532680 0.485447 0.022876 0.067096
0 0.186275 0.592678 0.017974 0.060355
0 0.164828 0.589308 0.022467 0.054228
0 0.142361 0.590380 0.019199 0.058211
0 0.121528 0.588695 0.022467 0.055453
0 0.100899 0.588235 0.016340 0.056373
0 0.071895 0.588082 0.022059 0.056679
0 0.051471 0.588082 0.019608 0.058517
0 0.031046 0.584099 0.020425 0.049939
0 0.009804 0.584406 0.019608 0.048713
0 0.981618 0.640931 0.016340 0.063725
0 0.209559 0.593290 0.026144 0.055453
0 0.749183 0.559896 0.027778 0.067096
0 0.906046 0.497396 0.027778 0.066483
0 0.818015 0.494332 0.021650 0.065257
0 0.846609 0.495711 0.023284 0.066176
0 0.777574 0.492953 0.026552 0.064338
0 0.750613 0.491115 0.027369 0.066176
0 0.724469 0.490196 0.023284 0.064951
0 0.695670 0.488817 0.029412 0.064032
0 0.668505 0.489583 0.025735 0.063725
0 0.643178 0.489277 0.023284 0.064951
0 0.607639 0.487745 0.025735 0.066176
0 0.580882 0.487286 0.023693 0.063419
0 0.556373 0.487439 0.025327 0.063725
0 0.874796 0.496477 0.024101 0.065257
0 0.721609 0.558058 0.026552 0.064032
0 0.838848 0.561734 0.030637 0.063419
0 0.668505 0.553615 0.029003 0.065564
0 0.836193 0.626685 0.025327 0.060968
0 0.808824 0.626838 0.025327 0.061887
0 0.694444 0.555913 0.023693 0.068934
0 0.747753 0.625919 0.028186 0.062500
0 0.720384 0.624387 0.027369 0.060662
0 0.694444 0.623009 0.023693 0.064032
0 0.641544 0.617188 0.024101 0.059130
0 0.604984 0.617800 0.023693 0.061581
0 0.581087 0.616422 0.024101 0.064951
0 0.554739 0.614430 0.025327 0.061581
0 0.532475 0.613205 0.019199 0.063419
0 0.862541 0.628217 0.027369 0.062194
0 0.497753 0.607384 0.026552 0.056066
0 0.452819 0.605852 0.016748 0.059130
0 0.431781 0.603707 0.019608 0.058517
0 0.393587 0.603860 0.023284 0.056373
0 0.370098 0.603401 0.020425 0.054841
0 0.348243 0.600797 0.021650 0.055147
0 0.323734 0.599724 0.022467 0.053002
0 0.303513 0.600643 0.018791 0.055453
0 0.284109 0.599724 0.018382 0.057904
0 0.253676 0.596048 0.021242 0.054841
0 0.294322 0.416513 0.018382 0.061581
0 0.270425 0.415441 0.024510 0.058211
0 0.473856 0.605852 0.020425 0.058517
0 0.890523 0.629596 0.028595 0.060049
0 0.775123 0.626991 0.024918 0.060355
0 0.022672 0.529412 0.016748 0.055147
0 0.640523 0.554994 0.024510 0.064645
0 0.609069 0.554228 0.025327 0.063113
0 0.581699 0.552696 0.026961 0.063725
0 0.554739 0.551011 0.022059 0.060968
0 0.532884 0.549786 0.020016 0.063419
0 0.501430 0.547947 0.024101 0.062194
0 0.453636 0.545343 0.021650 0.058211
0 0.006740 0.527420 0.013480 0.057292
0 0.393791 0.542433 0.023693 0.059130
0 0.368668 0.539828 0.024101 0.063113
0 0.345384 0.540594 0.022467 0.062806
0 0.324755 0.541360 0.019608 0.061275
0 0.430351 0.545190 0.020016 0.059130
0 0.279003 0.537837 0.021242 0.059130
0 0.301471 0.539062 0.024510 0.058517
0 0.066789 0.530178 0.021650 0.057292
0 0.099060 0.531403 0.019199 0.055453
0 0.118260 0.532169 0.019199 0.055760
0 0.138889 0.531403 0.021242 0.057904
0 0.043096 0.529259 0.022467 0.058517
0 0.187704 0.535846 0.020833 0.057598
0 0.206904 0.536458 0.017565 0.056373
0 0.226511 0.536305 0.021650 0.058517
0 0.250817 0.536458 0.022059 0.058824
0 0.160948 0.532016 0.021242 0.056066
0 0.476511 0.545956 0.021650 0.060662
