0 0.229779 0.583487 0.028186 0.022978
0 0.191176 0.580270 0.040033 0.037990
0 0.062296 0.757966 0.069853 0.069853
0 0.204044 0.753676 0.030637 0.068627
0 0.252247 0.754136 0.056781 0.071998
0 0.432598 0.750766 0.049837 0.065257
0 0.372141 0.754902 0.047386 0.071078
0 0.920343 0.750919 0.094771 0.074755
0 0.842525 0.774357 0.035539 0.026042
0 0.131536 0.753676 0.064542 0.085172
0 0.840686 0.740502 0.040850 0.037377
0 0.315564 0.755668 0.049428 0.075061
0 0.028595 0.851562 0.050654 0.098958
0 0.297590 0.602328 0.020016 0.024510
0 0.252655 0.877451 0.051062 0.037990
0 0.315972 0.867188 0.046977 0.062806
0 0.367851 0.867800 0.054330 0.059130
0 0.424632 0.865809 0.043709 0.057598
0 0.265727 0.599571 0.038807 0.033701
0 0.263685 0.564338 0.037990 0.028186
0 0.320466 0.602328 0.024101 0.022672
0 0.361315 0.604933 0.035539 0.018076
0 0.358047 0.586397 0.029003 0.021446
0 0.400735 0.593750 0.036765 0.036152
0 0.498775 0.859528 0.066993 0.073836
0 0.560866 0.870404 0.050654 0.061887
0 0.785335 0.765625 0.042075 0.053922
0 0.104984 0.856311 0.094771 0.084559
0 0.735294 0.761642 0.053922 0.064951
0 0.619077 0.873621 0.051879 0.056679
0 0.675654 0.754902 0.062908 0.073529
0 0.738358 0.680453 0.037990 0.041667
0 0.687908 0.673713 0.049020 0.050245
0 0.688725 0.636949 0.044118 0.022059
0 0.631127 0.675092 0.059641 0.049326
0 0.642157 0.426930 0.017974 0.029105
0 0.583538 0.675705 0.032271 0.051777
0 0.537786 0.667433 0.055964 0.070772
0 0.476103 0.666973 0.056781 0.072304
0 0.417484 0.666973 0.058007 0.072304
0 0.357639 0.670496 0.056781 0.070159
0 0.292688 0.666973 0.060866 0.082108
0 0.238358 0.671262 0.042075 0.064338
0 0.190768 0.668964 0.035948 0.076287
0 0.780229 0.722120 0.031863 0.012868
0 0.103962 0.647978 0.067402 0.060662
0 0.099265 0.523131 0.061275 0.058517
0 0.032680 0.541207 0.049020 0.070159
0 0.080270 0.414675 0.100082 0.109988
0 0.781250 0.643536 0.043709 0.032782
0 0.784314 0.680300 0.040033 0.034620
0 0.827206 0.686428 0.040033 0.029718
0 0.831904 0.646906 0.039624 0.029718
0 0.884191 0.670037 0.038807 0.064338
0 0.927696 0.671415 0.032680 0.059743
0 0.967116 0.670343 0.037990 0.062500
0 0.492851 0.755055 0.051879 0.071385
0 0.552492 0.751379 0.052696 0.068934
0 0.612949 0.756893 0.055964 0.072610
0 0.028799 0.638480 0.057598 0.070466
0 0.680351 0.872855 0.049428 0.060049
0 0.709559 0.315564 0.025327 0.110907
0 0.790441 0.867188 0.058824 0.070159
0 0.391136 0.431219 0.011846 0.025429
0 0.405025 0.430607 0.011029 0.026654
0 0.420547 0.430607 0.015931 0.029105
0 0.437296 0.430147 0.017565 0.030637
0 0.453023 0.430760 0.013889 0.026961
0 0.467933 0.430147 0.015114 0.030637
0 0.373775 0.426777 0.018791 0.035539
0 0.483456 0.429228 0.014297 0.031250
0 0.515931 0.431373 0.014706 0.030637
0 0.532680 0.429381 0.013072 0.031556
0 0.546977 0.429228 0.013072 0.031250
0 0.561683 0.429075 0.013889 0.030944
0 0.578636 0.428156 0.015931 0.031556
0 0.595588 0.428922 0.014706 0.033088
0 0.499387 0.429688 0.014297 0.029718
0 0.611724 0.428462 0.014297 0.029718
0 0.356005 0.430607 0.011846 0.026654
0 0.326185 0.431373 0.012663 0.028186
0 0.273080 0.319240 0.028186 0.110907
0 0.301675 0.321078 0.028186 0.112132
0 0.243260 0.323070 0.025735 0.106311
0 0.196895 0.321538 0.021242 0.107537
0 0.172794 0.319240 0.026144 0.108456
0 0.172794 0.433517 0.026144 0.027574
0 0.341095 0.431526 0.013889 0.028493
0 0.206087 0.435202 0.009395 0.028493
0 0.235090 0.432751 0.015931 0.028493
0 0.250204 0.435049 0.011029 0.028186
0 0.264297 0.434589 0.013889 0.029718
0 0.281863 0.431066 0.017157 0.027574
0 0.296569 0.431832 0.011438 0.029105
0 0.311887 0.433977 0.015931 0.026042
0 0.219363 0.433977 0.013072 0.030944
0 0.625613 0.427849 0.013480 0.026042
0 0.457721 0.501379 0.023284 0.015012
0 0.431985 0.500000 0.016748 0.018995
0 0.947508 0.413143 0.046977 0.063419
0 0.984886 0.412071 0.022876 0.049632
0 0.884600 0.406556 0.071487 0.060049
0 0.818832 0.424479 0.020016 0.030944
0 0.799020 0.425551 0.015523 0.031250
0 0.783088 0.425551 0.012255 0.031250
0 0.491626 0.500766 0.039624 0.059130
0 0.768995 0.424479 0.014297 0.030944
0 0.736520 0.427237 0.017974 0.032169
0 0.720997 0.427849 0.009804 0.028493
0 0.706495 0.425551 0.015931 0.031250
0 0.689951 0.429228 0.014706 0.028799
0 0.674224 0.427390 0.011846 0.027574
0 0.658701 0.428156 0.012663 0.029105
0 0.755310 0.426471 0.013889 0.030637
0 0.533292 0.512102 0.033905 0.031556
0 0.581904 0.490809 0.047794 0.024510
0 0.581904 0.517923 0.057598 0.021752
0 0.977124 0.481618 0.042484 0.047181
0 0.939338 0.482537 0.033905 0.049020
0 0.899714 0.484069 0.037990 0.054534
0 0.856209 0.510263 0.040033 0.025429
0 0.853350 0.478094 0.044118 0.030331
0 0.814338 0.510110 0.036356 0.027574
0 0.765114 0.510417 0.040033 0.033088
0 0.797181 0.474724 0.030637 0.026042
0 0.761029 0.475950 0.038399 0.028493
0 0.704657 0.510570 0.018791 0.028493
0 0.727124 0.512102 0.018791 0.019301
0 0.710989 0.472426 0.043709 0.023897
0 0.671773 0.512408 0.038807 0.034620
0 0.669322 0.476103 0.033905 0.031250
0 0.631332 0.509804 0.037990 0.038603
0 0.331699 0.318168 0.027778 0.109375
0 0.733864 0.859375 0.044526 0.075980
0 0.419730 0.322151 0.020833 0.106924
0 0.363562 0.322457 0.030229 0.109988
0 0.631127 0.577512 0.044118 0.061275
0 0.595588 0.600031 0.021242 0.018076
0 0.572917 0.598346 0.020016 0.018995
0 0.597222 0.580116 0.021242 0.018689
0 0.569036 0.581342 0.022059 0.016238
0 0.590278 0.562347 0.022876 0.014400
0 0.673815 0.561121 0.033088 0.033395
0 0.570261 0.562347 0.017974 0.019301
0 0.499796 0.568627 0.030637 0.043505
0 0.498162 0.602788 0.037173 0.023591
0 0.175245 0.504136 0.036765 0.058517
0 0.336193 0.149050 0.049020 0.116115
0 0.385008 0.148438 0.041258 0.116728
0 0.428309 0.150429 0.037990 0.116422
0 0.533701 0.592678 0.034722 0.038909
0 0.471405 0.147978 0.044118 0.115809
0 0.672998 0.595895 0.034722 0.031250
0 0.736315 0.598346 0.020833 0.018995
0 0.857230 0.867800 0.048611 0.078738
0 0.937092 0.865196 0.089869 0.073529
0 0.973243 0.584252 0.053513 0.048407
0 0.909109 0.581648 0.062500 0.053002
0 0.817606 0.572304 0.026552 0.046569
0 0.775531 0.583333 0.042075 0.053922
0 0.730596 0.577053 0.019199 0.015012
0 0.704044 0.597580 0.017565 0.019914
0 0.055351 0.189645 0.069036 0.091299
0 0.205065 0.156097 0.039216 0.115502
0 0.246324 0.155637 0.031863 0.117034
0 0.287990 0.149357 0.041667 0.121017
0 0.706904 0.576746 0.020016 0.016850
0 0.720588 0.555913 0.027778 0.022978
0 0.061275 0.286305 0.097222 0.083640
0 0.515523 0.146140 0.043301 0.112132
0 0.560253 0.145067 0.046160 0.117341
0 0.608047 0.145833 0.046160 0.109681
0 0.568423 0.319393 0.030637 0.101409
0 0.537582 0.321691 0.022876 0.106005
0 0.513072 0.322151 0.025327 0.104473
0 0.480801 0.319240 0.031046 0.110907
0 0.295956 0.515931 0.019199 0.024510
0 0.326185 0.495098 0.019199 0.023897
0 0.892565 0.299939 0.084150 0.084559
0 0.394812 0.516544 0.037990 0.030637
0 0.394608 0.482384 0.040850 0.032169
0 0.456291 0.520527 0.020425 0.019608
0 0.433619 0.522059 0.023284 0.020221
0 0.456291 0.482537 0.023693 0.020221
0 0.430147 0.479473 0.022876 0.018995
0 0.450572 0.318934 0.022059 0.105392
0 0.353962 0.511795 0.037173 0.037684
0 0.809028 0.322457 0.042075 0.136336
0 0.766953 0.328125 0.028186 0.128676
0 0.321487 0.519914 0.022876 0.023284
0 0.680760 0.138021 0.091912 0.122855
0 0.768995 0.144148 0.064134 0.106311
0 0.842116 0.141697 0.075572 0.115502
0 0.921569 0.187500 0.068627 0.080270
0 0.980392 0.189032 0.039216 0.068627
0 0.969975 0.302543 0.060049 0.089767
0 0.596405 0.319393 0.026144 0.106311
0 0.623775 0.320006 0.029412 0.100184
0 0.655229 0.320925 0.025327 0.106924
0 0.682190 0.321385 0.027778 0.105392
0 0.460580 0.600031 0.025735 0.019914
0 0.742034 0.318321 0.022467 0.109069
0 0.220180 0.504749 0.031046 0.052390
0 0.262051 0.517310 0.042075 0.034620
0 0.278186 0.478554 0.044935 0.033701
0 0.391748 0.322151 0.022876 0.104473
0 0.431985 0.601103 0.023284 0.022059
