0 0.788194 0.315257 0.040441 0.054534
0 0.786560 0.374847 0.040441 0.052390
0 0.835376 0.314032 0.055556 0.059436
0 0.880310 0.312194 0.033497 0.055760
0 0.925858 0.307904 0.048611 0.061275
0 0.972426 0.309283 0.046160 0.064645
0 0.828431 0.370251 0.044935 0.053002
0 0.101307 0.456342 0.031046 0.068934
0 0.923611 0.370864 0.037582 0.054228
0 0.971201 0.376532 0.053513 0.055760
0 0.019404 0.459099 0.019199 0.065257
0 0.042279 0.458333 0.021650 0.060049
0 0.069444 0.458640 0.023693 0.064338
0 0.131944 0.457108 0.022876 0.068627
0 0.746936 0.372855 0.040441 0.050245
0 0.873775 0.371170 0.043301 0.054841
0 0.709150 0.376225 0.033497 0.047794
0 0.880106 0.953431 0.069036 0.055760
0 0.706904 0.317708 0.039624 0.052083
0 0.157884 0.453891 0.032271 0.066483
0 0.411969 0.378983 0.023284 0.045956
0 0.445261 0.376225 0.036765 0.045956
0 0.479371 0.377451 0.029003 0.047794
0 0.513480 0.373775 0.035131 0.045956
0 0.508170 0.321385 0.027778 0.049632
0 0.542279 0.321385 0.026552 0.049632
0 0.572304 0.325061 0.030229 0.049632
0 0.548815 0.375613 0.029820 0.044118
0 0.589665 0.374540 0.032271 0.044424
0 0.601511 0.322304 0.020016 0.046569
0 0.629289 0.318474 0.029003 0.050551
0 0.665237 0.323836 0.031454 0.049632
0 0.628676 0.378523 0.034314 0.049939
0 0.665033 0.374694 0.037582 0.051471
0 0.748775 0.315564 0.034314 0.051471
0 0.969771 0.901348 0.060458 0.175858
0 0.616013 0.158241 0.071895 0.175551
0 0.115400 0.375460 0.033088 0.037684
0 0.519608 0.466912 0.036765 0.079657
0 0.479575 0.465993 0.032680 0.081495
0 0.444444 0.464767 0.038399 0.079044
0 0.409314 0.467525 0.027778 0.077206
0 0.408292 0.543199 0.029003 0.069853
0 0.372141 0.534007 0.035948 0.074142
0 0.340891 0.533548 0.025735 0.085478
0 0.309436 0.530331 0.035539 0.081495
0 0.273897 0.528799 0.027369 0.068627
0 0.230596 0.530331 0.036356 0.071691
0 0.200368 0.537990 0.021650 0.062500
0 0.171773 0.528799 0.030637 0.064951
0 0.192810 0.458793 0.032680 0.074449
0 0.227124 0.458640 0.035948 0.071691
0 0.026348 0.525582 0.023284 0.062194
0 0.560253 0.467525 0.039624 0.082108
0 0.053105 0.527574 0.026961 0.057598
0 0.602533 0.467678 0.044935 0.078125
0 0.684028 0.469363 0.046160 0.079657
0 0.731822 0.556526 0.039624 0.076287
0 0.691176 0.562040 0.040850 0.083027
0 0.646650 0.553768 0.044118 0.074449
0 0.373979 0.326593 0.032271 0.049020
0 0.602533 0.552696 0.031863 0.079657
0 0.558211 0.549939 0.035539 0.079657
0 0.516136 0.550705 0.040441 0.078125
0 0.479575 0.544271 0.032680 0.068321
0 0.443015 0.546875 0.025735 0.080270
0 0.980392 0.459559 0.039216 0.074755
0 0.933211 0.462010 0.046977 0.078431
0 0.871936 0.471201 0.046160 0.082108
0 0.825980 0.471201 0.046569 0.080882
0 0.779003 0.472120 0.038399 0.086397
0 0.727737 0.471507 0.037990 0.087623
0 0.643382 0.470282 0.034314 0.082721
0 0.774306 0.560202 0.042075 0.081801
0 0.080678 0.528493 0.026552 0.060662
0 0.379698 0.376225 0.030637 0.043505
0 0.144812 0.381281 0.025735 0.045650
0 0.171977 0.379136 0.021242 0.037684
0 0.171364 0.331801 0.023284 0.047794
0 0.194240 0.330729 0.022467 0.043199
0 0.200980 0.379902 0.019608 0.040441
0 0.223448 0.377757 0.022059 0.037990
0 0.252247 0.378983 0.023284 0.043505
0 0.285131 0.376991 0.032680 0.041973
0 0.318423 0.378523 0.024101 0.040135
0 0.224060 0.332108 0.020016 0.043505
0 0.245302 0.334252 0.019199 0.038603
0 0.264706 0.335018 0.018791 0.041973
0 0.291462 0.332108 0.029003 0.037990
0 0.318627 0.330270 0.021242 0.042279
0 0.346201 0.327819 0.023284 0.047181
0 0.143791 0.333793 0.013889 0.039522
0 0.139502 0.527880 0.024918 0.061887
0 0.118056 0.334559 0.027778 0.042892
0 0.083333 0.353094 0.028595 0.097733
0 0.351103 0.378217 0.020016 0.041973
0 0.030433 0.196538 0.051062 0.148591
0 0.097222 0.197917 0.056373 0.143382
0 0.152982 0.192708 0.055147 0.148284
0 0.218546 0.191483 0.064542 0.145833
0 0.286152 0.183364 0.084559 0.157169
0 0.356005 0.181679 0.052696 0.155637
0 0.425449 0.169271 0.082925 0.160846
0 0.522059 0.163143 0.081699 0.163297
0 0.110090 0.527420 0.029003 0.062806
0 0.697917 0.144301 0.083742 0.173407
0 0.797386 0.136183 0.078431 0.181066
0 0.902982 0.124081 0.111520 0.204044
0 0.015727 0.349724 0.024918 0.096507
0 0.045139 0.347120 0.027369 0.096814
0 0.445261 0.323376 0.030229 0.045650
0 0.825163 0.560662 0.044935 0.082721
0 0.411969 0.327665 0.029820 0.046875
0 0.925245 0.558670 0.044118 0.086703
0 0.163603 0.784314 0.046977 0.041054
0 0.112132 0.815104 0.049428 0.033395
0 0.061683 0.814338 0.047386 0.046569
0 0.016544 0.807138 0.029820 0.032169
0 0.106822 0.648591 0.055147 0.043505
0 0.158905 0.649203 0.047386 0.039216
0 0.160948 0.604779 0.047386 0.044118
0 0.224469 0.610754 0.056781 0.041973
0 0.226716 0.654412 0.050654 0.042892
0 0.285539 0.615656 0.043301 0.037071
0 0.285743 0.664828 0.057598 0.049020
0 0.349469 0.668658 0.059232 0.037071
0 0.163194 0.829504 0.046160 0.041973
0 0.350694 0.634804 0.063317 0.025735
0 0.496119 0.685355 0.069036 0.050858
0 0.877451 0.565257 0.037582 0.079657
0 0.575776 0.694700 0.077206 0.064032
0 0.657884 0.650429 0.076389 0.055147
0 0.015523 0.761949 0.028595 0.038603
0 0.056781 0.767157 0.053922 0.041054
0 0.931985 0.736060 0.080474 0.065257
0 0.935458 0.669730 0.087418 0.056373
0 0.832721 0.722120 0.076389 0.057598
0 0.742647 0.713235 0.087418 0.049632
0 0.104779 0.602941 0.044526 0.044118
0 0.660131 0.708487 0.077614 0.057292
0 0.420956 0.682445 0.070670 0.054841
0 0.836601 0.664062 0.084150 0.059743
0 0.223039 0.837163 0.053922 0.031556
0 0.276552 0.755208 0.049020 0.049632
0 0.977124 0.566636 0.045752 0.097120
0 0.054534 0.645221 0.049428 0.044730
0 0.036152 0.587316 0.052696 0.030025
0 0.788194 0.933670 0.073121 0.050551
0 0.706087 0.924020 0.060866 0.055760
0 0.882149 0.891238 0.082925 0.042279
0 0.793709 0.879442 0.080882 0.050551
0 0.707925 0.869792 0.071078 0.045956
0 0.795139 0.823836 0.080474 0.048407
0 0.707925 0.812194 0.074346 0.054534
0 0.632353 0.905944 0.075163 0.058824
0 0.626430 0.851409 0.069853 0.041667
0 0.626838 0.800245 0.077206 0.047794
0 0.554126 0.843444 0.055147 0.058211
0 0.549837 0.894761 0.061275 0.045037
0 0.478554 0.880055 0.060866 0.046875
0 0.479779 0.778799 0.066585 0.052083
0 0.481209 0.829504 0.069444 0.039522
0 0.409314 0.869792 0.057190 0.050858
0 0.406046 0.819547 0.057190 0.042279
0 0.410131 0.775276 0.052288 0.047488
0 0.337623 0.765931 0.051879 0.040441
0 0.343546 0.814798 0.058007 0.041360
0 0.342933 0.858915 0.052696 0.032782
0 0.280842 0.846967 0.051062 0.037684
0 0.278391 0.804228 0.046160 0.043505
0 0.220384 0.797028 0.060049 0.042586
0 0.748366 0.654871 0.082516 0.047488
