0 0.209115 0.419531 0.013021 0.046094
0 0.236719 0.516602 0.011979 0.039453
0 0.251302 0.522070 0.013021 0.041016
0 0.266927 0.527930 0.013021 0.048047
0 0.281510 0.533594 0.016146 0.042969
0 0.248438 0.425977 0.012500 0.056641
0 0.234375 0.424414 0.012500 0.050391
0 0.300260 0.537500 0.010937 0.053906
0 0.223698 0.510352 0.013021 0.044922
0 0.221615 0.423828 0.010937 0.049219
0 0.321875 0.697461 0.033333 0.016016
0 0.326042 0.626367 0.016667 0.066797
0 0.126562 0.611523 0.011458 0.030078
0 0.282031 0.606836 0.015104 0.054297
0 0.140365 0.620508 0.016146 0.030078
0 0.696094 0.972852 0.036979 0.054297
0 0.160156 0.634961 0.014063 0.037891
0 0.175260 0.641602 0.016146 0.035547
0 0.199219 0.646875 0.023438 0.033594
0 0.293750 0.725000 0.013542 0.052344
0 0.308333 0.737109 0.013542 0.055469
0 0.325000 0.747266 0.017708 0.060156
0 0.308594 0.619922 0.015104 0.062500
0 0.202083 0.571094 0.012500 0.050781
0 0.233073 0.651758 0.033854 0.028516
0 0.268750 0.667969 0.015625 0.032813
0 0.661979 0.037891 0.037500 0.072656
0 0.264583 0.432617 0.013542 0.051953
0 0.216406 0.575000 0.013021 0.052344
0 0.232031 0.579492 0.015104 0.048828
0 0.253906 0.595703 0.010937 0.051562
0 0.265625 0.600977 0.015625 0.055078
0 0.759115 0.969336 0.074479 0.061328
0 0.280729 0.439844 0.013542 0.062500
0 0.851823 0.577539 0.048438 0.118359
0 0.196094 0.322070 0.013021 0.057422
0 0.709375 0.824414 0.023958 0.083203
0 0.743750 0.842187 0.027083 0.081250
0 0.813542 0.875586 0.029167 0.090234
0 0.960938 0.906641 0.076042 0.161719
0 0.346615 0.757031 0.016146 0.064844
0 0.364323 0.762891 0.010937 0.079687
0 0.377344 0.781641 0.013021 0.067969
0 0.392188 0.793359 0.017708 0.067187
0 0.442969 0.474219 0.021354 0.067187
0 0.418750 0.468555 0.021875 0.071484
0 0.395313 0.456836 0.021875 0.064453
0 0.374479 0.453906 0.018750 0.058594
0 0.354427 0.450586 0.016146 0.062891
0 0.333594 0.445508 0.019271 0.056641
0 0.313281 0.442773 0.019271 0.059766
0 0.953125 0.425391 0.067708 0.181250
0 0.875260 0.391406 0.061979 0.100781
0 0.814583 0.386719 0.051042 0.110156
0 0.758333 0.381250 0.053125 0.099219
0 0.679167 0.373047 0.041667 0.092188
0 0.631771 0.369141 0.032292 0.092969
0 0.596875 0.366992 0.031250 0.085547
0 0.558073 0.362891 0.035937 0.089844
0 0.296615 0.443164 0.014063 0.057422
0 0.498698 0.354687 0.022396 0.079687
0 0.470573 0.350977 0.023438 0.077734
0 0.442969 0.350586 0.021354 0.076953
0 0.676562 0.808008 0.019792 0.087109
0 0.599479 0.767188 0.029167 0.075781
0 0.468750 0.705859 0.028125 0.075000
0 0.440104 0.691602 0.023958 0.074609
0 0.745833 0.550000 0.039583 0.100000
0 0.701302 0.537109 0.032813 0.086719
0 0.660417 0.530664 0.036458 0.079297
0 0.619531 0.518750 0.027604 0.086719
0 0.586979 0.511719 0.028125 0.074219
0 0.552865 0.503516 0.033854 0.083594
0 0.521875 0.497656 0.023958 0.071875
0 0.470573 0.479102 0.027604 0.071484
0 0.959635 0.636719 0.078646 0.172656
0 0.317448 0.543945 0.023438 0.060547
0 0.338802 0.551367 0.013021 0.056641
0 0.355990 0.556641 0.019271 0.067187
0 0.378385 0.567773 0.018229 0.060547
0 0.420312 0.347852 0.020833 0.072266
0 0.398958 0.576172 0.022917 0.069531
0 0.473438 0.603320 0.020833 0.072266
0 0.495833 0.614062 0.020833 0.065625
0 0.524740 0.621875 0.025521 0.072656
0 0.555729 0.635742 0.027083 0.067578
0 0.581510 0.647461 0.021354 0.074609
0 0.615885 0.660742 0.024479 0.083203
0 0.643490 0.667578 0.023438 0.075000
0 0.671354 0.679883 0.026042 0.081641
0 0.722917 0.698438 0.063542 0.077344
0 0.772396 0.722266 0.032292 0.099219
0 0.812240 0.738086 0.038021 0.089453
0 0.377083 0.658984 0.023958 0.060937
0 0.402604 0.670703 0.021875 0.069531
0 0.443750 0.590234 0.018750 0.067187
0 0.395313 0.344922 0.023958 0.071875
0 0.528906 0.357031 0.022396 0.081250
0 0.357292 0.343359 0.021875 0.065625
0 0.441927 0.210547 0.014063 0.093750
0 0.459635 0.207422 0.014063 0.095312
0 0.479427 0.205664 0.021354 0.096484
0 0.507552 0.205273 0.024479 0.095703
0 0.533594 0.202734 0.019271 0.100000
0 0.558594 0.201367 0.024479 0.101953
0 0.224219 0.328516 0.011979 0.048438
0 0.239323 0.332227 0.019271 0.052734
0 0.258333 0.333789 0.018750 0.055859
0 0.236979 0.222266 0.011458 0.069531
0 0.250260 0.221680 0.013021 0.073047
0 0.264323 0.219336 0.014063 0.072266
0 0.283854 0.216992 0.023958 0.076172
0 0.209896 0.125586 0.012500 0.051953
0 0.221875 0.122461 0.012500 0.058203
0 0.421094 0.210547 0.022396 0.092969
0 0.238542 0.118359 0.016667 0.050781
0 0.401562 0.211719 0.016667 0.089844
0 0.368490 0.214258 0.015104 0.089453
0 0.211198 0.326562 0.014063 0.050781
0 0.625260 0.038867 0.033854 0.075391
0 0.593229 0.043750 0.028125 0.084375
0 0.565104 0.044922 0.019792 0.084375
0 0.539844 0.050586 0.025521 0.091797
0 0.516406 0.050195 0.019271 0.095703
0 0.494010 0.052734 0.027604 0.102344
0 0.468229 0.059766 0.021875 0.094531
0 0.437240 0.075000 0.030729 0.076563
0 0.407813 0.082617 0.023958 0.066797
0 0.367188 0.087891 0.028125 0.075000
0 0.344010 0.095312 0.017188 0.063281
0 0.318750 0.099023 0.027083 0.069922
0 0.327865 0.219727 0.019271 0.075391
0 0.349479 0.215430 0.017708 0.083203
0 0.384635 0.213477 0.015104 0.090234
0 0.377083 0.343359 0.012500 0.065625
0 0.258594 0.110742 0.017188 0.065234
0 0.498437 0.857812 0.021875 0.079687
0 0.412240 0.807227 0.017188 0.069922
0 0.432292 0.820117 0.016667 0.074609
0 0.452344 0.840039 0.023438 0.058984
0 0.474479 0.852930 0.019792 0.057422
0 0.277083 0.107031 0.016667 0.060937
0 0.522396 0.866406 0.017708 0.059375
0 0.545052 0.883398 0.025521 0.094141
0 0.571875 0.903125 0.022917 0.106250
0 0.604167 0.916602 0.034375 0.099609
0 0.633594 0.927734 0.019271 0.106250
0 0.799740 0.564453 0.050521 0.094531
0 0.661458 0.936328 0.029167 0.092969
0 0.638542 0.196289 0.020833 0.108203
0 0.669010 0.193750 0.032813 0.112500
0 0.708073 0.202148 0.029687 0.097266
0 0.743750 0.200195 0.035417 0.100391
0 0.792188 0.195703 0.046875 0.107031
0 0.838281 0.192383 0.036979 0.109766
0 0.885156 0.187305 0.053646 0.123828
0 0.961458 0.187891 0.076042 0.192188
0 0.320833 0.338086 0.021875 0.061328
0 0.296875 0.102344 0.017708 0.067187
0 0.587760 0.197656 0.025521 0.107813
