0 0.459150 0.206495 0.032680 0.090686
0 0.398080 0.194547 0.063317 0.107230
0 0.309845 0.188725 0.109886 0.117647
0 0.124387 0.192402 0.035539 0.114583
0 0.205270 0.215839 0.025735 0.068321
0 0.175858 0.214308 0.027369 0.070772
0 0.501838 0.207567 0.038807 0.094056
0 0.078840 0.191176 0.057190 0.115196
0 0.231005 0.211550 0.024918 0.075061
0 0.547794 0.206189 0.048203 0.087623
0 0.799020 0.145987 0.066993 0.029105
0 0.621528 0.209406 0.030637 0.079963
0 0.666667 0.208640 0.035131 0.087623
0 0.699142 0.208640 0.026552 0.085784
0 0.811683 0.184896 0.062908 0.037684
0 0.749387 0.184589 0.060866 0.037684
0 0.746732 0.231158 0.058007 0.040135
0 0.805964 0.231618 0.056373 0.039216
0 0.885212 0.191483 0.055556 0.107843
0 0.019404 0.193015 0.037173 0.104167
0 0.942198 0.191789 0.055964 0.108456
0 0.587418 0.207567 0.038399 0.084865
0 0.972222 0.315870 0.043301 0.110294
0 0.426266 0.323683 0.054330 0.103860
0 0.898897 0.315870 0.044526 0.105392
0 0.619485 0.566023 0.072304 0.105699
0 0.819853 0.437960 0.035131 0.097733
0 0.863766 0.437960 0.045343 0.100797
0 0.916054 0.437500 0.054330 0.101103
0 0.969158 0.438113 0.051879 0.101103
0 0.042484 0.312040 0.025327 0.115502
0 0.077002 0.318627 0.035539 0.106618
0 0.120507 0.321691 0.046569 0.110294
0 0.171364 0.319240 0.055147 0.114583
0 0.220384 0.318474 0.046160 0.111826
0 0.935662 0.316483 0.030637 0.108456
0 0.271242 0.318934 0.051471 0.113971
0 0.371732 0.322457 0.055556 0.100184
0 0.479779 0.323989 0.048611 0.100797
0 0.535335 0.326287 0.054330 0.106005
0 0.589052 0.327359 0.053922 0.102635
0 0.640319 0.326287 0.042892 0.096201
0 0.694240 0.325214 0.055147 0.095895
0 0.750000 0.315870 0.044935 0.110294
0 0.789011 0.316942 0.028186 0.111826
0 0.821691 0.320925 0.034722 0.103860
0 0.859681 0.316636 0.033905 0.110600
0 0.324142 0.319853 0.037173 0.104167
0 0.778799 0.439798 0.037990 0.102635
0 0.555351 0.566023 0.055147 0.105086
0 0.686479 0.563725 0.058415 0.102328
0 0.948734 0.674939 0.055147 0.087010
0 0.042688 0.812040 0.063317 0.100184
0 0.120302 0.803309 0.078840 0.094975
0 0.182802 0.797028 0.042075 0.108150
0 0.234886 0.792586 0.051471 0.104167
0 0.310049 0.799786 0.097222 0.087929
0 0.426675 0.803462 0.119690 0.090380
0 0.561683 0.802390 0.130719 0.099265
0 0.666462 0.803156 0.082925 0.094669
0 0.747345 0.801471 0.075572 0.101103
0 0.808824 0.801011 0.047386 0.102022
0 0.860907 0.802083 0.047794 0.101716
0 0.913399 0.801011 0.059641 0.102022
0 0.029208 0.559283 0.039624 0.097120
0 0.970997 0.798713 0.045752 0.111520
0 0.100899 0.676164 0.035131 0.091912
0 0.147263 0.678462 0.052696 0.100184
0 0.200572 0.677083 0.050654 0.100490
0 0.251225 0.677849 0.047386 0.099571
0 0.855596 0.674632 0.048611 0.090686
0 0.313317 0.678768 0.077614 0.097120
0 0.388685 0.675398 0.056781 0.092218
0 0.442198 0.677390 0.051062 0.089461
0 0.499183 0.678615 0.057190 0.085784
0 0.550041 0.676777 0.046977 0.088235
0 0.644404 0.677083 0.127042 0.091299
0 0.748570 0.673713 0.066585 0.096201
0 0.804943 0.673100 0.051879 0.094363
0 0.056781 0.679534 0.053922 0.088848
0 0.071078 0.558670 0.035131 0.108150
0 0.902778 0.672794 0.040033 0.090686
0 0.189338 0.560662 0.054330 0.104779
0 0.687500 0.440870 0.053105 0.104779
0 0.135417 0.556219 0.051062 0.108150
0 0.736928 0.440717 0.045752 0.102022
0 0.641136 0.444700 0.038807 0.096507
0 0.580678 0.445466 0.070670 0.092525
0 0.515114 0.442862 0.062908 0.097733
0 0.435049 0.445312 0.071078 0.103860
0 0.366830 0.448070 0.059641 0.096507
0 0.277778 0.448683 0.104575 0.089154
0 0.167484 0.447151 0.113562 0.091605
0 0.076389 0.441483 0.062092 0.106005
0 0.927083 0.561887 0.038807 0.101103
0 0.884191 0.562653 0.038807 0.098958
0 0.848856 0.562347 0.030229 0.100184
0 0.972426 0.563572 0.048611 0.096507
0 0.774714 0.560968 0.033905 0.101103
0 0.734069 0.564032 0.035948 0.099877
0 0.493873 0.565870 0.051471 0.107843
0 0.445466 0.564185 0.047794 0.108762
0 0.390523 0.563725 0.059641 0.110907
0 0.246528 0.558824 0.046977 0.107230
0 0.812296 0.561734 0.040441 0.099571
0 0.310458 0.562040 0.077614 0.102635
