0 0.227618 0.700994 0.075169 0.017992
0 0.058699 0.418324 0.032939 0.023674
0 0.023015 0.388968 0.037584 0.029356
0 0.927998 0.295455 0.076436 0.045928
0 0.849451 0.299006 0.067145 0.044034
0 0.779561 0.299361 0.064189 0.039536
0 0.930532 0.241122 0.077280 0.060369
0 0.855363 0.247159 0.066301 0.051136
0 0.784206 0.249645 0.069257 0.053267
0 0.693623 0.303622 0.085726 0.029119
0 0.613598 0.307528 0.069257 0.034091
0 0.541385 0.310843 0.064189 0.029356
0 0.464105 0.315578 0.078547 0.029830
0 0.385769 0.315696 0.069679 0.031960
0 0.703970 0.261955 0.072635 0.042850
0 0.638936 0.270833 0.043919 0.034091
0 0.558699 0.270005 0.098818 0.040009
0 0.070524 0.389086 0.039696 0.027699
0 0.144637 0.374171 0.023226 0.021070
0 0.175676 0.373816 0.030405 0.020360
0 0.107264 0.399029 0.028716 0.022964
0 0.653294 0.393111 0.093750 0.045691
0 0.581926 0.392282 0.043919 0.043087
0 0.438345 0.429569 0.086149 0.036695
0 0.360431 0.428859 0.065456 0.037642
0 0.342694 0.194129 0.034206 0.026515
0 0.444046 0.390388 0.093328 0.039299
0 0.354307 0.386009 0.074324 0.045691
0 0.463894 0.275923 0.082348 0.047585
0 0.286951 0.383286 0.053632 0.044034
0 0.165118 0.424242 0.038851 0.018939
0 0.129223 0.422230 0.034628 0.017282
0 0.093117 0.421046 0.029983 0.017282
0 0.382601 0.190459 0.038007 0.022964
0 0.020693 0.416903 0.037162 0.020833
0 0.174620 0.400687 0.036740 0.026278
0 0.137669 0.399384 0.030405 0.023674
0 0.222973 0.427202 0.070101 0.022491
0 0.761402 0.393939 0.110642 0.051136
0 0.383024 0.278409 0.068412 0.040246
0 0.262880 0.321970 0.039274 0.018466
0 0.375211 0.215909 0.052787 0.017045
0 0.322846 0.221709 0.036740 0.021070
0 0.285895 0.225260 0.034628 0.016809
0 0.247889 0.228812 0.034628 0.021070
0 0.215160 0.232363 0.029139 0.016809
0 0.442568 0.171283 0.065034 0.046165
0 0.181166 0.235322 0.032939 0.013731
0 0.146537 0.238281 0.031250 0.018703
0 0.109797 0.239938 0.033784 0.017756
0 0.069257 0.243371 0.037162 0.020360
0 0.029350 0.245975 0.033361 0.017992
0 0.934755 0.111032 0.073057 0.051610
0 0.858953 0.119437 0.073480 0.057528
0 0.778927 0.135298 0.078125 0.047112
0 0.696368 0.143821 0.078547 0.036222
0 0.441934 0.208570 0.063767 0.026042
0 0.525127 0.198627 0.078125 0.027462
0 0.609375 0.188447 0.081926 0.035511
0 0.694890 0.183712 0.075591 0.026042
0 0.304899 0.302557 0.038851 0.016098
0 0.263725 0.303977 0.036740 0.015625
0 0.305954 0.282315 0.040963 0.020123
0 0.262669 0.285866 0.038851 0.017282
0 0.220439 0.278527 0.031250 0.016809
0 0.205448 0.300781 0.047720 0.023438
0 0.192145 0.319839 0.042230 0.011837
0 0.305532 0.321970 0.035895 0.019413
0 0.133657 0.323035 0.043497 0.018229
0 0.030405 0.325047 0.056588 0.019886
0 0.138302 0.298532 0.031672 0.028409
0 0.088682 0.299479 0.042230 0.027936
0 0.031250 0.297585 0.058277 0.031250
0 0.933910 0.156250 0.067145 0.032670
0 0.855785 0.168916 0.071368 0.034328
0 0.777660 0.176255 0.075591 0.027225
0 0.084459 0.324574 0.042230 0.018939
0 0.891470 0.394886 0.130068 0.049242
0 0.654772 0.436553 0.096706 0.038826
0 0.762458 0.439749 0.104307 0.040009
0 0.099029 0.809777 0.057855 0.020123
0 0.231630 0.809777 0.070524 0.031960
0 0.161529 0.796993 0.052787 0.034801
0 0.108742 0.777817 0.040118 0.031960
0 0.071791 0.758404 0.029561 0.028646
0 0.631334 0.801373 0.087838 0.038826
0 0.544552 0.781487 0.070524 0.036932
0 0.641681 0.757221 0.078970 0.040483
0 0.554476 0.742424 0.073480 0.036932
0 0.462838 0.765152 0.071791 0.030303
0 0.464738 0.726918 0.071368 0.041430
0 0.399493 0.710582 0.050676 0.037169
0 0.391258 0.749882 0.059544 0.037642
0 0.310600 0.732955 0.084037 0.025095
0 0.326858 0.698627 0.082770 0.036932
0 0.038640 0.787524 0.048564 0.016335
0 0.155194 0.831084 0.044341 0.022491
0 0.211571 0.845881 0.055743 0.030777
0 0.275338 0.857955 0.059966 0.047822
0 0.028083 0.220289 0.039274 0.025805
0 0.071579 0.217093 0.037584 0.030303
0 0.115709 0.213897 0.045608 0.024858
0 0.154772 0.215554 0.026605 0.023911
0 0.182432 0.212358 0.027027 0.021780
0 0.214949 0.208097 0.032939 0.029356
0 0.255912 0.203835 0.038007 0.021307
0 0.226140 0.720999 0.067990 0.017756
0 0.713049 0.970999 0.081503 0.058002
0 0.519637 0.938565 0.088260 0.045218
0 0.414907 0.909683 0.089949 0.039536
0 0.550042 0.886245 0.073057 0.031013
0 0.449958 0.857955 0.088260 0.027936
0 0.557855 0.855587 0.096284 0.017519
0 0.445101 0.825876 0.090372 0.022964
0 0.337204 0.872988 0.052787 0.054214
0 0.623733 0.957386 0.076858 0.075758
0 0.299620 0.200758 0.040963 0.019886
0 0.161529 0.692472 0.044341 0.048295
0 0.107052 0.680279 0.057855 0.049953
0 0.558488 0.552320 0.081503 0.047822
0 0.494721 0.545810 0.038429 0.037169
0 0.570524 0.511127 0.054899 0.031723
0 0.506757 0.506629 0.062500 0.039299
0 0.412373 0.530895 0.067990 0.054688
0 0.352407 0.484020 0.095861 0.030066
0 0.238809 0.514560 0.063767 0.045691
0 0.667230 0.546757 0.083615 0.076941
0 0.163640 0.519058 0.065456 0.026278
0 0.056166 0.507102 0.040541 0.022727
0 0.017103 0.504143 0.033361 0.024858
0 0.162162 0.484967 0.058277 0.033854
0 0.106419 0.483073 0.043919 0.031487
0 0.065456 0.478812 0.033784 0.033381
0 0.021326 0.474669 0.040963 0.029356
0 0.879223 0.440696 0.114020 0.040009
0 0.103463 0.511127 0.046453 0.022254
0 0.609375 0.145715 0.081926 0.043324
0 0.763936 0.553859 0.098818 0.069839
0 0.054688 0.567827 0.041807 0.029119
0 0.052365 0.677912 0.045608 0.019176
0 0.013725 0.670099 0.023226 0.017756
0 0.052365 0.650805 0.041385 0.028883
0 0.013936 0.643703 0.023649 0.031250
0 0.669130 0.674361 0.087416 0.064157
0 0.542863 0.664773 0.151605 0.037879
0 0.536740 0.622869 0.159628 0.035511
0 0.868877 0.561908 0.101774 0.081203
0 0.382812 0.641927 0.133868 0.027225
0 0.264358 0.621449 0.080236 0.039299
0 0.224029 0.578125 0.042652 0.030777
0 0.194257 0.611979 0.046453 0.032197
0 0.141470 0.605824 0.042230 0.026989
0 0.096073 0.599905 0.040118 0.026989
0 0.054688 0.595289 0.037584 0.022491
0 0.101140 0.570194 0.037584 0.030066
0 0.379223 0.602983 0.134291 0.034091
0 0.518370 0.160156 0.073057 0.038116
