0 0.609477 0.420650 0.042484 0.117034
0 0.753676 0.363511 0.046569 0.092831
0 0.802696 0.365349 0.045752 0.089767
0 0.853145 0.370558 0.045343 0.089767
0 0.019608 0.493107 0.029412 0.086703
0 0.952819 0.371783 0.044526 0.099571
0 0.050449 0.492647 0.032271 0.088235
0 0.082721 0.495404 0.031454 0.093750
0 0.564134 0.423866 0.047386 0.110600
0 0.113766 0.502451 0.030637 0.080882
0 0.902165 0.367953 0.048611 0.094363
0 0.514297 0.417279 0.045752 0.104167
0 0.070057 0.393229 0.032271 0.093444
0 0.426471 0.410846 0.040850 0.097426
0 0.386234 0.407169 0.038807 0.106618
0 0.341095 0.404718 0.040033 0.099877
0 0.302083 0.404412 0.037173 0.103554
0 0.139297 0.408088 0.035948 0.076593
0 0.105596 0.403186 0.030637 0.068015
0 0.040237 0.392770 0.024918 0.091912
0 0.014502 0.389706 0.022467 0.096201
0 0.989788 0.240809 0.020425 0.088235
0 0.956087 0.237132 0.044526 0.098039
0 0.913603 0.234375 0.038807 0.091299
0 0.871119 0.232537 0.045343 0.094363
0 0.149101 0.502451 0.035948 0.088235
0 0.468546 0.415441 0.042484 0.106005
0 0.294526 0.517310 0.035131 0.098346
0 0.750204 0.486366 0.075572 0.068321
0 0.374592 0.520374 0.040033 0.097120
0 0.592933 0.657016 0.052696 0.086703
0 0.706699 0.704810 0.037582 0.083027
0 0.747549 0.710631 0.044118 0.067708
0 0.790850 0.716146 0.041667 0.081189
0 0.836397 0.720588 0.047794 0.072304
0 0.883578 0.728860 0.044118 0.089461
0 0.931373 0.733915 0.051471 0.079963
0 0.978350 0.738664 0.043301 0.091299
0 0.035335 0.690411 0.054330 0.098346
0 0.090891 0.710018 0.044526 0.068934
0 0.150327 0.710325 0.048203 0.098958
0 0.331495 0.725490 0.053513 0.099877
0 0.421160 0.739583 0.036765 0.102941
0 0.464257 0.745098 0.043709 0.089461
0 0.514297 0.752604 0.052288 0.106924
0 0.712214 0.808364 0.045343 0.073836
0 0.811887 0.823529 0.047794 0.067402
0 0.957925 0.853094 0.048203 0.074449
0 0.977533 0.493107 0.044935 0.081801
0 0.502247 0.641697 0.041258 0.089767
0 0.460376 0.636949 0.042484 0.099265
0 0.424428 0.634344 0.030229 0.092218
0 0.385212 0.628983 0.036765 0.102941
0 0.416667 0.523591 0.037582 0.096201
0 0.453431 0.526501 0.038399 0.097120
0 0.491422 0.528339 0.039216 0.093444
0 0.532680 0.535386 0.043301 0.107537
0 0.579861 0.541513 0.049428 0.096507
0 0.620302 0.545037 0.024918 0.102328
0 0.830270 0.494332 0.074755 0.069547
0 0.910131 0.500460 0.084150 0.071998
0 0.728554 0.607384 0.038807 0.079350
0 0.340686 0.509804 0.026144 0.085784
0 0.771650 0.607843 0.042484 0.076593
0 0.860703 0.620864 0.047386 0.079963
0 0.909314 0.631434 0.046569 0.090686
0 0.962827 0.632812 0.058007 0.085478
0 0.021650 0.589154 0.033497 0.080270
0 0.058211 0.589001 0.037990 0.079963
0 0.120915 0.601869 0.031863 0.078125
0 0.154616 0.600643 0.033905 0.078738
0 0.311275 0.624694 0.032680 0.091912
0 0.347018 0.623315 0.032271 0.092218
0 0.813113 0.614277 0.040441 0.090686
0 0.544118 0.648744 0.043301 0.103248
0 0.822917 0.231618 0.050245 0.091912
0 0.377451 0.151961 0.024510 0.131740
0 0.124592 0.157322 0.042484 0.110600
0 0.296569 0.160233 0.049020 0.111520
0 0.345384 0.150735 0.038807 0.121324
0 0.611724 0.293658 0.053513 0.110600
0 0.413603 0.151808 0.047794 0.133885
0 0.452819 0.151654 0.030637 0.133578
0 0.493464 0.157016 0.049837 0.121017
0 0.541871 0.157782 0.045343 0.123775
0 0.591299 0.156250 0.052696 0.127451
0 0.637868 0.156097 0.037173 0.127757
0 0.764502 0.109835 0.042075 0.089154
0 0.808007 0.108303 0.046569 0.090380
0 0.853758 0.108150 0.043301 0.088235
0 0.083742 0.162684 0.036765 0.099265
0 0.897263 0.106158 0.045343 0.092218
0 0.983252 0.107843 0.033497 0.091299
0 0.018995 0.293352 0.031454 0.070772
0 0.050041 0.291207 0.021650 0.068934
0 0.074551 0.292433 0.028186 0.066483
0 0.107639 0.294577 0.031454 0.075674
0 0.145833 0.293199 0.032680 0.079657
0 0.295547 0.288297 0.040441 0.114583
0 0.337827 0.286305 0.043301 0.113051
0 0.382966 0.286765 0.045343 0.113971
0 0.425449 0.287990 0.042075 0.112132
0 0.472222 0.291207 0.040033 0.115502
0 0.513276 0.292586 0.043709 0.112745
0 0.565155 0.291973 0.039624 0.114583
0 0.943832 0.105852 0.046160 0.094056
0 0.047181 0.163143 0.038807 0.098958
0 0.775531 0.233762 0.043709 0.088848
0 0.632966 0.026654 0.050245 0.052083
0 0.015114 0.166820 0.023693 0.092831
0 0.055556 0.056832 0.029412 0.080576
0 0.088031 0.054228 0.035539 0.074142
0 0.127451 0.050705 0.041667 0.083027
0 0.281250 0.032782 0.031454 0.064951
0 0.322304 0.030944 0.041667 0.060662
0 0.024510 0.059130 0.032680 0.076593
0 0.406250 0.031097 0.036356 0.060355
0 0.448325 0.029105 0.041258 0.056985
0 0.491830 0.029871 0.040033 0.055453
0 0.531658 0.032782 0.037990 0.056985
0 0.584967 0.028186 0.046569 0.056373
0 0.365196 0.031403 0.042484 0.059743
