0 0.152574 0.850950 0.041258 0.094056
0 0.455882 0.820312 0.035131 0.073223
0 0.373979 0.833333 0.035539 0.090074
0 0.328840 0.837469 0.044935 0.094056
0 0.219363 0.310968 0.038399 0.084559
0 0.175858 0.308058 0.031454 0.083640
0 0.135621 0.310355 0.035131 0.086397
0 0.090278 0.307904 0.032680 0.087010
0 0.048815 0.306985 0.037173 0.088235
0 0.387051 0.202053 0.033088 0.073836
0 0.106005 0.852941 0.039624 0.090074
0 0.345384 0.204197 0.042075 0.075061
0 0.130310 0.540748 0.036765 0.068627
0 0.217933 0.196538 0.035539 0.077512
0 0.174428 0.196538 0.036765 0.075674
0 0.131740 0.193474 0.039624 0.077512
0 0.086601 0.189491 0.040850 0.075674
0 0.040033 0.190257 0.044118 0.080270
0 0.283905 0.839767 0.035131 0.090686
0 0.242647 0.843290 0.040850 0.090993
0 0.199142 0.846201 0.037990 0.091912
0 0.299224 0.196998 0.037990 0.075980
0 0.260008 0.197457 0.035539 0.073836
0 0.629698 0.441023 0.037990 0.079963
0 0.261846 0.311121 0.031046 0.086703
0 0.388480 0.639400 0.028595 0.080882
0 0.353962 0.643382 0.035539 0.085784
0 0.314747 0.642923 0.033088 0.084865
0 0.277982 0.643995 0.035539 0.081495
0 0.239992 0.646446 0.031454 0.082721
0 0.202614 0.646599 0.028595 0.085478
0 0.167484 0.649203 0.031046 0.085172
0 0.129289 0.646140 0.030637 0.088848
0 0.088644 0.653033 0.040850 0.086703
0 0.379698 0.526042 0.030637 0.088848
0 0.342116 0.526501 0.035539 0.086091
0 0.301879 0.527574 0.026961 0.085784
0 0.257761 0.536612 0.035131 0.073223
0 0.216095 0.537531 0.035948 0.075061
0 0.172794 0.541667 0.033497 0.068015
0 0.099060 0.751072 0.042075 0.081801
0 0.143791 0.747549 0.031046 0.078431
0 0.180760 0.748009 0.037173 0.081801
0 0.225082 0.744332 0.041667 0.078738
0 0.301879 0.312347 0.039216 0.087316
0 0.585784 0.441789 0.042484 0.083333
0 0.343546 0.314185 0.030229 0.086091
0 0.382149 0.313572 0.035539 0.083640
0 0.070466 0.422488 0.048611 0.091299
0 0.119077 0.424173 0.037990 0.088542
0 0.164420 0.424786 0.032271 0.086703
0 0.502247 0.816942 0.043709 0.075061
0 0.206495 0.427390 0.036356 0.085172
0 0.299224 0.426930 0.029820 0.079963
0 0.341299 0.426930 0.037990 0.079350
0 0.383170 0.425092 0.033497 0.083640
0 0.379902 0.736060 0.031046 0.081801
0 0.344158 0.737592 0.039624 0.077512
0 0.303105 0.765778 0.037582 0.032782
0 0.262868 0.744026 0.029003 0.082414
0 0.255719 0.424479 0.039216 0.079963
0 0.549837 0.814338 0.038399 0.075980
0 0.076593 0.541207 0.041258 0.067096
0 0.642770 0.811428 0.040441 0.073223
0 0.831904 0.648897 0.033905 0.065564
0 0.801266 0.651042 0.020833 0.064951
0 0.989583 0.551930 0.020833 0.070159
0 0.964257 0.553462 0.022467 0.067708
0 0.929739 0.555913 0.033497 0.065257
0 0.896855 0.556219 0.024101 0.064645
0 0.865400 0.646599 0.029003 0.062194
0 0.865400 0.556679 0.033088 0.063725
0 0.956087 0.464920 0.066585 0.062194
0 0.836193 0.484681 0.050654 0.029412
0 0.842933 0.454657 0.055964 0.029412
0 0.973448 0.381893 0.053105 0.064032
0 0.867443 0.262561 0.060866 0.017770
0 0.869281 0.245098 0.061275 0.012868
0 0.834967 0.556985 0.024510 0.066176
0 0.793301 0.825061 0.021242 0.049632
0 0.898897 0.647672 0.032271 0.058824
0 0.967933 0.651961 0.033905 0.050245
0 0.858660 0.735447 0.023693 0.065257
0 0.540237 0.440717 0.039624 0.082414
0 0.497345 0.441789 0.042075 0.086397
0 0.460784 0.443934 0.024510 0.083333
0 0.712214 0.539982 0.038807 0.083027
0 0.667075 0.539062 0.044935 0.081189
0 0.932190 0.647365 0.026144 0.060662
0 0.581291 0.539675 0.045752 0.079963
0 0.925654 0.727788 0.025327 0.068321
0 0.958129 0.727635 0.034722 0.067402
0 0.989583 0.725184 0.020833 0.063113
0 0.595997 0.813266 0.042484 0.070159
0 0.828840 0.735447 0.027778 0.063419
0 0.798203 0.734528 0.022876 0.063419
0 0.890931 0.732077 0.031863 0.061581
0 0.842729 0.818781 0.019608 0.051777
0 0.819036 0.823070 0.020425 0.050551
0 0.678922 0.334865 0.044935 0.087010
0 0.498162 0.731158 0.039624 0.075061
0 0.541258 0.727788 0.045752 0.074449
0 0.591095 0.725031 0.044935 0.078738
0 0.641544 0.721661 0.042075 0.073836
0 0.689951 0.720588 0.046569 0.075368
0 0.461193 0.639246 0.033497 0.080576
0 0.671773 0.441942 0.042075 0.079963
0 0.720384 0.440564 0.039624 0.085172
0 0.464869 0.333333 0.020425 0.090074
0 0.495711 0.332414 0.038807 0.088848
0 0.542484 0.333333 0.040033 0.090074
0 0.589052 0.334099 0.040850 0.088542
0 0.634395 0.334252 0.039216 0.085784
0 0.535539 0.540901 0.041667 0.081801
0 0.727737 0.335478 0.042075 0.091299
0 0.506536 0.636949 0.048203 0.080270
0 0.468342 0.212316 0.027369 0.097426
0 0.495098 0.542126 0.037582 0.083640
0 0.457516 0.542586 0.030229 0.079044
0 0.696283 0.631740 0.042892 0.079044
0 0.647263 0.632506 0.049428 0.078738
0 0.602124 0.634498 0.035131 0.079657
0 0.558211 0.634498 0.039624 0.079657
0 0.457721 0.733303 0.034722 0.076287
0 0.928513 0.319087 0.055556 0.064645
0 0.743668 0.219516 0.046160 0.096507
0 0.694649 0.218444 0.047794 0.094363
0 0.650123 0.215686 0.034722 0.094975
0 0.602328 0.214614 0.047794 0.093444
0 0.554330 0.212469 0.039216 0.094669
0 0.508987 0.213388 0.040850 0.095895
0 0.860907 0.313572 0.051879 0.062806
0 0.689338 0.807138 0.045343 0.076287
