0 0.696078 0.345282 0.054739 0.075980
0 0.620098 0.333027 0.078431 0.104779
0 0.499183 0.326287 0.064542 0.111520
0 0.102328 0.334865 0.073938 0.094975
0 0.745098 0.295037 0.063725 0.027574
0 0.132149 0.453738 0.076389 0.074142
0 0.066176 0.451746 0.050654 0.080576
0 0.550858 0.213082 0.073938 0.098958
0 0.482435 0.213388 0.051471 0.089767
0 0.953431 0.424173 0.062908 0.040748
0 0.937296 0.374694 0.125408 0.052083
0 0.421977 0.207567 0.069444 0.100184
0 0.755923 0.220129 0.051879 0.073223
0 0.705882 0.223192 0.041667 0.076287
0 0.661356 0.219210 0.030229 0.080576
0 0.613154 0.220435 0.052288 0.084865
0 0.352737 0.224418 0.060866 0.067708
0 0.283905 0.195006 0.078431 0.127145
0 0.176879 0.222273 0.060458 0.068934
0 0.937092 0.311581 0.120098 0.060662
0 0.755515 0.348039 0.055147 0.071691
0 0.553309 0.670956 0.032271 0.079044
0 0.795139 0.569087 0.036356 0.060355
0 0.479984 0.670343 0.038399 0.075368
0 0.983252 0.053462 0.033497 0.097733
0 0.682190 0.838235 0.043301 0.080270
0 0.551266 0.853860 0.050245 0.099877
0 0.504493 0.852941 0.038399 0.091299
0 0.464461 0.852941 0.040033 0.086397
0 0.420343 0.866115 0.041667 0.074755
0 0.347835 0.852328 0.038807 0.077819
0 0.311683 0.849571 0.027778 0.071691
0 0.943219 0.060815 0.039216 0.079963
0 0.273284 0.863664 0.044935 0.069853
0 0.147059 0.861213 0.033497 0.067402
0 0.105596 0.860294 0.039624 0.072304
0 0.850899 0.760570 0.075163 0.040748
0 0.793505 0.761183 0.033088 0.049326
0 0.749592 0.755974 0.026961 0.049939
0 0.713644 0.755668 0.032680 0.048100
0 0.678105 0.754749 0.031046 0.047488
0 0.469363 0.761489 0.078431 0.060968
0 0.187092 0.866115 0.042484 0.072304
0 0.902369 0.054075 0.043301 0.092831
0 0.864788 0.060815 0.025327 0.076900
0 0.095384 0.226256 0.092729 0.060968
0 0.440768 0.663909 0.037582 0.086397
0 0.402369 0.664828 0.038399 0.086397
0 0.362337 0.666667 0.035948 0.082721
0 0.321283 0.657475 0.030637 0.076593
0 0.275735 0.664828 0.045752 0.091299
0 0.225490 0.662990 0.039216 0.087010
0 0.171977 0.678002 0.066993 0.053309
0 0.846814 0.601103 0.047386 0.031250
0 0.847631 0.574755 0.060458 0.014706
0 0.181373 0.340686 0.065359 0.082108
0 0.753268 0.565411 0.042484 0.069547
0 0.709967 0.562653 0.041667 0.075674
0 0.659722 0.554075 0.055556 0.089767
0 0.578636 0.554994 0.060049 0.081801
0 0.435049 0.557445 0.062908 0.084252
0 0.375817 0.556832 0.050654 0.075674
0 0.312092 0.556832 0.040850 0.079963
0 0.262663 0.556219 0.044118 0.079963
0 0.203431 0.558058 0.064542 0.082414
0 0.518382 0.668811 0.033497 0.077819
0 0.283088 0.453738 0.048203 0.074142
0 0.220997 0.450521 0.066993 0.078125
0 0.453840 0.454963 0.043301 0.059436
0 0.139297 0.765472 0.050654 0.053002
0 0.196078 0.766391 0.041667 0.064645
0 0.817810 0.068168 0.053922 0.059743
0 0.315768 0.760570 0.031863 0.059130
0 0.475082 0.065104 0.053105 0.065257
0 0.354575 0.760263 0.036765 0.060355
0 0.399101 0.759957 0.040033 0.060968
0 0.420752 0.063266 0.046569 0.068321
0 0.363562 0.021446 0.051471 0.033701
0 0.363971 0.068474 0.047386 0.055453
0 0.029820 0.336703 0.055556 0.089461
0 0.900327 0.236060 0.092320 0.040748
0 0.036356 0.061887 0.064542 0.031863
0 0.099877 0.050551 0.052696 0.033701
0 0.158088 0.052083 0.051471 0.033701
0 0.220997 0.056373 0.058824 0.028186
0 0.904003 0.193934 0.092320 0.042279
0 0.777982 0.073683 0.022467 0.054228
0 0.742239 0.060202 0.040850 0.083640
0 0.698529 0.055607 0.039216 0.093444
0 0.656454 0.055300 0.040850 0.098346
0 0.600490 0.070006 0.051471 0.052390
0 0.532271 0.066330 0.044935 0.071385
0 0.089052 0.753523 0.035131 0.041973
0 0.153186 0.084712 0.056373 0.029105
0 0.098243 0.083180 0.051879 0.028493
0 0.218954 0.085018 0.071895 0.029105
0 0.032884 0.090227 0.064951 0.021140
0 0.295956 0.050092 0.078023 0.094056
0 0.823529 0.220129 0.057190 0.070159
0 0.901552 0.146446 0.090686 0.048407
0 0.381536 0.452359 0.090686 0.072610
0 0.047386 0.764246 0.029412 0.043199
0 0.270425 0.761795 0.059641 0.060355
0 0.857435 0.716299 0.075163 0.037990
0 0.507761 0.455882 0.061275 0.064951
0 0.592729 0.444087 0.068627 0.087316
0 0.663807 0.448376 0.055556 0.079963
0 0.717729 0.456189 0.049020 0.066176
0 0.778391 0.442862 0.068219 0.087316
0 0.853350 0.484375 0.063725 0.045343
0 0.929330 0.489583 0.084967 0.036152
0 0.935049 0.528186 0.062908 0.037990
0 0.016748 0.763940 0.029412 0.041360
0 0.051471 0.558977 0.049837 0.090380
0 0.120302 0.559589 0.085376 0.091605
0 0.280637 0.330270 0.063725 0.101103
0 0.857435 0.528186 0.075163 0.038603
0 0.348243 0.340380 0.068219 0.081495
0 0.847631 0.664522 0.080882 0.041667
0 0.777982 0.663297 0.030637 0.089461
0 0.727941 0.666667 0.028595 0.091912
0 0.693219 0.667892 0.028595 0.092525
0 0.614788 0.670956 0.031046 0.071078
0 0.583333 0.659926 0.025327 0.072304
0 0.653186 0.669118 0.038399 0.078431
0 0.940359 0.871936 0.119281 0.052696
0 0.422794 0.333027 0.066993 0.095588
0 0.799632 0.869485 0.159722 0.056985
