0 0.975000 0.287630 0.048148 0.033073
0 0.976157 0.250911 0.046759 0.036719
0 0.981713 0.182943 0.036574 0.032552
0 0.981713 0.148438 0.036574 0.033333
0 0.912500 0.162109 0.088889 0.023698
0 0.909954 0.187240 0.090278 0.021354
0 0.909491 0.275781 0.078241 0.059896
0 0.813657 0.347526 0.086574 0.041406
0 0.938426 0.351042 0.082407 0.035417
0 0.481019 0.248958 0.082407 0.039062
0 0.481713 0.287760 0.081019 0.035937
0 0.571991 0.276302 0.083796 0.056250
0 0.654861 0.275911 0.080093 0.059635
0 0.740046 0.275651 0.084722 0.060156
0 0.824537 0.276302 0.081481 0.058854
0 0.936806 0.387891 0.079167 0.034635
0 0.956019 0.477344 0.087037 0.048438
0 0.395139 0.288542 0.079167 0.036979
0 0.853241 0.488021 0.097222 0.059896
0 0.675694 0.490625 0.055093 0.050000
0 0.616435 0.492057 0.058796 0.056510
0 0.539583 0.490365 0.055093 0.052604
0 0.465278 0.489844 0.054630 0.053646
0 0.412269 0.491406 0.053241 0.050521
0 0.355787 0.492057 0.056019 0.051823
0 0.269444 0.489063 0.058333 0.055208
0 0.212269 0.489323 0.056944 0.054688
0 0.752315 0.486849 0.098148 0.059635
0 0.397685 0.249740 0.078704 0.037500
0 0.317824 0.248958 0.076389 0.036979
0 0.319676 0.287109 0.072685 0.037240
0 0.831944 0.399870 0.095370 0.046615
0 0.729398 0.398828 0.098611 0.044531
0 0.630787 0.400000 0.093056 0.044792
0 0.436574 0.402865 0.094444 0.043229
0 0.530556 0.402344 0.088889 0.042188
0 0.538657 0.355859 0.080093 0.037760
0 0.453704 0.355729 0.084259 0.037500
0 0.244907 0.342318 0.089815 0.027344
0 0.333333 0.407682 0.100000 0.033594
0 0.331019 0.373047 0.099074 0.031510
0 0.227083 0.408333 0.100463 0.030208
0 0.222685 0.375521 0.100000 0.029167
0 0.124537 0.413542 0.100926 0.021875
0 0.119444 0.390495 0.101852 0.022135
0 0.064120 0.248828 0.063426 0.034635
0 0.140509 0.249740 0.059722 0.032813
0 0.083565 0.287630 0.063426 0.036198
0 0.150000 0.287370 0.066667 0.036719
0 0.245833 0.288151 0.075000 0.037760
0 0.154630 0.489974 0.057407 0.058594
0 0.096528 0.490495 0.054167 0.057552
0 0.027083 0.473307 0.052315 0.048698
0 0.028472 0.557161 0.054167 0.032031
0 0.934722 0.656380 0.070370 0.039323
0 0.927315 0.735547 0.068519 0.075260
0 0.850926 0.747786 0.071296 0.070573
0 0.774769 0.749479 0.074537 0.069271
0 0.693287 0.750911 0.075463 0.073698
0 0.616898 0.751042 0.075463 0.073438
0 0.543056 0.750521 0.061111 0.057813
0 0.448380 0.772396 0.088426 0.035417
0 0.450000 0.747005 0.093519 0.016927
0 0.374074 0.742969 0.057407 0.029687
0 0.317593 0.742318 0.055556 0.028385
0 0.369676 0.773047 0.053241 0.029427
0 0.316204 0.771875 0.053704 0.029167
0 0.244907 0.764714 0.089815 0.038802
0 0.147685 0.763932 0.092593 0.038281
0 0.039815 0.740625 0.077778 0.091667
0 0.036111 0.392057 0.068519 0.062240
0 0.982870 0.735286 0.034259 0.077344
0 0.986111 0.660026 0.027778 0.034635
0 0.862500 0.665495 0.053704 0.055469
0 0.821296 0.187891 0.075926 0.022135
0 0.802546 0.665755 0.053241 0.055990
0 0.683333 0.663151 0.053704 0.057552
0 0.105093 0.572135 0.056481 0.069792
0 0.167593 0.571615 0.058333 0.068750
0 0.227315 0.572005 0.058333 0.069531
0 0.287500 0.571224 0.059259 0.067969
0 0.348380 0.572005 0.056944 0.069531
0 0.541898 0.577214 0.094907 0.055990
0 0.639583 0.575391 0.089352 0.054948
0 0.759028 0.574349 0.090278 0.066927
0 0.927083 0.535677 0.059722 0.028125
0 0.982870 0.536849 0.034259 0.030469
0 0.986111 0.573177 0.027778 0.035937
0 0.933102 0.573958 0.068981 0.034375
0 0.045370 0.633984 0.056481 0.079948
0 0.109028 0.665104 0.047685 0.054688
0 0.165046 0.666536 0.048611 0.059635
0 0.323611 0.658854 0.050000 0.066146
0 0.378241 0.659375 0.052778 0.067187
0 0.574537 0.665104 0.044444 0.059375
0 0.627083 0.663411 0.052315 0.058073
0 0.742130 0.664323 0.056481 0.059896
0 0.828009 0.163802 0.074537 0.025000
0 0.439815 0.577734 0.099074 0.059635
0 0.753935 0.163281 0.069907 0.023438
0 0.746759 0.188411 0.066667 0.023698
0 0.053241 0.167578 0.076852 0.023177
0 0.130324 0.190365 0.072685 0.020833
0 0.054630 0.191276 0.074074 0.020573
0 0.213194 0.166797 0.081019 0.024219
0 0.213889 0.190495 0.082407 0.021094
0 0.307176 0.169010 0.068981 0.019271
0 0.309722 0.191276 0.064815 0.020573
0 0.378241 0.141927 0.074074 0.020313
0 0.382639 0.164844 0.074537 0.022917
0 0.385880 0.190495 0.076389 0.021094
0 0.465046 0.166016 0.085648 0.020052
0 0.471759 0.188932 0.090741 0.020573
0 0.130556 0.167057 0.073148 0.020052
0 0.565509 0.166016 0.094907 0.020052
0 0.667824 0.188672 0.088426 0.023177
0 0.563889 0.142187 0.100000 0.020833
0 0.669676 0.164583 0.093056 0.023438
0 0.752778 0.139583 0.067593 0.022917
0 0.915741 0.138021 0.091667 0.021875
0 0.827083 0.138932 0.081019 0.021094
0 0.749769 0.116146 0.067130 0.021354
0 0.568750 0.122005 0.098611 0.014844
0 0.666667 0.139583 0.090741 0.022917
0 0.664120 0.100651 0.087500 0.009635
0 0.570833 0.188021 0.097222 0.021354
0 0.662500 0.116276 0.088889 0.021615
