0 0.303768 0.149714 0.037071 0.037990
0 0.246170 0.111111 0.024816 0.040033
0 0.264859 0.167484 0.026042 0.038399
0 0.408395 0.642565 0.012868 0.035131
0 0.386795 0.640114 0.016850 0.035948
0 0.333027 0.633987 0.017770 0.031046
0 0.350337 0.635621 0.010723 0.029412
0 0.763021 0.122549 0.010723 0.052288
0 0.811275 0.246528 0.023897 0.059232
0 0.825521 0.171364 0.018076 0.064134
0 0.397059 0.597631 0.016544 0.031863
0 0.838542 0.243873 0.017157 0.062092
0 0.755821 0.266953 0.015319 0.057598
0 0.338388 0.116422 0.043811 0.048203
0 0.324295 0.051879 0.041973 0.048203
0 0.779871 0.262255 0.023591 0.062908
0 0.798560 0.178513 0.022978 0.062908
0 0.768995 0.189542 0.026348 0.057190
0 0.742800 0.198938 0.021752 0.058007
0 0.734681 0.275123 0.018995 0.053513
0 0.713235 0.281658 0.019608 0.053513
0 0.722580 0.210172 0.015625 0.060049
0 0.698070 0.215074 0.018076 0.055147
0 0.691330 0.284926 0.013787 0.052696
0 0.674479 0.292484 0.016238 0.049837
0 0.658854 0.233660 0.017463 0.049020
0 0.279259 0.085580 0.039522 0.042075
0 0.812960 0.092116 0.019301 0.062500
0 0.367494 0.638480 0.014400 0.026961
0 0.969210 0.762868 0.048100 0.122958
0 0.211703 0.140523 0.030025 0.048203
0 0.236060 0.197304 0.029105 0.042484
0 0.426471 0.785948 0.011029 0.027778
0 0.440104 0.752451 0.016850 0.029412
0 0.450214 0.793913 0.014400 0.033905
0 0.465839 0.759804 0.017463 0.029412
0 0.408395 0.777165 0.012868 0.025735
0 0.488205 0.765319 0.018076 0.029820
0 0.499694 0.814747 0.018382 0.032271
0 0.516391 0.774918 0.019301 0.031863
0 0.528493 0.820874 0.017157 0.034722
0 0.532935 0.730801 0.024203 0.034314
0 0.562806 0.734273 0.022672 0.038807
0 0.891850 0.223243 0.059436 0.065768
0 0.474724 0.800858 0.013787 0.029820
0 0.785539 0.100694 0.026348 0.060049
0 0.419884 0.743464 0.014400 0.024510
0 0.391544 0.773693 0.015319 0.029412
0 0.962469 0.595792 0.075061 0.096814
0 0.944700 0.396038 0.104473 0.104984
0 0.964001 0.209150 0.064645 0.058007
0 0.653646 0.300858 0.012561 0.049428
0 0.356924 0.592116 0.020221 0.035539
0 0.349265 0.689951 0.012255 0.031046
0 0.397365 0.739379 0.013480 0.031046
0 0.368413 0.694649 0.014400 0.035539
0 0.408088 0.703636 0.015931 0.033088
0 0.429534 0.706699 0.018995 0.039216
0 0.457108 0.715482 0.024510 0.039624
0 0.360754 0.726511 0.010723 0.023284
0 0.376685 0.733047 0.011949 0.020833
0 0.370251 0.763889 0.014400 0.026961
0 0.386795 0.698529 0.013174 0.033497
0 0.637714 0.243260 0.015012 0.055964
0 0.480699 0.652574 0.016544 0.035539
0 0.631893 0.310253 0.016850 0.050245
0 0.701593 0.767361 0.030637 0.049428
0 0.659007 0.760621 0.036765 0.048203
0 0.641697 0.858456 0.022978 0.041258
0 0.613358 0.849060 0.017770 0.037990
0 0.632047 0.806781 0.024510 0.041667
0 0.598499 0.794526 0.019914 0.044935
0 0.620098 0.744485 0.023284 0.041258
0 0.589920 0.743056 0.016238 0.040850
0 0.583333 0.840482 0.014706 0.043709
0 0.555453 0.831699 0.021446 0.038399
0 0.572763 0.783497 0.019914 0.035948
0 0.542433 0.780025 0.022365 0.036356
0 0.559743 0.328227 0.011029 0.045343
0 0.542279 0.334967 0.014093 0.046569
0 0.548866 0.277574 0.010110 0.051062
0 0.530025 0.279820 0.018382 0.047386
0 0.590839 0.195670 0.018076 0.056373
0 0.630821 0.177900 0.008578 0.059232
0 0.609988 0.183211 0.022059 0.054330
0 0.648744 0.172794 0.019914 0.069444
0 0.671262 0.160335 0.009804 0.059232
0 0.693781 0.155637 0.009498 0.055556
0 0.712010 0.141953 0.011642 0.047794
0 0.733609 0.134395 0.010723 0.053105
0 0.747396 0.128472 0.010110 0.049428
0 0.630055 0.612541 0.039522 0.051062
0 0.646140 0.672998 0.035539 0.051062
0 0.602941 0.669526 0.028799 0.051471
0 0.527114 0.602941 0.021752 0.049837
0 0.747702 0.775327 0.037071 0.047386
0 0.673560 0.821691 0.026042 0.043709
0 0.717218 0.830882 0.031250 0.044935
0 0.763634 0.845997 0.038909 0.044118
0 0.611060 0.314747 0.013174 0.051879
0 0.595895 0.320874 0.012868 0.046160
0 0.596967 0.260212 0.013174 0.051471
0 0.580882 0.266340 0.007966 0.061275
0 0.564645 0.269404 0.017157 0.049428
0 0.376379 0.597835 0.016850 0.037173
0 0.454963 0.648080 0.018382 0.038807
0 0.427696 0.647059 0.017157 0.036765
0 0.470588 0.599265 0.018995 0.040033
0 0.443781 0.600082 0.022365 0.044118
0 0.416360 0.600694 0.018995 0.042892
0 0.569700 0.660948 0.032782 0.044118
0 0.534926 0.655433 0.026348 0.046160
0 0.505668 0.654820 0.024816 0.044935
0 0.616422 0.246936 0.015931 0.052696
0 0.555607 0.601511 0.023591 0.049428
0 0.452053 0.478962 0.021752 0.134395
0 0.470588 0.291054 0.022672 0.173611
0 0.940870 0.960172 0.045343 0.060049
0 0.880974 0.945261 0.046875 0.049837
0 0.823223 0.921569 0.039828 0.048203
0 0.927390 0.886029 0.046569 0.061275
0 0.869026 0.880923 0.048100 0.050245
0 0.812960 0.861315 0.044424 0.042075
0 0.913756 0.807598 0.053615 0.078431
0 0.851103 0.804534 0.053922 0.064951
0 0.796109 0.789420 0.046875 0.052696
0 0.773284 0.905025 0.041054 0.058415
0 0.727175 0.887868 0.030331 0.047794
0 0.687806 0.877451 0.027574 0.038399
0 0.577206 0.326185 0.011642 0.043709
0 0.496630 0.603350 0.031250 0.045752
0 0.745558 0.464461 0.019914 0.140523
0 0.588542 0.607639 0.025735 0.054330
0 0.476562 0.502042 0.013787 0.096405
0 0.493107 0.495507 0.009498 0.096405
0 0.511336 0.492647 0.017157 0.095588
0 0.530790 0.493464 0.013787 0.104575
0 0.546875 0.490605 0.012255 0.107026
0 0.563725 0.491626 0.013480 0.111520
0 0.581495 0.486315 0.014706 0.110703
0 0.599877 0.485703 0.015319 0.114379
0 0.617953 0.481618 0.015319 0.114379
0 0.638940 0.481413 0.017463 0.116422
0 0.657169 0.471814 0.013480 0.127451
0 0.501379 0.279003 0.024816 0.160948
0 0.684283 0.473652 0.026654 0.121324
0 0.773591 0.456699 0.020833 0.138072
0 0.799479 0.456904 0.024816 0.138480
0 0.832874 0.454453 0.029105 0.143382
0 0.869179 0.454044 0.031250 0.152369
0 0.897825 0.699755 0.054228 0.063725
0 0.837929 0.692198 0.056373 0.069036
0 0.770221 0.616217 0.050245 0.055964
0 0.722120 0.616422 0.039828 0.062092
0 0.733915 0.689747 0.041973 0.053513
0 0.784161 0.693423 0.039522 0.055964
0 0.723652 0.467525 0.017770 0.134395
0 0.685662 0.674837 0.036765 0.049020
