0 0.944853 0.617494 0.080065 0.027267
0 0.101716 0.506740 0.072712 0.028799
0 0.204861 0.519761 0.116422 0.015012
0 0.242443 0.549939 0.114788 0.037990
0 0.256332 0.502145 0.080474 0.019608
0 0.122549 0.547947 0.125817 0.034620
0 0.026348 0.531097 0.052696 0.074449
0 0.638072 0.647518 0.077614 0.026042
0 0.865196 0.653339 0.084150 0.048100
0 0.788399 0.648131 0.070261 0.039522
0 0.714665 0.650276 0.075572 0.032782
0 0.558007 0.648284 0.082516 0.024510
0 0.638276 0.614583 0.073938 0.033701
0 0.438725 0.514859 0.070261 0.029718
0 0.560049 0.616881 0.084150 0.035233
0 0.947100 0.656863 0.075572 0.038603
0 0.348243 0.514859 0.080474 0.032782
0 0.261029 0.412837 0.073529 0.042586
0 0.428105 0.554534 0.069444 0.038603
0 0.642770 0.431679 0.051879 0.078431
0 0.707721 0.614890 0.061683 0.033088
0 0.549224 0.412377 0.132761 0.041667
0 0.513480 0.452665 0.060458 0.037071
0 0.580474 0.453431 0.051471 0.035539
0 0.191585 0.412837 0.065359 0.039522
0 0.126634 0.409007 0.064542 0.037990
0 0.353145 0.555300 0.076389 0.036458
0 0.058211 0.407016 0.075572 0.041973
0 0.199551 0.459712 0.061683 0.040748
0 0.136234 0.455729 0.061683 0.034007
0 0.067810 0.451746 0.072712 0.041360
0 0.909314 0.544577 0.081699 0.055453
0 0.805556 0.541667 0.129902 0.063725
0 0.677492 0.538297 0.117239 0.061275
0 0.545343 0.534773 0.116013 0.066483
0 0.267565 0.458487 0.072712 0.042586
0 0.484681 0.651195 0.062500 0.034007
0 0.425041 0.813419 0.067402 0.064338
0 0.354984 0.651808 0.064542 0.032782
0 0.150940 0.729167 0.101716 0.036152
0 0.929126 0.831189 0.070670 0.022672
0 0.934845 0.801624 0.079657 0.026654
0 0.848039 0.824295 0.077614 0.045650
0 0.738562 0.812194 0.048203 0.043505
0 0.679534 0.818627 0.060049 0.059436
0 0.602941 0.825674 0.090686 0.045956
0 0.255719 0.736673 0.092320 0.040135
0 0.508987 0.825674 0.083333 0.039828
0 0.256127 0.830882 0.099673 0.038603
0 0.256536 0.796875 0.101307 0.030025
0 0.147876 0.831495 0.099673 0.037377
0 0.148080 0.798100 0.100082 0.027574
0 0.046160 0.833180 0.083333 0.027880
0 0.045343 0.799326 0.086601 0.033088
0 0.703431 0.456036 0.069444 0.031556
0 0.353350 0.812653 0.063725 0.062806
0 0.420547 0.651961 0.064134 0.034926
0 0.332925 0.707567 0.062092 0.034620
0 0.410743 0.708640 0.063317 0.032475
0 0.352533 0.614277 0.056373 0.037377
0 0.421160 0.616268 0.063725 0.037071
0 0.485907 0.615043 0.062500 0.032782
0 0.220588 0.632966 0.113562 0.067402
0 0.101511 0.628983 0.114788 0.075368
0 0.953431 0.747855 0.075163 0.036152
0 0.955270 0.711703 0.079657 0.032475
0 0.340482 0.742494 0.069036 0.025429
0 0.851103 0.748162 0.095997 0.038603
0 0.752451 0.739277 0.080882 0.044118
0 0.733864 0.700980 0.089461 0.020221
0 0.649306 0.736520 0.095997 0.046569
0 0.634804 0.699449 0.092320 0.016544
0 0.552492 0.735141 0.077206 0.046262
0 0.479575 0.734375 0.068627 0.043505
0 0.408701 0.741115 0.059232 0.031250
0 0.847222 0.718597 0.088235 0.021752
0 0.773897 0.456955 0.070670 0.034007
0 0.777982 0.415135 0.070670 0.041054
0 0.707925 0.412684 0.060458 0.036152
0 0.034926 0.052849 0.061683 0.047488
0 0.037173 0.104779 0.064542 0.041667
0 0.902165 0.207721 0.091912 0.030025
0 0.902778 0.245711 0.093137 0.035539
0 0.825163 0.242494 0.053922 0.034620
0 0.768178 0.242034 0.061683 0.034314
0 0.707721 0.242341 0.060866 0.034926
0 0.651348 0.242800 0.051062 0.035846
0 0.595792 0.241575 0.060049 0.036458
0 0.538603 0.238817 0.047794 0.037071
0 0.833538 0.205116 0.045343 0.030331
0 0.777369 0.205270 0.055556 0.037377
0 0.722018 0.203431 0.052696 0.039828
0 0.666871 0.202972 0.056781 0.038909
0 0.610294 0.205116 0.055556 0.036458
0 0.121732 0.109528 0.058007 0.031556
0 0.185253 0.105852 0.065768 0.034620
0 0.257966 0.105392 0.067402 0.036765
0 0.181373 0.063266 0.073529 0.046875
0 0.950163 0.126532 0.065359 0.042279
0 0.883783 0.127298 0.067402 0.041973
0 0.820261 0.122396 0.059641 0.037071
0 0.758374 0.123621 0.056781 0.037071
0 0.703431 0.121477 0.053105 0.035233
0 0.950980 0.079504 0.071895 0.039522
0 0.871936 0.078125 0.082925 0.042279
0 0.552492 0.202665 0.056781 0.035233
0 0.648284 0.123775 0.040850 0.024510
0 0.540441 0.110907 0.056373 0.044730
0 0.472018 0.110600 0.071487 0.047794
0 0.398897 0.111213 0.070670 0.048407
0 0.329453 0.111213 0.066585 0.046569
0 0.403186 0.058670 0.062092 0.053615
0 0.334355 0.058364 0.069036 0.052390
0 0.362337 0.433211 0.040033 0.034314
0 0.597835 0.112898 0.055964 0.046262
0 0.718954 0.174632 0.050654 0.012868
0 0.664216 0.172028 0.062092 0.016850
0 0.607843 0.172335 0.048203 0.017463
0 0.397876 0.345435 0.060458 0.042586
0 0.402982 0.299020 0.066585 0.044730
0 0.333538 0.299173 0.066585 0.040748
0 0.330270 0.345129 0.069036 0.045037
0 0.251021 0.345129 0.069036 0.032782
0 0.183824 0.341452 0.064542 0.038909
0 0.116217 0.339767 0.056781 0.037377
0 0.472018 0.346661 0.071487 0.035846
0 0.251430 0.303462 0.072304 0.038297
0 0.121936 0.304688 0.057598 0.037684
0 0.060049 0.303922 0.067810 0.037377
0 0.051062 0.342831 0.069444 0.028186
0 0.960172 0.437347 0.057598 0.079350
0 0.897672 0.458487 0.060049 0.040135
0 0.897876 0.416820 0.062908 0.037684
0 0.838848 0.416360 0.051062 0.040441
0 0.184436 0.304994 0.063317 0.035233
0 0.837827 0.455576 0.053105 0.033701
0 0.483252 0.300092 0.077614 0.041973
0 0.660131 0.297794 0.090686 0.030025
0 0.555760 0.172794 0.058415 0.018382
0 0.483047 0.234375 0.069853 0.035539
0 0.415441 0.235754 0.066176 0.037071
0 0.343137 0.231924 0.075980 0.040441
0 0.487337 0.192096 0.065359 0.038603
0 0.419526 0.191023 0.070261 0.040135
0 0.337827 0.189798 0.086601 0.040135
0 0.561683 0.296262 0.074346 0.033088
0 0.232639 0.192862 0.122141 0.030944
0 0.083538 0.221507 0.138480 0.036152
0 0.910131 0.350950 0.100490 0.041360
0 0.880310 0.306373 0.086601 0.041054
0 0.787173 0.302849 0.060458 0.037071
0 0.771242 0.354933 0.088235 0.043199
0 0.693423 0.345588 0.052696 0.036765
0 0.610907 0.341759 0.095180 0.053615
0 0.232435 0.229779 0.114379 0.034314
0 0.260825 0.061887 0.078023 0.041667
0 0.475286 0.061887 0.064951 0.044118
