0 0.877083 0.165625 0.035417 0.092969
0 0.171615 0.287305 0.051562 0.079297
0 0.080469 0.283984 0.047396 0.103906
0 0.027604 0.284766 0.052083 0.093750
0 0.032031 0.416406 0.064062 0.107813
0 0.103646 0.416992 0.064583 0.105078
0 0.163021 0.434375 0.045833 0.085156
0 0.631510 0.572656 0.052604 0.082031
0 0.216406 0.436719 0.053646 0.080469
0 0.268229 0.435742 0.045833 0.084766
0 0.320573 0.439453 0.048438 0.083594
0 0.372135 0.440820 0.047396 0.079297
0 0.423958 0.441211 0.045833 0.078516
0 0.474740 0.442578 0.050521 0.082031
0 0.226562 0.289453 0.053125 0.079687
0 0.528125 0.444531 0.050000 0.082812
0 0.629167 0.445312 0.056250 0.078906
0 0.685937 0.445508 0.056250 0.078516
0 0.742188 0.447070 0.048958 0.079297
0 0.791927 0.448828 0.049479 0.078125
0 0.845573 0.449609 0.045312 0.078906
0 0.574479 0.574609 0.048958 0.074219
0 0.950781 0.454102 0.051562 0.076172
0 0.522396 0.574805 0.050000 0.073828
0 0.469531 0.573438 0.049479 0.080469
0 0.418229 0.575391 0.048958 0.075000
0 0.366667 0.575391 0.053125 0.074219
0 0.314844 0.573047 0.049479 0.078906
0 0.262760 0.571484 0.052604 0.078125
0 0.577865 0.444531 0.047396 0.078125
0 0.686719 0.574609 0.048438 0.078125
0 0.741667 0.575391 0.051042 0.078906
0 0.796094 0.585742 0.051562 0.062891
0 0.833594 0.173828 0.042188 0.075000
0 0.790885 0.170117 0.035937 0.075391
0 0.750781 0.168164 0.036979 0.075391
0 0.705469 0.165430 0.042188 0.080859
0 0.579688 0.158789 0.041667 0.080859
0 0.536198 0.159375 0.039062 0.077344
0 0.493490 0.157617 0.035937 0.076172
0 0.451562 0.154688 0.039583 0.082031
0 0.406250 0.145313 0.033333 0.100781
0 0.952344 0.580078 0.046354 0.080469
0 0.901042 0.581055 0.051042 0.073828
0 0.209896 0.571094 0.052083 0.076563
0 0.952865 0.169727 0.032813 0.094141
0 0.985677 0.170117 0.028646 0.094922
0 0.976042 0.303711 0.046875 0.090234
0 0.921615 0.310352 0.051562 0.073047
0 0.869010 0.305469 0.045312 0.075781
0 0.815625 0.306250 0.050000 0.074219
0 0.763542 0.303906 0.047917 0.075000
0 0.711458 0.300977 0.052083 0.079297
0 0.658854 0.299023 0.054167 0.084766
0 0.602865 0.294727 0.055729 0.086328
0 0.548698 0.294727 0.049479 0.084766
0 0.493750 0.293750 0.057292 0.086719
0 0.440104 0.296289 0.048958 0.079297
0 0.387760 0.294531 0.054688 0.078125
0 0.332813 0.293359 0.053125 0.078125
0 0.279948 0.291211 0.052604 0.076172
0 0.848437 0.584766 0.048958 0.068750
0 0.916927 0.169141 0.030729 0.095312
0 0.154948 0.570508 0.050521 0.077734
0 0.417187 0.704102 0.043750 0.075391
0 0.088542 0.555859 0.063542 0.098437
0 0.067969 0.923828 0.103646 0.143750
0 0.096615 0.787305 0.055729 0.088672
0 0.151823 0.830469 0.052604 0.087500
0 0.203125 0.830078 0.050000 0.088281
0 0.254688 0.830273 0.051042 0.083203
0 0.305729 0.829688 0.052083 0.082031
0 0.028646 0.553711 0.057292 0.106641
0 0.407292 0.828906 0.046875 0.082031
0 0.457292 0.828906 0.047917 0.082031
0 0.508073 0.830273 0.050521 0.083203
0 0.559115 0.831445 0.047396 0.074609
0 0.609375 0.833203 0.052083 0.071094
0 0.661719 0.834961 0.042188 0.065234
0 0.706771 0.828320 0.039583 0.069922
0 0.754427 0.830273 0.047396 0.072266
0 0.808854 0.829102 0.047917 0.076953
0 0.856771 0.824219 0.038542 0.078125
0 0.908854 0.832617 0.046875 0.076172
0 0.958333 0.828516 0.046875 0.075781
0 0.934375 0.703516 0.054167 0.082812
0 0.882031 0.705078 0.045312 0.079687
0 0.832552 0.704883 0.048438 0.082422
0 0.778906 0.701758 0.049479 0.084766
0 0.727344 0.698828 0.048438 0.092188
0 0.675000 0.698047 0.042708 0.082812
0 0.621875 0.697266 0.044792 0.082812
0 0.571615 0.697266 0.043229 0.082812
0 0.517188 0.701172 0.042708 0.083594
0 0.468490 0.700977 0.047396 0.079297
0 0.151042 0.954688 0.054167 0.084375
0 0.203385 0.955078 0.047396 0.085156
0 0.358073 0.827930 0.050521 0.081641
0 0.308333 0.954297 0.044792 0.082812
0 0.032813 0.674805 0.062500 0.090234
0 0.097135 0.676758 0.059896 0.094922
0 0.361979 0.152539 0.038542 0.080078
0 0.316406 0.141016 0.034896 0.100781
0 0.276302 0.138477 0.035937 0.097266
0 0.236979 0.136523 0.036458 0.103516
0 0.198437 0.135352 0.037500 0.098828
0 0.368229 0.703516 0.047917 0.076563
0 0.155469 0.133594 0.040104 0.102344
0 0.100781 0.142187 0.058854 0.100781
0 0.027344 0.159180 0.033854 0.062109
0 0.257292 0.953906 0.053125 0.085938
0 0.158333 0.699805 0.045833 0.086328
0 0.208333 0.701367 0.052083 0.087109
0 0.896354 0.438281 0.044792 0.095312
0 0.315365 0.704102 0.052604 0.075391
0 0.357552 0.953711 0.044271 0.087891
0 0.407552 0.952539 0.047396 0.088672
0 0.458854 0.951758 0.045833 0.083203
0 0.507031 0.948828 0.045312 0.085156
0 0.558333 0.951562 0.048958 0.081250
0 0.262760 0.702734 0.047396 0.086719
0 0.656771 0.950781 0.044792 0.081250
0 0.702865 0.951367 0.046354 0.073047
0 0.746615 0.945898 0.036979 0.080078
0 0.804427 0.958594 0.056771 0.065625
0 0.608594 0.950781 0.044271 0.082812
0 0.852604 0.950586 0.036458 0.076953
0 0.894010 0.948438 0.040104 0.076563
0 0.951302 0.944922 0.038021 0.082031
