0 0.196680 0.732031 0.060547 0.043229
0 0.076563 0.563802 0.059375 0.039062
0 0.558398 0.315104 0.020703 0.088542
0 0.582812 0.314323 0.023438 0.093229
0 0.607812 0.313021 0.022656 0.096875
0 0.645312 0.311979 0.040625 0.094792
0 0.709570 0.319792 0.080078 0.083333
0 0.775781 0.311719 0.051562 0.101562
0 0.836914 0.330729 0.068359 0.059375
0 0.890625 0.315885 0.033594 0.090104
0 0.927930 0.317708 0.037109 0.087500
0 0.966211 0.790885 0.040234 0.069271
0 0.025391 0.817708 0.050781 0.036458
0 0.514453 0.337240 0.062500 0.042188
0 0.024805 0.855208 0.049609 0.037500
0 0.080273 0.853906 0.058984 0.036979
0 0.143359 0.847917 0.061719 0.047917
0 0.209375 0.853385 0.067969 0.039062
0 0.262305 0.731510 0.064453 0.050521
0 0.258789 0.677865 0.066016 0.049479
0 0.196875 0.673438 0.050000 0.037500
0 0.138086 0.704427 0.051953 0.028646
0 0.140820 0.738281 0.045703 0.033854
0 0.078320 0.729688 0.071484 0.050000
0 0.075977 0.679427 0.071484 0.047396
0 0.920312 0.662500 0.031250 0.108333
0 0.080664 0.816146 0.060547 0.036458
0 0.803906 0.616667 0.057031 0.041667
0 0.514453 0.293490 0.063281 0.045312
0 0.452344 0.338802 0.058594 0.038021
0 0.607812 0.157292 0.053125 0.109375
0 0.669141 0.180469 0.065625 0.064062
0 0.739844 0.184115 0.071094 0.056771
0 0.739258 0.128385 0.067578 0.043229
0 0.670898 0.126823 0.069141 0.042188
0 0.645508 0.085938 0.057422 0.034375
0 0.799609 0.164583 0.046094 0.100000
0 0.849805 0.166406 0.050391 0.098437
0 0.908203 0.192448 0.059375 0.048438
0 0.971875 0.184375 0.056250 0.071875
0 0.040625 0.275521 0.069531 0.052083
0 0.453125 0.294531 0.057031 0.047396
0 0.043945 0.325781 0.067578 0.046354
0 0.139453 0.286198 0.045312 0.046354
0 0.140625 0.329948 0.044531 0.042188
0 0.189453 0.296094 0.050781 0.039062
0 0.191406 0.335677 0.050781 0.038021
0 0.246875 0.288542 0.060156 0.044792
0 0.247461 0.333073 0.060547 0.044271
0 0.306250 0.298177 0.048438 0.036979
0 0.306641 0.336198 0.047656 0.035937
0 0.363867 0.287760 0.065234 0.043229
0 0.363477 0.334375 0.065234 0.043750
0 0.410352 0.317188 0.024609 0.081250
0 0.097656 0.295833 0.034375 0.111458
0 0.552734 0.154948 0.052344 0.105729
0 0.862500 0.618750 0.054688 0.038542
0 0.320508 0.706510 0.049609 0.030729
0 0.823242 0.472656 0.062109 0.036979
0 0.820898 0.429427 0.052734 0.035937
0 0.762891 0.483594 0.057031 0.034896
0 0.762695 0.441146 0.057422 0.038542
0 0.701562 0.479948 0.064844 0.039062
0 0.700586 0.436719 0.063672 0.044271
0 0.640625 0.439323 0.056250 0.039062
0 0.640039 0.479687 0.057422 0.037500
0 0.584375 0.478385 0.051562 0.042188
0 0.528516 0.441927 0.055469 0.040104
0 0.527930 0.480208 0.055859 0.036458
0 0.875977 0.447917 0.038672 0.097917
0 0.475195 0.476042 0.048828 0.043750
0 0.403711 0.460417 0.030078 0.077083
0 0.364453 0.476823 0.046094 0.029687
0 0.364844 0.442708 0.046094 0.032292
0 0.317578 0.447396 0.039062 0.034375
0 0.315820 0.480469 0.042578 0.026562
0 0.275977 0.476562 0.037891 0.035417
0 0.069336 0.470833 0.060547 0.042708
0 0.134766 0.470573 0.067969 0.046354
0 0.212305 0.469792 0.084766 0.050000
0 0.208203 0.419531 0.092969 0.050521
0 0.129297 0.422656 0.061719 0.047396
0 0.433203 0.459115 0.028906 0.069271
0 0.863672 0.580469 0.057813 0.034896
0 0.919727 0.426563 0.023047 0.091667
0 0.022266 0.566146 0.044531 0.034375
0 0.804688 0.573698 0.060937 0.040104
0 0.751953 0.613281 0.039844 0.033854
0 0.752539 0.572135 0.037109 0.036979
0 0.698047 0.610156 0.071875 0.040104
0 0.698047 0.570312 0.070312 0.039583
0 0.632812 0.570312 0.060156 0.036458
0 0.631055 0.613021 0.060547 0.039583
0 0.572656 0.610938 0.053906 0.044792
0 0.519531 0.615365 0.050000 0.031771
0 0.517969 0.577604 0.050000 0.036458
0 0.078516 0.606510 0.060937 0.041146
0 0.919727 0.541406 0.036328 0.106771
0 0.140039 0.604948 0.058984 0.042188
0 0.279297 0.604948 0.071875 0.044271
0 0.466016 0.579167 0.051562 0.031250
0 0.464062 0.614583 0.052344 0.031250
0 0.416797 0.581510 0.037500 0.086979
0 0.381445 0.583854 0.024609 0.089583
0 0.341797 0.576562 0.046094 0.101042
0 0.280664 0.558333 0.068359 0.045833
0 0.205664 0.556771 0.067578 0.048958
0 0.141602 0.562240 0.062891 0.043229
0 0.836133 0.289583 0.048047 0.022917
0 0.021875 0.607552 0.043750 0.041146
0 0.208594 0.604167 0.068750 0.045833
0 0.494727 0.175521 0.060547 0.066667
0 0.439844 0.119271 0.049219 0.042708
0 0.437305 0.175260 0.052734 0.067187
0 0.889648 0.788021 0.037109 0.065625
0 0.926953 0.790625 0.035156 0.070833
0 0.019727 0.675000 0.038672 0.040625
0 0.021875 0.729688 0.041406 0.041667
0 0.912305 0.938802 0.118359 0.113021
0 0.821875 0.943490 0.038281 0.079687
0 0.787891 0.945833 0.027344 0.075000
0 0.755273 0.940104 0.028516 0.073958
0 0.727734 0.945312 0.019531 0.064583
0 0.985742 0.634896 0.028516 0.067708
0 0.691602 0.967187 0.050391 0.035417
0 0.537305 0.969792 0.051172 0.028125
0 0.588867 0.971875 0.049609 0.032292
0 0.639453 0.968229 0.051562 0.037500
0 0.065430 0.426302 0.064453 0.042188
0 0.586523 0.933333 0.051172 0.038542
0 0.536328 0.941406 0.047656 0.026562
0 0.483984 0.934896 0.052344 0.029167
0 0.481836 0.968490 0.051172 0.032813
0 0.439648 0.941927 0.030859 0.082812
0 0.691406 0.926042 0.050000 0.038542
0 0.349414 0.972917 0.048828 0.030208
0 0.675781 0.742188 0.040625 0.029167
0 0.763477 0.743490 0.044141 0.031771
0 0.321875 0.739323 0.049219 0.031771
0 0.372266 0.702604 0.051562 0.032292
0 0.373437 0.738542 0.051562 0.033333
0 0.418750 0.694271 0.041406 0.036458
0 0.420508 0.734115 0.041797 0.036979
0 0.466016 0.682813 0.051562 0.041667
0 0.467383 0.729948 0.048828 0.047396
0 0.516602 0.707812 0.047266 0.030208
0 0.516602 0.740365 0.047266 0.030729
0 0.719922 0.743490 0.042188 0.029687
0 0.569141 0.698438 0.055469 0.036458
0 0.626758 0.694010 0.056641 0.039062
0 0.626172 0.736458 0.055469 0.037500
0 0.675977 0.708333 0.037891 0.034375
0 0.721875 0.711719 0.044531 0.028646
0 0.765234 0.710677 0.039844 0.032813
0 0.808984 0.712500 0.044531 0.030208
0 0.851953 0.702865 0.039062 0.048438
0 0.851758 0.746615 0.039453 0.028646
0 0.807813 0.744531 0.045312 0.030729
0 0.569336 0.737240 0.056641 0.036979
0 0.397656 0.971875 0.048438 0.032292
0 0.638281 0.916667 0.051562 0.032292
0 0.348047 0.938021 0.044531 0.032292
0 0.608594 0.859635 0.049219 0.030729
0 0.608594 0.825781 0.050000 0.036979
0 0.565039 0.854688 0.032422 0.036458
0 0.566211 0.815104 0.031641 0.036458
0 0.525195 0.860677 0.043359 0.027604
0 0.525781 0.828646 0.044531 0.030208
0 0.476953 0.850521 0.050781 0.037500
0 0.477344 0.805208 0.048438 0.044792
0 0.430273 0.826042 0.041016 0.027083
0 0.428906 0.856510 0.043750 0.029687
0 0.376563 0.840625 0.053906 0.060417
0 0.318555 0.853125 0.058203 0.036458
0 0.316797 0.815365 0.060156 0.034896
0 0.266602 0.857552 0.042578 0.029687
0 0.265234 0.827083 0.042188 0.030208
0 0.209961 0.808594 0.066016 0.046354
0 0.036328 0.140365 0.058594 0.039062
0 0.039453 0.180990 0.053906 0.034896
0 0.096680 0.182031 0.055859 0.040104
0 0.150000 0.170313 0.047656 0.063542
0 0.205469 0.168750 0.060156 0.071875
0 0.266797 0.184896 0.056250 0.039583
0 0.322070 0.171875 0.055078 0.065625
0 0.365625 0.169010 0.027344 0.071354
0 0.394531 0.168229 0.027344 0.073958
0 0.650781 0.830729 0.033594 0.080208
0 0.395508 0.937500 0.048047 0.033333
0 0.979688 0.315365 0.035156 0.082812
0 0.771289 0.861198 0.051172 0.028646
0 0.773438 0.830990 0.051562 0.028646
0 0.721289 0.808073 0.038672 0.038021
0 0.684375 0.830469 0.031250 0.081771
0 0.828516 0.858594 0.057031 0.044271
0 0.059570 0.939063 0.062109 0.034375
0 0.123242 0.934896 0.060547 0.041667
0 0.174609 0.932292 0.042188 0.041667
0 0.830469 0.812500 0.057813 0.040625
0 0.176563 0.972135 0.041406 0.032813
0 0.063281 0.974740 0.059375 0.031771
0 0.214648 0.938281 0.037109 0.029687
0 0.250391 0.935417 0.025781 0.031250
0 0.293164 0.934896 0.056641 0.032292
0 0.295117 0.967448 0.056641 0.032813
0 0.252148 0.968750 0.030078 0.029167
0 0.217969 0.969010 0.039062 0.029687
0 0.124609 0.973698 0.062500 0.030729
0 0.724219 0.860156 0.039844 0.031771
