0 0.212010 0.472273 0.020425 0.109988
0 0.839665 0.305300 0.015931 0.111213
0 0.166871 0.472120 0.029820 0.116422
0 0.538603 0.810662 0.016748 0.098652
0 0.561275 0.812500 0.017157 0.102328
0 0.584967 0.813572 0.016340 0.101409
0 0.629493 0.818934 0.020425 0.100490
0 0.477328 0.806526 0.024101 0.103860
0 0.921977 0.843290 0.127451 0.026042
0 0.099469 0.477175 0.023284 0.110600
0 0.036152 0.476103 0.015114 0.105392
0 0.010212 0.463695 0.020425 0.125919
0 0.921773 0.297181 0.037173 0.102941
0 0.879493 0.286612 0.026144 0.102022
0 0.606413 0.816789 0.014297 0.098652
0 0.054739 0.474571 0.015523 0.102941
0 0.154616 0.791973 0.008578 0.104779
0 0.433415 0.803309 0.014706 0.102328
0 0.821895 0.306373 0.013072 0.111520
0 0.025940 0.785846 0.010212 0.106005
0 0.039828 0.786152 0.010212 0.106005
0 0.053309 0.788143 0.010212 0.105699
0 0.109681 0.787837 0.010212 0.105699
0 0.120507 0.791973 0.009804 0.106005
0 0.133783 0.791360 0.010212 0.106005
0 0.144404 0.791513 0.008578 0.104473
0 0.237541 0.804228 0.022467 0.101103
0 0.261438 0.803768 0.017157 0.103248
0 0.285131 0.806066 0.015523 0.101716
0 0.303513 0.806526 0.011438 0.096507
0 0.327206 0.808977 0.022059 0.104473
0 0.386846 0.803768 0.019608 0.106311
0 0.411356 0.801164 0.015523 0.101103
0 0.455065 0.803768 0.013072 0.103248
0 0.760212 0.310509 0.013072 0.101409
0 0.669935 0.480239 0.010621 0.104473
0 0.711397 0.316176 0.011846 0.104779
0 0.136438 0.971201 0.012255 0.057598
0 0.151552 0.971201 0.012255 0.057598
0 0.217320 0.966605 0.024510 0.065564
0 0.015727 0.785386 0.010212 0.105699
0 0.240196 0.967831 0.018791 0.064338
0 0.705678 0.481005 0.012663 0.106005
0 0.724060 0.480852 0.012663 0.105699
0 0.758578 0.481158 0.016340 0.106311
0 0.776552 0.479167 0.011438 0.106005
0 0.817198 0.485600 0.040441 0.118260
0 0.864583 0.422641 0.029003 0.117341
0 0.928513 0.418045 0.026144 0.117953
0 0.262255 0.967831 0.018791 0.064338
0 0.284109 0.967831 0.019199 0.064338
0 0.305556 0.967831 0.018791 0.064338
0 0.123570 0.971201 0.011846 0.057598
0 0.746936 0.311121 0.009395 0.102635
0 0.109886 0.971201 0.012255 0.057598
0 0.047386 0.961857 0.012255 0.072610
0 0.697100 0.316636 0.011846 0.104473
0 0.656454 0.293045 0.013072 0.108150
0 0.640523 0.292433 0.013889 0.111826
0 0.593750 0.293964 0.013480 0.112439
0 0.577206 0.296569 0.013072 0.112745
0 0.549224 0.300551 0.013480 0.108456
0 0.529820 0.302237 0.015523 0.108762
0 0.460784 0.295496 0.015523 0.110600
0 0.440768 0.297794 0.021242 0.112132
0 0.384804 0.292433 0.031863 0.131434
0 0.315359 0.295650 0.031046 0.118873
0 0.919730 0.872089 0.131127 0.025429
0 0.006127 0.963695 0.012255 0.072610
0 0.020833 0.963695 0.012255 0.072610
0 0.034314 0.960938 0.012255 0.072610
0 0.098448 0.971201 0.012255 0.057598
0 0.005106 0.781863 0.010212 0.106005
0 0.355392 0.458946 0.030229 0.119485
0 0.900531 0.682751 0.121324 0.035233
0 0.168301 0.301164 0.018791 0.109681
0 0.110498 0.296415 0.029003 0.116728
0 0.085989 0.295190 0.016748 0.119179
0 0.027982 0.295496 0.031454 0.147365
0 0.870507 0.157322 0.029412 0.094669
0 0.927696 0.162071 0.028595 0.125613
0 0.839869 0.132047 0.016340 0.112132
0 0.821487 0.136336 0.012255 0.110294
0 0.785539 0.146752 0.013889 0.104167
0 0.768791 0.149050 0.012255 0.105699
0 0.707516 0.122549 0.040850 0.125613
0 0.650940 0.130055 0.017565 0.109988
0 0.630719 0.132506 0.009804 0.108762
0 0.517974 0.124387 0.018791 0.115196
0 0.541054 0.125613 0.019199 0.115196
0 0.187908 0.300092 0.017974 0.109375
0 0.473856 0.128830 0.017974 0.115502
0 0.239583 0.298560 0.030637 0.119792
0 0.234477 0.469210 0.020425 0.110600
0 0.161560 0.624540 0.021650 0.108150
0 0.223448 0.628523 0.022876 0.106924
0 0.279412 0.619332 0.012255 0.103860
0 0.294935 0.617953 0.016340 0.104167
0 0.352533 0.636949 0.016340 0.106005
0 0.371528 0.633885 0.013480 0.102328
0 0.409722 0.632966 0.016340 0.103554
0 0.431781 0.630821 0.019608 0.102328
0 0.483047 0.624234 0.020016 0.107537
0 0.536969 0.629442 0.040441 0.110600
0 0.583538 0.624081 0.029820 0.116422
0 0.637051 0.620711 0.026552 0.118873
0 0.677900 0.636029 0.014297 0.106618
0 0.693423 0.635417 0.013480 0.105392
0 0.733047 0.631127 0.014297 0.109069
0 0.559232 0.966605 0.016340 0.066789
0 0.905637 0.718137 0.123366 0.035539
0 0.454453 0.131740 0.015931 0.110294
0 0.352124 0.131587 0.039216 0.131434
0 0.733864 0.970282 0.097631 0.035539
0 0.622958 0.966605 0.016340 0.066789
0 0.600899 0.966605 0.016340 0.066789
0 0.580474 0.966605 0.016340 0.066789
0 0.103758 0.621630 0.011438 0.102328
0 0.088235 0.622396 0.013072 0.103860
0 0.043096 0.630821 0.016748 0.105392
0 0.022672 0.632200 0.016748 0.105086
0 0.980801 0.439032 0.032680 0.104167
0 0.950980 0.433670 0.018791 0.096507
0 0.796364 0.622089 0.015114 0.102022
0 0.859886 0.569853 0.019608 0.093750
0 0.887051 0.569393 0.024918 0.087316
0 0.940564 0.571998 0.021650 0.113358
0 0.992647 0.584406 0.014706 0.089767
0 0.904820 0.979626 0.135621 0.035233
0 0.393178 0.127298 0.036356 0.132047
0 0.656046 0.479626 0.011438 0.107537
0 0.597631 0.467065 0.017157 0.105086
0 0.300245 0.127604 0.033497 0.126532
0 0.237745 0.137714 0.035131 0.128370
0 0.175858 0.137255 0.020016 0.122549
0 0.155229 0.133885 0.013072 0.120711
0 0.125000 0.130055 0.026144 0.119179
0 0.099060 0.128830 0.018382 0.119792
0 0.055760 0.121936 0.033905 0.127451
0 0.299020 0.458333 0.022876 0.115196
0 0.403595 0.497243 0.020425 0.040441
0 0.404820 0.463235 0.018791 0.026348
0 0.411969 0.435509 0.020833 0.027267
0 0.429330 0.471201 0.014706 0.104779
0 0.480188 0.459406 0.038807 0.126532
0 0.545547 0.473346 0.011846 0.103554
0 0.559436 0.474877 0.012663 0.104779
0 0.614379 0.464461 0.013889 0.107843
0 0.536356 0.967065 0.016340 0.065870
0 0.779616 0.623315 0.013480 0.102635
0 0.748979 0.631434 0.012663 0.108456
