0 0.493490 0.204102 0.036979 0.065234
0 0.533073 0.205859 0.033854 0.061719
0 0.427344 0.632031 0.035937 0.071875
0 0.387240 0.635938 0.035937 0.075000
0 0.351042 0.642969 0.037500 0.075000
0 0.260677 0.729102 0.057813 0.076953
0 0.195312 0.733789 0.061458 0.081641
0 0.129167 0.737109 0.066667 0.081250
0 0.060156 0.739258 0.063021 0.077734
0 0.988281 0.458203 0.023438 0.050781
0 0.954427 0.460156 0.044271 0.045312
0 0.913542 0.466797 0.033333 0.048438
0 0.877083 0.471094 0.034375 0.050000
0 0.833333 0.474023 0.042708 0.053516
0 0.786979 0.480078 0.048958 0.053906
0 0.737240 0.500781 0.045312 0.030469
0 0.683854 0.489648 0.050000 0.060547
0 0.618229 0.499023 0.050000 0.062891
0 0.558854 0.506641 0.065625 0.058594
0 0.492969 0.513086 0.049479 0.064453
0 0.420573 0.519727 0.048438 0.075391
0 0.370573 0.524805 0.041146 0.076172
0 0.497135 0.617578 0.028646 0.069531
0 0.527344 0.613672 0.028646 0.068750
0 0.557813 0.604102 0.028125 0.069141
0 0.589844 0.600195 0.031771 0.066016
0 0.387760 0.773242 0.030729 0.086328
0 0.353906 0.783008 0.029687 0.086328
0 0.262760 0.814258 0.049479 0.074609
0 0.202083 0.816992 0.058333 0.075391
0 0.138021 0.821094 0.055208 0.076563
0 0.069271 0.820117 0.055208 0.074609
0 0.988021 0.530469 0.015625 0.051562
0 0.969792 0.532227 0.017708 0.050391
0 0.949219 0.536719 0.018229 0.053906
0 0.931510 0.542188 0.018229 0.053125
0 0.329948 0.529883 0.032813 0.081641
0 0.910156 0.544141 0.020313 0.057031
0 0.844792 0.555859 0.017708 0.058594
0 0.825521 0.559766 0.016667 0.057031
0 0.568750 0.209375 0.031250 0.061719
0 0.778385 0.567969 0.022396 0.057031
0 0.753906 0.572852 0.024479 0.058984
0 0.727604 0.576758 0.026042 0.062109
0 0.701823 0.581836 0.022396 0.060547
0 0.676302 0.585352 0.025521 0.062891
0 0.647135 0.590820 0.027604 0.064453
0 0.619531 0.595313 0.027604 0.065625
0 0.877083 0.551172 0.045833 0.054688
0 0.453385 0.751758 0.063021 0.098047
0 0.983073 0.377539 0.031771 0.050391
0 0.630469 0.214844 0.026562 0.053125
0 0.609896 0.396484 0.081250 0.061719
0 0.528906 0.402734 0.044271 0.071875
0 0.475260 0.407031 0.045312 0.067969
0 0.426042 0.408398 0.030208 0.068359
0 0.392448 0.407813 0.027604 0.075000
0 0.213542 0.612695 0.046875 0.079297
0 0.144271 0.619727 0.048958 0.076172
0 0.028906 0.514648 0.057813 0.096484
0 0.975781 0.309961 0.023438 0.037109
0 0.950781 0.310937 0.024479 0.041406
0 0.922396 0.310156 0.025000 0.042188
0 0.893229 0.311133 0.028125 0.041797
0 0.867969 0.310742 0.016146 0.043359
0 0.740625 0.318164 0.026042 0.037109
0 0.710677 0.318359 0.027604 0.037500
0 0.675521 0.317773 0.036458 0.041016
0 0.639583 0.318945 0.029167 0.041016
0 0.603385 0.319922 0.036979 0.042969
0 0.556510 0.320117 0.042188 0.043359
0 0.509115 0.317383 0.046354 0.047266
0 0.461719 0.317578 0.044271 0.047656
0 0.671615 0.392969 0.031771 0.066406
0 0.722656 0.391211 0.057813 0.060547
0 0.780990 0.387109 0.030729 0.054688
0 0.878125 0.383398 0.033333 0.054297
0 0.674479 0.221484 0.034375 0.047656
0 0.732292 0.217969 0.038542 0.054688
0 0.766146 0.218750 0.029167 0.056250
0 0.797135 0.221094 0.027604 0.051562
0 0.825260 0.219727 0.023438 0.048828
0 0.850781 0.223047 0.026562 0.047656
0 0.988021 0.615625 0.015625 0.080469
0 0.972917 0.620898 0.014583 0.083203
0 0.353906 0.083008 0.039062 0.096484
0 0.303646 0.077539 0.047917 0.099609
0 0.601302 0.211719 0.028646 0.058594
0 0.250521 0.070898 0.053125 0.101172
0 0.038281 0.080078 0.076563 0.117188
0 0.954167 0.623047 0.018750 0.087500
0 0.930729 0.628711 0.029167 0.082422
0 0.899219 0.635742 0.030729 0.091797
0 0.845573 0.643750 0.022396 0.085938
0 0.823958 0.652344 0.017708 0.093750
0 0.802083 0.658203 0.021875 0.096094
0 0.780729 0.664062 0.019792 0.092969
0 0.947656 0.378125 0.034896 0.046094
0 0.911979 0.381250 0.033333 0.047656
0 0.134896 0.090430 0.068750 0.106641
0 0.529427 0.732812 0.074479 0.089063
0 0.464062 0.622656 0.033333 0.072656
0 0.605729 0.705469 0.031250 0.106250
0 0.758594 0.130859 0.027604 0.069531
0 0.713542 0.125586 0.036458 0.069141
0 0.636719 0.117188 0.029687 0.073438
0 0.601823 0.112500 0.029687 0.081250
0 0.564323 0.107031 0.038021 0.082031
0 0.523698 0.102930 0.033854 0.083203
0 0.577604 0.706055 0.016667 0.100391
0 0.445833 0.093359 0.037500 0.092969
0 0.398698 0.087305 0.043229 0.093359
0 0.803646 0.136914 0.028125 0.062891
0 0.220833 0.965430 0.058333 0.048047
0 0.375521 0.881250 0.034375 0.081250
0 0.417187 0.875391 0.038542 0.089063
0 0.462240 0.883203 0.035937 0.095312
0 0.493490 0.873242 0.021354 0.091797
0 0.538021 0.857422 0.030208 0.093750
0 0.566667 0.850781 0.027083 0.092188
0 0.588542 0.843945 0.016667 0.091016
0 0.612760 0.838281 0.023438 0.084375
0 0.635156 0.829297 0.020313 0.087500
0 0.284115 0.962695 0.056771 0.050391
0 0.658333 0.818164 0.021875 0.094141
0 0.885677 0.102734 0.048438 0.030469
0 0.095833 0.968945 0.060417 0.045703
0 0.453906 0.202930 0.034896 0.067578
0 0.412240 0.201172 0.041146 0.066406
0 0.368750 0.199023 0.037500 0.066797
0 0.327604 0.191992 0.041667 0.062891
0 0.193490 0.198437 0.045312 0.063281
0 0.130469 0.229883 0.059896 0.073828
0 0.050521 0.225586 0.065625 0.086328
0 0.983854 0.165039 0.027083 0.034766
0 0.952344 0.163086 0.024479 0.036328
0 0.159115 0.968359 0.055729 0.046875
0 0.922396 0.161719 0.021875 0.035937
0 0.950781 0.124805 0.030729 0.041016
0 0.922396 0.121680 0.018750 0.041797
0 0.884375 0.165234 0.038542 0.025781
0 0.884896 0.135547 0.046875 0.026562
0 0.865625 0.639453 0.014583 0.079687
0 0.086719 0.900391 0.054688 0.074219
0 0.153646 0.897852 0.058333 0.071484
0 0.217188 0.898828 0.057292 0.073438
0 0.279167 0.892969 0.056250 0.073438
0 0.981510 0.125195 0.028646 0.037109
0 0.682552 0.812500 0.022396 0.089844
0 0.486719 0.099414 0.033854 0.086328
0 0.728646 0.796289 0.018750 0.088672
0 0.904167 0.740820 0.014583 0.078516
0 0.920833 0.736523 0.015625 0.072266
0 0.937500 0.732422 0.017708 0.071875
0 0.963021 0.722656 0.020833 0.071094
0 0.985417 0.711328 0.020833 0.077344
0 0.706771 0.807617 0.022917 0.087891
0 0.878125 0.224219 0.019792 0.053125
0 0.898177 0.225391 0.015104 0.045312
0 0.923698 0.226758 0.030729 0.048047
0 0.951562 0.228906 0.019792 0.050000
0 0.974740 0.230859 0.024479 0.042188
0 0.046094 0.380469 0.076563 0.060937
0 0.122396 0.377734 0.062500 0.062500
0 0.197917 0.375000 0.063542 0.052344
0 0.390365 0.317578 0.042188 0.052344
0 0.758333 0.672266 0.023958 0.100000
0 0.734635 0.674805 0.020313 0.100391
0 0.710156 0.680859 0.023438 0.100000
0 0.685937 0.688477 0.019792 0.103516
0 0.662500 0.692578 0.023958 0.104688
0 0.635677 0.699609 0.027604 0.107031
0 0.888021 0.744336 0.014583 0.078516
0 0.876302 0.755078 0.013021 0.068750
0 0.803125 0.562891 0.023958 0.056250
0 0.813281 0.769531 0.015104 0.085938
0 0.749219 0.789453 0.018229 0.085156
0 0.772396 0.783398 0.019792 0.087109
0 0.859635 0.756445 0.015104 0.076172
0 0.846875 0.760352 0.011458 0.074609
0 0.830990 0.767383 0.015104 0.074609
0 0.794271 0.777539 0.021875 0.084766
