0 0.732843 0.825572 0.064951 0.059641
0 0.189951 0.137868 0.052083 0.024101
0 0.073683 0.129698 0.043199 0.040441
0 0.167433 0.179126 0.059743 0.057598
0 0.114583 0.179330 0.045956 0.057190
0 0.067249 0.179126 0.048100 0.055964
0 0.022059 0.181985 0.042892 0.055147
0 0.869179 0.786765 0.037990 0.078431
0 0.680147 0.784926 0.038603 0.066585
0 0.823529 0.828840 0.044118 0.098039
0 0.784161 0.733864 0.040748 0.064134
0 0.211397 0.185662 0.026961 0.044526
0 0.824908 0.760417 0.032782 0.037990
0 0.782169 0.811887 0.034314 0.091912
0 0.025888 0.123366 0.050551 0.057190
0 0.259344 0.173815 0.038297 0.063317
0 0.421109 0.166462 0.040748 0.073938
0 0.339154 0.166667 0.041667 0.077614
0 0.374081 0.898693 0.046569 0.053922
0 0.422181 0.923815 0.047794 0.048611
0 0.432751 0.775123 0.051777 0.049428
0 0.489583 0.882966 0.050245 0.044526
0 0.474265 0.943423 0.051471 0.046160
0 0.526348 0.958742 0.052696 0.054739
0 0.217525 0.887051 0.023897 0.064134
0 0.581801 0.969363 0.055760 0.058007
0 0.685968 0.978962 0.061275 0.042075
0 0.740656 0.917279 0.054841 0.048611
0 0.743566 0.971405 0.053922 0.051471
0 0.847426 0.944240 0.045956 0.087010
0 0.800705 0.974060 0.043811 0.051879
0 0.012408 0.332108 0.024816 0.098039
0 0.634191 0.938113 0.041054 0.118056
0 0.189185 0.885212 0.032169 0.073529
0 0.154871 0.889706 0.036458 0.052288
0 0.154565 0.825163 0.037071 0.074346
0 0.380208 0.167279 0.039828 0.072304
0 0.679228 0.719158 0.042892 0.066585
0 0.462623 0.166258 0.040441 0.074346
0 0.504902 0.164216 0.042892 0.075163
0 0.550398 0.164420 0.046262 0.071487
0 0.626532 0.128064 0.054534 0.040441
0 0.922028 0.114788 0.112439 0.094771
0 0.074908 0.351716 0.041973 0.064542
0 0.917279 0.737541 0.053309 0.044526
0 0.943168 0.841503 0.076900 0.099673
0 0.977482 0.749183 0.041973 0.049020
0 0.019455 0.846201 0.025429 0.068219
0 0.046875 0.855188 0.029412 0.064951
0 0.079044 0.859681 0.033701 0.066585
0 0.124234 0.872345 0.023591 0.072304
0 0.298713 0.167075 0.040441 0.078431
0 0.631893 0.802900 0.038909 0.064134
0 0.458027 0.709763 0.049632 0.045343
0 0.635570 0.730392 0.040748 0.080882
0 0.593750 0.798815 0.037377 0.060049
0 0.166667 0.523284 0.053309 0.066176
0 0.121477 0.566993 0.035846 0.080065
0 0.121170 0.485498 0.035846 0.078023
0 0.075521 0.563113 0.050551 0.080474
0 0.028339 0.569444 0.043199 0.065359
0 0.035386 0.490196 0.046875 0.062092
0 0.221967 0.492443 0.056066 0.085376
0 0.318015 0.597835 0.053309 0.060866
0 0.372396 0.585784 0.053002 0.092320
0 0.384191 0.494485 0.030025 0.083742
0 0.427849 0.504698 0.057292 0.091912
0 0.498162 0.491013 0.055760 0.092320
0 0.483915 0.592525 0.054841 0.105801
0 0.540594 0.595997 0.056066 0.102941
0 0.550398 0.492443 0.045650 0.088644
0 0.317708 0.534518 0.055147 0.063317
0 0.216759 0.576185 0.043811 0.082925
0 0.264706 0.582721 0.053309 0.091095
0 0.299479 0.473243 0.055453 0.047794
0 0.418658 0.690564 0.027880 0.038807
0 0.382353 0.684436 0.044730 0.041258
0 0.331036 0.686070 0.041973 0.040441
0 0.294118 0.676062 0.030637 0.034314
0 0.382659 0.766340 0.047181 0.046569
0 0.334712 0.762459 0.046875 0.046977
0 0.277880 0.766136 0.049020 0.042892
0 0.229779 0.758170 0.044118 0.042484
0 0.180913 0.748366 0.047488 0.050654
0 0.204350 0.658905 0.020221 0.040033
0 0.183364 0.664420 0.022978 0.050245
0 0.153952 0.675654 0.035233 0.061275
0 0.145987 0.736724 0.019914 0.058415
0 0.120558 0.730801 0.031556 0.055556
0 0.120098 0.674224 0.029412 0.055147
0 0.091912 0.719363 0.025735 0.035131
0 0.028339 0.729779 0.048713 0.042075
0 0.597120 0.616830 0.053309 0.066176
0 0.612898 0.467116 0.051777 0.060049
0 0.167126 0.585784 0.055453 0.058007
0 0.662990 0.624796 0.060049 0.078023
0 0.539216 0.366830 0.054534 0.067810
0 0.553768 0.299632 0.057904 0.061683
0 0.484069 0.365196 0.056985 0.067810
0 0.429228 0.363562 0.052083 0.064542
0 0.452512 0.300449 0.051471 0.053513
0 0.396140 0.298203 0.051471 0.061275
0 0.375460 0.362337 0.054228 0.066993
0 0.345741 0.297794 0.046875 0.062092
0 0.322763 0.360907 0.051777 0.064134
0 0.271752 0.351920 0.050245 0.078840
0 0.232230 0.354167 0.028799 0.074346
0 0.174020 0.355188 0.058211 0.066585
0 0.172641 0.287990 0.056679 0.066176
0 0.120404 0.353962 0.048407 0.065768
0 0.490809 0.784314 0.043505 0.043301
0 0.556066 0.766953 0.036152 0.072304
0 0.603248 0.544526 0.056985 0.077614
0 0.615809 0.301266 0.057598 0.069853
0 0.609375 0.368668 0.061275 0.064134
0 0.594975 0.729371 0.039216 0.076389
0 0.748775 0.368260 0.066789 0.077206
0 0.678156 0.368056 0.065870 0.077614
0 0.723499 0.635417 0.057904 0.068219
0 0.731158 0.560662 0.042586 0.078840
0 0.785233 0.609273 0.024510 0.099265
0 0.820772 0.640114 0.045343 0.081699
0 0.878370 0.624387 0.061887 0.117239
0 0.801471 0.504085 0.061887 0.106209
0 0.858609 0.499387 0.046262 0.099265
0 0.669730 0.543301 0.061887 0.080882
0 0.943321 0.559232 0.068015 0.081699
0 0.988205 0.497958 0.023591 0.066176
0 0.963388 0.377042 0.073223 0.078431
0 0.955423 0.301266 0.073223 0.073121
0 0.882506 0.374387 0.067708 0.077206
0 0.881434 0.301879 0.063113 0.066176
0 0.815104 0.373570 0.064645 0.072304
0 0.946232 0.642565 0.061581 0.081699
0 0.815257 0.302696 0.066789 0.066993
