0 0.786765 0.205576 0.127451 0.012868
0 0.786152 0.190870 0.130310 0.017157
0 0.679126 0.738205 0.082108 0.025429
0 0.151552 0.634344 0.053922 0.088542
0 0.576389 0.132200 0.084967 0.045650
0 0.674020 0.199142 0.089052 0.036152
0 0.482026 0.193474 0.097222 0.071998
0 0.579861 0.191483 0.096814 0.072304
0 0.486724 0.135263 0.087827 0.042586
0 0.380515 0.186734 0.099265 0.080576
0 0.285539 0.188879 0.091503 0.080576
0 0.713031 0.640472 0.121324 0.034007
0 0.849265 0.639859 0.119281 0.027880
0 0.691176 0.234222 0.087418 0.034007
0 0.217729 0.632812 0.061275 0.073836
0 0.676266 0.458180 0.067402 0.031556
0 0.371119 0.635570 0.042075 0.071998
0 0.514910 0.727635 0.048611 0.069240
0 0.560866 0.728554 0.044118 0.065564
0 0.609681 0.730392 0.052696 0.069853
0 0.065359 0.041207 0.064542 0.081189
0 0.136234 0.043352 0.058415 0.081189
0 0.218342 0.044271 0.104167 0.069547
0 0.303717 0.043352 0.060866 0.072610
0 0.105801 0.129749 0.096405 0.057904
0 0.196691 0.125613 0.079657 0.061275
0 0.078023 0.196078 0.104575 0.071078
0 0.182190 0.195925 0.098039 0.075061
0 0.746119 0.456342 0.066585 0.031556
0 0.456699 0.719669 0.046569 0.058211
0 0.367851 0.727941 0.048611 0.074755
0 0.318832 0.727328 0.046160 0.072917
0 0.275940 0.718903 0.037173 0.059130
0 0.218137 0.728554 0.049020 0.066176
0 0.163399 0.732537 0.058007 0.079044
0 0.104984 0.730239 0.053105 0.076900
0 0.955678 0.670037 0.088644 0.028186
0 0.848856 0.667586 0.111928 0.028186
0 0.723243 0.669884 0.119690 0.025429
0 0.956495 0.641544 0.087010 0.026348
0 0.459763 0.638940 0.040441 0.065257
0 0.417892 0.638787 0.042484 0.064338
0 0.321691 0.635110 0.051879 0.071078
0 0.758987 0.762102 0.079248 0.027880
0 0.677288 0.763174 0.078431 0.024510
0 0.148080 0.852941 0.094363 0.061275
0 0.933211 0.533548 0.133578 0.033395
0 0.732230 0.566176 0.191585 0.026961
0 0.281658 0.446538 0.045343 0.059130
0 0.229984 0.447917 0.053922 0.058824
0 0.721609 0.534620 0.189951 0.035539
0 0.581699 0.530025 0.053922 0.079044
0 0.478350 0.531250 0.054739 0.081495
0 0.423815 0.532322 0.051062 0.076900
0 0.309436 0.531403 0.059232 0.078738
0 0.182802 0.446385 0.039624 0.059436
0 0.252655 0.531710 0.054330 0.077512
0 0.195466 0.532016 0.055147 0.078125
0 0.098039 0.530178 0.058824 0.072610
0 0.040441 0.633578 0.062092 0.082721
0 0.139706 0.451287 0.045752 0.049020
0 0.050654 0.854473 0.094771 0.056373
0 0.907475 0.356771 0.177696 0.020527
0 0.913194 0.336091 0.173611 0.022059
0 0.727737 0.360754 0.171977 0.023591
0 0.033497 0.530944 0.066993 0.074755
0 0.613562 0.638327 0.034314 0.061581
0 0.578431 0.636336 0.034314 0.064338
0 0.541054 0.638480 0.036356 0.066176
0 0.503268 0.638021 0.040850 0.065257
0 0.965278 0.456342 0.069444 0.032782
0 0.893995 0.456648 0.067402 0.028493
0 0.822100 0.458487 0.073938 0.029718
0 0.728962 0.339308 0.172794 0.019301
0 0.042075 0.447457 0.055556 0.057904
0 0.097835 0.632047 0.051879 0.083333
0 0.914828 0.567249 0.170343 0.029718
0 0.924428 0.052083 0.151144 0.039216
0 0.235090 0.836703 0.047794 0.083333
0 0.286560 0.838695 0.051879 0.080576
0 0.415645 0.844210 0.047794 0.069547
0 0.465482 0.845588 0.045343 0.067402
0 0.515727 0.846201 0.050245 0.064338
0 0.566381 0.843137 0.045343 0.067402
0 0.633374 0.844822 0.061683 0.061581
0 0.714052 0.854626 0.062908 0.054841
0 0.851716 0.874694 0.181373 0.041667
0 0.773284 0.231924 0.072712 0.032475
0 0.733252 0.067096 0.066176 0.011642
0 0.725899 0.316023 0.175654 0.025429
0 0.966912 0.419577 0.066176 0.038297
0 0.900735 0.418964 0.061275 0.034620
0 0.825368 0.424173 0.083742 0.034007
0 0.725082 0.055300 0.065359 0.010110
0 0.675449 0.422028 0.069036 0.038297
0 0.610907 0.441789 0.055147 0.058824
0 0.552288 0.440257 0.058824 0.055760
0 0.492851 0.444393 0.055147 0.060968
0 0.433211 0.443781 0.057598 0.060355
0 0.377042 0.443934 0.047386 0.059436
0 0.329657 0.443627 0.048203 0.057598
0 0.746732 0.420343 0.067810 0.037377
0 0.045343 0.362745 0.090686 0.070466
0 0.305556 0.361060 0.064542 0.062806
0 0.386234 0.363817 0.091095 0.070772
0 0.570874 0.363971 0.092729 0.068015
0 0.479984 0.363051 0.089869 0.069240
