0 0.508170 0.720129 0.053922 0.073223
0 0.667484 0.719210 0.058824 0.068321
0 0.614788 0.720282 0.047386 0.069853
0 0.564747 0.721354 0.052696 0.069547
0 0.724265 0.716605 0.049837 0.074142
0 0.699142 0.592525 0.033088 0.080882
0 0.823121 0.718137 0.048203 0.068015
0 0.459763 0.716299 0.042892 0.087010
0 0.023693 0.852175 0.035131 0.062194
0 0.070466 0.880055 0.055147 0.065870
0 0.120915 0.848192 0.043301 0.094056
0 0.157884 0.849265 0.030637 0.096814
0 0.193627 0.846814 0.040850 0.103554
0 0.230392 0.843137 0.032680 0.099877
0 0.267974 0.840993 0.035131 0.101103
0 0.326389 0.845741 0.060458 0.079350
0 0.774510 0.719056 0.048203 0.068015
0 0.383783 0.836703 0.039624 0.095588
0 0.466912 0.815104 0.044935 0.061581
0 0.557598 0.839461 0.054739 0.058211
0 0.614379 0.841912 0.055556 0.069240
0 0.670956 0.838388 0.056781 0.072610
0 0.724673 0.834865 0.051471 0.079657
0 0.779003 0.829657 0.052288 0.068627
0 0.830678 0.829044 0.042892 0.074142
0 0.879493 0.822151 0.051471 0.065257
0 0.867239 0.712623 0.038399 0.067402
0 0.420139 0.836857 0.036356 0.094056
0 0.411356 0.723805 0.040033 0.075061
0 0.989992 0.550092 0.018382 0.037684
0 0.327819 0.709865 0.039624 0.096814
0 0.675041 0.352788 0.052696 0.069547
0 0.621324 0.350950 0.049837 0.071998
0 0.569444 0.349877 0.055556 0.069853
0 0.514910 0.346354 0.051062 0.071998
0 0.461601 0.347426 0.055556 0.068015
0 0.406250 0.346507 0.055964 0.071691
0 0.350899 0.342831 0.056373 0.074142
0 0.294526 0.340993 0.055556 0.076593
0 0.726307 0.355239 0.048203 0.072610
0 0.238358 0.339614 0.053513 0.076900
0 0.122753 0.334252 0.051879 0.084559
0 0.060253 0.384804 0.075572 0.032475
0 0.034926 0.486213 0.041258 0.039828
0 0.081291 0.472886 0.048203 0.066483
0 0.130106 0.471048 0.043709 0.070772
0 0.167688 0.961091 0.074755 0.075368
0 0.223652 0.992188 0.035539 0.011949
0 0.265114 0.985294 0.040850 0.025735
0 0.181985 0.338848 0.060049 0.080882
0 0.370711 0.711550 0.040441 0.098958
0 0.774306 0.354933 0.049428 0.073836
0 0.879493 0.365196 0.042484 0.057598
0 0.075163 0.182904 0.068627 0.112132
0 0.137051 0.189338 0.046160 0.101716
0 0.186275 0.193015 0.046569 0.104779
0 0.230596 0.197763 0.041258 0.094056
0 0.279003 0.207414 0.040033 0.084559
0 0.322917 0.200674 0.046160 0.099877
0 0.365196 0.203891 0.033497 0.098958
0 0.401144 0.204197 0.040033 0.098958
0 0.827614 0.357537 0.049020 0.071078
0 0.446895 0.204810 0.049837 0.100797
0 0.528186 0.225031 0.049020 0.063419
0 0.577614 0.233915 0.049837 0.057904
0 0.621732 0.231464 0.036765 0.062806
0 0.659722 0.233915 0.035131 0.067096
0 0.703227 0.239890 0.024101 0.054534
0 0.783701 0.236979 0.054330 0.073223
0 0.834559 0.243413 0.046569 0.060355
0 0.878472 0.241575 0.032271 0.067096
0 0.487337 0.225950 0.028595 0.063419
0 0.343137 0.989430 0.033497 0.015625
0 0.305556 0.942096 0.044118 0.055147
0 0.438317 0.979320 0.044935 0.041360
0 0.817402 0.594056 0.069444 0.080882
0 0.755310 0.600337 0.054739 0.068321
0 0.651552 0.594363 0.062908 0.077206
0 0.596201 0.593903 0.042892 0.077512
0 0.516748 0.592218 0.075980 0.084559
0 0.449755 0.598652 0.058824 0.071691
0 0.395016 0.600950 0.049837 0.064032
0 0.343137 0.601869 0.055556 0.062194
0 0.389502 0.983609 0.041258 0.031556
0 0.236315 0.604167 0.056781 0.067402
0 0.122345 0.605699 0.060866 0.063725
0 0.068832 0.599877 0.043709 0.092525
0 0.016748 0.626225 0.033497 0.075368
0 0.022876 0.766697 0.045752 0.053002
0 0.075163 0.765625 0.056373 0.055760
0 0.152778 0.727328 0.069444 0.081495
0 0.219158 0.728554 0.059232 0.080882
0 0.277369 0.724724 0.053105 0.067096
0 0.190155 0.585938 0.029820 0.061581
0 0.974265 0.547794 0.011438 0.040441
0 0.891544 0.597426 0.055964 0.068015
0 0.356618 0.481924 0.052288 0.055760
0 0.701593 0.956342 0.053513 0.083640
0 0.760417 0.970895 0.048611 0.058211
0 0.826389 0.950368 0.075163 0.099265
0 0.183211 0.474724 0.052696 0.062806
0 0.242851 0.471967 0.061683 0.072610
0 0.302083 0.476256 0.057598 0.065870
0 0.990196 0.414675 0.018791 0.073836
0 0.417075 0.474571 0.063725 0.072304
0 0.643178 0.957567 0.059232 0.077512
0 0.511234 0.482537 0.047794 0.056985
0 0.594158 0.484528 0.022467 0.057904
0 0.643178 0.479933 0.051062 0.064645
0 0.699346 0.479933 0.061275 0.064032
0 0.757149 0.436734 0.058415 0.020527
0 0.763276 0.481464 0.058415 0.064032
0 0.834763 0.442096 0.063317 0.015931
0 0.827410 0.482996 0.060866 0.060968
0 0.895833 0.477328 0.038399 0.068015
0 0.561070 0.481618 0.041258 0.058211
