0 0.514706 0.340686 0.024510 0.155229
0 0.080882 0.957108 0.072917 0.080882
0 0.729167 0.412173 0.007966 0.021242
0 0.939491 0.228758 0.012561 0.083333
0 0.923254 0.222835 0.012561 0.090278
0 0.905025 0.219771 0.012255 0.090686
0 0.892923 0.216912 0.008885 0.092320
0 0.940717 0.317810 0.008885 0.082516
0 0.930760 0.318015 0.008578 0.082925
0 0.916360 0.318423 0.012868 0.086193
0 0.899510 0.318423 0.015319 0.091095
0 0.881740 0.322508 0.010417 0.094363
0 0.868873 0.322100 0.014093 0.095997
0 0.932445 0.406046 0.010723 0.078431
0 0.919271 0.408701 0.010110 0.078840
0 0.902727 0.412173 0.011336 0.085784
0 0.890165 0.417075 0.010110 0.089052
0 0.877911 0.420139 0.011336 0.092729
0 0.857843 0.423407 0.023284 0.087827
0 0.923713 0.492239 0.013480 0.080065
0 0.909467 0.498979 0.009498 0.078840
0 0.898438 0.504493 0.011336 0.080065
0 0.883578 0.512051 0.011029 0.086193
0 0.868260 0.518791 0.009191 0.091503
0 0.857537 0.525123 0.010417 0.087010
0 0.919424 0.579453 0.012255 0.076389
0 0.905944 0.591095 0.014093 0.077614
0 0.734835 0.464257 0.007659 0.038807
0 0.890778 0.598652 0.009498 0.080474
0 0.725797 0.465482 0.008578 0.039624
0 0.479779 0.733456 0.030637 0.054330
0 0.627298 0.448325 0.022978 0.045343
0 0.651195 0.440564 0.019301 0.043709
0 0.625766 0.497753 0.021140 0.046160
0 0.648591 0.493056 0.020833 0.044118
0 0.669271 0.486315 0.018076 0.044526
0 0.678922 0.434436 0.012868 0.042892
0 0.690104 0.432598 0.007659 0.046569
0 0.699602 0.429534 0.008272 0.044526
0 0.709252 0.428717 0.007966 0.041258
0 0.683058 0.479167 0.007047 0.040850
0 0.690870 0.477737 0.007353 0.040441
0 0.514246 0.661969 0.029105 0.048611
0 0.707108 0.472018 0.007353 0.038807
0 0.715380 0.470384 0.007353 0.038807
0 0.743873 0.471814 0.006740 0.017157
0 0.743413 0.449959 0.007659 0.021650
0 0.728554 0.434232 0.007966 0.019608
0 0.320006 0.815564 0.043199 0.060049
0 0.365502 0.790850 0.044730 0.061275
0 0.362439 0.721201 0.041667 0.055147
0 0.408241 0.773897 0.037071 0.059232
0 0.405178 0.708538 0.038297 0.056781
0 0.443015 0.688521 0.036152 0.049428
0 0.445619 0.749592 0.032782 0.053922
0 0.479320 0.672794 0.034620 0.049837
0 0.717371 0.426266 0.007047 0.040441
0 0.603094 0.503881 0.022978 0.049428
0 0.875766 0.608864 0.014400 0.087010
0 0.829350 0.670752 0.035539 0.054739
0 0.737286 0.606005 0.017463 0.033088
0 0.718444 0.612541 0.014093 0.039624
0 0.722120 0.569240 0.014706 0.037173
0 0.722886 0.525735 0.016238 0.037582
0 0.705576 0.533905 0.015931 0.042484
0 0.701746 0.580065 0.017463 0.033497
0 0.700827 0.619077 0.016238 0.038807
0 0.679075 0.632966 0.016238 0.038807
0 0.680913 0.588031 0.016850 0.044526
0 0.685815 0.541871 0.019914 0.040441
0 0.660999 0.595792 0.018076 0.042892
0 0.661612 0.641544 0.015625 0.042075
0 0.640472 0.648489 0.019914 0.040441
0 0.641697 0.604167 0.019301 0.040850
0 0.619332 0.613154 0.019301 0.040850
0 0.618107 0.662377 0.019914 0.046977
0 0.594516 0.671773 0.021140 0.045343
0 0.594822 0.623366 0.021752 0.042484
0 0.596507 0.574755 0.023284 0.044118
0 0.571385 0.581904 0.021446 0.046977
0 0.570312 0.634600 0.022365 0.044526
0 0.570772 0.685049 0.023284 0.044118
0 0.543964 0.647263 0.024816 0.044526
0 0.542279 0.700572 0.023284 0.045752
0 0.515931 0.601307 0.028799 0.053105
0 0.754749 0.596405 0.014400 0.036765
0 0.858303 0.617851 0.015625 0.091095
0 0.738817 0.563930 0.013787 0.038807
0 0.744792 0.517770 0.017157 0.037990
0 0.830423 0.606209 0.033395 0.049837
0 0.789675 0.628472 0.037071 0.046160
0 0.791820 0.696078 0.038297 0.059641
0 0.748162 0.725490 0.045956 0.069444
0 0.748315 0.655637 0.045037 0.063725
0 0.693627 0.726920 0.055147 0.075572
0 0.625919 0.762868 0.075368 0.084559
0 0.472580 0.870507 0.100797 0.120915
0 0.356311 0.924428 0.128064 0.098039
0 0.213848 0.964052 0.150123 0.067810
0 0.845588 0.551675 0.010417 0.027369
0 0.846201 0.516340 0.009804 0.035131
0 0.831648 0.560662 0.011949 0.018382
0 0.820312 0.565768 0.010110 0.026144
0 0.833640 0.523080 0.009804 0.035539
0 0.822917 0.530842 0.009804 0.035539
0 0.812653 0.496732 0.010110 0.033497
0 0.799173 0.501225 0.011949 0.031863
0 0.810815 0.533088 0.011336 0.029412
0 0.794730 0.539420 0.012255 0.031454
0 0.807445 0.570261 0.011949 0.035948
0 0.794118 0.575163 0.012255 0.035948
0 0.779871 0.582721 0.009498 0.033088
0 0.768689 0.587010 0.009804 0.032680
0 0.778799 0.543301 0.016544 0.038399
0 0.755515 0.555556 0.015931 0.033497
0 0.577206 0.510212 0.024510 0.048203
0 0.698836 0.475490 0.007966 0.040033
0 0.549173 0.462214 0.028493 0.052696
0 0.726256 0.188113 0.015012 0.109069
0 0.709252 0.185253 0.015319 0.111520
0 0.691023 0.180351 0.018689 0.119690
0 0.670343 0.177900 0.019608 0.118873
0 0.649050 0.174020 0.019301 0.125000
0 0.628217 0.169118 0.019301 0.125000
0 0.743260 0.191381 0.015931 0.100899
0 0.604933 0.163194 0.023591 0.130310
0 0.551011 0.151757 0.026654 0.149918
0 0.521140 0.145629 0.029412 0.153186
0 0.486826 0.138685 0.034314 0.155637
0 0.451746 0.132557 0.034620 0.159722
0 0.414828 0.125204 0.036765 0.164624
0 0.373315 0.117647 0.042586 0.174020
0 0.578431 0.157475 0.025735 0.139297
0 0.328891 0.106005 0.043199 0.174428
0 0.760110 0.194853 0.015319 0.101307
0 0.791820 0.202002 0.013787 0.097631
0 0.076287 0.655842 0.037377 0.162990
0 0.036458 0.664216 0.040441 0.167484
0 0.054688 0.463235 0.037071 0.129902
0 0.016850 0.466708 0.033701 0.128676
0 0.047947 0.327410 0.040748 0.134395
0 0.012102 0.331291 0.024203 0.137255
0 0.776501 0.198734 0.014400 0.097631
0 0.880821 0.220384 0.007966 0.086193
0 0.862439 0.214869 0.009191 0.088235
0 0.851716 0.214052 0.010417 0.089052
0 0.840227 0.213644 0.010110 0.089052
0 0.829197 0.211193 0.010110 0.089052
0 0.818015 0.207516 0.010417 0.089052
0 0.805760 0.204044 0.011642 0.092729
0 0.871324 0.217320 0.007966 0.085784
0 0.012868 0.832516 0.025735 0.147059
0 0.279259 0.094771 0.053002 0.189542
0 0.158548 0.084355 0.062194 0.168709
0 0.811428 0.404616 0.007659 0.033905
0 0.827359 0.440359 0.008272 0.036765
0 0.837010 0.435253 0.007353 0.037990
0 0.141544 0.733660 0.066789 0.074346
0 0.144761 0.813930 0.065870 0.065768
0 0.152267 0.894812 0.067402 0.067402
0 0.818934 0.442402 0.007353 0.035948
0 0.206648 0.711806 0.060355 0.068219
0 0.215686 0.866830 0.056373 0.061275
0 0.263480 0.693015 0.049020 0.069036
0 0.268076 0.763480 0.053922 0.058824
0 0.271293 0.835580 0.053002 0.069853
0 0.314338 0.671364 0.050245 0.064134
0 0.318474 0.743056 0.044424 0.063725
0 0.209559 0.789828 0.060049 0.064951
0 0.221661 0.090891 0.059130 0.181781
0 0.809130 0.444444 0.007966 0.036765
0 0.801317 0.446078 0.006434 0.036765
0 0.091605 0.080678 0.066176 0.158905
0 0.751685 0.459150 0.007047 0.040033
0 0.759038 0.455678 0.006434 0.040441
0 0.765931 0.452819 0.007353 0.039624
0 0.774969 0.442402 0.007047 0.022059
0 0.774969 0.462623 0.007659 0.018382
0 0.797641 0.406863 0.012561 0.031863
0 0.782782 0.439747 0.007353 0.021650
0 0.756281 0.407067 0.007047 0.029003
0 0.764093 0.406046 0.006740 0.029412
0 0.782782 0.462010 0.006740 0.019608
0 0.790288 0.438113 0.006434 0.020016
0 0.790441 0.457108 0.007353 0.016340
0 0.781556 0.405433 0.011642 0.027369
0 0.746936 0.409926 0.009191 0.028186
0 0.577512 0.456291 0.025123 0.049837
0 0.046109 0.823325 0.037071 0.146650
0 0.102022 0.349060 0.054534 0.225899
0 0.085938 0.809845 0.039522 0.142565
0 0.806832 0.327002 0.015625 0.100082
0 0.823529 0.326593 0.015931 0.100082
0 0.847120 0.324551 0.024510 0.095997
0 0.134191 0.533497 0.074755 0.084150
0 0.138174 0.623366 0.074142 0.085784
0 0.205423 0.604779 0.057292 0.086193
0 0.262561 0.589461 0.054534 0.083333
0 0.316789 0.581291 0.051471 0.067810
0 0.313879 0.503676 0.051777 0.074346
0 0.364277 0.492851 0.044730 0.069853
0 0.407629 0.486111 0.038909 0.069444
0 0.365502 0.565564 0.042279 0.066585
0 0.407629 0.556781 0.039522 0.065359
0 0.447763 0.544935 0.036458 0.065359
0 0.483762 0.535131 0.032475 0.065359
0 0.518076 0.528186 0.032475 0.056373
0 0.548407 0.522059 0.027574 0.055556
0 0.516238 0.469158 0.031250 0.052696
0 0.787377 0.331495 0.010417 0.108252
0 0.771752 0.332721 0.017770 0.113154
0 0.513327 0.719363 0.030944 0.053105
0 0.733150 0.330678 0.014093 0.118873
0 0.685509 0.333538 0.018076 0.121324
0 0.666820 0.332721 0.018076 0.127859
0 0.648284 0.333129 0.017770 0.127859
0 0.628830 0.338031 0.019301 0.127859
0 0.607077 0.337623 0.022978 0.136029
0 0.702819 0.332312 0.016544 0.122141
0 0.584559 0.339052 0.018382 0.138889
0 0.751685 0.328227 0.019914 0.113154
0 0.562806 0.340278 0.020833 0.150327
0 0.718597 0.333742 0.013174 0.121732
0 0.486673 0.341095 0.027880 0.156046
0 0.455576 0.345384 0.031250 0.167892
0 0.422794 0.344975 0.031250 0.167892
0 0.386183 0.342729 0.035846 0.178922
0 0.348192 0.345384 0.035846 0.180964
0 0.308211 0.348039 0.038603 0.194444
0 0.264093 0.345997 0.045956 0.201797
0 0.213082 0.347018 0.052390 0.210376
0 0.157782 0.347222 0.054534 0.218954
0 0.539675 0.341095 0.022978 0.152778
