0 0.043301 0.549020 0.017974 0.022672
0 0.055556 0.523897 0.035948 0.023897
0 0.024918 0.542433 0.012255 0.024203
0 0.026348 0.514093 0.011846 0.024510
0 0.011642 0.536152 0.016748 0.022672
0 0.326797 0.743413 0.056373 0.025429
0 0.326185 0.719822 0.048611 0.016238
0 0.279208 0.725490 0.029820 0.028799
0 0.063725 0.554534 0.017974 0.020833
0 0.328023 0.692708 0.043301 0.026348
0 0.009804 0.506893 0.013072 0.019914
0 0.096814 0.533548 0.027778 0.027880
0 0.314134 0.616268 0.035131 0.081801
0 0.120711 0.564185 0.019199 0.037071
0 0.130923 0.534467 0.011846 0.014400
0 0.152165 0.566023 0.032271 0.064032
0 0.188317 0.577972 0.035131 0.067096
0 0.235703 0.592984 0.024510 0.068321
0 0.268995 0.604626 0.030637 0.075674
0 0.362745 0.633885 0.034314 0.082721
0 0.416258 0.654718 0.041667 0.094975
0 0.485703 0.673254 0.040033 0.090993
0 0.543913 0.698070 0.037173 0.078738
0 0.244690 0.709712 0.030229 0.024816
0 0.582721 0.709559 0.028186 0.081495
0 0.092116 0.563879 0.028186 0.027880
0 0.284314 0.688879 0.027778 0.028493
0 0.052492 0.404565 0.026552 0.048713
0 0.189542 0.651042 0.053922 0.027574
0 0.616830 0.720895 0.036765 0.083333
0 0.177696 0.332108 0.014706 0.060049
0 0.194240 0.327819 0.013480 0.054534
0 0.225082 0.326440 0.027778 0.059743
0 0.261234 0.324142 0.022467 0.055147
0 0.300858 0.326900 0.029820 0.072917
0 0.348039 0.326593 0.049020 0.078431
0 0.012868 0.402574 0.010212 0.043505
0 0.024918 0.401961 0.012255 0.052083
0 0.081291 0.404565 0.018791 0.056066
0 0.105392 0.408701 0.026144 0.054534
0 0.139297 0.411305 0.028595 0.061581
0 0.249183 0.672488 0.032680 0.031250
0 0.185049 0.416513 0.019608 0.057904
0 0.245098 0.421875 0.014706 0.066176
0 0.268178 0.422181 0.026552 0.068015
0 0.291258 0.426317 0.019608 0.066483
0 0.321895 0.427849 0.031046 0.068321
0 0.363358 0.427696 0.042892 0.075980
0 0.408905 0.438879 0.040033 0.074449
0 0.012255 0.583027 0.024510 0.050858
0 0.041667 0.592984 0.026961 0.054228
0 0.071078 0.615043 0.019608 0.052390
0 0.116422 0.629596 0.023693 0.058211
0 0.140523 0.644148 0.024510 0.062194
0 0.191789 0.689185 0.039624 0.035233
0 0.221814 0.417739 0.031046 0.062806
0 0.658292 0.733456 0.044526 0.087623
0 0.532884 0.184589 0.037173 0.099571
0 0.769199 0.767616 0.047386 0.098958
0 0.474673 0.325674 0.036765 0.085172
0 0.757761 0.303309 0.065359 0.127451
0 0.674224 0.307904 0.063317 0.122549
0 0.827206 0.299632 0.066176 0.139093
0 0.831495 0.131893 0.068219 0.135110
0 0.765727 0.140012 0.059232 0.132353
0 0.711601 0.149357 0.044935 0.116115
0 0.663399 0.159314 0.041667 0.112745
0 0.616830 0.167279 0.039216 0.110907
0 0.574755 0.177849 0.036765 0.108762
0 0.496732 0.189951 0.027778 0.096201
0 0.461806 0.197917 0.035539 0.094363
0 0.540441 0.323989 0.049020 0.083640
0 0.318219 0.229626 0.020425 0.063419
0 0.252655 0.232230 0.024101 0.072304
0 0.225490 0.238358 0.019608 0.067402
0 0.199551 0.240502 0.027369 0.069853
0 0.168709 0.244638 0.015523 0.066483
0 0.149918 0.248928 0.012255 0.062806
0 0.133987 0.250919 0.017974 0.063113
0 0.110294 0.256893 0.017157 0.058517
0 0.093137 0.258119 0.012255 0.057904
0 0.079453 0.263634 0.011846 0.054228
0 0.067402 0.266238 0.009804 0.049020
0 0.034518 0.268842 0.024918 0.053002
0 0.012459 0.270374 0.015931 0.047488
0 0.287173 0.226869 0.033497 0.076287
0 0.712827 0.758119 0.053105 0.092218
0 0.616217 0.330576 0.032271 0.070466
0 0.493873 0.446844 0.031046 0.076900
0 0.011438 0.461091 0.010621 0.050858
0 0.030433 0.466605 0.020016 0.056373
0 0.058619 0.471661 0.023284 0.055453
0 0.097018 0.478554 0.028186 0.060662
0 0.126225 0.483609 0.026961 0.062194
0 0.159314 0.492647 0.031046 0.064951
0 0.200368 0.499387 0.034722 0.068015
0 0.251838 0.511183 0.037990 0.067708
0 0.302900 0.521906 0.033905 0.071998
0 0.344567 0.530944 0.032271 0.077819
0 0.383578 0.547181 0.029412 0.068627
0 0.436683 0.555147 0.038399 0.073529
0 0.451593 0.443934 0.040441 0.073529
0 0.490400 0.566942 0.046160 0.078125
0 0.609681 0.591146 0.053513 0.090993
0 0.424224 0.202206 0.032271 0.094975
0 0.159926 0.332108 0.016748 0.060049
0 0.139706 0.333946 0.022876 0.054534
0 0.117239 0.334099 0.015523 0.058517
0 0.101716 0.333180 0.015523 0.057904
0 0.077002 0.334252 0.019199 0.055760
0 0.053309 0.336091 0.022467 0.050245
0 0.381127 0.219669 0.021242 0.069240
0 0.356618 0.224877 0.019608 0.068627
0 0.339052 0.226256 0.015523 0.067708
0 0.528799 0.452206 0.032271 0.075368
0 0.550041 0.577053 0.040441 0.081801
0 0.028186 0.336091 0.022059 0.052083
0 0.679943 0.606618 0.043709 0.092525
0 0.616217 0.459099 0.047794 0.080576
0 0.689338 0.466452 0.046977 0.089154
0 0.567606 0.455116 0.037990 0.079350
0 0.742647 0.910999 0.047386 0.098346
0 0.697304 0.894761 0.037582 0.088542
0 0.653186 0.879749 0.036765 0.090380
0 0.614583 0.863205 0.029003 0.083640
0 0.581495 0.842678 0.034722 0.087316
0 0.545547 0.831495 0.024918 0.081495
0 0.517361 0.806832 0.028186 0.093444
0 0.488971 0.799632 0.021242 0.093750
0 0.794935 0.928768 0.049020 0.093444
0 0.437092 0.774203 0.026961 0.083333
0 0.776757 0.471967 0.043709 0.094669
0 0.465686 0.782475 0.024510 0.092525
0 0.732843 0.469669 0.031046 0.094363
0 0.726103 0.616575 0.033905 0.094056
0 0.822100 0.476409 0.040441 0.094975
0 0.815564 0.626991 0.039624 0.115502
0 0.377247 0.750153 0.035539 0.084865
0 0.409518 0.762255 0.026552 0.086397
0 0.767361 0.623468 0.040441 0.098652
