0 0.876563 0.662240 0.036719 0.149479
0 0.854297 0.302604 0.065625 0.057292
0 0.839453 0.230729 0.028906 0.029167
0 0.783984 0.247917 0.069531 0.056250
0 0.783789 0.304167 0.064453 0.054167
0 0.708789 0.303646 0.070703 0.057292
0 0.637305 0.303125 0.070703 0.056250
0 0.566797 0.303906 0.067187 0.058854
0 0.498828 0.296875 0.062500 0.050000
0 0.430859 0.287500 0.066406 0.055208
0 0.349414 0.239583 0.057422 0.064583
0 0.354297 0.301042 0.061719 0.058333
0 0.302148 0.262500 0.035547 0.023958
0 0.292578 0.302604 0.054688 0.048958
0 0.233008 0.300521 0.061328 0.048958
0 0.253906 0.233073 0.049219 0.043229
0 0.208594 0.222656 0.035156 0.030729
0 0.193945 0.266927 0.015234 0.045312
0 0.300195 0.221875 0.034766 0.028125
0 0.078711 0.240625 0.055859 0.077083
0 0.026953 0.218750 0.044531 0.116667
0 0.065430 0.366406 0.129297 0.068229
0 0.022852 0.501823 0.045703 0.099479
0 0.102734 0.504167 0.108594 0.093750
0 0.180273 0.471094 0.038672 0.138021
0 0.249219 0.450000 0.032031 0.161458
0 0.943164 0.270313 0.079297 0.107292
0 0.977930 0.100260 0.041797 0.170313
0 0.924023 0.095573 0.036328 0.176563
0 0.878516 0.104167 0.053125 0.152083
0 0.913477 0.664323 0.032422 0.140104
0 0.057422 0.061458 0.114844 0.075000
0 0.150586 0.083594 0.054297 0.056771
0 0.155078 0.140885 0.055469 0.052604
0 0.212891 0.139583 0.053125 0.052083
0 0.217188 0.072135 0.034375 0.070312
0 0.268359 0.131510 0.052344 0.068229
0 0.264453 0.061719 0.053125 0.065104
0 0.346094 0.097656 0.077344 0.084896
0 0.340820 0.155990 0.080078 0.027604
0 0.402148 0.122396 0.025391 0.105208
0 0.431250 0.125260 0.028125 0.109896
0 0.461914 0.121875 0.029297 0.110417
0 0.494727 0.123438 0.030859 0.113542
0 0.525391 0.123177 0.028125 0.109896
0 0.555664 0.124740 0.031641 0.108854
0 0.587305 0.121354 0.031641 0.117708
0 0.634961 0.119531 0.030859 0.121354
0 0.610938 0.121354 0.015625 0.119792
0 0.665625 0.120052 0.028906 0.123438
0 0.688477 0.120573 0.013672 0.120313
0 0.712695 0.122656 0.030859 0.118229
0 0.739844 0.123177 0.021094 0.119271
0 0.766016 0.123438 0.027344 0.118750
0 0.801758 0.124219 0.036328 0.123438
0 0.285742 0.455208 0.033203 0.165625
0 0.330273 0.452865 0.025391 0.164062
0 0.444336 0.866406 0.038672 0.174479
0 0.396094 0.451823 0.021875 0.174479
0 0.531055 0.844531 0.039453 0.183854
0 0.487500 0.866667 0.042188 0.172917
0 0.943359 0.670052 0.020313 0.116146
0 0.399609 0.864323 0.044531 0.173437
0 0.350000 0.866406 0.048438 0.172396
0 0.292969 0.855729 0.058594 0.180208
0 0.224023 0.841667 0.059766 0.173958
0 0.162695 0.860417 0.043359 0.145833
0 0.111328 0.868229 0.047656 0.135417
0 0.074219 0.897656 0.027344 0.077604
0 0.040820 0.655990 0.077734 0.127604
0 0.135937 0.651042 0.094531 0.129167
0 0.578711 0.849479 0.050391 0.176042
0 0.212305 0.643229 0.052734 0.157292
0 0.372070 0.645833 0.047266 0.150000
0 0.424805 0.651563 0.053516 0.143750
0 0.476367 0.654427 0.047266 0.147396
0 0.528906 0.640104 0.043750 0.133333
0 0.573438 0.650000 0.044531 0.152083
0 0.620898 0.656250 0.044922 0.155208
0 0.668750 0.655729 0.049219 0.155208
0 0.715625 0.649740 0.044531 0.144271
0 0.763867 0.652604 0.050391 0.146875
0 0.807031 0.653125 0.032813 0.147917
0 0.840820 0.654687 0.033203 0.146875
0 0.369922 0.451042 0.028125 0.159375
0 0.264453 0.648438 0.042969 0.154167
0 0.627148 0.854427 0.041016 0.191146
0 0.312109 0.646094 0.052344 0.149479
0 0.705859 0.878906 0.035937 0.154688
0 0.424609 0.454427 0.027344 0.182812
0 0.667578 0.876823 0.034375 0.152604
0 0.479102 0.452344 0.026953 0.178646
0 0.511133 0.453646 0.028516 0.178125
0 0.542773 0.457031 0.031641 0.185938
0 0.574023 0.457813 0.028516 0.180208
0 0.618164 0.461198 0.033984 0.175521
0 0.451562 0.453906 0.024219 0.183854
0 0.702734 0.470573 0.050000 0.159896
0 0.773047 0.460417 0.060156 0.157292
0 0.854492 0.468750 0.052734 0.158333
0 0.895703 0.457552 0.027344 0.165104
0 0.944336 0.457552 0.048047 0.163021
0 0.655859 0.472396 0.031250 0.153125
0 0.905469 0.866146 0.040625 0.163542
0 0.985742 0.446094 0.026953 0.155729
0 0.825977 0.878125 0.041797 0.150000
0 0.868359 0.873437 0.031250 0.154167
0 0.785352 0.872917 0.033984 0.153125
0 0.942187 0.829948 0.028906 0.140104
0 0.747070 0.874479 0.041797 0.153125
0 0.962695 0.664583 0.016797 0.110417
0 0.987109 0.703125 0.025000 0.050000
0 0.985742 0.638542 0.028516 0.072917
0 0.975586 0.827865 0.030859 0.135937
