0 0.534467 0.293301 0.009498 0.062908
0 0.544424 0.295343 0.009804 0.061275
0 0.555607 0.294526 0.013174 0.060458
0 0.566942 0.294935 0.008885 0.059641
0 0.576440 0.294935 0.010110 0.058824
0 0.603554 0.295139 0.011029 0.059232
0 0.615809 0.294935 0.012255 0.059641
0 0.627604 0.297386 0.013174 0.063725
0 0.525276 0.292279 0.008885 0.060049
0 0.641697 0.297386 0.014400 0.063725
0 0.655484 0.296773 0.011949 0.064951
0 0.589920 0.293505 0.015625 0.060049
0 0.514859 0.293913 0.009498 0.054330
0 0.464308 0.291871 0.009498 0.048611
0 0.499081 0.290850 0.007966 0.055556
0 0.490809 0.289828 0.008578 0.055147
0 0.481924 0.289828 0.007966 0.057598
0 0.473805 0.293301 0.009498 0.050654
0 0.455576 0.291871 0.006740 0.050245
0 0.865656 0.517770 0.035846 0.073121
0 0.789828 0.500817 0.034926 0.065359
0 0.754749 0.493260 0.032782 0.062500
0 0.722426 0.485294 0.030025 0.060458
0 0.690717 0.480188 0.029105 0.060049
0 0.868107 0.441585 0.035233 0.075163
0 0.669730 0.296977 0.015319 0.066993
0 0.830729 0.436070 0.040135 0.071487
0 0.506740 0.292484 0.007353 0.052288
0 0.684743 0.295343 0.014093 0.069444
0 0.516850 0.192402 0.015319 0.055556
0 0.807445 0.145016 0.018076 0.084150
0 0.700214 0.294935 0.016238 0.071078
0 0.715686 0.295752 0.014706 0.072712
0 0.730545 0.293913 0.016238 0.075572
0 0.747243 0.295956 0.017770 0.073121
0 0.767770 0.294935 0.021446 0.073529
0 0.788143 0.295343 0.018689 0.075980
0 0.827665 0.295956 0.020527 0.082108
0 0.851103 0.296569 0.024510 0.082516
0 0.876225 0.294730 0.025123 0.079657
0 0.454963 0.199959 0.008578 0.051879
0 0.463695 0.200163 0.008272 0.052288
0 0.471354 0.198529 0.007659 0.049020
0 0.480086 0.196691 0.009191 0.051879
0 0.829657 0.144608 0.024510 0.082516
0 0.491422 0.196691 0.012255 0.049428
0 0.791360 0.430964 0.036765 0.070261
0 0.529565 0.188521 0.008885 0.055147
0 0.539828 0.187500 0.011642 0.058824
0 0.551777 0.185253 0.010417 0.055147
0 0.563113 0.183415 0.012255 0.058824
0 0.575061 0.181168 0.011029 0.059232
0 0.585631 0.180556 0.010723 0.060458
0 0.603860 0.182190 0.022059 0.061275
0 0.630515 0.177900 0.027574 0.068219
0 0.665135 0.172794 0.041667 0.058824
0 0.722426 0.159518 0.014093 0.072304
0 0.737439 0.159314 0.015931 0.074346
0 0.770374 0.156863 0.048100 0.077614
0 0.505821 0.193015 0.007353 0.054330
0 0.756434 0.427492 0.033088 0.068219
0 0.827819 0.511642 0.040441 0.077206
0 0.691483 0.417075 0.028799 0.061275
0 0.483150 0.605596 0.036765 0.037990
0 0.524510 0.620915 0.041054 0.049837
0 0.524050 0.667484 0.038909 0.040850
0 0.549326 0.643178 0.007353 0.042075
0 0.547641 0.683415 0.007659 0.037582
0 0.554994 0.687704 0.006434 0.041258
0 0.560815 0.642565 0.008885 0.048203
0 0.563113 0.692402 0.008578 0.048203
0 0.588388 0.659518 0.041360 0.051062
0 0.587776 0.710580 0.040135 0.042892
0 0.642157 0.681168 0.061275 0.059232
0 0.641850 0.739379 0.062500 0.050654
0 0.723346 0.421569 0.031863 0.066176
0 0.483303 0.643382 0.037684 0.033497
0 0.712316 0.713031 0.079657 0.062500
0 0.791054 0.757557 0.078431 0.068219
0 0.790748 0.828636 0.079044 0.069036
0 0.850337 0.788194 0.039522 0.066585
0 0.848652 0.859886 0.037990 0.063725
0 0.461397 0.512051 0.012868 0.035539
0 0.473192 0.516544 0.009498 0.037990
0 0.484681 0.520425 0.011642 0.040850
0 0.497702 0.525735 0.012561 0.035948
0 0.511642 0.531454 0.014093 0.036765
0 0.526042 0.535131 0.014093 0.039216
0 0.661152 0.584355 0.025123 0.060049
0 0.635876 0.575776 0.020527 0.051879
0 0.611826 0.567198 0.022059 0.051879
0 0.711550 0.780637 0.076287 0.062908
0 0.589767 0.558415 0.019608 0.053105
0 0.556832 0.552083 0.044424 0.044526
0 0.470588 0.430351 0.011642 0.038807
0 0.554841 0.453840 0.014706 0.042484
0 0.539675 0.450776 0.013174 0.041258
0 0.571538 0.400940 0.018076 0.052696
0 0.553922 0.408905 0.014706 0.044935
0 0.539062 0.406863 0.013787 0.043301
0 0.524816 0.439951 0.013480 0.043301
0 0.495711 0.436479 0.012255 0.036356
0 0.482996 0.434436 0.011336 0.037173
0 0.687960 0.594975 0.027267 0.059232
0 0.460938 0.427288 0.006434 0.036765
0 0.453891 0.426675 0.006434 0.037990
0 0.496324 0.396038 0.015319 0.041258
0 0.482843 0.394404 0.012255 0.038807
0 0.572610 0.453840 0.016544 0.052288
0 0.470895 0.391953 0.011029 0.037173
0 0.968903 0.133783 0.062194 0.136846
0 0.955270 0.357639 0.063725 0.144199
0 0.958027 0.566381 0.080882 0.135212
0 0.617188 0.404820 0.020527 0.053922
0 0.640012 0.411356 0.021446 0.057190
0 0.664062 0.414828 0.025429 0.056781
0 0.593290 0.458946 0.022365 0.055147
0 0.833487 0.656250 0.097120 0.074755
0 0.740809 0.617443 0.079044 0.065768
0 0.615349 0.461806 0.020527 0.058415
0 0.638787 0.468954 0.024510 0.056373
0 0.664369 0.474673 0.024203 0.058007
0 0.459559 0.388685 0.011029 0.035539
0 0.593903 0.402982 0.025429 0.055147
