0 0.596094 0.618555 0.046354 0.074609
0 0.645052 0.617188 0.046354 0.074219
0 0.756250 0.618359 0.046875 0.074219
0 0.807031 0.620508 0.051562 0.078516
0 0.857292 0.621094 0.043750 0.079687
0 0.967708 0.622852 0.060417 0.105078
0 0.972917 0.468750 0.054167 0.134375
0 0.976302 0.346484 0.047396 0.104688
0 0.019010 0.078320 0.038021 0.126953
0 0.545833 0.619922 0.050000 0.062500
0 0.908594 0.617383 0.046354 0.069922
0 0.498958 0.616797 0.037500 0.066406
0 0.033333 0.424414 0.037500 0.108984
0 0.410417 0.617578 0.039583 0.048438
0 0.236458 0.416602 0.046875 0.058984
0 0.188802 0.409766 0.045312 0.072656
0 0.139323 0.409961 0.047396 0.075391
0 0.094010 0.410156 0.041146 0.075781
0 0.062240 0.414062 0.017188 0.083594
0 0.919792 0.268945 0.048958 0.091016
0 0.867708 0.266797 0.048958 0.093750
0 0.286458 0.406445 0.045833 0.077734
0 0.813542 0.273438 0.047917 0.075781
0 0.706771 0.270703 0.052083 0.089844
0 0.529167 0.166602 0.039583 0.044922
0 0.655990 0.272852 0.045312 0.091797
0 0.603646 0.273438 0.051042 0.082812
0 0.550781 0.278711 0.053646 0.086328
0 0.497135 0.274609 0.050521 0.089844
0 0.447656 0.277148 0.048438 0.092578
0 0.761458 0.270117 0.047917 0.088672
0 0.337240 0.406836 0.043229 0.076172
0 0.007552 0.424219 0.015104 0.110937
0 0.386979 0.404492 0.051042 0.083984
0 0.329167 0.767578 0.045833 0.060156
0 0.284375 0.738281 0.038542 0.109375
0 0.175260 0.742773 0.086979 0.103516
0 0.103646 0.741016 0.047917 0.102344
0 0.050260 0.738281 0.048438 0.114062
0 0.053125 0.590430 0.051042 0.111328
0 0.025260 0.256641 0.050521 0.107813
0 0.968490 0.198437 0.039062 0.113281
0 0.914323 0.400977 0.050521 0.081641
0 0.861979 0.402148 0.050000 0.081641
0 0.806771 0.402344 0.051042 0.082031
0 0.755208 0.403711 0.044792 0.076953
0 0.704948 0.400586 0.052604 0.083203
0 0.651823 0.400391 0.050521 0.095312
0 0.599219 0.401367 0.052604 0.097266
0 0.545573 0.402930 0.052604 0.094922
0 0.440885 0.403516 0.051562 0.091406
0 0.393229 0.279492 0.057292 0.092578
0 0.376823 0.766602 0.047396 0.060547
0 0.288542 0.282031 0.050000 0.087500
0 0.181771 0.284766 0.047917 0.081250
0 0.870052 0.031250 0.047396 0.057813
0 0.817708 0.031055 0.053125 0.059766
0 0.761979 0.033008 0.052083 0.061328
0 0.706510 0.034375 0.051562 0.064062
0 0.652344 0.035352 0.047396 0.060547
0 0.596615 0.036328 0.047396 0.067969
0 0.546615 0.034375 0.048438 0.066406
0 0.923177 0.028906 0.049479 0.055469
0 0.489323 0.034961 0.050521 0.065234
0 0.383333 0.038477 0.053125 0.074609
0 0.326042 0.037500 0.053125 0.070312
0 0.272917 0.040625 0.044792 0.071094
0 0.223438 0.038867 0.046875 0.073047
0 0.172396 0.040820 0.052083 0.076953
0 0.119271 0.042969 0.050000 0.081250
0 0.068750 0.042578 0.045833 0.082812
0 0.437240 0.036523 0.047396 0.068359
0 0.978646 0.051953 0.042708 0.099219
0 0.485677 0.149023 0.040104 0.080859
0 0.569010 0.144531 0.033854 0.083594
0 0.131250 0.285742 0.044792 0.080859
0 0.082812 0.285352 0.047917 0.080078
0 0.069271 0.159180 0.043750 0.073828
0 0.119531 0.154883 0.053646 0.080078
0 0.173958 0.153711 0.052083 0.082422
0 0.228125 0.153125 0.052083 0.084375
0 0.287760 0.153125 0.045312 0.078906
0 0.339323 0.149023 0.053646 0.085547
0 0.444271 0.144922 0.038542 0.089844
0 0.396875 0.146094 0.047917 0.089844
0 0.923177 0.140820 0.045312 0.088672
0 0.869010 0.140234 0.051562 0.082812
0 0.813281 0.141797 0.050521 0.083594
0 0.761198 0.141797 0.047396 0.081250
0 0.707292 0.141797 0.050000 0.081250
0 0.655208 0.143359 0.043750 0.089063
0 0.608854 0.143750 0.042708 0.082031
0 0.234896 0.283398 0.050000 0.083203
0 0.421875 0.763281 0.039583 0.064062
0 0.494010 0.403125 0.047396 0.092969
0 0.496615 0.741211 0.035937 0.115234
0 0.403125 0.510742 0.044792 0.076172
0 0.451042 0.510352 0.045833 0.073047
0 0.546354 0.514258 0.044792 0.071484
0 0.596094 0.513672 0.046354 0.075000
0 0.644792 0.513086 0.045833 0.076172
0 0.697656 0.512695 0.047396 0.075391
0 0.752344 0.510156 0.049479 0.075000
0 0.356250 0.513281 0.044792 0.071875
0 0.855469 0.511523 0.044271 0.077734
0 0.104688 0.615430 0.046875 0.076172
0 0.155990 0.616797 0.045312 0.073438
0 0.202344 0.615820 0.040104 0.071484
0 0.259375 0.614844 0.040625 0.075000
0 0.453906 0.616797 0.045312 0.068750
0 0.459115 0.762500 0.032813 0.062500
0 0.366667 0.609961 0.039583 0.062109
0 0.905469 0.519336 0.049479 0.071484
0 0.303906 0.519922 0.044271 0.057813
0 0.305469 0.617383 0.044271 0.076953
0 0.686719 0.769531 0.045312 0.071094
0 0.539062 0.760352 0.042708 0.082422
0 0.731510 0.768750 0.040104 0.072656
0 0.773958 0.768555 0.037500 0.074609
0 0.822135 0.761523 0.052604 0.084766
0 0.872656 0.757031 0.045312 0.090625
0 0.911719 0.765430 0.032813 0.082422
0 0.964844 0.768555 0.057813 0.074609
0 0.589323 0.762109 0.045312 0.081250
0 0.101302 0.515430 0.043229 0.073828
0 0.148438 0.513867 0.045833 0.077734
0 0.198698 0.516016 0.045312 0.077344
0 0.238281 0.513281 0.030729 0.076563
0 0.266667 0.509570 0.021875 0.071484
0 0.953125 0.719531 0.046875 0.022656
0 0.639323 0.766406 0.044271 0.075000
