0 0.257966 0.452359 0.055964 0.049939
0 0.664011 0.311887 0.033088 0.059436
0 0.694036 0.314338 0.020425 0.060662
0 0.718954 0.301777 0.026961 0.087623
0 0.210989 0.452972 0.034722 0.051164
0 0.314338 0.451593 0.047794 0.051471
0 0.984886 0.193015 0.030229 0.095588
0 0.368464 0.451900 0.044118 0.045956
0 0.907271 0.192096 0.042484 0.093750
0 0.869077 0.198836 0.030637 0.078431
0 0.838235 0.198836 0.024510 0.078431
0 0.806985 0.212316 0.026552 0.044118
0 0.774918 0.190104 0.031863 0.096507
0 0.720384 0.196385 0.042892 0.079657
0 0.683619 0.200674 0.016748 0.062500
0 0.646446 0.190257 0.037173 0.083946
0 0.593954 0.189338 0.044118 0.085172
0 0.538399 0.202819 0.044935 0.056985
0 0.472426 0.217371 0.054330 0.057292
0 0.219158 0.532322 0.029820 0.032169
0 0.949346 0.191483 0.035948 0.099265
0 0.146650 0.528799 0.026961 0.041667
0 0.108864 0.526348 0.037173 0.045956
0 0.065768 0.522518 0.040850 0.054841
0 0.014706 0.520221 0.029412 0.056373
0 0.473039 0.451593 0.042484 0.048407
0 0.420343 0.450368 0.044935 0.049020
0 0.783701 0.297181 0.044526 0.094363
0 0.186070 0.523744 0.028186 0.044424
0 0.436275 0.370711 0.042484 0.047794
0 0.086806 0.449755 0.048611 0.047794
0 0.185662 0.376532 0.040441 0.043505
0 0.132761 0.378217 0.040850 0.059743
0 0.017974 0.293964 0.035948 0.052390
0 0.056577 0.296569 0.027369 0.047794
0 0.094158 0.291973 0.042075 0.048407
0 0.918096 0.304688 0.020833 0.086703
0 0.139910 0.297794 0.038807 0.047181
0 0.226511 0.375000 0.027369 0.037377
0 0.177696 0.296875 0.032680 0.048407
0 0.274714 0.297947 0.046160 0.047488
0 0.369894 0.297947 0.051879 0.054228
0 0.483456 0.290748 0.051062 0.055760
0 0.531658 0.306679 0.035539 0.068015
0 0.086193 0.375460 0.035131 0.057292
0 0.044322 0.371017 0.037173 0.058211
0 0.952206 0.303309 0.043301 0.087010
0 0.217933 0.291360 0.040441 0.044118
0 0.146650 0.451593 0.061275 0.051471
0 0.261846 0.375306 0.037582 0.041054
0 0.840074 0.298560 0.041258 0.094056
0 0.029003 0.444393 0.058007 0.046875
0 0.977124 0.435509 0.044935 0.037684
0 0.978350 0.393842 0.042484 0.039522
0 0.927492 0.410539 0.033088 0.079044
0 0.897672 0.410080 0.023284 0.081189
0 0.858047 0.400582 0.051879 0.071998
0 0.808824 0.411765 0.035131 0.084559
0 0.886029 0.299173 0.038399 0.098346
0 0.770425 0.409467 0.036765 0.083640
0 0.681985 0.409620 0.043709 0.074142
0 0.630515 0.406863 0.052696 0.084559
0 0.559641 0.406710 0.048203 0.084252
0 0.482843 0.373162 0.044935 0.042892
0 0.392974 0.372089 0.033497 0.044424
0 0.351920 0.373621 0.037173 0.040748
0 0.305147 0.375153 0.038399 0.040748
0 0.727328 0.418199 0.035539 0.068627
0 0.426062 0.301317 0.043301 0.044424
0 0.207312 0.731158 0.040441 0.068934
0 0.848856 0.613051 0.024510 0.087623
0 0.157680 0.731158 0.049020 0.068934
0 0.100082 0.732537 0.053922 0.081495
0 0.054126 0.728248 0.035539 0.088848
0 0.016953 0.720282 0.029820 0.095588
0 0.947712 0.609835 0.080065 0.087316
0 0.882966 0.612898 0.037173 0.087316
0 0.814747 0.614124 0.033905 0.086091
0 0.780229 0.612439 0.025327 0.086397
0 0.753676 0.613511 0.023693 0.081801
0 0.721405 0.615349 0.023693 0.088542
0 0.694649 0.614583 0.025735 0.087010
0 0.652165 0.615962 0.048611 0.083640
0 0.606413 0.622855 0.038807 0.064951
0 0.556985 0.613051 0.051879 0.090686
0 0.501634 0.615809 0.034314 0.080270
0 0.463031 0.614737 0.035539 0.081189
0 0.426471 0.616728 0.035948 0.082108
0 0.385008 0.610447 0.038807 0.098346
0 0.349265 0.605852 0.031863 0.030944
0 0.258987 0.713695 0.040850 0.062806
0 0.306985 0.732690 0.046160 0.084865
0 0.355188 0.732996 0.047794 0.085478
0 0.408292 0.728707 0.046977 0.079963
0 0.575776 0.307751 0.042075 0.070159
0 0.181985 0.212163 0.045343 0.059743
0 0.118668 0.205729 0.047794 0.059743
0 0.066381 0.210172 0.046977 0.055760
0 0.014502 0.193321 0.029003 0.047794
0 0.236315 0.211244 0.055147 0.057904
0 0.304943 0.221354 0.046160 0.055453
0 0.358864 0.220588 0.046977 0.050858
0 0.415850 0.220741 0.049020 0.064032
0 0.347631 0.641238 0.032680 0.030637
0 0.989175 0.723805 0.021650 0.083027
0 0.844771 0.732690 0.042484 0.078125
0 0.794935 0.734375 0.049837 0.081495
0 0.743668 0.729013 0.042075 0.077512
0 0.698325 0.734681 0.046160 0.082108
0 0.649510 0.734069 0.047386 0.080882
0 0.606209 0.732077 0.038399 0.083640
0 0.560253 0.726409 0.045343 0.082721
0 0.512051 0.731618 0.043709 0.082721
0 0.458538 0.729013 0.048611 0.087316
0 0.893178 0.732230 0.052696 0.080882
0 0.306781 0.614124 0.041667 0.083027
0 0.625613 0.302696 0.037990 0.072917
0 0.719158 0.506127 0.057598 0.089461
0 0.529616 0.506434 0.048611 0.087010
0 0.480392 0.518382 0.040033 0.062500
0 0.442402 0.526042 0.033497 0.042279
0 0.400123 0.526654 0.021650 0.046569
0 0.366217 0.539828 0.035539 0.015319
0 0.320466 0.529259 0.042892 0.038909
0 0.251021 0.528493 0.031454 0.037377
0 0.576185 0.505515 0.037990 0.088235
0 0.619281 0.504442 0.042484 0.086091
0 0.282067 0.533854 0.026552 0.032169
0 0.662582 0.502911 0.043301 0.083027
0 0.265319 0.612286 0.036356 0.086091
0 0.772263 0.507812 0.043709 0.086703
0 0.822917 0.507047 0.050245 0.088235
0 0.869485 0.507812 0.035539 0.083640
0 0.925858 0.507659 0.053513 0.089461
0 0.974469 0.508119 0.039624 0.090380
0 0.041667 0.596507 0.035948 0.076593
0 0.076185 0.599418 0.023284 0.079350
0 0.105392 0.610294 0.026144 0.078431
0 0.139502 0.617341 0.033905 0.079657
0 0.181168 0.615502 0.031454 0.079657
0 0.223652 0.614124 0.034722 0.079963
