0 0.298397 0.558935 0.024359 0.021863
0 0.333333 0.553113 0.039103 0.028279
0 0.151603 0.700927 0.034615 0.030181
0 0.195673 0.684054 0.045192 0.044439
0 0.250321 0.671578 0.048077 0.024240
0 0.294071 0.657913 0.028526 0.027329
0 0.341346 0.641397 0.032692 0.023764
0 0.154487 0.770437 0.040385 0.032319
0 0.202083 0.748931 0.045192 0.034458
0 0.150000 0.811668 0.044231 0.028755
0 0.196314 0.794320 0.043269 0.044439
0 0.238462 0.732414 0.024359 0.023764
0 0.289583 0.740138 0.041987 0.046340
0 0.350481 0.720532 0.041346 0.028517
0 0.394712 0.678588 0.035577 0.024002
0 0.394872 0.706155 0.032692 0.024002
0 0.276603 0.855394 0.055128 0.033983
0 0.320192 0.804895 0.042308 0.022338
0 0.324038 0.835551 0.030128 0.023764
0 0.387660 0.784933 0.057372 0.047053
0 0.247756 0.770437 0.042949 0.027567
0 0.269231 0.566421 0.030769 0.020200
0 0.335737 0.695342 0.043910 0.019011
0 0.195833 0.575808 0.035897 0.024715
0 0.259135 0.427163 0.045833 0.033983
0 0.204327 0.423360 0.049679 0.036359
0 0.165545 0.424667 0.020833 0.038973
0 0.123718 0.423241 0.062821 0.043251
0 0.122917 0.947125 0.043910 0.024952
0 0.074199 0.965067 0.041346 0.032795
0 0.118269 0.851949 0.042308 0.020437
0 0.069551 0.865732 0.048718 0.034221
0 0.233333 0.572243 0.036538 0.028042
0 0.087340 0.615494 0.045192 0.049430
0 0.020032 0.383436 0.040064 0.049667
0 0.019551 0.426450 0.039103 0.034933
0 0.065545 0.425856 0.050321 0.035646
0 0.031250 0.534933 0.049679 0.055608
0 0.082532 0.529824 0.045192 0.057747
0 0.021474 0.888308 0.042949 0.032795
0 0.102885 0.744059 0.044231 0.029943
0 0.050641 0.762357 0.055769 0.023289
0 0.092788 0.657082 0.046474 0.031369
0 0.039904 0.664330 0.054167 0.033508
0 0.064263 0.386882 0.044551 0.044202
0 0.145673 0.460789 0.045833 0.027091
0 0.293910 0.425024 0.021154 0.030656
0 0.236378 0.459482 0.020192 0.029705
0 0.335577 0.523883 0.046154 0.028755
0 0.298397 0.530656 0.024359 0.032319
0 0.198718 0.458175 0.054487 0.030894
0 0.268590 0.536835 0.032692 0.036597
0 0.231090 0.538855 0.035256 0.036835
0 0.035096 0.622742 0.047756 0.041587
0 0.150801 0.590304 0.042628 0.036597
0 0.130128 0.549548 0.040385 0.039211
0 0.265545 0.457106 0.036218 0.022101
0 0.331090 0.454491 0.025000 0.019249
0 0.302564 0.455680 0.032692 0.021625
0 0.193429 0.542419 0.040064 0.037310
