0 0.662684 0.700572 0.077206 0.116013
0 0.377757 0.890727 0.026961 0.041258
0 0.493107 0.944649 0.027880 0.031454
0 0.462929 0.936070 0.030025 0.037990
0 0.433058 0.884804 0.022365 0.028595
0 0.433824 0.920752 0.027574 0.040850
0 0.404105 0.912786 0.026348 0.024918
0 0.405484 0.880515 0.030331 0.037173
0 0.202359 0.239583 0.045037 0.109886
0 0.351716 0.882557 0.025123 0.057598
0 0.327512 0.868056 0.020221 0.048203
0 0.299786 0.871324 0.020527 0.026961
0 0.274816 0.862541 0.024510 0.037173
0 0.249081 0.848243 0.019608 0.044526
0 0.228248 0.843342 0.021446 0.051062
0 0.526961 0.907475 0.034314 0.038807
0 0.182598 0.811275 0.026961 0.027778
0 0.185509 0.711193 0.023591 0.089052
0 0.162531 0.699755 0.021140 0.077614
0 0.137408 0.696691 0.030331 0.083742
0 0.111979 0.689747 0.018689 0.073938
0 0.089308 0.687500 0.026042 0.077614
0 0.212316 0.717525 0.028799 0.089461
0 0.240349 0.723448 0.029105 0.087418
0 0.268229 0.733864 0.027267 0.086193
0 0.298407 0.742647 0.031863 0.084967
0 0.329044 0.747141 0.028799 0.079248
0 0.358609 0.754902 0.027880 0.089869
0 0.396446 0.759600 0.046569 0.080474
0 0.462623 0.768382 0.023897 0.102941
0 0.050245 0.677083 0.039216 0.073938
0 0.490809 0.786356 0.028186 0.089052
0 0.564798 0.920956 0.039522 0.055147
0 0.140319 0.821895 0.021446 0.027778
0 0.205423 0.840074 0.024203 0.023284
0 0.161458 0.829657 0.020833 0.019608
0 0.393689 0.524918 0.056985 0.095588
0 0.452512 0.527778 0.061887 0.093137
0 0.516391 0.540237 0.065257 0.099265
0 0.585938 0.540441 0.073223 0.096405
0 0.660080 0.551879 0.073836 0.118464
0 0.741268 0.561683 0.084865 0.123366
0 0.351716 0.368056 0.026961 0.122549
0 0.382659 0.368668 0.034926 0.121324
0 0.421722 0.370507 0.041360 0.125000
0 0.463235 0.366830 0.041667 0.132353
0 0.505974 0.374592 0.029718 0.125817
0 0.609375 0.950776 0.044118 0.091095
0 0.536152 0.368260 0.029412 0.138480
0 0.611213 0.366013 0.042279 0.140523
0 0.652880 0.368873 0.037990 0.145425
0 0.703891 0.368873 0.064032 0.144608
0 0.766850 0.371732 0.058824 0.153595
0 0.410692 0.219363 0.037071 0.136438
0 0.442555 0.216299 0.023591 0.142565
0 0.477175 0.211193 0.040748 0.139706
0 0.524816 0.208538 0.053309 0.145833
0 0.568781 0.199755 0.033395 0.149510
0 0.605392 0.197508 0.037990 0.145833
0 0.646446 0.190564 0.044730 0.160539
0 0.698989 0.187092 0.059743 0.153595
0 0.762714 0.181781 0.068321 0.164216
0 0.569393 0.370302 0.038297 0.140931
0 0.527114 0.805760 0.043199 0.100899
0 0.567402 0.817606 0.037377 0.107435
0 0.609222 0.829657 0.045650 0.115196
0 0.102482 0.483047 0.021752 0.093546
0 0.140319 0.486928 0.023284 0.096405
0 0.166207 0.486111 0.029718 0.104575
0 0.206648 0.496119 0.028493 0.107435
0 0.234528 0.366626 0.030331 0.097631
0 0.200674 0.367034 0.026961 0.112337
0 0.174632 0.368056 0.025735 0.107843
0 0.085172 0.367851 0.017770 0.098448
0 0.055913 0.397263 0.036458 0.041258
0 0.134957 0.369281 0.039522 0.102941
0 0.101869 0.244281 0.023591 0.101307
0 0.134344 0.245098 0.040135 0.097222
0 0.153493 0.143791 0.056985 0.035948
0 0.081955 0.482843 0.016238 0.093137
0 0.147672 0.093546 0.043505 0.059641
0 0.692555 0.039216 0.041360 0.066176
0 0.651195 0.043913 0.038297 0.087010
0 0.611213 0.044730 0.037377 0.088644
0 0.571998 0.049224 0.036152 0.093546
0 0.531556 0.055556 0.041667 0.109477
0 0.494945 0.057190 0.031556 0.104575
0 0.464308 0.060458 0.030944 0.119281
0 0.430147 0.061479 0.034926 0.115605
0 0.396599 0.066381 0.032169 0.126225
0 0.368413 0.066585 0.022978 0.128268
0 0.343290 0.068627 0.022978 0.131536
0 0.316483 0.073734 0.030637 0.118873
0 0.288909 0.088031 0.023897 0.113971
0 0.203891 0.107230 0.033395 0.089461
0 0.021906 0.478145 0.022365 0.087010
0 0.018229 0.580678 0.030944 0.069853
0 0.046569 0.584355 0.026348 0.073121
0 0.656556 0.836397 0.039828 0.113971
0 0.702512 0.847018 0.049020 0.100082
0 0.753217 0.861928 0.046262 0.114379
0 0.956189 0.856618 0.041667 0.164216
0 0.918505 0.850490 0.033088 0.175654
0 0.947610 0.653595 0.039216 0.167484
0 0.899050 0.646242 0.037071 0.177288
0 0.960784 0.442402 0.038603 0.179739
0 0.916973 0.441176 0.049632 0.177288
0 0.984681 0.221201 0.030637 0.176062
0 0.943781 0.223652 0.045650 0.183415
0 0.900276 0.229779 0.041360 0.169526
0 0.850643 0.237132 0.037684 0.163807
0 0.755208 0.703023 0.079044 0.099673
0 0.602022 0.686275 0.042279 0.130719
0 0.556985 0.670547 0.042279 0.104984
0 0.513940 0.672386 0.041973 0.102941
0 0.476716 0.658701 0.032475 0.092729
0 0.440411 0.655229 0.037684 0.102124
0 0.404871 0.647263 0.030944 0.089461
0 0.375000 0.642974 0.030637 0.098856
0 0.342525 0.632761 0.032475 0.095588
0 0.296262 0.621324 0.042279 0.083333
0 0.257659 0.617239 0.031250 0.093137
0 0.211244 0.611315 0.053615 0.079657
0 0.162990 0.604575 0.043505 0.093954
0 0.124540 0.595384 0.033395 0.075572
0 0.094975 0.591708 0.024510 0.080474
0 0.071844 0.587010 0.022978 0.067810
0 0.109835 0.807802 0.021752 0.028186
0 0.263327 0.097835 0.024816 0.102533
0 0.239890 0.229779 0.030025 0.127859
