0 0.938521 0.377451 0.052696 0.113358
0 0.884600 0.376379 0.051062 0.111826
0 0.830065 0.375000 0.054739 0.113358
0 0.773897 0.375000 0.055147 0.113358
0 0.717729 0.373928 0.057190 0.113051
0 0.984273 0.375613 0.031454 0.115809
0 0.960580 0.244792 0.058415 0.119485
0 0.482843 0.231924 0.058007 0.125000
0 0.840482 0.241881 0.058415 0.119792
0 0.781046 0.239890 0.052288 0.121936
0 0.725899 0.240043 0.053105 0.124081
0 0.667892 0.237286 0.056373 0.123468
0 0.607026 0.235754 0.059641 0.125919
0 0.543301 0.233456 0.058007 0.125000
0 0.422181 0.230392 0.059232 0.126225
0 0.361315 0.227788 0.059232 0.128983
0 0.297794 0.226409 0.062092 0.129902
0 0.232435 0.223805 0.062092 0.130208
0 0.168505 0.221661 0.064951 0.127145
0 0.098652 0.218750 0.069853 0.129902
0 0.030433 0.215839 0.060866 0.133272
0 0.658497 0.373315 0.057190 0.113051
0 0.899306 0.242800 0.058415 0.119792
0 0.540033 0.371936 0.056373 0.117034
0 0.599469 0.371783 0.057598 0.113051
0 0.265319 0.683824 0.066585 0.042892
0 0.394608 0.808058 0.063725 0.040135
0 0.399101 0.766697 0.063725 0.040135
0 0.399510 0.724418 0.062908 0.040748
0 0.331291 0.804994 0.062092 0.038909
0 0.333946 0.765319 0.062500 0.035539
0 0.332721 0.725797 0.062500 0.039828
0 0.333129 0.683058 0.064134 0.041360
0 0.265727 0.807904 0.065768 0.041054
0 0.266544 0.764706 0.065768 0.038603
0 0.266136 0.725337 0.065768 0.037684
0 0.483660 0.371936 0.053105 0.116422
0 0.199346 0.808211 0.062908 0.039216
0 0.199959 0.765931 0.065768 0.037377
0 0.199551 0.726256 0.064951 0.038909
0 0.199142 0.685509 0.063317 0.039522
0 0.131536 0.811887 0.068627 0.041667
0 0.060458 0.816176 0.068627 0.042892
0 0.131536 0.769301 0.068627 0.039828
0 0.058415 0.773438 0.071895 0.038909
0 0.129493 0.728554 0.070261 0.037377
0 0.059436 0.730239 0.068219 0.040748
0 0.129698 0.685662 0.069036 0.046569
0 0.050449 0.684589 0.069036 0.046875
0 0.530842 0.613205 0.058415 0.038297
0 0.470384 0.614277 0.058415 0.038603
0 0.406863 0.616575 0.065359 0.040135
0 0.339869 0.616881 0.065359 0.040135
0 0.464257 0.719975 0.058415 0.040441
0 0.530025 0.675245 0.063317 0.042279
0 0.528391 0.718750 0.062500 0.042279
0 0.465482 0.764093 0.063317 0.041054
0 0.893995 0.791667 0.055147 0.035539
0 0.835784 0.794271 0.058007 0.035846
0 0.896242 0.753983 0.058007 0.037377
0 0.835376 0.755668 0.057190 0.038297
0 0.901552 0.715839 0.058007 0.035846
0 0.957721 0.752911 0.055964 0.033395
0 0.953023 0.791054 0.058824 0.033088
0 0.962214 0.715839 0.057598 0.034007
0 0.971814 0.675092 0.056373 0.041360
0 0.913194 0.676317 0.056781 0.041360
0 0.851103 0.676164 0.059232 0.041667
0 0.774918 0.795650 0.058824 0.035539
0 0.776757 0.757659 0.054330 0.037990
0 0.274101 0.616115 0.065359 0.039828
0 0.781658 0.716299 0.056781 0.039216
0 0.715891 0.759498 0.057598 0.037377
0 0.720792 0.716759 0.058415 0.040135
0 0.653799 0.798866 0.058415 0.037071
0 0.654616 0.759651 0.058415 0.038909
0 0.591095 0.799632 0.058007 0.037377
0 0.593954 0.760110 0.061275 0.037990
0 0.658905 0.716912 0.061275 0.042279
0 0.596609 0.717218 0.059232 0.044730
0 0.659109 0.667739 0.060049 0.044424
0 0.595997 0.670496 0.060458 0.042586
0 0.529616 0.801164 0.060049 0.037377
0 0.466503 0.805607 0.060458 0.039522
0 0.530229 0.760876 0.059641 0.039522
0 0.711806 0.797488 0.055147 0.035539
0 0.205882 0.617341 0.065359 0.039828
0 0.841708 0.716146 0.058415 0.035846
0 0.066176 0.619638 0.068627 0.041973
0 0.732435 0.486520 0.031046 0.082721
0 0.696691 0.486826 0.033905 0.082108
0 0.662990 0.485447 0.027778 0.082414
0 0.611520 0.488205 0.034314 0.080576
0 0.576593 0.487745 0.029003 0.080882
0 0.547181 0.488051 0.028186 0.080882
0 0.516953 0.485294 0.026552 0.080882
0 0.482639 0.485907 0.034722 0.080882
0 0.445466 0.486979 0.035539 0.079963
0 0.408497 0.487898 0.031863 0.082414
0 0.374592 0.487286 0.031863 0.082414
0 0.339869 0.487439 0.033497 0.081495
0 0.306985 0.487439 0.031454 0.080882
0 0.764706 0.486366 0.031046 0.083027
0 0.272467 0.486826 0.032680 0.081495
0 0.200572 0.486366 0.034314 0.082414
0 0.137255 0.618873 0.066993 0.042279
0 0.128268 0.485754 0.034314 0.085478
0 0.092525 0.486060 0.031454 0.086091
0 0.058211 0.485294 0.033088 0.088235
0 0.023080 0.484681 0.033905 0.087623
0 0.045139 0.363051 0.066585 0.124387
0 0.112541 0.365656 0.064134 0.122243
0 0.179126 0.366575 0.060866 0.123468
0 0.241013 0.367800 0.058824 0.119792
0 0.300654 0.367800 0.054739 0.121630
0 0.359681 0.368107 0.058415 0.118566
0 0.421569 0.369026 0.062092 0.116728
0 0.238562 0.486213 0.031863 0.083333
0 0.796977 0.485754 0.028595 0.083640
0 0.164420 0.486213 0.034722 0.085784
0 0.856822 0.487745 0.028186 0.082108
0 0.826185 0.486520 0.028186 0.082108
0 0.134395 0.572763 0.063725 0.043199
0 0.065155 0.575521 0.070670 0.043199
0 0.014910 0.619945 0.029820 0.043811
0 0.014297 0.574755 0.028595 0.044118
0 0.202206 0.573376 0.068627 0.042586
0 0.340278 0.573683 0.064542 0.043199
0 0.405637 0.571691 0.062092 0.044118
0 0.472426 0.571385 0.063317 0.041054
0 0.535539 0.568015 0.059641 0.043505
0 0.958742 0.610754 0.058007 0.037684
0 0.897059 0.611673 0.062092 0.037071
0 0.836601 0.611520 0.053105 0.036765
0 0.779412 0.612898 0.057190 0.035846
0 0.272059 0.572763 0.068627 0.042586
0 0.655842 0.613358 0.057598 0.035539
0 0.886438 0.487745 0.027778 0.082108
0 0.718546 0.613051 0.059641 0.035539
0 0.916054 0.487898 0.028186 0.081801
0 0.947100 0.486979 0.029003 0.081189
0 0.972018 0.570006 0.055964 0.039522
0 0.912786 0.570619 0.055964 0.039522
0 0.978554 0.487898 0.029003 0.081189
0 0.852737 0.571232 0.059232 0.041360
0 0.791462 0.571691 0.058415 0.040441
0 0.728962 0.573070 0.059232 0.041973
0 0.667279 0.571998 0.059232 0.041667
0 0.603350 0.571844 0.062092 0.043811
0 0.594975 0.613205 0.057598 0.037071
