0 0.216406 0.876563 0.066146 0.053906
0 0.135937 0.915039 0.056250 0.120703
0 0.071615 0.927734 0.061979 0.120313
0 0.018490 0.936328 0.036979 0.117969
0 0.970573 0.748828 0.045312 0.025000
0 0.396354 0.120703 0.051042 0.113281
0 0.972917 0.694727 0.037500 0.023047
0 0.349219 0.402344 0.050521 0.103906
0 0.292448 0.401758 0.050521 0.107422
0 0.238802 0.407227 0.053646 0.105859
0 0.189583 0.408008 0.036458 0.107422
0 0.113021 0.389062 0.042708 0.068750
0 0.922135 0.750000 0.042188 0.022656
0 0.398958 0.399219 0.043750 0.112500
0 0.225000 0.932031 0.066667 0.046875
0 0.306510 0.898047 0.091146 0.103125
0 0.399740 0.887109 0.090104 0.100781
0 0.479687 0.900977 0.062500 0.044922
0 0.478646 0.856641 0.056250 0.042188
0 0.541406 0.886328 0.055729 0.067969
0 0.599219 0.879102 0.056771 0.073828
0 0.656250 0.880859 0.044792 0.045312
0 0.709375 0.876758 0.048958 0.041797
0 0.854948 0.863867 0.063021 0.040234
0 0.924219 0.699414 0.038021 0.023047
0 0.919271 0.842383 0.053125 0.073828
0 0.973437 0.833789 0.046875 0.069141
0 0.873698 0.731445 0.047396 0.072266
0 0.066146 0.393164 0.042708 0.060547
0 0.018750 0.398047 0.037500 0.057031
0 0.913542 0.263281 0.048958 0.103125
0 0.215365 0.113477 0.051562 0.115234
0 0.446354 0.121484 0.044792 0.111719
0 0.493750 0.116992 0.041667 0.117578
0 0.548438 0.123633 0.048958 0.107422
0 0.597135 0.127539 0.040104 0.112109
0 0.644271 0.125781 0.044792 0.106250
0 0.692969 0.126562 0.044271 0.107813
0 0.742188 0.130469 0.048958 0.106250
0 0.789583 0.125195 0.033333 0.119922
0 0.838281 0.122852 0.041146 0.112109
0 0.887760 0.130078 0.042188 0.118750
0 0.979948 0.136133 0.039062 0.101172
0 0.022135 0.249219 0.044271 0.060937
0 0.081771 0.253711 0.065625 0.067578
0 0.167448 0.264062 0.049479 0.110937
0 0.160156 0.112305 0.055729 0.117578
0 0.115104 0.127930 0.021875 0.083203
0 0.086458 0.125977 0.026042 0.084766
0 0.852083 0.262891 0.061458 0.103906
0 0.790365 0.263477 0.055729 0.102734
0 0.687760 0.261523 0.058854 0.106641
0 0.630208 0.263672 0.041667 0.105469
0 0.539583 0.263477 0.055208 0.108984
0 0.486198 0.262305 0.043229 0.108203
0 0.963021 0.261523 0.045833 0.103516
0 0.432292 0.263086 0.044792 0.106641
0 0.923438 0.724023 0.044792 0.019922
0 0.272135 0.261719 0.043229 0.112500
0 0.220052 0.260547 0.048438 0.114844
0 0.969792 0.718555 0.035417 0.018359
0 0.013281 0.118750 0.022396 0.086719
0 0.046094 0.118359 0.030729 0.084375
0 0.382812 0.267578 0.035417 0.103906
0 0.335156 0.264453 0.046354 0.110156
0 0.590625 0.749609 0.084375 0.090625
0 0.767448 0.741797 0.046354 0.021875
0 0.808594 0.391797 0.047396 0.100000
0 0.686458 0.403516 0.047917 0.082812
0 0.634635 0.400781 0.046354 0.097656
0 0.583073 0.393555 0.045312 0.112109
0 0.534635 0.394727 0.042188 0.112891
0 0.489583 0.397070 0.041667 0.116797
0 0.859896 0.389062 0.052083 0.099219
0 0.444271 0.399023 0.040625 0.112891
0 0.209115 0.686328 0.067187 0.039844
0 0.284635 0.681641 0.071354 0.043750
0 0.351562 0.633203 0.051042 0.042188
0 0.409896 0.627930 0.057292 0.041016
0 0.351042 0.678711 0.054167 0.040234
0 0.410417 0.671680 0.054167 0.041797
0 0.493229 0.529492 0.040625 0.091016
0 0.484635 0.644727 0.084896 0.089453
0 0.909375 0.388281 0.041667 0.106250
0 0.990365 0.387891 0.019271 0.099219
0 0.821615 0.735938 0.048438 0.075781
0 0.279948 0.631445 0.071354 0.048828
0 0.208073 0.638867 0.065104 0.049609
0 0.117448 0.677148 0.044271 0.083203
0 0.072396 0.684961 0.042708 0.085547
0 0.022917 0.691992 0.045833 0.080859
0 0.955208 0.385937 0.042708 0.105469
0 0.349479 0.532813 0.046875 0.105469
0 0.298177 0.533594 0.049479 0.107031
0 0.243229 0.535352 0.045833 0.106641
0 0.196875 0.536523 0.035417 0.110547
0 0.116667 0.518164 0.062500 0.040234
0 0.042188 0.528125 0.080208 0.038281
0 0.042708 0.489063 0.072917 0.037500
0 0.398698 0.535156 0.043229 0.091406
0 0.572917 0.638867 0.081250 0.089453
0 0.643490 0.625781 0.047396 0.039062
0 0.696875 0.622461 0.056250 0.033203
0 0.283333 0.754883 0.065625 0.049609
0 0.216927 0.809180 0.071354 0.044922
0 0.290104 0.802930 0.062500 0.042578
0 0.360417 0.793164 0.064583 0.043359
0 0.356250 0.749219 0.064583 0.036719
0 0.423958 0.742773 0.061458 0.043359
0 0.209115 0.760742 0.067187 0.047266
0 0.426042 0.791797 0.065625 0.046094
0 0.653906 0.698438 0.035937 0.018750
0 0.665885 0.737305 0.051562 0.033203
0 0.663281 0.771094 0.046354 0.029687
0 0.719010 0.717187 0.043229 0.030469
0 0.770573 0.716406 0.048438 0.028906
0 0.716146 0.745898 0.044792 0.024609
0 0.503385 0.757617 0.080729 0.090234
0 0.151823 0.780469 0.034896 0.081250
0 0.111458 0.794531 0.039583 0.089844
0 0.069531 0.804102 0.041146 0.091797
0 0.643750 0.663086 0.052083 0.028516
0 0.694271 0.658594 0.042708 0.031250
0 0.747396 0.596094 0.035417 0.018750
0 0.788281 0.593164 0.039062 0.018359
0 0.745052 0.623242 0.034896 0.028516
0 0.784635 0.619531 0.035937 0.029687
0 0.741406 0.654687 0.034896 0.029687
0 0.783594 0.650977 0.033854 0.028516
0 0.833333 0.622266 0.052083 0.079687
0 0.891406 0.620117 0.049479 0.077734
0 0.940885 0.588281 0.039062 0.025000
0 0.937760 0.644141 0.041146 0.026562
0 0.981250 0.639062 0.037500 0.027344
0 0.981250 0.611328 0.037500 0.025000
0 0.024219 0.801562 0.045312 0.103906
0 0.718229 0.771875 0.045833 0.018750
0 0.938021 0.615430 0.037500 0.023047
0 0.768750 0.768164 0.044792 0.019922
0 0.672656 0.525000 0.048438 0.026562
0 0.538021 0.528711 0.036458 0.089453
0 0.583333 0.527930 0.045833 0.094141
0 0.622656 0.524414 0.030729 0.088672
0 0.671615 0.495117 0.048438 0.027734
0 0.674219 0.553125 0.043229 0.025000
0 0.726302 0.550977 0.049479 0.026172
0 0.724740 0.522656 0.043229 0.025000
0 0.777604 0.490625 0.046875 0.028125
0 0.775781 0.520312 0.047396 0.023438
0 0.779948 0.548438 0.047396 0.028125
0 0.835417 0.544531 0.052083 0.027344
0 0.831250 0.515820 0.047917 0.026172
0 0.831250 0.485742 0.052083 0.025391
0 0.725781 0.494922 0.045312 0.025781
0 0.888021 0.513867 0.051042 0.026953
0 0.891927 0.542969 0.046354 0.024219
0 0.935417 0.504492 0.032292 0.098047
0 0.974219 0.502734 0.040104 0.095312
0 0.014583 0.590234 0.029167 0.039844
0 0.066406 0.588867 0.063021 0.042578
0 0.123958 0.580078 0.043750 0.041406
0 0.889062 0.484570 0.044792 0.027734
