0 0.935156 0.276367 0.070312 0.072266
0 0.980208 0.117383 0.039583 0.101953
0 0.922656 0.112109 0.071354 0.114062
0 0.848177 0.111328 0.077604 0.119531
0 0.775781 0.111133 0.051562 0.108203
0 0.853125 0.636328 0.046875 0.075781
0 0.146875 0.867578 0.069792 0.080469
0 0.725260 0.865430 0.035937 0.094922
0 0.684375 0.863867 0.035417 0.094922
0 0.650000 0.852148 0.023958 0.084766
0 0.618490 0.866602 0.034896 0.089453
0 0.582552 0.866992 0.031771 0.088672
0 0.549479 0.864453 0.034375 0.087500
0 0.514844 0.862500 0.034896 0.089063
0 0.480990 0.864844 0.032813 0.086719
0 0.446094 0.863477 0.035937 0.089453
0 0.409375 0.863867 0.035417 0.088672
0 0.355990 0.862891 0.068229 0.087500
0 0.305990 0.863086 0.032813 0.087109
0 0.272656 0.863281 0.031771 0.089844
0 0.239583 0.862305 0.034375 0.091797
0 0.204167 0.862695 0.037500 0.091016
0 0.723177 0.112500 0.051562 0.111719
0 0.675000 0.110547 0.044792 0.115625
0 0.205990 0.123047 0.045312 0.078125
0 0.567187 0.132227 0.054167 0.069141
0 0.886979 0.750391 0.032292 0.092188
0 0.921875 0.750586 0.036458 0.094141
0 0.955208 0.748828 0.030208 0.092188
0 0.985156 0.748633 0.029687 0.093359
0 0.922656 0.667383 0.067187 0.019922
0 0.307292 0.747266 0.033333 0.089844
0 0.445052 0.579688 0.076563 0.028125
0 0.760677 0.864648 0.030729 0.093359
0 0.423438 0.626953 0.082292 0.064062
0 0.520833 0.645703 0.042708 0.050781
0 0.561198 0.645117 0.033854 0.051953
0 0.601302 0.626758 0.040104 0.070703
0 0.648177 0.629492 0.044271 0.057422
0 0.692708 0.645898 0.043750 0.057422
0 0.742708 0.622852 0.050000 0.057422
0 0.798438 0.634961 0.059375 0.083203
0 0.341146 0.632422 0.084375 0.059375
0 0.623437 0.109375 0.056250 0.111719
0 0.274219 0.748437 0.034896 0.089844
0 0.204687 0.746875 0.035417 0.086719
0 0.514583 0.127734 0.051042 0.078125
0 0.457552 0.125977 0.063021 0.075391
0 0.396354 0.111523 0.058333 0.103516
0 0.339844 0.112695 0.055729 0.105078
0 0.290625 0.107422 0.042708 0.112500
0 0.246875 0.104297 0.039583 0.117188
0 0.918490 0.626367 0.083854 0.062891
0 0.239844 0.747070 0.033854 0.087109
0 0.157031 0.121875 0.052604 0.078906
0 0.079687 0.868750 0.065625 0.082031
0 0.031510 0.865820 0.030729 0.086328
0 0.032813 0.750000 0.036458 0.087500
0 0.069010 0.748047 0.036979 0.089063
0 0.104948 0.746289 0.034896 0.085547
0 0.140365 0.744336 0.028646 0.089453
0 0.170833 0.747656 0.033333 0.092188
0 0.091927 0.135742 0.073438 0.052734
0 0.795573 0.863281 0.038021 0.096094
0 0.625260 0.289453 0.070312 0.059375
0 0.872917 0.869727 0.041667 0.086328
0 0.553125 0.370117 0.054167 0.098047
0 0.628125 0.370703 0.057292 0.099219
0 0.710417 0.369727 0.079167 0.087891
0 0.785417 0.369141 0.062500 0.090625
0 0.853125 0.370898 0.066667 0.093359
0 0.959635 0.372461 0.061979 0.083984
0 0.965104 0.489453 0.069792 0.092188
0 0.898958 0.486133 0.057292 0.094922
0 0.841146 0.485938 0.058333 0.094531
0 0.775521 0.484180 0.067708 0.095703
0 0.697135 0.486523 0.065104 0.092578
0 0.631250 0.484375 0.058333 0.092188
0 0.543490 0.482617 0.063021 0.084766
0 0.474479 0.475000 0.058333 0.086719
0 0.402604 0.480273 0.067708 0.076953
0 0.322135 0.478906 0.065104 0.082812
0 0.248438 0.478906 0.069792 0.085938
0 0.191146 0.480469 0.041667 0.088281
0 0.115104 0.477344 0.087500 0.092188
0 0.031771 0.477148 0.063542 0.091797
0 0.015365 0.612109 0.030729 0.106250
0 0.061458 0.628320 0.061458 0.080078
0 0.101823 0.568945 0.056771 0.036328
0 0.121354 0.630664 0.055208 0.080859
0 0.188021 0.626953 0.069792 0.057813
0 0.216146 0.572070 0.065625 0.045703
0 0.258594 0.628320 0.068229 0.055078
0 0.282292 0.575391 0.046875 0.042188
0 0.358073 0.563281 0.092188 0.035156
0 0.479948 0.367773 0.058854 0.090234
0 0.832552 0.861133 0.033854 0.092578
0 0.398958 0.371875 0.063542 0.095312
0 0.249219 0.367773 0.049479 0.080859
0 0.916927 0.868555 0.043229 0.085547
0 0.960938 0.867188 0.045833 0.085156
0 0.852865 0.751953 0.034896 0.088281
0 0.341667 0.748242 0.034375 0.089453
0 0.377083 0.746680 0.036458 0.087891
0 0.410417 0.747852 0.031250 0.085547
0 0.443229 0.750195 0.035417 0.089453
0 0.480729 0.747461 0.037500 0.094141
0 0.533073 0.742969 0.063021 0.085938
0 0.585417 0.748437 0.040625 0.096094
0 0.617188 0.739258 0.021875 0.087109
0 0.648698 0.750586 0.035937 0.088672
0 0.683854 0.751563 0.031250 0.089844
0 0.718750 0.750781 0.038542 0.089063
0 0.752083 0.750977 0.029167 0.087891
0 0.784635 0.750000 0.036979 0.089844
0 0.855990 0.282813 0.070312 0.067187
0 0.787240 0.282031 0.065104 0.065625
0 0.712500 0.283203 0.071875 0.066406
0 0.553906 0.286523 0.070312 0.059766
0 0.479167 0.282617 0.068750 0.066797
0 0.318229 0.279883 0.077083 0.064453
0 0.245052 0.284375 0.068229 0.070312
0 0.178646 0.280664 0.062500 0.062891
0 0.103906 0.275000 0.073438 0.055469
0 0.036719 0.278125 0.056771 0.051562
0 0.030469 0.357422 0.060937 0.086719
0 0.095312 0.362695 0.068750 0.095703
0 0.186198 0.364844 0.066146 0.089844
0 0.329427 0.369922 0.059896 0.089063
0 0.819792 0.750000 0.032292 0.089844
