0 0.588802 0.357812 0.031771 0.091406
0 0.529687 0.385547 0.064583 0.051562
0 0.267969 0.637305 0.047396 0.094141
0 0.986198 0.096289 0.027604 0.098047
0 0.951562 0.093359 0.029167 0.107031
0 0.920052 0.089844 0.031771 0.106250
0 0.860677 0.088281 0.076563 0.106250
0 0.784896 0.089453 0.061458 0.096094
0 0.718490 0.083398 0.039062 0.105859
0 0.669010 0.084180 0.044271 0.094922
0 0.590365 0.071289 0.086979 0.108984
0 0.527604 0.096680 0.029167 0.058984
0 0.476562 0.102930 0.041667 0.041016
0 0.470052 0.057227 0.042188 0.041016
0 0.867708 0.244531 0.034375 0.070312
0 0.403906 0.073438 0.084896 0.079687
0 0.235937 0.065820 0.037500 0.088672
0 0.189583 0.057031 0.044792 0.098437
0 0.133854 0.057813 0.038542 0.103125
0 0.081510 0.057227 0.060937 0.098828
0 0.138542 0.775781 0.032292 0.083594
0 0.177083 0.770312 0.033333 0.085156
0 0.220312 0.762891 0.040625 0.076563
0 0.261198 0.752539 0.035937 0.086328
0 0.311198 0.740430 0.042188 0.089453
0 0.362240 0.734180 0.050521 0.086328
0 0.430208 0.724414 0.057292 0.084766
0 0.308594 0.080078 0.092188 0.068750
0 0.493229 0.726562 0.053125 0.058594
0 0.819531 0.233594 0.028646 0.091406
0 0.748437 0.231641 0.033333 0.092969
0 0.299219 0.224023 0.031771 0.114453
0 0.344531 0.234570 0.041146 0.093359
0 0.397656 0.220898 0.032813 0.108984
0 0.445573 0.241211 0.030729 0.076953
0 0.481510 0.236328 0.029687 0.086719
0 0.523177 0.233008 0.039062 0.090234
0 0.572135 0.236328 0.030729 0.089844
0 0.619792 0.234180 0.036458 0.094141
0 0.662500 0.230469 0.032292 0.098437
0 0.086719 0.805273 0.054688 0.041797
0 0.082292 0.756445 0.055208 0.046484
0 0.786458 0.233984 0.029167 0.097656
0 0.023177 0.772461 0.043229 0.052734
0 0.044271 0.909180 0.060417 0.090234
0 0.161458 0.888477 0.029167 0.088672
0 0.209115 0.878125 0.034896 0.084375
0 0.259375 0.860742 0.045833 0.082422
0 0.316146 0.853906 0.044792 0.084375
0 0.370573 0.862109 0.048438 0.040625
0 0.423698 0.848047 0.031771 0.050000
0 0.463802 0.826758 0.035937 0.060547
0 0.513802 0.820312 0.028646 0.047656
0 0.561458 0.807617 0.026042 0.066797
0 0.708333 0.236133 0.042708 0.090234
0 0.020833 0.821680 0.033333 0.038672
0 0.548698 0.717383 0.044271 0.058984
0 0.590104 0.702734 0.022917 0.078125
0 0.620052 0.694336 0.031771 0.085547
0 0.725781 0.584961 0.032813 0.068359
0 0.682552 0.592969 0.035937 0.067969
0 0.638802 0.597070 0.042188 0.066016
0 0.587500 0.598242 0.045833 0.069922
0 0.545312 0.600195 0.030208 0.077734
0 0.505208 0.608594 0.035417 0.079687
0 0.464323 0.614062 0.035937 0.089844
0 0.425000 0.614648 0.038542 0.091797
0 0.372917 0.617773 0.040625 0.091797
0 0.325260 0.624414 0.034896 0.094141
0 0.596094 0.478711 0.030729 0.085547
0 0.767188 0.580469 0.030208 0.065625
0 0.223958 0.641602 0.041667 0.093359
0 0.127865 0.642578 0.050521 0.095312
0 0.067708 0.655664 0.047917 0.106641
0 0.048438 0.551172 0.094792 0.065625
0 0.139323 0.548438 0.047396 0.042188
0 0.191146 0.516016 0.037500 0.089844
0 0.238802 0.505078 0.044271 0.096094
0 0.293490 0.513477 0.028646 0.081641
0 0.341406 0.501172 0.043229 0.091406
0 0.381510 0.502148 0.031771 0.087109
0 0.429427 0.500000 0.042188 0.076563
0 0.477344 0.497461 0.040104 0.077734
0 0.177865 0.649805 0.031771 0.085547
0 0.807813 0.573633 0.033333 0.060547
0 0.846354 0.570312 0.033333 0.057813
0 0.882812 0.606641 0.032292 0.104688
0 0.647396 0.691992 0.021875 0.078516
0 0.674479 0.685352 0.020833 0.083203
0 0.631510 0.357422 0.040104 0.095312
0 0.676042 0.357422 0.039583 0.098437
0 0.713021 0.353711 0.029167 0.094922
0 0.755469 0.351953 0.030729 0.091406
0 0.799219 0.351758 0.036979 0.085547
0 0.840365 0.465430 0.048438 0.065234
0 0.776823 0.471875 0.056771 0.063281
0 0.699479 0.486523 0.056250 0.049609
0 0.645052 0.476758 0.030729 0.081641
0 0.598177 0.794141 0.026562 0.060156
0 0.641406 0.788281 0.039062 0.059375
0 0.686198 0.782422 0.030729 0.061719
0 0.722135 0.771289 0.029687 0.059766
0 0.751823 0.766602 0.023438 0.056641
0 0.784896 0.759570 0.032292 0.055859
0 0.832552 0.746484 0.018229 0.057813
0 0.861979 0.741602 0.026042 0.068359
0 0.895833 0.716602 0.021875 0.031641
0 0.889583 0.758398 0.030208 0.033984
0 0.923958 0.732422 0.025000 0.067187
0 0.961198 0.727148 0.042188 0.071484
0 0.973177 0.598437 0.046354 0.093750
0 0.926042 0.602344 0.033333 0.100781
0 0.241927 0.233594 0.047396 0.095312
0 0.521875 0.485938 0.032292 0.082031
0 0.559375 0.487500 0.031250 0.078906
0 0.772396 0.668555 0.037500 0.073828
0 0.339323 0.365430 0.038021 0.112891
0 0.387760 0.364063 0.041146 0.103906
0 0.450521 0.377734 0.053125 0.079687
0 0.702604 0.678516 0.030208 0.078906
0 0.736198 0.672656 0.031771 0.076563
0 0.160156 0.379492 0.055729 0.100391
0 0.805729 0.665820 0.028125 0.071484
0 0.836719 0.661133 0.030729 0.071484
0 0.971354 0.481055 0.031250 0.087109
0 0.926823 0.278516 0.067187 0.130469
0 0.905729 0.366992 0.064583 0.024609
0 0.909115 0.398438 0.061979 0.026562
0 0.282031 0.380469 0.046354 0.089063
0 0.913281 0.426953 0.065104 0.021875
0 0.094531 0.375586 0.046354 0.105078
0 0.026042 0.383984 0.047917 0.107031
0 0.103125 0.235156 0.084375 0.080469
0 0.179427 0.227148 0.041146 0.101953
0 0.918229 0.468555 0.055208 0.044141
0 0.231510 0.372852 0.047396 0.113672
