0 0.164583 0.751563 0.079167 0.037500
0 0.163542 0.712305 0.077083 0.037891
0 0.083854 0.751953 0.079167 0.035156
0 0.083594 0.714453 0.078646 0.036719
0 0.021094 0.749805 0.042188 0.043359
0 0.967187 0.639648 0.065625 0.035547
0 0.890885 0.640039 0.068229 0.036328
0 0.884635 0.611328 0.078646 0.018750
0 0.780990 0.641016 0.042188 0.038281
0 0.763281 0.603906 0.046354 0.033594
0 0.022135 0.709961 0.044271 0.035547
0 0.829948 0.641406 0.044271 0.036719
0 0.596615 0.977539 0.066146 0.036328
0 0.242708 0.712305 0.077083 0.040234
0 0.577865 0.815039 0.065104 0.025391
0 0.582031 0.853906 0.073438 0.049219
0 0.659896 0.822656 0.070833 0.035937
0 0.661198 0.860156 0.076563 0.036719
0 0.748437 0.858789 0.086458 0.038672
0 0.822656 0.809961 0.063021 0.035547
0 0.829688 0.854102 0.063542 0.049609
0 0.859896 0.951758 0.091667 0.096484
0 0.762500 0.950586 0.101042 0.098828
0 0.732031 0.643164 0.049479 0.037891
0 0.668229 0.975586 0.078125 0.035547
0 0.670052 0.938086 0.074479 0.034766
0 0.593490 0.935352 0.069271 0.038672
0 0.517708 0.973047 0.066667 0.037500
0 0.513802 0.928906 0.074479 0.042969
0 0.444531 0.975977 0.074479 0.041016
0 0.424219 0.921875 0.060937 0.031250
0 0.362240 0.977734 0.078646 0.039844
0 0.275000 0.980859 0.075000 0.038281
0 0.195833 0.979688 0.071875 0.038281
0 0.190885 0.940625 0.078646 0.036719
0 0.116667 0.978906 0.071875 0.036719
0 0.111719 0.937891 0.075521 0.041406
0 0.037760 0.980859 0.075521 0.035937
0 0.035156 0.940820 0.070312 0.040234
0 0.976302 0.858008 0.047396 0.037109
0 0.975521 0.814844 0.048958 0.042188
0 0.500260 0.861523 0.083854 0.037109
0 0.954948 0.950586 0.090104 0.098828
0 0.498958 0.821094 0.081250 0.037500
0 0.416667 0.822852 0.075000 0.036328
0 0.243229 0.751953 0.073958 0.035156
0 0.299740 0.734766 0.022396 0.072656
0 0.340365 0.715625 0.047396 0.032031
0 0.342448 0.754102 0.059896 0.034766
0 0.326042 0.687891 0.075000 0.018750
0 0.413021 0.708594 0.075000 0.042969
0 0.411979 0.750195 0.076042 0.037109
0 0.491667 0.709375 0.060417 0.036719
0 0.494271 0.749805 0.075000 0.038672
0 0.575000 0.708789 0.079167 0.040234
0 0.575781 0.748633 0.077604 0.038672
0 0.656771 0.709570 0.077083 0.037109
0 0.660417 0.749023 0.073958 0.039453
0 0.732812 0.709570 0.064583 0.034766
0 0.805208 0.711523 0.064583 0.033984
0 0.804948 0.749805 0.068229 0.036328
0 0.865104 0.714453 0.048958 0.039844
0 0.865885 0.751367 0.048438 0.033984
0 0.911458 0.712891 0.036458 0.031250
0 0.911458 0.750195 0.039583 0.034766
0 0.953906 0.713281 0.042188 0.034375
0 0.965365 0.751367 0.042188 0.039453
0 0.026042 0.863086 0.052083 0.042578
0 0.087500 0.865625 0.059375 0.032813
0 0.258073 0.824805 0.071354 0.035547
0 0.256510 0.863086 0.074479 0.035547
0 0.340104 0.865625 0.077083 0.040625
0 0.420312 0.861523 0.076042 0.032422
0 0.658594 0.638086 0.080729 0.037891
0 0.616927 0.078906 0.067187 0.051562
0 0.577344 0.636328 0.068229 0.036719
0 0.250781 0.255273 0.078646 0.035547
0 0.251823 0.290430 0.078646 0.035547
0 0.334635 0.220117 0.078646 0.035547
0 0.334635 0.256445 0.078646 0.035547
0 0.334896 0.291992 0.079167 0.035547
0 0.413281 0.222070 0.078646 0.035547
0 0.414844 0.257227 0.078646 0.035547
0 0.414323 0.293164 0.078646 0.035547
0 0.494010 0.222461 0.078646 0.035547
0 0.494531 0.259570 0.078646 0.035547
0 0.496875 0.294727 0.081250 0.034766
0 0.571615 0.230469 0.072396 0.055469
0 0.571615 0.286523 0.068229 0.053516
0 0.642708 0.232422 0.065625 0.052344
0 0.643229 0.285156 0.066667 0.053906
0 0.710938 0.232227 0.063542 0.054297
0 0.713542 0.288477 0.065625 0.057422
0 0.778906 0.234375 0.065104 0.056250
0 0.783073 0.290625 0.066146 0.052344
0 0.847396 0.233984 0.066667 0.052344
0 0.850260 0.290234 0.065104 0.053906
0 0.912500 0.243555 0.055208 0.047266
0 0.915104 0.294141 0.057292 0.049219
0 0.969010 0.240234 0.055729 0.053125
0 0.971875 0.294141 0.055208 0.049219
0 0.078125 0.346094 0.073958 0.034375
0 0.078385 0.382227 0.078646 0.034766
0 0.076823 0.417773 0.078646 0.034766
0 0.158073 0.345898 0.082812 0.037891
0 0.251823 0.218555 0.078646 0.035547
0 0.169010 0.290039 0.078646 0.035547
0 0.170052 0.254883 0.078646 0.035547
0 0.168490 0.218555 0.077604 0.032422
0 0.230990 0.064258 0.079687 0.034766
0 0.229687 0.101172 0.080208 0.032031
0 0.230208 0.134180 0.080208 0.032422
0 0.310937 0.067187 0.080208 0.032031
0 0.312760 0.100000 0.080729 0.032031
0 0.313542 0.133789 0.080208 0.034766
0 0.392188 0.068750 0.076042 0.035937
0 0.393750 0.102344 0.079167 0.026562
0 0.395833 0.137695 0.079167 0.030859
0 0.470052 0.070898 0.079687 0.035547
0 0.471875 0.104297 0.075000 0.030469
0 0.475000 0.137695 0.076042 0.033203
0 0.544010 0.077344 0.069271 0.050781
0 0.547917 0.129492 0.067708 0.051172
0 0.160156 0.383789 0.082812 0.037891
0 0.619792 0.131641 0.065625 0.050781
0 0.690104 0.132617 0.066667 0.052734
0 0.758333 0.084180 0.066667 0.049609
0 0.762240 0.137305 0.070312 0.054297
0 0.822135 0.088086 0.052604 0.044922
0 0.662760 0.601172 0.076563 0.032813
0 0.878646 0.091406 0.055208 0.044531
0 0.883594 0.142187 0.056771 0.052344
0 0.938802 0.097266 0.048438 0.048438
0 0.942708 0.144531 0.053125 0.046875
0 0.982812 0.095508 0.034375 0.047266
0 0.986198 0.146484 0.027604 0.048438
0 0.088542 0.220117 0.078125 0.034766
0 0.088802 0.255469 0.077604 0.032813
0 0.089323 0.288477 0.077604 0.032422
0 0.686979 0.081836 0.071875 0.049609
0 0.158854 0.419727 0.085417 0.033203
0 0.826823 0.140430 0.054688 0.051172
0 0.242188 0.384961 0.080208 0.037109
0 0.631771 0.530469 0.060417 0.032813
0 0.723958 0.491016 0.072917 0.015625
0 0.726823 0.517188 0.070312 0.030469
0 0.730208 0.541211 0.069792 0.016797
0 0.788281 0.514844 0.050521 0.018750
0 0.789844 0.538477 0.047396 0.028516
0 0.635156 0.495312 0.053646 0.031250
0 0.782813 0.488086 0.039583 0.026953
0 0.859635 0.500977 0.077604 0.033203
0 0.866146 0.534180 0.087500 0.032422
0 0.944792 0.534375 0.060417 0.015625
0 0.950000 0.548828 0.067708 0.010156
0 0.031510 0.638086 0.063021 0.037891
0 0.120833 0.620508 0.060417 0.014453
0 0.862240 0.474414 0.085938 0.016797
0 0.107292 0.644922 0.069792 0.031250
0 0.560937 0.531055 0.073958 0.033984
0 0.477083 0.530469 0.077083 0.035156
0 0.062500 0.529297 0.076042 0.037500
0 0.142969 0.530664 0.074479 0.035547
0 0.234896 0.494141 0.077083 0.034375
0 0.226302 0.529883 0.076563 0.036328
0 0.313021 0.476367 0.071875 0.016016
0 0.313802 0.492383 0.074479 0.012891
0 0.544010 0.501367 0.063021 0.021484
0 0.062240 0.491406 0.078646 0.033594
0 0.950781 0.365039 0.055729 0.055078
0 0.893750 0.420703 0.057292 0.053125
0 0.313281 0.506445 0.076563 0.011328
0 0.309375 0.531445 0.078125 0.034766
0 0.395573 0.532617 0.078646 0.033984
0 0.448437 0.495898 0.072917 0.032422
0 0.952865 0.421094 0.056771 0.053906
0 0.215625 0.605078 0.068750 0.031250
0 0.145313 0.494336 0.076042 0.037109
0 0.257812 0.640625 0.070833 0.035156
0 0.631510 0.417773 0.063021 0.051953
0 0.633854 0.365039 0.061458 0.052734
0 0.562760 0.415430 0.060937 0.051953
0 0.489323 0.423828 0.080729 0.035156
0 0.487240 0.387500 0.080729 0.035156
0 0.495052 0.348828 0.080729 0.035156
0 0.700781 0.361719 0.059896 0.056250
0 0.404948 0.420312 0.080729 0.035156
0 0.403385 0.348828 0.080729 0.035156
0 0.322656 0.419922 0.080729 0.035156
0 0.322656 0.383984 0.080729 0.035156
0 0.321354 0.347656 0.080208 0.033594
0 0.242708 0.420508 0.080208 0.033203
0 0.185677 0.641602 0.068229 0.030078
0 0.403385 0.384766 0.080729 0.035156
0 0.701302 0.417773 0.060937 0.054297
0 0.568229 0.358984 0.061458 0.055469
0 0.765885 0.416797 0.065104 0.054688
0 0.329167 0.584375 0.075000 0.021875
0 0.337500 0.611914 0.069792 0.026953
0 0.761979 0.360352 0.060417 0.053516
0 0.412500 0.640820 0.083333 0.036328
0 0.488802 0.639062 0.057813 0.036719
0 0.577604 0.600195 0.067708 0.033203
0 0.239583 0.347852 0.080208 0.037109
0 0.333854 0.643555 0.067708 0.033984
0 0.827344 0.364648 0.063021 0.047266
0 0.889583 0.367773 0.058333 0.050391
0 0.830990 0.418750 0.059896 0.051562
