0 0.639275 0.821181 0.043210 0.038628
0 0.390818 0.690647 0.054012 0.024089
0 0.848958 0.816840 0.048225 0.036458
0 0.909336 0.768880 0.057870 0.019965
0 0.906636 0.751736 0.065586 0.011719
0 0.817901 0.749240 0.011574 0.023655
0 0.803819 0.750543 0.013503 0.023655
0 0.626157 0.765191 0.067130 0.019531
0 0.624421 0.743598 0.068287 0.021918
0 0.554398 0.766602 0.068673 0.017578
0 0.480903 0.691081 0.039738 0.032769
0 0.491512 0.748155 0.049383 0.018880
0 0.294560 0.760525 0.038966 0.036675
0 0.016975 0.793511 0.030093 0.010200
0 0.070023 0.781033 0.047454 0.042101
0 0.100887 0.723199 0.058256 0.031033
0 0.165895 0.690864 0.060185 0.023655
0 0.253279 0.681424 0.035108 0.013455
0 0.300540 0.696506 0.050926 0.021918
0 0.348765 0.689996 0.031636 0.022786
0 0.410687 0.745985 0.049769 0.036241
0 0.205633 0.754449 0.053241 0.024523
0 0.851852 0.694553 0.040123 0.030599
0 0.368248 0.156684 0.054398 0.023003
0 0.409529 0.560547 0.072145 0.010851
0 0.404514 0.577582 0.073688 0.019748
0 0.394869 0.599501 0.071373 0.019314
0 0.467593 0.598416 0.070988 0.018880
0 0.534144 0.579102 0.044367 0.052734
0 0.566744 0.578993 0.021605 0.046007
0 0.592593 0.580512 0.030093 0.045139
0 0.618827 0.577474 0.023920 0.041667
0 0.688850 0.572374 0.050540 0.064019
0 0.311343 0.569227 0.043210 0.061198
0 0.772955 0.575195 0.048225 0.065321
0 0.858989 0.567600 0.025849 0.059245
0 0.895833 0.567491 0.047840 0.062934
0 0.963542 0.482313 0.072917 0.063151
0 0.890239 0.484809 0.028164 0.046441
0 0.855710 0.509440 0.036265 0.023655
0 0.817708 0.510634 0.032793 0.023872
0 0.772569 0.494141 0.032022 0.043403
0 0.689429 0.490017 0.018519 0.039931
0 0.658565 0.492513 0.037809 0.052300
0 0.823302 0.572266 0.045525 0.066406
0 0.262539 0.569878 0.050540 0.061632
0 0.215278 0.564236 0.030093 0.044705
0 0.177855 0.567817 0.036265 0.044054
0 0.255401 0.153754 0.169753 0.065321
0 0.082176 0.165039 0.163580 0.044054
0 0.520062 0.688694 0.038580 0.032769
0 0.577160 0.695421 0.056327 0.031033
0 0.634452 0.701280 0.056713 0.021918
0 0.700617 0.700955 0.057099 0.022569
0 0.812114 0.695421 0.038580 0.031033
0 0.893519 0.806315 0.034722 0.022786
0 0.915702 0.696072 0.040509 0.032335
0 0.888696 0.646701 0.067515 0.024740
0 0.815394 0.645616 0.074460 0.025174
0 0.741898 0.645074 0.060185 0.024089
0 0.674961 0.647461 0.066744 0.024089
0 0.562500 0.646376 0.063272 0.026693
0 0.465664 0.645616 0.061728 0.029948
0 0.373071 0.646050 0.067901 0.026042
0 0.301505 0.647027 0.065972 0.025391
0 0.203704 0.642470 0.070988 0.028429
0 0.026620 0.632595 0.053241 0.046441
0 0.013503 0.563043 0.023920 0.022786
0 0.100116 0.551975 0.042824 0.030165
0 0.370563 0.177300 0.054398 0.013889
0 0.804784 0.818359 0.036265 0.046875
0 0.430363 0.485894 0.025077 0.036458
0 0.362461 0.301432 0.042824 0.077691
0 0.517940 0.498047 0.034336 0.041667
0 0.476659 0.496528 0.028164 0.043403
0 0.391782 0.492188 0.025077 0.042101
0 0.364005 0.498806 0.020448 0.043186
0 0.326582 0.492622 0.052083 0.054688
0 0.242670 0.485352 0.073302 0.021918
0 0.252315 0.509549 0.074074 0.021701
0 0.057099 0.491428 0.067130 0.025825
0 0.137153 0.414171 0.062114 0.034939
0 0.199460 0.414822 0.057099 0.038411
0 0.275463 0.417535 0.071759 0.030816
0 0.343171 0.393229 0.055170 0.076823
0 0.498843 0.392361 0.055556 0.076389
0 0.556327 0.393121 0.047068 0.074870
0 0.638117 0.392361 0.049383 0.073785
0 0.702739 0.401476 0.061343 0.050781
0 0.780671 0.400716 0.062886 0.052300
0 0.914352 0.406793 0.081019 0.043620
0 0.830826 0.299479 0.059028 0.073785
0 0.413194 0.297852 0.054784 0.082682
0 0.316744 0.300673 0.040895 0.076172
0 0.234568 0.327148 0.123457 0.025825
0 0.229360 0.300239 0.126157 0.022352
0 0.117670 0.311198 0.056327 0.054253
0 0.864583 0.161675 0.147377 0.040365
0 0.763889 0.171224 0.048611 0.023438
0 0.630401 0.166233 0.097222 0.037326
0 0.532600 0.164931 0.092978 0.037326
0 0.748843 0.820204 0.050154 0.043186
0 0.549769 0.487305 0.023920 0.048828
0 0.578125 0.479384 0.028935 0.048611
0 0.166667 0.509549 0.086420 0.021701
0 0.058063 0.869249 0.041281 0.052734
0 0.494792 0.827040 0.042052 0.031684
0 0.451389 0.827474 0.043981 0.028646
0 0.400656 0.819770 0.051312 0.046224
0 0.196181 0.822266 0.042824 0.036458
0 0.155093 0.823134 0.039352 0.037326
0 0.102045 0.869358 0.042824 0.055122
0 0.616319 0.490560 0.038966 0.053168
0 0.015239 0.869575 0.028935 0.052083
0 0.326196 0.876411 0.025849 0.014106
0 0.327739 0.890625 0.024306 0.009115
0 0.366512 0.887261 0.025463 0.014540
0 0.442901 0.862522 0.050154 0.015408
0 0.262924 0.862196 0.019676 0.011719
0 0.202932 0.867513 0.020833 0.010634
0 0.175347 0.864149 0.028935 0.017361
0 0.441358 0.881293 0.043210 0.016927
0 0.562693 0.873264 0.059799 0.022135
0 0.539352 0.824544 0.042438 0.034505
0 0.421103 0.150608 0.045139 0.068576
0 0.498264 0.879123 0.054398 0.022135
0 0.966821 0.862847 0.064043 0.069444
0 0.903742 0.879774 0.046682 0.032986
0 0.853202 0.874783 0.035108 0.025174
0 0.972222 0.778646 0.055556 0.017795
0 0.811343 0.881727 0.045525 0.029514
0 0.713349 0.889865 0.057870 0.021918
0 0.711806 0.867405 0.054784 0.017795
0 0.637346 0.885308 0.059414 0.022352
