0 0.377859 0.877298 0.050654 0.027267
0 0.427492 0.859375 0.042892 0.025735
0 0.501838 0.712316 0.045343 0.038603
0 0.524101 0.501072 0.022059 0.078738
0 0.549837 0.500000 0.024510 0.074142
0 0.664624 0.482384 0.030229 0.075674
0 0.689134 0.480852 0.013889 0.070159
0 0.708946 0.478554 0.017565 0.068015
0 0.935662 0.678768 0.020016 0.027267
0 0.731005 0.477482 0.020016 0.068321
0 0.796977 0.470282 0.018791 0.066176
0 0.815768 0.468750 0.017157 0.063113
0 0.495098 0.504749 0.025327 0.078738
0 0.957925 0.669271 0.018791 0.022978
0 0.872958 0.669271 0.024510 0.025429
0 0.898489 0.660692 0.016748 0.027880
0 0.919526 0.657016 0.017157 0.027880
0 0.937296 0.647672 0.013480 0.018995
0 0.914828 0.627451 0.017565 0.022059
0 0.836193 0.463235 0.015523 0.056985
0 0.862337 0.460325 0.020425 0.058517
0 0.881536 0.460325 0.014706 0.058517
0 0.897263 0.458793 0.011846 0.056066
0 0.977328 0.662071 0.012663 0.023284
0 0.467320 0.507659 0.018791 0.082108
0 0.444444 0.511029 0.018791 0.082721
0 0.421977 0.515778 0.022059 0.083640
0 0.664624 0.343444 0.023693 0.034314
0 0.686887 0.344210 0.016748 0.030944
0 0.747345 0.342525 0.023284 0.034926
0 0.766340 0.343750 0.012255 0.032475
0 0.706904 0.343903 0.016748 0.030331
0 0.725899 0.344516 0.016340 0.031556
0 0.836193 0.373009 0.015523 0.029718
0 0.858660 0.373468 0.022059 0.030637
0 0.885008 0.373468 0.025735 0.028186
0 0.916054 0.369332 0.020016 0.078738
0 0.935253 0.385876 0.015931 0.040748
0 0.957312 0.386183 0.014297 0.043811
0 0.976307 0.385570 0.017157 0.040135
0 0.994485 0.384804 0.011029 0.041054
0 0.023897 0.562347 0.047794 0.111213
0 0.181985 0.541973 0.038807 0.097426
0 0.219158 0.537684 0.032271 0.096814
0 0.248570 0.520374 0.023284 0.083640
0 0.277165 0.517616 0.028186 0.083027
0 0.369077 0.520374 0.029003 0.083640
0 0.398284 0.515931 0.020425 0.086397
0 0.919118 0.457414 0.013072 0.055147
0 0.806781 0.373315 0.025327 0.025429
0 0.934028 0.455270 0.013480 0.055760
0 0.991217 0.448223 0.011029 0.048407
0 0.185662 0.898438 0.049428 0.033395
0 0.254698 0.876072 0.057598 0.027267
0 0.321283 0.856464 0.044526 0.034620
0 0.377247 0.836857 0.042892 0.036458
0 0.429126 0.817555 0.033088 0.034620
0 0.117443 0.867647 0.069036 0.034926
0 0.188317 0.850643 0.061275 0.040135
0 0.256740 0.831648 0.061683 0.035846
0 0.319036 0.808211 0.049837 0.035539
0 0.115809 0.916513 0.065768 0.032782
0 0.371119 0.790288 0.043709 0.030944
0 0.117443 0.812653 0.085376 0.039522
0 0.191585 0.794118 0.058007 0.048407
0 0.256740 0.776808 0.061683 0.045650
0 0.319853 0.757047 0.054739 0.044118
0 0.374387 0.748315 0.050245 0.044424
0 0.429739 0.730852 0.050654 0.043811
0 0.023489 0.843903 0.046977 0.053002
0 0.606413 0.523744 0.053513 0.058517
0 0.606005 0.449755 0.046160 0.066176
0 0.429330 0.778952 0.046569 0.032782
0 0.939542 0.587010 0.017974 0.023897
0 0.912990 0.592218 0.023693 0.027574
0 0.980188 0.631127 0.015114 0.022059
0 0.087827 0.678768 0.075163 0.051777
0 0.165237 0.715993 0.070670 0.041054
0 0.238562 0.702819 0.064542 0.044118
0 0.299837 0.690717 0.050654 0.046262
0 0.357639 0.675705 0.046160 0.040748
0 0.408292 0.662071 0.045343 0.040441
0 0.459967 0.649816 0.049837 0.035539
0 0.505719 0.638174 0.040033 0.038603
0 0.165441 0.658854 0.064542 0.043811
0 0.231413 0.644455 0.056781 0.038909
0 0.298203 0.633425 0.063725 0.046262
0 0.359273 0.623928 0.046160 0.044424
0 0.409314 0.613971 0.049020 0.036765
0 0.458946 0.604779 0.037990 0.040441
0 0.506944 0.592678 0.035948 0.040135
0 0.549632 0.629902 0.033905 0.031863
0 0.549837 0.583333 0.034314 0.036152
0 0.589052 0.616422 0.035131 0.036765
0 0.940359 0.619945 0.019608 0.026654
0 0.963031 0.609988 0.015931 0.023897
0 0.960172 0.641391 0.016748 0.018689
0 0.968342 0.450827 0.020016 0.056066
0 0.786152 0.373775 0.010212 0.021446
0 0.769199 0.375153 0.021242 0.024203
0 0.741217 0.375000 0.014297 0.028799
0 0.671773 0.700521 0.028186 0.027267
0 0.704657 0.689951 0.031863 0.030025
0 0.657884 0.667279 0.039624 0.031250
0 0.696078 0.652727 0.032680 0.036458
0 0.733047 0.645527 0.030637 0.036765
0 0.762868 0.631740 0.024918 0.033088
0 0.742239 0.680453 0.029412 0.025735
0 0.773897 0.668352 0.024101 0.028493
0 0.829044 0.650276 0.033905 0.031556
0 0.640114 0.710172 0.026144 0.026961
0 0.826593 0.612592 0.032271 0.026654
0 0.874183 0.700368 0.020425 0.031863
0 0.896242 0.692096 0.018791 0.022672
0 0.915645 0.685355 0.016748 0.022059
0 0.405025 0.062806 0.176879 0.123162
0 0.565768 0.082414 0.133987 0.162377
0 0.691381 0.108303 0.100082 0.138787
0 0.795956 0.134191 0.100899 0.124387
0 0.922794 0.161612 0.098039 0.113664
0 0.025735 0.196232 0.051471 0.153493
0 0.834559 0.686275 0.028595 0.022672
0 0.603145 0.721201 0.033905 0.039216
0 0.548407 0.699295 0.037990 0.034620
0 0.323325 0.895680 0.058415 0.020527
0 0.500817 0.830576 0.049837 0.023897
0 0.549428 0.812653 0.047386 0.017463
0 0.603350 0.794884 0.034314 0.018689
0 0.641748 0.779105 0.032680 0.020833
0 0.675654 0.767310 0.029412 0.021752
0 0.707516 0.754749 0.024510 0.016238
0 0.743873 0.744026 0.029412 0.019301
0 0.776348 0.734222 0.025735 0.016850
0 0.804126 0.720588 0.023284 0.020833
0 0.839257 0.709252 0.024918 0.017770
0 0.502247 0.791973 0.036356 0.027574
0 0.546773 0.778339 0.034722 0.024203
0 0.604984 0.760110 0.034314 0.033088
0 0.641136 0.746017 0.034722 0.033088
0 0.677288 0.735294 0.029412 0.028186
0 0.709150 0.725490 0.024510 0.028186
0 0.744281 0.711550 0.030229 0.029718
0 0.773897 0.699755 0.024101 0.028186
0 0.803717 0.688572 0.025735 0.022978
0 0.503472 0.756127 0.042075 0.031250
0 0.546160 0.739583 0.040033 0.027574
0 0.078636 0.207874 0.042075 0.140625
0 0.138480 0.206342 0.069444 0.149816
0 0.203023 0.212929 0.055556 0.140931
0 0.300449 0.226716 0.058415 0.121936
0 0.273693 0.389400 0.047386 0.126225
0 0.329657 0.387255 0.049020 0.114583
0 0.400940 0.385417 0.050245 0.120711
0 0.450163 0.383885 0.044935 0.117647
0 0.500204 0.382659 0.045343 0.112745
0 0.545343 0.382659 0.040033 0.107843
0 0.667075 0.410846 0.022059 0.027574
0 0.687092 0.412071 0.013072 0.032475
0 0.704453 0.409773 0.015114 0.030331
0 0.721201 0.409007 0.013480 0.028186
0 0.738358 0.408548 0.011846 0.027880
0 0.761029 0.404871 0.014706 0.025429
0 0.775735 0.404565 0.012255 0.019914
0 0.806781 0.403186 0.022059 0.024510
0 0.838235 0.401808 0.013072 0.024203
0 0.859681 0.398591 0.020833 0.025123
0 0.885008 0.399816 0.022467 0.022672
0 0.664624 0.376685 0.020425 0.029718
0 0.684436 0.377298 0.011029 0.028493
0 0.702002 0.376225 0.016748 0.026348
0 0.721609 0.375000 0.017565 0.028799
0 0.220792 0.387868 0.051879 0.134804
0 0.610498 0.369179 0.055147 0.061275
0 0.166462 0.388174 0.050245 0.135417
0 0.035539 0.390931 0.071078 0.148284
0 0.367851 0.239124 0.030637 0.103248
0 0.410539 0.236366 0.050654 0.119179
0 0.457925 0.239430 0.035948 0.118566
0 0.497549 0.243566 0.037582 0.114583
0 0.538399 0.245558 0.034314 0.111213
0 0.583946 0.247089 0.042892 0.109375
0 0.623162 0.248928 0.028186 0.103248
0 0.652369 0.253064 0.026961 0.101716
0 0.680556 0.255668 0.022876 0.102022
0 0.707108 0.258732 0.020425 0.093444
0 0.730801 0.262561 0.022876 0.093750
0 0.758578 0.261489 0.022876 0.093444
0 0.781250 0.265165 0.016748 0.086703
0 0.801266 0.268076 0.017565 0.085784
0 0.826593 0.268076 0.022467 0.087623
0 0.848448 0.270833 0.014706 0.083946
0 0.865400 0.271446 0.015114 0.085172
0 0.883783 0.272518 0.016748 0.082414
0 0.901757 0.275888 0.016748 0.079350
0 0.955678 0.280025 0.033905 0.077819
0 0.923407 0.279259 0.018382 0.073836
0 0.106822 0.391391 0.060866 0.144301
0 0.983864 0.282629 0.020016 0.070772
0 0.084763 0.737286 0.078840 0.039522
0 0.864379 0.563113 0.020425 0.030025
0 0.664828 0.602175 0.033905 0.032782
0 0.695261 0.592218 0.022059 0.032475
0 0.681985 0.552543 0.048611 0.038297
0 0.754493 0.583640 0.034314 0.034314
0 0.744690 0.546262 0.031046 0.033088
0 0.782271 0.575980 0.018791 0.028799
0 0.806168 0.572457 0.020833 0.026654
0 0.776552 0.542279 0.026144 0.030025
0 0.803105 0.534620 0.024510 0.028799
0 0.838235 0.566636 0.022876 0.029718
0 0.628472 0.570312 0.029003 0.029718
0 0.836397 0.533701 0.022467 0.034314
0 0.911152 0.550245 0.022467 0.027574
0 0.885825 0.557138 0.017565 0.027880
0 0.902982 0.515778 0.029003 0.030331
0 0.934845 0.544884 0.018382 0.027880
0 0.939134 0.510723 0.023693 0.030025
0 0.963848 0.507353 0.020833 0.028186
0 0.954044 0.542279 0.017565 0.027574
0 0.991013 0.533395 0.017157 0.023897
0 0.987541 0.503523 0.023284 0.027880
0 0.119485 0.962010 0.066585 0.037377
0 0.866217 0.526195 0.024918 0.034007
0 0.191176 0.939951 0.057190 0.034926
0 0.588235 0.574908 0.040033 0.036458
0 0.257557 0.916360 0.060049 0.039828
0 0.626225 0.609375 0.027778 0.032475
