0 0.140839 0.772957 0.074486 0.024760
0 0.201841 0.786779 0.044949 0.064904
0 0.127354 0.795553 0.074914 0.016106
0 0.049443 0.788582 0.059503 0.046394
0 0.964041 0.719471 0.071918 0.103365
0 0.873930 0.595433 0.054366 0.047596
0 0.959546 0.630769 0.056935 0.039423
0 0.024615 0.652644 0.043236 0.038942
0 0.107449 0.707091 0.058219 0.037740
0 0.867295 0.857812 0.068493 0.052644
0 0.792594 0.867548 0.070634 0.050000
0 0.725385 0.866947 0.048373 0.039183
0 0.578981 0.600841 0.075771 0.055048
0 0.329195 0.624760 0.082192 0.014904
0 0.282962 0.805889 0.089041 0.018029
0 0.250214 0.625841 0.078339 0.013702
0 0.465111 0.697356 0.032962 0.050000
0 0.496789 0.696394 0.030394 0.049519
0 0.520976 0.864784 0.037671 0.056490
0 0.482235 0.867668 0.033818 0.053606
0 0.438998 0.872476 0.047517 0.041106
0 0.393193 0.868750 0.040668 0.042788
0 0.348031 0.866587 0.040240 0.030769
0 0.302226 0.874760 0.043664 0.039423
0 0.833262 0.524159 0.028682 0.016106
0 0.682791 0.299279 0.059075 0.069231
0 0.739940 0.295312 0.055223 0.078606
0 0.797945 0.295192 0.057363 0.080288
0 0.871789 0.292548 0.050086 0.084135
0 0.922517 0.293510 0.050514 0.080769
0 0.559503 0.879928 0.030822 0.024279
0 0.979666 0.257692 0.040668 0.068269
0 0.348673 0.776563 0.024401 0.056971
0 0.408390 0.785096 0.031678 0.051923
0 0.672303 0.869832 0.060360 0.042067
0 0.624144 0.850962 0.030822 0.023077
0 0.627140 0.882933 0.032534 0.024038
0 0.102098 0.293029 0.086045 0.082212
0 0.172089 0.294591 0.041096 0.081490
0 0.216610 0.294712 0.046233 0.080769
0 0.265625 0.314183 0.049229 0.045673
0 0.322132 0.294231 0.050086 0.084615
0 0.382491 0.295673 0.063784 0.082692
0 0.450128 0.295793 0.069777 0.081490
0 0.510060 0.303125 0.050086 0.067788
0 0.564426 0.297957 0.051798 0.073317
0 0.591182 0.881010 0.026541 0.024038
0 0.643622 0.784495 0.058647 0.044471
0 0.378639 0.780889 0.027825 0.062740
0 0.569991 0.802885 0.062928 0.009135
0 0.574058 0.777524 0.065925 0.018029
0 0.512414 0.803606 0.037671 0.014904
0 0.471318 0.804327 0.038527 0.014904
0 0.510488 0.782332 0.033818 0.029087
0 0.472817 0.785337 0.037243 0.024038
0 0.169735 0.703966 0.058647 0.043990
0 0.043022 0.723558 0.063784 0.045673
0 0.214897 0.707091 0.031678 0.043990
0 0.249144 0.708894 0.038527 0.040385
0 0.296447 0.706130 0.049229 0.039663
0 0.346961 0.704688 0.049229 0.042548
0 0.394692 0.694712 0.037671 0.053846
0 0.432577 0.685577 0.034675 0.054808
0 0.436644 0.780889 0.026541 0.054087
0 0.576413 0.791827 0.064640 0.008654
0 0.074486 0.417187 0.030822 0.040625
0 0.359375 0.504327 0.056935 0.048077
0 0.153896 0.404567 0.055223 0.065865
0 0.573416 0.505889 0.036387 0.056010
0 0.613442 0.495072 0.037671 0.039183
0 0.647474 0.494111 0.032962 0.041587
0 0.682363 0.502524 0.035103 0.060337
0 0.714683 0.500721 0.032962 0.056731
0 0.747432 0.506010 0.030822 0.054327
0 0.773973 0.506250 0.022260 0.054327
0 0.804580 0.491346 0.032962 0.015865
0 0.713399 0.785937 0.024401 0.046875
0 0.755565 0.772356 0.058219 0.067308
0 0.838185 0.784976 0.066781 0.048798
0 0.894906 0.791466 0.045805 0.035817
0 0.022260 0.873558 0.038527 0.049519
0 0.064426 0.875000 0.044949 0.045192
0 0.537457 0.506130 0.037243 0.054567
0 0.111515 0.878966 0.049229 0.040625
0 0.299658 0.846635 0.055651 0.014423
0 0.161601 0.879928 0.048373 0.036298
0 0.209974 0.879687 0.044092 0.033413
0 0.256635 0.875240 0.047517 0.041827
0 0.506849 0.608053 0.063356 0.039663
0 0.440925 0.606851 0.063356 0.045913
0 0.390197 0.610938 0.039812 0.037740
0 0.329409 0.609255 0.075771 0.015144
0 0.248074 0.612139 0.075771 0.011779
0 0.093750 0.624038 0.058219 0.016346
0 0.160531 0.607572 0.057363 0.053125
0 0.968322 0.487019 0.063356 0.049519
0 0.803082 0.508293 0.029966 0.015144
0 0.803938 0.525120 0.031678 0.014183
0 0.178082 0.851562 0.047945 0.018029
0 0.491438 0.518510 0.052226 0.032212
0 0.490582 0.485096 0.050514 0.034615
0 0.427012 0.508654 0.069777 0.050962
0 0.213613 0.403726 0.062500 0.068029
0 0.278896 0.398077 0.063784 0.081250
0 0.343108 0.398077 0.063784 0.082692
0 0.418450 0.416106 0.062928 0.038462
0 0.482021 0.415986 0.066781 0.037260
0 0.568065 0.398558 0.053938 0.075962
0 0.628853 0.396635 0.063356 0.079327
0 0.695848 0.396394 0.068065 0.077885
0 0.749144 0.405168 0.040240 0.062260
0 0.817851 0.394471 0.059503 0.080288
0 0.888699 0.396034 0.077911 0.077163
0 0.011986 0.555889 0.017979 0.047356
0 0.040240 0.556010 0.035959 0.050000
0 0.531036 0.699760 0.035531 0.038942
0 0.562928 0.693510 0.032534 0.052404
0 0.592466 0.693149 0.028253 0.050721
0 0.614940 0.696875 0.018408 0.045673
0 0.308861 0.497476 0.039812 0.079087
0 0.272046 0.496875 0.033818 0.080288
0 0.227526 0.498678 0.050942 0.076683
0 0.186644 0.511538 0.030822 0.050000
0 0.156036 0.511659 0.031250 0.050721
0 0.119649 0.511418 0.037243 0.052644
0 0.686644 0.785216 0.027397 0.049279
0 0.078553 0.510577 0.038955 0.054327
0 0.859803 0.689784 0.048373 0.059856
0 0.797517 0.696755 0.035959 0.048798
0 0.767765 0.696755 0.026969 0.048798
0 0.739298 0.697596 0.025685 0.047115
0 0.026113 0.472837 0.046233 0.050962
0 0.688356 0.691346 0.030822 0.056731
0 0.905822 0.688221 0.044521 0.062981
0 0.105950 0.416707 0.032106 0.042067
0 0.620505 0.300361 0.062928 0.069952
0 0.903467 0.504087 0.050942 0.053846
0 0.815283 0.601562 0.056079 0.041587
0 0.653682 0.605769 0.062500 0.045192
0 0.727740 0.589423 0.070205 0.070192
