0 0.523897 0.764706 0.048611 0.068015
0 0.537786 0.600797 0.052696 0.061887
0 0.582312 0.611213 0.029820 0.066789
0 0.611315 0.611979 0.028186 0.065257
0 0.656250 0.623162 0.036356 0.071078
0 0.744894 0.528646 0.039624 0.078738
0 0.690155 0.624694 0.032271 0.069240
0 0.743056 0.636642 0.068627 0.082108
0 0.811070 0.647365 0.068219 0.062500
0 0.957721 0.668658 0.078023 0.067096
0 0.336397 0.499081 0.019199 0.056373
0 0.362541 0.499081 0.033088 0.055147
0 0.403799 0.501685 0.023284 0.058517
0 0.427492 0.503523 0.023284 0.054228
0 0.882966 0.659161 0.073121 0.086703
0 0.476307 0.505668 0.033497 0.067096
0 0.501430 0.507966 0.017565 0.063113
0 0.525123 0.512714 0.027369 0.071998
0 0.559232 0.514400 0.040850 0.069240
0 0.710989 0.525276 0.024918 0.084252
0 0.483864 0.596048 0.052696 0.070772
0 0.609477 0.889400 0.114379 0.083946
0 0.439951 0.585325 0.033497 0.061581
0 0.353554 0.573836 0.066585 0.052696
0 0.470180 0.750613 0.054739 0.041667
0 0.410539 0.728554 0.063725 0.035539
0 0.636846 0.800551 0.125817 0.079044
0 0.790645 0.945312 0.140931 0.082414
0 0.792279 0.852022 0.166258 0.071078
0 0.946283 0.883885 0.097631 0.061887
0 0.343750 0.650582 0.042075 0.064032
0 0.385621 0.653186 0.040850 0.057598
0 0.423203 0.662837 0.019608 0.072610
0 0.446895 0.668199 0.025327 0.061275
0 0.541667 0.674020 0.050654 0.037377
0 0.517157 0.844516 0.052288 0.044424
0 0.607026 0.709559 0.071895 0.066789
0 0.675041 0.714154 0.062500 0.058824
0 0.740196 0.739737 0.058007 0.077512
0 0.433211 0.813725 0.106618 0.063725
0 0.805760 0.749540 0.072304 0.056066
0 0.873979 0.768995 0.065768 0.092525
0 0.947508 0.781403 0.079657 0.067708
0 0.404412 0.582108 0.035131 0.068015
0 0.777369 0.532782 0.025327 0.086397
0 0.448325 0.505821 0.022467 0.066176
0 0.851920 0.540288 0.037173 0.089767
0 0.943015 0.167126 0.041258 0.097120
0 0.899714 0.172028 0.042892 0.106924
0 0.857639 0.178615 0.041258 0.093137
0 0.816585 0.181832 0.038399 0.100797
0 0.778186 0.187040 0.039216 0.090380
0 0.740400 0.191023 0.032271 0.097733
0 0.706495 0.195006 0.037173 0.088542
0 0.567810 0.223805 0.026961 0.080576
0 0.537990 0.226256 0.032680 0.075674
0 0.506944 0.228554 0.028595 0.080270
0 0.812296 0.535692 0.043709 0.080576
0 0.455474 0.234069 0.024510 0.077206
0 0.410539 0.247243 0.028595 0.063113
0 0.383783 0.248009 0.025735 0.060968
0 0.361520 0.249234 0.019608 0.062194
0 0.980801 0.161305 0.035131 0.109375
0 0.311275 0.155637 0.031863 0.082108
0 0.339052 0.148131 0.023693 0.097120
0 0.366830 0.144455 0.027778 0.090380
0 0.915441 0.048407 0.055556 0.087623
0 0.864175 0.053002 0.046977 0.079044
0 0.818627 0.060815 0.043301 0.095282
0 0.773489 0.066023 0.048611 0.083640
0 0.727328 0.075827 0.042892 0.099571
0 0.687500 0.085784 0.037582 0.084559
0 0.654208 0.091146 0.028186 0.094669
0 0.340278 0.249694 0.021242 0.060049
0 0.618056 0.095129 0.027778 0.102635
0 0.553105 0.108303 0.027778 0.102635
0 0.524306 0.111979 0.029003 0.095895
0 0.497753 0.119945 0.021650 0.095282
0 0.474265 0.125766 0.024510 0.084865
0 0.447712 0.128676 0.026961 0.091299
0 0.419118 0.130362 0.031046 0.087316
0 0.391544 0.138634 0.022467 0.102022
0 0.586806 0.100950 0.036356 0.089767
0 0.316789 0.250766 0.023284 0.060968
0 0.480596 0.232843 0.024918 0.072304
0 0.517157 0.425245 0.026961 0.073529
0 0.764706 0.311428 0.034314 0.071385
0 0.706699 0.310968 0.036765 0.074755
0 0.550654 0.318627 0.029412 0.068627
0 0.521650 0.319700 0.027778 0.066483
0 0.493873 0.323376 0.026144 0.073223
0 0.463644 0.325674 0.033497 0.069240
0 0.434641 0.326593 0.024510 0.070466
0 0.412173 0.329197 0.019608 0.064645
0 0.393995 0.330116 0.017565 0.065257
0 0.370302 0.331648 0.030637 0.061581
0 0.345180 0.333487 0.017157 0.065257
0 0.321078 0.334099 0.031046 0.064032
0 0.966095 0.425245 0.045752 0.109069
0 0.919935 0.425398 0.043301 0.108762
0 0.804126 0.307292 0.044526 0.079044
0 0.874796 0.420037 0.045343 0.098652
0 0.789216 0.424020 0.045752 0.101716
0 0.747958 0.422947 0.033497 0.102022
0 0.710580 0.420343 0.042075 0.096814
0 0.543505 0.424173 0.024918 0.075674
0 0.490605 0.424173 0.026961 0.071385
0 0.464257 0.424020 0.025735 0.071691
0 0.438930 0.422028 0.022467 0.068934
0 0.419322 0.422794 0.017565 0.066789
0 0.383170 0.421722 0.023693 0.061581
0 0.357230 0.420650 0.024918 0.063725
0 0.331904 0.418658 0.024918 0.060355
0 0.974265 0.549939 0.051471 0.092525
0 0.929126 0.547794 0.037173 0.096201
0 0.891544 0.542433 0.039624 0.084865
0 0.831291 0.422181 0.040033 0.096201
0 0.843342 0.307138 0.035539 0.077512
0 0.735090 0.312194 0.020833 0.072304
0 0.920752 0.300245 0.038399 0.079657
0 0.880923 0.303156 0.038807 0.084865
0 0.958129 0.299479 0.036356 0.082414
