0 0.602604 0.235352 0.021875 0.074609
0 0.580729 0.237109 0.017708 0.073438
0 0.765104 0.591016 0.018750 0.080469
0 0.507292 0.721875 0.016667 0.060156
0 0.539323 0.742578 0.018229 0.064844
0 0.558333 0.753711 0.018750 0.066797
0 0.582031 0.762891 0.026562 0.071094
0 0.683854 0.819141 0.031250 0.081250
0 0.742969 0.837109 0.023438 0.053125
0 0.767708 0.862695 0.021875 0.080859
0 0.798177 0.883008 0.032813 0.083203
0 0.524219 0.730273 0.011979 0.062109
0 0.841667 0.893750 0.028125 0.083594
0 0.960156 0.784180 0.052604 0.162891
0 0.913021 0.773047 0.037500 0.093750
0 0.856250 0.749414 0.028125 0.072266
0 0.825260 0.733594 0.024479 0.088281
0 0.797396 0.728906 0.028125 0.074219
0 0.765885 0.710742 0.024479 0.066016
0 0.743750 0.705469 0.018750 0.067187
0 0.682813 0.473438 0.022917 0.067969
0 0.885677 0.904883 0.030729 0.101172
0 0.721354 0.486523 0.023958 0.055859
0 0.488542 0.716602 0.016667 0.061328
0 0.469531 0.703516 0.011979 0.053906
0 0.613021 0.358594 0.023958 0.060937
0 0.593490 0.360352 0.014063 0.062109
0 0.554167 0.355273 0.021875 0.058984
0 0.477865 0.519336 0.011979 0.057422
0 0.528125 0.444727 0.018750 0.072266
0 0.566146 0.457031 0.015625 0.060156
0 0.615104 0.464453 0.022917 0.059375
0 0.637240 0.469336 0.018229 0.064453
0 0.455208 0.700000 0.013542 0.053906
0 0.657292 0.470703 0.022917 0.062500
0 0.478646 0.253320 0.015625 0.063672
0 0.494271 0.249805 0.012500 0.068359
0 0.508594 0.249609 0.011979 0.060937
0 0.528385 0.243164 0.020313 0.069141
0 0.489063 0.357812 0.020833 0.061719
0 0.509896 0.355859 0.014583 0.062500
0 0.523698 0.357422 0.010937 0.060937
0 0.535417 0.357031 0.013542 0.063281
0 0.703646 0.233594 0.019792 0.053906
0 0.641927 0.360742 0.018229 0.058984
0 0.701823 0.488281 0.013021 0.045312
0 0.765365 0.481641 0.020313 0.073438
0 0.602083 0.659180 0.017708 0.050391
0 0.579948 0.647656 0.016146 0.058594
0 0.557813 0.636914 0.022917 0.062891
0 0.535156 0.620703 0.015104 0.060937
0 0.520052 0.618555 0.013021 0.064453
0 0.504167 0.619141 0.016667 0.053125
0 0.483333 0.602148 0.012500 0.069141
0 0.459635 0.595898 0.017188 0.058984
0 0.620573 0.661719 0.015104 0.060156
0 0.448958 0.513086 0.013542 0.056641
0 0.655990 0.564648 0.019271 0.062891
0 0.633333 0.559961 0.021875 0.062891
0 0.610417 0.554688 0.019792 0.061719
0 0.581250 0.544727 0.028125 0.063672
0 0.547917 0.541211 0.028125 0.056641
0 0.522135 0.527930 0.015104 0.060547
0 0.505469 0.527344 0.013021 0.059375
0 0.491667 0.524219 0.012500 0.063281
0 0.683854 0.584961 0.015625 0.046484
0 0.743750 0.484766 0.015625 0.064062
0 0.644271 0.639258 0.021875 0.017578
0 0.655208 0.677930 0.017708 0.052734
0 0.785937 0.484766 0.020833 0.073438
0 0.809375 0.487305 0.019792 0.080859
0 0.837500 0.506055 0.026042 0.059766
0 0.866406 0.496875 0.023438 0.083594
0 0.894010 0.507031 0.024479 0.071094
0 0.930729 0.509961 0.032292 0.074609
0 0.890625 0.624805 0.025000 0.083984
0 0.932292 0.613281 0.035417 0.039062
0 0.638021 0.674023 0.015625 0.049609
0 0.928385 0.658984 0.036979 0.050000
0 0.810937 0.602930 0.019792 0.084766
0 0.787760 0.599414 0.021354 0.082422
0 0.720833 0.697266 0.019792 0.060156
0 0.741667 0.591211 0.020833 0.063672
0 0.720573 0.586328 0.019271 0.066406
0 0.701042 0.588867 0.014583 0.051953
0 0.696875 0.694727 0.022917 0.059766
0 0.674479 0.686914 0.018750 0.058984
0 0.835417 0.608203 0.028125 0.083594
0 0.661198 0.360938 0.016146 0.060937
0 0.548958 0.456250 0.017708 0.064062
0 0.704167 0.359961 0.022917 0.063672
0 0.647917 0.236328 0.019792 0.064844
0 0.729427 0.230273 0.018229 0.055078
0 0.752604 0.226953 0.022917 0.055469
0 0.780990 0.217188 0.026562 0.067187
0 0.830990 0.208984 0.030729 0.071875
0 0.901302 0.203516 0.030729 0.067969
0 0.934896 0.191992 0.034375 0.080859
0 0.973177 0.190625 0.028646 0.089844
0 0.969010 0.372266 0.026562 0.064062
0 0.936719 0.374023 0.022396 0.053516
0 0.911719 0.359375 0.022396 0.074219
0 0.884115 0.360547 0.029687 0.074219
0 0.853646 0.362305 0.026042 0.073047
0 0.682813 0.360352 0.018750 0.062109
0 0.465365 0.516016 0.014063 0.057813
0 0.765104 0.362695 0.022917 0.066797
0 0.810156 0.361523 0.031771 0.073828
0 0.735417 0.359961 0.029167 0.058984
