0 0.947656 0.286328 0.042188 0.103125
0 0.900000 0.287305 0.045833 0.101953
0 0.849740 0.289258 0.046354 0.102734
0 0.800521 0.290820 0.046875 0.108203
0 0.520573 0.307031 0.045312 0.085938
0 0.442708 0.307617 0.045833 0.085547
0 0.706250 0.300586 0.040625 0.087891
0 0.612500 0.307227 0.043750 0.086328
0 0.567187 0.306836 0.043750 0.086328
0 0.751823 0.293750 0.045312 0.101562
0 0.987240 0.283398 0.025521 0.108203
0 0.509375 0.417969 0.062500 0.071875
0 0.059115 0.429688 0.047396 0.075000
0 0.174479 0.425195 0.062500 0.071484
0 0.240625 0.423828 0.062500 0.071875
0 0.308333 0.423438 0.065625 0.071094
0 0.376563 0.420703 0.065625 0.071094
0 0.443229 0.421680 0.062500 0.072266
0 0.571094 0.413086 0.047396 0.081641
0 0.624219 0.410938 0.039062 0.084375
0 0.773438 0.431055 0.077083 0.038672
0 0.771875 0.388477 0.079167 0.041016
0 0.375260 0.310547 0.081771 0.084375
0 0.689323 0.393945 0.081771 0.037891
0 0.016146 0.430078 0.032292 0.075781
0 0.284635 0.332422 0.090104 0.044531
0 0.023958 0.191016 0.047917 0.076563
0 0.108594 0.313867 0.074479 0.089453
0 0.556771 0.056250 0.028125 0.069531
0 0.584375 0.070703 0.023958 0.039844
0 0.691927 0.432617 0.079687 0.037109
0 0.608333 0.070898 0.021875 0.040234
0 0.633073 0.070898 0.021354 0.040234
0 0.655990 0.071094 0.020313 0.039062
0 0.714844 0.061328 0.061979 0.055469
0 0.962500 0.071094 0.073958 0.042969
0 0.201042 0.186133 0.091667 0.076953
0 0.280208 0.183008 0.058333 0.083203
0 0.344271 0.183789 0.058333 0.079297
0 0.406250 0.192188 0.058333 0.060937
0 0.465885 0.193555 0.056771 0.049609
0 0.527604 0.184961 0.055208 0.069141
0 0.563542 0.195312 0.015625 0.047656
0 0.628906 0.180859 0.060937 0.071875
0 0.689323 0.183008 0.055729 0.063672
0 0.748177 0.183789 0.052604 0.069141
0 0.807552 0.181250 0.052604 0.064062
0 0.868229 0.179492 0.056250 0.067578
0 0.944271 0.173828 0.035417 0.075781
0 0.982292 0.172852 0.030208 0.075391
0 0.036979 0.283984 0.062500 0.027344
0 0.040104 0.314453 0.059375 0.026562
0 0.041667 0.345508 0.057292 0.029297
0 0.194792 0.311523 0.081250 0.082422
0 0.903646 0.422461 0.081250 0.044922
0 0.036458 0.762891 0.041667 0.039844
0 0.047396 0.545312 0.031250 0.064844
0 0.505469 0.624609 0.032813 0.057813
0 0.538802 0.624219 0.028646 0.059375
0 0.572135 0.623633 0.030729 0.058984
0 0.638542 0.621094 0.031250 0.058594
0 0.672396 0.620117 0.031250 0.061328
0 0.706510 0.619727 0.030729 0.062891
0 0.740365 0.622070 0.030729 0.062891
0 0.794792 0.631250 0.072917 0.034375
0 0.867969 0.627930 0.069271 0.032422
0 0.940625 0.624219 0.056250 0.044531
0 0.028125 0.721680 0.041667 0.037109
0 0.076302 0.734766 0.033854 0.082812
0 0.111719 0.733594 0.031771 0.082812
0 0.148698 0.735156 0.036979 0.082812
0 0.191146 0.731250 0.041667 0.085156
0 0.241146 0.726172 0.048958 0.092188
0 0.327604 0.719922 0.093750 0.076563
0 0.484375 0.713281 0.086458 0.084375
0 0.598177 0.708789 0.075521 0.080859
0 0.672917 0.710352 0.063542 0.087109
0 0.750000 0.709961 0.080208 0.083203
0 0.832552 0.706641 0.067187 0.082031
0 0.894792 0.708789 0.052083 0.094922
0 0.517969 0.062109 0.040104 0.071094
0 0.959375 0.703320 0.060417 0.085547
0 0.435417 0.621875 0.032292 0.072656
0 0.394010 0.632422 0.045312 0.050781
0 0.347396 0.633398 0.044792 0.051172
0 0.208854 0.644531 0.071875 0.039062
0 0.081250 0.544531 0.033333 0.064844
0 0.123438 0.536914 0.042708 0.080078
0 0.186979 0.516211 0.075000 0.034766
0 0.187760 0.554492 0.074479 0.037109
0 0.255729 0.540234 0.054167 0.063281
0 0.310417 0.536328 0.048958 0.061719
0 0.363021 0.535937 0.050000 0.061719
0 0.426302 0.534570 0.066146 0.061328
0 0.492969 0.495117 0.064062 0.041016
0 0.492708 0.542773 0.063542 0.041016
0 0.564063 0.544336 0.063542 0.041016
0 0.577344 0.500977 0.073438 0.040234
0 0.014323 0.545508 0.028646 0.061328
0 0.664583 0.499609 0.052083 0.040625
0 0.657031 0.541211 0.047396 0.037891
0 0.709635 0.540820 0.047396 0.037891
0 0.761198 0.535352 0.047396 0.046484
0 0.816927 0.535352 0.047396 0.046484
0 0.769271 0.487695 0.055208 0.047266
0 0.820833 0.484961 0.041667 0.041797
0 0.957292 0.531836 0.080208 0.039453
0 0.016927 0.639062 0.031771 0.064062
0 0.054167 0.638477 0.034375 0.058984
0 0.091406 0.637695 0.030729 0.054297
0 0.139063 0.618555 0.060417 0.030078
0 0.139844 0.650195 0.058854 0.027734
0 0.715104 0.496875 0.041667 0.040625
0 0.468490 0.060742 0.054688 0.072266
0 0.659896 0.305078 0.043750 0.085938
0 0.340625 0.076758 0.053125 0.043359
0 0.148698 0.084570 0.027604 0.069922
0 0.178906 0.084570 0.021354 0.074609
0 0.205469 0.083594 0.020313 0.072656
0 0.228385 0.082812 0.018229 0.075000
0 0.280729 0.061133 0.054167 0.072266
0 0.384896 0.066211 0.028125 0.068359
0 0.420312 0.064062 0.039583 0.072656
