0 0.054688 0.496680 0.096875 0.051172
0 0.371875 0.775781 0.088542 0.050000
0 0.272396 0.803906 0.093750 0.032813
0 0.169531 0.813867 0.093229 0.049609
0 0.062240 0.832812 0.103646 0.050781
0 0.109635 0.917969 0.108854 0.083594
0 0.233854 0.894727 0.116667 0.086328
0 0.349219 0.875195 0.115104 0.071484
0 0.463281 0.853125 0.102604 0.064844
0 0.570312 0.840820 0.105208 0.057422
0 0.668229 0.824805 0.072917 0.056641
0 0.779687 0.809375 0.094792 0.057031
0 0.869792 0.792383 0.071875 0.056641
0 0.939063 0.778906 0.059375 0.050000
0 0.930729 0.255664 0.070833 0.040234
0 0.929948 0.210156 0.074479 0.044531
0 0.856250 0.208984 0.061458 0.050781
0 0.788021 0.205859 0.067708 0.046875
0 0.714323 0.203125 0.071354 0.051562
0 0.640885 0.202930 0.067187 0.049609
0 0.464844 0.768164 0.090104 0.029297
0 0.561458 0.202344 0.083333 0.053125
0 0.550260 0.754102 0.073438 0.046484
0 0.707031 0.727344 0.074479 0.044531
0 0.464583 0.638672 0.090625 0.039844
0 0.370052 0.657422 0.088021 0.042969
0 0.263542 0.665039 0.096875 0.045703
0 0.051823 0.773633 0.100521 0.051953
0 0.157031 0.759375 0.109896 0.047656
0 0.264583 0.751367 0.096875 0.062891
0 0.364583 0.728125 0.092708 0.037500
0 0.462240 0.720117 0.076563 0.051953
0 0.546094 0.704883 0.080729 0.033984
0 0.623958 0.695508 0.061458 0.052734
0 0.700781 0.680859 0.084896 0.034375
0 0.782292 0.667578 0.060417 0.046875
0 0.849479 0.656250 0.063542 0.031250
0 0.914583 0.648242 0.051042 0.042578
0 0.970833 0.642578 0.058333 0.037500
0 0.973958 0.682227 0.045833 0.033984
0 0.907031 0.691211 0.057813 0.024609
0 0.847135 0.698438 0.054688 0.045312
0 0.779687 0.712305 0.067708 0.033203
0 0.625781 0.740039 0.069271 0.027734
0 0.465885 0.204297 0.099479 0.050000
0 0.361198 0.200781 0.098437 0.053125
0 0.257552 0.202148 0.103646 0.054297
0 0.645573 0.255273 0.063021 0.051953
0 0.565885 0.257227 0.082812 0.048047
0 0.468750 0.256250 0.097917 0.050781
0 0.369010 0.258984 0.085938 0.047656
0 0.273958 0.261523 0.104167 0.055078
0 0.154427 0.261523 0.110937 0.055078
0 0.205208 0.343945 0.112500 0.055078
0 0.314063 0.342773 0.093750 0.048047
0 0.407813 0.341016 0.093750 0.049219
0 0.503125 0.338867 0.088542 0.050391
0 0.580729 0.379297 0.041667 0.042969
0 0.512240 0.388086 0.089063 0.037109
0 0.422656 0.393164 0.088021 0.052734
0 0.323177 0.397266 0.099479 0.043750
0 0.213802 0.401562 0.106771 0.053906
0 0.688281 0.331641 0.079687 0.042188
0 0.771615 0.330273 0.076563 0.044922
0 0.771094 0.375586 0.072396 0.041797
0 0.693229 0.378906 0.081250 0.037500
0 0.714063 0.256836 0.064583 0.048828
0 0.845573 0.369922 0.072396 0.039844
0 0.791667 0.256250 0.071875 0.044531
0 0.865625 0.256641 0.058333 0.040625
0 0.143490 0.201172 0.120313 0.057031
0 0.354427 0.118359 0.098437 0.053906
0 0.451302 0.121094 0.096354 0.049219
0 0.549740 0.124023 0.086979 0.055078
0 0.638021 0.128516 0.085417 0.046094
0 0.717708 0.133008 0.061458 0.045703
0 0.805729 0.134570 0.072917 0.042578
0 0.884896 0.140625 0.085417 0.049219
0 0.960156 0.141797 0.065104 0.039062
0 0.552344 0.631250 0.073438 0.045312
0 0.955990 0.096289 0.069271 0.039453
0 0.808333 0.088672 0.083333 0.042969
0 0.715885 0.077930 0.074479 0.058203
0 0.631510 0.071875 0.089063 0.046094
0 0.449219 0.065820 0.086979 0.048828
0 0.350260 0.058008 0.097396 0.061328
0 0.241667 0.113477 0.115625 0.052734
0 0.239323 0.056250 0.120313 0.057813
0 0.118750 0.108398 0.109375 0.057422
0 0.101042 0.046680 0.125000 0.062891
0 0.885677 0.091406 0.063021 0.048438
0 0.623958 0.617188 0.070833 0.035937
0 0.538542 0.065234 0.082292 0.057031
0 0.854167 0.591211 0.053125 0.038672
0 0.153125 0.492969 0.097917 0.057031
0 0.264062 0.484375 0.108333 0.048438
0 0.366146 0.474609 0.088542 0.047656
0 0.454167 0.467187 0.088542 0.041406
0 0.456250 0.513281 0.086458 0.047656
0 0.713281 0.492188 0.070312 0.042188
0 0.779948 0.484180 0.050521 0.031641
0 0.842708 0.477539 0.063542 0.037891
0 0.912500 0.476758 0.058333 0.030859
0 0.975260 0.470313 0.049479 0.041406
0 0.970052 0.425977 0.059896 0.041797
0 0.907292 0.432617 0.057292 0.045703
0 0.840365 0.436719 0.066146 0.038281
0 0.773958 0.441602 0.059375 0.040234
0 0.704167 0.446875 0.070833 0.037500
0 0.626302 0.455859 0.082812 0.048438
0 0.541927 0.457227 0.080729 0.045703
0 0.049219 0.551758 0.093229 0.051172
0 0.155208 0.548047 0.102083 0.042188
0 0.785156 0.606641 0.072396 0.028125
0 0.274740 0.534180 0.094271 0.047266
0 0.368750 0.525195 0.082292 0.038672
0 0.975781 0.578711 0.038021 0.032422
0 0.627083 0.501172 0.079167 0.034375
0 0.543490 0.505469 0.086979 0.041406
0 0.051302 0.694141 0.094271 0.042969
0 0.161458 0.686328 0.103125 0.055469
0 0.153125 0.629492 0.097917 0.044141
0 0.701823 0.611328 0.080729 0.039062
0 0.914844 0.585742 0.070312 0.024609
0 0.363802 0.607617 0.086979 0.056641
0 0.257552 0.620703 0.099479 0.036719
0 0.541927 0.583594 0.076563 0.053125
0 0.618750 0.574023 0.075000 0.034766
0 0.695573 0.566016 0.070312 0.048438
0 0.771875 0.554492 0.067708 0.029297
0 0.841667 0.549219 0.064583 0.032813
0 0.913802 0.543359 0.070312 0.032031
0 0.975781 0.539453 0.047396 0.040625
0 0.452344 0.591992 0.089063 0.040234
