0 0.072100 0.398591 0.025735 0.061887
0 0.550449 0.240502 0.015931 0.043505
0 0.530842 0.240656 0.019199 0.041360
0 0.505923 0.241575 0.024918 0.043811
0 0.474265 0.243413 0.035948 0.043199
0 0.363154 0.237745 0.023693 0.054534
0 0.335172 0.238817 0.021650 0.054228
0 0.305556 0.238205 0.019608 0.050551
0 0.280433 0.239890 0.023284 0.051471
0 0.242647 0.237592 0.025327 0.054841
0 0.215891 0.237745 0.019199 0.054534
0 0.185458 0.236520 0.026961 0.053922
0 0.362541 0.305300 0.029003 0.060355
0 0.327614 0.309436 0.024510 0.061275
0 0.298611 0.307904 0.022876 0.063113
0 0.267770 0.309130 0.028186 0.068015
0 0.234273 0.306219 0.025735 0.061581
0 0.203636 0.306219 0.029003 0.064645
0 0.170752 0.305300 0.026961 0.063419
0 0.364992 0.385417 0.027369 0.061275
0 0.334967 0.385723 0.021242 0.067402
0 0.297386 0.386029 0.033497 0.072304
0 0.157884 0.239430 0.024918 0.050551
0 0.573734 0.242034 0.015114 0.040441
0 0.596405 0.240962 0.020425 0.042586
0 0.616217 0.242188 0.019199 0.045650
0 0.655229 0.381281 0.019608 0.047488
0 0.634191 0.378676 0.017565 0.043505
0 0.608864 0.380208 0.017565 0.048407
0 0.581291 0.379289 0.017157 0.050245
0 0.562296 0.382047 0.015931 0.044118
0 0.535335 0.378676 0.023284 0.045956
0 0.511846 0.381587 0.016340 0.040748
0 0.487745 0.379749 0.022059 0.043811
0 0.464869 0.379596 0.017157 0.044118
0 0.687296 0.306832 0.015931 0.045650
0 0.265319 0.385876 0.023284 0.067096
0 0.660743 0.309436 0.020016 0.050858
0 0.610703 0.311275 0.017974 0.047181
0 0.583742 0.309896 0.022059 0.044424
0 0.559641 0.310049 0.017157 0.047181
0 0.534518 0.309283 0.021650 0.045650
0 0.512868 0.309896 0.018382 0.046875
0 0.485498 0.310968 0.024918 0.047181
0 0.464052 0.303615 0.015523 0.064951
0 0.689134 0.241115 0.019608 0.042279
0 0.666258 0.242494 0.021242 0.041360
0 0.640114 0.242188 0.019608 0.042586
0 0.635825 0.307445 0.017565 0.046875
0 0.233047 0.386949 0.026552 0.066789
0 0.201593 0.385876 0.021650 0.067096
0 0.169526 0.383425 0.031863 0.071998
0 0.055147 0.699295 0.026144 0.056679
0 0.027982 0.701287 0.022467 0.053922
0 0.114175 0.623162 0.019199 0.064338
0 0.084559 0.624081 0.030229 0.059436
0 0.051266 0.625306 0.021650 0.062500
0 0.024918 0.235447 0.022876 0.062806
0 0.056577 0.231924 0.024918 0.071078
0 0.081087 0.233150 0.016748 0.071078
0 0.013276 0.321385 0.016748 0.060049
0 0.036152 0.319700 0.023284 0.060355
0 0.061683 0.320466 0.022059 0.060662
0 0.088644 0.318168 0.018791 0.060968
0 0.017361 0.401042 0.020833 0.061887
0 0.045139 0.395833 0.019199 0.064951
0 0.021855 0.625000 0.026552 0.061275
0 0.096201 0.398438 0.016748 0.059743
0 0.030637 0.474571 0.023693 0.067402
0 0.061683 0.478248 0.022059 0.064338
0 0.087827 0.479320 0.023693 0.062806
0 0.016544 0.551930 0.023284 0.062194
0 0.043301 0.551930 0.026144 0.062194
0 0.089869 0.702359 0.031046 0.064032
0 0.118056 0.700521 0.019608 0.056679
0 0.207925 0.707567 0.030229 0.059130
0 0.243668 0.704044 0.031454 0.059436
0 0.366013 0.464767 0.029412 0.062500
0 0.335376 0.463388 0.025327 0.061581
0 0.300654 0.463235 0.026961 0.059436
0 0.272876 0.464154 0.018791 0.063113
0 0.241830 0.466912 0.027778 0.066789
0 0.212418 0.461857 0.022876 0.064645
0 0.178105 0.465993 0.031863 0.062500
0 0.383783 0.543811 0.027369 0.068627
0 0.351511 0.545343 0.030637 0.070466
0 0.314338 0.545496 0.037173 0.071998
0 0.682598 0.377757 0.018791 0.047181
0 0.274918 0.547488 0.026144 0.073529
0 0.198121 0.544884 0.028595 0.075674
0 0.390727 0.627757 0.034722 0.069240
0 0.356005 0.627145 0.025735 0.071691
0 0.320466 0.630515 0.032271 0.074755
0 0.283292 0.628676 0.032271 0.068627
0 0.206087 0.630668 0.043709 0.067708
0 0.393995 0.703125 0.024101 0.053922
0 0.358864 0.705116 0.034722 0.059130
0 0.323734 0.704504 0.029003 0.058517
0 0.283088 0.705576 0.035948 0.057598
0 0.242239 0.545343 0.031863 0.076593
0 0.076389 0.552696 0.021242 0.063725
0 0.466708 0.449295 0.020833 0.046875
0 0.513276 0.447457 0.019199 0.050551
0 0.792484 0.446691 0.053922 0.044118
0 0.946283 0.505055 0.030637 0.044424
0 0.911969 0.508732 0.022467 0.049326
0 0.884804 0.505668 0.018791 0.045650
0 0.857230 0.507812 0.020833 0.049939
0 0.828227 0.505515 0.024101 0.043505
0 0.800858 0.509344 0.023284 0.045037
0 0.775735 0.509344 0.026961 0.045650
0 0.747958 0.511336 0.022059 0.044118
0 0.938930 0.574602 0.022467 0.036458
0 0.910948 0.573683 0.026961 0.046262
0 0.882966 0.567096 0.021650 0.049020
0 0.853554 0.569240 0.024101 0.047794
0 0.829044 0.571385 0.019199 0.047794
0 0.802083 0.572763 0.025735 0.043199
0 0.775123 0.573836 0.028186 0.040441
0 0.748570 0.571538 0.020016 0.043199
0 0.910131 0.699142 0.032680 0.057598
0 0.874796 0.700368 0.029003 0.061887
0 0.833742 0.702819 0.035131 0.059436
0 0.795956 0.699449 0.033905 0.053309
0 0.835784 0.441789 0.018791 0.046569
0 0.863154 0.444700 0.026144 0.048100
0 0.889706 0.441176 0.018791 0.047794
0 0.917484 0.443474 0.023693 0.050551
0 0.965482 0.229626 0.028186 0.053615
0 0.930760 0.228707 0.026552 0.054841
0 0.899101 0.224571 0.023693 0.063725
0 0.867443 0.226869 0.028186 0.063419
0 0.833742 0.229626 0.024510 0.058517
0 0.805147 0.228860 0.025327 0.056985
0 0.771038 0.230392 0.031454 0.063113
0 0.954861 0.303309 0.024101 0.055147
0 0.928513 0.306832 0.022059 0.051164
0 0.903186 0.307138 0.022059 0.049939
0 0.756127 0.702206 0.025327 0.058211
0 0.874183 0.308517 0.027778 0.056985
0 0.817606 0.310355 0.026552 0.050245
0 0.788807 0.308670 0.022876 0.046875
0 0.759191 0.311734 0.024101 0.048100
0 0.953227 0.374081 0.020833 0.052696
0 0.921977 0.376379 0.025327 0.050551
0 0.893178 0.374694 0.022467 0.053922
0 0.854167 0.380668 0.045752 0.041360
0 0.796977 0.382353 0.053105 0.044118
0 0.753881 0.383885 0.024101 0.040441
0 0.947100 0.443015 0.024918 0.054534
0 0.845588 0.307292 0.021242 0.056985
0 0.931577 0.634957 0.020833 0.050551
0 0.906658 0.634957 0.021650 0.050551
0 0.877042 0.637255 0.020425 0.051471
0 0.601716 0.586703 0.017157 0.048407
0 0.574142 0.587776 0.026552 0.049939
0 0.540645 0.587316 0.023284 0.047181
0 0.514706 0.585938 0.018791 0.051164
0 0.493873 0.587010 0.017974 0.055147
0 0.473448 0.591299 0.017157 0.047181
0 0.678309 0.519608 0.024918 0.040441
0 0.652574 0.520680 0.020833 0.046262
0 0.625408 0.524663 0.023693 0.043199
0 0.596814 0.522365 0.021242 0.050245
0 0.624387 0.585478 0.021650 0.047794
0 0.564542 0.520374 0.026961 0.049326
0 0.520221 0.522059 0.020016 0.052696
0 0.495711 0.518229 0.018382 0.053615
0 0.471609 0.520067 0.020833 0.051777
0 0.679943 0.447610 0.024918 0.050245
0 0.655025 0.446232 0.019199 0.051164
0 0.633170 0.445466 0.018791 0.049632
0 0.608864 0.447610 0.021650 0.048407
0 0.585784 0.445925 0.018791 0.051164
0 0.561070 0.447917 0.020016 0.049020
0 0.536765 0.447151 0.022059 0.046875
0 0.541871 0.521752 0.015931 0.053922
0 0.488358 0.445772 0.016748 0.046569
0 0.651552 0.586397 0.022059 0.046569
0 0.471609 0.648591 0.020833 0.047794
0 0.850286 0.636949 0.020833 0.052083
0 0.823938 0.634804 0.025327 0.048407
0 0.792892 0.634498 0.021242 0.049632
0 0.768791 0.635570 0.020425 0.051777
0 0.743260 0.637714 0.020016 0.051164
0 0.678513 0.708027 0.022059 0.046569
0 0.652369 0.707414 0.020425 0.045956
0 0.626430 0.708487 0.022467 0.048100
0 0.600082 0.709712 0.020425 0.048100
0 0.570670 0.710478 0.022876 0.047181
0 0.675858 0.585784 0.013480 0.045956
0 0.544935 0.709712 0.018791 0.048100
0 0.496936 0.712010 0.027369 0.049020
0 0.473243 0.714001 0.016748 0.046262
0 0.675858 0.647365 0.020016 0.050245
0 0.652982 0.647825 0.018382 0.048100
0 0.629902 0.648897 0.019608 0.050858
0 0.601511 0.648897 0.026552 0.050858
0 0.573734 0.649050 0.018382 0.048713
0 0.546364 0.645067 0.024918 0.053615
0 0.519812 0.648438 0.025735 0.047488
0 0.494690 0.647518 0.016340 0.048713
0 0.521446 0.710172 0.015114 0.046569
0 0.107026 0.549939 0.027778 0.066176
