0 0.530842 0.615502 0.065768 0.083333
0 0.684641 0.549173 0.073529 0.086703
0 0.890523 0.205882 0.054739 0.109681
0 0.945261 0.207414 0.054739 0.114583
0 0.328227 0.314798 0.029820 0.075674
0 0.357843 0.318474 0.022059 0.074449
0 0.379902 0.318015 0.021242 0.075980
0 0.405842 0.320159 0.025735 0.075980
0 0.432190 0.321385 0.025327 0.075980
0 0.457925 0.323376 0.026144 0.078125
0 0.487949 0.324755 0.027369 0.080882
0 0.524306 0.325061 0.043709 0.083333
0 0.594363 0.329350 0.041667 0.087623
0 0.640523 0.330576 0.041667 0.092525
0 0.688521 0.334099 0.036356 0.093444
0 0.728350 0.333027 0.035131 0.091299
0 0.771855 0.335938 0.041258 0.103248
0 0.821283 0.339001 0.038807 0.096507
0 0.868056 0.340533 0.044935 0.097733
0 0.919322 0.344669 0.047794 0.106005
0 0.973856 0.347733 0.050654 0.106005
0 0.323529 0.404871 0.020425 0.070772
0 0.349673 0.408241 0.025327 0.071385
0 0.831904 0.206648 0.049428 0.106924
0 0.778799 0.211091 0.043709 0.099265
0 0.731005 0.211244 0.043709 0.101409
0 0.686887 0.214154 0.036356 0.098652
0 0.357435 0.104933 0.037582 0.105086
0 0.417892 0.098346 0.027778 0.108456
0 0.450163 0.096967 0.032680 0.099571
0 0.492239 0.096814 0.044118 0.103554
0 0.581699 0.092218 0.036765 0.098652
0 0.625204 0.087316 0.044526 0.101103
0 0.672181 0.084712 0.046160 0.098346
0 0.721609 0.079657 0.049428 0.102941
0 0.772467 0.079810 0.039216 0.098958
0 0.823325 0.072763 0.054330 0.111826
0 0.378472 0.410233 0.026552 0.071078
0 0.881740 0.066483 0.051062 0.109681
0 0.324142 0.221048 0.021650 0.078738
0 0.351716 0.219975 0.025327 0.079044
0 0.380515 0.224724 0.022467 0.073836
0 0.408701 0.225797 0.025735 0.071691
0 0.434028 0.223958 0.023284 0.074142
0 0.462214 0.224877 0.026552 0.072304
0 0.493056 0.224724 0.031863 0.073836
0 0.528391 0.224265 0.035539 0.077206
0 0.593750 0.217678 0.037990 0.090380
0 0.640319 0.215686 0.046977 0.093750
0 0.942810 0.063266 0.058007 0.116115
0 0.321487 0.106158 0.026961 0.103248
0 0.410743 0.412837 0.032271 0.071998
0 0.467320 0.420190 0.027778 0.074449
0 0.926266 0.865043 0.092729 0.076287
0 0.773693 0.568168 0.080882 0.097733
0 0.872549 0.580576 0.093954 0.099265
0 0.967729 0.597580 0.063725 0.099571
0 0.372958 0.584406 0.133987 0.054228
0 0.470997 0.602328 0.050654 0.082108
0 0.597018 0.631127 0.060866 0.087010
0 0.671773 0.647825 0.075572 0.095282
0 0.755719 0.664982 0.084150 0.091605
0 0.852941 0.687653 0.097222 0.092831
0 0.955474 0.710631 0.089052 0.098958
0 0.377042 0.643382 0.116830 0.041667
0 0.372549 0.692249 0.118464 0.054228
0 0.473652 0.680607 0.049428 0.051777
0 0.464461 0.729626 0.044935 0.045037
0 0.525735 0.694240 0.041667 0.051471
0 0.516340 0.744485 0.047386 0.047181
0 0.579044 0.706955 0.055964 0.056066
0 0.579044 0.767463 0.060866 0.061887
0 0.651348 0.730239 0.057598 0.067096
0 0.652982 0.793352 0.063317 0.050551
0 0.602941 0.537071 0.072712 0.090074
0 0.532680 0.526654 0.063725 0.079657
0 0.458742 0.513940 0.069444 0.079350
0 0.392565 0.502451 0.049020 0.072917
0 0.502451 0.422488 0.031046 0.080882
0 0.536560 0.425398 0.026552 0.076287
0 0.564747 0.430300 0.027369 0.081801
0 0.601307 0.435355 0.044118 0.079657
0 0.642974 0.441636 0.035131 0.083640
0 0.683007 0.444087 0.044935 0.086703
0 0.726920 0.448223 0.037990 0.082108
0 0.766544 0.454044 0.038807 0.089461
0 0.813930 0.456189 0.046977 0.096201
0 0.868668 0.462623 0.044526 0.096201
0 0.440564 0.415135 0.022467 0.072917
0 0.921977 0.473499 0.053105 0.094669
0 0.343954 0.493566 0.044118 0.069853
0 0.847222 0.955423 0.210784 0.066483
0 0.633783 0.905331 0.159722 0.058211
0 0.648693 0.848039 0.169935 0.055760
0 0.522672 0.872089 0.043709 0.067096
0 0.475694 0.848805 0.044526 0.060968
0 0.427492 0.829197 0.043709 0.057292
0 0.357843 0.804075 0.075163 0.055453
0 0.359069 0.752451 0.080065 0.044118
0 0.283905 0.763174 0.053105 0.078431
0 0.981005 0.481005 0.037173 0.101716
0 0.768791 0.768995 0.043301 0.066789
0 0.826185 0.841146 0.071487 0.078738
