0 0.412019 0.177875 0.047756 0.025428
0 0.140064 0.172885 0.063462 0.026854
0 0.200481 0.175737 0.051603 0.024952
0 0.359936 0.175737 0.047436 0.027804
0 0.291026 0.174548 0.019231 0.030181
0 0.318590 0.174786 0.032051 0.028279
0 0.074038 0.171697 0.057692 0.023527
0 0.255128 0.175499 0.051282 0.024952
0 0.023878 0.172172 0.041346 0.023051
0 0.070833 0.141754 0.060897 0.033032
0 0.412660 0.146269 0.049038 0.026378
0 0.358974 0.145556 0.048718 0.027329
0 0.319551 0.146507 0.027564 0.028279
0 0.292788 0.144368 0.022756 0.029705
0 0.253526 0.148645 0.048077 0.026378
0 0.200801 0.146269 0.049038 0.031131
0 0.133974 0.143417 0.060897 0.032557
0 0.019391 0.144606 0.035577 0.027804
0 0.462500 0.175974 0.045513 0.025903
0 0.464744 0.145556 0.050000 0.027329
0 0.514744 0.153279 0.046154 0.028517
0 0.020833 0.255466 0.041667 0.024240
0 0.625000 0.156369 0.056410 0.025190
0 0.620833 0.236098 0.051282 0.026378
0 0.732853 0.231820 0.049038 0.027329
0 0.676603 0.237167 0.056410 0.027091
0 0.510897 0.237167 0.041667 0.025665
0 0.463942 0.230632 0.051603 0.025428
0 0.411058 0.229800 0.052244 0.028042
0 0.359295 0.229563 0.049359 0.025190
0 0.314744 0.227899 0.028205 0.026141
0 0.289423 0.227543 0.019231 0.028279
0 0.251442 0.226355 0.050321 0.025903
0 0.198718 0.227305 0.051282 0.027329
0 0.139744 0.225523 0.059615 0.031369
0 0.078205 0.282082 0.059615 0.025665
0 0.568750 0.154824 0.054167 0.023527
0 0.021154 0.283508 0.042308 0.027567
0 0.900481 0.178945 0.050962 0.023289
0 0.847917 0.178588 0.046474 0.024002
0 0.791667 0.179777 0.053205 0.021625
0 0.737821 0.181559 0.049359 0.019962
0 0.899359 0.153755 0.048718 0.023289
0 0.845192 0.153042 0.050641 0.025665
0 0.791506 0.153636 0.052885 0.028279
0 0.738462 0.153874 0.047436 0.029705
0 0.681731 0.180252 0.057051 0.020675
0 0.625481 0.179895 0.054167 0.019487
0 0.566346 0.179183 0.052564 0.022814
0 0.515545 0.179183 0.044551 0.020437
0 0.683333 0.155656 0.057051 0.026616
0 0.019551 0.227186 0.039103 0.025190
0 0.256571 0.793132 0.047115 0.042063
0 0.413942 0.286716 0.048397 0.026854
0 0.841186 0.235266 0.049038 0.024715
0 0.371314 0.545627 0.050321 0.043251
0 0.419872 0.546697 0.044231 0.041112
0 0.466827 0.547172 0.043910 0.041587
0 0.511218 0.549786 0.042308 0.034933
0 0.465705 0.774596 0.048718 0.024002
0 0.413141 0.773645 0.050000 0.024477
0 0.359936 0.790637 0.050641 0.039449
0 0.895353 0.478375 0.034295 0.055133
0 0.912821 0.907795 0.050000 0.021388
0 0.857372 0.905181 0.049359 0.023764
0 0.915064 0.884268 0.051282 0.022814
0 0.916346 0.860147 0.050641 0.020675
0 0.856891 0.879990 0.051603 0.023764
0 0.858173 0.838284 0.037500 0.009743
0 0.920673 0.842087 0.033654 0.012595
0 0.857372 0.856226 0.049359 0.021863
0 0.756731 0.908864 0.044872 0.009743
0 0.722917 0.545865 0.048397 0.024715
0 0.668750 0.550499 0.053526 0.024477
0 0.614744 0.548836 0.051923 0.022101
0 0.560577 0.546934 0.053846 0.026854
0 0.310256 0.363593 0.048077 0.024715
0 0.260096 0.362048 0.050962 0.024002
0 0.317788 0.545627 0.050321 0.040875
0 0.208654 0.362643 0.048718 0.022814
0 0.566987 0.346721 0.053846 0.028517
0 0.515064 0.345057 0.043590 0.028042
0 0.749840 0.849335 0.037500 0.010456
0 0.757692 0.872148 0.046795 0.010456
0 0.758654 0.884981 0.048718 0.009981
0 0.757532 0.895437 0.046474 0.011407
0 0.624038 0.347196 0.054487 0.022814
0 0.266026 0.545627 0.050000 0.043251
0 0.200481 0.586145 0.048397 0.043489
0 0.151442 0.593275 0.047115 0.028279
0 0.839583 0.802044 0.052244 0.024240
0 0.838301 0.775309 0.053526 0.020200
0 0.896795 0.790043 0.060256 0.045390
0 0.950000 0.791350 0.040385 0.043251
0 0.028045 0.851473 0.049679 0.033745
0 0.031090 0.892823 0.046154 0.044677
0 0.784936 0.801450 0.050000 0.022576
0 0.084776 0.888308 0.056090 0.055608
0 0.215545 0.853375 0.068910 0.038973
0 0.284936 0.852067 0.055769 0.034933
0 0.341987 0.852780 0.046795 0.035409
0 0.392468 0.851711 0.047756 0.034221
0 0.442308 0.853969 0.046795 0.028279
0 0.492308 0.850166 0.040385 0.026378
0 0.147436 0.889377 0.058974 0.056797
0 0.773878 0.544439 0.050321 0.023764
0 0.784615 0.776378 0.052564 0.023289
0 0.731410 0.794914 0.049359 0.040875
0 0.091827 0.597077 0.060577 0.021625
0 0.516026 0.772814 0.045513 0.025190
0 0.413622 0.801687 0.050962 0.023051
0 0.466506 0.800856 0.050321 0.024240
0 0.517949 0.800618 0.049359 0.025665
0 0.571635 0.740851 0.053526 0.018774
0 0.784936 0.752733 0.050000 0.024477
0 0.571154 0.761050 0.049359 0.018298
0 0.570032 0.803232 0.047115 0.019011
0 0.623077 0.791825 0.055769 0.040875
0 0.626603 0.750832 0.050000 0.035409
0 0.679006 0.749406 0.048397 0.033508
0 0.677885 0.791825 0.052564 0.044202
0 0.729808 0.753208 0.049359 0.036359
0 0.569551 0.781488 0.049359 0.021150
0 0.547917 0.852899 0.050962 0.038973
0 0.827885 0.545271 0.048077 0.025903
0 0.316987 0.588641 0.048718 0.040399
0 0.411218 0.688213 0.049359 0.040875
0 0.462179 0.691421 0.041667 0.036835
0 0.510737 0.689639 0.044551 0.038973
0 0.556250 0.636763 0.051603 0.016873
0 0.558974 0.658151 0.047436 0.023527
0 0.609936 0.656844 0.049359 0.021863
0 0.663301 0.656250 0.052244 0.022101
0 0.563622 0.678588 0.053526 0.016873
0 0.615545 0.678826 0.047115 0.018774
0 0.666026 0.678588 0.048077 0.019249
0 0.561538 0.699501 0.049359 0.022576
0 0.612821 0.700214 0.048077 0.021625
0 0.665865 0.698550 0.047756 0.018298
0 0.718910 0.689876 0.050000 0.041825
0 0.767949 0.685837 0.038462 0.052757
0 0.770994 0.645200 0.041346 0.019011
0 0.816827 0.683460 0.039423 0.055133
0 0.199519 0.792894 0.052885 0.040162
0 0.144712 0.793964 0.053526 0.033745
0 0.517949 0.746317 0.046154 0.024952
0 0.465545 0.747505 0.054808 0.025428
0 0.412660 0.746554 0.049038 0.027804
0 0.359135 0.750119 0.052244 0.036835
0 0.356250 0.689401 0.046474 0.043251
0 0.305929 0.750356 0.049038 0.037785
0 0.200801 0.750594 0.052244 0.040637
0 0.144712 0.752614 0.056731 0.043726
0 0.084295 0.790875 0.055128 0.042300
0 0.030449 0.770794 0.038462 0.052519
0 0.937981 0.685718 0.054808 0.040637
0 0.858013 0.684411 0.040385 0.050856
0 0.252244 0.750832 0.048718 0.040162
0 0.306090 0.690114 0.046154 0.039924
0 0.506891 0.649240 0.036859 0.037072
0 0.464103 0.648883 0.045513 0.036359
0 0.723077 0.598978 0.048718 0.023051
0 0.670353 0.599929 0.050321 0.023051
0 0.617788 0.599335 0.051603 0.024240
0 0.563301 0.598622 0.052885 0.024715
0 0.827564 0.572125 0.047436 0.023527
0 0.777564 0.570699 0.048077 0.024002
0 0.777404 0.599335 0.050962 0.024240
0 0.725000 0.573313 0.055769 0.023527
0 0.616186 0.574263 0.051603 0.024002
0 0.561538 0.573075 0.052564 0.024002
0 0.512660 0.590542 0.041987 0.040875
0 0.468109 0.589948 0.043269 0.040637
0 0.421795 0.589354 0.041667 0.039449
0 0.369231 0.588760 0.049359 0.040637
0 0.669231 0.575095 0.051282 0.023289
0 0.264263 0.589354 0.046474 0.041825
0 0.831090 0.597671 0.048077 0.022814
0 0.929487 0.588165 0.047436 0.008555
0 0.411058 0.649240 0.052244 0.034696
0 0.358333 0.647933 0.047436 0.036835
0 0.306891 0.648527 0.050962 0.040875
0 0.254167 0.689639 0.049359 0.041350
0 0.200801 0.688688 0.052244 0.046578
0 0.248718 0.647457 0.048077 0.033508
0 0.921474 0.575927 0.051282 0.010219
0 0.196314 0.647101 0.049679 0.035171
0 0.076282 0.680608 0.055769 0.053707
0 0.021635 0.690708 0.043269 0.038260
0 0.138301 0.641516 0.056731 0.024002
0 0.077404 0.639971 0.061218 0.023289
0 0.022917 0.652210 0.045833 0.031131
0 0.947115 0.602305 0.060256 0.012595
0 0.138301 0.682391 0.056731 0.054420
0 0.787500 0.231939 0.055128 0.025190
0 0.603526 0.852780 0.055769 0.037785
0 0.223558 0.892704 0.068910 0.034933
0 0.092147 0.388783 0.061218 0.028042
0 0.152404 0.361692 0.059295 0.022338
0 0.207051 0.333888 0.051923 0.029943
0 0.259455 0.333769 0.049679 0.027329
0 0.311218 0.336145 0.050000 0.025428
0 0.362179 0.337690 0.048077 0.024715
0 0.414263 0.338284 0.052244 0.026854
0 0.463782 0.338284 0.048077 0.025903
0 0.457212 0.439520 0.050962 0.027329
0 0.406571 0.439995 0.043269 0.026378
0 0.358814 0.440352 0.048397 0.025665
0 0.307051 0.439520 0.051282 0.025428
0 0.254006 0.438332 0.049038 0.024952
0 0.201282 0.439758 0.046795 0.023527
0 0.152564 0.492633 0.052564 0.026141
0 0.091667 0.494059 0.057051 0.028517
0 0.032532 0.486811 0.055449 0.040637
0 0.510897 0.496673 0.048077 0.024715
0 0.562340 0.496792 0.050962 0.023051
0 0.616026 0.496911 0.048077 0.022814
0 0.669231 0.496317 0.051282 0.021625
0 0.722756 0.496317 0.048077 0.024002
0 0.777083 0.496554 0.053526 0.023527
0 0.029968 0.388427 0.059936 0.028755
0 0.829487 0.495960 0.048077 0.025665
0 0.616987 0.444748 0.053205 0.024002
0 0.098878 0.542063 0.058654 0.024240
0 0.030288 0.587690 0.047756 0.040875
0 0.091346 0.568916 0.056410 0.027567
0 0.891987 0.395556 0.047436 0.023527
0 0.034295 0.443798 0.055769 0.038736
0 0.031090 0.545865 0.055769 0.038973
0 0.029167 0.361573 0.058333 0.023051
0 0.029167 0.335195 0.058333 0.025428
0 0.894231 0.286122 0.051923 0.020913
0 0.732212 0.260694 0.050962 0.029943
0 0.675321 0.264140 0.053846 0.025903
0 0.618750 0.265209 0.053526 0.024240
0 0.563141 0.264615 0.055769 0.025428
0 0.513141 0.262952 0.042949 0.023051
0 0.462660 0.258199 0.049038 0.024952
0 0.785897 0.261526 0.051923 0.025903
0 0.409295 0.257605 0.048718 0.024240
0 0.316987 0.255703 0.028846 0.025665
0 0.290545 0.256060 0.021474 0.025428
0 0.253045 0.255228 0.050321 0.026141
0 0.199679 0.254872 0.053205 0.024952
0 0.141827 0.254753 0.060577 0.022814
0 0.894391 0.234197 0.052244 0.025428
0 0.357532 0.257486 0.052244 0.028279
0 0.460256 0.496554 0.050641 0.023527
0 0.841346 0.261763 0.049359 0.024952
0 0.140224 0.281488 0.057372 0.025903
0 0.841346 0.288142 0.052564 0.023051
0 0.788782 0.287666 0.047436 0.024002
0 0.732853 0.288736 0.055449 0.024240
0 0.674679 0.289330 0.055769 0.022101
0 0.619231 0.288379 0.051282 0.022576
0 0.563301 0.288498 0.056090 0.019962
0 0.895032 0.260694 0.053526 0.025190
0 0.512821 0.288142 0.042308 0.022101
0 0.307212 0.791587 0.048397 0.040399
0 0.360737 0.286240 0.049038 0.024477
0 0.318109 0.283626 0.031090 0.023051
0 0.292147 0.284102 0.018269 0.026378
0 0.254647 0.283983 0.050321 0.026141
0 0.201603 0.282795 0.050641 0.024240
0 0.464423 0.286478 0.049359 0.026378
0 0.658173 0.853018 0.048397 0.039211
0 0.410897 0.496317 0.045513 0.024002
0 0.307051 0.494772 0.048077 0.025665
0 0.895032 0.368346 0.056731 0.025665
0 0.841346 0.368940 0.046154 0.025428
0 0.787821 0.368227 0.048718 0.023527
0 0.734455 0.367752 0.049038 0.025903
0 0.892949 0.340067 0.045513 0.029468
0 0.839263 0.341017 0.048397 0.027567
0 0.788782 0.340304 0.050641 0.026616
0 0.733974 0.341017 0.051282 0.025190
0 0.678526 0.370366 0.057051 0.024477
0 0.624519 0.370722 0.049038 0.024240
0 0.568269 0.371792 0.056410 0.021625
0 0.515545 0.372148 0.041346 0.019962
0 0.467468 0.367158 0.049038 0.025665
0 0.414583 0.366207 0.049679 0.027567
0 0.361218 0.364187 0.053205 0.024477
0 0.706250 0.906250 0.044551 0.011644
0 0.706891 0.895794 0.045833 0.009743
0 0.287660 0.890209 0.054808 0.039924
0 0.344712 0.893655 0.045833 0.039211
0 0.392628 0.891635 0.044872 0.039449
0 0.442788 0.880703 0.047756 0.018061
0 0.494551 0.878565 0.048077 0.024715
0 0.444712 0.903755 0.048397 0.023289
0 0.152083 0.389377 0.054808 0.025903
0 0.493750 0.904587 0.046474 0.023051
0 0.601923 0.893893 0.052564 0.039686
0 0.655128 0.894249 0.051923 0.038973
0 0.704487 0.849335 0.037821 0.010456
0 0.708013 0.862048 0.041667 0.009268
0 0.704968 0.873455 0.041987 0.010694
0 0.705609 0.884862 0.044551 0.009743
0 0.548397 0.894368 0.048718 0.040637
0 0.359135 0.495604 0.052244 0.027804
0 0.208173 0.389853 0.054167 0.023527
0 0.311699 0.390803 0.050962 0.024002
0 0.309135 0.467087 0.049038 0.025428
0 0.360577 0.467562 0.048718 0.024002
0 0.409615 0.469582 0.049359 0.028042
0 0.459455 0.468750 0.045833 0.028755
0 0.508814 0.468037 0.050321 0.027329
0 0.562179 0.470176 0.053846 0.023527
0 0.258814 0.465898 0.051603 0.024952
0 0.618429 0.471126 0.052885 0.024002
0 0.724679 0.470176 0.048718 0.024477
0 0.776282 0.469938 0.051923 0.026378
0 0.829647 0.469225 0.048397 0.022576
0 0.943910 0.495722 0.060256 0.027567
0 0.206410 0.493821 0.050641 0.026141
0 0.255769 0.494297 0.045513 0.025665
0 0.671154 0.471483 0.048718 0.023289
0 0.261378 0.391754 0.047115 0.025903
0 0.205128 0.465898 0.051282 0.025428
0 0.771314 0.441302 0.045192 0.024240
0 0.363942 0.391991 0.051603 0.024002
0 0.417468 0.392467 0.049038 0.023051
0 0.466026 0.393417 0.046154 0.024477
0 0.513622 0.394011 0.043910 0.022338
0 0.566026 0.394249 0.051923 0.020913
0 0.620673 0.394606 0.050962 0.021150
0 0.827404 0.441778 0.056731 0.025190
0 0.675481 0.394843 0.057372 0.022101
0 0.789583 0.394487 0.045833 0.023764
0 0.841346 0.394724 0.046154 0.025665
0 0.569712 0.446649 0.036218 0.020200
0 0.723558 0.442609 0.049679 0.025903
0 0.670673 0.445580 0.050962 0.023289
0 0.735897 0.396031 0.055128 0.025903
0 0.521314 0.439163 0.052885 0.024715
