0 0.277165 0.373621 0.036356 0.102022
0 0.418709 0.374847 0.039216 0.104473
0 0.375613 0.374387 0.040441 0.104779
0 0.318832 0.375153 0.040441 0.105086
0 0.236111 0.373621 0.035948 0.106311
0 0.906863 0.527267 0.038399 0.042892
0 0.111520 0.372089 0.053105 0.103248
0 0.040645 0.367341 0.060049 0.114583
0 0.017770 0.244792 0.035539 0.073529
0 0.068832 0.244638 0.057598 0.071385
0 0.131332 0.245098 0.060049 0.074755
0 0.191789 0.373621 0.046977 0.106311
0 0.516748 0.376685 0.042484 0.100184
0 0.860294 0.528033 0.047386 0.045650
0 0.604984 0.376838 0.049020 0.101716
0 0.797998 0.373621 0.053513 0.103860
0 0.844771 0.381281 0.035948 0.088542
0 0.891544 0.371936 0.050245 0.107230
0 0.940564 0.377604 0.041258 0.094669
0 0.982026 0.369026 0.035948 0.109375
0 0.763480 0.532935 0.035131 0.034007
0 0.809436 0.533088 0.042075 0.034314
0 0.766748 0.485754 0.038399 0.032782
0 0.813317 0.487745 0.041667 0.036765
0 0.863766 0.477328 0.048611 0.043505
0 0.204044 0.243566 0.036356 0.075368
0 0.559641 0.383425 0.037582 0.089767
0 0.314747 0.238205 0.038807 0.084252
0 0.768791 0.067402 0.045752 0.109069
0 0.392974 0.222273 0.046569 0.116115
0 0.022876 0.075368 0.034314 0.108456
0 0.056985 0.090839 0.032271 0.075674
0 0.092116 0.071232 0.033905 0.109988
0 0.160743 0.064185 0.041258 0.124081
0 0.198734 0.062806 0.032271 0.125000
0 0.237949 0.064338 0.042892 0.122549
0 0.344158 0.062194 0.037173 0.123775
0 0.382966 0.063266 0.035539 0.122243
0 0.422386 0.087010 0.037582 0.074142
0 0.463440 0.105699 0.040441 0.037377
0 0.535743 0.068781 0.037990 0.113051
0 0.611928 0.069547 0.046569 0.109069
0 0.662990 0.063879 0.054739 0.117341
0 0.718137 0.061428 0.052288 0.121017
0 0.821078 0.061428 0.053922 0.119179
0 0.875204 0.062040 0.051879 0.115502
0 0.980596 0.067249 0.038807 0.107537
0 0.940972 0.228248 0.053513 0.097426
0 0.984477 0.228094 0.029412 0.101409
0 0.830882 0.226103 0.056373 0.104167
0 0.779208 0.230699 0.041258 0.098039
0 0.724877 0.228860 0.050245 0.102941
0 0.669322 0.231771 0.048611 0.100184
0 0.577614 0.231464 0.048203 0.099571
0 0.476103 0.222426 0.058415 0.121936
0 0.351716 0.222273 0.035131 0.115502
0 0.959763 0.522365 0.054330 0.042892
0 0.650940 0.545803 0.039624 0.021752
0 0.914624 0.470282 0.047386 0.040441
0 0.963235 0.630055 0.052288 0.103248
0 0.915033 0.627298 0.044118 0.097733
0 0.871732 0.638787 0.036765 0.072917
0 0.829861 0.645833 0.032271 0.066789
0 0.793709 0.645527 0.033497 0.063725
0 0.757353 0.668352 0.034314 0.015625
0 0.897059 0.810662 0.056373 0.060049
0 0.757149 0.648284 0.033905 0.022059
0 0.710580 0.638021 0.031454 0.023591
0 0.670343 0.644914 0.032680 0.020221
0 0.676266 0.663756 0.033088 0.018689
0 0.585376 0.619945 0.035948 0.008272
0 0.591095 0.628064 0.041667 0.009191
0 0.586601 0.607230 0.038399 0.014706
0 0.716912 0.663909 0.038399 0.020221
0 0.972018 0.796875 0.050245 0.086397
0 0.762051 0.802696 0.071487 0.067402
0 0.687500 0.799479 0.070261 0.071998
0 0.966095 0.478707 0.052288 0.038297
0 0.008987 0.796415 0.017974 0.064032
0 0.055556 0.793964 0.035948 0.073836
0 0.086397 0.787684 0.022467 0.089461
0 0.115605 0.792126 0.031863 0.086703
0 0.147467 0.787837 0.027778 0.093444
0 0.181168 0.787224 0.031454 0.094056
0 0.211397 0.784620 0.029820 0.095588
0 0.245915 0.783548 0.034314 0.089154
0 0.285539 0.787224 0.029412 0.086091
0 0.322304 0.783088 0.035131 0.090686
0 0.360294 0.785539 0.035131 0.091299
0 0.402982 0.788603 0.037990 0.088848
0 0.440155 0.788909 0.031454 0.088848
0 0.478145 0.792892 0.034722 0.082721
0 0.628881 0.647212 0.037990 0.017463
0 0.636234 0.666667 0.037990 0.014706
0 0.508783 0.790441 0.027369 0.090074
0 0.584355 0.650582 0.038807 0.017463
0 0.160335 0.504902 0.038807 0.090074
0 0.201797 0.495864 0.043301 0.108762
0 0.246119 0.496017 0.042892 0.109681
0 0.288603 0.506893 0.039624 0.090380
0 0.374183 0.511642 0.035948 0.080882
0 0.416667 0.491728 0.044118 0.102328
0 0.124183 0.504749 0.031863 0.090380
0 0.495507 0.507659 0.025327 0.087623
0 0.651144 0.499847 0.036765 0.069547
0 0.649510 0.452512 0.039216 0.022059
0 0.608047 0.496170 0.041258 0.077512
0 0.607230 0.546415 0.045343 0.024203
0 0.594158 0.666360 0.042075 0.013480
0 0.693015 0.538143 0.038807 0.029718
0 0.529003 0.503523 0.039216 0.094669
0 0.078636 0.534467 0.051879 0.028493
0 0.460376 0.491881 0.039216 0.103248
0 0.078636 0.477788 0.049428 0.027267
0 0.421773 0.632047 0.025735 0.083333
0 0.077819 0.505515 0.056781 0.025123
0 0.384191 0.597273 0.043709 0.053615
0 0.375408 0.648897 0.045752 0.041667
0 0.329044 0.632966 0.032271 0.077819
0 0.247345 0.625613 0.042075 0.092525
0 0.206291 0.625306 0.035948 0.093750
0 0.291871 0.631587 0.034722 0.082414
0 0.452002 0.632200 0.032271 0.081801
0 0.127247 0.623621 0.039624 0.092218
0 0.092320 0.630974 0.028595 0.077512
0 0.057394 0.622855 0.035539 0.096814
0 0.019608 0.621936 0.033497 0.095588
0 0.025327 0.464154 0.048203 0.054534
0 0.167892 0.625000 0.035948 0.089461
0 0.026348 0.518536 0.050245 0.054228
