0 0.379464 0.372272 0.086310 0.046131
0 0.293816 0.371156 0.081680 0.040923
0 0.453208 0.323537 0.067791 0.049851
0 0.377646 0.322917 0.082672 0.048611
0 0.291005 0.322297 0.091270 0.047371
0 0.016700 0.252852 0.033399 0.044891
0 0.066634 0.250868 0.067791 0.046875
0 0.053737 0.202629 0.072421 0.045635
0 0.134259 0.252480 0.067460 0.044147
0 0.126653 0.204241 0.068122 0.046379
0 0.200231 0.256448 0.052579 0.040675
0 0.199405 0.209449 0.070106 0.044891
0 0.282738 0.253968 0.085979 0.047123
0 0.281746 0.203125 0.087963 0.046627
0 0.370701 0.255208 0.084656 0.046627
0 0.453208 0.372272 0.055886 0.043155
0 0.450231 0.255456 0.065807 0.047123
0 0.557374 0.305308 0.059854 0.036706
0 0.681052 0.306424 0.063823 0.032986
0 0.982143 0.479167 0.035714 0.048115
0 0.981978 0.443452 0.035384 0.020337
0 0.976356 0.420883 0.047288 0.018353
0 0.962632 0.371280 0.074074 0.052579
0 0.843585 0.371156 0.148810 0.055308
0 0.890708 0.331101 0.165675 0.021825
0 0.733466 0.379092 0.064153 0.039435
0 0.668981 0.377852 0.062831 0.036954
0 0.606812 0.376984 0.054233 0.035218
0 0.548446 0.379588 0.049272 0.031498
0 0.730324 0.341642 0.065807 0.033978
0 0.667824 0.341146 0.060516 0.032986
0 0.600529 0.342262 0.060847 0.035218
0 0.546462 0.342882 0.045304 0.036458
0 0.743386 0.306796 0.060847 0.033730
0 0.618552 0.305556 0.062500 0.037202
0 0.372851 0.204117 0.084987 0.046131
0 0.449735 0.204985 0.064815 0.044891
0 0.543816 0.259797 0.047950 0.038442
0 0.649802 0.087674 0.078042 0.044891
0 0.567460 0.134673 0.087302 0.043155
0 0.563161 0.087674 0.082672 0.044891
0 0.414352 0.128968 0.055556 0.052083
0 0.347388 0.125868 0.057209 0.048859
0 0.289187 0.126860 0.056548 0.050843
0 0.233962 0.126240 0.054563 0.052579
0 0.416336 0.070437 0.055556 0.051091
0 0.350198 0.071057 0.058862 0.052331
0 0.291832 0.070437 0.053902 0.051091
0 0.231481 0.072049 0.056878 0.051339
0 0.170966 0.124008 0.071429 0.051091
0 0.101025 0.123388 0.066468 0.052331
0 0.161872 0.063988 0.072421 0.055556
0 0.087467 0.063616 0.070437 0.057788
0 0.651620 0.135293 0.078373 0.044395
0 0.725033 0.090030 0.070437 0.043651
0 0.733631 0.135665 0.079696 0.045139
0 0.807209 0.089162 0.087963 0.041915
0 0.602017 0.260665 0.063823 0.040179
0 0.546792 0.218130 0.057870 0.041915
0 0.608631 0.220610 0.061839 0.038442
0 0.679894 0.259425 0.084656 0.037698
0 0.685847 0.222098 0.084656 0.038442
0 0.772652 0.260169 0.084325 0.039187
0 0.774140 0.222098 0.087302 0.035466
0 0.906746 0.461558 0.101190 0.076885
0 0.863095 0.262029 0.091270 0.036954
0 0.954861 0.265377 0.089616 0.038194
0 0.957837 0.223958 0.083664 0.036210
0 0.968585 0.140377 0.062831 0.043155
0 0.970403 0.097098 0.058532 0.040427
0 0.896329 0.141121 0.073082 0.044643
0 0.896164 0.097098 0.083995 0.043403
0 0.815972 0.137525 0.078373 0.045883
0 0.865245 0.222098 0.095569 0.038442
0 0.023975 0.063368 0.047950 0.057292
0 0.797288 0.462302 0.110450 0.072421
0 0.555225 0.438368 0.074735 0.044891
0 0.044974 0.767733 0.089947 0.031002
0 0.065807 0.701389 0.070106 0.034722
0 0.062996 0.655630 0.071759 0.047371
0 0.147321 0.698537 0.089616 0.034970
0 0.144511 0.655878 0.087963 0.044891
0 0.229828 0.652406 0.080688 0.046875
0 0.233962 0.697173 0.081680 0.034722
0 0.302910 0.697545 0.052910 0.035466
0 0.298115 0.652654 0.055225 0.047371
0 0.355985 0.694568 0.051257 0.038442
0 0.353671 0.650918 0.053902 0.043899
0 0.407077 0.693824 0.048942 0.042907
0 0.407407 0.648189 0.049603 0.046875
0 0.460979 0.693948 0.052249 0.043155
0 0.461640 0.647693 0.049603 0.045883
0 0.152116 0.765749 0.107143 0.035962
0 0.563988 0.676215 0.077050 0.074157
0 0.148810 0.735863 0.096561 0.019345
0 0.129960 0.802331 0.097884 0.027778
0 0.867229 0.839286 0.176918 0.046627
0 0.867725 0.786086 0.177910 0.053323
0 0.678571 0.843130 0.185847 0.042907
0 0.679067 0.794395 0.194775 0.052579
0 0.641534 0.752728 0.217593 0.024306
0 0.548611 0.829737 0.053571 0.071181
0 0.437169 0.843254 0.109127 0.019841
0 0.334821 0.851066 0.093585 0.024058
0 0.233466 0.852307 0.103836 0.023562
0 0.127315 0.853299 0.103836 0.022569
0 0.037037 0.851562 0.074074 0.025050
0 0.431548 0.798239 0.101852 0.036954
0 0.330026 0.797991 0.091931 0.033482
0 0.349206 0.724826 0.091931 0.017609
0 0.229663 0.797991 0.100198 0.031002
0 0.039352 0.801959 0.078704 0.030010
0 0.658730 0.678819 0.107804 0.070437
0 0.776951 0.681300 0.108796 0.066964
0 0.871197 0.691964 0.069114 0.039187
0 0.046627 0.547371 0.093254 0.051091
0 0.065642 0.483011 0.131283 0.049851
0 0.189980 0.481895 0.117394 0.050595
0 0.061177 0.425719 0.122354 0.060268
0 0.187996 0.427703 0.120701 0.052331
0 0.278604 0.487723 0.058532 0.041915
0 0.279597 0.438988 0.056548 0.046131
0 0.337467 0.487227 0.056548 0.040923
0 0.339451 0.438740 0.060516 0.048611
0 0.397156 0.485863 0.056217 0.044147
0 0.398975 0.437624 0.055886 0.046379
0 0.455688 0.485863 0.053571 0.044147
0 0.458664 0.437624 0.055556 0.043403
0 0.559358 0.485615 0.086971 0.037698
0 0.655258 0.484995 0.100860 0.042411
0 0.182374 0.546627 0.159722 0.052579
0 0.049769 0.593130 0.099537 0.035466
0 0.186508 0.594990 0.156746 0.039187
0 0.306548 0.574033 0.072090 0.078621
0 0.944444 0.693700 0.068783 0.036706
0 0.874504 0.651042 0.079696 0.041171
0 0.955522 0.649802 0.067791 0.044643
0 0.942130 0.590278 0.102513 0.041667
0 0.932870 0.544643 0.111111 0.043155
0 0.842923 0.595114 0.066799 0.036458
0 0.770337 0.595734 0.075728 0.037698
0 0.651124 0.438988 0.104497 0.046131
0 0.692460 0.596478 0.074735 0.036210
0 0.548280 0.592386 0.056878 0.039931
0 0.824570 0.553323 0.080357 0.045635
0 0.703869 0.554688 0.066468 0.042907
0 0.629795 0.547371 0.065146 0.051091
0 0.554563 0.545635 0.073413 0.045139
0 0.445933 0.572669 0.068452 0.081349
0 0.378307 0.573413 0.068783 0.074405
0 0.618882 0.596354 0.066468 0.038938
0 0.033069 0.123264 0.066138 0.052083
