0 0.440359 0.804688 0.014706 0.105086
0 0.036969 0.123468 0.020016 0.116422
0 0.647263 0.641697 0.038807 0.121017
0 0.694853 0.634957 0.017974 0.113664
0 0.714665 0.636336 0.018382 0.107230
0 0.776348 0.653339 0.022467 0.115502
0 0.800041 0.657475 0.023284 0.106005
0 0.830882 0.655025 0.022876 0.098652
0 0.851920 0.654718 0.022467 0.109681
0 0.910335 0.641697 0.050245 0.121017
0 0.951593 0.643842 0.036356 0.102022
0 0.992647 0.489583 0.013889 0.103554
0 0.976920 0.488971 0.017565 0.105392
0 0.905229 0.473039 0.017157 0.111520
0 0.926675 0.474418 0.021650 0.111213
0 0.869077 0.486673 0.020016 0.112439
0 0.573121 0.635876 0.029412 0.121017
0 0.842116 0.516544 0.026552 0.044730
0 0.854167 0.449142 0.019608 0.031863
0 0.788603 0.477635 0.035539 0.129289
0 0.726920 0.472426 0.035539 0.118873
0 0.672794 0.481158 0.017157 0.113051
0 0.655433 0.482230 0.015931 0.109681
0 0.596201 0.482690 0.037173 0.121630
0 0.529412 0.488051 0.038399 0.115196
0 0.480596 0.483456 0.022467 0.109069
0 0.462214 0.483456 0.015931 0.112132
0 0.421569 0.462010 0.016340 0.106618
0 0.405842 0.464920 0.011846 0.100797
0 0.348243 0.458027 0.039624 0.142157
0 0.265727 0.475950 0.021650 0.111213
0 0.288194 0.472426 0.024101 0.107230
0 0.846405 0.480239 0.019608 0.027267
0 0.531046 0.638021 0.026144 0.113664
0 0.510621 0.640931 0.016340 0.116422
0 0.469158 0.645987 0.018382 0.112439
0 0.427696 0.804075 0.013072 0.109375
0 0.414216 0.802696 0.017157 0.106618
0 0.363562 0.845435 0.027778 0.134498
0 0.338031 0.843750 0.023284 0.131127
0 0.315768 0.842831 0.017157 0.129289
0 0.297181 0.841759 0.018382 0.132659
0 0.237132 0.830729 0.022467 0.125306
0 0.210989 0.833333 0.024918 0.121936
0 0.191585 0.832721 0.016340 0.117647
0 0.169526 0.835478 0.026144 0.117034
0 0.099673 0.833027 0.033497 0.121324
0 0.064134 0.832721 0.031863 0.120711
0 0.036152 0.833640 0.022467 0.110907
0 0.010417 0.837929 0.017565 0.115196
0 0.039420 0.634191 0.024918 0.117647
0 0.067198 0.640012 0.022467 0.114583
0 0.103758 0.647518 0.013889 0.106924
0 0.452206 0.649203 0.019608 0.110294
0 0.416258 0.633578 0.024510 0.110907
0 0.395016 0.637408 0.017157 0.109375
0 0.369894 0.655484 0.020833 0.113664
0 0.346201 0.654565 0.020016 0.111826
0 0.295956 0.656556 0.020016 0.110294
0 0.204044 0.465227 0.021650 0.113051
0 0.281454 0.655944 0.013889 0.106005
0 0.245711 0.657935 0.024101 0.109988
0 0.228350 0.663450 0.012255 0.089154
0 0.212214 0.658548 0.018382 0.108150
0 0.180147 0.632659 0.023693 0.109069
0 0.158905 0.632966 0.016340 0.109681
0 0.122753 0.648897 0.021650 0.109681
0 0.267157 0.654718 0.016340 0.109681
0 0.013889 0.113817 0.026144 0.134498
0 0.232843 0.459712 0.028595 0.110600
0 0.179330 0.462316 0.022059 0.115809
0 0.526961 0.808977 0.014706 0.102022
0 0.540441 0.809589 0.013889 0.106311
0 0.555760 0.810202 0.014297 0.109988
0 0.569444 0.811581 0.013889 0.107230
0 0.584355 0.816330 0.016748 0.113664
0 0.655025 0.823376 0.023284 0.113664
0 0.680147 0.823683 0.026961 0.111213
0 0.704453 0.825827 0.021650 0.112439
0 0.726103 0.831342 0.018382 0.123468
0 0.746732 0.824295 0.024510 0.109375
0 0.810049 0.815564 0.023693 0.098039
0 0.456087 0.802390 0.011846 0.106005
0 0.856005 0.816176 0.023284 0.099265
0 0.878472 0.817862 0.021650 0.102635
0 0.624183 0.138021 0.019608 0.125306
0 0.901348 0.818781 0.021650 0.103248
0 0.987132 0.836244 0.022467 0.104473
0 0.606413 0.136336 0.018382 0.118873
0 0.564951 0.130362 0.017157 0.121630
0 0.546773 0.129596 0.019199 0.128676
0 0.500204 0.122549 0.010212 0.117034
0 0.488971 0.125460 0.011438 0.120404
0 0.429126 0.122396 0.050245 0.134498
0 0.348243 0.118260 0.015931 0.123775
0 0.368260 0.118413 0.021650 0.124081
0 0.285539 0.112439 0.022059 0.122549
0 0.309845 0.113358 0.022467 0.122549
0 0.227328 0.111826 0.052696 0.139706
0 0.139706 0.107077 0.043301 0.124081
0 0.087010 0.103401 0.046569 0.143076
0 0.962418 0.836244 0.026961 0.101409
0 0.676062 0.147059 0.026144 0.128676
0 0.740809 0.135723 0.040441 0.126225
0 0.797386 0.136489 0.029412 0.130821
0 0.121732 0.454963 0.017974 0.117647
0 0.105801 0.455882 0.017974 0.117647
0 0.059436 0.468137 0.019199 0.120711
0 0.033088 0.467678 0.027778 0.123468
0 0.027165 0.284620 0.038807 0.140319
0 0.084559 0.284314 0.045752 0.131127
0 0.155433 0.283241 0.036356 0.131434
0 0.217729 0.288297 0.040850 0.139093
0 0.470997 0.801624 0.014706 0.102022
0 0.288603 0.310662 0.020833 0.120098
0 0.265523 0.293045 0.024510 0.133885
0 0.341912 0.304075 0.015523 0.115502
0 0.360907 0.301317 0.022467 0.113051
0 0.404412 0.297641 0.027778 0.134498
0 0.466299 0.287837 0.036356 0.138174
0 0.530637 0.302083 0.017974 0.120098
0 0.547998 0.301624 0.017565 0.113664
0 0.844158 0.136795 0.033905 0.143076
0 0.915237 0.138021 0.017565 0.110600
0 0.931781 0.136489 0.016340 0.113664
0 0.975286 0.136183 0.049428 0.124694
0 0.993668 0.320925 0.012663 0.114277
0 0.978962 0.315104 0.017565 0.105699
0 0.159926 0.463388 0.018382 0.112439
0 0.916054 0.309589 0.023284 0.111826
0 0.818219 0.301777 0.024510 0.119485
0 0.847835 0.317708 0.022467 0.116422
0 0.748979 0.302237 0.033088 0.123468
0 0.681781 0.303768 0.037582 0.123468
0 0.615196 0.308364 0.013072 0.112439
0 0.597631 0.309743 0.016340 0.118260
0 0.892770 0.308670 0.019199 0.104473
0 0.834763 0.816483 0.019199 0.099877
